19.76 0.0 9.81 16.03 12.71 11.06 16.03 13.34 11.68 16.45 13.54 12.09 16.03 13.54 12.3 18.31 14.99 13.13 19.97 17.48 14.79 21.63 13.83 11.54 13.42 14.46 11.96 12.58 14.46 12.17 13.83 14.25 12.38 14.25 15.71 13.63 15.92 17.37 15.5 18.0 20.08 17.37 10.84 11.68 16.45 12.51 12.71 16.66 12.71 12.92 16.66 13.34 14.58 17.9 14.17 15.0 19.77 16.03 16.87 21.85 18.11 17.9 
16.24 0.0 16.03 12.71 11.06 16.03 13.34 11.68 16.45 13.54 12.09 16.03 13.54 12.3 18.31 14.99 13.13 19.97 17.48 14.79 21.63 19.76 11.54 13.42 14.46 11.96 12.58 14.46 12.17 13.83 14.25 12.38 14.25 15.71 13.63 15.92 17.37 15.5 18.0 20.08 17.37 19.04 11.68 16.45 12.51 12.71 16.66 12.71 12.92 16.66 13.34 14.58 17.9 14.17 15.0 19.77 16.03 16.87 21.85 18.11 17.9 23.92 
22.46 0.0 12.71 11.06 16.03 13.34 11.68 16.45 13.54 12.09 16.03 13.54 12.3 18.31 14.99 13.13 19.97 17.48 14.79 21.63 19.76 16.24 13.42 14.46 11.96 12.58 14.46 12.17 13.83 14.25 12.38 14.25 15.71 13.63 15.92 17.37 15.5 18.0 20.08 17.37 19.04 22.58 16.45 12.51 12.71 16.66 12.71 12.92 16.66 13.34 14.58 17.9 14.17 15.0 19.77 16.03 16.87 21.85 18.11 17.9 23.92 19.77 
21.01 0.0 11.06 16.03 13.34 11.68 16.45 13.54 12.09 16.03 13.54 12.3 18.31 14.99 13.13 19.97 17.48 14.79 21.63 19.76 16.24 22.46 14.46 11.96 12.58 14.46 12.17 13.83 14.25 12.38 14.25 15.71 13.63 15.92 17.37 15.5 18.0 20.08 17.37 19.04 22.58 19.04 12.51 12.71 16.66 12.71 12.92 16.66 13.34 14.58 17.9 14.17 15.0 19.77 16.03 16.87 21.85 18.11 17.9 23.92 19.77 17.7 
16.86 0.0 16.03 13.34 11.68 16.45 13.54 12.09 16.03 13.54 12.3 18.31 14.99 13.13 19.97 17.48 14.79 21.63 19.76 16.24 22.46 21.01 11.96 12.58 14.46 12.17 13.83 14.25 12.38 14.25 15.71 13.63 15.92 17.37 15.5 18.0 20.08 17.37 19.04 22.58 19.04 18.83 12.71 16.66 12.71 12.92 16.66 13.34 14.58 17.9 14.17 15.0 19.77 16.03 16.87 21.85 18.11 17.9 23.92 19.77 17.7 24.55 
21.42 0.0 13.34 11.68 16.45 13.54 12.09 16.03 13.54 12.3 18.31 14.99 13.13 19.97 17.48 14.79 21.63 19.76 16.24 22.46 21.01 16.86 12.58 14.46 12.17 13.83 14.25 12.38 14.25 15.71 13.63 15.92 17.37 15.5 18.0 20.08 17.37 19.04 22.58 19.04 18.83 24.04 16.66 12.71 12.92 16.66 13.34 14.58 17.9 14.17 15.0 19.77 16.03 16.87 21.85 18.11 17.9 23.92 19.77 17.7 24.55 20.39 
21.42 0.0 11.68 16.45 13.54 12.09 16.03 13.54 12.3 18.31 14.99 13.13 19.97 17.48 14.79 21.63 19.76 16.24 22.46 21.01 16.86 21.42 14.46 12.17 13.83 14.25 12.38 14.25 15.71 13.63 15.92 17.37 15.5 18.0 20.08 17.37 19.04 22.58 19.04 18.83 24.04 20.08 12.71 12.92 16.66 13.34 14.58 17.9 14.17 15.0 19.77 16.03 16.87 21.85 18.11 17.9 23.92 19.77 17.7 24.55 20.39 17.07 
17.07 0.0 16.45 13.54 12.09 16.03 13.54 12.3 18.31 14.99 13.13 19.97 17.48 14.79 21.63 19.76 16.24 22.46 21.01 16.86 21.42 21.42 12.17 13.83 14.25 12.38 14.25 15.71 13.63 15.92 17.37 15.5 18.0 20.08 17.37 19.04 22.58 19.04 18.83 24.04 20.08 18.21 12.92 16.66 13.34 14.58 17.9 14.17 15.0 19.77 16.03 16.87 21.85 18.11 17.9 23.92 19.77 17.7 24.55 20.39 17.07 23.09 
19.35 0.0 13.54 12.09 16.03 13.54 12.3 18.31 14.99 13.13 19.97 17.48 14.79 21.63 19.76 16.24 22.46 21.01 16.86 21.42 21.42 17.07 13.83 14.25 12.38 14.25 15.71 13.63 15.92 17.37 15.5 18.0 20.08 17.37 19.04 22.58 19.04 18.83 24.04 20.08 18.21 23.83 16.66 13.34 14.58 17.9 14.17 15.0 19.77 16.03 16.87 21.85 18.11 17.9 23.92 19.77 17.7 24.55 20.39 17.07 23.09 20.39 
21.84 0.0 12.09 16.03 13.54 12.3 18.31 14.99 13.13 19.97 17.48 14.79 21.63 19.76 16.24 22.46 21.01 16.86 21.42 21.42 17.07 19.35 14.25 12.38 14.25 15.71 13.63 15.92 17.37 15.5 18.0 20.08 17.37 19.04 22.58 19.04 18.83 24.04 20.08 18.21 23.83 20.08 13.34 14.58 17.9 14.17 15.0 19.77 16.03 16.87 21.85 18.11 17.9 23.92 19.77 17.7 24.55 20.39 17.07 23.09 20.39 16.45 
17.07 0.0 16.03 13.54 12.3 18.31 14.99 13.13 19.97 17.48 14.79 21.63 19.76 16.24 22.46 21.01 16.86 21.42 21.42 17.07 19.35 21.84 12.38 14.25 15.71 13.63 15.92 17.37 15.5 18.0 20.08 17.37 19.04 22.58 19.04 18.83 24.04 20.08 18.21 23.83 20.08 16.96 14.58 17.9 14.17 15.0 19.77 16.03 16.87 21.85 18.11 17.9 23.92 19.77 17.7 24.55 20.39 17.07 23.09 20.39 16.45 21.02 
16.86 0.0 13.54 12.3 18.31 14.99 13.13 19.97 17.48 14.79 21.63 19.76 16.24 22.46 21.01 16.86 21.42 21.42 17.07 19.35 21.84 17.07 14.25 15.71 13.63 15.92 17.37 15.5 18.0 20.08 17.37 19.04 22.58 19.04 18.83 24.04 20.08 18.21 23.83 20.08 16.96 22.37 17.9 14.17 15.0 19.77 16.03 16.87 21.85 18.11 17.9 23.92 19.77 17.7 24.55 20.39 17.07 23.09 20.39 16.45 21.02 19.98 
21.42 0.0 12.3 18.31 14.99 13.13 19.97 17.48 14.79 21.63 19.76 16.24 22.46 21.01 16.86 21.42 21.42 17.07 19.35 21.84 17.07 16.86 15.71 13.63 15.92 17.37 15.5 18.0 20.08 17.37 19.04 22.58 19.04 18.83 24.04 20.08 18.21 23.83 20.08 16.96 22.37 20.29 14.17 15.0 19.77 16.03 16.87 21.85 18.11 17.9 23.92 19.77 17.7 24.55 20.39 17.07 23.09 20.39 16.45 21.02 19.98 16.24 
17.48 0.0 18.31 14.99 13.13 19.97 17.48 14.79 21.63 19.76 16.24 22.46 21.01 16.86 21.42 21.42 17.07 19.35 21.84 17.07 16.86 21.42 13.63 15.92 17.37 15.5 18.0 20.08 17.37 19.04 22.58 19.04 18.83 24.04 20.08 18.21 23.83 20.08 16.96 22.37 20.29 16.54 15.0 19.77 16.03 16.87 21.85 18.11 17.9 23.92 19.77 17.7 24.55 20.39 17.07 23.09 20.39 16.45 21.02 19.98 16.24 17.7 
15.2 0.0 14.99 13.13 19.97 17.48 14.79 21.63 19.76 16.24 22.46 21.01 16.86 21.42 21.42 17.07 19.35 21.84 17.07 16.86 21.42 17.48 15.92 17.37 15.5 18.0 20.08 17.37 19.04 22.58 19.04 18.83 24.04 20.08 18.21 23.83 20.08 16.96 22.37 20.29 16.54 21.12 19.77 16.03 16.87 21.85 18.11 17.9 23.92 19.77 17.7 24.55 20.39 17.07 23.09 20.39 16.45 21.02 19.98 16.24 17.7 19.77 
20.18 0.0 13.13 19.97 17.48 14.79 21.63 19.76 16.24 22.46 21.01 16.86 21.42 21.42 17.07 19.35 21.84 17.07 16.86 21.42 17.48 15.2 17.37 15.5 18.0 20.08 17.37 19.04 22.58 19.04 18.83 24.04 20.08 18.21 23.83 20.08 16.96 22.37 20.29 16.54 21.12 20.29 16.03 16.87 21.85 18.11 17.9 23.92 19.77 17.7 24.55 20.39 17.07 23.09 20.39 16.45 21.02 19.98 16.24 17.7 19.77 16.03 
16.86 0.0 19.97 17.48 14.79 21.63 19.76 16.24 22.46 21.01 16.86 21.42 21.42 17.07 19.35 21.84 17.07 16.86 21.42 17.48 15.2 20.18 15.5 18.0 20.08 17.37 19.04 22.58 19.04 18.83 24.04 20.08 18.21 23.83 20.08 16.96 22.37 20.29 16.54 21.12 20.29 16.75 16.87 21.85 18.11 17.9 23.92 19.77 17.7 24.55 20.39 17.07 23.09 20.39 16.45 21.02 19.98 16.24 17.7 19.77 16.03 15.41 
13.13 0.0 17.48 14.79 21.63 19.76 16.24 22.46 21.01 16.86 21.42 21.42 17.07 19.35 21.84 17.07 16.86 21.42 17.48 15.2 20.18 16.86 18.0 20.08 17.37 19.04 22.58 19.04 18.83 24.04 20.08 18.21 23.83 20.08 16.96 22.37 20.29 16.54 21.12 20.29 16.75 18.83 21.85 18.11 17.9 23.92 19.77 17.7 24.55 20.39 17.07 23.09 20.39 16.45 21.02 19.98 16.24 17.7 19.77 16.03 15.41 19.98 
10.43 0.0 14.79 21.63 19.76 16.24 22.46 21.01 16.86 21.42 21.42 17.07 19.35 21.84 17.07 16.86 21.42 17.48 15.2 20.18 16.86 13.13 20.08 17.37 19.04 22.58 19.04 18.83 24.04 20.08 18.21 23.83 20.08 16.96 22.37 20.29 16.54 21.12 20.29 16.75 18.83 19.87 18.11 17.9 23.92 19.77 17.7 24.55 20.39 17.07 23.09 20.39 16.45 21.02 19.98 16.24 17.7 19.77 16.03 15.41 19.98 16.45 
8.98 0.0 21.63 19.76 16.24 22.46 21.01 16.86 21.42 21.42 17.07 19.35 21.84 17.07 16.86 21.42 17.48 15.2 20.18 16.86 13.13 10.43 17.37 19.04 22.58 19.04 18.83 24.04 20.08 18.21 23.83 20.08 16.96 22.37 20.29 16.54 21.12 20.29 16.75 18.83 19.87 16.75 17.9 23.92 19.77 17.7 24.55 20.39 17.07 23.09 20.39 16.45 21.02 19.98 16.24 17.7 19.77 16.03 15.41 19.98 16.45 13.54 
7.12 0.0 19.76 16.24 22.46 21.01 16.86 21.42 21.42 17.07 19.35 21.84 17.07 16.86 21.42 17.48 15.2 20.18 16.86 13.13 10.43 8.98 19.04 22.58 19.04 18.83 24.04 20.08 18.21 23.83 20.08 16.96 22.37 20.29 16.54 21.12 20.29 16.75 18.83 19.87 16.75 13.42 23.92 19.77 17.7 24.55 20.39 17.07 23.09 20.39 16.45 21.02 19.98 16.24 17.7 19.77 16.03 15.41 19.98 16.45 13.54 11.47 
5.04 0.0 16.24 22.46 21.01 16.86 21.42 21.42 17.07 19.35 21.84 17.07 16.86 21.42 17.48 15.2 20.18 16.86 13.13 10.43 8.98 7.12 22.58 19.04 18.83 24.04 20.08 18.21 23.83 20.08 16.96 22.37 20.29 16.54 21.12 20.29 16.75 18.83 19.87 16.75 13.42 11.54 19.77 17.7 24.55 20.39 17.07 23.09 20.39 16.45 21.02 19.98 16.24 17.7 19.77 16.03 15.41 19.98 16.45 13.54 11.47 9.81 
4.01 0.0 22.46 21.01 16.86 21.42 21.42 17.07 19.35 21.84 17.07 16.86 21.42 17.48 15.2 20.18 16.86 13.13 10.43 8.98 7.12 5.04 19.04 18.83 24.04 20.08 18.21 23.83 20.08 16.96 22.37 20.29 16.54 21.12 20.29 16.75 18.83 19.87 16.75 13.42 11.54 9.88 17.7 24.55 20.39 17.07 23.09 20.39 16.45 21.02 19.98 16.24 17.7 19.77 16.03 15.41 19.98 16.45 13.54 11.47 9.81 7.94 
2.35 0.0 21.01 16.86 21.42 21.42 17.07 19.35 21.84 17.07 16.86 21.42 17.48 15.2 20.18 16.86 13.13 10.43 8.98 7.12 5.04 4.01 18.83 24.04 20.08 18.21 23.83 20.08 16.96 22.37 20.29 16.54 21.12 20.29 16.75 18.83 19.87 16.75 13.42 11.54 9.88 7.38 24.55 20.39 17.07 23.09 20.39 16.45 21.02 19.98 16.24 17.7 19.77 16.03 15.41 19.98 16.45 13.54 11.47 9.81 7.94 6.07 
0.48 0.0 16.86 21.42 21.42 17.07 19.35 21.84 17.07 16.86 21.42 17.48 15.2 20.18 16.86 13.13 10.43 8.98 7.12 5.04 4.01 2.35 24.04 20.08 18.21 23.83 20.08 16.96 22.37 20.29 16.54 21.12 20.29 16.75 18.83 19.87 16.75 13.42 11.54 9.88 7.38 5.92 20.39 17.07 23.09 20.39 16.45 21.02 19.98 16.24 17.7 19.77 16.03 15.41 19.98 16.45 13.54 11.47 9.81 7.94 6.07 5.03 
-0.35 0.0 21.42 21.42 17.07 19.35 21.84 17.07 16.86 21.42 17.48 15.2 20.18 16.86 13.13 10.43 8.98 7.12 5.04 4.01 2.35 0.48 20.08 18.21 23.83 20.08 16.96 22.37 20.29 16.54 21.12 20.29 16.75 18.83 19.87 16.75 13.42 11.54 9.88 7.38 5.92 4.88 17.07 23.09 20.39 16.45 21.02 19.98 16.24 17.7 19.77 16.03 15.41 19.98 16.45 13.54 11.47 9.81 7.94 6.07 5.03 3.58 
-1.38 0.0 21.42 17.07 19.35 21.84 17.07 16.86 21.42 17.48 15.2 20.18 16.86 13.13 10.43 8.98 7.12 5.04 4.01 2.35 0.48 -0.35 18.21 23.83 20.08 16.96 22.37 20.29 16.54 21.12 20.29 16.75 18.83 19.87 16.75 13.42 11.54 9.88 7.38 5.92 4.88 2.79 23.09 20.39 16.45 21.02 19.98 16.24 17.7 19.77 16.03 15.41 19.98 16.45 13.54 11.47 9.81 7.94 6.07 5.03 3.58 1.71 
-3.25 0.0 17.07 19.35 21.84 17.07 16.86 21.42 17.48 15.2 20.18 16.86 13.13 10.43 8.98 7.12 5.04 4.01 2.35 0.48 -0.35 -1.38 23.83 20.08 16.96 22.37 20.29 16.54 21.12 20.29 16.75 18.83 19.87 16.75 13.42 11.54 9.88 7.38 5.92 4.88 2.79 1.34 20.39 16.45 21.02 19.98 16.24 17.7 19.77 16.03 15.41 19.98 16.45 13.54 11.47 9.81 7.94 6.07 5.03 3.58 1.71 1.3 
-3.87 0.0 19.35 21.84 17.07 16.86 21.42 17.48 15.2 20.18 16.86 13.13 10.43 8.98 7.12 5.04 4.01 2.35 0.48 -0.35 -1.38 -3.25 20.08 16.96 22.37 20.29 16.54 21.12 20.29 16.75 18.83 19.87 16.75 13.42 11.54 9.88 7.38 5.92 4.88 2.79 1.34 0.92 16.45 21.02 19.98 16.24 17.7 19.77 16.03 15.41 19.98 16.45 13.54 11.47 9.81 7.94 6.07 5.03 3.58 1.71 1.3 0.05 
-4.08 0.0 21.84 17.07 16.86 21.42 17.48 15.2 20.18 16.86 13.13 10.43 8.98 7.12 5.04 4.01 2.35 0.48 -0.35 -1.38 -3.25 -3.87 16.96 22.37 20.29 16.54 21.12 20.29 16.75 18.83 19.87 16.75 13.42 11.54 9.88 7.38 5.92 4.88 2.79 1.34 0.92 -0.54 21.02 19.98 16.24 17.7 19.77 16.03 15.41 19.98 16.45 13.54 11.47 9.81 7.94 6.07 5.03 3.58 1.71 1.3 0.05 -1.61 
-5.74 0.0 17.07 16.86 21.42 17.48 15.2 20.18 16.86 13.13 10.43 8.98 7.12 5.04 4.01 2.35 0.48 -0.35 -1.38 -3.25 -3.87 -4.08 22.37 20.29 16.54 21.12 20.29 16.75 18.83 19.87 16.75 13.42 11.54 9.88 7.38 5.92 4.88 2.79 1.34 0.92 -0.54 -2.21 19.98 16.24 17.7 19.77 16.03 15.41 19.98 16.45 13.54 11.47 9.81 7.94 6.07 5.03 3.58 1.71 1.3 0.05 -1.61 -1.82 
-6.56 0.0 16.86 21.42 17.48 15.2 20.18 16.86 13.13 10.43 8.98 7.12 5.04 4.01 2.35 0.48 -0.35 -1.38 -3.25 -3.87 -4.08 -5.74 20.29 16.54 21.12 20.29 16.75 18.83 19.87 16.75 13.42 11.54 9.88 7.38 5.92 4.88 2.79 1.34 0.92 -0.54 -2.21 -2.0 16.24 17.7 19.77 16.03 15.41 19.98 16.45 13.54 11.47 9.81 7.94 6.07 5.03 3.58 1.71 1.3 0.05 -1.61 -1.82 -2.44 
-6.36 0.0 21.42 17.48 15.2 20.18 16.86 13.13 10.43 8.98 7.12 5.04 4.01 2.35 0.48 -0.35 -1.38 -3.25 -3.87 -4.08 -5.74 -6.56 16.54 21.12 20.29 16.75 18.83 19.87 16.75 13.42 11.54 9.88 7.38 5.92 4.88 2.79 1.34 0.92 -0.54 -2.21 -2.0 -3.25 17.7 19.77 16.03 15.41 19.98 16.45 13.54 11.47 9.81 7.94 6.07 5.03 3.58 1.71 1.3 0.05 -1.61 -1.82 -2.44 -4.31 
-8.02 0.0 17.48 15.2 20.18 16.86 13.13 10.43 8.98 7.12 5.04 4.01 2.35 0.48 -0.35 -1.38 -3.25 -3.87 -4.08 -5.74 -6.56 -6.36 21.12 20.29 16.75 18.83 19.87 16.75 13.42 11.54 9.88 7.38 5.92 4.88 2.79 1.34 0.92 -0.54 -2.21 -2.0 -3.25 -4.91 19.77 16.03 15.41 19.98 16.45 13.54 11.47 9.81 7.94 6.07 5.03 3.58 1.71 1.3 0.05 -1.61 -1.82 -2.44 -4.31 -4.52 
-9.26 0.0 15.2 20.18 16.86 13.13 10.43 8.98 7.12 5.04 4.01 2.35 0.48 -0.35 -1.38 -3.25 -3.87 -4.08 -5.74 -6.56 -6.36 -8.02 20.29 16.75 18.83 19.87 16.75 13.42 11.54 9.88 7.38 5.92 4.88 2.79 1.34 0.92 -0.54 -2.21 -2.0 -3.25 -4.91 -5.33 16.03 15.41 19.98 16.45 13.54 11.47 9.81 7.94 6.07 5.03 3.58 1.71 1.3 0.05 -1.61 -1.82 -2.44 -4.31 -4.52 -4.93 
-9.05 0.0 20.18 16.86 13.13 10.43 8.98 7.12 5.04 4.01 2.35 0.48 -0.35 -1.38 -3.25 -3.87 -4.08 -5.74 -6.56 -6.36 -8.02 -9.26 16.75 18.83 19.87 16.75 13.42 11.54 9.88 7.38 5.92 4.88 2.79 1.34 0.92 -0.54 -2.21 -2.0 -3.25 -4.91 -5.33 -5.95 15.41 19.98 16.45 13.54 11.47 9.81 7.94 6.07 5.03 3.58 1.71 1.3 0.05 -1.61 -1.82 -2.44 -4.31 -4.52 -4.93 -6.59 
-10.3 0.0 16.86 13.13 10.43 8.98 7.12 5.04 4.01 2.35 0.48 -0.35 -1.38 -3.25 -3.87 -4.08 -5.74 -6.56 -6.36 -8.02 -9.26 -9.05 18.83 19.87 16.75 13.42 11.54 9.88 7.38 5.92 4.88 2.79 1.34 0.92 -0.54 -2.21 -2.0 -3.25 -4.91 -5.33 -5.95 -7.62 19.98 16.45 13.54 11.47 9.81 7.94 6.07 5.03 3.58 1.71 1.3 0.05 -1.61 -1.82 -2.44 -4.31 -4.52 -4.93 -6.59 -7.22 
-11.54 0.0 13.13 10.43 8.98 7.12 5.04 4.01 2.35 0.48 -0.35 -1.38 -3.25 -3.87 -4.08 -5.74 -6.56 -6.36 -8.02 -9.26 -9.05 -10.3 19.87 16.75 13.42 11.54 9.88 7.38 5.92 4.88 2.79 1.34 0.92 -0.54 -2.21 -2.0 -3.25 -4.91 -5.33 -5.95 -7.62 -8.04 16.45 13.54 11.47 9.81 7.94 6.07 5.03 3.58 1.71 1.3 0.05 -1.61 -1.82 -2.44 -4.31 -4.52 -4.93 -6.59 -7.22 -7.63 
-11.75 0.0 10.43 8.98 7.12 5.04 4.01 2.35 0.48 -0.35 -1.38 -3.25 -3.87 -4.08 -5.74 -6.56 -6.36 -8.02 -9.26 -9.05 -10.3 -11.54 16.75 13.42 11.54 9.88 7.38 5.92 4.88 2.79 1.34 0.92 -0.54 -2.21 -2.0 -3.25 -4.91 -5.33 -5.95 -7.62 -8.04 -8.66 13.54 11.47 9.81 7.94 6.07 5.03 3.58 1.71 1.3 0.05 -1.61 -1.82 -2.44 -4.31 -4.52 -4.93 -6.59 -7.22 -7.63 -8.88 
-12.58 0.0 8.98 7.12 5.04 4.01 2.35 0.48 -0.35 -1.38 -3.25 -3.87 -4.08 -5.74 -6.56 -6.36 -8.02 -9.26 -9.05 -10.3 -11.54 -11.75 13.42 11.54 9.88 7.38 5.92 4.88 2.79 1.34 0.92 -0.54 -2.21 -2.0 -3.25 -4.91 -5.33 -5.95 -7.62 -8.04 -8.66 -10.12 11.47 9.81 7.94 6.07 5.03 3.58 1.71 1.3 0.05 -1.61 -1.82 -2.44 -4.31 -4.52 -4.93 -6.59 -7.22 -7.63 -8.88 -9.92 
-13.82 0.0 7.12 5.04 4.01 2.35 0.48 -0.35 -1.38 -3.25 -3.87 -4.08 -5.74 -6.56 -6.36 -8.02 -9.26 -9.05 -10.3 -11.54 -11.75 -12.58 11.54 9.88 7.38 5.92 4.88 2.79 1.34 0.92 -0.54 -2.21 -2.0 -3.25 -4.91 -5.33 -5.95 -7.62 -8.04 -8.66 -10.12 -10.75 9.81 7.94 6.07 5.03 3.58 1.71 1.3 0.05 -1.61 -1.82 -2.44 -4.31 -4.52 -4.93 -6.59 -7.22 -7.63 -8.88 -9.92 -10.12 
-14.23 0.0 5.04 4.01 2.35 0.48 -0.35 -1.38 -3.25 -3.87 -4.08 -5.74 -6.56 -6.36 -8.02 -9.26 -9.05 -10.3 -11.54 -11.75 -12.58 -13.82 9.88 7.38 5.92 4.88 2.79 1.34 0.92 -0.54 -2.21 -2.0 -3.25 -4.91 -5.33 -5.95 -7.62 -8.04 -8.66 -10.12 -10.75 -11.37 7.94 6.07 5.03 3.58 1.71 1.3 0.05 -1.61 -1.82 -2.44 -4.31 -4.52 -4.93 -6.59 -7.22 -7.63 -8.88 -9.92 -10.12 -11.37 
-15.06 0.0 4.01 2.35 0.48 -0.35 -1.38 -3.25 -3.87 -4.08 -5.74 -6.56 -6.36 -8.02 -9.26 -9.05 -10.3 -11.54 -11.75 -12.58 -13.82 -14.23 7.38 5.92 4.88 2.79 1.34 0.92 -0.54 -2.21 -2.0 -3.25 -4.91 -5.33 -5.95 -7.62 -8.04 -8.66 -10.12 -10.75 -11.37 -12.41 6.07 5.03 3.58 1.71 1.3 0.05 -1.61 -1.82 -2.44 -4.31 -4.52 -4.93 -6.59 -7.22 -7.63 -8.88 -9.92 -10.12 -11.37 -12.2 
-16.1 0.0 2.35 0.48 -0.35 -1.38 -3.25 -3.87 -4.08 -5.74 -6.56 -6.36 -8.02 -9.26 -9.05 -10.3 -11.54 -11.75 -12.58 -13.82 -14.23 -15.06 5.92 4.88 2.79 1.34 0.92 -0.54 -2.21 -2.0 -3.25 -4.91 -5.33 -5.95 -7.62 -8.04 -8.66 -10.12 -10.75 -11.37 -12.41 -13.25 5.03 3.58 1.71 1.3 0.05 -1.61 -1.82 -2.44 -4.31 -4.52 -4.93 -6.59 -7.22 -7.63 -8.88 -9.92 -10.12 -11.37 -12.2 -12.82 
-16.72 0.0 0.48 -0.35 -1.38 -3.25 -3.87 -4.08 -5.74 -6.56 -6.36 -8.02 -9.26 -9.05 -10.3 -11.54 -11.75 -12.58 -13.82 -14.23 -15.06 -16.1 4.88 2.79 1.34 0.92 -0.54 -2.21 -2.0 -3.25 -4.91 -5.33 -5.95 -7.62 -8.04 -8.66 -10.12 -10.75 -11.37 -12.41 -13.25 -13.87 3.58 1.71 1.3 0.05 -1.61 -1.82 -2.44 -4.31 -4.52 -4.93 -6.59 -7.22 -7.63 -8.88 -9.92 -10.12 -11.37 -12.2 -12.82 -13.65 
-17.55 0.0 -0.35 -1.38 -3.25 -3.87 -4.08 -5.74 -6.56 -6.36 -8.02 -9.26 -9.05 -10.3 -11.54 -11.75 -12.58 -13.82 -14.23 -15.06 -16.1 -16.72 2.79 1.34 0.92 -0.54 -2.21 -2.0 -3.25 -4.91 -5.33 -5.95 -7.62 -8.04 -8.66 -10.12 -10.75 -11.37 -12.41 -13.25 -13.87 -14.7 1.71 1.3 0.05 -1.61 -1.82 -2.44 -4.31 -4.52 -4.93 -6.59 -7.22 -7.63 -8.88 -9.92 -10.12 -11.37 -12.2 -12.82 -13.65 -14.69 
-18.59 0.0 -1.38 -3.25 -3.87 -4.08 -5.74 -6.56 -6.36 -8.02 -9.26 -9.05 -10.3 -11.54 -11.75 -12.58 -13.82 -14.23 -15.06 -16.1 -16.72 -17.55 1.34 0.92 -0.54 -2.21 -2.0 -3.25 -4.91 -5.33 -5.95 -7.62 -8.04 -8.66 -10.12 -10.75 -11.37 -12.41 -13.25 -13.87 -14.7 -15.75 1.3 0.05 -1.61 -1.82 -2.44 -4.31 -4.52 -4.93 -6.59 -7.22 -7.63 -8.88 -9.92 -10.12 -11.37 -12.2 -12.82 -13.65 -14.69 -15.31 
-18.38 0.0 -3.25 -3.87 -4.08 -5.74 -6.56 -6.36 -8.02 -9.26 -9.05 -10.3 -11.54 -11.75 -12.58 -13.82 -14.23 -15.06 -16.1 -16.72 -17.55 -18.59 0.92 -0.54 -2.21 -2.0 -3.25 -4.91 -5.33 -5.95 -7.62 -8.04 -8.66 -10.12 -10.75 -11.37 -12.41 -13.25 -13.87 -14.7 -15.75 -16.16 0.05 -1.61 -1.82 -2.44 -4.31 -4.52 -4.93 -6.59 -7.22 -7.63 -8.88 -9.92 -10.12 -11.37 -12.2 -12.82 -13.65 -14.69 -15.31 -15.94 
-19.0 0.0 -3.87 -4.08 -5.74 -6.56 -6.36 -8.02 -9.26 -9.05 -10.3 -11.54 -11.75 -12.58 -13.82 -14.23 -15.06 -16.1 -16.72 -17.55 -18.59 -18.38 -0.54 -2.21 -2.0 -3.25 -4.91 -5.33 -5.95 -7.62 -8.04 -8.66 -10.12 -10.75 -11.37 -12.41 -13.25 -13.87 -14.7 -15.75 -16.16 -16.99 -1.61 -1.82 -2.44 -4.31 -4.52 -4.93 -6.59 -7.22 -7.63 -8.88 -9.92 -10.12 -11.37 -12.2 -12.82 -13.65 -14.69 -15.31 -15.94 -14.27 
-15.89 0.0 -4.08 -5.74 -6.56 -6.36 -8.02 -9.26 -9.05 -10.3 -11.54 -11.75 -12.58 -13.82 -14.23 -15.06 -16.1 -16.72 -17.55 -18.59 -18.38 -19.0 -2.21 -2.0 -3.25 -4.91 -5.33 -5.95 -7.62 -8.04 -8.66 -10.12 -10.75 -11.37 -12.41 -13.25 -13.87 -14.7 -15.75 -16.16 -16.99 -10.75 -1.82 -2.44 -4.31 -4.52 -4.93 -6.59 -7.22 -7.63 -8.88 -9.92 -10.12 -11.37 -12.2 -12.82 -13.65 -14.69 -15.31 -15.94 -14.27 -11.99 
-9.26 0.0 -5.74 -6.56 -6.36 -8.02 -9.26 -9.05 -10.3 -11.54 -11.75 -12.58 -13.82 -14.23 -15.06 -16.1 -16.72 -17.55 -18.59 -18.38 -19.0 -15.89 -2.0 -3.25 -4.91 -5.33 -5.95 -7.62 -8.04 -8.66 -10.12 -10.75 -11.37 -12.41 -13.25 -13.87 -14.7 -15.75 -16.16 -16.99 -10.75 -11.79 -2.44 -4.31 -4.52 -4.93 -6.59 -7.22 -7.63 -8.88 -9.92 -10.12 -11.37 -12.2 -12.82 -13.65 -14.69 -15.31 -15.94 -14.27 -11.99 -13.86 
-11.75 0.0 -6.56 -6.36 -8.02 -9.26 -9.05 -10.3 -11.54 -11.75 -12.58 -13.82 -14.23 -15.06 -16.1 -16.72 -17.55 -18.59 -18.38 -19.0 -15.89 -9.26 -3.25 -4.91 -5.33 -5.95 -7.62 -8.04 -8.66 -10.12 -10.75 -11.37 -12.41 -13.25 -13.87 -14.7 -15.75 -16.16 -16.99 -10.75 -11.79 -13.25 -4.31 -4.52 -4.93 -6.59 -7.22 -7.63 -8.88 -9.92 -10.12 -11.37 -12.2 -12.82 -13.65 -14.69 -15.31 -15.94 -14.27 -11.99 -13.86 -8.46 
-10.92 0.0 -6.36 -8.02 -9.26 -9.05 -10.3 -11.54 -11.75 -12.58 -13.82 -14.23 -15.06 -16.1 -16.72 -17.55 -18.59 -18.38 -19.0 -15.89 -9.26 -11.75 -4.91 -5.33 -5.95 -7.62 -8.04 -8.66 -10.12 -10.75 -11.37 -12.41 -13.25 -13.87 -14.7 -15.75 -16.16 -16.99 -10.75 -11.79 -13.25 -7.41 -4.52 -4.93 -6.59 -7.22 -7.63 -8.88 -9.92 -10.12 -11.37 -12.2 -12.82 -13.65 -14.69 -15.31 -15.94 -14.27 -11.99 -13.86 -8.46 -6.39 
-3.46 0.0 -8.02 -9.26 -9.05 -10.3 -11.54 -11.75 -12.58 -13.82 -14.23 -15.06 -16.1 -16.72 -17.55 -18.59 -18.38 -19.0 -15.89 -9.26 -11.75 -10.92 -5.33 -5.95 -7.62 -8.04 -8.66 -10.12 -10.75 -11.37 -12.41 -13.25 -13.87 -14.7 -15.75 -16.16 -16.99 -10.75 -11.79 -13.25 -7.41 -7.41 -4.93 -6.59 -7.22 -7.63 -8.88 -9.92 -10.12 -11.37 -12.2 -12.82 -13.65 -14.69 -15.31 -15.94 -14.27 -11.99 -13.86 -8.46 -6.39 -9.29 
-6.56 0.0 -9.26 -9.05 -10.3 -11.54 -11.75 -12.58 -13.82 -14.23 -15.06 -16.1 -16.72 -17.55 -18.59 -18.38 -19.0 -15.89 -9.26 -11.75 -10.92 -3.46 -5.95 -7.62 -8.04 -8.66 -10.12 -10.75 -11.37 -12.41 -13.25 -13.87 -14.7 -15.75 -16.16 -16.99 -10.75 -11.79 -13.25 -7.41 -7.41 -9.7 -6.59 -7.22 -7.63 -8.88 -9.92 -10.12 -11.37 -12.2 -12.82 -13.65 -14.69 -15.31 -15.94 -14.27 -11.99 -13.86 -8.46 -6.39 -9.29 -6.39 
-8.22 0.0 -9.05 -10.3 -11.54 -11.75 -12.58 -13.82 -14.23 -15.06 -16.1 -16.72 -17.55 -18.59 -18.38 -19.0 -15.89 -9.26 -11.75 -10.92 -3.46 -6.56 -7.62 -8.04 -8.66 -10.12 -10.75 -11.37 -12.41 -13.25 -13.87 -14.7 -15.75 -16.16 -16.99 -10.75 -11.79 -13.25 -7.41 -7.41 -9.7 -5.33 -7.22 -7.63 -8.88 -9.92 -10.12 -11.37 -12.2 -12.82 -13.65 -14.69 -15.31 -15.94 -14.27 -11.99 -13.86 -8.46 -6.39 -9.29 -6.39 -2.23 
0.07 0.0 -10.3 -11.54 -11.75 -12.58 -13.82 -14.23 -15.06 -16.1 -16.72 -17.55 -18.59 -18.38 -19.0 -15.89 -9.26 -11.75 -10.92 -3.46 -6.56 -8.22 -8.04 -8.66 -10.12 -10.75 -11.37 -12.41 -13.25 -13.87 -14.7 -15.75 -16.16 -16.99 -10.75 -11.79 -13.25 -7.41 -7.41 -9.7 -5.33 -3.46 -7.63 -8.88 -9.92 -10.12 -11.37 -12.2 -12.82 -13.65 -14.69 -15.31 -15.94 -14.27 -11.99 -13.86 -8.46 -6.39 -9.29 -6.39 -2.23 -5.76 
-2.63 0.0 -11.54 -11.75 -12.58 -13.82 -14.23 -15.06 -16.1 -16.72 -17.55 -18.59 -18.38 -19.0 -15.89 -9.26 -11.75 -10.92 -3.46 -6.56 -8.22 0.07 -8.66 -10.12 -10.75 -11.37 -12.41 -13.25 -13.87 -14.7 -15.75 -16.16 -16.99 -10.75 -11.79 -13.25 -7.41 -7.41 -9.7 -5.33 -3.46 -6.37 -8.88 -9.92 -10.12 -11.37 -12.2 -12.82 -13.65 -14.69 -15.31 -15.94 -14.27 -11.99 -13.86 -8.46 -6.39 -9.29 -6.39 -2.23 -5.76 -5.76 
-5.74 0.0 -11.75 -12.58 -13.82 -14.23 -15.06 -16.1 -16.72 -17.55 -18.59 -18.38 -19.0 -15.89 -9.26 -11.75 -10.92 -3.46 -6.56 -8.22 0.07 -2.63 -10.12 -10.75 -11.37 -12.41 -13.25 -13.87 -14.7 -15.75 -16.16 -16.99 -10.75 -11.79 -13.25 -7.41 -7.41 -9.7 -5.33 -3.46 -6.37 -3.87 -9.92 -10.12 -11.37 -12.2 -12.82 -13.65 -14.69 -15.31 -15.94 -14.27 -11.99 -13.86 -8.46 -6.39 -9.29 -6.39 -2.23 -5.76 -5.76 0.88 
0.9 0.0 -12.58 -13.82 -14.23 -15.06 -16.1 -16.72 -17.55 -18.59 -18.38 -19.0 -15.89 -9.26 -11.75 -10.92 -3.46 -6.56 -8.22 0.07 -2.63 -5.74 -10.75 -11.37 -12.41 -13.25 -13.87 -14.7 -15.75 -16.16 -16.99 -10.75 -11.79 -13.25 -7.41 -7.41 -9.7 -5.33 -3.46 -6.37 -3.87 0.09 -10.12 -11.37 -12.2 -12.82 -13.65 -14.69 -15.31 -15.94 -14.27 -11.99 -13.86 -8.46 -6.39 -9.29 -6.39 -2.23 -5.76 -5.76 0.88 -3.06 
0.9 0.0 -13.82 -14.23 -15.06 -16.1 -16.72 -17.55 -18.59 -18.38 -19.0 -15.89 -9.26 -11.75 -10.92 -3.46 -6.56 -8.22 0.07 -2.63 -5.74 0.9 -11.37 -12.41 -13.25 -13.87 -14.7 -15.75 -16.16 -16.99 -10.75 -11.79 -13.25 -7.41 -7.41 -9.7 -5.33 -3.46 -6.37 -3.87 0.09 -3.46 -11.37 -12.2 -12.82 -13.65 -14.69 -15.31 -15.94 -14.27 -11.99 -13.86 -8.46 -6.39 -9.29 -6.39 -2.23 -5.76 -5.76 0.88 -3.06 -4.93 
-2.42 0.0 -14.23 -15.06 -16.1 -16.72 -17.55 -18.59 -18.38 -19.0 -15.89 -9.26 -11.75 -10.92 -3.46 -6.56 -8.22 0.07 -2.63 -5.74 0.9 0.9 -12.41 -13.25 -13.87 -14.7 -15.75 -16.16 -16.99 -10.75 -11.79 -13.25 -7.41 -7.41 -9.7 -5.33 -3.46 -6.37 -3.87 0.09 -3.46 -3.04 -12.2 -12.82 -13.65 -14.69 -15.31 -15.94 -14.27 -11.99 -13.86 -8.46 -6.39 -9.29 -6.39 -2.23 -5.76 -5.76 0.88 -3.06 -4.93 2.13 
0.69 0.0 -15.06 -16.1 -16.72 -17.55 -18.59 -18.38 -19.0 -15.89 -9.26 -11.75 -10.92 -3.46 -6.56 -8.22 0.07 -2.63 -5.74 0.9 0.9 -2.42 -13.25 -13.87 -14.7 -15.75 -16.16 -16.99 -10.75 -11.79 -13.25 -7.41 -7.41 -9.7 -5.33 -3.46 -6.37 -3.87 0.09 -3.46 -3.04 3.21 -12.82 -13.65 -14.69 -15.31 -15.94 -14.27 -11.99 -13.86 -8.46 -6.39 -9.29 -6.39 -2.23 -5.76 -5.76 0.88 -3.06 -4.93 2.13 -0.57 
3.39 0.0 -16.1 -16.72 -17.55 -18.59 -18.38 -19.0 -15.89 -9.26 -11.75 -10.92 -3.46 -6.56 -8.22 0.07 -2.63 -5.74 0.9 0.9 -2.42 0.69 -13.87 -14.7 -15.75 -16.16 -16.99 -10.75 -11.79 -13.25 -7.41 -7.41 -9.7 -5.33 -3.46 -6.37 -3.87 0.09 -3.46 -3.04 3.21 -0.12 -13.65 -14.69 -15.31 -15.94 -14.27 -11.99 -13.86 -8.46 -6.39 -9.29 -6.39 -2.23 -5.76 -5.76 0.88 -3.06 -4.93 2.13 -0.57 -2.65 
0.07 0.0 -16.72 -17.55 -18.59 -18.38 -19.0 -15.89 -9.26 -11.75 -10.92 -3.46 -6.56 -8.22 0.07 -2.63 -5.74 0.9 0.9 -2.42 0.69 3.39 -14.7 -15.75 -16.16 -16.99 -10.75 -11.79 -13.25 -7.41 -7.41 -9.7 -5.33 -3.46 -6.37 -3.87 0.09 -3.46 -3.04 3.21 -0.12 -1.79 -14.69 -15.31 -15.94 -14.27 -11.99 -13.86 -8.46 -6.39 -9.29 -6.39 -2.23 -5.76 -5.76 0.88 -3.06 -4.93 2.13 -0.57 -2.65 2.33 
0.69 0.0 -17.55 -18.59 -18.38 -19.0 -15.89 -9.26 -11.75 -10.92 -3.46 -6.56 -8.22 0.07 -2.63 -5.74 0.9 0.9 -2.42 0.69 3.39 0.07 -15.75 -16.16 -16.99 -10.75 -11.79 -13.25 -7.41 -7.41 -9.7 -5.33 -3.46 -6.37 -3.87 0.09 -3.46 -3.04 3.21 -0.12 -1.79 4.46 -15.31 -15.94 -14.27 -11.99 -13.86 -8.46 -6.39 -9.29 -6.39 -2.23 -5.76 -5.76 0.88 -3.06 -4.93 2.13 -0.57 -2.65 2.33 1.92 
5.25 0.0 -18.59 -18.38 -19.0 -15.89 -9.26 -11.75 -10.92 -3.46 -6.56 -8.22 0.07 -2.63 -5.74 0.9 0.9 -2.42 0.69 3.39 0.07 0.69 -16.16 -16.99 -10.75 -11.79 -13.25 -7.41 -7.41 -9.7 -5.33 -3.46 -6.37 -3.87 0.09 -3.46 -3.04 3.21 -0.12 -1.79 4.46 3.21 -15.94 -14.27 -11.99 -13.86 -8.46 -6.39 -9.29 -6.39 -2.23 -5.76 -5.76 0.88 -3.06 -4.93 2.13 -0.57 -2.65 2.33 1.92 -0.37 
2.14 0.0 -18.38 -19.0 -15.89 -9.26 -11.75 -10.92 -3.46 -6.56 -8.22 0.07 -2.63 -5.74 0.9 0.9 -2.42 0.69 3.39 0.07 0.69 5.25 -16.99 -10.75 -11.79 -13.25 -7.41 -7.41 -9.7 -5.33 -3.46 -6.37 -3.87 0.09 -3.46 -3.04 3.21 -0.12 -1.79 4.46 3.21 1.34 -14.27 -11.99 -13.86 -8.46 -6.39 -9.29 -6.39 -2.23 -5.76 -5.76 0.88 -3.06 -4.93 2.13 -0.57 -2.65 2.33 1.92 -0.37 1.71 
1.52 0.0 -19.0 -15.89 -9.26 -11.75 -10.92 -3.46 -6.56 -8.22 0.07 -2.63 -5.74 0.9 0.9 -2.42 0.69 3.39 0.07 0.69 5.25 2.14 -10.75 -11.79 -13.25 -7.41 -7.41 -9.7 -5.33 -3.46 -6.37 -3.87 0.09 -3.46 -3.04 3.21 -0.12 -1.79 4.46 3.21 1.34 4.67 -11.99 -13.86 -8.46 -6.39 -9.29 -6.39 -2.23 -5.76 -5.76 0.88 -3.06 -4.93 2.13 -0.57 -2.65 2.33 1.92 -0.37 1.71 5.45 
5.67 0.0 -15.89 -9.26 -11.75 -10.92 -3.46 -6.56 -8.22 0.07 -2.63 -5.74 0.9 0.9 -2.42 0.69 3.39 0.07 0.69 5.25 2.14 1.52 -11.79 -13.25 -7.41 -7.41 -9.7 -5.33 -3.46 -6.37 -3.87 0.09 -3.46 -3.04 3.21 -0.12 -1.79 4.46 3.21 1.34 4.67 7.38 -13.86 -8.46 -6.39 -9.29 -6.39 -2.23 -5.76 -5.76 0.88 -3.06 -4.93 2.13 -0.57 -2.65 2.33 1.92 -0.37 1.71 5.45 2.96 
5.87 0.0 -9.26 -11.75 -10.92 -3.46 -6.56 -8.22 0.07 -2.63 -5.74 0.9 0.9 -2.42 0.69 3.39 0.07 0.69 5.25 2.14 1.52 5.67 -13.25 -7.41 -7.41 -9.7 -5.33 -3.46 -6.37 -3.87 0.09 -3.46 -3.04 3.21 -0.12 -1.79 4.46 3.21 1.34 4.67 7.38 4.67 -8.46 -6.39 -9.29 -6.39 -2.23 -5.76 -5.76 0.88 -3.06 -4.93 2.13 -0.57 -2.65 2.33 1.92 -0.37 1.71 5.45 2.96 2.96 
4.42 0.0 -11.75 -10.92 -3.46 -6.56 -8.22 0.07 -2.63 -5.74 0.9 0.9 -2.42 0.69 3.39 0.07 0.69 5.25 2.14 1.52 5.67 5.87 -7.41 -7.41 -9.7 -5.33 -3.46 -6.37 -3.87 0.09 -3.46 -3.04 3.21 -0.12 -1.79 4.46 3.21 1.34 4.67 7.38 4.67 5.5 -6.39 -9.29 -6.39 -2.23 -5.76 -5.76 0.88 -3.06 -4.93 2.13 -0.57 -2.65 2.33 1.92 -0.37 1.71 5.45 2.96 2.96 6.9 
6.91 0.0 -10.92 -3.46 -6.56 -8.22 0.07 -2.63 -5.74 0.9 0.9 -2.42 0.69 3.39 0.07 0.69 5.25 2.14 1.52 5.67 5.87 4.42 -7.41 -9.7 -5.33 -3.46 -6.37 -3.87 0.09 -3.46 -3.04 3.21 -0.12 -1.79 4.46 3.21 1.34 4.67 7.38 4.67 5.5 10.92 -9.29 -6.39 -2.23 -5.76 -5.76 0.88 -3.06 -4.93 2.13 -0.57 -2.65 2.33 1.92 -0.37 1.71 5.45 2.96 2.96 6.9 5.45 
10.23 0.0 -3.46 -6.56 -8.22 0.07 -2.63 -5.74 0.9 0.9 -2.42 0.69 3.39 0.07 0.69 5.25 2.14 1.52 5.67 5.87 4.42 6.91 -9.7 -5.33 -3.46 -6.37 -3.87 0.09 -3.46 -3.04 3.21 -0.12 -1.79 4.46 3.21 1.34 4.67 7.38 4.67 5.5 10.92 8.21 -6.39 -2.23 -5.76 -5.76 0.88 -3.06 -4.93 2.13 -0.57 -2.65 2.33 1.92 -0.37 1.71 5.45 2.96 2.96 6.9 5.45 5.45 
7.74 0.0 -6.56 -8.22 0.07 -2.63 -5.74 0.9 0.9 -2.42 0.69 3.39 0.07 0.69 5.25 2.14 1.52 5.67 5.87 4.42 6.91 10.23 -5.33 -3.46 -6.37 -3.87 0.09 -3.46 -3.04 3.21 -0.12 -1.79 4.46 3.21 1.34 4.67 7.38 4.67 5.5 10.92 8.21 7.79 -2.23 -5.76 -5.76 0.88 -3.06 -4.93 2.13 -0.57 -2.65 2.33 1.92 -0.37 1.71 5.45 2.96 2.96 6.9 5.45 5.45 8.77 
8.57 0.0 -8.22 0.07 -2.63 -5.74 0.9 0.9 -2.42 0.69 3.39 0.07 0.69 5.25 2.14 1.52 5.67 5.87 4.42 6.91 10.23 7.74 -3.46 -6.37 -3.87 0.09 -3.46 -3.04 3.21 -0.12 -1.79 4.46 3.21 1.34 4.67 7.38 4.67 5.5 10.92 8.21 7.79 12.17 -5.76 -5.76 0.88 -3.06 -4.93 2.13 -0.57 -2.65 2.33 1.92 -0.37 1.71 5.45 2.96 2.96 6.9 5.45 5.45 8.77 11.26 
14.79 0.0 0.07 -2.63 -5.74 0.9 0.9 -2.42 0.69 3.39 0.07 0.69 5.25 2.14 1.52 5.67 5.87 4.42 6.91 10.23 7.74 8.57 -6.37 -3.87 0.09 -3.46 -3.04 3.21 -0.12 -1.79 4.46 3.21 1.34 4.67 7.38 4.67 5.5 10.92 8.21 7.79 12.17 12.38 -5.76 0.88 -3.06 -4.93 2.13 -0.57 -2.65 2.33 1.92 -0.37 1.71 5.45 2.96 2.96 6.9 5.45 5.45 8.77 11.26 9.18 
12.09 0.0 -2.63 -5.74 0.9 0.9 -2.42 0.69 3.39 0.07 0.69 5.25 2.14 1.52 5.67 5.87 4.42 6.91 10.23 7.74 8.57 14.79 -3.87 0.09 -3.46 -3.04 3.21 -0.12 -1.79 4.46 3.21 1.34 4.67 7.38 4.67 5.5 10.92 8.21 7.79 12.17 12.38 11.13 0.88 -3.06 -4.93 2.13 -0.57 -2.65 2.33 1.92 -0.37 1.71 5.45 2.96 2.96 6.9 5.45 5.45 8.77 11.26 9.18 11.26 
11.47 0.0 -5.74 0.9 0.9 -2.42 0.69 3.39 0.07 0.69 5.25 2.14 1.52 5.67 5.87 4.42 6.91 10.23 7.74 8.57 14.79 12.09 0.09 -3.46 -3.04 3.21 -0.12 -1.79 4.46 3.21 1.34 4.67 7.38 4.67 5.5 10.92 8.21 7.79 12.17 12.38 11.13 13.63 -3.06 -4.93 2.13 -0.57 -2.65 2.33 1.92 -0.37 1.71 5.45 2.96 2.96 6.9 5.45 5.45 8.77 11.26 9.18 11.26 16.03 
17.07 0.0 0.9 0.9 -2.42 0.69 3.39 0.07 0.69 5.25 2.14 1.52 5.67 5.87 4.42 6.91 10.23 7.74 8.57 14.79 12.09 11.47 -3.46 -3.04 3.21 -0.12 -1.79 4.46 3.21 1.34 4.67 7.38 4.67 5.5 10.92 8.21 7.79 12.17 12.38 11.13 13.63 15.5 -4.93 2.13 -0.57 -2.65 2.33 1.92 -0.37 1.71 5.45 2.96 2.96 6.9 5.45 5.45 8.77 11.26 9.18 11.26 16.03 12.51 
14.58 0.0 0.9 -2.42 0.69 3.39 0.07 0.69 5.25 2.14 1.52 5.67 5.87 4.42 6.91 10.23 7.74 8.57 14.79 12.09 11.47 17.07 -3.04 3.21 -0.12 -1.79 4.46 3.21 1.34 4.67 7.38 4.67 5.5 10.92 8.21 7.79 12.17 12.38 11.13 13.63 15.5 13.0 2.13 -0.57 -2.65 2.33 1.92 -0.37 1.71 5.45 2.96 2.96 6.9 5.45 5.45 8.77 11.26 9.18 11.26 16.03 12.51 12.92 
12.71 0.0 -2.42 0.69 3.39 0.07 0.69 5.25 2.14 1.52 5.67 5.87 4.42 6.91 10.23 7.74 8.57 14.79 12.09 11.47 17.07 14.58 3.21 -0.12 -1.79 4.46 3.21 1.34 4.67 7.38 4.67 5.5 10.92 8.21 7.79 12.17 12.38 11.13 13.63 15.5 13.0 13.63 -0.57 -2.65 2.33 1.92 -0.37 1.71 5.45 2.96 2.96 6.9 5.45 5.45 8.77 11.26 9.18 11.26 16.03 12.51 12.92 17.9 
17.48 0.0 0.69 3.39 0.07 0.69 5.25 2.14 1.52 5.67 5.87 4.42 6.91 10.23 7.74 8.57 14.79 12.09 11.47 17.07 14.58 12.71 -0.12 -1.79 4.46 3.21 1.34 4.67 7.38 4.67 5.5 10.92 8.21 7.79 12.17 12.38 11.13 13.63 15.5 13.0 13.63 16.54 -2.65 2.33 1.92 -0.37 1.71 5.45 2.96 2.96 6.9 5.45 5.45 8.77 11.26 9.18 11.26 16.03 12.51 12.92 17.9 13.75 
15.2 0.0 3.39 0.07 0.69 5.25 2.14 1.52 5.67 5.87 4.42 6.91 10.23 7.74 8.57 14.79 12.09 11.47 17.07 14.58 12.71 17.48 -1.79 4.46 3.21 1.34 4.67 7.38 4.67 5.5 10.92 8.21 7.79 12.17 12.38 11.13 13.63 15.5 13.0 13.63 16.54 13.63 2.33 1.92 -0.37 1.71 5.45 2.96 2.96 6.9 5.45 5.45 8.77 11.26 9.18 11.26 16.03 12.51 12.92 17.9 13.75 12.71 
12.92 0.0 0.07 0.69 5.25 2.14 1.52 5.67 5.87 4.42 6.91 10.23 7.74 8.57 14.79 12.09 11.47 17.07 14.58 12.71 17.48 15.2 4.46 3.21 1.34 4.67 7.38 4.67 5.5 10.92 8.21 7.79 12.17 12.38 11.13 13.63 15.5 13.0 13.63 16.54 13.63 14.04 1.92 -0.37 1.71 5.45 2.96 2.96 6.9 5.45 5.45 8.77 11.26 9.18 11.26 16.03 12.51 12.92 17.9 13.75 12.71 17.28 
16.86 0.0 0.69 5.25 2.14 1.52 5.67 5.87 4.42 6.91 10.23 7.74 8.57 14.79 12.09 11.47 17.07 14.58 12.71 17.48 15.2 12.92 3.21 1.34 4.67 7.38 4.67 5.5 10.92 8.21 7.79 12.17 12.38 11.13 13.63 15.5 13.0 13.63 16.54 13.63 14.04 15.5 -0.37 1.71 5.45 2.96 2.96 6.9 5.45 5.45 8.77 11.26 9.18 11.26 16.03 12.51 12.92 17.9 13.75 12.71 17.28 14.17 
14.99 0.0 5.25 2.14 1.52 5.67 5.87 4.42 6.91 10.23 7.74 8.57 14.79 12.09 11.47 17.07 14.58 12.71 17.48 15.2 12.92 16.86 1.34 4.67 7.38 4.67 5.5 10.92 8.21 7.79 12.17 12.38 11.13 13.63 15.5 13.0 13.63 16.54 13.63 14.04 15.5 13.0 1.71 5.45 2.96 2.96 6.9 5.45 5.45 8.77 11.26 9.18 11.26 16.03 12.51 12.92 17.9 13.75 12.71 17.28 14.17 13.96 
13.13 0.0 2.14 1.52 5.67 5.87 4.42 6.91 10.23 7.74 8.57 14.79 12.09 11.47 17.07 14.58 12.71 17.48 15.2 12.92 16.86 14.99 4.67 7.38 4.67 5.5 10.92 8.21 7.79 12.17 12.38 11.13 13.63 15.5 13.0 13.63 16.54 13.63 14.04 15.5 13.0 14.04 5.45 2.96 2.96 6.9 5.45 5.45 8.77 11.26 9.18 11.26 16.03 12.51 12.92 17.9 13.75 12.71 17.28 14.17 13.96 18.53 
18.1 0.0 1.52 5.67 5.87 4.42 6.91 10.23 7.74 8.57 14.79 12.09 11.47 17.07 14.58 12.71 17.48 15.2 12.92 16.86 14.99 13.13 7.38 4.67 5.5 10.92 8.21 7.79 12.17 12.38 11.13 13.63 15.5 13.0 13.63 16.54 13.63 14.04 15.5 13.0 14.04 16.54 2.96 2.96 6.9 5.45 5.45 8.77 11.26 9.18 11.26 16.03 12.51 12.92 17.9 13.75 12.71 17.28 14.17 13.96 18.53 14.79 
15.62 0.0 5.67 5.87 4.42 6.91 10.23 7.74 8.57 14.79 12.09 11.47 17.07 14.58 12.71 17.48 15.2 12.92 16.86 14.99 13.13 18.1 4.67 5.5 10.92 8.21 7.79 12.17 12.38 11.13 13.63 15.5 13.0 13.63 16.54 13.63 14.04 15.5 13.0 14.04 16.54 14.25 2.96 6.9 5.45 5.45 8.77 11.26 9.18 11.26 16.03 12.51 12.92 17.9 13.75 12.71 17.28 14.17 13.96 18.53 14.79 14.37 
13.34 0.0 5.87 4.42 6.91 10.23 7.74 8.57 14.79 12.09 11.47 17.07 14.58 12.71 17.48 15.2 12.92 16.86 14.99 13.13 18.1 15.62 5.5 10.92 8.21 7.79 12.17 12.38 11.13 13.63 15.5 13.0 13.63 16.54 13.63 14.04 15.5 13.0 14.04 16.54 14.25 15.08 6.9 5.45 5.45 8.77 11.26 9.18 11.26 16.03 12.51 12.92 17.9 13.75 12.71 17.28 14.17 13.96 18.53 14.79 14.37 19.56 
19.35 0.0 4.42 6.91 10.23 7.74 8.57 14.79 12.09 11.47 17.07 14.58 12.71 17.48 15.2 12.92 16.86 14.99 13.13 18.1 15.62 13.34 10.92 8.21 7.79 12.17 12.38 11.13 13.63 15.5 13.0 13.63 16.54 13.63 14.04 15.5 13.0 14.04 16.54 14.25 15.08 17.58 5.45 5.45 8.77 11.26 9.18 11.26 16.03 12.51 12.92 17.9 13.75 12.71 17.28 14.17 13.96 18.53 14.79 14.37 19.56 16.24 
17.69 0.0 6.91 10.23 7.74 8.57 14.79 12.09 11.47 17.07 14.58 12.71 17.48 15.2 12.92 16.86 14.99 13.13 18.1 15.62 13.34 19.35 8.21 7.79 12.17 12.38 11.13 13.63 15.5 13.0 13.63 16.54 13.63 14.04 15.5 13.0 14.04 16.54 14.25 15.08 17.58 15.5 5.45 8.77 11.26 9.18 11.26 16.03 12.51 12.92 17.9 13.75 12.71 17.28 14.17 13.96 18.53 14.79 14.37 19.56 16.24 15.83 
14.79 0.0 10.23 7.74 8.57 14.79 12.09 11.47 17.07 14.58 12.71 17.48 15.2 12.92 16.86 14.99 13.13 18.1 15.62 13.34 19.35 17.69 7.79 12.17 12.38 11.13 13.63 15.5 13.0 13.63 16.54 13.63 14.04 15.5 13.0 14.04 16.54 14.25 15.08 17.58 15.5 16.96 8.77 11.26 9.18 11.26 16.03 12.51 12.92 17.9 13.75 12.71 17.28 14.17 13.96 18.53 14.79 14.37 19.56 16.24 15.83 21.43 
20.8 0.0 7.74 8.57 14.79 12.09 11.47 17.07 14.58 12.71 17.48 15.2 12.92 16.86 14.99 13.13 18.1 15.62 13.34 19.35 17.69 14.79 12.17 12.38 11.13 13.63 15.5 13.0 13.63 16.54 13.63 14.04 15.5 13.0 14.04 16.54 14.25 15.08 17.58 15.5 16.96 20.08 11.26 9.18 11.26 16.03 12.51 12.92 17.9 13.75 12.71 17.28 14.17 13.96 18.53 14.79 14.37 19.56 16.24 15.83 21.43 18.32 
20.18 0.0 8.57 14.79 12.09 11.47 17.07 14.58 12.71 17.48 15.2 12.92 16.86 14.99 13.13 18.1 15.62 13.34 19.35 17.69 14.79 20.8 12.38 11.13 13.63 15.5 13.0 13.63 16.54 13.63 14.04 15.5 13.0 14.04 16.54 14.25 15.08 17.58 15.5 16.96 20.08 17.58 9.18 11.26 16.03 12.51 12.92 17.9 13.75 12.71 17.28 14.17 13.96 18.53 14.79 14.37 19.56 16.24 15.83 21.43 18.32 17.07 
16.65 0.0 14.79 12.09 11.47 17.07 14.58 12.71 17.48 15.2 12.92 16.86 14.99 13.13 18.1 15.62 13.34 19.35 17.69 14.79 20.8 20.18 11.13 13.63 15.5 13.0 13.63 16.54 13.63 14.04 15.5 13.0 14.04 16.54 14.25 15.08 17.58 15.5 16.96 20.08 17.58 18.42 11.26 16.03 12.51 12.92 17.9 13.75 12.71 17.28 14.17 13.96 18.53 14.79 14.37 19.56 16.24 15.83 21.43 18.32 17.07 23.51 
22.04 0.0 12.09 11.47 17.07 14.58 12.71 17.48 15.2 12.92 16.86 14.99 13.13 18.1 15.62 13.34 19.35 17.69 14.79 20.8 20.18 16.65 13.63 15.5 13.0 13.63 16.54 13.63 14.04 15.5 13.0 14.04 16.54 14.25 15.08 17.58 15.5 16.96 20.08 17.58 18.42 23.0 16.03 12.51 12.92 17.9 13.75 12.71 17.28 14.17 13.96 18.53 14.79 14.37 19.56 16.24 15.83 21.43 18.32 17.07 23.51 20.39 
22.25 0.0 11.47 17.07 14.58 12.71 17.48 15.2 12.92 16.86 14.99 13.13 18.1 15.62 13.34 19.35 17.69 14.79 20.8 20.18 16.65 22.04 15.5 13.0 13.63 16.54 13.63 14.04 15.5 13.0 14.04 16.54 14.25 15.08 17.58 15.5 16.96 20.08 17.58 18.42 23.0 20.08 12.51 12.92 17.9 13.75 12.71 17.28 14.17 13.96 18.53 14.79 14.37 19.56 16.24 15.83 21.43 18.32 17.07 23.51 20.39 17.9 
18.31 0.0 17.07 14.58 12.71 17.48 15.2 12.92 16.86 14.99 13.13 18.1 15.62 13.34 19.35 17.69 14.79 20.8 20.18 16.65 22.04 22.25 13.0 13.63 16.54 13.63 14.04 15.5 13.0 14.04 16.54 14.25 15.08 17.58 15.5 16.96 20.08 17.58 18.42 23.0 20.08 19.04 12.92 17.9 13.75 12.71 17.28 14.17 13.96 18.53 14.79 14.37 19.56 16.24 15.83 21.43 18.32 17.07 23.51 20.39 17.9 24.55 
21.21 0.0 14.58 12.71 17.48 15.2 12.92 16.86 14.99 13.13 18.1 15.62 13.34 19.35 17.69 14.79 20.8 20.18 16.65 22.04 22.25 18.31 13.63 16.54 13.63 14.04 15.5 13.0 14.04 16.54 14.25 15.08 17.58 15.5 16.96 20.08 17.58 18.42 23.0 20.08 19.04 24.87 17.9 13.75 12.71 17.28 14.17 13.96 18.53 14.79 14.37 19.56 16.24 15.83 21.43 18.32 17.07 23.51 20.39 17.9 24.55 21.85 
23.08 0.0 12.71 17.48 15.2 12.92 16.86 14.99 13.13 18.1 15.62 13.34 19.35 17.69 14.79 20.8 20.18 16.65 22.04 22.25 18.31 21.21 16.54 13.63 14.04 15.5 13.0 14.04 16.54 14.25 15.08 17.58 15.5 16.96 20.08 17.58 18.42 23.0 20.08 19.04 24.87 21.33 13.75 12.71 17.28 14.17 13.96 18.53 14.79 14.37 19.56 16.24 15.83 21.43 18.32 17.07 23.51 20.39 17.9 24.55 21.85 18.32 
18.73 0.0 17.48 15.2 12.92 16.86 14.99 13.13 18.1 15.62 13.34 19.35 17.69 14.79 20.8 20.18 16.65 22.04 22.25 18.31 21.21 23.08 13.63 14.04 15.5 13.0 14.04 16.54 14.25 15.08 17.58 15.5 16.96 20.08 17.58 18.42 23.0 20.08 19.04 24.87 21.33 18.83 12.71 17.28 14.17 13.96 18.53 14.79 14.37 19.56 16.24 15.83 21.43 18.32 17.07 23.51 20.39 17.9 24.55 21.85 18.32 23.51 
19.35 0.0 15.2 12.92 16.86 14.99 13.13 18.1 15.62 13.34 19.35 17.69 14.79 20.8 20.18 16.65 22.04 22.25 18.31 21.21 23.08 18.73 14.04 15.5 13.0 14.04 16.54 14.25 15.08 17.58 15.5 16.96 20.08 17.58 18.42 23.0 20.08 19.04 24.87 21.33 18.83 24.87 17.28 14.17 13.96 18.53 14.79 14.37 19.56 16.24 15.83 21.43 18.32 17.07 23.51 20.39 17.9 24.55 21.85 18.32 23.51 22.26 
23.7 0.0 12.92 16.86 14.99 13.13 18.1 15.62 13.34 19.35 17.69 14.79 20.8 20.18 16.65 22.04 22.25 18.31 21.21 23.08 18.73 19.35 15.5 13.0 14.04 16.54 14.25 15.08 17.58 15.5 16.96 20.08 17.58 18.42 23.0 20.08 19.04 24.87 21.33 18.83 24.87 21.75 14.17 13.96 18.53 14.79 14.37 19.56 16.24 15.83 21.43 18.32 17.07 23.51 20.39 17.9 24.55 21.85 18.32 23.51 22.26 18.11 
18.73 0.0 16.86 14.99 13.13 18.1 15.62 13.34 19.35 17.69 14.79 20.8 20.18 16.65 22.04 22.25 18.31 21.21 23.08 18.73 19.35 23.7 13.0 14.04 16.54 14.25 15.08 17.58 15.5 16.96 20.08 17.58 18.42 23.0 20.08 19.04 24.87 21.33 18.83 24.87 21.75 18.42 13.96 18.53 14.79 14.37 19.56 16.24 15.83 21.43 18.32 17.07 23.51 20.39 17.9 24.55 21.85 18.32 23.51 22.26 18.11 21.22 
17.28 0.0 14.99 13.13 18.1 15.62 13.34 19.35 17.69 14.79 20.8 20.18 16.65 22.04 22.25 18.31 21.21 23.08 18.73 19.35 23.7 18.73 14.04 16.54 14.25 15.08 17.58 15.5 16.96 20.08 17.58 18.42 23.0 20.08 19.04 24.87 21.33 18.83 24.87 21.75 18.42 23.42 18.53 14.79 14.37 19.56 16.24 15.83 21.43 18.32 17.07 23.51 20.39 17.9 24.55 21.85 18.32 23.51 22.26 18.11 21.22 21.64 
22.25 0.0 13.13 18.1 15.62 13.34 19.35 17.69 14.79 20.8 20.18 16.65 22.04 22.25 18.31 21.21 23.08 18.73 19.35 23.7 18.73 17.28 16.54 14.25 15.08 17.58 15.5 16.96 20.08 17.58 18.42 23.0 20.08 19.04 24.87 21.33 18.83 24.87 21.75 18.42 23.42 21.75 14.79 14.37 19.56 16.24 15.83 21.43 18.32 17.07 23.51 20.39 17.9 24.55 21.85 18.32 23.51 22.26 18.11 21.22 21.64 17.7 
18.52 0.0 18.1 15.62 13.34 19.35 17.69 14.79 20.8 20.18 16.65 22.04 22.25 18.31 21.21 23.08 18.73 19.35 23.7 18.73 17.28 22.25 14.25 15.08 17.58 15.5 16.96 20.08 17.58 18.42 23.0 20.08 19.04 24.87 21.33 18.83 24.87 21.75 18.42 23.42 21.75 18.42 14.37 19.56 16.24 15.83 21.43 18.32 17.07 23.51 20.39 17.9 24.55 21.85 18.32 23.51 22.26 18.11 21.22 21.64 17.7 18.11 
15.2 0.0 15.62 13.34 19.35 17.69 14.79 20.8 20.18 16.65 22.04 22.25 18.31 21.21 23.08 18.73 19.35 23.7 18.73 17.28 22.25 18.52 15.08 17.58 15.5 16.96 20.08 17.58 18.42 23.0 20.08 19.04 24.87 21.33 18.83 24.87 21.75 18.42 23.42 21.75 18.42 20.92 19.56 16.24 15.83 21.43 18.32 17.07 23.51 20.39 17.9 24.55 21.85 18.32 23.51 22.26 18.11 21.22 21.64 17.7 18.11 21.64 
19.97 0.0 13.34 19.35 17.69 14.79 20.8 20.18 16.65 22.04 22.25 18.31 21.21 23.08 18.73 19.35 23.7 18.73 17.28 22.25 18.52 15.2 17.58 15.5 16.96 20.08 17.58 18.42 23.0 20.08 19.04 24.87 21.33 18.83 24.87 21.75 18.42 23.42 21.75 18.42 20.92 21.75 16.24 15.83 21.43 18.32 17.07 23.51 20.39 17.9 24.55 21.85 18.32 23.51 22.26 18.11 21.22 21.64 17.7 18.11 21.64 17.49 
18.31 0.0 19.35 17.69 14.79 20.8 20.18 16.65 22.04 22.25 18.31 21.21 23.08 18.73 19.35 23.7 18.73 17.28 22.25 18.52 15.2 19.97 15.5 16.96 20.08 17.58 18.42 23.0 20.08 19.04 24.87 21.33 18.83 24.87 21.75 18.42 23.42 21.75 18.42 20.92 21.75 18.21 15.83 21.43 18.32 17.07 23.51 20.39 17.9 24.55 21.85 18.32 23.51 22.26 18.11 21.22 21.64 17.7 18.11 21.64 17.49 16.24 
14.58 0.0 17.69 14.79 20.8 20.18 16.65 22.04 22.25 18.31 21.21 23.08 18.73 19.35 23.7 18.73 17.28 22.25 18.52 15.2 19.97 18.31 16.96 20.08 17.58 18.42 23.0 20.08 19.04 24.87 21.33 18.83 24.87 21.75 18.42 23.42 21.75 18.42 20.92 21.75 18.21 18.42 21.43 18.32 17.07 23.51 20.39 17.9 24.55 21.85 18.32 23.51 22.26 18.11 21.22 21.64 17.7 18.11 21.64 17.49 16.24 20.6 
18.52 0.0 14.79 20.8 20.18 16.65 22.04 22.25 18.31 21.21 23.08 18.73 19.35 23.7 18.73 17.28 22.25 18.52 15.2 19.97 18.31 14.58 20.08 17.58 18.42 23.0 20.08 19.04 24.87 21.33 18.83 24.87 21.75 18.42 23.42 21.75 18.42 20.92 21.75 18.21 18.42 22.37 18.32 17.07 23.51 20.39 17.9 24.55 21.85 18.32 23.51 22.26 18.11 21.22 21.64 17.7 18.11 21.64 17.49 16.24 20.6 17.07 
18.73 0.0 20.8 20.18 16.65 22.04 22.25 18.31 21.21 23.08 18.73 19.35 23.7 18.73 17.28 22.25 18.52 15.2 19.97 18.31 14.58 18.52 17.58 18.42 23.0 20.08 19.04 24.87 21.33 18.83 24.87 21.75 18.42 23.42 21.75 18.42 20.92 21.75 18.21 18.42 22.37 18.83 17.07 23.51 20.39 17.9 24.55 21.85 18.32 23.51 22.26 18.11 21.22 21.64 17.7 18.11 21.64 17.49 16.24 20.6 17.07 14.79 
14.58 0.0 20.18 16.65 22.04 22.25 18.31 21.21 23.08 18.73 19.35 23.7 18.73 17.28 22.25 18.52 15.2 19.97 18.31 14.58 18.52 18.73 18.42 23.0 20.08 19.04 24.87 21.33 18.83 24.87 21.75 18.42 23.42 21.75 18.42 20.92 21.75 18.21 18.42 22.37 18.83 17.58 23.51 20.39 17.9 24.55 21.85 18.32 23.51 22.26 18.11 21.22 21.64 17.7 18.11 21.64 17.49 16.24 20.6 17.07 14.79 18.94 
11.68 0.0 16.65 22.04 22.25 18.31 21.21 23.08 18.73 19.35 23.7 18.73 17.28 22.25 18.52 15.2 19.97 18.31 14.58 18.52 18.73 14.58 23.0 20.08 19.04 24.87 21.33 18.83 24.87 21.75 18.42 23.42 21.75 18.42 20.92 21.75 18.21 18.42 22.37 18.83 17.58 16.96 20.39 17.9 24.55 21.85 18.32 23.51 22.26 18.11 21.22 21.64 17.7 18.11 21.64 17.49 16.24 20.6 17.07 14.79 18.94 16.66 
9.81 0.0 22.04 22.25 18.31 21.21 23.08 18.73 19.35 23.7 18.73 17.28 22.25 18.52 15.2 19.97 18.31 14.58 18.52 18.73 14.58 11.68 20.08 19.04 24.87 21.33 18.83 24.87 21.75 18.42 23.42 21.75 18.42 20.92 21.75 18.21 18.42 22.37 18.83 17.58 16.96 14.88 17.9 24.55 21.85 18.32 23.51 22.26 18.11 21.22 21.64 17.7 18.11 21.64 17.49 16.24 20.6 17.07 14.79 18.94 16.66 13.96 
7.74 0.0 22.25 18.31 21.21 23.08 18.73 19.35 23.7 18.73 17.28 22.25 18.52 15.2 19.97 18.31 14.58 18.52 18.73 14.58 11.68 9.81 19.04 24.87 21.33 18.83 24.87 21.75 18.42 23.42 21.75 18.42 20.92 21.75 18.21 18.42 22.37 18.83 17.58 16.96 14.88 12.38 24.55 21.85 18.32 23.51 22.26 18.11 21.22 21.64 17.7 18.11 21.64 17.49 16.24 20.6 17.07 14.79 18.94 16.66 13.96 11.47 
5.46 0.0 18.31 21.21 23.08 18.73 19.35 23.7 18.73 17.28 22.25 18.52 15.2 19.97 18.31 14.58 18.52 18.73 14.58 11.68 9.81 7.74 24.87 21.33 18.83 24.87 21.75 18.42 23.42 21.75 18.42 20.92 21.75 18.21 18.42 22.37 18.83 17.58 16.96 14.88 12.38 10.5 21.85 18.32 23.51 22.26 18.11 21.22 21.64 17.7 18.11 21.64 17.49 16.24 20.6 17.07 14.79 18.94 16.66 13.96 11.47 10.22 
4.22 0.0 21.21 23.08 18.73 19.35 23.7 18.73 17.28 22.25 18.52 15.2 19.97 18.31 14.58 18.52 18.73 14.58 11.68 9.81 7.74 5.46 21.33 18.83 24.87 21.75 18.42 23.42 21.75 18.42 20.92 21.75 18.21 18.42 22.37 18.83 17.58 16.96 14.88 12.38 10.5 9.25 18.32 23.51 22.26 18.11 21.22 21.64 17.7 18.11 21.64 17.49 16.24 20.6 17.07 14.79 18.94 16.66 13.96 11.47 10.22 8.35 
3.18 0.0 23.08 18.73 19.35 23.7 18.73 17.28 22.25 18.52 15.2 19.97 18.31 14.58 18.52 18.73 14.58 11.68 9.81 7.74 5.46 4.22 18.83 24.87 21.75 18.42 23.42 21.75 18.42 20.92 21.75 18.21 18.42 22.37 18.83 17.58 16.96 14.88 12.38 10.5 9.25 7.58 23.51 22.26 18.11 21.22 21.64 17.7 18.11 21.64 17.49 16.24 20.6 17.07 14.79 18.94 16.66 13.96 11.47 10.22 8.35 6.49 
1.11 0.0 18.73 19.35 23.7 18.73 17.28 22.25 18.52 15.2 19.97 18.31 14.58 18.52 18.73 14.58 11.68 9.81 7.74 5.46 4.22 3.18 24.87 21.75 18.42 23.42 21.75 18.42 20.92 21.75 18.21 18.42 22.37 18.83 17.58 16.96 14.88 12.38 10.5 9.25 7.58 5.71 22.26 18.11 21.22 21.64 17.7 18.11 21.64 17.49 16.24 20.6 17.07 14.79 18.94 16.66 13.96 11.47 10.22 8.35 6.49 5.65 
-0.14 0.0 19.35 23.7 18.73 17.28 22.25 18.52 15.2 19.97 18.31 14.58 18.52 18.73 14.58 11.68 9.81 7.74 5.46 4.22 3.18 1.11 21.75 18.42 23.42 21.75 18.42 20.92 21.75 18.21 18.42 22.37 18.83 17.58 16.96 14.88 12.38 10.5 9.25 7.58 5.71 5.09 18.11 21.22 21.64 17.7 18.11 21.64 17.49 16.24 20.6 17.07 14.79 18.94 16.66 13.96 11.47 10.22 8.35 6.49 5.65 4.2 
-0.35 0.0 23.7 18.73 17.28 22.25 18.52 15.2 19.97 18.31 14.58 18.52 18.73 14.58 11.68 9.81 7.74 5.46 4.22 3.18 1.11 -0.14 18.42 23.42 21.75 18.42 20.92 21.75 18.21 18.42 22.37 18.83 17.58 16.96 14.88 12.38 10.5 9.25 7.58 5.71 5.09 3.42 21.22 21.64 17.7 18.11 21.64 17.49 16.24 20.6 17.07 14.79 18.94 16.66 13.96 11.47 10.22 8.35 6.49 5.65 4.2 2.13 
-2.21 0.0 18.73 17.28 22.25 18.52 15.2 19.97 18.31 14.58 18.52 18.73 14.58 11.68 9.81 7.74 5.46 4.22 3.18 1.11 -0.14 -0.35 23.42 21.75 18.42 20.92 21.75 18.21 18.42 22.37 18.83 17.58 16.96 14.88 12.38 10.5 9.25 7.58 5.71 5.09 3.42 1.75 21.64 17.7 18.11 21.64 17.49 16.24 20.6 17.07 14.79 18.94 16.66 13.96 11.47 10.22 8.35 6.49 5.65 4.2 2.13 1.71 
-3.46 0.0 17.28 22.25 18.52 15.2 19.97 18.31 14.58 18.52 18.73 14.58 11.68 9.81 7.74 5.46 4.22 3.18 1.11 -0.14 -0.35 -2.21 21.75 18.42 20.92 21.75 18.21 18.42 22.37 18.83 17.58 16.96 14.88 12.38 10.5 9.25 7.58 5.71 5.09 3.42 1.75 1.34 17.7 18.11 21.64 17.49 16.24 20.6 17.07 14.79 18.94 16.66 13.96 11.47 10.22 8.35 6.49 5.65 4.2 2.13 1.71 0.88 
-3.25 0.0 22.25 18.52 15.2 19.97 18.31 14.58 18.52 18.73 14.58 11.68 9.81 7.74 5.46 4.22 3.18 1.11 -0.14 -0.35 -2.21 -3.46 18.42 20.92 21.75 18.21 18.42 22.37 18.83 17.58 16.96 14.88 12.38 10.5 9.25 7.58 5.71 5.09 3.42 1.75 1.34 0.29 18.11 21.64 17.49 16.24 20.6 17.07 14.79 18.94 16.66 13.96 11.47 10.22 8.35 6.49 5.65 4.2 2.13 1.71 0.88 -0.78 
-4.7 0.0 18.52 15.2 19.97 18.31 14.58 18.52 18.73 14.58 11.68 9.81 7.74 5.46 4.22 3.18 1.11 -0.14 -0.35 -2.21 -3.46 -3.25 20.92 21.75 18.21 18.42 22.37 18.83 17.58 16.96 14.88 12.38 10.5 9.25 7.58 5.71 5.09 3.42 1.75 1.34 0.29 -1.58 21.64 17.49 16.24 20.6 17.07 14.79 18.94 16.66 13.96 11.47 10.22 8.35 6.49 5.65 4.2 2.13 1.71 0.88 -0.78 -1.61 
-6.15 0.0 15.2 19.97 18.31 14.58 18.52 18.73 14.58 11.68 9.81 7.74 5.46 4.22 3.18 1.11 -0.14 -0.35 -2.21 -3.46 -3.25 -4.7 21.75 18.21 18.42 22.37 18.83 17.58 16.96 14.88 12.38 10.5 9.25 7.58 5.71 5.09 3.42 1.75 1.34 0.29 -1.58 -1.79 17.49 16.24 20.6 17.07 14.79 18.94 16.66 13.96 11.47 10.22 8.35 6.49 5.65 4.2 2.13 1.71 0.88 -0.78 -1.61 -1.61 
-5.94 0.0 19.97 18.31 14.58 18.52 18.73 14.58 11.68 9.81 7.74 5.46 4.22 3.18 1.11 -0.14 -0.35 -2.21 -3.46 -3.25 -4.7 -6.15 18.21 18.42 22.37 18.83 17.58 16.96 14.88 12.38 10.5 9.25 7.58 5.71 5.09 3.42 1.75 1.34 0.29 -1.58 -1.79 -2.62 16.24 20.6 17.07 14.79 18.94 16.66 13.96 11.47 10.22 8.35 6.49 5.65 4.2 2.13 1.71 0.88 -0.78 -1.61 -1.61 -3.48 
-7.19 0.0 18.31 14.58 18.52 18.73 14.58 11.68 9.81 7.74 5.46 4.22 3.18 1.11 -0.14 -0.35 -2.21 -3.46 -3.25 -4.7 -6.15 -5.94 18.42 22.37 18.83 17.58 16.96 14.88 12.38 10.5 9.25 7.58 5.71 5.09 3.42 1.75 1.34 0.29 -1.58 -1.79 -2.62 -4.29 20.6 17.07 14.79 18.94 16.66 13.96 11.47 10.22 8.35 6.49 5.65 4.2 2.13 1.71 0.88 -0.78 -1.61 -1.61 -3.48 -4.31 
-8.84 0.0 14.58 18.52 18.73 14.58 11.68 9.81 7.74 5.46 4.22 3.18 1.11 -0.14 -0.35 -2.21 -3.46 -3.25 -4.7 -6.15 -5.94 -7.19 22.37 18.83 17.58 16.96 14.88 12.38 10.5 9.25 7.58 5.71 5.09 3.42 1.75 1.34 0.29 -1.58 -1.79 -2.62 -4.29 -5.12 17.07 14.79 18.94 16.66 13.96 11.47 10.22 8.35 6.49 5.65 4.2 2.13 1.71 0.88 -0.78 -1.61 -1.61 -3.48 -4.31 -4.52 
-8.84 0.0 18.52 18.73 14.58 11.68 9.81 7.74 5.46 4.22 3.18 1.11 -0.14 -0.35 -2.21 -3.46 -3.25 -4.7 -6.15 -5.94 -7.19 -8.84 18.83 17.58 16.96 14.88 12.38 10.5 9.25 7.58 5.71 5.09 3.42 1.75 1.34 0.29 -1.58 -1.79 -2.62 -4.29 -5.12 -5.54 14.79 18.94 16.66 13.96 11.47 10.22 8.35 6.49 5.65 4.2 2.13 1.71 0.88 -0.78 -1.61 -1.61 -3.48 -4.31 -4.52 -6.18 
-9.88 0.0 18.73 14.58 11.68 9.81 7.74 5.46 4.22 3.18 1.11 -0.14 -0.35 -2.21 -3.46 -3.25 -4.7 -6.15 -5.94 -7.19 -8.84 -8.84 17.58 16.96 14.88 12.38 10.5 9.25 7.58 5.71 5.09 3.42 1.75 1.34 0.29 -1.58 -1.79 -2.62 -4.29 -5.12 -5.54 -7.2 18.94 16.66 13.96 11.47 10.22 8.35 6.49 5.65 4.2 2.13 1.71 0.88 -0.78 -1.61 -1.61 -3.48 -4.31 -4.52 -6.18 -7.22 
8.67 0.0 14.58 11.68 9.81 7.74 5.46 4.22 3.18 1.11 -0.14 -0.35 -2.21 -3.46 -3.25 -4.7 -6.15 -5.94 -7.19 -8.84 -8.84 -9.88 16.96 14.88 12.38 10.5 9.25 7.58 5.71 5.09 3.42 1.75 1.34 0.29 -1.58 -1.79 -2.62 -4.29 -5.12 -5.54 -7.2 -8.04 16.66 13.96 11.47 10.22 8.35 6.49 5.65 4.2 2.13 1.71 0.88 -0.78 -1.61 -1.61 -3.48 -4.31 -4.52 -6.18 -7.22 -7.42 
8.67 1.0 11.68 9.81 7.74 5.46 4.22 3.18 1.11 -0.14 -0.35 -2.21 -3.46 -3.25 -4.7 -6.15 -5.94 -7.19 -8.84 -8.84 -9.88 8.67 14.88 12.38 10.5 9.25 7.58 5.71 5.09 3.42 1.75 1.34 0.29 -1.58 -1.79 -2.62 -4.29 -5.12 -5.54 -7.2 -8.04 -8.45 13.96 11.47 10.22 8.35 6.49 5.65 4.2 2.13 1.71 0.88 -0.78 -1.61 -1.61 -3.48 -4.31 -4.52 -6.18 -7.22 -7.42 -8.46 
-12.37 1.0 9.81 7.74 5.46 4.22 3.18 1.11 -0.14 -0.35 -2.21 -3.46 -3.25 -4.7 -6.15 -5.94 -7.19 -8.84 -8.84 -9.88 8.67 8.67 12.38 10.5 9.25 7.58 5.71 5.09 3.42 1.75 1.34 0.29 -1.58 -1.79 -2.62 -4.29 -5.12 -5.54 -7.2 -8.04 -8.45 -9.7 11.47 10.22 8.35 6.49 5.65 4.2 2.13 1.71 0.88 -0.78 -1.61 -1.61 -3.48 -4.31 -4.52 -6.18 -7.22 -7.42 -8.46 -9.71 
-13.82 0.0 7.74 5.46 4.22 3.18 1.11 -0.14 -0.35 -2.21 -3.46 -3.25 -4.7 -6.15 -5.94 -7.19 -8.84 -8.84 -9.88 8.67 8.67 -12.37 10.5 9.25 7.58 5.71 5.09 3.42 1.75 1.34 0.29 -1.58 -1.79 -2.62 -4.29 -5.12 -5.54 -7.2 -8.04 -8.45 -9.7 -10.75 10.22 8.35 6.49 5.65 4.2 2.13 1.71 0.88 -0.78 -1.61 -1.61 -3.48 -4.31 -4.52 -6.18 -7.22 -7.42 -8.46 -9.71 -9.92 
-14.23 0.0 5.46 4.22 3.18 1.11 -0.14 -0.35 -2.21 -3.46 -3.25 -4.7 -6.15 -5.94 -7.19 -8.84 -8.84 -9.88 8.67 8.67 -12.37 -13.82 9.25 7.58 5.71 5.09 3.42 1.75 1.34 0.29 -1.58 -1.79 -2.62 -4.29 -5.12 -5.54 -7.2 -8.04 -8.45 -9.7 -10.75 -11.16 8.35 6.49 5.65 4.2 2.13 1.71 0.88 -0.78 -1.61 -1.61 -3.48 -4.31 -4.52 -6.18 -7.22 -7.42 -8.46 -9.71 -9.92 -11.16 
-15.06 0.0 4.22 3.18 1.11 -0.14 -0.35 -2.21 -3.46 -3.25 -4.7 -6.15 -5.94 -7.19 -8.84 -8.84 -9.88 8.67 8.67 -12.37 -13.82 -14.23 7.58 5.71 5.09 3.42 1.75 1.34 0.29 -1.58 -1.79 -2.62 -4.29 -5.12 -5.54 -7.2 -8.04 -8.45 -9.7 -10.75 -11.16 -12.2 6.49 5.65 4.2 2.13 1.71 0.88 -0.78 -1.61 -1.61 -3.48 -4.31 -4.52 -6.18 -7.22 -7.42 -8.46 -9.71 -9.92 -11.16 -11.99 
-15.89 0.0 3.18 1.11 -0.14 -0.35 -2.21 -3.46 -3.25 -4.7 -6.15 -5.94 -7.19 -8.84 -8.84 -9.88 8.67 8.67 -12.37 -13.82 -14.23 -15.06 5.71 5.09 3.42 1.75 1.34 0.29 -1.58 -1.79 -2.62 -4.29 -5.12 -5.54 -7.2 -8.04 -8.45 -9.7 -10.75 -11.16 -12.2 -13.04 5.65 4.2 2.13 1.71 0.88 -0.78 -1.61 -1.61 -3.48 -4.31 -4.52 -6.18 -7.22 -7.42 -8.46 -9.71 -9.92 -11.16 -11.99 -12.61 
-16.72 0.0 1.11 -0.14 -0.35 -2.21 -3.46 -3.25 -4.7 -6.15 -5.94 -7.19 -8.84 -8.84 -9.88 8.67 8.67 -12.37 -13.82 -14.23 -15.06 -15.89 5.09 3.42 1.75 1.34 0.29 -1.58 -1.79 -2.62 -4.29 -5.12 -5.54 -7.2 -8.04 -8.45 -9.7 -10.75 -11.16 -12.2 -13.04 -13.66 4.2 2.13 1.71 0.88 -0.78 -1.61 -1.61 -3.48 -4.31 -4.52 -6.18 -7.22 -7.42 -8.46 -9.71 -9.92 -11.16 -11.99 -12.61 -13.44 
-17.34 0.0 -0.14 -0.35 -2.21 -3.46 -3.25 -4.7 -6.15 -5.94 -7.19 -8.84 -8.84 -9.88 8.67 8.67 -12.37 -13.82 -14.23 -15.06 -15.89 -16.72 3.42 1.75 1.34 0.29 -1.58 -1.79 -2.62 -4.29 -5.12 -5.54 -7.2 -8.04 -8.45 -9.7 -10.75 -11.16 -12.2 -13.04 -13.66 -14.5 2.13 1.71 0.88 -0.78 -1.61 -1.61 -3.48 -4.31 -4.52 -6.18 -7.22 -7.42 -8.46 -9.71 -9.92 -11.16 -11.99 -12.61 -13.44 -14.27 
-18.17 0.0 -0.35 -2.21 -3.46 -3.25 -4.7 -6.15 -5.94 -7.19 -8.84 -8.84 -9.88 8.67 8.67 -12.37 -13.82 -14.23 -15.06 -15.89 -16.72 -17.34 1.75 1.34 0.29 -1.58 -1.79 -2.62 -4.29 -5.12 -5.54 -7.2 -8.04 -8.45 -9.7 -10.75 -11.16 -12.2 -13.04 -13.66 -14.5 -15.33 1.71 0.88 -0.78 -1.61 -1.61 -3.48 -4.31 -4.52 -6.18 -7.22 -7.42 -8.46 -9.71 -9.92 -11.16 -11.99 -12.61 -13.44 -14.27 -14.9 
-14.23 0.0 -2.21 -3.46 -3.25 -4.7 -6.15 -5.94 -7.19 -8.84 -8.84 -9.88 8.67 8.67 -12.37 -13.82 -14.23 -15.06 -15.89 -16.72 -17.34 -18.17 1.34 0.29 -1.58 -1.79 -2.62 -4.29 -5.12 -5.54 -7.2 -8.04 -8.45 -9.7 -10.75 -11.16 -12.2 -13.04 -13.66 -14.5 -15.33 -15.95 0.88 -0.78 -1.61 -1.61 -3.48 -4.31 -4.52 -6.18 -7.22 -7.42 -8.46 -9.71 -9.92 -11.16 -11.99 -12.61 -13.44 -14.27 -14.9 -15.73 
-15.69 0.0 -3.46 -3.25 -4.7 -6.15 -5.94 -7.19 -8.84 -8.84 -9.88 8.67 8.67 -12.37 -13.82 -14.23 -15.06 -15.89 -16.72 -17.34 -18.17 -14.23 0.29 -1.58 -1.79 -2.62 -4.29 -5.12 -5.54 -7.2 -8.04 -8.45 -9.7 -10.75 -11.16 -12.2 -13.04 -13.66 -14.5 -15.33 -15.95 -16.79 -0.78 -1.61 -1.61 -3.48 -4.31 -4.52 -6.18 -7.22 -7.42 -8.46 -9.71 -9.92 -11.16 -11.99 -12.61 -13.44 -14.27 -14.9 -15.73 -11.37 
-14.44 0.0 -3.25 -4.7 -6.15 -5.94 -7.19 -8.84 -8.84 -9.88 8.67 8.67 -12.37 -13.82 -14.23 -15.06 -15.89 -16.72 -17.34 -18.17 -14.23 -15.69 -1.58 -1.79 -2.62 -4.29 -5.12 -5.54 -7.2 -8.04 -8.45 -9.7 -10.75 -11.16 -12.2 -13.04 -13.66 -14.5 -15.33 -15.95 -16.79 -11.16 -1.61 -1.61 -3.48 -4.31 -4.52 -6.18 -7.22 -7.42 -8.46 -9.71 -9.92 -11.16 -11.99 -12.61 -13.44 -14.27 -14.9 -15.73 -11.37 -8.46 
-6.56 0.0 -4.7 -6.15 -5.94 -7.19 -8.84 -8.84 -9.88 8.67 8.67 -12.37 -13.82 -14.23 -15.06 -15.89 -16.72 -17.34 -18.17 -14.23 -15.69 -14.44 -1.79 -2.62 -4.29 -5.12 -5.54 -7.2 -8.04 -8.45 -9.7 -10.75 -11.16 -12.2 -13.04 -13.66 -14.5 -15.33 -15.95 -16.79 -11.16 -10.95 -1.61 -3.48 -4.31 -4.52 -6.18 -7.22 -7.42 -8.46 -9.71 -9.92 -11.16 -11.99 -12.61 -13.44 -14.27 -14.9 -15.73 -11.37 -8.46 -11.37 
-9.26 0.0 -6.15 -5.94 -7.19 -8.84 -8.84 -9.88 8.67 8.67 -12.37 -13.82 -14.23 -15.06 -15.89 -16.72 -17.34 -18.17 -14.23 -15.69 -14.44 -6.56 -2.62 -4.29 -5.12 -5.54 -7.2 -8.04 -8.45 -9.7 -10.75 -11.16 -12.2 -13.04 -13.66 -14.5 -15.33 -15.95 -16.79 -11.16 -10.95 -12.2 -3.48 -4.31 -4.52 -6.18 -7.22 -7.42 -8.46 -9.71 -9.92 -11.16 -11.99 -12.61 -13.44 -14.27 -14.9 -15.73 -11.37 -8.46 -11.37 -8.05 
-10.09 0.0 -5.94 -7.19 -8.84 -8.84 -9.88 8.67 8.67 -12.37 -13.82 -14.23 -15.06 -15.89 -16.72 -17.34 -18.17 -14.23 -15.69 -14.44 -6.56 -9.26 -4.29 -5.12 -5.54 -7.2 -8.04 -8.45 -9.7 -10.75 -11.16 -12.2 -13.04 -13.66 -14.5 -15.33 -15.95 -16.79 -11.16 -10.95 -12.2 -7.2 -4.31 -4.52 -6.18 -7.22 -7.42 -8.46 -9.71 -9.92 -11.16 -11.99 -12.61 -13.44 -14.27 -14.9 -15.73 -11.37 -8.46 -11.37 -8.05 -4.1 
-2.21 0.0 -7.19 -8.84 -8.84 -9.88 8.67 8.67 -12.37 -13.82 -14.23 -15.06 -15.89 -16.72 -17.34 -18.17 -14.23 -15.69 -14.44 -6.56 -9.26 -10.09 -5.12 -5.54 -7.2 -8.04 -8.45 -9.7 -10.75 -11.16 -12.2 -13.04 -13.66 -14.5 -15.33 -15.95 -16.79 -11.16 -10.95 -12.2 -7.2 -6.16 -4.52 -6.18 -7.22 -7.42 -8.46 -9.71 -9.92 -11.16 -11.99 -12.61 -13.44 -14.27 -14.9 -15.73 -11.37 -8.46 -11.37 -8.05 -4.1 -7.63 
-4.91 0.0 -8.84 -8.84 -9.88 8.67 8.67 -12.37 -13.82 -14.23 -15.06 -15.89 -16.72 -17.34 -18.17 -14.23 -15.69 -14.44 -6.56 -9.26 -10.09 -2.21 -5.54 -7.2 -8.04 -8.45 -9.7 -10.75 -11.16 -12.2 -13.04 -13.66 -14.5 -15.33 -15.95 -16.79 -11.16 -10.95 -12.2 -7.2 -6.16 -8.45 -6.18 -7.22 -7.42 -8.46 -9.71 -9.92 -11.16 -11.99 -12.61 -13.44 -14.27 -14.9 -15.73 -11.37 -8.46 -11.37 -8.05 -4.1 -7.63 -6.39 
-7.39 0.0 -8.84 -9.88 8.67 8.67 -12.37 -13.82 -14.23 -15.06 -15.89 -16.72 -17.34 -18.17 -14.23 -15.69 -14.44 -6.56 -9.26 -10.09 -2.21 -4.91 -7.2 -8.04 -8.45 -9.7 -10.75 -11.16 -12.2 -13.04 -13.66 -14.5 -15.33 -15.95 -16.79 -11.16 -10.95 -12.2 -7.2 -6.16 -8.45 -5.12 -7.22 -7.42 -8.46 -9.71 -9.92 -11.16 -11.99 -12.61 -13.44 -14.27 -14.9 -15.73 -11.37 -8.46 -11.37 -8.05 -4.1 -7.63 -6.39 -0.57 
0.48 0.0 -9.88 8.67 8.67 -12.37 -13.82 -14.23 -15.06 -15.89 -16.72 -17.34 -18.17 -14.23 -15.69 -14.44 -6.56 -9.26 -10.09 -2.21 -4.91 -7.39 -8.04 -8.45 -9.7 -10.75 -11.16 -12.2 -13.04 -13.66 -14.5 -15.33 -15.95 -16.79 -11.16 -10.95 -12.2 -7.2 -6.16 -8.45 -5.12 -2.0 -7.42 -8.46 -9.71 -9.92 -11.16 -11.99 -12.61 -13.44 -14.27 -14.9 -15.73 -11.37 -8.46 -11.37 -8.05 -4.1 -7.63 -6.39 -0.57 -4.52 
-0.97 0.0 8.67 8.67 -12.37 -13.82 -14.23 -15.06 -15.89 -16.72 -17.34 -18.17 -14.23 -15.69 -14.44 -6.56 -9.26 -10.09 -2.21 -4.91 -7.39 0.48 -8.45 -9.7 -10.75 -11.16 -12.2 -13.04 -13.66 -14.5 -15.33 -15.95 -16.79 -11.16 -10.95 -12.2 -7.2 -6.16 -8.45 -5.12 -2.0 -5.12 -8.46 -9.71 -9.92 -11.16 -11.99 -12.61 -13.44 -14.27 -14.9 -15.73 -11.37 -8.46 -11.37 -8.05 -4.1 -7.63 -6.39 -0.57 -4.52 -5.76 
-4.28 0.0 8.67 -12.37 -13.82 -14.23 -15.06 -15.89 -16.72 -17.34 -18.17 -14.23 -15.69 -14.44 -6.56 -9.26 -10.09 -2.21 -4.91 -7.39 0.48 -0.97 -9.7 -10.75 -11.16 -12.2 -13.04 -13.66 -14.5 -15.33 -15.95 -16.79 -11.16 -10.95 -12.2 -7.2 -6.16 -8.45 -5.12 -2.0 -5.12 -4.08 -9.71 -9.92 -11.16 -11.99 -12.61 -13.44 -14.27 -14.9 -15.73 -11.37 -8.46 -11.37 -8.05 -4.1 -7.63 -6.39 -0.57 -4.52 -5.76 1.5 
0.9 0.0 -12.37 -13.82 -14.23 -15.06 -15.89 -16.72 -17.34 -18.17 -14.23 -15.69 -14.44 -6.56 -9.26 -10.09 -2.21 -4.91 -7.39 0.48 -0.97 -4.28 -10.75 -11.16 -12.2 -13.04 -13.66 -14.5 -15.33 -15.95 -16.79 -11.16 -10.95 -12.2 -7.2 -6.16 -8.45 -5.12 -2.0 -5.12 -4.08 1.34 -9.92 -11.16 -11.99 -12.61 -13.44 -14.27 -14.9 -15.73 -11.37 -8.46 -11.37 -8.05 -4.1 -7.63 -6.39 -0.57 -4.52 -5.76 1.5 -1.82 
1.93 0.0 -13.82 -14.23 -15.06 -15.89 -16.72 -17.34 -18.17 -14.23 -15.69 -14.44 -6.56 -9.26 -10.09 -2.21 -4.91 -7.39 0.48 -0.97 -4.28 0.9 -11.16 -12.2 -13.04 -13.66 -14.5 -15.33 -15.95 -16.79 -11.16 -10.95 -12.2 -7.2 -6.16 -8.45 -5.12 -2.0 -5.12 -4.08 1.34 -2.0 -11.16 -11.99 -12.61 -13.44 -14.27 -14.9 -15.73 -11.37 -8.46 -11.37 -8.05 -4.1 -7.63 -6.39 -0.57 -4.52 -5.76 1.5 -1.82 -4.31 
-1.59 0.0 -14.23 -15.06 -15.89 -16.72 -17.34 -18.17 -14.23 -15.69 -14.44 -6.56 -9.26 -10.09 -2.21 -4.91 -7.39 0.48 -0.97 -4.28 0.9 1.93 -12.2 -13.04 -13.66 -14.5 -15.33 -15.95 -16.79 -11.16 -10.95 -12.2 -7.2 -6.16 -8.45 -5.12 -2.0 -5.12 -4.08 1.34 -2.0 -2.83 -11.99 -12.61 -13.44 -14.27 -14.9 -15.73 -11.37 -8.46 -11.37 -8.05 -4.1 -7.63 -6.39 -0.57 -4.52 -5.76 1.5 -1.82 -4.31 1.92 
-0.35 0.0 -15.06 -15.89 -16.72 -17.34 -18.17 -14.23 -15.69 -14.44 -6.56 -9.26 -10.09 -2.21 -4.91 -7.39 0.48 -0.97 -4.28 0.9 1.93 -1.59 -13.04 -13.66 -14.5 -15.33 -15.95 -16.79 -11.16 -10.95 -12.2 -7.2 -6.16 -8.45 -5.12 -2.0 -5.12 -4.08 1.34 -2.0 -2.83 3.63 -12.61 -13.44 -14.27 -14.9 -15.73 -11.37 -8.46 -11.37 -8.05 -4.1 -7.63 -6.39 -0.57 -4.52 -5.76 1.5 -1.82 -4.31 1.92 0.67 
4.01 0.0 -15.89 -16.72 -17.34 -18.17 -14.23 -15.69 -14.44 -6.56 -9.26 -10.09 -2.21 -4.91 -7.39 0.48 -0.97 -4.28 0.9 1.93 -1.59 -0.35 -13.66 -14.5 -15.33 -15.95 -16.79 -11.16 -10.95 -12.2 -7.2 -6.16 -8.45 -5.12 -2.0 -5.12 -4.08 1.34 -2.0 -2.83 3.63 1.13 -13.44 -14.27 -14.9 -15.73 -11.37 -8.46 -11.37 -8.05 -4.1 -7.63 -6.39 -0.57 -4.52 -5.76 1.5 -1.82 -4.31 1.92 0.67 -1.82 
0.69 0.0 -16.72 -17.34 -18.17 -14.23 -15.69 -14.44 -6.56 -9.26 -10.09 -2.21 -4.91 -7.39 0.48 -0.97 -4.28 0.9 1.93 -1.59 -0.35 4.01 -14.5 -15.33 -15.95 -16.79 -11.16 -10.95 -12.2 -7.2 -6.16 -8.45 -5.12 -2.0 -5.12 -4.08 1.34 -2.0 -2.83 3.63 1.13 -0.96 -14.27 -14.9 -15.73 -11.37 -8.46 -11.37 -8.05 -4.1 -7.63 -6.39 -0.57 -4.52 -5.76 1.5 -1.82 -4.31 1.92 0.67 -1.82 1.3 
-0.14 0.0 -17.34 -18.17 -14.23 -15.69 -14.44 -6.56 -9.26 -10.09 -2.21 -4.91 -7.39 0.48 -0.97 -4.28 0.9 1.93 -1.59 -0.35 4.01 0.69 -15.33 -15.95 -16.79 -11.16 -10.95 -12.2 -7.2 -6.16 -8.45 -5.12 -2.0 -5.12 -4.08 1.34 -2.0 -2.83 3.63 1.13 -0.96 4.88 -14.9 -15.73 -11.37 -8.46 -11.37 -8.05 -4.1 -7.63 -6.39 -0.57 -4.52 -5.76 1.5 -1.82 -4.31 1.92 0.67 -1.82 1.3 2.54 
4.01 0.0 -18.17 -14.23 -15.69 -14.44 -6.56 -9.26 -10.09 -2.21 -4.91 -7.39 0.48 -0.97 -4.28 0.9 1.93 -1.59 -0.35 4.01 0.69 -0.14 -15.95 -16.79 -11.16 -10.95 -12.2 -7.2 -6.16 -8.45 -5.12 -2.0 -5.12 -4.08 1.34 -2.0 -2.83 3.63 1.13 -0.96 4.88 4.25 -15.73 -11.37 -8.46 -11.37 -8.05 -4.1 -7.63 -6.39 -0.57 -4.52 -5.76 1.5 -1.82 -4.31 1.92 0.67 -1.82 1.3 2.54 0.26 
2.35 0.0 -14.23 -15.69 -14.44 -6.56 -9.26 -10.09 -2.21 -4.91 -7.39 0.48 -0.97 -4.28 0.9 1.93 -1.59 -0.35 4.01 0.69 -0.14 4.01 -16.79 -11.16 -10.95 -12.2 -7.2 -6.16 -8.45 -5.12 -2.0 -5.12 -4.08 1.34 -2.0 -2.83 3.63 1.13 -0.96 4.88 4.25 1.75 -11.37 -8.46 -11.37 -8.05 -4.1 -7.63 -6.39 -0.57 -4.52 -5.76 1.5 -1.82 -4.31 1.92 0.67 -1.82 1.3 2.54 0.26 1.3 
1.31 0.0 -15.69 -14.44 -6.56 -9.26 -10.09 -2.21 -4.91 -7.39 0.48 -0.97 -4.28 0.9 1.93 -1.59 -0.35 4.01 0.69 -0.14 4.01 2.35 -11.16 -10.95 -12.2 -7.2 -6.16 -8.45 -5.12 -2.0 -5.12 -4.08 1.34 -2.0 -2.83 3.63 1.13 -0.96 4.88 4.25 1.75 3.42 -8.46 -11.37 -8.05 -4.1 -7.63 -6.39 -0.57 -4.52 -5.76 1.5 -1.82 -4.31 1.92 0.67 -1.82 1.3 2.54 0.26 1.3 5.03 
4.84 0.0 -14.44 -6.56 -9.26 -10.09 -2.21 -4.91 -7.39 0.48 -0.97 -4.28 0.9 1.93 -1.59 -0.35 4.01 0.69 -0.14 4.01 2.35 1.31 -10.95 -12.2 -7.2 -6.16 -8.45 -5.12 -2.0 -5.12 -4.08 1.34 -2.0 -2.83 3.63 1.13 -0.96 4.88 4.25 1.75 3.42 8.21 -11.37 -8.05 -4.1 -7.63 -6.39 -0.57 -4.52 -5.76 1.5 -1.82 -4.31 1.92 0.67 -1.82 1.3 2.54 0.26 1.3 5.03 2.54 
6.29 0.0 -6.56 -9.26 -10.09 -2.21 -4.91 -7.39 0.48 -0.97 -4.28 0.9 1.93 -1.59 -0.35 4.01 0.69 -0.14 4.01 2.35 1.31 4.84 -12.2 -7.2 -6.16 -8.45 -5.12 -2.0 -5.12 -4.08 1.34 -2.0 -2.83 3.63 1.13 -0.96 4.88 4.25 1.75 3.42 8.21 5.5 -8.05 -4.1 -7.63 -6.39 -0.57 -4.52 -5.76 1.5 -1.82 -4.31 1.92 0.67 -1.82 1.3 2.54 0.26 1.3 5.03 2.54 2.75 
4.42 0.0 -9.26 -10.09 -2.21 -4.91 -7.39 0.48 -0.97 -4.28 0.9 1.93 -1.59 -0.35 4.01 0.69 -0.14 4.01 2.35 1.31 4.84 6.29 -7.2 -6.16 -8.45 -5.12 -2.0 -5.12 -4.08 1.34 -2.0 -2.83 3.63 1.13 -0.96 4.88 4.25 1.75 3.42 8.21 5.5 5.29 -4.1 -7.63 -6.39 -0.57 -4.52 -5.76 1.5 -1.82 -4.31 1.92 0.67 -1.82 1.3 2.54 0.26 1.3 5.03 2.54 2.75 6.07 
5.46 0.0 -10.09 -2.21 -4.91 -7.39 0.48 -0.97 -4.28 0.9 1.93 -1.59 -0.35 4.01 0.69 -0.14 4.01 2.35 1.31 4.84 6.29 4.42 -6.16 -8.45 -5.12 -2.0 -5.12 -4.08 1.34 -2.0 -2.83 3.63 1.13 -0.96 4.88 4.25 1.75 3.42 8.21 5.5 5.29 10.29 -7.63 -6.39 -0.57 -4.52 -5.76 1.5 -1.82 -4.31 1.92 0.67 -1.82 1.3 2.54 0.26 1.3 5.03 2.54 2.75 6.07 7.32 
11.26 0.0 -2.21 -4.91 -7.39 0.48 -0.97 -4.28 0.9 1.93 -1.59 -0.35 4.01 0.69 -0.14 4.01 2.35 1.31 4.84 6.29 4.42 5.46 -8.45 -5.12 -2.0 -5.12 -4.08 1.34 -2.0 -2.83 3.63 1.13 -0.96 4.88 4.25 1.75 3.42 8.21 5.5 5.29 10.29 9.25 -6.39 -0.57 -4.52 -5.76 1.5 -1.82 -4.31 1.92 0.67 -1.82 1.3 2.54 0.26 1.3 5.03 2.54 2.75 6.07 7.32 6.28 
8.78 0.0 -4.91 -7.39 0.48 -0.97 -4.28 0.9 1.93 -1.59 -0.35 4.01 0.69 -0.14 4.01 2.35 1.31 4.84 6.29 4.42 5.46 11.26 -5.12 -2.0 -5.12 -4.08 1.34 -2.0 -2.83 3.63 1.13 -0.96 4.88 4.25 1.75 3.42 8.21 5.5 5.29 10.29 9.25 8.42 -0.57 -4.52 -5.76 1.5 -1.82 -4.31 1.92 0.67 -1.82 1.3 2.54 0.26 1.3 5.03 2.54 2.75 6.07 7.32 6.28 8.77 
8.15 0.0 -7.39 0.48 -0.97 -4.28 0.9 1.93 -1.59 -0.35 4.01 0.69 -0.14 4.01 2.35 1.31 4.84 6.29 4.42 5.46 11.26 8.78 -2.0 -5.12 -4.08 1.34 -2.0 -2.83 3.63 1.13 -0.96 4.88 4.25 1.75 3.42 8.21 5.5 5.29 10.29 9.25 8.42 11.33 -4.52 -5.76 1.5 -1.82 -4.31 1.92 0.67 -1.82 1.3 2.54 0.26 1.3 5.03 2.54 2.75 6.07 7.32 6.28 8.77 12.92 
14.37 0.0 0.48 -0.97 -4.28 0.9 1.93 -1.59 -0.35 4.01 0.69 -0.14 4.01 2.35 1.31 4.84 6.29 4.42 5.46 11.26 8.78 8.15 -5.12 -4.08 1.34 -2.0 -2.83 3.63 1.13 -0.96 4.88 4.25 1.75 3.42 8.21 5.5 5.29 10.29 9.25 8.42 11.33 13.63 -5.76 1.5 -1.82 -4.31 1.92 0.67 -1.82 1.3 2.54 0.26 1.3 5.03 2.54 2.75 6.07 7.32 6.28 8.77 12.92 9.81 
12.51 0.0 -0.97 -4.28 0.9 1.93 -1.59 -0.35 4.01 0.69 -0.14 4.01 2.35 1.31 4.84 6.29 4.42 5.46 11.26 8.78 8.15 14.37 -4.08 1.34 -2.0 -2.83 3.63 1.13 -0.96 4.88 4.25 1.75 3.42 8.21 5.5 5.29 10.29 9.25 8.42 11.33 13.63 11.13 1.5 -1.82 -4.31 1.92 0.67 -1.82 1.3 2.54 0.26 1.3 5.03 2.54 2.75 6.07 7.32 6.28 8.77 12.92 9.81 10.22 
11.26 0.0 -4.28 0.9 1.93 -1.59 -0.35 4.01 0.69 -0.14 4.01 2.35 1.31 4.84 6.29 4.42 5.46 11.26 8.78 8.15 14.37 12.51 1.34 -2.0 -2.83 3.63 1.13 -0.96 4.88 4.25 1.75 3.42 8.21 5.5 5.29 10.29 9.25 8.42 11.33 13.63 11.13 12.38 -1.82 -4.31 1.92 0.67 -1.82 1.3 2.54 0.26 1.3 5.03 2.54 2.75 6.07 7.32 6.28 8.77 12.92 9.81 10.22 16.03 
16.24 0.0 0.9 1.93 -1.59 -0.35 4.01 0.69 -0.14 4.01 2.35 1.31 4.84 6.29 4.42 5.46 11.26 8.78 8.15 14.37 12.51 11.26 -2.0 -2.83 3.63 1.13 -0.96 4.88 4.25 1.75 3.42 8.21 5.5 5.29 10.29 9.25 8.42 11.33 13.63 11.13 12.38 15.92 -4.31 1.92 0.67 -1.82 1.3 2.54 0.26 1.3 5.03 2.54 2.75 6.07 7.32 6.28 8.77 12.92 9.81 10.22 16.03 12.51 
15.2 0.0 1.93 -1.59 -0.35 4.01 0.69 -0.14 4.01 2.35 1.31 4.84 6.29 4.42 5.46 11.26 8.78 8.15 14.37 12.51 11.26 16.24 -2.83 3.63 1.13 -0.96 4.88 4.25 1.75 3.42 8.21 5.5 5.29 10.29 9.25 8.42 11.33 13.63 11.13 12.38 15.92 12.79 1.92 0.67 -1.82 1.3 2.54 0.26 1.3 5.03 2.54 2.75 6.07 7.32 6.28 8.77 12.92 9.81 10.22 16.03 12.51 11.47 
12.71 0.0 -1.59 -0.35 4.01 0.69 -0.14 4.01 2.35 1.31 4.84 6.29 4.42 5.46 11.26 8.78 8.15 14.37 12.51 11.26 16.24 15.2 3.63 1.13 -0.96 4.88 4.25 1.75 3.42 8.21 5.5 5.29 10.29 9.25 8.42 11.33 13.63 11.13 12.38 15.92 12.79 13.0 0.67 -1.82 1.3 2.54 0.26 1.3 5.03 2.54 2.75 6.07 7.32 6.28 8.77 12.92 9.81 10.22 16.03 12.51 11.47 16.66 
16.65 0.0 -0.35 4.01 0.69 -0.14 4.01 2.35 1.31 4.84 6.29 4.42 5.46 11.26 8.78 8.15 14.37 12.51 11.26 16.24 15.2 12.71 1.13 -0.96 4.88 4.25 1.75 3.42 8.21 5.5 5.29 10.29 9.25 8.42 11.33 13.63 11.13 12.38 15.92 12.79 13.0 15.92 -1.82 1.3 2.54 0.26 1.3 5.03 2.54 2.75 6.07 7.32 6.28 8.77 12.92 9.81 10.22 16.03 12.51 11.47 16.66 13.75 
15.41 0.0 4.01 0.69 -0.14 4.01 2.35 1.31 4.84 6.29 4.42 5.46 11.26 8.78 8.15 14.37 12.51 11.26 16.24 15.2 12.71 16.65 -0.96 4.88 4.25 1.75 3.42 8.21 5.5 5.29 10.29 9.25 8.42 11.33 13.63 11.13 12.38 15.92 12.79 13.0 15.92 13.21 1.3 2.54 0.26 1.3 5.03 2.54 2.75 6.07 7.32 6.28 8.77 12.92 9.81 10.22 16.03 12.51 11.47 16.66 13.75 12.92 
13.13 0.0 0.69 -0.14 4.01 2.35 1.31 4.84 6.29 4.42 5.46 11.26 8.78 8.15 14.37 12.51 11.26 16.24 15.2 12.71 16.65 15.41 4.88 4.25 1.75 3.42 8.21 5.5 5.29 10.29 9.25 8.42 11.33 13.63 11.13 12.38 15.92 12.79 13.0 15.92 13.21 13.63 2.54 0.26 1.3 5.03 2.54 2.75 6.07 7.32 6.28 8.77 12.92 9.81 10.22 16.03 12.51 11.47 16.66 13.75 12.92 18.11 
17.69 0.0 -0.14 4.01 2.35 1.31 4.84 6.29 4.42 5.46 11.26 8.78 8.15 14.37 12.51 11.26 16.24 15.2 12.71 16.65 15.41 13.13 4.25 1.75 3.42 8.21 5.5 5.29 10.29 9.25 8.42 11.33 13.63 11.13 12.38 15.92 12.79 13.0 15.92 13.21 13.63 16.75 0.26 1.3 5.03 2.54 2.75 6.07 7.32 6.28 8.77 12.92 9.81 10.22 16.03 12.51 11.47 16.66 13.75 12.92 18.11 14.79 
16.03 0.0 4.01 2.35 1.31 4.84 6.29 4.42 5.46 11.26 8.78 8.15 14.37 12.51 11.26 16.24 15.2 12.71 16.65 15.41 13.13 17.69 1.75 3.42 8.21 5.5 5.29 10.29 9.25 8.42 11.33 13.63 11.13 12.38 15.92 12.79 13.0 15.92 13.21 13.63 16.75 14.46 1.3 5.03 2.54 2.75 6.07 7.32 6.28 8.77 12.92 9.81 10.22 16.03 12.51 11.47 16.66 13.75 12.92 18.11 14.79 13.54 
13.34 0.0 2.35 1.31 4.84 6.29 4.42 5.46 11.26 8.78 8.15 14.37 12.51 11.26 16.24 15.2 12.71 16.65 15.41 13.13 17.69 16.03 3.42 8.21 5.5 5.29 10.29 9.25 8.42 11.33 13.63 11.13 12.38 15.92 12.79 13.0 15.92 13.21 13.63 16.75 14.46 14.67 5.03 2.54 2.75 6.07 7.32 6.28 8.77 12.92 9.81 10.22 16.03 12.51 11.47 16.66 13.75 12.92 18.11 14.79 13.54 18.94 
18.1 0.0 1.31 4.84 6.29 4.42 5.46 11.26 8.78 8.15 14.37 12.51 11.26 16.24 15.2 12.71 16.65 15.41 13.13 17.69 16.03 13.34 8.21 5.5 5.29 10.29 9.25 8.42 11.33 13.63 11.13 12.38 15.92 12.79 13.0 15.92 13.21 13.63 16.75 14.46 14.67 17.17 2.54 2.75 6.07 7.32 6.28 8.77 12.92 9.81 10.22 16.03 12.51 11.47 16.66 13.75 12.92 18.11 14.79 13.54 18.94 16.03 
