23.49
19.14
15.62
20.59
19.35
15.62
17.9
17.9
15.2
13.75
11.47
10.02
8.15
6.08
4.84
3.59
1.52
0.28
-0.55
-2.42
-3.66
-3.87
-5.53
-6.77
-6.36
-7.6
-9.05
-8.84
-9.67
-11.33
-11.75
-12.37
-13.61
-14.44
-14.65
-15.89
-16.72
-17.14
-17.97
-18.38
-17.55
-18.17
-10.5
-9.47
-11.54
-6.77
-3.87
-7.19
-5.53
0.69
-3.04
-4.91
2.97
0.48
-2.63
1.93
2.97
0.07
1.52
3.8
1.31
1.31
5.67
6.08
4.84
6.08
11.68
9.81
8.78
14.17
13.54
11.06
14.37
15.2
12.3
14.37
16.86
13.54
14.79
19.14
15.41
16.03
21.42
17.28
16.86
23.08
18.73
16.45
22.87
20.18
17.28
23.29
22.04
17.9
21.63
23.08
18.31
18.93
22.87
18.31
16.45
22.25
18.31
14.99
19.97
17.69
14.79
12.09
10.02
8.98
6.7
5.04
4.01
2.56
0.48
-0.14
-1.38
-3.25
-3.66
17.92a
17.92a
17.92a
17.92a
17.92a
17.92a
17.92a
17.92a
17.92a
17.92a
17.92a
17.92a
17.92a
17.92a
17.92a
17.92a
17.92a
17.92a
17.92a
17.92a
17.92a
17.92a
17.92a
17.92a
17.92a
17.92a
17.92a
17.92a
17.92a
-4.28
-1.38
2.35
-1.38
-2.0
4.63
1.52
-0.76
2.14
3.18
0.9
1.31
3.18
2.35
2.35
4.84
9.4
7.32
7.95
14.58
11.47
10.43
16.45
14.17
12.3
16.86
16.24
13.96
17.28
18.31
14.99
17.69
20.18
16.03
17.28
20.8
16.45
16.24
22.66
18.52
16.65
23.7
19.97
16.45
23.29
21.21
16.86
21.21
22.04
17.48
18.1
22.04
17.69
15.62
20.18
17.48
14.37
11.47
9.81
