0.0 23.49 19.14 15.62 20.59 19.35 15.62 17.9 17.9 15.2 13.75 11.47 10.02 8.15 6.08 4.84 3.59 1.52 0.28 -0.55 -2.42 18.62 20.71 22.58 18.62 17.79 22.79 18.83 16.75 20.5 19.67 16.96 14.04 12.17 10.71 8.42 6.54 5.71 3.84 1.96 1.34 18.53 22.47 18.11 15.83 20.81 17.7 15.0 18.32 17.07 15.0 12.92 11.47 10.43 8.77 6.69 6.07 4.41 2.75 1.71 0.88
0.0 19.14 15.62 20.59 19.35 15.62 17.9 17.9 15.2 13.75 11.47 10.02 8.15 6.08 4.84 3.59 1.52 0.28 -0.55 -2.42 -3.66 20.71 22.58 18.62 17.79 22.79 18.83 16.75 20.5 19.67 16.96 14.04 12.17 10.71 8.42 6.54 5.71 3.84 1.96 1.34 -0.12 22.47 18.11 15.83 20.81 17.7 15.0 18.32 17.07 15.0 12.92 11.47 10.43 8.77 6.69 6.07 4.41 2.75 1.71 0.88 -1.2
0.0 15.62 20.59 19.35 15.62 17.9 17.9 15.2 13.75 11.47 10.02 8.15 6.08 4.84 3.59 1.52 0.28 -0.55 -2.42 -3.66 -3.87 22.58 18.62 17.79 22.79 18.83 16.75 20.5 19.67 16.96 14.04 12.17 10.71 8.42 6.54 5.71 3.84 1.96 1.34 -0.12 -1.79 18.11 15.83 20.81 17.7 15.0 18.32 17.07 15.0 12.92 11.47 10.43 8.77 6.69 6.07 4.41 2.75 1.71 0.88 -1.2 -1.82
0.0 20.59 19.35 15.62 17.9 17.9 15.2 13.75 11.47 10.02 8.15 6.08 4.84 3.59 1.52 0.28 -0.55 -2.42 -3.66 -3.87 -5.53 18.62 17.79 22.79 18.83 16.75 20.5 19.67 16.96 14.04 12.17 10.71 8.42 6.54 5.71 3.84 1.96 1.34 -0.12 -1.79 -2.41 15.83 20.81 17.7 15.0 18.32 17.07 15.0 12.92 11.47 10.43 8.77 6.69 6.07 4.41 2.75 1.71 0.88 -1.2 -1.82 -2.44
0.0 19.35 15.62 17.9 17.9 15.2 13.75 11.47 10.02 8.15 6.08 4.84 3.59 1.52 0.28 -0.55 -2.42 -3.66 -3.87 -5.53 -6.77 17.79 22.79 18.83 16.75 20.5 19.67 16.96 14.04 12.17 10.71 8.42 6.54 5.71 3.84 1.96 1.34 -0.12 -1.79 -2.41 -3.25 20.81 17.7 15.0 18.32 17.07 15.0 12.92 11.47 10.43 8.77 6.69 6.07 4.41 2.75 1.71 0.88 -1.2 -1.82 -2.44 -4.1
0.0 15.62 17.9 17.9 15.2 13.75 11.47 10.02 8.15 6.08 4.84 3.59 1.52 0.28 -0.55 -2.42 -3.66 -3.87 -5.53 -6.77 -6.36 22.79 18.83 16.75 20.5 19.67 16.96 14.04 12.17 10.71 8.42 6.54 5.71 3.84 1.96 1.34 -0.12 -1.79 -2.41 -3.25 -4.91 17.7 15.0 18.32 17.07 15.0 12.92 11.47 10.43 8.77 6.69 6.07 4.41 2.75 1.71 0.88 -1.2 -1.82 -2.44 -4.1 -4.93
0.0 17.9 17.9 15.2 13.75 11.47 10.02 8.15 6.08 4.84 3.59 1.52 0.28 -0.55 -2.42 -3.66 -3.87 -5.53 -6.77 -6.36 -7.6 18.83 16.75 20.5 19.67 16.96 14.04 12.17 10.71 8.42 6.54 5.71 3.84 1.96 1.34 -0.12 -1.79 -2.41 -3.25 -4.91 -5.33 15.0 18.32 17.07 15.0 12.92 11.47 10.43 8.77 6.69 6.07 4.41 2.75 1.71 0.88 -1.2 -1.82 -2.44 -4.1 -4.93 -4.52
0.0 17.9 15.2 13.75 11.47 10.02 8.15 6.08 4.84 3.59 1.52 0.28 -0.55 -2.42 -3.66 -3.87 -5.53 -6.77 -6.36 -7.6 -9.05 16.75 20.5 19.67 16.96 14.04 12.17 10.71 8.42 6.54 5.71 3.84 1.96 1.34 -0.12 -1.79 -2.41 -3.25 -4.91 -5.33 -5.75 18.32 17.07 15.0 12.92 11.47 10.43 8.77 6.69 6.07 4.41 2.75 1.71 0.88 -1.2 -1.82 -2.44 -4.1 -4.93 -4.52 -5.97
0.0 15.2 13.75 11.47 10.02 8.15 6.08 4.84 3.59 1.52 0.28 -0.55 -2.42 -3.66 -3.87 -5.53 -6.77 -6.36 -7.6 -9.05 -8.84 20.5 19.67 16.96 14.04 12.17 10.71 8.42 6.54 5.71 3.84 1.96 1.34 -0.12 -1.79 -2.41 -3.25 -4.91 -5.33 -5.75 -7.2 17.07 15.0 12.92 11.47 10.43 8.77 6.69 6.07 4.41 2.75 1.71 0.88 -1.2 -1.82 -2.44 -4.1 -4.93 -4.52 -5.97 -7.22
0.0 13.75 11.47 10.02 8.15 6.08 4.84 3.59 1.52 0.28 -0.55 -2.42 -3.66 -3.87 -5.53 -6.77 -6.36 -7.6 -9.05 -8.84 -9.67 19.67 16.96 14.04 12.17 10.71 8.42 6.54 5.71 3.84 1.96 1.34 -0.12 -1.79 -2.41 -3.25 -4.91 -5.33 -5.75 -7.2 -8.25 15.0 12.92 11.47 10.43 8.77 6.69 6.07 4.41 2.75 1.71 0.88 -1.2 -1.82 -2.44 -4.1 -4.93 -4.52 -5.97 -7.22 -7.01
0.0 11.47 10.02 8.15 6.08 4.84 3.59 1.52 0.28 -0.55 -2.42 -3.66 -3.87 -5.53 -6.77 -6.36 -7.6 -9.05 -8.84 -9.67 -11.33 16.96 14.04 12.17 10.71 8.42 6.54 5.71 3.84 1.96 1.34 -0.12 -1.79 -2.41 -3.25 -4.91 -5.33 -5.75 -7.2 -8.25 -8.45 12.92 11.47 10.43 8.77 6.69 6.07 4.41 2.75 1.71 0.88 -1.2 -1.82 -2.44 -4.1 -4.93 -4.52 -5.97 -7.22 -7.01 -8.46
0.0 10.02 8.15 6.08 4.84 3.59 1.52 0.28 -0.55 -2.42 -3.66 -3.87 -5.53 -6.77 -6.36 -7.6 -9.05 -8.84 -9.67 -11.33 -11.75 14.04 12.17 10.71 8.42 6.54 5.71 3.84 1.96 1.34 -0.12 -1.79 -2.41 -3.25 -4.91 -5.33 -5.75 -7.2 -8.25 -8.45 -9.7 11.47 10.43 8.77 6.69 6.07 4.41 2.75 1.71 0.88 -1.2 -1.82 -2.44 -4.1 -4.93 -4.52 -5.97 -7.22 -7.01 -8.46 -9.71
0.0 8.15 6.08 4.84 3.59 1.52 0.28 -0.55 -2.42 -3.66 -3.87 -5.53 -6.77 -6.36 -7.6 -9.05 -8.84 -9.67 -11.33 -11.75 -12.37 12.17 10.71 8.42 6.54 5.71 3.84 1.96 1.34 -0.12 -1.79 -2.41 -3.25 -4.91 -5.33 -5.75 -7.2 -8.25 -8.45 -9.7 -10.75 10.43 8.77 6.69 6.07 4.41 2.75 1.71 0.88 -1.2 -1.82 -2.44 -4.1 -4.93 -4.52 -5.97 -7.22 -7.01 -8.46 -9.71 -10.12
0.0 6.08 4.84 3.59 1.52 0.28 -0.55 -2.42 -3.66 -3.87 -5.53 -6.77 -6.36 -7.6 -9.05 -8.84 -9.67 -11.33 -11.75 -12.37 -13.61 10.71 8.42 6.54 5.71 3.84 1.96 1.34 -0.12 -1.79 -2.41 -3.25 -4.91 -5.33 -5.75 -7.2 -8.25 -8.45 -9.7 -10.75 -11.16 8.77 6.69 6.07 4.41 2.75 1.71 0.88 -1.2 -1.82 -2.44 -4.1 -4.93 -4.52 -5.97 -7.22 -7.01 -8.46 -9.71 -10.12 -10.75
0.0 4.84 3.59 1.52 0.28 -0.55 -2.42 -3.66 -3.87 -5.53 -6.77 -6.36 -7.6 -9.05 -8.84 -9.67 -11.33 -11.75 -12.37 -13.61 -14.44 8.42 6.54 5.71 3.84 1.96 1.34 -0.12 -1.79 -2.41 -3.25 -4.91 -5.33 -5.75 -7.2 -8.25 -8.45 -9.7 -10.75 -11.16 -12.2 6.69 6.07 4.41 2.75 1.71 0.88 -1.2 -1.82 -2.44 -4.1 -4.93 -4.52 -5.97 -7.22 -7.01 -8.46 -9.71 -10.12 -10.75 -12.2
0.0 3.59 1.52 0.28 -0.55 -2.42 -3.66 -3.87 -5.53 -6.77 -6.36 -7.6 -9.05 -8.84 -9.67 -11.33 -11.75 -12.37 -13.61 -14.44 -14.65 6.54 5.71 3.84 1.96 1.34 -0.12 -1.79 -2.41 -3.25 -4.91 -5.33 -5.75 -7.2 -8.25 -8.45 -9.7 -10.75 -11.16 -12.2 -13.04 6.07 4.41 2.75 1.71 0.88 -1.2 -1.82 -2.44 -4.1 -4.93 -4.52 -5.97 -7.22 -7.01 -8.46 -9.71 -10.12 -10.75 -12.2 -12.41
0.0 1.52 0.28 -0.55 -2.42 -3.66 -3.87 -5.53 -6.77 -6.36 -7.6 -9.05 -8.84 -9.67 -11.33 -11.75 -12.37 -13.61 -14.44 -14.65 -15.89 5.71 3.84 1.96 1.34 -0.12 -1.79 -2.41 -3.25 -4.91 -5.33 -5.75 -7.2 -8.25 -8.45 -9.7 -10.75 -11.16 -12.2 -13.04 -13.66 4.41 2.75 1.71 0.88 -1.2 -1.82 -2.44 -4.1 -4.93 -4.52 -5.97 -7.22 -7.01 -8.46 -9.71 -10.12 -10.75 -12.2 -12.41 -13.24
0.0 0.28 -0.55 -2.42 -3.66 -3.87 -5.53 -6.77 -6.36 -7.6 -9.05 -8.84 -9.67 -11.33 -11.75 -12.37 -13.61 -14.44 -14.65 -15.89 -16.72 3.84 1.96 1.34 -0.12 -1.79 -2.41 -3.25 -4.91 -5.33 -5.75 -7.2 -8.25 -8.45 -9.7 -10.75 -11.16 -12.2 -13.04 -13.66 -14.5 2.75 1.71 0.88 -1.2 -1.82 -2.44 -4.1 -4.93 -4.52 -5.97 -7.22 -7.01 -8.46 -9.71 -10.12 -10.75 -12.2 -12.41 -13.24 -14.27
0.0 -0.55 -2.42 -3.66 -3.87 -5.53 -6.77 -6.36 -7.6 -9.05 -8.84 -9.67 -11.33 -11.75 -12.37 -13.61 -14.44 -14.65 -15.89 -16.72 -17.14 1.96 1.34 -0.12 -1.79 -2.41 -3.25 -4.91 -5.33 -5.75 -7.2 -8.25 -8.45 -9.7 -10.75 -11.16 -12.2 -13.04 -13.66 -14.5 -15.33 1.71 0.88 -1.2 -1.82 -2.44 -4.1 -4.93 -4.52 -5.97 -7.22 -7.01 -8.46 -9.71 -10.12 -10.75 -12.2 -12.41 -13.24 -14.27 -14.9
0.0 -2.42 -3.66 -3.87 -5.53 -6.77 -6.36 -7.6 -9.05 -8.84 -9.67 -11.33 -11.75 -12.37 -13.61 -14.44 -14.65 -15.89 -16.72 -17.14 -17.97 1.34 -0.12 -1.79 -2.41 -3.25 -4.91 -5.33 -5.75 -7.2 -8.25 -8.45 -9.7 -10.75 -11.16 -12.2 -13.04 -13.66 -14.5 -15.33 -15.95 0.88 -1.2 -1.82 -2.44 -4.1 -4.93 -4.52 -5.97 -7.22 -7.01 -8.46 -9.71 -10.12 -10.75 -12.2 -12.41 -13.24 -14.27 -14.9 -15.52
0.0 -3.66 -3.87 -5.53 -6.77 -6.36 -7.6 -9.05 -8.84 -9.67 -11.33 -11.75 -12.37 -13.61 -14.44 -14.65 -15.89 -16.72 -17.14 -17.97 -18.38 -0.12 -1.79 -2.41 -3.25 -4.91 -5.33 -5.75 -7.2 -8.25 -8.45 -9.7 -10.75 -11.16 -12.2 -13.04 -13.66 -14.5 -15.33 -15.95 -16.58 -1.2 -1.82 -2.44 -4.1 -4.93 -4.52 -5.97 -7.22 -7.01 -8.46 -9.71 -10.12 -10.75 -12.2 -12.41 -13.24 -14.27 -14.9 -15.52 -16.14
0.0 -3.87 -5.53 -6.77 -6.36 -7.6 -9.05 -8.84 -9.67 -11.33 -11.75 -12.37 -13.61 -14.44 -14.65 -15.89 -16.72 -17.14 -17.97 -18.38 -17.55 -1.79 -2.41 -3.25 -4.91 -5.33 -5.75 -7.2 -8.25 -8.45 -9.7 -10.75 -11.16 -12.2 -13.04 -13.66 -14.5 -15.33 -15.95 -16.58 -14.29 -1.82 -2.44 -4.1 -4.93 -4.52 -5.97 -7.22 -7.01 -8.46 -9.71 -10.12 -10.75 -12.2 -12.41 -13.24 -14.27 -14.9 -15.52 -16.14 -9.5
0.0 -5.53 -6.77 -6.36 -7.6 -9.05 -8.84 -9.67 -11.33 -11.75 -12.37 -13.61 -14.44 -14.65 -15.89 -16.72 -17.14 -17.97 -18.38 -17.55 -18.17 -2.41 -3.25 -4.91 -5.33 -5.75 -7.2 -8.25 -8.45 -9.7 -10.75 -11.16 -12.2 -13.04 -13.66 -14.5 -15.33 -15.95 -16.58 -14.29 -10.33 -2.44 -4.1 -4.93 -4.52 -5.97 -7.22 -7.01 -8.46 -9.71 -10.12 -10.75 -12.2 -12.41 -13.24 -14.27 -14.9 -15.52 -16.14 -9.5 -11.78
0.0 -6.77 -6.36 -7.6 -9.05 -8.84 -9.67 -11.33 -11.75 -12.37 -13.61 -14.44 -14.65 -15.89 -16.72 -17.14 -17.97 -18.38 -17.55 -18.17 -10.5 -3.25 -4.91 -5.33 -5.75 -7.2 -8.25 -8.45 -9.7 -10.75 -11.16 -12.2 -13.04 -13.66 -14.5 -15.33 -15.95 -16.58 -14.29 -10.33 -12.2 -4.1 -4.93 -4.52 -5.97 -7.22 -7.01 -8.46 -9.71 -10.12 -10.75 -12.2 -12.41 -13.24 -14.27 -14.9 -15.52 -16.14 -9.5 -11.78 -12.41
0.0 -6.36 -7.6 -9.05 -8.84 -9.67 -11.33 -11.75 -12.37 -13.61 -14.44 -14.65 -15.89 -16.72 -17.14 -17.97 -18.38 -17.55 -18.17 -10.5 -9.47 -4.91 -5.33 -5.75 -7.2 -8.25 -8.45 -9.7 -10.75 -11.16 -12.2 -13.04 -13.66 -14.5 -15.33 -15.95 -16.58 -14.29 -10.33 -12.2 -11.79 -4.93 -4.52 -5.97 -7.22 -7.01 -8.46 -9.71 -10.12 -10.75 -12.2 -12.41 -13.24 -14.27 -14.9 -15.52 -16.14 -9.5 -11.78 -12.41 -4.93
0.0 -7.6 -9.05 -8.84 -9.67 -11.33 -11.75 -12.37 -13.61 -14.44 -14.65 -15.89 -16.72 -17.14 -17.97 -18.38 -17.55 -18.17 -10.5 -9.47 -11.54 -5.33 -5.75 -7.2 -8.25 -8.45 -9.7 -10.75 -11.16 -12.2 -13.04 -13.66 -14.5 -15.33 -15.95 -16.58 -14.29 -10.33 -12.2 -11.79 -5.33 -4.52 -5.97 -7.22 -7.01 -8.46 -9.71 -10.12 -10.75 -12.2 -12.41 -13.24 -14.27 -14.9 -15.52 -16.14 -9.5 -11.78 -12.41 -4.93 -7.01
0.0 -9.05 -8.84 -9.67 -11.33 -11.75 -12.37 -13.61 -14.44 -14.65 -15.89 -16.72 -17.14 -17.97 -18.38 -17.55 -18.17 -10.5 -9.47 -11.54 -6.77 -5.75 -7.2 -8.25 -8.45 -9.7 -10.75 -11.16 -12.2 -13.04 -13.66 -14.5 -15.33 -15.95 -16.58 -14.29 -10.33 -12.2 -11.79 -5.33 -8.25 -5.97 -7.22 -7.01 -8.46 -9.71 -10.12 -10.75 -12.2 -12.41 -13.24 -14.27 -14.9 -15.52 -16.14 -9.5 -11.78 -12.41 -4.93 -7.01 -9.5
0.0 -8.84 -9.67 -11.33 -11.75 -12.37 -13.61 -14.44 -14.65 -15.89 -16.72 -17.14 -17.97 -18.38 -17.55 -18.17 -10.5 -9.47 -11.54 -6.77 -3.87 -7.2 -8.25 -8.45 -9.7 -10.75 -11.16 -12.2 -13.04 -13.66 -14.5 -15.33 -15.95 -16.58 -14.29 -10.33 -12.2 -11.79 -5.33 -8.25 -9.5 -7.22 -7.01 -8.46 -9.71 -10.12 -10.75 -12.2 -12.41 -13.24 -14.27 -14.9 -15.52 -16.14 -9.5 -11.78 -12.41 -4.93 -7.01 -9.5 -2.86
0.0 -9.67 -11.33 -11.75 -12.37 -13.61 -14.44 -14.65 -15.89 -16.72 -17.14 -17.97 -18.38 -17.55 -18.17 -10.5 -9.47 -11.54 -6.77 -3.87 -7.19 -8.25 -8.45 -9.7 -10.75 -11.16 -12.2 -13.04 -13.66 -14.5 -15.33 -15.95 -16.58 -14.29 -10.33 -12.2 -11.79 -5.33 -8.25 -9.5 -2.41 -7.01 -8.46 -9.71 -10.12 -10.75 -12.2 -12.41 -13.24 -14.27 -14.9 -15.52 -16.14 -9.5 -11.78 -12.41 -4.93 -7.01 -9.5 -2.86 -3.48
0.0 -11.33 -11.75 -12.37 -13.61 -14.44 -14.65 -15.89 -16.72 -17.14 -17.97 -18.38 -17.55 -18.17 -10.5 -9.47 -11.54 -6.77 -3.87 -7.19 -5.53 -8.45 -9.7 -10.75 -11.16 -12.2 -13.04 -13.66 -14.5 -15.33 -15.95 -16.58 -14.29 -10.33 -12.2 -11.79 -5.33 -8.25 -9.5 -2.41 -4.29 -8.46 -9.71 -10.12 -10.75 -12.2 -12.41 -13.24 -14.27 -14.9 -15.52 -16.14 -9.5 -11.78 -12.41 -4.93 -7.01 -9.5 -2.86 -3.48 -6.39
0.0 -11.75 -12.37 -13.61 -14.44 -14.65 -15.89 -16.72 -17.14 -17.97 -18.38 -17.55 -18.17 -10.5 -9.47 -11.54 -6.77 -3.87 -7.19 -5.53 0.69 -9.7 -10.75 -11.16 -12.2 -13.04 -13.66 -14.5 -15.33 -15.95 -16.58 -14.29 -10.33 -12.2 -11.79 -5.33 -8.25 -9.5 -2.41 -4.29 -6.79 -9.71 -10.12 -10.75 -12.2 -12.41 -13.24 -14.27 -14.9 -15.52 -16.14 -9.5 -11.78 -12.41 -4.93 -7.01 -9.5 -2.86 -3.48 -6.39 -3.06
0.0 -12.37 -13.61 -14.44 -14.65 -15.89 -16.72 -17.14 -17.97 -18.38 -17.55 -18.17 -10.5 -9.47 -11.54 -6.77 -3.87 -7.19 -5.53 0.69 -3.04 -10.75 -11.16 -12.2 -13.04 -13.66 -14.5 -15.33 -15.95 -16.58 -14.29 -10.33 -12.2 -11.79 -5.33 -8.25 -9.5 -2.41 -4.29 -6.79 -1.16 -10.12 -10.75 -12.2 -12.41 -13.24 -14.27 -14.9 -15.52 -16.14 -9.5 -11.78 -12.41 -4.93 -7.01 -9.5 -2.86 -3.48 -6.39 -3.06 0.05
0.0 -13.61 -14.44 -14.65 -15.89 -16.72 -17.14 -17.97 -18.38 -17.55 -18.17 -10.5 -9.47 -11.54 -6.77 -3.87 -7.19 -5.53 0.69 -3.04 -4.91 -11.16 -12.2 -13.04 -13.66 -14.5 -15.33 -15.95 -16.58 -14.29 -10.33 -12.2 -11.79 -5.33 -8.25 -9.5 -2.41 -4.29 -6.79 -1.16 -0.54 -10.75 -12.2 -12.41 -13.24 -14.27 -14.9 -15.52 -16.14 -9.5 -11.78 -12.41 -4.93 -7.01 -9.5 -2.86 -3.48 -6.39 -3.06 0.05 -3.48
0.0 -14.44 -14.65 -15.89 -16.72 -17.14 -17.97 -18.38 -17.55 -18.17 -10.5 -9.47 -11.54 -6.77 -3.87 -7.19 -5.53 0.69 -3.04 -4.91 2.97 -12.2 -13.04 -13.66 -14.5 -15.33 -15.95 -16.58 -14.29 -10.33 -12.2 -11.79 -5.33 -8.25 -9.5 -2.41 -4.29 -6.79 -1.16 -0.54 -3.46 -12.2 -12.41 -13.24 -14.27 -14.9 -15.52 -16.14 -9.5 -11.78 -12.41 -4.93 -7.01 -9.5 -2.86 -3.48 -6.39 -3.06 0.05 -3.48 -3.06
0.0 -14.65 -15.89 -16.72 -17.14 -17.97 -18.38 -17.55 -18.17 -10.5 -9.47 -11.54 -6.77 -3.87 -7.19 -5.53 0.69 -3.04 -4.91 2.97 0.48 -13.04 -13.66 -14.5 -15.33 -15.95 -16.58 -14.29 -10.33 -12.2 -11.79 -5.33 -8.25 -9.5 -2.41 -4.29 -6.79 -1.16 -0.54 -3.46 -0.54 -12.41 -13.24 -14.27 -14.9 -15.52 -16.14 -9.5 -11.78 -12.41 -4.93 -7.01 -9.5 -2.86 -3.48 -6.39 -3.06 0.05 -3.48 -3.06 2.54
0.0 -15.89 -16.72 -17.14 -17.97 -18.38 -17.55 -18.17 -10.5 -9.47 -11.54 -6.77 -3.87 -7.19 -5.53 0.69 -3.04 -4.91 2.97 0.48 -2.63 -13.66 -14.5 -15.33 -15.95 -16.58 -14.29 -10.33 -12.2 -11.79 -5.33 -8.25 -9.5 -2.41 -4.29 -6.79 -1.16 -0.54 -3.46 -0.54 3.21 -13.24 -14.27 -14.9 -15.52 -16.14 -9.5 -11.78 -12.41 -4.93 -7.01 -9.5 -2.86 -3.48 -6.39 -3.06 0.05 -3.48 -3.06 2.54 -0.78
0.0 -16.72 -17.14 -17.97 -18.38 -17.55 -18.17 -10.5 -9.47 -11.54 -6.77 -3.87 -7.19 -5.53 0.69 -3.04 -4.91 2.97 0.48 -2.63 1.93 -14.5 -15.33 -15.95 -16.58 -14.29 -10.33 -12.2 -11.79 -5.33 -8.25 -9.5 -2.41 -4.29 -6.79 -1.16 -0.54 -3.46 -0.54 3.21 -0.33 -14.27 -14.9 -15.52 -16.14 -9.5 -11.78 -12.41 -4.93 -7.01 -9.5 -2.86 -3.48 -6.39 -3.06 0.05 -3.48 -3.06 2.54 -0.78 -2.23
0.0 -17.14 -17.97 -18.38 -17.55 -18.17 -10.5 -9.47 -11.54 -6.77 -3.87 -7.19 -5.53 0.69 -3.04 -4.91 2.97 0.48 -2.63 1.93 2.97 -15.33 -15.95 -16.58 -14.29 -10.33 -12.2 -11.79 -5.33 -8.25 -9.5 -2.41 -4.29 -6.79 -1.16 -0.54 -3.46 -0.54 3.21 -0.33 -0.75 -14.9 -15.52 -16.14 -9.5 -11.78 -12.41 -4.93 -7.01 -9.5 -2.86 -3.48 -6.39 -3.06 0.05 -3.48 -3.06 2.54 -0.78 -2.23 2.96
0.0 -17.97 -18.38 -17.55 -18.17 -10.5 -9.47 -11.54 -6.77 -3.87 -7.19 -5.53 0.69 -3.04 -4.91 2.97 0.48 -2.63 1.93 2.97 0.07 -15.95 -16.58 -14.29 -10.33 -12.2 -11.79 -5.33 -8.25 -9.5 -2.41 -4.29 -6.79 -1.16 -0.54 -3.46 -0.54 3.21 -0.33 -0.75 5.71 -15.52 -16.14 -9.5 -11.78 -12.41 -4.93 -7.01 -9.5 -2.86 -3.48 -6.39 -3.06 0.05 -3.48 -3.06 2.54 -0.78 -2.23 2.96 1.3
0.0 -18.38 -17.55 -18.17 -10.5 -9.47 -11.54 -6.77 -3.87 -7.19 -5.53 0.69 -3.04 -4.91 2.97 0.48 -2.63 1.93 2.97 0.07 1.52 -16.58 -14.29 -10.33 -12.2 -11.79 -5.33 -8.25 -9.5 -2.41 -4.29 -6.79 -1.16 -0.54 -3.46 -0.54 3.21 -0.33 -0.75 5.71 3.0 -16.14 -9.5 -11.78 -12.41 -4.93 -7.01 -9.5 -2.86 -3.48 -6.39 -3.06 0.05 -3.48 -3.06 2.54 -0.78 -2.23 2.96 1.3 -0.16
0.0 -17.55 -18.17 -10.5 -9.47 -11.54 -6.77 -3.87 -7.19 -5.53 0.69 -3.04 -4.91 2.97 0.48 -2.63 1.93 2.97 0.07 1.52 3.8 -14.29 -10.33 -12.2 -11.79 -5.33 -8.25 -9.5 -2.41 -4.29 -6.79 -1.16 -0.54 -3.46 -0.54 3.21 -0.33 -0.75 5.71 3.0 1.34 -9.5 -11.78 -12.41 -4.93 -7.01 -9.5 -2.86 -3.48 -6.39 -3.06 0.05 -3.48 -3.06 2.54 -0.78 -2.23 2.96 1.3 -0.16 2.54
0.0 -18.17 -10.5 -9.47 -11.54 -6.77 -3.87 -7.19 -5.53 0.69 -3.04 -4.91 2.97 0.48 -2.63 1.93 2.97 0.07 1.52 3.8 1.31 -10.33 -12.2 -11.79 -5.33 -8.25 -9.5 -2.41 -4.29 -6.79 -1.16 -0.54 -3.46 -0.54 3.21 -0.33 -0.75 5.71 3.0 1.34 4.04 -11.78 -12.41 -4.93 -7.01 -9.5 -2.86 -3.48 -6.39 -3.06 0.05 -3.48 -3.06 2.54 -0.78 -2.23 2.96 1.3 -0.16 2.54 4.41
0.0 -10.5 -9.47 -11.54 -6.77 -3.87 -7.19 -5.53 0.69 -3.04 -4.91 2.97 0.48 -2.63 1.93 2.97 0.07 1.52 3.8 1.31 1.31 -12.2 -11.79 -5.33 -8.25 -9.5 -2.41 -4.29 -6.79 -1.16 -0.54 -3.46 -0.54 3.21 -0.33 -0.75 5.71 3.0 1.34 4.04 7.79 -12.41 -4.93 -7.01 -9.5 -2.86 -3.48 -6.39 -3.06 0.05 -3.48 -3.06 2.54 -0.78 -2.23 2.96 1.3 -0.16 2.54 4.41 2.13
0.0 -9.47 -11.54 -6.77 -3.87 -7.19 -5.53 0.69 -3.04 -4.91 2.97 0.48 -2.63 1.93 2.97 0.07 1.52 3.8 1.31 1.31 5.67 -11.79 -5.33 -8.25 -9.5 -2.41 -4.29 -6.79 -1.16 -0.54 -3.46 -0.54 3.21 -0.33 -0.75 5.71 3.0 1.34 4.04 7.79 5.09 -4.93 -7.01 -9.5 -2.86 -3.48 -6.39 -3.06 0.05 -3.48 -3.06 2.54 -0.78 -2.23 2.96 1.3 -0.16 2.54 4.41 2.13 3.16
0.0 -11.54 -6.77 -3.87 -7.19 -5.53 0.69 -3.04 -4.91 2.97 0.48 -2.63 1.93 2.97 0.07 1.52 3.8 1.31 1.31 5.67 6.08 -5.33 -8.25 -9.5 -2.41 -4.29 -6.79 -1.16 -0.54 -3.46 -0.54 3.21 -0.33 -0.75 5.71 3.0 1.34 4.04 7.79 5.09 6.13 -7.01 -9.5 -2.86 -3.48 -6.39 -3.06 0.05 -3.48 -3.06 2.54 -0.78 -2.23 2.96 1.3 -0.16 2.54 4.41 2.13 3.16 6.28
0.0 -6.77 -3.87 -7.19 -5.53 0.69 -3.04 -4.91 2.97 0.48 -2.63 1.93 2.97 0.07 1.52 3.8 1.31 1.31 5.67 6.08 4.84 -8.25 -9.5 -2.41 -4.29 -6.79 -1.16 -0.54 -3.46 -0.54 3.21 -0.33 -0.75 5.71 3.0 1.34 4.04 7.79 5.09 6.13 10.92 -9.5 -2.86 -3.48 -6.39 -3.06 0.05 -3.48 -3.06 2.54 -0.78 -2.23 2.96 1.3 -0.16 2.54 4.41 2.13 3.16 6.28 7.52
0.0 -3.87 -7.19 -5.53 0.69 -3.04 -4.91 2.97 0.48 -2.63 1.93 2.97 0.07 1.52 3.8 1.31 1.31 5.67 6.08 4.84 6.08 -9.5 -2.41 -4.29 -6.79 -1.16 -0.54 -3.46 -0.54 3.21 -0.33 -0.75 5.71 3.0 1.34 4.04 7.79 5.09 6.13 10.92 9.67 -2.86 -3.48 -6.39 -3.06 0.05 -3.48 -3.06 2.54 -0.78 -2.23 2.96 1.3 -0.16 2.54 4.41 2.13 3.16 6.28 7.52 6.9
0.0 -7.19 -5.53 0.69 -3.04 -4.91 2.97 0.48 -2.63 1.93 2.97 0.07 1.52 3.8 1.31 1.31 5.67 6.08 4.84 6.08 11.68 -2.41 -4.29 -6.79 -1.16 -0.54 -3.46 -0.54 3.21 -0.33 -0.75 5.71 3.0 1.34 4.04 7.79 5.09 6.13 10.92 9.67 9.25 -3.48 -6.39 -3.06 0.05 -3.48 -3.06 2.54 -0.78 -2.23 2.96 1.3 -0.16 2.54 4.41 2.13 3.16 6.28 7.52 6.9 9.18
0.0 -5.53 0.69 -3.04 -4.91 2.97 0.48 -2.63 1.93 2.97 0.07 1.52 3.8 1.31 1.31 5.67 6.08 4.84 6.08 11.68 9.81 -4.29 -6.79 -1.16 -0.54 -3.46 -0.54 3.21 -0.33 -0.75 5.71 3.0 1.34 4.04 7.79 5.09 6.13 10.92 9.67 9.25 11.75 -6.39 -3.06 0.05 -3.48 -3.06 2.54 -0.78 -2.23 2.96 1.3 -0.16 2.54 4.41 2.13 3.16 6.28 7.52 6.9 9.18 13.96
0.0 0.69 -3.04 -4.91 2.97 0.48 -2.63 1.93 2.97 0.07 1.52 3.8 1.31 1.31 5.67 6.08 4.84 6.08 11.68 9.81 8.78 -6.79 -1.16 -0.54 -3.46 -0.54 3.21 -0.33 -0.75 5.71 3.0 1.34 4.04 7.79 5.09 6.13 10.92 9.67 9.25 11.75 14.88 -3.06 0.05 -3.48 -3.06 2.54 -0.78 -2.23 2.96 1.3 -0.16 2.54 4.41 2.13 3.16 6.28 7.52 6.9 9.18 13.96 10.64
0.0 -3.04 -4.91 2.97 0.48 -2.63 1.93 2.97 0.07 1.52 3.8 1.31 1.31 5.67 6.08 4.84 6.08 11.68 9.81 8.78 14.17 -1.16 -0.54 -3.46 -0.54 3.21 -0.33 -0.75 5.71 3.0 1.34 4.04 7.79 5.09 6.13 10.92 9.67 9.25 11.75 14.88 11.96 0.05 -3.48 -3.06 2.54 -0.78 -2.23 2.96 1.3 -0.16 2.54 4.41 2.13 3.16 6.28 7.52 6.9 9.18 13.96 10.64 10.22
0.0 -4.91 2.97 0.48 -2.63 1.93 2.97 0.07 1.52 3.8 1.31 1.31 5.67 6.08 4.84 6.08 11.68 9.81 8.78 14.17 13.54 -0.54 -3.46 -0.54 3.21 -0.33 -0.75 5.71 3.0 1.34 4.04 7.79 5.09 6.13 10.92 9.67 9.25 11.75 14.88 11.96 12.17 -3.48 -3.06 2.54 -0.78 -2.23 2.96 1.3 -0.16 2.54 4.41 2.13 3.16 6.28 7.52 6.9 9.18 13.96 10.64 10.22 16.45
0.0 2.97 0.48 -2.63 1.93 2.97 0.07 1.52 3.8 1.31 1.31 5.67 6.08 4.84 6.08 11.68 9.81 8.78 14.17 13.54 11.06 -3.46 -0.54 3.21 -0.33 -0.75 5.71 3.0 1.34 4.04 7.79 5.09 6.13 10.92 9.67 9.25 11.75 14.88 11.96 12.17 16.33 -3.06 2.54 -0.78 -2.23 2.96 1.3 -0.16 2.54 4.41 2.13 3.16 6.28 7.52 6.9 9.18 13.96 10.64 10.22 16.45 13.54
0.0 0.48 -2.63 1.93 2.97 0.07 1.52 3.8 1.31 1.31 5.67 6.08 4.84 6.08 11.68 9.81 8.78 14.17 13.54 11.06 14.37 -0.54 3.21 -0.33 -0.75 5.71 3.0 1.34 4.04 7.79 5.09 6.13 10.92 9.67 9.25 11.75 14.88 11.96 12.17 16.33 13.21 2.54 -0.78 -2.23 2.96 1.3 -0.16 2.54 4.41 2.13 3.16 6.28 7.52 6.9 9.18 13.96 10.64 10.22 16.45 13.54 11.68
0.0 -2.63 1.93 2.97 0.07 1.52 3.8 1.31 1.31 5.67 6.08 4.84 6.08 11.68 9.81 8.78 14.17 13.54 11.06 14.37 15.2 3.21 -0.33 -0.75 5.71 3.0 1.34 4.04 7.79 5.09 6.13 10.92 9.67 9.25 11.75 14.88 11.96 12.17 16.33 13.21 12.17 -0.78 -2.23 2.96 1.3 -0.16 2.54 4.41 2.13 3.16 6.28 7.52 6.9 9.18 13.96 10.64 10.22 16.45 13.54 11.68 16.87
0.0 1.93 2.97 0.07 1.52 3.8 1.31 1.31 5.67 6.08 4.84 6.08 11.68 9.81 8.78 14.17 13.54 11.06 14.37 15.2 12.3 -0.33 -0.75 5.71 3.0 1.34 4.04 7.79 5.09 6.13 10.92 9.67 9.25 11.75 14.88 11.96 12.17 16.33 13.21 12.17 16.75 -2.23 2.96 1.3 -0.16 2.54 4.41 2.13 3.16 6.28 7.52 6.9 9.18 13.96 10.64 10.22 16.45 13.54 11.68 16.87 14.79
0.0 2.97 0.07 1.52 3.8 1.31 1.31 5.67 6.08 4.84 6.08 11.68 9.81 8.78 14.17 13.54 11.06 14.37 15.2 12.3 14.37 -0.75 5.71 3.0 1.34 4.04 7.79 5.09 6.13 10.92 9.67 9.25 11.75 14.88 11.96 12.17 16.33 13.21 12.17 16.75 13.83 2.96 1.3 -0.16 2.54 4.41 2.13 3.16 6.28 7.52 6.9 9.18 13.96 10.64 10.22 16.45 13.54 11.68 16.87 14.79 12.3
0.0 0.07 1.52 3.8 1.31 1.31 5.67 6.08 4.84 6.08 11.68 9.81 8.78 14.17 13.54 11.06 14.37 15.2 12.3 14.37 16.86 5.71 3.0 1.34 4.04 7.79 5.09 6.13 10.92 9.67 9.25 11.75 14.88 11.96 12.17 16.33 13.21 12.17 16.75 13.83 12.79 1.3 -0.16 2.54 4.41 2.13 3.16 6.28 7.52 6.9 9.18 13.96 10.64 10.22 16.45 13.54 11.68 16.87 14.79 12.3 17.07
0.0 1.52 3.8 1.31 1.31 5.67 6.08 4.84 6.08 11.68 9.81 8.78 14.17 13.54 11.06 14.37 15.2 12.3 14.37 16.86 13.54 3.0 1.34 4.04 7.79 5.09 6.13 10.92 9.67 9.25 11.75 14.88 11.96 12.17 16.33 13.21 12.17 16.75 13.83 12.79 16.96 -0.16 2.54 4.41 2.13 3.16 6.28 7.52 6.9 9.18 13.96 10.64 10.22 16.45 13.54 11.68 16.87 14.79 12.3 17.07 15.83
0.0 3.8 1.31 1.31 5.67 6.08 4.84 6.08 11.68 9.81 8.78 14.17 13.54 11.06 14.37 15.2 12.3 14.37 16.86 13.54 14.79 1.34 4.04 7.79 5.09 6.13 10.92 9.67 9.25 11.75 14.88 11.96 12.17 16.33 13.21 12.17 16.75 13.83 12.79 16.96 15.5 2.54 4.41 2.13 3.16 6.28 7.52 6.9 9.18 13.96 10.64 10.22 16.45 13.54 11.68 16.87 14.79 12.3 17.07 15.83 13.13
0.0 1.31 1.31 5.67 6.08 4.84 6.08 11.68 9.81 8.78 14.17 13.54 11.06 14.37 15.2 12.3 14.37 16.86 13.54 14.79 19.14 4.04 7.79 5.09 6.13 10.92 9.67 9.25 11.75 14.88 11.96 12.17 16.33 13.21 12.17 16.75 13.83 12.79 16.96 15.5 14.25 4.41 2.13 3.16 6.28 7.52 6.9 9.18 13.96 10.64 10.22 16.45 13.54 11.68 16.87 14.79 12.3 17.07 15.83 13.13 16.87
0.0 1.31 5.67 6.08 4.84 6.08 11.68 9.81 8.78 14.17 13.54 11.06 14.37 15.2 12.3 14.37 16.86 13.54 14.79 19.14 15.41 7.79 5.09 6.13 10.92 9.67 9.25 11.75 14.88 11.96 12.17 16.33 13.21 12.17 16.75 13.83 12.79 16.96 15.5 14.25 18.21 2.13 3.16 6.28 7.52 6.9 9.18 13.96 10.64 10.22 16.45 13.54 11.68 16.87 14.79 12.3 17.07 15.83 13.13 16.87 17.28
0.0 5.67 6.08 4.84 6.08 11.68 9.81 8.78 14.17 13.54 11.06 14.37 15.2 12.3 14.37 16.86 13.54 14.79 19.14 15.41 16.03 5.09 6.13 10.92 9.67 9.25 11.75 14.88 11.96 12.17 16.33 13.21 12.17 16.75 13.83 12.79 16.96 15.5 14.25 18.21 17.37 3.16 6.28 7.52 6.9 9.18 13.96 10.64 10.22 16.45 13.54 11.68 16.87 14.79 12.3 17.07 15.83 13.13 16.87 17.28 14.37
0.0 6.08 4.84 6.08 11.68 9.81 8.78 14.17 13.54 11.06 14.37 15.2 12.3 14.37 16.86 13.54 14.79 19.14 15.41 16.03 21.42 6.13 10.92 9.67 9.25 11.75 14.88 11.96 12.17 16.33 13.21 12.17 16.75 13.83 12.79 16.96 15.5 14.25 18.21 17.37 16.12 6.28 7.52 6.9 9.18 13.96 10.64 10.22 16.45 13.54 11.68 16.87 14.79 12.3 17.07 15.83 13.13 16.87 17.28 14.37 17.07
0.0 4.84 6.08 11.68 9.81 8.78 14.17 13.54 11.06 14.37 15.2 12.3 14.37 16.86 13.54 14.79 19.14 15.41 16.03 21.42 17.28 10.92 9.67 9.25 11.75 14.88 11.96 12.17 16.33 13.21 12.17 16.75 13.83 12.79 16.96 15.5 14.25 18.21 17.37 16.12 19.67 7.52 6.9 9.18 13.96 10.64 10.22 16.45 13.54 11.68 16.87 14.79 12.3 17.07 15.83 13.13 16.87 17.28 14.37 17.07 19.77
0.0 6.08 11.68 9.81 8.78 14.17 13.54 11.06 14.37 15.2 12.3 14.37 16.86 13.54 14.79 19.14 15.41 16.03 21.42 17.28 16.86 9.67 9.25 11.75 14.88 11.96 12.17 16.33 13.21 12.17 16.75 13.83 12.79 16.96 15.5 14.25 18.21 17.37 16.12 19.67 19.67 6.9 9.18 13.96 10.64 10.22 16.45 13.54 11.68 16.87 14.79 12.3 17.07 15.83 13.13 16.87 17.28 14.37 17.07 19.77 16.24
0.0 11.68 9.81 8.78 14.17 13.54 11.06 14.37 15.2 12.3 14.37 16.86 13.54 14.79 19.14 15.41 16.03 21.42 17.28 16.86 23.08 9.25 11.75 14.88 11.96 12.17 16.33 13.21 12.17 16.75 13.83 12.79 16.96 15.5 14.25 18.21 17.37 16.12 19.67 19.67 17.17 9.18 13.96 10.64 10.22 16.45 13.54 11.68 16.87 14.79 12.3 17.07 15.83 13.13 16.87 17.28 14.37 17.07 19.77 16.24 17.9
0.0 9.81 8.78 14.17 13.54 11.06 14.37 15.2 12.3 14.37 16.86 13.54 14.79 19.14 15.41 16.03 21.42 17.28 16.86 23.08 18.73 11.75 14.88 11.96 12.17 16.33 13.21 12.17 16.75 13.83 12.79 16.96 15.5 14.25 18.21 17.37 16.12 19.67 19.67 17.17 19.87 13.96 10.64 10.22 16.45 13.54 11.68 16.87 14.79 12.3 17.07 15.83 13.13 16.87 17.28 14.37 17.07 19.77 16.24 17.9 22.89
0.0 8.78 14.17 13.54 11.06 14.37 15.2 12.3 14.37 16.86 13.54 14.79 19.14 15.41 16.03 21.42 17.28 16.86 23.08 18.73 16.45 14.88 11.96 12.17 16.33 13.21 12.17 16.75 13.83 12.79 16.96 15.5 14.25 18.21 17.37 16.12 19.67 19.67 17.17 19.87 20.92 10.64 10.22 16.45 13.54 11.68 16.87 14.79 12.3 17.07 15.83 13.13 16.87 17.28 14.37 17.07 19.77 16.24 17.9 22.89 18.73
0.0 14.17 13.54 11.06 14.37 15.2 12.3 14.37 16.86 13.54 14.79 19.14 15.41 16.03 21.42 17.28 16.86 23.08 18.73 16.45 22.87 11.96 12.17 16.33 13.21 12.17 16.75 13.83 12.79 16.96 15.5 14.25 18.21 17.37 16.12 19.67 19.67 17.17 19.87 20.92 18.0 10.22 16.45 13.54 11.68 16.87 14.79 12.3 17.07 15.83 13.13 16.87 17.28 14.37 17.07 19.77 16.24 17.9 22.89 18.73 18.94
0.0 13.54 11.06 14.37 15.2 12.3 14.37 16.86 13.54 14.79 19.14 15.41 16.03 21.42 17.28 16.86 23.08 18.73 16.45 22.87 20.18 12.17 16.33 13.21 12.17 16.75 13.83 12.79 16.96 15.5 14.25 18.21 17.37 16.12 19.67 19.67 17.17 19.87 20.92 18.0 19.46 16.45 13.54 11.68 16.87 14.79 12.3 17.07 15.83 13.13 16.87 17.28 14.37 17.07 19.77 16.24 17.9 22.89 18.73 18.94 24.55
0.0 11.06 14.37 15.2 12.3 14.37 16.86 13.54 14.79 19.14 15.41 16.03 21.42 17.28 16.86 23.08 18.73 16.45 22.87 20.18 17.28 16.33 13.21 12.17 16.75 13.83 12.79 16.96 15.5 14.25 18.21 17.37 16.12 19.67 19.67 17.17 19.87 20.92 18.0 19.46 23.62 13.54 11.68 16.87 14.79 12.3 17.07 15.83 13.13 16.87 17.28 14.37 17.07 19.77 16.24 17.9 22.89 18.73 18.94 24.55 20.19
0.0 14.37 15.2 12.3 14.37 16.86 13.54 14.79 19.14 15.41 16.03 21.42 17.28 16.86 23.08 18.73 16.45 22.87 20.18 17.28 23.29 13.21 12.17 16.75 13.83 12.79 16.96 15.5 14.25 18.21 17.37 16.12 19.67 19.67 17.17 19.87 20.92 18.0 19.46 23.62 19.87 11.68 16.87 14.79 12.3 17.07 15.83 13.13 16.87 17.28 14.37 17.07 19.77 16.24 17.9 22.89 18.73 18.94 24.55 20.19 18.11
0.0 15.2 12.3 14.37 16.86 13.54 14.79 19.14 15.41 16.03 21.42 17.28 16.86 23.08 18.73 16.45 22.87 20.18 17.28 23.29 22.04 12.17 16.75 13.83 12.79 16.96 15.5 14.25 18.21 17.37 16.12 19.67 19.67 17.17 19.87 20.92 18.0 19.46 23.62 19.87 19.67 16.87 14.79 12.3 17.07 15.83 13.13 16.87 17.28 14.37 17.07 19.77 16.24 17.9 22.89 18.73 18.94 24.55 20.19 18.11 24.96
0.0 12.3 14.37 16.86 13.54 14.79 19.14 15.41 16.03 21.42 17.28 16.86 23.08 18.73 16.45 22.87 20.18 17.28 23.29 22.04 17.9 16.75 13.83 12.79 16.96 15.5 14.25 18.21 17.37 16.12 19.67 19.67 17.17 19.87 20.92 18.0 19.46 23.62 19.87 19.67 24.67 14.79 12.3 17.07 15.83 13.13 16.87 17.28 14.37 17.07 19.77 16.24 17.9 22.89 18.73 18.94 24.55 20.19 18.11 24.96 21.43
0.0 14.37 16.86 13.54 14.79 19.14 15.41 16.03 21.42 17.28 16.86 23.08 18.73 16.45 22.87 20.18 17.28 23.29 22.04 17.9 21.63 13.83 12.79 16.96 15.5 14.25 18.21 17.37 16.12 19.67 19.67 17.17 19.87 20.92 18.0 19.46 23.62 19.87 19.67 24.67 20.92 12.3 17.07 15.83 13.13 16.87 17.28 14.37 17.07 19.77 16.24 17.9 22.89 18.73 18.94 24.55 20.19 18.11 24.96 21.43 18.11
0.0 16.86 13.54 14.79 19.14 15.41 16.03 21.42 17.28 16.86 23.08 18.73 16.45 22.87 20.18 17.28 23.29 22.04 17.9 21.63 23.08 12.79 16.96 15.5 14.25 18.21 17.37 16.12 19.67 19.67 17.17 19.87 20.92 18.0 19.46 23.62 19.87 19.67 24.67 20.92 18.62 17.07 15.83 13.13 16.87 17.28 14.37 17.07 19.77 16.24 17.9 22.89 18.73 18.94 24.55 20.19 18.11 24.96 21.43 18.11 23.92
0.0 13.54 14.79 19.14 15.41 16.03 21.42 17.28 16.86 23.08 18.73 16.45 22.87 20.18 17.28 23.29 22.04 17.9 21.63 23.08 18.31 16.96 15.5 14.25 18.21 17.37 16.12 19.67 19.67 17.17 19.87 20.92 18.0 19.46 23.62 19.87 19.67 24.67 20.92 18.62 24.67 15.83 13.13 16.87 17.28 14.37 17.07 19.77 16.24 17.9 22.89 18.73 18.94 24.55 20.19 18.11 24.96 21.43 18.11 23.92 22.06
0.0 14.79 19.14 15.41 16.03 21.42 17.28 16.86 23.08 18.73 16.45 22.87 20.18 17.28 23.29 22.04 17.9 21.63 23.08 18.31 18.93 15.5 14.25 18.21 17.37 16.12 19.67 19.67 17.17 19.87 20.92 18.0 19.46 23.62 19.87 19.67 24.67 20.92 18.62 24.67 21.33 13.13 16.87 17.28 14.37 17.07 19.77 16.24 17.9 22.89 18.73 18.94 24.55 20.19 18.11 24.96 21.43 18.11 23.92 22.06 17.9
0.0 19.14 15.41 16.03 21.42 17.28 16.86 23.08 18.73 16.45 22.87 20.18 17.28 23.29 22.04 17.9 21.63 23.08 18.31 18.93 22.87 14.25 18.21 17.37 16.12 19.67 19.67 17.17 19.87 20.92 18.0 19.46 23.62 19.87 19.67 24.67 20.92 18.62 24.67 21.33 18.21 16.87 17.28 14.37 17.07 19.77 16.24 17.9 22.89 18.73 18.94 24.55 20.19 18.11 24.96 21.43 18.11 23.92 22.06 17.9 20.81
0.0 15.41 16.03 21.42 17.28 16.86 23.08 18.73 16.45 22.87 20.18 17.28 23.29 22.04 17.9 21.63 23.08 18.31 18.93 22.87 18.31 18.21 17.37 16.12 19.67 19.67 17.17 19.87 20.92 18.0 19.46 23.62 19.87 19.67 24.67 20.92 18.62 24.67 21.33 18.21 22.58 17.28 14.37 17.07 19.77 16.24 17.9 22.89 18.73 18.94 24.55 20.19 18.11 24.96 21.43 18.11 23.92 22.06 17.9 20.81 21.85
0.0 16.03 21.42 17.28 16.86 23.08 18.73 16.45 22.87 20.18 17.28 23.29 22.04 17.9 21.63 23.08 18.31 18.93 22.87 18.31 16.45 17.37 16.12 19.67 19.67 17.17 19.87 20.92 18.0 19.46 23.62 19.87 19.67 24.67 20.92 18.62 24.67 21.33 18.21 22.58 21.75 14.37 17.07 19.77 16.24 17.9 22.89 18.73 18.94 24.55 20.19 18.11 24.96 21.43 18.11 23.92 22.06 17.9 20.81 21.85 17.7
0.0 21.42 17.28 16.86 23.08 18.73 16.45 22.87 20.18 17.28 23.29 22.04 17.9 21.63 23.08 18.31 18.93 22.87 18.31 16.45 22.25 16.12 19.67 19.67 17.17 19.87 20.92 18.0 19.46 23.62 19.87 19.67 24.67 20.92 18.62 24.67 21.33 18.21 22.58 21.75 18.21 17.07 19.77 16.24 17.9 22.89 18.73 18.94 24.55 20.19 18.11 24.96 21.43 18.11 23.92 22.06 17.9 20.81 21.85 17.7 17.28
0.0 17.28 16.86 23.08 18.73 16.45 22.87 20.18 17.28 23.29 22.04 17.9 21.63 23.08 18.31 18.93 22.87 18.31 16.45 22.25 18.31 19.67 19.67 17.17 19.87 20.92 18.0 19.46 23.62 19.87 19.67 24.67 20.92 18.62 24.67 21.33 18.21 22.58 21.75 18.21 19.87 19.77 16.24 17.9 22.89 18.73 18.94 24.55 20.19 18.11 24.96 21.43 18.11 23.92 22.06 17.9 20.81 21.85 17.7 17.28 21.43
0.0 16.86 23.08 18.73 16.45 22.87 20.18 17.28 23.29 22.04 17.9 21.63 23.08 18.31 18.93 22.87 18.31 16.45 22.25 18.31 14.99 19.67 17.17 19.87 20.92 18.0 19.46 23.62 19.87 19.67 24.67 20.92 18.62 24.67 21.33 18.21 22.58 21.75 18.21 19.87 22.37 16.24 17.9 22.89 18.73 18.94 24.55 20.19 18.11 24.96 21.43 18.11 23.92 22.06 17.9 20.81 21.85 17.7 17.28 21.43 17.49
0.0 23.08 18.73 16.45 22.87 20.18 17.28 23.29 22.04 17.9 21.63 23.08 18.31 18.93 22.87 18.31 16.45 22.25 18.31 14.99 19.97 17.17 19.87 20.92 18.0 19.46 23.62 19.87 19.67 24.67 20.92 18.62 24.67 21.33 18.21 22.58 21.75 18.21 19.87 22.37 18.42 17.9 22.89 18.73 18.94 24.55 20.19 18.11 24.96 21.43 18.11 23.92 22.06 17.9 20.81 21.85 17.7 17.28 21.43 17.49 15.0
0.0 18.73 16.45 22.87 20.18 17.28 23.29 22.04 17.9 21.63 23.08 18.31 18.93 22.87 18.31 16.45 22.25 18.31 14.99 19.97 17.69 19.87 20.92 18.0 19.46 23.62 19.87 19.67 24.67 20.92 18.62 24.67 21.33 18.21 22.58 21.75 18.21 19.87 22.37 18.42 18.0 22.89 18.73 18.94 24.55 20.19 18.11 24.96 21.43 18.11 23.92 22.06 17.9 20.81 21.85 17.7 17.28 21.43 17.49 15.0 19.56
0.0 16.45 22.87 20.18 17.28 23.29 22.04 17.9 21.63 23.08 18.31 18.93 22.87 18.31 16.45 22.25 18.31 14.99 19.97 17.69 14.79 20.92 18.0 19.46 23.62 19.87 19.67 24.67 20.92 18.62 24.67 21.33 18.21 22.58 21.75 18.21 19.87 22.37 18.42 18.0 21.75 18.73 18.94 24.55 20.19 18.11 24.96 21.43 18.11 23.92 22.06 17.9 20.81 21.85 17.7 17.28 21.43 17.49 15.0 19.56 17.07
0.0 22.87 20.18 17.28 23.29 22.04 17.9 21.63 23.08 18.31 18.93 22.87 18.31 16.45 22.25 18.31 14.99 19.97 17.69 14.79 12.09 18.0 19.46 23.62 19.87 19.67 24.67 20.92 18.62 24.67 21.33 18.21 22.58 21.75 18.21 19.87 22.37 18.42 18.0 21.75 19.04 18.94 24.55 20.19 18.11 24.96 21.43 18.11 23.92 22.06 17.9 20.81 21.85 17.7 17.28 21.43 17.49 15.0 19.56 17.07 14.79
0.0 20.18 17.28 23.29 22.04 17.9 21.63 23.08 18.31 18.93 22.87 18.31 16.45 22.25 18.31 14.99 19.97 17.69 14.79 12.09 10.02 19.46 23.62 19.87 19.67 24.67 20.92 18.62 24.67 21.33 18.21 22.58 21.75 18.21 19.87 22.37 18.42 18.0 21.75 19.04 16.12 24.55 20.19 18.11 24.96 21.43 18.11 23.92 22.06 17.9 20.81 21.85 17.7 17.28 21.43 17.49 15.0 19.56 17.07 14.79 12.51
0.0 17.28 23.29 22.04 17.9 21.63 23.08 18.31 18.93 22.87 18.31 16.45 22.25 18.31 14.99 19.97 17.69 14.79 12.09 10.02 8.98 23.62 19.87 19.67 24.67 20.92 18.62 24.67 21.33 18.21 22.58 21.75 18.21 19.87 22.37 18.42 18.0 21.75 19.04 16.12 13.42 20.19 18.11 24.96 21.43 18.11 23.92 22.06 17.9 20.81 21.85 17.7 17.28 21.43 17.49 15.0 19.56 17.07 14.79 12.51 11.05
0.0 23.29 22.04 17.9 21.63 23.08 18.31 18.93 22.87 18.31 16.45 22.25 18.31 14.99 19.97 17.69 14.79 12.09 10.02 8.98 6.7 19.87 19.67 24.67 20.92 18.62 24.67 21.33 18.21 22.58 21.75 18.21 19.87 22.37 18.42 18.0 21.75 19.04 16.12 13.42 11.75 18.11 24.96 21.43 18.11 23.92 22.06 17.9 20.81 21.85 17.7 17.28 21.43 17.49 15.0 19.56 17.07 14.79 12.51 11.05 9.81
0.0 22.04 17.9 21.63 23.08 18.31 18.93 22.87 18.31 16.45 22.25 18.31 14.99 19.97 17.69 14.79 12.09 10.02 8.98 6.7 5.04 19.67 24.67 20.92 18.62 24.67 21.33 18.21 22.58 21.75 18.21 19.87 22.37 18.42 18.0 21.75 19.04 16.12 13.42 11.75 9.88 24.96 21.43 18.11 23.92 22.06 17.9 20.81 21.85 17.7 17.28 21.43 17.49 15.0 19.56 17.07 14.79 12.51 11.05 9.81 7.94
0.0 17.9 21.63 23.08 18.31 18.93 22.87 18.31 16.45 22.25 18.31 14.99 19.97 17.69 14.79 12.09 10.02 8.98 6.7 5.04 4.01 24.67 20.92 18.62 24.67 21.33 18.21 22.58 21.75 18.21 19.87 22.37 18.42 18.0 21.75 19.04 16.12 13.42 11.75 9.88 7.58 21.43 18.11 23.92 22.06 17.9 20.81 21.85 17.7 17.28 21.43 17.49 15.0 19.56 17.07 14.79 12.51 11.05 9.81 7.94 6.28
0.0 21.63 23.08 18.31 18.93 22.87 18.31 16.45 22.25 18.31 14.99 19.97 17.69 14.79 12.09 10.02 8.98 6.7 5.04 4.01 2.56 20.92 18.62 24.67 21.33 18.21 22.58 21.75 18.21 19.87 22.37 18.42 18.0 21.75 19.04 16.12 13.42 11.75 9.88 7.58 6.13 18.11 23.92 22.06 17.9 20.81 21.85 17.7 17.28 21.43 17.49 15.0 19.56 17.07 14.79 12.51 11.05 9.81 7.94 6.28 5.45
0.0 23.08 18.31 18.93 22.87 18.31 16.45 22.25 18.31 14.99 19.97 17.69 14.79 12.09 10.02 8.98 6.7 5.04 4.01 2.56 0.48 18.62 24.67 21.33 18.21 22.58 21.75 18.21 19.87 22.37 18.42 18.0 21.75 19.04 16.12 13.42 11.75 9.88 7.58 6.13 5.09 23.92 22.06 17.9 20.81 21.85 17.7 17.28 21.43 17.49 15.0 19.56 17.07 14.79 12.51 11.05 9.81 7.94 6.28 5.45 3.58
0.0 18.31 18.93 22.87 18.31 16.45 22.25 18.31 14.99 19.97 17.69 14.79 12.09 10.02 8.98 6.7 5.04 4.01 2.56 0.48 -0.14 24.67 21.33 18.21 22.58 21.75 18.21 19.87 22.37 18.42 18.0 21.75 19.04 16.12 13.42 11.75 9.88 7.58 6.13 5.09 3.0 22.06 17.9 20.81 21.85 17.7 17.28 21.43 17.49 15.0 19.56 17.07 14.79 12.51 11.05 9.81 7.94 6.28 5.45 3.58 1.92
1.0 18.93 22.87 18.31 16.45 22.25 18.31 14.99 19.97 17.69 14.79 12.09 10.02 8.98 6.7 5.04 4.01 2.56 0.48 -0.14 -31.38 21.33 18.21 22.58 21.75 18.21 19.87 22.37 18.42 18.0 21.75 19.04 16.12 13.42 11.75 9.88 7.58 6.13 5.09 3.0 1.54 17.9 20.81 21.85 17.7 17.28 21.43 17.49 15.0 19.56 17.07 14.79 12.51 11.05 9.81 7.94 6.28 5.45 3.58 1.92 1.5
0.0 22.87 18.31 16.45 22.25 18.31 14.99 19.97 17.69 14.79 12.09 10.02 8.98 6.7 5.04 4.01 2.56 0.48 -0.14 -31.38 -3.25 18.21 22.58 21.75 18.21 19.87 22.37 18.42 18.0 21.75 19.04 16.12 13.42 11.75 9.88 7.58 6.13 5.09 3.0 1.54 0.92 20.81 21.85 17.7 17.28 21.43 17.49 15.0 19.56 17.07 14.79 12.51 11.05 9.81 7.94 6.28 5.45 3.58 1.92 1.5 -0.16
0.0 18.31 16.45 22.25 18.31 14.99 19.97 17.69 14.79 12.09 10.02 8.98 6.7 5.04 4.01 2.56 0.48 -0.14 -31.38 -3.25 -3.66 22.58 21.75 18.21 19.87 22.37 18.42 18.0 21.75 19.04 16.12 13.42 11.75 9.88 7.58 6.13 5.09 3.0 1.54 0.92 -0.75 21.85 17.7 17.28 21.43 17.49 15.0 19.56 17.07 14.79 12.51 11.05 9.81 7.94 6.28 5.45 3.58 1.92 1.5 -0.16 -1.61
0.0 16.45 22.25 18.31 14.99 19.97 17.69 14.79 12.09 10.02 8.98 6.7 5.04 4.01 2.56 0.48 -0.14 -31.38 -3.25 -3.66 -4.08 21.75 18.21 19.87 22.37 18.42 18.0 21.75 19.04 16.12 13.42 11.75 9.88 7.58 6.13 5.09 3.0 1.54 0.92 -0.75 -2.21 17.7 17.28 21.43 17.49 15.0 19.56 17.07 14.79 12.51 11.05 9.81 7.94 6.28 5.45 3.58 1.92 1.5 -0.16 -1.61 -1.61
0.0 22.25 18.31 14.99 19.97 17.69 14.79 12.09 10.02 8.98 6.7 5.04 4.01 2.56 0.48 -0.14 -31.38 -3.25 -3.66 -4.08 -5.94 18.21 19.87 22.37 18.42 18.0 21.75 19.04 16.12 13.42 11.75 9.88 7.58 6.13 5.09 3.0 1.54 0.92 -0.75 -2.21 -2.21 17.28 21.43 17.49 15.0 19.56 17.07 14.79 12.51 11.05 9.81 7.94 6.28 5.45 3.58 1.92 1.5 -0.16 -1.61 -1.61 -2.65
0.0 18.31 14.99 19.97 17.69 14.79 12.09 10.02 8.98 6.7 5.04 4.01 2.56 0.48 -0.14 -31.38 -3.25 -3.66 -4.08 -5.94 -6.56 19.87 22.37 18.42 18.0 21.75 19.04 16.12 13.42 11.75 9.88 7.58 6.13 5.09 3.0 1.54 0.92 -0.75 -2.21 -2.21 -3.66 21.43 17.49 15.0 19.56 17.07 14.79 12.51 11.05 9.81 7.94 6.28 5.45 3.58 1.92 1.5 -0.16 -1.61 -1.61 -2.65 -4.52
0.0 14.99 19.97 17.69 14.79 12.09 10.02 8.98 6.7 5.04 4.01 2.56 0.48 -0.14 -31.38 -3.25 -3.66 -4.08 -5.94 -6.56 -6.36 22.37 18.42 18.0 21.75 19.04 16.12 13.42 11.75 9.88 7.58 6.13 5.09 3.0 1.54 0.92 -0.75 -2.21 -2.21 -3.66 -5.12 17.49 15.0 19.56 17.07 14.79 12.51 11.05 9.81 7.94 6.28 5.45 3.58 1.92 1.5 -0.16 -1.61 -1.61 -2.65 -4.52 -4.52
0.0 19.97 17.69 14.79 12.09 10.02 8.98 6.7 5.04 4.01 2.56 0.48 -0.14 -31.38 -3.25 -3.66 -4.08 -5.94 -6.56 -6.36 -8.02 18.42 18.0 21.75 19.04 16.12 13.42 11.75 9.88 7.58 6.13 5.09 3.0 1.54 0.92 -0.75 -2.21 -2.21 -3.66 -5.12 -5.33 15.0 19.56 17.07 14.79 12.51 11.05 9.81 7.94 6.28 5.45 3.58 1.92 1.5 -0.16 -1.61 -1.61 -2.65 -4.52 -4.52 -4.73
0.0 17.69 14.79 12.09 10.02 8.98 6.7 5.04 4.01 2.56 0.48 -0.14 -31.38 -3.25 -3.66 -4.08 -5.94 -6.56 -6.36 -8.02 -9.05 18.0 21.75 19.04 16.12 13.42 11.75 9.88 7.58 6.13 5.09 3.0 1.54 0.92 -0.75 -2.21 -2.21 -3.66 -5.12 -5.33 -5.95 19.56 17.07 14.79 12.51 11.05 9.81 7.94 6.28 5.45 3.58 1.92 1.5 -0.16 -1.61 -1.61 -2.65 -4.52 -4.52 -4.73 -6.59
0.0 14.79 12.09 10.02 8.98 6.7 5.04 4.01 2.56 0.48 -0.14 -31.38 -3.25 -3.66 -4.08 -5.94 -6.56 -6.36 -8.02 -9.05 -8.84 21.75 19.04 16.12 13.42 11.75 9.88 7.58 6.13 5.09 3.0 1.54 0.92 -0.75 -2.21 -2.21 -3.66 -5.12 -5.33 -5.95 -7.41 17.07 14.79 12.51 11.05 9.81 7.94 6.28 5.45 3.58 1.92 1.5 -0.16 -1.61 -1.61 -2.65 -4.52 -4.52 -4.73 -6.59 -7.01
0.0 12.09 10.02 8.98 6.7 5.04 4.01 2.56 0.48 -0.14 -31.38 -3.25 -3.66 -4.08 -5.94 -6.56 -6.36 -8.02 -9.05 -8.84 -10.09 19.04 16.12 13.42 11.75 9.88 7.58 6.13 5.09 3.0 1.54 0.92 -0.75 -2.21 -2.21 -3.66 -5.12 -5.33 -5.95 -7.41 -8.04 14.79 12.51 11.05 9.81 7.94 6.28 5.45 3.58 1.92 1.5 -0.16 -1.61 -1.61 -2.65 -4.52 -4.52 -4.73 -6.59 -7.01 -7.42
0.0 10.02 8.98 6.7 5.04 4.01 2.56 0.48 -0.14 -31.38 -3.25 -3.66 -4.08 -5.94 -6.56 -6.36 -8.02 -9.05 -8.84 -10.09 -11.33 16.12 13.42 11.75 9.88 7.58 6.13 5.09 3.0 1.54 0.92 -0.75 -2.21 -2.21 -3.66 -5.12 -5.33 -5.95 -7.41 -8.04 -8.66 12.51 11.05 9.81 7.94 6.28 5.45 3.58 1.92 1.5 -0.16 -1.61 -1.61 -2.65 -4.52 -4.52 -4.73 -6.59 -7.01 -7.42 -8.88
0.0 8.98 6.7 5.04 4.01 2.56 0.48 -0.14 -31.38 -3.25 -3.66 -4.08 -5.94 -6.56 -6.36 -8.02 -9.05 -8.84 -10.09 -11.33 -11.54 13.42 11.75 9.88 7.58 6.13 5.09 3.0 1.54 0.92 -0.75 -2.21 -2.21 -3.66 -5.12 -5.33 -5.95 -7.41 -8.04 -8.66 -9.91 11.05 9.81 7.94 6.28 5.45 3.58 1.92 1.5 -0.16 -1.61 -1.61 -2.65 -4.52 -4.52 -4.73 -6.59 -7.01 -7.42 -8.88 -9.92
0.0 6.7 5.04 4.01 2.56 0.48 -0.14 -31.38 -3.25 -3.66 -4.08 -5.94 -6.56 -6.36 -8.02 -9.05 -8.84 -10.09 -11.33 -11.54 -12.58 11.75 9.88 7.58 6.13 5.09 3.0 1.54 0.92 -0.75 -2.21 -2.21 -3.66 -5.12 -5.33 -5.95 -7.41 -8.04 -8.66 -9.91 -10.75 9.81 7.94 6.28 5.45 3.58 1.92 1.5 -0.16 -1.61 -1.61 -2.65 -4.52 -4.52 -4.73 -6.59 -7.01 -7.42 -8.88 -9.92 -10.12
0.0 5.04 4.01 2.56 0.48 -0.14 -31.38 -3.25 -3.66 -4.08 -5.94 -6.56 -6.36 -8.02 -9.05 -8.84 -10.09 -11.33 -11.54 -12.58 -13.82 9.88 7.58 6.13 5.09 3.0 1.54 0.92 -0.75 -2.21 -2.21 -3.66 -5.12 -5.33 -5.95 -7.41 -8.04 -8.66 -9.91 -10.75 -11.37 7.94 6.28 5.45 3.58 1.92 1.5 -0.16 -1.61 -1.61 -2.65 -4.52 -4.52 -4.73 -6.59 -7.01 -7.42 -8.88 -9.92 -10.12 -11.37
0.0 4.01 2.56 0.48 -0.14 -31.38 -3.25 -3.66 -4.08 -5.94 -6.56 -6.36 -8.02 -9.05 -8.84 -10.09 -11.33 -11.54 -12.58 -13.82 -14.23 7.58 6.13 5.09 3.0 1.54 0.92 -0.75 -2.21 -2.21 -3.66 -5.12 -5.33 -5.95 -7.41 -8.04 -8.66 -9.91 -10.75 -11.37 -12.41 6.28 5.45 3.58 1.92 1.5 -0.16 -1.61 -1.61 -2.65 -4.52 -4.52 -4.73 -6.59 -7.01 -7.42 -8.88 -9.92 -10.12 -11.37 -12.2
0.0 2.56 0.48 -0.14 -31.38 -3.25 -3.66 -4.08 -5.94 -6.56 -6.36 -8.02 -9.05 -8.84 -10.09 -11.33 -11.54 -12.58 -13.82 -14.23 -15.06 6.13 5.09 3.0 1.54 0.92 -0.75 -2.21 -2.21 -3.66 -5.12 -5.33 -5.95 -7.41 -8.04 -8.66 -9.91 -10.75 -11.37 -12.41 -13.25 5.45 3.58 1.92 1.5 -0.16 -1.61 -1.61 -2.65 -4.52 -4.52 -4.73 -6.59 -7.01 -7.42 -8.88 -9.92 -10.12 -11.37 -12.2 -12.82
0.0 0.48 -0.14 -31.38 -3.25 -3.66 -4.08 -5.94 -6.56 -6.36 -8.02 -9.05 -8.84 -10.09 -11.33 -11.54 -12.58 -13.82 -14.23 -15.06 -16.1 5.09 3.0 1.54 0.92 -0.75 -2.21 -2.21 -3.66 -5.12 -5.33 -5.95 -7.41 -8.04 -8.66 -9.91 -10.75 -11.37 -12.41 -13.25 -13.87 3.58 1.92 1.5 -0.16 -1.61 -1.61 -2.65 -4.52 -4.52 -4.73 -6.59 -7.01 -7.42 -8.88 -9.92 -10.12 -11.37 -12.2 -12.82 -13.44
0.0 -0.14 -31.38 -3.25 -3.66 -4.08 -5.94 -6.56 -6.36 -8.02 -9.05 -8.84 -10.09 -11.33 -11.54 -12.58 -13.82 -14.23 -15.06 -16.1 -16.93 3.0 1.54 0.92 -0.75 -2.21 -2.21 -3.66 -5.12 -5.33 -5.95 -7.41 -8.04 -8.66 -9.91 -10.75 -11.37 -12.41 -13.25 -13.87 -14.7 1.92 1.5 -0.16 -1.61 -1.61 -2.65 -4.52 -4.52 -4.73 -6.59 -7.01 -7.42 -8.88 -9.92 -10.12 -11.37 -12.2 -12.82 -13.44 -14.48
0.0 -31.38 -3.25 -3.66 -4.08 -5.94 -6.56 -6.36 -8.02 -9.05 -8.84 -10.09 -11.33 -11.54 -12.58 -13.82 -14.23 -15.06 -16.1 -16.93 -17.55 1.54 0.92 -0.75 -2.21 -2.21 -3.66 -5.12 -5.33 -5.95 -7.41 -8.04 -8.66 -9.91 -10.75 -11.37 -12.41 -13.25 -13.87 -14.7 -15.75 1.5 -0.16 -1.61 -1.61 -2.65 -4.52 -4.52 -4.73 -6.59 -7.01 -7.42 -8.88 -9.92 -10.12 -11.37 -12.2 -12.82 -13.44 -14.48 -15.31
0.0 -3.25 -3.66 -4.08 -5.94 -6.56 -6.36 -8.02 -9.05 -8.84 -10.09 -11.33 -11.54 -12.58 -13.82 -14.23 -15.06 -16.1 -16.93 -17.55 -18.59 0.92 -0.75 -2.21 -2.21 -3.66 -5.12 -5.33 -5.95 -7.41 -8.04 -8.66 -9.91 -10.75 -11.37 -12.41 -13.25 -13.87 -14.7 -15.75 -16.37 -0.16 -1.61 -1.61 -2.65 -4.52 -4.52 -4.73 -6.59 -7.01 -7.42 -8.88 -9.92 -10.12 -11.37 -12.2 -12.82 -13.44 -14.48 -15.31 -15.94
0.0 -3.66 -4.08 -5.94 -6.56 -6.36 -8.02 -9.05 -8.84 -10.09 -11.33 -11.54 -12.58 -13.82 -14.23 -15.06 -16.1 -16.93 -17.55 -18.59 -17.14 -0.75 -2.21 -2.21 -3.66 -5.12 -5.33 -5.95 -7.41 -8.04 -8.66 -9.91 -10.75 -11.37 -12.41 -13.25 -13.87 -14.7 -15.75 -16.37 -16.99 -1.61 -1.61 -2.65 -4.52 -4.52 -4.73 -6.59 -7.01 -7.42 -8.88 -9.92 -10.12 -11.37 -12.2 -12.82 -13.44 -14.48 -15.31 -15.94 -12.82
0.0 -4.08 -5.94 -6.56 -6.36 -8.02 -9.05 -8.84 -10.09 -11.33 -11.54 -12.58 -13.82 -14.23 -15.06 -16.1 -16.93 -17.55 -18.59 -17.14 -17.76 -2.21 -2.21 -3.66 -5.12 -5.33 -5.95 -7.41 -8.04 -8.66 -9.91 -10.75 -11.37 -12.41 -13.25 -13.87 -14.7 -15.75 -16.37 -16.99 -12.0 -1.61 -2.65 -4.52 -4.52 -4.73 -6.59 -7.01 -7.42 -8.88 -9.92 -10.12 -11.37 -12.2 -12.82 -13.44 -14.48 -15.31 -15.94 -12.82 -9.29
0.0 -5.94 -6.56 -6.36 -8.02 -9.05 -8.84 -10.09 -11.33 -11.54 -12.58 -13.82 -14.23 -15.06 -16.1 -16.93 -17.55 -18.59 -17.14 -17.76 -16.72 -2.21 -3.66 -5.12 -5.33 -5.95 -7.41 -8.04 -8.66 -9.91 -10.75 -11.37 -12.41 -13.25 -13.87 -14.7 -15.75 -16.37 -16.99 -12.0 -10.75 -2.65 -4.52 -4.52 -4.73 -6.59 -7.01 -7.42 -8.88 -9.92 -10.12 -11.37 -12.2 -12.82 -13.44 -14.48 -15.31 -15.94 -12.82 -9.29 -11.99
0.0 -6.56 -6.36 -8.02 -9.05 -8.84 -10.09 -11.33 -11.54 -12.58 -13.82 -14.23 -15.06 -16.1 -16.93 -17.55 -18.59 -17.14 -17.76 -16.72 -7.81 -3.66 -5.12 -5.33 -5.95 -7.41 -8.04 -8.66 -9.91 -10.75 -11.37 -12.41 -13.25 -13.87 -14.7 -15.75 -16.37 -16.99 -12.0 -10.75 -12.62 -4.52 -4.52 -4.73 -6.59 -7.01 -7.42 -8.88 -9.92 -10.12 -11.37 -12.2 -12.82 -13.44 -14.48 -15.31 -15.94 -12.82 -9.29 -11.99 -9.92
0.0 -6.36 -8.02 -9.05 -8.84 -10.09 -11.33 -11.54 -12.58 -13.82 -14.23 -15.06 -16.1 -16.93 -17.55 -18.59 -17.14 -17.76 -16.72 -7.81 -10.09 -5.12 -5.33 -5.95 -7.41 -8.04 -8.66 -9.91 -10.75 -11.37 -12.41 -13.25 -13.87 -14.7 -15.75 -16.37 -16.99 -12.0 -10.75 -12.62 -8.87 -4.52 -4.73 -6.59 -7.01 -7.42 -8.88 -9.92 -10.12 -11.37 -12.2 -12.82 -13.44 -14.48 -15.31 -15.94 -12.82 -9.29 -11.99 -9.92 -4.31
0.0 -8.02 -9.05 -8.84 -10.09 -11.33 -11.54 -12.58 -13.82 -14.23 -15.06 -16.1 -16.93 -17.55 -18.59 -17.14 -17.76 -16.72 -7.81 -10.09 -11.75 -5.33 -5.95 -7.41 -8.04 -8.66 -9.91 -10.75 -11.37 -12.41 -13.25 -13.87 -14.7 -15.75 -16.37 -16.99 -12.0 -10.75 -12.62 -8.87 -5.95 -4.73 -6.59 -7.01 -7.42 -8.88 -9.92 -10.12 -11.37 -12.2 -12.82 -13.44 -14.48 -15.31 -15.94 -12.82 -9.29 -11.99 -9.92 -4.31 -7.84
0.0 -9.05 -8.84 -10.09 -11.33 -11.54 -12.58 -13.82 -14.23 -15.06 -16.1 -16.93 -17.55 -18.59 -17.14 -17.76 -16.72 -7.81 -10.09 -11.75 -3.66 -5.95 -7.41 -8.04 -8.66 -9.91 -10.75 -11.37 -12.41 -13.25 -13.87 -14.7 -15.75 -16.37 -16.99 -12.0 -10.75 -12.62 -8.87 -5.95 -8.66 -6.59 -7.01 -7.42 -8.88 -9.92 -10.12 -11.37 -12.2 -12.82 -13.44 -14.48 -15.31 -15.94 -12.82 -9.29 -11.99 -9.92 -4.31 -7.84 -8.25
0.0 -8.84 -10.09 -11.33 -11.54 -12.58 -13.82 -14.23 -15.06 -16.1 -16.93 -17.55 -18.59 -17.14 -17.76 -16.72 -7.81 -10.09 -11.75 -3.66 -4.91 -7.41 -8.04 -8.66 -9.91 -10.75 -11.37 -12.41 -13.25 -13.87 -14.7 -15.75 -16.37 -16.99 -12.0 -10.75 -12.62 -8.87 -5.95 -8.66 -7.0 -7.01 -7.42 -8.88 -9.92 -10.12 -11.37 -12.2 -12.82 -13.44 -14.48 -15.31 -15.94 -12.82 -9.29 -11.99 -9.92 -4.31 -7.84 -8.25 -1.2
0.0 -10.09 -11.33 -11.54 -12.58 -13.82 -14.23 -15.06 -16.1 -16.93 -17.55 -18.59 -17.14 -17.76 -16.72 -7.81 -10.09 -11.75 -3.66 -4.91 -7.81 -8.04 -8.66 -9.91 -10.75 -11.37 -12.41 -13.25 -13.87 -14.7 -15.75 -16.37 -16.99 -12.0 -10.75 -12.62 -8.87 -5.95 -8.66 -7.0 -1.79 -7.42 -8.88 -9.92 -10.12 -11.37 -12.2 -12.82 -13.44 -14.48 -15.31 -15.94 -12.82 -9.29 -11.99 -9.92 -4.31 -7.84 -8.25 -1.2 -4.73
0.0 -11.33 -11.54 -12.58 -13.82 -14.23 -15.06 -16.1 -16.93 -17.55 -18.59 -17.14 -17.76 -16.72 -7.81 -10.09 -11.75 -3.66 -4.91 -7.81 -1.59 -8.66 -9.91 -10.75 -11.37 -12.41 -13.25 -13.87 -14.7 -15.75 -16.37 -16.99 -12.0 -10.75 -12.62 -8.87 -5.95 -8.66 -7.0 -1.79 -5.12 -8.88 -9.92 -10.12 -11.37 -12.2 -12.82 -13.44 -14.48 -15.31 -15.94 -12.82 -9.29 -11.99 -9.92 -4.31 -7.84 -8.25 -1.2 -4.73 -7.01
0.0 -11.54 -12.58 -13.82 -14.23 -15.06 -16.1 -16.93 -17.55 -18.59 -17.14 -17.76 -16.72 -7.81 -10.09 -11.75 -3.66 -4.91 -7.81 -1.59 -0.76 -9.91 -10.75 -11.37 -12.41 -13.25 -13.87 -14.7 -15.75 -16.37 -16.99 -12.0 -10.75 -12.62 -8.87 -5.95 -8.66 -7.0 -1.79 -5.12 -6.16 -9.92 -10.12 -11.37 -12.2 -12.82 -13.44 -14.48 -15.31 -15.94 -12.82 -9.29 -11.99 -9.92 -4.31 -7.84 -8.25 -1.2 -4.73 -7.01 0.26
0.0 -12.58 -13.82 -14.23 -15.06 -16.1 -16.93 -17.55 -18.59 -17.14 -17.76 -16.72 -7.81 -10.09 -11.75 -3.66 -4.91 -7.81 -1.59 -0.76 -4.28 -10.75 -11.37 -12.41 -13.25 -13.87 -14.7 -15.75 -16.37 -16.99 -12.0 -10.75 -12.62 -8.87 -5.95 -8.66 -7.0 -1.79 -5.12 -6.16 0.92 -10.12 -11.37 -12.2 -12.82 -13.44 -14.48 -15.31 -15.94 -12.82 -9.29 -11.99 -9.92 -4.31 -7.84 -8.25 -1.2 -4.73 -7.01 0.26 -1.61
0.0 -13.82 -14.23 -15.06 -16.1 -16.93 -17.55 -18.59 -17.14 -17.76 -16.72 -7.81 -10.09 -11.75 -3.66 -4.91 -7.81 -1.59 -0.76 -4.28 -1.38 -11.37 -12.41 -13.25 -13.87 -14.7 -15.75 -16.37 -16.99 -12.0 -10.75 -12.62 -8.87 -5.95 -8.66 -7.0 -1.79 -5.12 -6.16 0.92 -1.79 -11.37 -12.2 -12.82 -13.44 -14.48 -15.31 -15.94 -12.82 -9.29 -11.99 -9.92 -4.31 -7.84 -8.25 -1.2 -4.73 -7.01 0.26 -1.61 -4.73
0.0 -14.23 -15.06 -16.1 -16.93 -17.55 -18.59 -17.14 -17.76 -16.72 -7.81 -10.09 -11.75 -3.66 -4.91 -7.81 -1.59 -0.76 -4.28 -1.38 2.35 -12.41 -13.25 -13.87 -14.7 -15.75 -16.37 -16.99 -12.0 -10.75 -12.62 -8.87 -5.95 -8.66 -7.0 -1.79 -5.12 -6.16 0.92 -1.79 -4.08 -12.2 -12.82 -13.44 -14.48 -15.31 -15.94 -12.82 -9.29 -11.99 -9.92 -4.31 -7.84 -8.25 -1.2 -4.73 -7.01 0.26 -1.61 -4.73 -0.16
0.0 -15.06 -16.1 -16.93 -17.55 -18.59 -17.14 -17.76 -16.72 -7.81 -10.09 -11.75 -3.66 -4.91 -7.81 -1.59 -0.76 -4.28 -1.38 2.35 -1.38 -13.25 -13.87 -14.7 -15.75 -16.37 -16.99 -12.0 -10.75 -12.62 -8.87 -5.95 -8.66 -7.0 -1.79 -5.12 -6.16 0.92 -1.79 -4.08 1.96 -12.82 -13.44 -14.48 -15.31 -15.94 -12.82 -9.29 -11.99 -9.92 -4.31 -7.84 -8.25 -1.2 -4.73 -7.01 0.26 -1.61 -4.73 -0.16 1.5
0.0 -16.1 -16.93 -17.55 -18.59 -17.14 -17.76 -16.72 -7.81 -10.09 -11.75 -3.66 -4.91 -7.81 -1.59 -0.76 -4.28 -1.38 2.35 -1.38 -2.0 -13.87 -14.7 -15.75 -16.37 -16.99 -12.0 -10.75 -12.62 -8.87 -5.95 -8.66 -7.0 -1.79 -5.12 -6.16 0.92 -1.79 -4.08 1.96 1.96 -13.44 -14.48 -15.31 -15.94 -12.82 -9.29 -11.99 -9.92 -4.31 -7.84 -8.25 -1.2 -4.73 -7.01 0.26 -1.61 -4.73 -0.16 1.5 -1.82
0.0 -16.93 -17.55 -18.59 -17.14 -17.76 -16.72 -7.81 -10.09 -11.75 -3.66 -4.91 -7.81 -1.59 -0.76 -4.28 -1.38 2.35 -1.38 -2.0 4.63 -14.7 -15.75 -16.37 -16.99 -12.0 -10.75 -12.62 -8.87 -5.95 -8.66 -7.0 -1.79 -5.12 -6.16 0.92 -1.79 -4.08 1.96 1.96 -0.75 -14.48 -15.31 -15.94 -12.82 -9.29 -11.99 -9.92 -4.31 -7.84 -8.25 -1.2 -4.73 -7.01 0.26 -1.61 -4.73 -0.16 1.5 -1.82 -1.2
0.0 -17.55 -18.59 -17.14 -17.76 -16.72 -7.81 -10.09 -11.75 -3.66 -4.91 -7.81 -1.59 -0.76 -4.28 -1.38 2.35 -1.38 -2.0 4.63 1.52 -15.75 -16.37 -16.99 -12.0 -10.75 -12.62 -8.87 -5.95 -8.66 -7.0 -1.79 -5.12 -6.16 0.92 -1.79 -4.08 1.96 1.96 -0.75 2.79 -15.31 -15.94 -12.82 -9.29 -11.99 -9.92 -4.31 -7.84 -8.25 -1.2 -4.73 -7.01 0.26 -1.61 -4.73 -0.16 1.5 -1.82 -1.2 3.79
0.0 -18.59 -17.14 -17.76 -16.72 -7.81 -10.09 -11.75 -3.66 -4.91 -7.81 -1.59 -0.76 -4.28 -1.38 2.35 -1.38 -2.0 4.63 1.52 -0.76 -16.37 -16.99 -12.0 -10.75 -12.62 -8.87 -5.95 -8.66 -7.0 -1.79 -5.12 -6.16 0.92 -1.79 -4.08 1.96 1.96 -0.75 2.79 5.09 -15.94 -12.82 -9.29 -11.99 -9.92 -4.31 -7.84 -8.25 -1.2 -4.73 -7.01 0.26 -1.61 -4.73 -0.16 1.5 -1.82 -1.2 3.79 1.09
0.0 -17.14 -17.76 -16.72 -7.81 -10.09 -11.75 -3.66 -4.91 -7.81 -1.59 -0.76 -4.28 -1.38 2.35 -1.38 -2.0 4.63 1.52 -0.76 2.14 -16.99 -12.0 -10.75 -12.62 -8.87 -5.95 -8.66 -7.0 -1.79 -5.12 -6.16 0.92 -1.79 -4.08 1.96 1.96 -0.75 2.79 5.09 2.38 -12.82 -9.29 -11.99 -9.92 -4.31 -7.84 -8.25 -1.2 -4.73 -7.01 0.26 -1.61 -4.73 -0.16 1.5 -1.82 -1.2 3.79 1.09 0.05
0.0 -17.76 -16.72 -7.81 -10.09 -11.75 -3.66 -4.91 -7.81 -1.59 -0.76 -4.28 -1.38 2.35 -1.38 -2.0 4.63 1.52 -0.76 2.14 3.18 -12.0 -10.75 -12.62 -8.87 -5.95 -8.66 -7.0 -1.79 -5.12 -6.16 0.92 -1.79 -4.08 1.96 1.96 -0.75 2.79 5.09 2.38 1.75 -9.29 -11.99 -9.92 -4.31 -7.84 -8.25 -1.2 -4.73 -7.01 0.26 -1.61 -4.73 -0.16 1.5 -1.82 -1.2 3.79 1.09 0.05 2.75
0.0 -16.72 -7.81 -10.09 -11.75 -3.66 -4.91 -7.81 -1.59 -0.76 -4.28 -1.38 2.35 -1.38 -2.0 4.63 1.52 -0.76 2.14 3.18 0.9 -10.75 -12.62 -8.87 -5.95 -8.66 -7.0 -1.79 -5.12 -6.16 0.92 -1.79 -4.08 1.96 1.96 -0.75 2.79 5.09 2.38 1.75 6.96 -11.99 -9.92 -4.31 -7.84 -8.25 -1.2 -4.73 -7.01 0.26 -1.61 -4.73 -0.16 1.5 -1.82 -1.2 3.79 1.09 0.05 2.75 2.33
0.0 -7.81 -10.09 -11.75 -3.66 -4.91 -7.81 -1.59 -0.76 -4.28 -1.38 2.35 -1.38 -2.0 4.63 1.52 -0.76 2.14 3.18 0.9 1.31 -12.62 -8.87 -5.95 -8.66 -7.0 -1.79 -5.12 -6.16 0.92 -1.79 -4.08 1.96 1.96 -0.75 2.79 5.09 2.38 1.75 6.96 4.88 -9.92 -4.31 -7.84 -8.25 -1.2 -4.73 -7.01 0.26 -1.61 -4.73 -0.16 1.5 -1.82 -1.2 3.79 1.09 0.05 2.75 2.33 1.3
0.0 -10.09 -11.75 -3.66 -4.91 -7.81 -1.59 -0.76 -4.28 -1.38 2.35 -1.38 -2.0 4.63 1.52 -0.76 2.14 3.18 0.9 1.31 3.18 -8.87 -5.95 -8.66 -7.0 -1.79 -5.12 -6.16 0.92 -1.79 -4.08 1.96 1.96 -0.75 2.79 5.09 2.38 1.75 6.96 4.88 3.63 -4.31 -7.84 -8.25 -1.2 -4.73 -7.01 0.26 -1.61 -4.73 -0.16 1.5 -1.82 -1.2 3.79 1.09 0.05 2.75 2.33 1.3 2.75
0.0 -11.75 -3.66 -4.91 -7.81 -1.59 -0.76 -4.28 -1.38 2.35 -1.38 -2.0 4.63 1.52 -0.76 2.14 3.18 0.9 1.31 3.18 2.35 -5.95 -8.66 -7.0 -1.79 -5.12 -6.16 0.92 -1.79 -4.08 1.96 1.96 -0.75 2.79 5.09 2.38 1.75 6.96 4.88 3.63 4.67 -7.84 -8.25 -1.2 -4.73 -7.01 0.26 -1.61 -4.73 -0.16 1.5 -1.82 -1.2 3.79 1.09 0.05 2.75 2.33 1.3 2.75 6.49
0.0 -3.66 -4.91 -7.81 -1.59 -0.76 -4.28 -1.38 2.35 -1.38 -2.0 4.63 1.52 -0.76 2.14 3.18 0.9 1.31 3.18 2.35 2.35 -8.66 -7.0 -1.79 -5.12 -6.16 0.92 -1.79 -4.08 1.96 1.96 -0.75 2.79 5.09 2.38 1.75 6.96 4.88 3.63 4.67 9.25 -8.25 -1.2 -4.73 -7.01 0.26 -1.61 -4.73 -0.16 1.5 -1.82 -1.2 3.79 1.09 0.05 2.75 2.33 1.3 2.75 6.49 4.41
0.0 -4.91 -7.81 -1.59 -0.76 -4.28 -1.38 2.35 -1.38 -2.0 4.63 1.52 -0.76 2.14 3.18 0.9 1.31 3.18 2.35 2.35 4.84 -7.0 -1.79 -5.12 -6.16 0.92 -1.79 -4.08 1.96 1.96 -0.75 2.79 5.09 2.38 1.75 6.96 4.88 3.63 4.67 9.25 7.79 -1.2 -4.73 -7.01 0.26 -1.61 -4.73 -0.16 1.5 -1.82 -1.2 3.79 1.09 0.05 2.75 2.33 1.3 2.75 6.49 4.41 5.03
0.0 -7.81 -1.59 -0.76 -4.28 -1.38 2.35 -1.38 -2.0 4.63 1.52 -0.76 2.14 3.18 0.9 1.31 3.18 2.35 2.35 4.84 9.4 -1.79 -5.12 -6.16 0.92 -1.79 -4.08 1.96 1.96 -0.75 2.79 5.09 2.38 1.75 6.96 4.88 3.63 4.67 9.25 7.79 7.58 -4.73 -7.01 0.26 -1.61 -4.73 -0.16 1.5 -1.82 -1.2 3.79 1.09 0.05 2.75 2.33 1.3 2.75 6.49 4.41 5.03 7.73
0.0 -1.59 -0.76 -4.28 -1.38 2.35 -1.38 -2.0 4.63 1.52 -0.76 2.14 3.18 0.9 1.31 3.18 2.35 2.35 4.84 9.4 7.32 -5.12 -6.16 0.92 -1.79 -4.08 1.96 1.96 -0.75 2.79 5.09 2.38 1.75 6.96 4.88 3.63 4.67 9.25 7.79 7.58 12.58 -7.01 0.26 -1.61 -4.73 -0.16 1.5 -1.82 -1.2 3.79 1.09 0.05 2.75 2.33 1.3 2.75 6.49 4.41 5.03 7.73 9.39
0.0 -0.76 -4.28 -1.38 2.35 -1.38 -2.0 4.63 1.52 -0.76 2.14 3.18 0.9 1.31 3.18 2.35 2.35 4.84 9.4 7.32 7.95 -6.16 0.92 -1.79 -4.08 1.96 1.96 -0.75 2.79 5.09 2.38 1.75 6.96 4.88 3.63 4.67 9.25 7.79 7.58 12.58 12.38 0.26 -1.61 -4.73 -0.16 1.5 -1.82 -1.2 3.79 1.09 0.05 2.75 2.33 1.3 2.75 6.49 4.41 5.03 7.73 9.39 8.56
0.0 -4.28 -1.38 2.35 -1.38 -2.0 4.63 1.52 -0.76 2.14 3.18 0.9 1.31 3.18 2.35 2.35 4.84 9.4 7.32 7.95 14.58 0.92 -1.79 -4.08 1.96 1.96 -0.75 2.79 5.09 2.38 1.75 6.96 4.88 3.63 4.67 9.25 7.79 7.58 12.58 12.38 10.92 -1.61 -4.73 -0.16 1.5 -1.82 -1.2 3.79 1.09 0.05 2.75 2.33 1.3 2.75 6.49 4.41 5.03 7.73 9.39 8.56 9.81
0.0 -1.38 2.35 -1.38 -2.0 4.63 1.52 -0.76 2.14 3.18 0.9 1.31 3.18 2.35 2.35 4.84 9.4 7.32 7.95 14.58 11.47 -1.79 -4.08 1.96 1.96 -0.75 2.79 5.09 2.38 1.75 6.96 4.88 3.63 4.67 9.25 7.79 7.58 12.58 12.38 10.92 13.42 -4.73 -0.16 1.5 -1.82 -1.2 3.79 1.09 0.05 2.75 2.33 1.3 2.75 6.49 4.41 5.03 7.73 9.39 8.56 9.81 14.58
0.0 2.35 -1.38 -2.0 4.63 1.52 -0.76 2.14 3.18 0.9 1.31 3.18 2.35 2.35 4.84 9.4 7.32 7.95 14.58 11.47 10.43 -4.08 1.96 1.96 -0.75 2.79 5.09 2.38 1.75 6.96 4.88 3.63 4.67 9.25 7.79 7.58 12.58 12.38 10.92 13.42 15.29 -0.16 1.5 -1.82 -1.2 3.79 1.09 0.05 2.75 2.33 1.3 2.75 6.49 4.41 5.03 7.73 9.39 8.56 9.81 14.58 11.68
0.0 -1.38 -2.0 4.63 1.52 -0.76 2.14 3.18 0.9 1.31 3.18 2.35 2.35 4.84 9.4 7.32 7.95 14.58 11.47 10.43 16.45 1.96 1.96 -0.75 2.79 5.09 2.38 1.75 6.96 4.88 3.63 4.67 9.25 7.79 7.58 12.58 12.38 10.92 13.42 15.29 12.79 1.5 -1.82 -1.2 3.79 1.09 0.05 2.75 2.33 1.3 2.75 6.49 4.41 5.03 7.73 9.39 8.56 9.81 14.58 11.68 11.05
0.0 -2.0 4.63 1.52 -0.76 2.14 3.18 0.9 1.31 3.18 2.35 2.35 4.84 9.4 7.32 7.95 14.58 11.47 10.43 16.45 14.17 1.96 -0.75 2.79 5.09 2.38 1.75 6.96 4.88 3.63 4.67 9.25 7.79 7.58 12.58 12.38 10.92 13.42 15.29 12.79 13.42 -1.82 -1.2 3.79 1.09 0.05 2.75 2.33 1.3 2.75 6.49 4.41 5.03 7.73 9.39 8.56 9.81 14.58 11.68 11.05 16.66
0.0 4.63 1.52 -0.76 2.14 3.18 0.9 1.31 3.18 2.35 2.35 4.84 9.4 7.32 7.95 14.58 11.47 10.43 16.45 14.17 12.3 -0.75 2.79 5.09 2.38 1.75 6.96 4.88 3.63 4.67 9.25 7.79 7.58 12.58 12.38 10.92 13.42 15.29 12.79 13.42 16.96 -1.2 3.79 1.09 0.05 2.75 2.33 1.3 2.75 6.49 4.41 5.03 7.73 9.39 8.56 9.81 14.58 11.68 11.05 16.66 13.13
0.0 1.52 -0.76 2.14 3.18 0.9 1.31 3.18 2.35 2.35 4.84 9.4 7.32 7.95 14.58 11.47 10.43 16.45 14.17 12.3 16.86 2.79 5.09 2.38 1.75 6.96 4.88 3.63 4.67 9.25 7.79 7.58 12.58 12.38 10.92 13.42 15.29 12.79 13.42 16.96 13.83 3.79 1.09 0.05 2.75 2.33 1.3 2.75 6.49 4.41 5.03 7.73 9.39 8.56 9.81 14.58 11.68 11.05 16.66 13.13 11.47
0.0 -0.76 2.14 3.18 0.9 1.31 3.18 2.35 2.35 4.84 9.4 7.32 7.95 14.58 11.47 10.43 16.45 14.17 12.3 16.86 16.24 5.09 2.38 1.75 6.96 4.88 3.63 4.67 9.25 7.79 7.58 12.58 12.38 10.92 13.42 15.29 12.79 13.42 16.96 13.83 13.42 1.09 0.05 2.75 2.33 1.3 2.75 6.49 4.41 5.03 7.73 9.39 8.56 9.81 14.58 11.68 11.05 16.66 13.13 11.47 17.07
0.0 2.14 3.18 0.9 1.31 3.18 2.35 2.35 4.84 9.4 7.32 7.95 14.58 11.47 10.43 16.45 14.17 12.3 16.86 16.24 13.96 2.38 1.75 6.96 4.88 3.63 4.67 9.25 7.79 7.58 12.58 12.38 10.92 13.42 15.29 12.79 13.42 16.96 13.83 13.42 18.21 0.05 2.75 2.33 1.3 2.75 6.49 4.41 5.03 7.73 9.39 8.56 9.81 14.58 11.68 11.05 16.66 13.13 11.47 17.07 14.17
0.0 3.18 0.9 1.31 3.18 2.35 2.35 4.84 9.4 7.32 7.95 14.58 11.47 10.43 16.45 14.17 12.3 16.86 16.24 13.96 17.28 1.75 6.96 4.88 3.63 4.67 9.25 7.79 7.58 12.58 12.38 10.92 13.42 15.29 12.79 13.42 16.96 13.83 13.42 18.21 14.88 2.75 2.33 1.3 2.75 6.49 4.41 5.03 7.73 9.39 8.56 9.81 14.58 11.68 11.05 16.66 13.13 11.47 17.07 14.17 12.3
0.0 0.9 1.31 3.18 2.35 2.35 4.84 9.4 7.32 7.95 14.58 11.47 10.43 16.45 14.17 12.3 16.86 16.24 13.96 17.28 18.31 6.96 4.88 3.63 4.67 9.25 7.79 7.58 12.58 12.38 10.92 13.42 15.29 12.79 13.42 16.96 13.83 13.42 18.21 14.88 14.04 2.33 1.3 2.75 6.49 4.41 5.03 7.73 9.39 8.56 9.81 14.58 11.68 11.05 16.66 13.13 11.47 17.07 14.17 12.3 17.28
0.0 1.31 3.18 2.35 2.35 4.84 9.4 7.32 7.95 14.58 11.47 10.43 16.45 14.17 12.3 16.86 16.24 13.96 17.28 18.31 14.99 4.88 3.63 4.67 9.25 7.79 7.58 12.58 12.38 10.92 13.42 15.29 12.79 13.42 16.96 13.83 13.42 18.21 14.88 14.04 18.83 1.3 2.75 6.49 4.41 5.03 7.73 9.39 8.56 9.81 14.58 11.68 11.05 16.66 13.13 11.47 17.07 14.17 12.3 17.28 15.83
0.0 3.18 2.35 2.35 4.84 9.4 7.32 7.95 14.58 11.47 10.43 16.45 14.17 12.3 16.86 16.24 13.96 17.28 18.31 14.99 17.69 3.63 4.67 9.25 7.79 7.58 12.58 12.38 10.92 13.42 15.29 12.79 13.42 16.96 13.83 13.42 18.21 14.88 14.04 18.83 16.12 2.75 6.49 4.41 5.03 7.73 9.39 8.56 9.81 14.58 11.68 11.05 16.66 13.13 11.47 17.07 14.17 12.3 17.28 15.83 13.34
0.0 2.35 2.35 4.84 9.4 7.32 7.95 14.58 11.47 10.43 16.45 14.17 12.3 16.86 16.24 13.96 17.28 18.31 14.99 17.69 20.18 4.67 9.25 7.79 7.58 12.58 12.38 10.92 13.42 15.29 12.79 13.42 16.96 13.83 13.42 18.21 14.88 14.04 18.83 16.12 14.88 6.49 4.41 5.03 7.73 9.39 8.56 9.81 14.58 11.68 11.05 16.66 13.13 11.47 17.07 14.17 12.3 17.28 15.83 13.34 17.49
0.0 2.35 4.84 9.4 7.32 7.95 14.58 11.47 10.43 16.45 14.17 12.3 16.86 16.24 13.96 17.28 18.31 14.99 17.69 20.18 16.03 9.25 7.79 7.58 12.58 12.38 10.92 13.42 15.29 12.79 13.42 16.96 13.83 13.42 18.21 14.88 14.04 18.83 16.12 14.88 19.46 4.41 5.03 7.73 9.39 8.56 9.81 14.58 11.68 11.05 16.66 13.13 11.47 17.07 14.17 12.3 17.28 15.83 13.34 17.49 18.32
0.0 4.84 9.4 7.32 7.95 14.58 11.47 10.43 16.45 14.17 12.3 16.86 16.24 13.96 17.28 18.31 14.99 17.69 20.18 16.03 17.28 7.79 7.58 12.58 12.38 10.92 13.42 15.29 12.79 13.42 16.96 13.83 13.42 18.21 14.88 14.04 18.83 16.12 14.88 19.46 16.96 5.03 7.73 9.39 8.56 9.81 14.58 11.68 11.05 16.66 13.13 11.47 17.07 14.17 12.3 17.28 15.83 13.34 17.49 18.32 15.41
0.0 9.4 7.32 7.95 14.58 11.47 10.43 16.45 14.17 12.3 16.86 16.24 13.96 17.28 18.31 14.99 17.69 20.18 16.03 17.28 20.8 7.58 12.58 12.38 10.92 13.42 15.29 12.79 13.42 16.96 13.83 13.42 18.21 14.88 14.04 18.83 16.12 14.88 19.46 16.96 15.29 7.73 9.39 8.56 9.81 14.58 11.68 11.05 16.66 13.13 11.47 17.07 14.17 12.3 17.28 15.83 13.34 17.49 18.32 15.41 19.36
0.0 7.32 7.95 14.58 11.47 10.43 16.45 14.17 12.3 16.86 16.24 13.96 17.28 18.31 14.99 17.69 20.18 16.03 17.28 20.8 16.45 12.58 12.38 10.92 13.42 15.29 12.79 13.42 16.96 13.83 13.42 18.21 14.88 14.04 18.83 16.12 14.88 19.46 16.96 15.29 19.04 9.39 8.56 9.81 14.58 11.68 11.05 16.66 13.13 11.47 17.07 14.17 12.3 17.28 15.83 13.34 17.49 18.32 15.41 19.36 21.22
0.0 7.95 14.58 11.47 10.43 16.45 14.17 12.3 16.86 16.24 13.96 17.28 18.31 14.99 17.69 20.18 16.03 17.28 20.8 16.45 16.24 12.38 10.92 13.42 15.29 12.79 13.42 16.96 13.83 13.42 18.21 14.88 14.04 18.83 16.12 14.88 19.46 16.96 15.29 19.04 18.62 8.56 9.81 14.58 11.68 11.05 16.66 13.13 11.47 17.07 14.17 12.3 17.28 15.83 13.34 17.49 18.32 15.41 19.36 21.22 17.07
0.0 14.58 11.47 10.43 16.45 14.17 12.3 16.86 16.24 13.96 17.28 18.31 14.99 17.69 20.18 16.03 17.28 20.8 16.45 16.24 22.66 10.92 13.42 15.29 12.79 13.42 16.96 13.83 13.42 18.21 14.88 14.04 18.83 16.12 14.88 19.46 16.96 15.29 19.04 18.62 16.75 9.81 14.58 11.68 11.05 16.66 13.13 11.47 17.07 14.17 12.3 17.28 15.83 13.34 17.49 18.32 15.41 19.36 21.22 17.07 19.77
0.0 11.47 10.43 16.45 14.17 12.3 16.86 16.24 13.96 17.28 18.31 14.99 17.69 20.18 16.03 17.28 20.8 16.45 16.24 22.66 18.52 13.42 15.29 12.79 13.42 16.96 13.83 13.42 18.21 14.88 14.04 18.83 16.12 14.88 19.46 16.96 15.29 19.04 18.62 16.75 20.71 14.58 11.68 11.05 16.66 13.13 11.47 17.07 14.17 12.3 17.28 15.83 13.34 17.49 18.32 15.41 19.36 21.22 17.07 19.77 22.68
0.0 10.43 16.45 14.17 12.3 16.86 16.24 13.96 17.28 18.31 14.99 17.69 20.18 16.03 17.28 20.8 16.45 16.24 22.66 18.52 16.65 15.29 12.79 13.42 16.96 13.83 13.42 18.21 14.88 14.04 18.83 16.12 14.88 19.46 16.96 15.29 19.04 18.62 16.75 20.71 21.33 11.68 11.05 16.66 13.13 11.47 17.07 14.17 12.3 17.28 15.83 13.34 17.49 18.32 15.41 19.36 21.22 17.07 19.77 22.68 18.32
0.0 16.45 14.17 12.3 16.86 16.24 13.96 17.28 18.31 14.99 17.69 20.18 16.03 17.28 20.8 16.45 16.24 22.66 18.52 16.65 23.7 12.79 13.42 16.96 13.83 13.42 18.21 14.88 14.04 18.83 16.12 14.88 19.46 16.96 15.29 19.04 18.62 16.75 20.71 21.33 18.21 11.05 16.66 13.13 11.47 17.07 14.17 12.3 17.28 15.83 13.34 17.49 18.32 15.41 19.36 21.22 17.07 19.77 22.68 18.32 19.15
0.0 14.17 12.3 16.86 16.24 13.96 17.28 18.31 14.99 17.69 20.18 16.03 17.28 20.8 16.45 16.24 22.66 18.52 16.65 23.7 19.97 13.42 16.96 13.83 13.42 18.21 14.88 14.04 18.83 16.12 14.88 19.46 16.96 15.29 19.04 18.62 16.75 20.71 21.33 18.21 20.08 16.66 13.13 11.47 17.07 14.17 12.3 17.28 15.83 13.34 17.49 18.32 15.41 19.36 21.22 17.07 19.77 22.68 18.32 19.15 24.75
0.0 12.3 16.86 16.24 13.96 17.28 18.31 14.99 17.69 20.18 16.03 17.28 20.8 16.45 16.24 22.66 18.52 16.65 23.7 19.97 16.45 16.96 13.83 13.42 18.21 14.88 14.04 18.83 16.12 14.88 19.46 16.96 15.29 19.04 18.62 16.75 20.71 21.33 18.21 20.08 23.21 13.13 11.47 17.07 14.17 12.3 17.28 15.83 13.34 17.49 18.32 15.41 19.36 21.22 17.07 19.77 22.68 18.32 19.15 24.75 19.77
0.0 16.86 16.24 13.96 17.28 18.31 14.99 17.69 20.18 16.03 17.28 20.8 16.45 16.24 22.66 18.52 16.65 23.7 19.97 16.45 23.29 13.83 13.42 18.21 14.88 14.04 18.83 16.12 14.88 19.46 16.96 15.29 19.04 18.62 16.75 20.71 21.33 18.21 20.08 23.21 19.46 11.47 17.07 14.17 12.3 17.28 15.83 13.34 17.49 18.32 15.41 19.36 21.22 17.07 19.77 22.68 18.32 19.15 24.75 19.77 17.9
0.0 16.24 13.96 17.28 18.31 14.99 17.69 20.18 16.03 17.28 20.8 16.45 16.24 22.66 18.52 16.65 23.7 19.97 16.45 23.29 21.21 13.42 18.21 14.88 14.04 18.83 16.12 14.88 19.46 16.96 15.29 19.04 18.62 16.75 20.71 21.33 18.21 20.08 23.21 19.46 19.25 17.07 14.17 12.3 17.28 15.83 13.34 17.49 18.32 15.41 19.36 21.22 17.07 19.77 22.68 18.32 19.15 24.75 19.77 17.9 24.55
0.0 13.96 17.28 18.31 14.99 17.69 20.18 16.03 17.28 20.8 16.45 16.24 22.66 18.52 16.65 23.7 19.97 16.45 23.29 21.21 16.86 18.21 14.88 14.04 18.83 16.12 14.88 19.46 16.96 15.29 19.04 18.62 16.75 20.71 21.33 18.21 20.08 23.21 19.46 19.25 24.25 14.17 12.3 17.28 15.83 13.34 17.49 18.32 15.41 19.36 21.22 17.07 19.77 22.68 18.32 19.15 24.75 19.77 17.9 24.55 20.6
0.0 17.28 18.31 14.99 17.69 20.18 16.03 17.28 20.8 16.45 16.24 22.66 18.52 16.65 23.7 19.97 16.45 23.29 21.21 16.86 21.21 14.88 14.04 18.83 16.12 14.88 19.46 16.96 15.29 19.04 18.62 16.75 20.71 21.33 18.21 20.08 23.21 19.46 19.25 24.25 19.87 12.3 17.28 15.83 13.34 17.49 18.32 15.41 19.36 21.22 17.07 19.77 22.68 18.32 19.15 24.75 19.77 17.9 24.55 20.6 16.87
0.0 18.31 14.99 17.69 20.18 16.03 17.28 20.8 16.45 16.24 22.66 18.52 16.65 23.7 19.97 16.45 23.29 21.21 16.86 21.21 22.04 14.04 18.83 16.12 14.88 19.46 16.96 15.29 19.04 18.62 16.75 20.71 21.33 18.21 20.08 23.21 19.46 19.25 24.25 19.87 17.79 17.28 15.83 13.34 17.49 18.32 15.41 19.36 21.22 17.07 19.77 22.68 18.32 19.15 24.75 19.77 17.9 24.55 20.6 16.87 22.68
0.0 14.99 17.69 20.18 16.03 17.28 20.8 16.45 16.24 22.66 18.52 16.65 23.7 19.97 16.45 23.29 21.21 16.86 21.21 22.04 17.48 18.83 16.12 14.88 19.46 16.96 15.29 19.04 18.62 16.75 20.71 21.33 18.21 20.08 23.21 19.46 19.25 24.25 19.87 17.79 23.83 15.83 13.34 17.49 18.32 15.41 19.36 21.22 17.07 19.77 22.68 18.32 19.15 24.75 19.77 17.9 24.55 20.6 16.87 22.68 20.39
0.0 17.69 20.18 16.03 17.28 20.8 16.45 16.24 22.66 18.52 16.65 23.7 19.97 16.45 23.29 21.21 16.86 21.21 22.04 17.48 18.1 16.12 14.88 19.46 16.96 15.29 19.04 18.62 16.75 20.71 21.33 18.21 20.08 23.21 19.46 19.25 24.25 19.87 17.79 23.83 20.29 13.34 17.49 18.32 15.41 19.36 21.22 17.07 19.77 22.68 18.32 19.15 24.75 19.77 17.9 24.55 20.6 16.87 22.68 20.39 16.66
0.0 20.18 16.03 17.28 20.8 16.45 16.24 22.66 18.52 16.65 23.7 19.97 16.45 23.29 21.21 16.86 21.21 22.04 17.48 18.1 22.04 14.88 19.46 16.96 15.29 19.04 18.62 16.75 20.71 21.33 18.21 20.08 23.21 19.46 19.25 24.25 19.87 17.79 23.83 20.29 16.96 17.49 18.32 15.41 19.36 21.22 17.07 19.77 22.68 18.32 19.15 24.75 19.77 17.9 24.55 20.6 16.87 22.68 20.39 16.66 19.56
0.0 16.03 17.28 20.8 16.45 16.24 22.66 18.52 16.65 23.7 19.97 16.45 23.29 21.21 16.86 21.21 22.04 17.48 18.1 22.04 17.69 19.46 16.96 15.29 19.04 18.62 16.75 20.71 21.33 18.21 20.08 23.21 19.46 19.25 24.25 19.87 17.79 23.83 20.29 16.96 21.75 18.32 15.41 19.36 21.22 17.07 19.77 22.68 18.32 19.15 24.75 19.77 17.9 24.55 20.6 16.87 22.68 20.39 16.66 19.56 19.98
0.0 17.28 20.8 16.45 16.24 22.66 18.52 16.65 23.7 19.97 16.45 23.29 21.21 16.86 21.21 22.04 17.48 18.1 22.04 17.69 15.62 16.96 15.29 19.04 18.62 16.75 20.71 21.33 18.21 20.08 23.21 19.46 19.25 24.25 19.87 17.79 23.83 20.29 16.96 21.75 20.5 15.41 19.36 21.22 17.07 19.77 22.68 18.32 19.15 24.75 19.77 17.9 24.55 20.6 16.87 22.68 20.39 16.66 19.56 19.98 16.45
0.0 20.8 16.45 16.24 22.66 18.52 16.65 23.7 19.97 16.45 23.29 21.21 16.86 21.21 22.04 17.48 18.1 22.04 17.69 15.62 20.18 15.29 19.04 18.62 16.75 20.71 21.33 18.21 20.08 23.21 19.46 19.25 24.25 19.87 17.79 23.83 20.29 16.96 21.75 20.5 17.58 19.36 21.22 17.07 19.77 22.68 18.32 19.15 24.75 19.77 17.9 24.55 20.6 16.87 22.68 20.39 16.66 19.56 19.98 16.45 16.45
0.0 16.45 16.24 22.66 18.52 16.65 23.7 19.97 16.45 23.29 21.21 16.86 21.21 22.04 17.48 18.1 22.04 17.69 15.62 20.18 17.48 19.04 18.62 16.75 20.71 21.33 18.21 20.08 23.21 19.46 19.25 24.25 19.87 17.79 23.83 20.29 16.96 21.75 20.5 17.58 19.04 21.22 17.07 19.77 22.68 18.32 19.15 24.75 19.77 17.9 24.55 20.6 16.87 22.68 20.39 16.66 19.56 19.98 16.45 16.45 19.15
0.0 16.24 22.66 18.52 16.65 23.7 19.97 16.45 23.29 21.21 16.86 21.21 22.04 17.48 18.1 22.04 17.69 15.62 20.18 17.48 14.37 18.62 16.75 20.71 21.33 18.21 20.08 23.21 19.46 19.25 24.25 19.87 17.79 23.83 20.29 16.96 21.75 20.5 17.58 19.04 21.12 17.07 19.77 22.68 18.32 19.15 24.75 19.77 17.9 24.55 20.6 16.87 22.68 20.39 16.66 19.56 19.98 16.45 16.45 19.15 16.45
0.0 22.66 18.52 16.65 23.7 19.97 16.45 23.29 21.21 16.86 21.21 22.04 17.48 18.1 22.04 17.69 15.62 20.18 17.48 14.37 11.47 16.75 20.71 21.33 18.21 20.08 23.21 19.46 19.25 24.25 19.87 17.79 23.83 20.29 16.96 21.75 20.5 17.58 19.04 21.12 17.79 19.77 22.68 18.32 19.15 24.75 19.77 17.9 24.55 20.6 16.87 22.68 20.39 16.66 19.56 19.98 16.45 16.45 19.15 16.45 13.96
