0.0 -2.0 -3.87 -4.7 -4.91 -6.15 -7.6 -7.6 -8.84 -10.09 -10.71 -11.54 -12.58 -13.41 -13.82 -15.06 -15.69 -16.31 -17.14 -17.97 -18.59 -0.33 -0.75 -1.79 -3.46 -3.87 -4.71 -6.16 -6.79 -7.62 -8.87 -9.7 -10.12 -11.37 -12.2 -12.83 -13.66 -14.5 -15.12 -15.95 -14.91 0.26 -0.57 -2.44 -2.86 -3.27 -4.93 -5.76 -5.97 -7.42 -8.46 -9.08 -9.92 -11.16 -11.58 -12.41 -13.24 -13.86 -14.69 -15.52 -15.73
0.0 -3.87 -4.7 -4.91 -6.15 -7.6 -7.6 -8.84 -10.09 -10.71 -11.54 -12.58 -13.41 -13.82 -15.06 -15.69 -16.31 -17.14 -17.97 -18.59 -17.97 -0.75 -1.79 -3.46 -3.87 -4.71 -6.16 -6.79 -7.62 -8.87 -9.7 -10.12 -11.37 -12.2 -12.83 -13.66 -14.5 -15.12 -15.95 -14.91 -13.04 -0.57 -2.44 -2.86 -3.27 -4.93 -5.76 -5.97 -7.42 -8.46 -9.08 -9.92 -11.16 -11.58 -12.41 -13.24 -13.86 -14.69 -15.52 -15.73 -16.14
0.0 -4.7 -4.91 -6.15 -7.6 -7.6 -8.84 -10.09 -10.71 -11.54 -12.58 -13.41 -13.82 -15.06 -15.69 -16.31 -17.14 -17.97 -18.59 -17.97 -9.47 -1.79 -3.46 -3.87 -4.71 -6.16 -6.79 -7.62 -8.87 -9.7 -10.12 -11.37 -12.2 -12.83 -13.66 -14.5 -15.12 -15.95 -14.91 -13.04 -14.29 -2.44 -2.86 -3.27 -4.93 -5.76 -5.97 -7.42 -8.46 -9.08 -9.92 -11.16 -11.58 -12.41 -13.24 -13.86 -14.69 -15.52 -15.73 -16.14 -13.24
0.0 -4.91 -6.15 -7.6 -7.6 -8.84 -10.09 -10.71 -11.54 -12.58 -13.41 -13.82 -15.06 -15.69 -16.31 -17.14 -17.97 -18.59 -17.97 -9.47 -10.71 -3.46 -3.87 -4.71 -6.16 -6.79 -7.62 -8.87 -9.7 -10.12 -11.37 -12.2 -12.83 -13.66 -14.5 -15.12 -15.95 -14.91 -13.04 -14.29 -11.16 -2.86 -3.27 -4.93 -5.76 -5.97 -7.42 -8.46 -9.08 -9.92 -11.16 -11.58 -12.41 -13.24 -13.86 -14.69 -15.52 -15.73 -16.14 -13.24 -6.59
0.0 -6.15 -7.6 -7.6 -8.84 -10.09 -10.71 -11.54 -12.58 -13.41 -13.82 -15.06 -15.69 -16.31 -17.14 -17.97 -18.59 -17.97 -9.47 -10.71 -12.58 -3.87 -4.71 -6.16 -6.79 -7.62 -8.87 -9.7 -10.12 -11.37 -12.2 -12.83 -13.66 -14.5 -15.12 -15.95 -14.91 -13.04 -14.29 -11.16 -7.2 -3.27 -4.93 -5.76 -5.97 -7.42 -8.46 -9.08 -9.92 -11.16 -11.58 -12.41 -13.24 -13.86 -14.69 -15.52 -15.73 -16.14 -13.24 -6.59 -9.29
0.0 -7.6 -7.6 -8.84 -10.09 -10.71 -11.54 -12.58 -13.41 -13.82 -15.06 -15.69 -16.31 -17.14 -17.97 -18.59 -17.97 -9.47 -10.71 -12.58 -4.91 -4.71 -6.16 -6.79 -7.62 -8.87 -9.7 -10.12 -11.37 -12.2 -12.83 -13.66 -14.5 -15.12 -15.95 -14.91 -13.04 -14.29 -11.16 -7.2 -9.5 -4.93 -5.76 -5.97 -7.42 -8.46 -9.08 -9.92 -11.16 -11.58 -12.41 -13.24 -13.86 -14.69 -15.52 -15.73 -16.14 -13.24 -6.59 -9.29 -9.92
0.0 -7.6 -8.84 -10.09 -10.71 -11.54 -12.58 -13.41 -13.82 -15.06 -15.69 -16.31 -17.14 -17.97 -18.59 -17.97 -9.47 -10.71 -12.58 -4.91 -5.32 -6.16 -6.79 -7.62 -8.87 -9.7 -10.12 -11.37 -12.2 -12.83 -13.66 -14.5 -15.12 -15.95 -14.91 -13.04 -14.29 -11.16 -7.2 -9.5 -9.08 -5.76 -5.97 -7.42 -8.46 -9.08 -9.92 -11.16 -11.58 -12.41 -13.24 -13.86 -14.69 -15.52 -15.73 -16.14 -13.24 -6.59 -9.29 -9.92 -2.23
0.0 -8.84 -10.09 -10.71 -11.54 -12.58 -13.41 -13.82 -15.06 -15.69 -16.31 -17.14 -17.97 -18.59 -17.97 -9.47 -10.71 -12.58 -4.91 -5.32 -8.22 -6.79 -7.62 -8.87 -9.7 -10.12 -11.37 -12.2 -12.83 -13.66 -14.5 -15.12 -15.95 -14.91 -13.04 -14.29 -11.16 -7.2 -9.5 -9.08 -2.62 -5.97 -7.42 -8.46 -9.08 -9.92 -11.16 -11.58 -12.41 -13.24 -13.86 -14.69 -15.52 -15.73 -16.14 -13.24 -6.59 -9.29 -9.92 -2.23 -5.14
0.0 -10.09 -10.71 -11.54 -12.58 -13.41 -13.82 -15.06 -15.69 -16.31 -17.14 -17.97 -18.59 -17.97 -9.47 -10.71 -12.58 -4.91 -5.32 -8.22 -3.66 -7.62 -8.87 -9.7 -10.12 -11.37 -12.2 -12.83 -13.66 -14.5 -15.12 -15.95 -14.91 -13.04 -14.29 -11.16 -7.2 -9.5 -9.08 -2.62 -5.95 -7.42 -8.46 -9.08 -9.92 -11.16 -11.58 -12.41 -13.24 -13.86 -14.69 -15.52 -15.73 -16.14 -13.24 -6.59 -9.29 -9.92 -2.23 -5.14 -7.63
0.0 -10.71 -11.54 -12.58 -13.41 -13.82 -15.06 -15.69 -16.31 -17.14 -17.97 -18.59 -17.97 -9.47 -10.71 -12.58 -4.91 -5.32 -8.22 -3.66 -1.17 -8.87 -9.7 -10.12 -11.37 -12.2 -12.83 -13.66 -14.5 -15.12 -15.95 -14.91 -13.04 -14.29 -11.16 -7.2 -9.5 -9.08 -2.62 -5.95 -7.2 -8.46 -9.08 -9.92 -11.16 -11.58 -12.41 -13.24 -13.86 -14.69 -15.52 -15.73 -16.14 -13.24 -6.59 -9.29 -9.92 -2.23 -5.14 -7.63 -1.2
0.0 -11.54 -12.58 -13.41 -13.82 -15.06 -15.69 -16.31 -17.14 -17.97 -18.59 -17.97 -9.47 -10.71 -12.58 -4.91 -5.32 -8.22 -3.66 -1.17 -4.91 -9.7 -10.12 -11.37 -12.2 -12.83 -13.66 -14.5 -15.12 -15.95 -14.91 -13.04 -14.29 -11.16 -7.2 -9.5 -9.08 -2.62 -5.95 -7.2 -0.33 -9.08 -9.92 -11.16 -11.58 -12.41 -13.24 -13.86 -14.69 -15.52 -15.73 -16.14 -13.24 -6.59 -9.29 -9.92 -2.23 -5.14 -7.63 -1.2 -1.61
1.0 -12.58 -13.41 -13.82 -15.06 -15.69 -16.31 -17.14 -17.97 -18.59 -17.97 -9.47 -10.71 -12.58 -4.91 -5.32 -8.22 -3.66 -1.17 -4.91 11.54 -10.12 -11.37 -12.2 -12.83 -13.66 -14.5 -15.12 -15.95 -14.91 -13.04 -14.29 -11.16 -7.2 -9.5 -9.08 -2.62 -5.95 -7.2 -0.33 -2.41 -9.92 -11.16 -11.58 -12.41 -13.24 -13.86 -14.69 -15.52 -15.73 -16.14 -13.24 -6.59 -9.29 -9.92 -2.23 -5.14 -7.63 -1.2 -1.61 -4.93
1.0 -13.41 -13.82 -15.06 -15.69 -16.31 -17.14 -17.97 -18.59 -17.97 -9.47 -10.71 -12.58 -4.91 -5.32 -8.22 -3.66 -1.17 -4.91 11.54 11.54 -11.37 -12.2 -12.83 -13.66 -14.5 -15.12 -15.95 -14.91 -13.04 -14.29 -11.16 -7.2 -9.5 -9.08 -2.62 -5.95 -7.2 -0.33 -2.41 -4.91 -11.16 -11.58 -12.41 -13.24 -13.86 -14.69 -15.52 -15.73 -16.14 -13.24 -6.59 -9.29 -9.92 -2.23 -5.14 -7.63 -1.2 -1.61 -4.93 -1.82
1.0 -13.82 -15.06 -15.69 -16.31 -17.14 -17.97 -18.59 -17.97 -9.47 -10.71 -12.58 -4.91 -5.32 -8.22 -3.66 -1.17 -4.91 11.54 11.54 11.54 -12.2 -12.83 -13.66 -14.5 -15.12 -15.95 -14.91 -13.04 -14.29 -11.16 -7.2 -9.5 -9.08 -2.62 -5.95 -7.2 -0.33 -2.41 -4.91 0.71 -11.58 -12.41 -13.24 -13.86 -14.69 -15.52 -15.73 -16.14 -13.24 -6.59 -9.29 -9.92 -2.23 -5.14 -7.63 -1.2 -1.61 -4.93 -1.82 1.5
1.0 -15.06 -15.69 -16.31 -17.14 -17.97 -18.59 -17.97 -9.47 -10.71 -12.58 -4.91 -5.32 -8.22 -3.66 -1.17 -4.91 11.54 11.54 11.54 11.54 -12.83 -13.66 -14.5 -15.12 -15.95 -14.91 -13.04 -14.29 -11.16 -7.2 -9.5 -9.08 -2.62 -5.95 -7.2 -0.33 -2.41 -4.91 0.71 1.34 -12.41 -13.24 -13.86 -14.69 -15.52 -15.73 -16.14 -13.24 -6.59 -9.29 -9.92 -2.23 -5.14 -7.63 -1.2 -1.61 -4.93 -1.82 1.5 -2.03
1.0 -15.69 -16.31 -17.14 -17.97 -18.59 -17.97 -9.47 -10.71 -12.58 -4.91 -5.32 -8.22 -3.66 -1.17 -4.91 11.54 11.54 11.54 11.54 11.54 -13.66 -14.5 -15.12 -15.95 -14.91 -13.04 -14.29 -11.16 -7.2 -9.5 -9.08 -2.62 -5.95 -7.2 -0.33 -2.41 -4.91 0.71 1.34 -1.79 -13.24 -13.86 -14.69 -15.52 -15.73 -16.14 -13.24 -6.59 -9.29 -9.92 -2.23 -5.14 -7.63 -1.2 -1.61 -4.93 -1.82 1.5 -2.03 -2.23
1.0 -16.31 -17.14 -17.97 -18.59 -17.97 -9.47 -10.71 -12.58 -4.91 -5.32 -8.22 -3.66 -1.17 -4.91 11.54 11.54 11.54 11.54 11.54 11.54 -14.5 -15.12 -15.95 -14.91 -13.04 -14.29 -11.16 -7.2 -9.5 -9.08 -2.62 -5.95 -7.2 -0.33 -2.41 -4.91 0.71 1.34 -1.79 0.71 -13.86 -14.69 -15.52 -15.73 -16.14 -13.24 -6.59 -9.29 -9.92 -2.23 -5.14 -7.63 -1.2 -1.61 -4.93 -1.82 1.5 -2.03 -2.23 3.79
1.0 -17.14 -17.97 -18.59 -17.97 -9.47 -10.71 -12.58 -4.91 -5.32 -8.22 -3.66 -1.17 -4.91 11.54 11.54 11.54 11.54 11.54 11.54 11.54 -15.12 -15.95 -14.91 -13.04 -14.29 -11.16 -7.2 -9.5 -9.08 -2.62 -5.95 -7.2 -0.33 -2.41 -4.91 0.71 1.34 -1.79 0.71 4.88 -14.69 -15.52 -15.73 -16.14 -13.24 -6.59 -9.29 -9.92 -2.23 -5.14 -7.63 -1.2 -1.61 -4.93 -1.82 1.5 -2.03 -2.23 3.79 0.88
1.0 -17.97 -18.59 -17.97 -9.47 -10.71 -12.58 -4.91 -5.32 -8.22 -3.66 -1.17 -4.91 11.54 11.54 11.54 11.54 11.54 11.54 11.54 11.54 -15.95 -14.91 -13.04 -14.29 -11.16 -7.2 -9.5 -9.08 -2.62 -5.95 -7.2 -0.33 -2.41 -4.91 0.71 1.34 -1.79 0.71 4.88 1.75 -15.52 -15.73 -16.14 -13.24 -6.59 -9.29 -9.92 -2.23 -5.14 -7.63 -1.2 -1.61 -4.93 -1.82 1.5 -2.03 -2.23 3.79 0.88 -0.78
1.0 -18.59 -17.97 -9.47 -10.71 -12.58 -4.91 -5.32 -8.22 -3.66 -1.17 -4.91 11.54 11.54 11.54 11.54 11.54 11.54 11.54 11.54 11.54 -14.91 -13.04 -14.29 -11.16 -7.2 -9.5 -9.08 -2.62 -5.95 -7.2 -0.33 -2.41 -4.91 0.71 1.34 -1.79 0.71 4.88 1.75 1.13 -15.73 -16.14 -13.24 -6.59 -9.29 -9.92 -2.23 -5.14 -7.63 -1.2 -1.61 -4.93 -1.82 1.5 -2.03 -2.23 3.79 0.88 -0.78 2.96
1.0 -17.97 -9.47 -10.71 -12.58 -4.91 -5.32 -8.22 -3.66 -1.17 -4.91 11.54 11.54 11.54 11.54 11.54 11.54 11.54 11.54 11.54 11.54 -13.04 -14.29 -11.16 -7.2 -9.5 -9.08 -2.62 -5.95 -7.2 -0.33 -2.41 -4.91 0.71 1.34 -1.79 0.71 4.88 1.75 1.13 6.13 -16.14 -13.24 -6.59 -9.29 -9.92 -2.23 -5.14 -7.63 -1.2 -1.61 -4.93 -1.82 1.5 -2.03 -2.23 3.79 0.88 -0.78 2.96 3.37
1.0 -9.47 -10.71 -12.58 -4.91 -5.32 -8.22 -3.66 -1.17 -4.91 11.54 11.54 11.54 11.54 11.54 11.54 11.54 11.54 11.54 11.54 11.54 -14.29 -11.16 -7.2 -9.5 -9.08 -2.62 -5.95 -7.2 -0.33 -2.41 -4.91 0.71 1.34 -1.79 0.71 4.88 1.75 1.13 6.13 5.29 -13.24 -6.59 -9.29 -9.92 -2.23 -5.14 -7.63 -1.2 -1.61 -4.93 -1.82 1.5 -2.03 -2.23 3.79 0.88 -0.78 2.96 3.37 1.71
1.0 -10.71 -12.58 -4.91 -5.32 -8.22 -3.66 -1.17 -4.91 11.54 11.54 11.54 11.54 11.54 11.54 11.54 11.54 11.54 11.54 11.54 11.54 -11.16 -7.2 -9.5 -9.08 -2.62 -5.95 -7.2 -0.33 -2.41 -4.91 0.71 1.34 -1.79 0.71 4.88 1.75 1.13 6.13 5.29 3.63 -6.59 -9.29 -9.92 -2.23 -5.14 -7.63 -1.2 -1.61 -4.93 -1.82 1.5 -2.03 -2.23 3.79 0.88 -0.78 2.96 3.37 1.71 2.96
1.0 -12.58 -4.91 -5.32 -8.22 -3.66 -1.17 -4.91 11.54 11.54 11.54 11.54 11.54 11.54 11.54 11.54 11.54 11.54 11.54 11.54 11.54 -7.2 -9.5 -9.08 -2.62 -5.95 -7.2 -0.33 -2.41 -4.91 0.71 1.34 -1.79 0.71 4.88 1.75 1.13 6.13 5.29 3.63 6.13 -9.29 -9.92 -2.23 -5.14 -7.63 -1.2 -1.61 -4.93 -1.82 1.5 -2.03 -2.23 3.79 0.88 -0.78 2.96 3.37 1.71 2.96 5.86
1.0 -4.91 -5.32 -8.22 -3.66 -1.17 -4.91 11.54 11.54 11.54 11.54 11.54 11.54 11.54 11.54 11.54 11.54 11.54 11.54 11.54 11.54 -9.5 -9.08 -2.62 -5.95 -7.2 -0.33 -2.41 -4.91 0.71 1.34 -1.79 0.71 4.88 1.75 1.13 6.13 5.29 3.63 6.13 9.46 -9.92 -2.23 -5.14 -7.63 -1.2 -1.61 -4.93 -1.82 1.5 -2.03 -2.23 3.79 0.88 -0.78 2.96 3.37 1.71 2.96 5.86 4.41
1.0 -5.32 -8.22 -3.66 -1.17 -4.91 11.54 11.54 11.54 11.54 11.54 11.54 11.54 11.54 11.54 11.54 11.54 11.54 11.54 11.54 11.54 -9.08 -2.62 -5.95 -7.2 -0.33 -2.41 -4.91 0.71 1.34 -1.79 0.71 4.88 1.75 1.13 6.13 5.29 3.63 6.13 9.46 6.75 -2.23 -5.14 -7.63 -1.2 -1.61 -4.93 -1.82 1.5 -2.03 -2.23 3.79 0.88 -0.78 2.96 3.37 1.71 2.96 5.86 4.41 4.82
1.0 -8.22 -3.66 -1.17 -4.91 11.54 11.54 11.54 11.54 11.54 11.54 11.54 11.54 11.54 11.54 11.54 11.54 11.54 11.54 11.54 11.54 -2.62 -5.95 -7.2 -0.33 -2.41 -4.91 0.71 1.34 -1.79 0.71 4.88 1.75 1.13 6.13 5.29 3.63 6.13 9.46 6.75 6.96 -5.14 -7.63 -1.2 -1.61 -4.93 -1.82 1.5 -2.03 -2.23 3.79 0.88 -0.78 2.96 3.37 1.71 2.96 5.86 4.41 4.82 8.98
1.0 -3.66 -1.17 -4.91 11.54 11.54 11.54 11.54 11.54 11.54 11.54 11.54 11.54 11.54 11.54 11.54 11.54 11.54 11.54 11.54 11.54 -5.95 -7.2 -0.33 -2.41 -4.91 0.71 1.34 -1.79 0.71 4.88 1.75 1.13 6.13 5.29 3.63 6.13 9.46 6.75 6.96 11.75 -7.63 -1.2 -1.61 -4.93 -1.82 1.5 -2.03 -2.23 3.79 0.88 -0.78 2.96 3.37 1.71 2.96 5.86 4.41 4.82 8.98 9.81
1.0 -1.17 -4.91 11.54 11.54 11.54 11.54 11.54 11.54 11.54 11.54 11.54 11.54 11.54 11.54 11.54 11.54 11.54 11.54 11.54 11.54 -7.2 -0.33 -2.41 -4.91 0.71 1.34 -1.79 0.71 4.88 1.75 1.13 6.13 5.29 3.63 6.13 9.46 6.75 6.96 11.75 11.96 -1.2 -1.61 -4.93 -1.82 1.5 -2.03 -2.23 3.79 0.88 -0.78 2.96 3.37 1.71 2.96 5.86 4.41 4.82 8.98 9.81 8.56
1.0 -4.91 11.54 11.54 11.54 11.54 11.54 11.54 11.54 11.54 11.54 11.54 11.54 11.54 11.54 11.54 11.54 11.54 11.54 11.54 11.54 -0.33 -2.41 -4.91 0.71 1.34 -1.79 0.71 4.88 1.75 1.13 6.13 5.29 3.63 6.13 9.46 6.75 6.96 11.75 11.96 10.92 -1.61 -4.93 -1.82 1.5 -2.03 -2.23 3.79 0.88 -0.78 2.96 3.37 1.71 2.96 5.86 4.41 4.82 8.98 9.81 8.56 9.81
1.0 11.54 11.54 11.54 11.54 11.54 11.54 11.54 11.54 11.54 11.54 11.54 11.54 11.54 11.54 11.54 11.54 11.54 11.54 11.54 11.54 -2.41 -4.91 0.71 1.34 -1.79 0.71 4.88 1.75 1.13 6.13 5.29 3.63 6.13 9.46 6.75 6.96 11.75 11.96 10.92 13.42 -4.93 -1.82 1.5 -2.03 -2.23 3.79 0.88 -0.78 2.96 3.37 1.71 2.96 5.86 4.41 4.82 8.98 9.81 8.56 9.81 15.2
1.0 11.54 11.54 11.54 11.54 11.54 11.54 11.54 11.54 11.54 11.54 11.54 11.54 11.54 11.54 11.54 11.54 11.54 11.54 11.54 11.54 -4.91 0.71 1.34 -1.79 0.71 4.88 1.75 1.13 6.13 5.29 3.63 6.13 9.46 6.75 6.96 11.75 11.96 10.92 13.42 15.71 -1.82 1.5 -2.03 -2.23 3.79 0.88 -0.78 2.96 3.37 1.71 2.96 5.86 4.41 4.82 8.98 9.81 8.56 9.81 15.2 11.47
1.0 11.54 11.54 11.54 11.54 11.54 11.54 11.54 11.54 11.54 11.54 11.54 11.54 11.54 11.54 11.54 11.54 11.54 11.54 11.54 11.54 0.71 1.34 -1.79 0.71 4.88 1.75 1.13 6.13 5.29 3.63 6.13 9.46 6.75 6.96 11.75 11.96 10.92 13.42 15.71 12.79 1.5 -2.03 -2.23 3.79 0.88 -0.78 2.96 3.37 1.71 2.96 5.86 4.41 4.82 8.98 9.81 8.56 9.81 15.2 11.47 11.47
1.0 11.54 11.54 11.54 11.54 11.54 11.54 11.54 11.54 11.54 11.54 11.54 11.54 11.54 11.54 11.54 11.54 11.54 11.54 11.54 11.54 1.34 -1.79 0.71 4.88 1.75 1.13 6.13 5.29 3.63 6.13 9.46 6.75 6.96 11.75 11.96 10.92 13.42 15.71 12.79 13.0 -2.03 -2.23 3.79 0.88 -0.78 2.96 3.37 1.71 2.96 5.86 4.41 4.82 8.98 9.81 8.56 9.81 15.2 11.47 11.47 17.28
1.0 11.54 11.54 11.54 11.54 11.54 11.54 11.54 11.54 11.54 11.54 11.54 11.54 11.54 11.54 11.54 11.54 11.54 11.54 11.54 11.54 -1.79 0.71 4.88 1.75 1.13 6.13 5.29 3.63 6.13 9.46 6.75 6.96 11.75 11.96 10.92 13.42 15.71 12.79 13.0 16.33 -2.23 3.79 0.88 -0.78 2.96 3.37 1.71 2.96 5.86 4.41 4.82 8.98 9.81 8.56 9.81 15.2 11.47 11.47 17.28 13.96
1.0 11.54 11.54 11.54 11.54 11.54 11.54 11.54 11.54 11.54 11.54 11.54 11.54 11.54 11.54 11.54 11.54 11.54 11.54 11.54 11.54 0.71 4.88 1.75 1.13 6.13 5.29 3.63 6.13 9.46 6.75 6.96 11.75 11.96 10.92 13.42 15.71 12.79 13.0 16.33 13.42 3.79 0.88 -0.78 2.96 3.37 1.71 2.96 5.86 4.41 4.82 8.98 9.81 8.56 9.81 15.2 11.47 11.47 17.28 13.96 11.88
1.0 11.54 11.54 11.54 11.54 11.54 11.54 11.54 11.54 11.54 11.54 11.54 11.54 11.54 11.54 11.54 11.54 11.54 11.54 11.54 11.54 4.88 1.75 1.13 6.13 5.29 3.63 6.13 9.46 6.75 6.96 11.75 11.96 10.92 13.42 15.71 12.79 13.0 16.33 13.42 13.21 0.88 -0.78 2.96 3.37 1.71 2.96 5.86 4.41 4.82 8.98 9.81 8.56 9.81 15.2 11.47 11.47 17.28 13.96 11.88 17.07
1.0 11.54 11.54 11.54 11.54 11.54 11.54 11.54 11.54 11.54 11.54 11.54 11.54 11.54 11.54 11.54 11.54 11.54 11.54 11.54 11.54 1.75 1.13 6.13 5.29 3.63 6.13 9.46 6.75 6.96 11.75 11.96 10.92 13.42 15.71 12.79 13.0 16.33 13.42 13.21 16.96 -0.78 2.96 3.37 1.71 2.96 5.86 4.41 4.82 8.98 9.81 8.56 9.81 15.2 11.47 11.47 17.28 13.96 11.88 17.07 14.58
1.0 11.54 11.54 11.54 11.54 11.54 11.54 11.54 11.54 11.54 11.54 11.54 11.54 11.54 11.54 11.54 11.54 11.54 11.54 11.54 11.54 1.13 6.13 5.29 3.63 6.13 9.46 6.75 6.96 11.75 11.96 10.92 13.42 15.71 12.79 13.0 16.33 13.42 13.21 16.96 14.25 2.96 3.37 1.71 2.96 5.86 4.41 4.82 8.98 9.81 8.56 9.81 15.2 11.47 11.47 17.28 13.96 11.88 17.07 14.58 12.92
1.0 11.54 11.54 11.54 11.54 11.54 11.54 11.54 11.54 11.54 11.54 11.54 11.54 11.54 11.54 11.54 11.54 11.54 11.54 11.54 11.54 6.13 5.29 3.63 6.13 9.46 6.75 6.96 11.75 11.96 10.92 13.42 15.71 12.79 13.0 16.33 13.42 13.21 16.96 14.25 13.63 3.37 1.71 2.96 5.86 4.41 4.82 8.98 9.81 8.56 9.81 15.2 11.47 11.47 17.28 13.96 11.88 17.07 14.58 12.92 18.53
1.0 11.54 11.54 11.54 11.54 11.54 11.54 11.54 11.54 11.54 11.54 11.54 11.54 11.54 11.54 11.54 11.54 11.54 11.54 11.54 11.54 5.29 3.63 6.13 9.46 6.75 6.96 11.75 11.96 10.92 13.42 15.71 12.79 13.0 16.33 13.42 13.21 16.96 14.25 13.63 18.42 1.71 2.96 5.86 4.41 4.82 8.98 9.81 8.56 9.81 15.2 11.47 11.47 17.28 13.96 11.88 17.07 14.58 12.92 18.53 16.45
1.0 11.54 11.54 11.54 11.54 11.54 11.54 11.54 11.54 11.54 11.54 11.54 11.54 11.54 11.54 11.54 11.54 11.54 11.54 11.54 11.54 3.63 6.13 9.46 6.75 6.96 11.75 11.96 10.92 13.42 15.71 12.79 13.0 16.33 13.42 13.21 16.96 14.25 13.63 18.42 16.54 2.96 5.86 4.41 4.82 8.98 9.81 8.56 9.81 15.2 11.47 11.47 17.28 13.96 11.88 17.07 14.58 12.92 18.53 16.45 14.17
1.0 11.54 11.54 11.54 11.54 11.54 11.54 11.54 11.54 11.54 11.54 11.54 11.54 11.54 11.54 11.54 11.54 11.54 11.54 11.54 11.54 6.13 9.46 6.75 6.96 11.75 11.96 10.92 13.42 15.71 12.79 13.0 16.33 13.42 13.21 16.96 14.25 13.63 18.42 16.54 15.08 5.86 4.41 4.82 8.98 9.81 8.56 9.81 15.2 11.47 11.47 17.28 13.96 11.88 17.07 14.58 12.92 18.53 16.45 14.17 19.15
1.0 11.54 11.54 11.54 11.54 11.54 11.54 11.54 11.54 11.54 11.54 11.54 11.54 11.54 11.54 11.54 11.54 11.54 11.54 11.54 11.54 9.46 6.75 6.96 11.75 11.96 10.92 13.42 15.71 12.79 13.0 16.33 13.42 13.21 16.96 14.25 13.63 18.42 16.54 15.08 20.08 4.41 4.82 8.98 9.81 8.56 9.81 15.2 11.47 11.47 17.28 13.96 11.88 17.07 14.58 12.92 18.53 16.45 14.17 19.15 19.15
1.0 11.54 11.54 11.54 11.54 11.54 11.54 11.54 11.54 11.54 11.54 11.54 11.54 11.54 11.54 11.54 11.54 11.54 11.54 11.54 11.54 6.75 6.96 11.75 11.96 10.92 13.42 15.71 12.79 13.0 16.33 13.42 13.21 16.96 14.25 13.63 18.42 16.54 15.08 20.08 18.42 4.82 8.98 9.81 8.56 9.81 15.2 11.47 11.47 17.28 13.96 11.88 17.07 14.58 12.92 18.53 16.45 14.17 19.15 19.15 16.45
1.0 11.54 11.54 11.54 11.54 11.54 11.54 11.54 11.54 11.54 11.54 11.54 11.54 11.54 11.54 11.54 11.54 11.54 11.54 11.54 11.54 6.96 11.75 11.96 10.92 13.42 15.71 12.79 13.0 16.33 13.42 13.21 16.96 14.25 13.63 18.42 16.54 15.08 20.08 18.42 17.17 8.98 9.81 8.56 9.81 15.2 11.47 11.47 17.28 13.96 11.88 17.07 14.58 12.92 18.53 16.45 14.17 19.15 19.15 16.45 19.77
1.0 11.54 11.54 11.54 11.54 11.54 11.54 11.54 11.54 11.54 11.54 11.54 11.54 11.54 11.54 11.54 11.54 11.54 11.54 11.54 11.54 11.75 11.96 10.92 13.42 15.71 12.79 13.0 16.33 13.42 13.21 16.96 14.25 13.63 18.42 16.54 15.08 20.08 18.42 17.17 21.54 9.81 8.56 9.81 15.2 11.47 11.47 17.28 13.96 11.88 17.07 14.58 12.92 18.53 16.45 14.17 19.15 19.15 16.45 19.77 21.43
1.0 11.54 11.54 11.54 11.54 11.54 11.54 11.54 11.54 11.54 11.54 11.54 11.54 11.54 11.54 11.54 11.54 11.54 11.54 11.54 11.54 11.96 10.92 13.42 15.71 12.79 13.0 16.33 13.42 13.21 16.96 14.25 13.63 18.42 16.54 15.08 20.08 18.42 17.17 21.54 21.12 8.56 9.81 15.2 11.47 11.47 17.28 13.96 11.88 17.07 14.58 12.92 18.53 16.45 14.17 19.15 19.15 16.45 19.77 21.43 18.11
1.0 11.54 11.54 11.54 11.54 11.54 11.54 11.54 11.54 11.54 11.54 11.54 11.54 11.54 11.54 11.54 11.54 11.54 11.54 11.54 11.54 10.92 13.42 15.71 12.79 13.0 16.33 13.42 13.21 16.96 14.25 13.63 18.42 16.54 15.08 20.08 18.42 17.17 21.54 21.12 18.62 9.81 15.2 11.47 11.47 17.28 13.96 11.88 17.07 14.58 12.92 18.53 16.45 14.17 19.15 19.15 16.45 19.77 21.43 18.11 19.36
1.0 11.54 11.54 11.54 11.54 11.54 11.54 11.54 11.54 11.54 11.54 11.54 11.54 11.54 11.54 11.54 11.54 11.54 11.54 11.54 11.54 13.42 15.71 12.79 13.0 16.33 13.42 13.21 16.96 14.25 13.63 18.42 16.54 15.08 20.08 18.42 17.17 21.54 21.12 18.62 21.54 15.2 11.47 11.47 17.28 13.96 11.88 17.07 14.58 12.92 18.53 16.45 14.17 19.15 19.15 16.45 19.77 21.43 18.11 19.36 23.72
1.0 11.54 11.54 11.54 11.54 11.54 11.54 11.54 11.54 11.54 11.54 11.54 11.54 11.54 11.54 11.54 11.54 11.54 11.54 11.54 11.54 15.71 12.79 13.0 16.33 13.42 13.21 16.96 14.25 13.63 18.42 16.54 15.08 20.08 18.42 17.17 21.54 21.12 18.62 21.54 23.21 11.47 11.47 17.28 13.96 11.88 17.07 14.58 12.92 18.53 16.45 14.17 19.15 19.15 16.45 19.77 21.43 18.11 19.36 23.72 19.15
1.0 11.54 11.54 11.54 11.54 11.54 11.54 11.54 11.54 11.54 11.54 11.54 11.54 11.54 11.54 11.54 11.54 11.54 11.54 11.54 11.54 12.79 13.0 16.33 13.42 13.21 16.96 14.25 13.63 18.42 16.54 15.08 20.08 18.42 17.17 21.54 21.12 18.62 21.54 23.21 19.87 11.47 17.28 13.96 11.88 17.07 14.58 12.92 18.53 16.45 14.17 19.15 19.15 16.45 19.77 21.43 18.11 19.36 23.72 19.15 18.32
1.0 11.54 11.54 11.54 11.54 11.54 11.54 11.54 11.54 11.54 11.54 11.54 11.54 11.54 11.54 11.54 11.54 11.54 11.54 11.54 11.54 13.0 16.33 13.42 13.21 16.96 14.25 13.63 18.42 16.54 15.08 20.08 18.42 17.17 21.54 21.12 18.62 21.54 23.21 19.87 20.5 17.28 13.96 11.88 17.07 14.58 12.92 18.53 16.45 14.17 19.15 19.15 16.45 19.77 21.43 18.11 19.36 23.72 19.15 18.32 24.34
1.0 11.54 11.54 11.54 11.54 11.54 11.54 11.54 11.54 11.54 11.54 11.54 11.54 11.54 11.54 11.54 11.54 11.54 11.54 11.54 11.54 16.33 13.42 13.21 16.96 14.25 13.63 18.42 16.54 15.08 20.08 18.42 17.17 21.54 21.12 18.62 21.54 23.21 19.87 20.5 24.67 13.96 11.88 17.07 14.58 12.92 18.53 16.45 14.17 19.15 19.15 16.45 19.77 21.43 18.11 19.36 23.72 19.15 18.32 24.34 20.19
1.0 11.54 11.54 11.54 11.54 11.54 11.54 11.54 11.54 11.54 11.54 11.54 11.54 11.54 11.54 11.54 11.54 11.54 11.54 11.54 11.54 13.42 13.21 16.96 14.25 13.63 18.42 16.54 15.08 20.08 18.42 17.17 21.54 21.12 18.62 21.54 23.21 19.87 20.5 24.67 20.5 11.88 17.07 14.58 12.92 18.53 16.45 14.17 19.15 19.15 16.45 19.77 21.43 18.11 19.36 23.72 19.15 18.32 24.34 20.19 17.07
1.0 11.54 11.54 11.54 11.54 11.54 11.54 11.54 11.54 11.54 11.54 11.54 11.54 11.54 11.54 11.54 11.54 11.54 11.54 11.54 11.54 13.21 16.96 14.25 13.63 18.42 16.54 15.08 20.08 18.42 17.17 21.54 21.12 18.62 21.54 23.21 19.87 20.5 24.67 20.5 18.62 17.07 14.58 12.92 18.53 16.45 14.17 19.15 19.15 16.45 19.77 21.43 18.11 19.36 23.72 19.15 18.32 24.34 20.19 17.07 22.89
1.0 11.54 11.54 11.54 11.54 11.54 11.54 11.54 11.54 11.54 11.54 11.54 11.54 11.54 11.54 11.54 11.54 11.54 11.54 11.54 11.54 16.96 14.25 13.63 18.42 16.54 15.08 20.08 18.42 17.17 21.54 21.12 18.62 21.54 23.21 19.87 20.5 24.67 20.5 18.62 24.46 14.58 12.92 18.53 16.45 14.17 19.15 19.15 16.45 19.77 21.43 18.11 19.36 23.72 19.15 18.32 24.34 20.19 17.07 22.89 19.98
1.0 11.54 11.54 11.54 11.54 11.54 11.54 11.54 11.54 11.54 11.54 11.54 11.54 11.54 11.54 11.54 11.54 11.54 11.54 11.54 11.54 14.25 13.63 18.42 16.54 15.08 20.08 18.42 17.17 21.54 21.12 18.62 21.54 23.21 19.87 20.5 24.67 20.5 18.62 24.46 20.71 12.92 18.53 16.45 14.17 19.15 19.15 16.45 19.77 21.43 18.11 19.36 23.72 19.15 18.32 24.34 20.19 17.07 22.89 19.98 16.87
1.0 11.54 11.54 11.54 11.54 11.54 11.54 11.54 11.54 11.54 11.54 11.54 11.54 11.54 11.54 11.54 11.54 11.54 11.54 11.54 11.54 13.63 18.42 16.54 15.08 20.08 18.42 17.17 21.54 21.12 18.62 21.54 23.21 19.87 20.5 24.67 20.5 18.62 24.46 20.71 17.79 18.53 16.45 14.17 19.15 19.15 16.45 19.77 21.43 18.11 19.36 23.72 19.15 18.32 24.34 20.19 17.07 22.89 19.98 16.87 19.15
1.0 11.54 11.54 11.54 11.54 11.54 11.54 11.54 11.54 11.54 11.54 11.54 11.54 11.54 11.54 11.54 11.54 11.54 11.54 11.54 11.54 18.42 16.54 15.08 20.08 18.42 17.17 21.54 21.12 18.62 21.54 23.21 19.87 20.5 24.67 20.5 18.62 24.46 20.71 17.79 21.96 16.45 14.17 19.15 19.15 16.45 19.77 21.43 18.11 19.36 23.72 19.15 18.32 24.34 20.19 17.07 22.89 19.98 16.87 19.15 20.19
1.0 11.54 11.54 11.54 11.54 11.54 11.54 11.54 11.54 11.54 11.54 11.54 11.54 11.54 11.54 11.54 11.54 11.54 11.54 11.54 11.54 16.54 15.08 20.08 18.42 17.17 21.54 21.12 18.62 21.54 23.21 19.87 20.5 24.67 20.5 18.62 24.46 20.71 17.79 21.96 20.92 14.17 19.15 19.15 16.45 19.77 21.43 18.11 19.36 23.72 19.15 18.32 24.34 20.19 17.07 22.89 19.98 16.87 19.15 20.19 16.66
1.0 11.54 11.54 11.54 11.54 11.54 11.54 11.54 11.54 11.54 11.54 11.54 11.54 11.54 11.54 11.54 11.54 11.54 11.54 11.54 11.54 15.08 20.08 18.42 17.17 21.54 21.12 18.62 21.54 23.21 19.87 20.5 24.67 20.5 18.62 24.46 20.71 17.79 21.96 20.92 17.79 19.15 19.15 16.45 19.77 21.43 18.11 19.36 23.72 19.15 18.32 24.34 20.19 17.07 22.89 19.98 16.87 19.15 20.19 16.66 16.45
1.0 11.54 11.54 11.54 11.54 11.54 11.54 11.54 11.54 11.54 11.54 11.54 11.54 11.54 11.54 11.54 11.54 11.54 11.54 11.54 11.54 20.08 18.42 17.17 21.54 21.12 18.62 21.54 23.21 19.87 20.5 24.67 20.5 18.62 24.46 20.71 17.79 21.96 20.92 17.79 19.87 19.15 16.45 19.77 21.43 18.11 19.36 23.72 19.15 18.32 24.34 20.19 17.07 22.89 19.98 16.87 19.15 20.19 16.66 16.45 18.32
1.0 11.54 11.54 11.54 11.54 11.54 11.54 11.54 11.54 11.54 11.54 11.54 11.54 11.54 11.54 11.54 11.54 11.54 11.54 11.54 11.54 18.42 17.17 21.54 21.12 18.62 21.54 23.21 19.87 20.5 24.67 20.5 18.62 24.46 20.71 17.79 21.96 20.92 17.79 19.87 20.92 16.45 19.77 21.43 18.11 19.36 23.72 19.15 18.32 24.34 20.19 17.07 22.89 19.98 16.87 19.15 20.19 16.66 16.45 18.32 16.03
1.0 11.54 11.54 11.54 11.54 11.54 11.54 11.54 11.54 11.54 11.54 11.54 11.54 11.54 11.54 11.54 11.54 11.54 11.54 11.54 11.54 17.17 21.54 21.12 18.62 21.54 23.21 19.87 20.5 24.67 20.5 18.62 24.46 20.71 17.79 21.96 20.92 17.79 19.87 20.92 18.0 19.77 21.43 18.11 19.36 23.72 19.15 18.32 24.34 20.19 17.07 22.89 19.98 16.87 19.15 20.19 16.66 16.45 18.32 16.03 13.96
1.0 11.54 11.54 11.54 11.54 11.54 11.54 11.54 11.54 11.54 11.54 11.54 11.54 11.54 11.54 11.54 11.54 11.54 11.54 11.54 11.54 21.54 21.12 18.62 21.54 23.21 19.87 20.5 24.67 20.5 18.62 24.46 20.71 17.79 21.96 20.92 17.79 19.87 20.92 18.0 16.96 21.43 18.11 19.36 23.72 19.15 18.32 24.34 20.19 17.07 22.89 19.98 16.87 19.15 20.19 16.66 16.45 18.32 16.03 13.96 17.28
1.0 11.54 11.54 11.54 11.54 11.54 11.54 11.54 11.54 11.54 11.54 11.54 11.54 11.54 11.54 11.54 11.54 11.54 11.54 11.54 11.54 21.12 18.62 21.54 23.21 19.87 20.5 24.67 20.5 18.62 24.46 20.71 17.79 21.96 20.92 17.79 19.87 20.92 18.0 16.96 18.83 18.11 19.36 23.72 19.15 18.32 24.34 20.19 17.07 22.89 19.98 16.87 19.15 20.19 16.66 16.45 18.32 16.03 13.96 17.28 15.83
1.0 11.54 11.54 11.54 11.54 11.54 11.54 11.54 11.54 11.54 11.54 11.54 11.54 11.54 11.54 11.54 11.54 11.54 11.54 11.54 11.54 18.62 21.54 23.21 19.87 20.5 24.67 20.5 18.62 24.46 20.71 17.79 21.96 20.92 17.79 19.87 20.92 18.0 16.96 18.83 18.42 19.36 23.72 19.15 18.32 24.34 20.19 17.07 22.89 19.98 16.87 19.15 20.19 16.66 16.45 18.32 16.03 13.96 17.28 15.83 14.17
1.0 11.54 11.54 11.54 11.54 11.54 11.54 11.54 11.54 11.54 11.54 11.54 11.54 11.54 11.54 11.54 11.54 11.54 11.54 11.54 11.54 21.54 23.21 19.87 20.5 24.67 20.5 18.62 24.46 20.71 17.79 21.96 20.92 17.79 19.87 20.92 18.0 16.96 18.83 18.42 15.92 23.72 19.15 18.32 24.34 20.19 17.07 22.89 19.98 16.87 19.15 20.19 16.66 16.45 18.32 16.03 13.96 17.28 15.83 14.17 12.51
1.0 11.54 11.54 11.54 11.54 11.54 11.54 11.54 11.54 11.54 11.54 11.54 11.54 11.54 11.54 11.54 11.54 11.54 11.54 11.54 11.54 23.21 19.87 20.5 24.67 20.5 18.62 24.46 20.71 17.79 21.96 20.92 17.79 19.87 20.92 18.0 16.96 18.83 18.42 15.92 13.63 19.15 18.32 24.34 20.19 17.07 22.89 19.98 16.87 19.15 20.19 16.66 16.45 18.32 16.03 13.96 17.28 15.83 14.17 12.51 11.26
1.0 11.54 11.54 11.54 11.54 11.54 11.54 11.54 11.54 11.54 11.54 11.54 11.54 11.54 11.54 11.54 11.54 11.54 11.54 11.54 11.54 19.87 20.5 24.67 20.5 18.62 24.46 20.71 17.79 21.96 20.92 17.79 19.87 20.92 18.0 16.96 18.83 18.42 15.92 13.63 12.17 18.32 24.34 20.19 17.07 22.89 19.98 16.87 19.15 20.19 16.66 16.45 18.32 16.03 13.96 17.28 15.83 14.17 12.51 11.26 10.84
1.0 11.54 11.54 11.54 11.54 11.54 11.54 11.54 11.54 11.54 11.54 11.54 11.54 11.54 11.54 11.54 11.54 11.54 11.54 11.54 11.54 20.5 24.67 20.5 18.62 24.46 20.71 17.79 21.96 20.92 17.79 19.87 20.92 18.0 16.96 18.83 18.42 15.92 13.63 12.17 10.71 24.34 20.19 17.07 22.89 19.98 16.87 19.15 20.19 16.66 16.45 18.32 16.03 13.96 17.28 15.83 14.17 12.51 11.26 10.84 8.77
1.0 11.54 11.54 11.54 11.54 11.54 11.54 11.54 11.54 11.54 11.54 11.54 11.54 11.54 11.54 11.54 11.54 11.54 11.54 11.54 11.54 24.67 20.5 18.62 24.46 20.71 17.79 21.96 20.92 17.79 19.87 20.92 18.0 16.96 18.83 18.42 15.92 13.63 12.17 10.71 8.42 20.19 17.07 22.89 19.98 16.87 19.15 20.19 16.66 16.45 18.32 16.03 13.96 17.28 15.83 14.17 12.51 11.26 10.84 8.77 7.32
1.0 11.54 11.54 11.54 11.54 11.54 11.54 11.54 11.54 11.54 11.54 11.54 11.54 11.54 11.54 11.54 11.54 11.54 11.54 11.54 11.54 20.5 18.62 24.46 20.71 17.79 21.96 20.92 17.79 19.87 20.92 18.0 16.96 18.83 18.42 15.92 13.63 12.17 10.71 8.42 7.17 17.07 22.89 19.98 16.87 19.15 20.19 16.66 16.45 18.32 16.03 13.96 17.28 15.83 14.17 12.51 11.26 10.84 8.77 7.32 7.11
1.0 11.54 11.54 11.54 11.54 11.54 11.54 11.54 11.54 11.54 11.54 11.54 11.54 11.54 11.54 11.54 11.54 11.54 11.54 11.54 11.54 18.62 24.46 20.71 17.79 21.96 20.92 17.79 19.87 20.92 18.0 16.96 18.83 18.42 15.92 13.63 12.17 10.71 8.42 7.17 6.54 22.89 19.98 16.87 19.15 20.19 16.66 16.45 18.32 16.03 13.96 17.28 15.83 14.17 12.51 11.26 10.84 8.77 7.32 7.11 5.24
1.0 11.54 11.54 11.54 11.54 11.54 11.54 11.54 11.54 11.54 11.54 11.54 11.54 11.54 11.54 11.54 11.54 11.54 11.54 11.54 11.54 24.46 20.71 17.79 21.96 20.92 17.79 19.87 20.92 18.0 16.96 18.83 18.42 15.92 13.63 12.17 10.71 8.42 7.17 6.54 4.46 19.98 16.87 19.15 20.19 16.66 16.45 18.32 16.03 13.96 17.28 15.83 14.17 12.51 11.26 10.84 8.77 7.32 7.11 5.24 3.37
1.0 11.54 11.54 11.54 11.54 11.54 11.54 11.54 11.54 11.54 11.54 11.54 11.54 11.54 11.54 11.54 11.54 11.54 11.54 11.54 11.54 20.71 17.79 21.96 20.92 17.79 19.87 20.92 18.0 16.96 18.83 18.42 15.92 13.63 12.17 10.71 8.42 7.17 6.54 4.46 2.79 16.87 19.15 20.19 16.66 16.45 18.32 16.03 13.96 17.28 15.83 14.17 12.51 11.26 10.84 8.77 7.32 7.11 5.24 3.37 3.37
1.0 11.54 11.54 11.54 11.54 11.54 11.54 11.54 11.54 11.54 11.54 11.54 11.54 11.54 11.54 11.54 11.54 11.54 11.54 11.54 11.54 17.79 21.96 20.92 17.79 19.87 20.92 18.0 16.96 18.83 18.42 15.92 13.63 12.17 10.71 8.42 7.17 6.54 4.46 2.79 2.59 19.15 20.19 16.66 16.45 18.32 16.03 13.96 17.28 15.83 14.17 12.51 11.26 10.84 8.77 7.32 7.11 5.24 3.37 3.37 1.92
1.0 11.54 11.54 11.54 11.54 11.54 11.54 11.54 11.54 11.54 11.54 11.54 11.54 11.54 11.54 11.54 11.54 11.54 11.54 11.54 11.54 21.96 20.92 17.79 19.87 20.92 18.0 16.96 18.83 18.42 15.92 13.63 12.17 10.71 8.42 7.17 6.54 4.46 2.79 2.59 0.92 20.19 16.66 16.45 18.32 16.03 13.96 17.28 15.83 14.17 12.51 11.26 10.84 8.77 7.32 7.11 5.24 3.37 3.37 1.92 0.05
1.0 11.54 11.54 11.54 11.54 11.54 11.54 11.54 11.54 11.54 11.54 11.54 11.54 11.54 11.54 11.54 11.54 11.54 11.54 11.54 11.54 20.92 17.79 19.87 20.92 18.0 16.96 18.83 18.42 15.92 13.63 12.17 10.71 8.42 7.17 6.54 4.46 2.79 2.59 0.92 -0.75 16.66 16.45 18.32 16.03 13.96 17.28 15.83 14.17 12.51 11.26 10.84 8.77 7.32 7.11 5.24 3.37 3.37 1.92 0.05 -0.37
1.0 11.54 11.54 11.54 11.54 11.54 11.54 11.54 11.54 11.54 11.54 11.54 11.54 11.54 11.54 11.54 11.54 11.54 11.54 11.54 11.54 17.79 19.87 20.92 18.0 16.96 18.83 18.42 15.92 13.63 12.17 10.71 8.42 7.17 6.54 4.46 2.79 2.59 0.92 -0.75 -1.16 16.45 18.32 16.03 13.96 17.28 15.83 14.17 12.51 11.26 10.84 8.77 7.32 7.11 5.24 3.37 3.37 1.92 0.05 -0.37 -1.2
1.0 11.54 11.54 11.54 11.54 11.54 11.54 11.54 11.54 11.54 11.54 11.54 11.54 11.54 11.54 11.54 11.54 11.54 11.54 11.54 11.54 19.87 20.92 18.0 16.96 18.83 18.42 15.92 13.63 12.17 10.71 8.42 7.17 6.54 4.46 2.79 2.59 0.92 -0.75 -1.16 -2.21 18.32 16.03 13.96 17.28 15.83 14.17 12.51 11.26 10.84 8.77 7.32 7.11 5.24 3.37 3.37 1.92 0.05 -0.37 -1.2 -2.86
1.0 11.54 11.54 11.54 11.54 11.54 11.54 11.54 11.54 11.54 11.54 11.54 11.54 11.54 11.54 11.54 11.54 11.54 11.54 11.54 11.54 20.92 18.0 16.96 18.83 18.42 15.92 13.63 12.17 10.71 8.42 7.17 6.54 4.46 2.79 2.59 0.92 -0.75 -1.16 -2.21 -4.08 16.03 13.96 17.28 15.83 14.17 12.51 11.26 10.84 8.77 7.32 7.11 5.24 3.37 3.37 1.92 0.05 -0.37 -1.2 -2.86 -3.48
