0.0 -7.6 0.28 -2.63 -5.32 1.11 0.9 -2.21 0.9 3.39 0.07 -0.76 4.63 2.14 0.28 1.93 4.42 2.35 2.97 6.91 5.46 -3.25 -6.37 -3.46 0.5 -3.04 -3.25 3.63 0.92 -1.16 3.84 4.25 1.75 4.25 6.13 4.25 4.04 8.0 8.21 6.54 8.21 -5.97 -5.35 0.46 -3.27 -4.93 2.13 -0.16 -2.44 1.5 2.54 0.05 0.46 3.99 2.13 1.92 4.41 3.99 3.16 4.82 9.39
0.0 0.28 -2.63 -5.32 1.11 0.9 -2.21 0.9 3.39 0.07 -0.76 4.63 2.14 0.28 1.93 4.42 2.35 2.97 6.91 5.46 5.87 -6.37 -3.46 0.5 -3.04 -3.25 3.63 0.92 -1.16 3.84 4.25 1.75 4.25 6.13 4.25 4.04 8.0 8.21 6.54 8.21 12.38 -5.35 0.46 -3.27 -4.93 2.13 -0.16 -2.44 1.5 2.54 0.05 0.46 3.99 2.13 1.92 4.41 3.99 3.16 4.82 9.39 8.35
0.0 -2.63 -5.32 1.11 0.9 -2.21 0.9 3.39 0.07 -0.76 4.63 2.14 0.28 1.93 4.42 2.35 2.97 6.91 5.46 5.87 8.36 -3.46 0.5 -3.04 -3.25 3.63 0.92 -1.16 3.84 4.25 1.75 4.25 6.13 4.25 4.04 8.0 8.21 6.54 8.21 12.38 10.29 0.46 -3.27 -4.93 2.13 -0.16 -2.44 1.5 2.54 0.05 0.46 3.99 2.13 1.92 4.41 3.99 3.16 4.82 9.39 8.35 9.18
0.0 -5.32 1.11 0.9 -2.21 0.9 3.39 0.07 -0.76 4.63 2.14 0.28 1.93 4.42 2.35 2.97 6.91 5.46 5.87 8.36 12.3 0.5 -3.04 -3.25 3.63 0.92 -1.16 3.84 4.25 1.75 4.25 6.13 4.25 4.04 8.0 8.21 6.54 8.21 12.38 10.29 11.13 -3.27 -4.93 2.13 -0.16 -2.44 1.5 2.54 0.05 0.46 3.99 2.13 1.92 4.41 3.99 3.16 4.82 9.39 8.35 9.18 13.54
1.0 1.11 0.9 -2.21 0.9 3.39 0.07 -0.76 4.63 2.14 0.28 1.93 4.42 2.35 2.97 6.91 5.46 5.87 8.36 12.3 10.64 -3.04 -3.25 3.63 0.92 -1.16 3.84 4.25 1.75 4.25 6.13 4.25 4.04 8.0 8.21 6.54 8.21 12.38 10.29 11.13 15.5 -4.93 2.13 -0.16 -2.44 1.5 2.54 0.05 0.46 3.99 2.13 1.92 4.41 3.99 3.16 4.82 9.39 8.35 9.18 13.54 14.37
1.0 0.9 -2.21 0.9 3.39 0.07 -0.76 4.63 2.14 0.28 1.93 4.42 2.35 2.97 6.91 5.46 5.87 8.36 12.3 10.64 10.64 -3.25 3.63 0.92 -1.16 3.84 4.25 1.75 4.25 6.13 4.25 4.04 8.0 8.21 6.54 8.21 12.38 10.29 11.13 15.5 15.29 2.13 -0.16 -2.44 1.5 2.54 0.05 0.46 3.99 2.13 1.92 4.41 3.99 3.16 4.82 9.39 8.35 9.18 13.54 14.37 12.71
1.0 -2.21 0.9 3.39 0.07 -0.76 4.63 2.14 0.28 1.93 4.42 2.35 2.97 6.91 5.46 5.87 8.36 12.3 10.64 10.64 10.64 3.63 0.92 -1.16 3.84 4.25 1.75 4.25 6.13 4.25 4.04 8.0 8.21 6.54 8.21 12.38 10.29 11.13 15.5 15.29 14.46 -0.16 -2.44 1.5 2.54 0.05 0.46 3.99 2.13 1.92 4.41 3.99 3.16 4.82 9.39 8.35 9.18 13.54 14.37 12.71 14.79
1.0 0.9 3.39 0.07 -0.76 4.63 2.14 0.28 1.93 4.42 2.35 2.97 6.91 5.46 5.87 8.36 12.3 10.64 10.64 10.64 10.64 0.92 -1.16 3.84 4.25 1.75 4.25 6.13 4.25 4.04 8.0 8.21 6.54 8.21 12.38 10.29 11.13 15.5 15.29 14.46 16.96 -2.44 1.5 2.54 0.05 0.46 3.99 2.13 1.92 4.41 3.99 3.16 4.82 9.39 8.35 9.18 13.54 14.37 12.71 14.79 18.94
1.0 3.39 0.07 -0.76 4.63 2.14 0.28 1.93 4.42 2.35 2.97 6.91 5.46 5.87 8.36 12.3 10.64 10.64 10.64 10.64 10.64 -1.16 3.84 4.25 1.75 4.25 6.13 4.25 4.04 8.0 8.21 6.54 8.21 12.38 10.29 11.13 15.5 15.29 14.46 16.96 18.0 1.5 2.54 0.05 0.46 3.99 2.13 1.92 4.41 3.99 3.16 4.82 9.39 8.35 9.18 13.54 14.37 12.71 14.79 18.94 15.0
1.0 0.07 -0.76 4.63 2.14 0.28 1.93 4.42 2.35 2.97 6.91 5.46 5.87 8.36 12.3 10.64 10.64 10.64 10.64 10.64 10.64 3.84 4.25 1.75 4.25 6.13 4.25 4.04 8.0 8.21 6.54 8.21 12.38 10.29 11.13 15.5 15.29 14.46 16.96 18.0 15.5 2.54 0.05 0.46 3.99 2.13 1.92 4.41 3.99 3.16 4.82 9.39 8.35 9.18 13.54 14.37 12.71 14.79 18.94 15.0 15.0
1.0 -0.76 4.63 2.14 0.28 1.93 4.42 2.35 2.97 6.91 5.46 5.87 8.36 12.3 10.64 10.64 10.64 10.64 10.64 10.64 10.64 4.25 1.75 4.25 6.13 4.25 4.04 8.0 8.21 6.54 8.21 12.38 10.29 11.13 15.5 15.29 14.46 16.96 18.0 15.5 16.12 0.05 0.46 3.99 2.13 1.92 4.41 3.99 3.16 4.82 9.39 8.35 9.18 13.54 14.37 12.71 14.79 18.94 15.0 15.0 20.39
1.0 4.63 2.14 0.28 1.93 4.42 2.35 2.97 6.91 5.46 5.87 8.36 12.3 10.64 10.64 10.64 10.64 10.64 10.64 10.64 10.64 1.75 4.25 6.13 4.25 4.04 8.0 8.21 6.54 8.21 12.38 10.29 11.13 15.5 15.29 14.46 16.96 18.0 15.5 16.12 18.21 0.46 3.99 2.13 1.92 4.41 3.99 3.16 4.82 9.39 8.35 9.18 13.54 14.37 12.71 14.79 18.94 15.0 15.0 20.39 16.45
1.0 2.14 0.28 1.93 4.42 2.35 2.97 6.91 5.46 5.87 8.36 12.3 10.64 10.64 10.64 10.64 10.64 10.64 10.64 10.64 10.64 4.25 6.13 4.25 4.04 8.0 8.21 6.54 8.21 12.38 10.29 11.13 15.5 15.29 14.46 16.96 18.0 15.5 16.12 18.21 15.5 3.99 2.13 1.92 4.41 3.99 3.16 4.82 9.39 8.35 9.18 13.54 14.37 12.71 14.79 18.94 15.0 15.0 20.39 16.45 15.62
1.0 0.28 1.93 4.42 2.35 2.97 6.91 5.46 5.87 8.36 12.3 10.64 10.64 10.64 10.64 10.64 10.64 10.64 10.64 10.64 10.64 6.13 4.25 4.04 8.0 8.21 6.54 8.21 12.38 10.29 11.13 15.5 15.29 14.46 16.96 18.0 15.5 16.12 18.21 15.5 15.71 2.13 1.92 4.41 3.99 3.16 4.82 9.39 8.35 9.18 13.54 14.37 12.71 14.79 18.94 15.0 15.0 20.39 16.45 15.62 20.81
1.0 1.93 4.42 2.35 2.97 6.91 5.46 5.87 8.36 12.3 10.64 10.64 10.64 10.64 10.64 10.64 10.64 10.64 10.64 10.64 10.64 4.25 4.04 8.0 8.21 6.54 8.21 12.38 10.29 11.13 15.5 15.29 14.46 16.96 18.0 15.5 16.12 18.21 15.5 15.71 17.79 1.92 4.41 3.99 3.16 4.82 9.39 8.35 9.18 13.54 14.37 12.71 14.79 18.94 15.0 15.0 20.39 16.45 15.62 20.81 17.7
1.0 4.42 2.35 2.97 6.91 5.46 5.87 8.36 12.3 10.64 10.64 10.64 10.64 10.64 10.64 10.64 10.64 10.64 10.64 10.64 10.64 4.04 8.0 8.21 6.54 8.21 12.38 10.29 11.13 15.5 15.29 14.46 16.96 18.0 15.5 16.12 18.21 15.5 15.71 17.79 15.08 4.41 3.99 3.16 4.82 9.39 8.35 9.18 13.54 14.37 12.71 14.79 18.94 15.0 15.0 20.39 16.45 15.62 20.81 17.7 16.24
1.0 2.35 2.97 6.91 5.46 5.87 8.36 12.3 10.64 10.64 10.64 10.64 10.64 10.64 10.64 10.64 10.64 10.64 10.64 10.64 10.64 8.0 8.21 6.54 8.21 12.38 10.29 11.13 15.5 15.29 14.46 16.96 18.0 15.5 16.12 18.21 15.5 15.71 17.79 15.08 15.71 3.99 3.16 4.82 9.39 8.35 9.18 13.54 14.37 12.71 14.79 18.94 15.0 15.0 20.39 16.45 15.62 20.81 17.7 16.24 21.64
1.0 2.97 6.91 5.46 5.87 8.36 12.3 10.64 10.64 10.64 10.64 10.64 10.64 10.64 10.64 10.64 10.64 10.64 10.64 10.64 10.64 8.21 6.54 8.21 12.38 10.29 11.13 15.5 15.29 14.46 16.96 18.0 15.5 16.12 18.21 15.5 15.71 17.79 15.08 15.71 18.83 3.16 4.82 9.39 8.35 9.18 13.54 14.37 12.71 14.79 18.94 15.0 15.0 20.39 16.45 15.62 20.81 17.7 16.24 21.64 17.9
1.0 6.91 5.46 5.87 8.36 12.3 10.64 10.64 10.64 10.64 10.64 10.64 10.64 10.64 10.64 10.64 10.64 10.64 10.64 10.64 10.64 6.54 8.21 12.38 10.29 11.13 15.5 15.29 14.46 16.96 18.0 15.5 16.12 18.21 15.5 15.71 17.79 15.08 15.71 18.83 16.33 4.82 9.39 8.35 9.18 13.54 14.37 12.71 14.79 18.94 15.0 15.0 20.39 16.45 15.62 20.81 17.7 16.24 21.64 17.9 16.45
1.0 5.46 5.87 8.36 12.3 10.64 10.64 10.64 10.64 10.64 10.64 10.64 10.64 10.64 10.64 10.64 10.64 10.64 10.64 10.64 10.64 8.21 12.38 10.29 11.13 15.5 15.29 14.46 16.96 18.0 15.5 16.12 18.21 15.5 15.71 17.79 15.08 15.71 18.83 16.33 16.75 9.39 8.35 9.18 13.54 14.37 12.71 14.79 18.94 15.0 15.0 20.39 16.45 15.62 20.81 17.7 16.24 21.64 17.9 16.45 21.64
1.0 5.87 8.36 12.3 10.64 10.64 10.64 10.64 10.64 10.64 10.64 10.64 10.64 10.64 10.64 10.64 10.64 10.64 10.64 10.64 10.64 12.38 10.29 11.13 15.5 15.29 14.46 16.96 18.0 15.5 16.12 18.21 15.5 15.71 17.79 15.08 15.71 18.83 16.33 16.75 21.12 8.35 9.18 13.54 14.37 12.71 14.79 18.94 15.0 15.0 20.39 16.45 15.62 20.81 17.7 16.24 21.64 17.9 16.45 21.64 18.73
1.0 8.36 12.3 10.64 10.64 10.64 10.64 10.64 10.64 10.64 10.64 10.64 10.64 10.64 10.64 10.64 10.64 10.64 10.64 10.64 10.64 10.29 11.13 15.5 15.29 14.46 16.96 18.0 15.5 16.12 18.21 15.5 15.71 17.79 15.08 15.71 18.83 16.33 16.75 21.12 18.0 9.18 13.54 14.37 12.71 14.79 18.94 15.0 15.0 20.39 16.45 15.62 20.81 17.7 16.24 21.64 17.9 16.45 21.64 18.73 16.45
1.0 12.3 10.64 10.64 10.64 10.64 10.64 10.64 10.64 10.64 10.64 10.64 10.64 10.64 10.64 10.64 10.64 10.64 10.64 10.64 10.64 11.13 15.5 15.29 14.46 16.96 18.0 15.5 16.12 18.21 15.5 15.71 17.79 15.08 15.71 18.83 16.33 16.75 21.12 18.0 17.17 13.54 14.37 12.71 14.79 18.94 15.0 15.0 20.39 16.45 15.62 20.81 17.7 16.24 21.64 17.9 16.45 21.64 18.73 16.45 22.89
1.0 10.64 10.64 10.64 10.64 10.64 10.64 10.64 10.64 10.64 10.64 10.64 10.64 10.64 10.64 10.64 10.64 10.64 10.64 10.64 10.64 15.5 15.29 14.46 16.96 18.0 15.5 16.12 18.21 15.5 15.71 17.79 15.08 15.71 18.83 16.33 16.75 21.12 18.0 17.17 22.17 14.37 12.71 14.79 18.94 15.0 15.0 20.39 16.45 15.62 20.81 17.7 16.24 21.64 17.9 16.45 21.64 18.73 16.45 22.89 21.02
1.0 10.64 10.64 10.64 10.64 10.64 10.64 10.64 10.64 10.64 10.64 10.64 10.64 10.64 10.64 10.64 10.64 10.64 10.64 10.64 10.64 15.29 14.46 16.96 18.0 15.5 16.12 18.21 15.5 15.71 17.79 15.08 15.71 18.83 16.33 16.75 21.12 18.0 17.17 22.17 19.46 12.71 14.79 18.94 15.0 15.0 20.39 16.45 15.62 20.81 17.7 16.24 21.64 17.9 16.45 21.64 18.73 16.45 22.89 21.02 17.7
1.0 10.64 10.64 10.64 10.64 10.64 10.64 10.64 10.64 10.64 10.64 10.64 10.64 10.64 10.64 10.64 10.64 10.64 10.64 10.64 10.64 14.46 16.96 18.0 15.5 16.12 18.21 15.5 15.71 17.79 15.08 15.71 18.83 16.33 16.75 21.12 18.0 17.17 22.17 19.46 18.0 14.79 18.94 15.0 15.0 20.39 16.45 15.62 20.81 17.7 16.24 21.64 17.9 16.45 21.64 18.73 16.45 22.89 21.02 17.7 23.51
1.0 10.64 10.64 10.64 10.64 10.64 10.64 10.64 10.64 10.64 10.64 10.64 10.64 10.64 10.64 10.64 10.64 10.64 10.64 10.64 10.64 16.96 18.0 15.5 16.12 18.21 15.5 15.71 17.79 15.08 15.71 18.83 16.33 16.75 21.12 18.0 17.17 22.17 19.46 18.0 23.83 18.94 15.0 15.0 20.39 16.45 15.62 20.81 17.7 16.24 21.64 17.9 16.45 21.64 18.73 16.45 22.89 21.02 17.7 23.51 22.47
1.0 10.64 10.64 10.64 10.64 10.64 10.64 10.64 10.64 10.64 10.64 10.64 10.64 10.64 10.64 10.64 10.64 10.64 10.64 10.64 10.64 18.0 15.5 16.12 18.21 15.5 15.71 17.79 15.08 15.71 18.83 16.33 16.75 21.12 18.0 17.17 22.17 19.46 18.0 23.83 20.92 15.0 15.0 20.39 16.45 15.62 20.81 17.7 16.24 21.64 17.9 16.45 21.64 18.73 16.45 22.89 21.02 17.7 23.51 22.47 18.53
0.0 10.64 10.64 10.64 10.64 10.64 10.64 10.64 10.64 10.64 10.64 10.64 10.64 10.64 10.64 10.64 10.64 10.64 10.64 10.64 23.7 15.5 16.12 18.21 15.5 15.71 17.79 15.08 15.71 18.83 16.33 16.75 21.12 18.0 17.17 22.17 19.46 18.0 23.83 20.92 18.21 15.0 20.39 16.45 15.62 20.81 17.7 16.24 21.64 17.9 16.45 21.64 18.73 16.45 22.89 21.02 17.7 23.51 22.47 18.53 22.68
0.0 10.64 10.64 10.64 10.64 10.64 10.64 10.64 10.64 10.64 10.64 10.64 10.64 10.64 10.64 10.64 10.64 10.64 10.64 23.7 18.93 16.12 18.21 15.5 15.71 17.79 15.08 15.71 18.83 16.33 16.75 21.12 18.0 17.17 22.17 19.46 18.0 23.83 20.92 18.21 23.62 20.39 16.45 15.62 20.81 17.7 16.24 21.64 17.9 16.45 21.64 18.73 16.45 22.89 21.02 17.7 23.51 22.47 18.53 22.68 23.09
0.0 10.64 10.64 10.64 10.64 10.64 10.64 10.64 10.64 10.64 10.64 10.64 10.64 10.64 10.64 10.64 10.64 10.64 23.7 18.93 17.9 18.21 15.5 15.71 17.79 15.08 15.71 18.83 16.33 16.75 21.12 18.0 17.17 22.17 19.46 18.0 23.83 20.92 18.21 23.62 21.96 16.45 15.62 20.81 17.7 16.24 21.64 17.9 16.45 21.64 18.73 16.45 22.89 21.02 17.7 23.51 22.47 18.53 22.68 23.09 18.94
0.0 10.64 10.64 10.64 10.64 10.64 10.64 10.64 10.64 10.64 10.64 10.64 10.64 10.64 10.64 10.64 10.64 23.7 18.93 17.9 23.7 15.5 15.71 17.79 15.08 15.71 18.83 16.33 16.75 21.12 18.0 17.17 22.17 19.46 18.0 23.83 20.92 18.21 23.62 21.96 18.42 15.62 20.81 17.7 16.24 21.64 17.9 16.45 21.64 18.73 16.45 22.89 21.02 17.7 23.51 22.47 18.53 22.68 23.09 18.94 20.19
0.0 10.64 10.64 10.64 10.64 10.64 10.64 10.64 10.64 10.64 10.64 10.64 10.64 10.64 10.64 10.64 23.7 18.93 17.9 23.7 19.14 15.71 17.79 15.08 15.71 18.83 16.33 16.75 21.12 18.0 17.17 22.17 19.46 18.0 23.83 20.92 18.21 23.62 21.96 18.42 21.96 20.81 17.7 16.24 21.64 17.9 16.45 21.64 18.73 16.45 22.89 21.02 17.7 23.51 22.47 18.53 22.68 23.09 18.94 20.19 23.09
0.0 10.64 10.64 10.64 10.64 10.64 10.64 10.64 10.64 10.64 10.64 10.64 10.64 10.64 10.64 23.7 18.93 17.9 23.7 19.14 16.24 17.79 15.08 15.71 18.83 16.33 16.75 21.12 18.0 17.17 22.17 19.46 18.0 23.83 20.92 18.21 23.62 21.96 18.42 21.96 22.37 17.7 16.24 21.64 17.9 16.45 21.64 18.73 16.45 22.89 21.02 17.7 23.51 22.47 18.53 22.68 23.09 18.94 20.19 23.09 18.53
0.0 10.64 10.64 10.64 10.64 10.64 10.64 10.64 10.64 10.64 10.64 10.64 10.64 10.64 23.7 18.93 17.9 23.7 19.14 16.24 23.08 15.08 15.71 18.83 16.33 16.75 21.12 18.0 17.17 22.17 19.46 18.0 23.83 20.92 18.21 23.62 21.96 18.42 21.96 22.37 18.62 16.24 21.64 17.9 16.45 21.64 18.73 16.45 22.89 21.02 17.7 23.51 22.47 18.53 22.68 23.09 18.94 20.19 23.09 18.53 17.28
0.0 10.64 10.64 10.64 10.64 10.64 10.64 10.64 10.64 10.64 10.64 10.64 10.64 23.7 18.93 17.9 23.7 19.14 16.24 23.08 19.35 15.71 18.83 16.33 16.75 21.12 18.0 17.17 22.17 19.46 18.0 23.83 20.92 18.21 23.62 21.96 18.42 21.96 22.37 18.62 19.67 21.64 17.9 16.45 21.64 18.73 16.45 22.89 21.02 17.7 23.51 22.47 18.53 22.68 23.09 18.94 20.19 23.09 18.53 17.28 22.68
0.0 10.64 10.64 10.64 10.64 10.64 10.64 10.64 10.64 10.64 10.64 10.64 23.7 18.93 17.9 23.7 19.14 16.24 23.08 19.35 15.62 18.83 16.33 16.75 21.12 18.0 17.17 22.17 19.46 18.0 23.83 20.92 18.21 23.62 21.96 18.42 21.96 22.37 18.62 19.67 22.58 17.9 16.45 21.64 18.73 16.45 22.89 21.02 17.7 23.51 22.47 18.53 22.68 23.09 18.94 20.19 23.09 18.53 17.28 22.68 18.11
0.0 10.64 10.64 10.64 10.64 10.64 10.64 10.64 10.64 10.64 10.64 23.7 18.93 17.9 23.7 19.14 16.24 23.08 19.35 15.62 20.18 16.33 16.75 21.12 18.0 17.17 22.17 19.46 18.0 23.83 20.92 18.21 23.62 21.96 18.42 21.96 22.37 18.62 19.67 22.58 18.62 16.45 21.64 18.73 16.45 22.89 21.02 17.7 23.51 22.47 18.53 22.68 23.09 18.94 20.19 23.09 18.53 17.28 22.68 18.11 15.2
0.0 10.64 10.64 10.64 10.64 10.64 10.64 10.64 10.64 10.64 23.7 18.93 17.9 23.7 19.14 16.24 23.08 19.35 15.62 20.18 18.93 16.75 21.12 18.0 17.17 22.17 19.46 18.0 23.83 20.92 18.21 23.62 21.96 18.42 21.96 22.37 18.62 19.67 22.58 18.62 17.79 21.64 18.73 16.45 22.89 21.02 17.7 23.51 22.47 18.53 22.68 23.09 18.94 20.19 23.09 18.53 17.28 22.68 18.11 15.2 20.39
0.0 10.64 10.64 10.64 10.64 10.64 10.64 10.64 10.64 23.7 18.93 17.9 23.7 19.14 16.24 23.08 19.35 15.62 20.18 18.93 15.41 21.12 18.0 17.17 22.17 19.46 18.0 23.83 20.92 18.21 23.62 21.96 18.42 21.96 22.37 18.62 19.67 22.58 18.62 17.79 22.17 18.73 16.45 22.89 21.02 17.7 23.51 22.47 18.53 22.68 23.09 18.94 20.19 23.09 18.53 17.28 22.68 18.11 15.2 20.39 17.9
0.0 10.64 10.64 10.64 10.64 10.64 10.64 10.64 23.7 18.93 17.9 23.7 19.14 16.24 23.08 19.35 15.62 20.18 18.93 15.41 13.34 18.0 17.17 22.17 19.46 18.0 23.83 20.92 18.21 23.62 21.96 18.42 21.96 22.37 18.62 19.67 22.58 18.62 17.79 22.17 19.25 16.45 22.89 21.02 17.7 23.51 22.47 18.53 22.68 23.09 18.94 20.19 23.09 18.53 17.28 22.68 18.11 15.2 20.39 17.9 15.0
0.0 10.64 10.64 10.64 10.64 10.64 10.64 23.7 18.93 17.9 23.7 19.14 16.24 23.08 19.35 15.62 20.18 18.93 15.41 13.34 11.06 17.17 22.17 19.46 18.0 23.83 20.92 18.21 23.62 21.96 18.42 21.96 22.37 18.62 19.67 22.58 18.62 17.79 22.17 19.25 16.12 22.89 21.02 17.7 23.51 22.47 18.53 22.68 23.09 18.94 20.19 23.09 18.53 17.28 22.68 18.11 15.2 20.39 17.9 15.0 12.71
0.0 10.64 10.64 10.64 10.64 10.64 23.7 18.93 17.9 23.7 19.14 16.24 23.08 19.35 15.62 20.18 18.93 15.41 13.34 11.06 9.6 22.17 19.46 18.0 23.83 20.92 18.21 23.62 21.96 18.42 21.96 22.37 18.62 19.67 22.58 18.62 17.79 22.17 19.25 16.12 13.42 21.02 17.7 23.51 22.47 18.53 22.68 23.09 18.94 20.19 23.09 18.53 17.28 22.68 18.11 15.2 20.39 17.9 15.0 12.71 11.47
0.0 10.64 10.64 10.64 10.64 23.7 18.93 17.9 23.7 19.14 16.24 23.08 19.35 15.62 20.18 18.93 15.41 13.34 11.06 9.6 7.32 19.46 18.0 23.83 20.92 18.21 23.62 21.96 18.42 21.96 22.37 18.62 19.67 22.58 18.62 17.79 22.17 19.25 16.12 13.42 11.96 17.7 23.51 22.47 18.53 22.68 23.09 18.94 20.19 23.09 18.53 17.28 22.68 18.11 15.2 20.39 17.9 15.0 12.71 11.47 9.81
0.0 10.64 10.64 10.64 23.7 18.93 17.9 23.7 19.14 16.24 23.08 19.35 15.62 20.18 18.93 15.41 13.34 11.06 9.6 7.32 5.67 18.0 23.83 20.92 18.21 23.62 21.96 18.42 21.96 22.37 18.62 19.67 22.58 18.62 17.79 22.17 19.25 16.12 13.42 11.96 10.08 23.51 22.47 18.53 22.68 23.09 18.94 20.19 23.09 18.53 17.28 22.68 18.11 15.2 20.39 17.9 15.0 12.71 11.47 9.81 7.94
0.0 10.64 10.64 23.7 18.93 17.9 23.7 19.14 16.24 23.08 19.35 15.62 20.18 18.93 15.41 13.34 11.06 9.6 7.32 5.67 4.42 23.83 20.92 18.21 23.62 21.96 18.42 21.96 22.37 18.62 19.67 22.58 18.62 17.79 22.17 19.25 16.12 13.42 11.96 10.08 7.79 22.47 18.53 22.68 23.09 18.94 20.19 23.09 18.53 17.28 22.68 18.11 15.2 20.39 17.9 15.0 12.71 11.47 9.81 7.94 6.49
0.0 10.64 23.7 18.93 17.9 23.7 19.14 16.24 23.08 19.35 15.62 20.18 18.93 15.41 13.34 11.06 9.6 7.32 5.67 4.42 2.76 20.92 18.21 23.62 21.96 18.42 21.96 22.37 18.62 19.67 22.58 18.62 17.79 22.17 19.25 16.12 13.42 11.96 10.08 7.79 6.54 18.53 22.68 23.09 18.94 20.19 23.09 18.53 17.28 22.68 18.11 15.2 20.39 17.9 15.0 12.71 11.47 9.81 7.94 6.49 5.65
0.0 23.7 18.93 17.9 23.7 19.14 16.24 23.08 19.35 15.62 20.18 18.93 15.41 13.34 11.06 9.6 7.32 5.67 4.42 2.76 0.9 18.21 23.62 21.96 18.42 21.96 22.37 18.62 19.67 22.58 18.62 17.79 22.17 19.25 16.12 13.42 11.96 10.08 7.79 6.54 5.29 22.68 23.09 18.94 20.19 23.09 18.53 17.28 22.68 18.11 15.2 20.39 17.9 15.0 12.71 11.47 9.81 7.94 6.49 5.65 3.79
0.0 18.93 17.9 23.7 19.14 16.24 23.08 19.35 15.62 20.18 18.93 15.41 13.34 11.06 9.6 7.32 5.67 4.42 2.76 0.9 0.48 23.62 21.96 18.42 21.96 22.37 18.62 19.67 22.58 18.62 17.79 22.17 19.25 16.12 13.42 11.96 10.08 7.79 6.54 5.29 3.21 23.09 18.94 20.19 23.09 18.53 17.28 22.68 18.11 15.2 20.39 17.9 15.0 12.71 11.47 9.81 7.94 6.49 5.65 3.79 2.33
0.0 17.9 23.7 19.14 16.24 23.08 19.35 15.62 20.18 18.93 15.41 13.34 11.06 9.6 7.32 5.67 4.42 2.76 0.9 0.48 -1.17 21.96 18.42 21.96 22.37 18.62 19.67 22.58 18.62 17.79 22.17 19.25 16.12 13.42 11.96 10.08 7.79 6.54 5.29 3.21 1.96 18.94 20.19 23.09 18.53 17.28 22.68 18.11 15.2 20.39 17.9 15.0 12.71 11.47 9.81 7.94 6.49 5.65 3.79 2.33 1.71
0.0 23.7 19.14 16.24 23.08 19.35 15.62 20.18 18.93 15.41 13.34 11.06 9.6 7.32 5.67 4.42 2.76 0.9 0.48 -1.17 -3.04 18.42 21.96 22.37 18.62 19.67 22.58 18.62 17.79 22.17 19.25 16.12 13.42 11.96 10.08 7.79 6.54 5.29 3.21 1.96 1.13 20.19 23.09 18.53 17.28 22.68 18.11 15.2 20.39 17.9 15.0 12.71 11.47 9.81 7.94 6.49 5.65 3.79 2.33 1.71 0.05
0.0 19.14 16.24 23.08 19.35 15.62 20.18 18.93 15.41 13.34 11.06 9.6 7.32 5.67 4.42 2.76 0.9 0.48 -1.17 -3.04 -3.46 21.96 22.37 18.62 19.67 22.58 18.62 17.79 22.17 19.25 16.12 13.42 11.96 10.08 7.79 6.54 5.29 3.21 1.96 1.13 -0.75 23.09 18.53 17.28 22.68 18.11 15.2 20.39 17.9 15.0 12.71 11.47 9.81 7.94 6.49 5.65 3.79 2.33 1.71 0.05 -1.4
0.0 16.24 23.08 19.35 15.62 20.18 18.93 15.41 13.34 11.06 9.6 7.32 5.67 4.42 2.76 0.9 0.48 -1.17 -3.04 -3.46 -4.28 22.37 18.62 19.67 22.58 18.62 17.79 22.17 19.25 16.12 13.42 11.96 10.08 7.79 6.54 5.29 3.21 1.96 1.13 -0.75 -2.0 18.53 17.28 22.68 18.11 15.2 20.39 17.9 15.0 12.71 11.47 9.81 7.94 6.49 5.65 3.79 2.33 1.71 0.05 -1.4 -1.4
0.0 23.08 19.35 15.62 20.18 18.93 15.41 13.34 11.06 9.6 7.32 5.67 4.42 2.76 0.9 0.48 -1.17 -3.04 -3.46 -4.28 -5.94 18.62 19.67 22.58 18.62 17.79 22.17 19.25 16.12 13.42 11.96 10.08 7.79 6.54 5.29 3.21 1.96 1.13 -0.75 -2.0 -2.21 17.28 22.68 18.11 15.2 20.39 17.9 15.0 12.71 11.47 9.81 7.94 6.49 5.65 3.79 2.33 1.71 0.05 -1.4 -1.4 -2.86
0.0 19.35 15.62 20.18 18.93 15.41 13.34 11.06 9.6 7.32 5.67 4.42 2.76 0.9 0.48 -1.17 -3.04 -3.46 -4.28 -5.94 -6.36 19.67 22.58 18.62 17.79 22.17 19.25 16.12 13.42 11.96 10.08 7.79 6.54 5.29 3.21 1.96 1.13 -0.75 -2.0 -2.21 -3.87 22.68 18.11 15.2 20.39 17.9 15.0 12.71 11.47 9.81 7.94 6.49 5.65 3.79 2.33 1.71 0.05 -1.4 -1.4 -2.86 -4.31
0.0 15.62 20.18 18.93 15.41 13.34 11.06 9.6 7.32 5.67 4.42 2.76 0.9 0.48 -1.17 -3.04 -3.46 -4.28 -5.94 -6.36 -6.56 22.58 18.62 17.79 22.17 19.25 16.12 13.42 11.96 10.08 7.79 6.54 5.29 3.21 1.96 1.13 -0.75 -2.0 -2.21 -3.87 -5.12 18.11 15.2 20.39 17.9 15.0 12.71 11.47 9.81 7.94 6.49 5.65 3.79 2.33 1.71 0.05 -1.4 -1.4 -2.86 -4.31 -4.31
0.0 20.18 18.93 15.41 13.34 11.06 9.6 7.32 5.67 4.42 2.76 0.9 0.48 -1.17 -3.04 -3.46 -4.28 -5.94 -6.36 -6.56 -8.43 18.62 17.79 22.17 19.25 16.12 13.42 11.96 10.08 7.79 6.54 5.29 3.21 1.96 1.13 -0.75 -2.0 -2.21 -3.87 -5.12 -4.91 15.2 20.39 17.9 15.0 12.71 11.47 9.81 7.94 6.49 5.65 3.79 2.33 1.71 0.05 -1.4 -1.4 -2.86 -4.31 -4.31 -5.35
0.0 18.93 15.41 13.34 11.06 9.6 7.32 5.67 4.42 2.76 0.9 0.48 -1.17 -3.04 -3.46 -4.28 -5.94 -6.36 -6.56 -8.43 -8.84 17.79 22.17 19.25 16.12 13.42 11.96 10.08 7.79 6.54 5.29 3.21 1.96 1.13 -0.75 -2.0 -2.21 -3.87 -5.12 -4.91 -6.37 20.39 17.9 15.0 12.71 11.47 9.81 7.94 6.49 5.65 3.79 2.33 1.71 0.05 -1.4 -1.4 -2.86 -4.31 -4.31 -5.35 -6.8
0.0 15.41 13.34 11.06 9.6 7.32 5.67 4.42 2.76 0.9 0.48 -1.17 -3.04 -3.46 -4.28 -5.94 -6.36 -6.56 -8.43 -8.84 -9.05 22.17 19.25 16.12 13.42 11.96 10.08 7.79 6.54 5.29 3.21 1.96 1.13 -0.75 -2.0 -2.21 -3.87 -5.12 -4.91 -6.37 -7.62 17.9 15.0 12.71 11.47 9.81 7.94 6.49 5.65 3.79 2.33 1.71 0.05 -1.4 -1.4 -2.86 -4.31 -4.31 -5.35 -6.8 -7.01
0.0 13.34 11.06 9.6 7.32 5.67 4.42 2.76 0.9 0.48 -1.17 -3.04 -3.46 -4.28 -5.94 -6.36 -6.56 -8.43 -8.84 -9.05 -10.5 19.25 16.12 13.42 11.96 10.08 7.79 6.54 5.29 3.21 1.96 1.13 -0.75 -2.0 -2.21 -3.87 -5.12 -4.91 -6.37 -7.62 -8.04 15.0 12.71 11.47 9.81 7.94 6.49 5.65 3.79 2.33 1.71 0.05 -1.4 -1.4 -2.86 -4.31 -4.31 -5.35 -6.8 -7.01 -7.63
0.0 11.06 9.6 7.32 5.67 4.42 2.76 0.9 0.48 -1.17 -3.04 -3.46 -4.28 -5.94 -6.36 -6.56 -8.43 -8.84 -9.05 -10.5 -11.54 16.12 13.42 11.96 10.08 7.79 6.54 5.29 3.21 1.96 1.13 -0.75 -2.0 -2.21 -3.87 -5.12 -4.91 -6.37 -7.62 -8.04 -9.08 12.71 11.47 9.81 7.94 6.49 5.65 3.79 2.33 1.71 0.05 -1.4 -1.4 -2.86 -4.31 -4.31 -5.35 -6.8 -7.01 -7.63 -9.08
0.0 9.6 7.32 5.67 4.42 2.76 0.9 0.48 -1.17 -3.04 -3.46 -4.28 -5.94 -6.36 -6.56 -8.43 -8.84 -9.05 -10.5 -11.54 -11.75 13.42 11.96 10.08 7.79 6.54 5.29 3.21 1.96 1.13 -0.75 -2.0 -2.21 -3.87 -5.12 -4.91 -6.37 -7.62 -8.04 -9.08 -10.33 11.47 9.81 7.94 6.49 5.65 3.79 2.33 1.71 0.05 -1.4 -1.4 -2.86 -4.31 -4.31 -5.35 -6.8 -7.01 -7.63 -9.08 -9.92
0.0 7.32 5.67 4.42 2.76 0.9 0.48 -1.17 -3.04 -3.46 -4.28 -5.94 -6.36 -6.56 -8.43 -8.84 -9.05 -10.5 -11.54 -11.75 -13.2 11.96 10.08 7.79 6.54 5.29 3.21 1.96 1.13 -0.75 -2.0 -2.21 -3.87 -5.12 -4.91 -6.37 -7.62 -8.04 -9.08 -10.33 -10.95 9.81 7.94 6.49 5.65 3.79 2.33 1.71 0.05 -1.4 -1.4 -2.86 -4.31 -4.31 -5.35 -6.8 -7.01 -7.63 -9.08 -9.92 -10.54
0.0 5.67 4.42 2.76 0.9 0.48 -1.17 -3.04 -3.46 -4.28 -5.94 -6.36 -6.56 -8.43 -8.84 -9.05 -10.5 -11.54 -11.75 -13.2 -14.03 10.08 7.79 6.54 5.29 3.21 1.96 1.13 -0.75 -2.0 -2.21 -3.87 -5.12 -4.91 -6.37 -7.62 -8.04 -9.08 -10.33 -10.95 -11.58 7.94 6.49 5.65 3.79 2.33 1.71 0.05 -1.4 -1.4 -2.86 -4.31 -4.31 -5.35 -6.8 -7.01 -7.63 -9.08 -9.92 -10.54 -11.58
0.0 4.42 2.76 0.9 0.48 -1.17 -3.04 -3.46 -4.28 -5.94 -6.36 -6.56 -8.43 -8.84 -9.05 -10.5 -11.54 -11.75 -13.2 -14.03 -14.65 7.79 6.54 5.29 3.21 1.96 1.13 -0.75 -2.0 -2.21 -3.87 -5.12 -4.91 -6.37 -7.62 -8.04 -9.08 -10.33 -10.95 -11.58 -12.62 6.49 5.65 3.79 2.33 1.71 0.05 -1.4 -1.4 -2.86 -4.31 -4.31 -5.35 -6.8 -7.01 -7.63 -9.08 -9.92 -10.54 -11.58 -12.41
0.0 2.76 0.9 0.48 -1.17 -3.04 -3.46 -4.28 -5.94 -6.36 -6.56 -8.43 -8.84 -9.05 -10.5 -11.54 -11.75 -13.2 -14.03 -14.65 -15.48 6.54 5.29 3.21 1.96 1.13 -0.75 -2.0 -2.21 -3.87 -5.12 -4.91 -6.37 -7.62 -8.04 -9.08 -10.33 -10.95 -11.58 -12.62 -13.45 5.65 3.79 2.33 1.71 0.05 -1.4 -1.4 -2.86 -4.31 -4.31 -5.35 -6.8 -7.01 -7.63 -9.08 -9.92 -10.54 -11.58 -12.41 -13.03
0.0 0.9 0.48 -1.17 -3.04 -3.46 -4.28 -5.94 -6.36 -6.56 -8.43 -8.84 -9.05 -10.5 -11.54 -11.75 -13.2 -14.03 -14.65 -15.48 -16.31 5.29 3.21 1.96 1.13 -0.75 -2.0 -2.21 -3.87 -5.12 -4.91 -6.37 -7.62 -8.04 -9.08 -10.33 -10.95 -11.58 -12.62 -13.45 -14.08 3.79 2.33 1.71 0.05 -1.4 -1.4 -2.86 -4.31 -4.31 -5.35 -6.8 -7.01 -7.63 -9.08 -9.92 -10.54 -11.58 -12.41 -13.03 -14.07
0.0 0.48 -1.17 -3.04 -3.46 -4.28 -5.94 -6.36 -6.56 -8.43 -8.84 -9.05 -10.5 -11.54 -11.75 -13.2 -14.03 -14.65 -15.48 -16.31 -16.93 3.21 1.96 1.13 -0.75 -2.0 -2.21 -3.87 -5.12 -4.91 -6.37 -7.62 -8.04 -9.08 -10.33 -10.95 -11.58 -12.62 -13.45 -14.08 -14.91 2.33 1.71 0.05 -1.4 -1.4 -2.86 -4.31 -4.31 -5.35 -6.8 -7.01 -7.63 -9.08 -9.92 -10.54 -11.58 -12.41 -13.03 -14.07 -14.69
0.0 -1.17 -3.04 -3.46 -4.28 -5.94 -6.36 -6.56 -8.43 -8.84 -9.05 -10.5 -11.54 -11.75 -13.2 -14.03 -14.65 -15.48 -16.31 -16.93 -17.76 1.96 1.13 -0.75 -2.0 -2.21 -3.87 -5.12 -4.91 -6.37 -7.62 -8.04 -9.08 -10.33 -10.95 -11.58 -12.62 -13.45 -14.08 -14.91 -15.75 1.71 0.05 -1.4 -1.4 -2.86 -4.31 -4.31 -5.35 -6.8 -7.01 -7.63 -9.08 -9.92 -10.54 -11.58 -12.41 -13.03 -14.07 -14.69 -15.31
0.0 -3.04 -3.46 -4.28 -5.94 -6.36 -6.56 -8.43 -8.84 -9.05 -10.5 -11.54 -11.75 -13.2 -14.03 -14.65 -15.48 -16.31 -16.93 -17.76 -18.59 1.13 -0.75 -2.0 -2.21 -3.87 -5.12 -4.91 -6.37 -7.62 -8.04 -9.08 -10.33 -10.95 -11.58 -12.62 -13.45 -14.08 -14.91 -15.75 -16.37 0.05 -1.4 -1.4 -2.86 -4.31 -4.31 -5.35 -6.8 -7.01 -7.63 -9.08 -9.92 -10.54 -11.58 -12.41 -13.03 -14.07 -14.69 -15.31 -16.14
0.0 -3.46 -4.28 -5.94 -6.36 -6.56 -8.43 -8.84 -9.05 -10.5 -11.54 -11.75 -13.2 -14.03 -14.65 -15.48 -16.31 -16.93 -17.76 -18.59 -19.0 -0.75 -2.0 -2.21 -3.87 -5.12 -4.91 -6.37 -7.62 -8.04 -9.08 -10.33 -10.95 -11.58 -12.62 -13.45 -14.08 -14.91 -15.75 -16.37 -15.95 -1.4 -1.4 -2.86 -4.31 -4.31 -5.35 -6.8 -7.01 -7.63 -9.08 -9.92 -10.54 -11.58 -12.41 -13.03 -14.07 -14.69 -15.31 -16.14 -13.65
0.0 -4.28 -5.94 -6.36 -6.56 -8.43 -8.84 -9.05 -10.5 -11.54 -11.75 -13.2 -14.03 -14.65 -15.48 -16.31 -16.93 -17.76 -18.59 -19.0 -19.42 -2.0 -2.21 -3.87 -5.12 -4.91 -6.37 -7.62 -8.04 -9.08 -10.33 -10.95 -11.58 -12.62 -13.45 -14.08 -14.91 -15.75 -16.37 -15.95 -9.7 -1.4 -2.86 -4.31 -4.31 -5.35 -6.8 -7.01 -7.63 -9.08 -9.92 -10.54 -11.58 -12.41 -13.03 -14.07 -14.69 -15.31 -16.14 -13.65 -12.82
0.0 -5.94 -6.36 -6.56 -8.43 -8.84 -9.05 -10.5 -11.54 -11.75 -13.2 -14.03 -14.65 -15.48 -16.31 -16.93 -17.76 -18.59 -19.0 -19.42 -14.44 -2.21 -3.87 -5.12 -4.91 -6.37 -7.62 -8.04 -9.08 -10.33 -10.95 -11.58 -12.62 -13.45 -14.08 -14.91 -15.75 -16.37 -15.95 -9.7 -11.58 -2.86 -4.31 -4.31 -5.35 -6.8 -7.01 -7.63 -9.08 -9.92 -10.54 -11.58 -12.41 -13.03 -14.07 -14.69 -15.31 -16.14 -13.65 -12.82 -14.48
0.0 -6.36 -6.56 -8.43 -8.84 -9.05 -10.5 -11.54 -11.75 -13.2 -14.03 -14.65 -15.48 -16.31 -16.93 -17.76 -18.59 -19.0 -19.42 -14.44 -9.47 -3.87 -5.12 -4.91 -6.37 -7.62 -8.04 -9.08 -10.33 -10.95 -11.58 -12.62 -13.45 -14.08 -14.91 -15.75 -16.37 -15.95 -9.7 -11.58 -13.04 -4.31 -4.31 -5.35 -6.8 -7.01 -7.63 -9.08 -9.92 -10.54 -11.58 -12.41 -13.03 -14.07 -14.69 -15.31 -16.14 -13.65 -12.82 -14.48 -7.63
0.0 -6.56 -8.43 -8.84 -9.05 -10.5 -11.54 -11.75 -13.2 -14.03 -14.65 -15.48 -16.31 -16.93 -17.76 -18.59 -19.0 -19.42 -14.44 -9.47 -11.75 -5.12 -4.91 -6.37 -7.62 -8.04 -9.08 -10.33 -10.95 -11.58 -12.62 -13.45 -14.08 -14.91 -15.75 -16.37 -15.95 -9.7 -11.58 -13.04 -6.16 -4.31 -5.35 -6.8 -7.01 -7.63 -9.08 -9.92 -10.54 -11.58 -12.41 -13.03 -14.07 -14.69 -15.31 -16.14 -13.65 -12.82 -14.48 -7.63 -6.8
0.0 -8.43 -8.84 -9.05 -10.5 -11.54 -11.75 -13.2 -14.03 -14.65 -15.48 -16.31 -16.93 -17.76 -18.59 -19.0 -19.42 -14.44 -9.47 -11.75 -10.09 -4.91 -6.37 -7.62 -8.04 -9.08 -10.33 -10.95 -11.58 -12.62 -13.45 -14.08 -14.91 -15.75 -16.37 -15.95 -9.7 -11.58 -13.04 -6.16 -7.62 -5.35 -6.8 -7.01 -7.63 -9.08 -9.92 -10.54 -11.58 -12.41 -13.03 -14.07 -14.69 -15.31 -16.14 -13.65 -12.82 -14.48 -7.63 -6.8 -9.71
0.0 -8.84 -9.05 -10.5 -11.54 -11.75 -13.2 -14.03 -14.65 -15.48 -16.31 -16.93 -17.76 -18.59 -19.0 -19.42 -14.44 -9.47 -11.75 -10.09 -3.66 -6.37 -7.62 -8.04 -9.08 -10.33 -10.95 -11.58 -12.62 -13.45 -14.08 -14.91 -15.75 -16.37 -15.95 -9.7 -11.58 -13.04 -6.16 -7.62 -9.7 -6.8 -7.01 -7.63 -9.08 -9.92 -10.54 -11.58 -12.41 -13.03 -14.07 -14.69 -15.31 -16.14 -13.65 -12.82 -14.48 -7.63 -6.8 -9.71 -5.56
0.0 -9.05 -10.5 -11.54 -11.75 -13.2 -14.03 -14.65 -15.48 -16.31 -16.93 -17.76 -18.59 -19.0 -19.42 -14.44 -9.47 -11.75 -10.09 -3.66 -6.98 -7.62 -8.04 -9.08 -10.33 -10.95 -11.58 -12.62 -13.45 -14.08 -14.91 -15.75 -16.37 -15.95 -9.7 -11.58 -13.04 -6.16 -7.62 -9.7 -4.08 -7.01 -7.63 -9.08 -9.92 -10.54 -11.58 -12.41 -13.03 -14.07 -14.69 -15.31 -16.14 -13.65 -12.82 -14.48 -7.63 -6.8 -9.71 -5.56 -2.86
0.0 -10.5 -11.54 -11.75 -13.2 -14.03 -14.65 -15.48 -16.31 -16.93 -17.76 -18.59 -19.0 -19.42 -14.44 -9.47 -11.75 -10.09 -3.66 -6.98 -8.02 -8.04 -9.08 -10.33 -10.95 -11.58 -12.62 -13.45 -14.08 -14.91 -15.75 -16.37 -15.95 -9.7 -11.58 -13.04 -6.16 -7.62 -9.7 -4.08 -3.87 -7.63 -9.08 -9.92 -10.54 -11.58 -12.41 -13.03 -14.07 -14.69 -15.31 -16.14 -13.65 -12.82 -14.48 -7.63 -6.8 -9.71 -5.56 -2.86 -6.39
0.0 -11.54 -11.75 -13.2 -14.03 -14.65 -15.48 -16.31 -16.93 -17.76 -18.59 -19.0 -19.42 -14.44 -9.47 -11.75 -10.09 -3.66 -6.98 -8.02 0.07 -9.08 -10.33 -10.95 -11.58 -12.62 -13.45 -14.08 -14.91 -15.75 -16.37 -15.95 -9.7 -11.58 -13.04 -6.16 -7.62 -9.7 -4.08 -3.87 -6.79 -9.08 -9.92 -10.54 -11.58 -12.41 -13.03 -14.07 -14.69 -15.31 -16.14 -13.65 -12.82 -14.48 -7.63 -6.8 -9.71 -5.56 -2.86 -6.39 -5.35
0.0 -11.75 -13.2 -14.03 -14.65 -15.48 -16.31 -16.93 -17.76 -18.59 -19.0 -19.42 -14.44 -9.47 -11.75 -10.09 -3.66 -6.98 -8.02 0.07 -2.83 -10.33 -10.95 -11.58 -12.62 -13.45 -14.08 -14.91 -15.75 -16.37 -15.95 -9.7 -11.58 -13.04 -6.16 -7.62 -9.7 -4.08 -3.87 -6.79 -3.46 -9.92 -10.54 -11.58 -12.41 -13.03 -14.07 -14.69 -15.31 -16.14 -13.65 -12.82 -14.48 -7.63 -6.8 -9.71 -5.56 -2.86 -6.39 -5.35 0.46
0.0 -13.2 -14.03 -14.65 -15.48 -16.31 -16.93 -17.76 -18.59 -19.0 -19.42 -14.44 -9.47 -11.75 -10.09 -3.66 -6.98 -8.02 0.07 -2.83 -5.74 -10.95 -11.58 -12.62 -13.45 -14.08 -14.91 -15.75 -16.37 -15.95 -9.7 -11.58 -13.04 -6.16 -7.62 -9.7 -4.08 -3.87 -6.79 -3.46 -0.33 -10.54 -11.58 -12.41 -13.03 -14.07 -14.69 -15.31 -16.14 -13.65 -12.82 -14.48 -7.63 -6.8 -9.71 -5.56 -2.86 -6.39 -5.35 0.46 -3.48
0.0 -14.03 -14.65 -15.48 -16.31 -16.93 -17.76 -18.59 -19.0 -19.42 -14.44 -9.47 -11.75 -10.09 -3.66 -6.98 -8.02 0.07 -2.83 -5.74 1.52 -11.58 -12.62 -13.45 -14.08 -14.91 -15.75 -16.37 -15.95 -9.7 -11.58 -13.04 -6.16 -7.62 -9.7 -4.08 -3.87 -6.79 -3.46 -0.33 -3.66 -11.58 -12.41 -13.03 -14.07 -14.69 -15.31 -16.14 -13.65 -12.82 -14.48 -7.63 -6.8 -9.71 -5.56 -2.86 -6.39 -5.35 0.46 -3.48 -4.93
0.0 -14.65 -15.48 -16.31 -16.93 -17.76 -18.59 -19.0 -19.42 -14.44 -9.47 -11.75 -10.09 -3.66 -6.98 -8.02 0.07 -2.83 -5.74 1.52 0.69 -12.62 -13.45 -14.08 -14.91 -15.75 -16.37 -15.95 -9.7 -11.58 -13.04 -6.16 -7.62 -9.7 -4.08 -3.87 -6.79 -3.46 -0.33 -3.66 -2.83 -12.41 -13.03 -14.07 -14.69 -15.31 -16.14 -13.65 -12.82 -14.48 -7.63 -6.8 -9.71 -5.56 -2.86 -6.39 -5.35 0.46 -3.48 -4.93 2.33
0.0 -15.48 -16.31 -16.93 -17.76 -18.59 -19.0 -19.42 -14.44 -9.47 -11.75 -10.09 -3.66 -6.98 -8.02 0.07 -2.83 -5.74 1.52 0.69 -2.63 -13.45 -14.08 -14.91 -15.75 -16.37 -15.95 -9.7 -11.58 -13.04 -6.16 -7.62 -9.7 -4.08 -3.87 -6.79 -3.46 -0.33 -3.66 -2.83 3.21 -13.03 -14.07 -14.69 -15.31 -16.14 -13.65 -12.82 -14.48 -7.63 -6.8 -9.71 -5.56 -2.86 -6.39 -5.35 0.46 -3.48 -4.93 2.33 -0.37
0.0 -16.31 -16.93 -17.76 -18.59 -19.0 -19.42 -14.44 -9.47 -11.75 -10.09 -3.66 -6.98 -8.02 0.07 -2.83 -5.74 1.52 0.69 -2.63 1.11 -14.08 -14.91 -15.75 -16.37 -15.95 -9.7 -11.58 -13.04 -6.16 -7.62 -9.7 -4.08 -3.87 -6.79 -3.46 -0.33 -3.66 -2.83 3.21 -0.12 -14.07 -14.69 -15.31 -16.14 -13.65 -12.82 -14.48 -7.63 -6.8 -9.71 -5.56 -2.86 -6.39 -5.35 0.46 -3.48 -4.93 2.33 -0.37 -2.65
0.0 -16.93 -17.76 -18.59 -19.0 -19.42 -14.44 -9.47 -11.75 -10.09 -3.66 -6.98 -8.02 0.07 -2.83 -5.74 1.52 0.69 -2.63 1.11 4.01 -14.91 -15.75 -16.37 -15.95 -9.7 -11.58 -13.04 -6.16 -7.62 -9.7 -4.08 -3.87 -6.79 -3.46 -0.33 -3.66 -2.83 3.21 -0.12 -1.37 -14.69 -15.31 -16.14 -13.65 -12.82 -14.48 -7.63 -6.8 -9.71 -5.56 -2.86 -6.39 -5.35 0.46 -3.48 -4.93 2.33 -0.37 -2.65 2.54
0.0 -17.76 -18.59 -19.0 -19.42 -14.44 -9.47 -11.75 -10.09 -3.66 -6.98 -8.02 0.07 -2.83 -5.74 1.52 0.69 -2.63 1.11 4.01 0.69 -15.75 -16.37 -15.95 -9.7 -11.58 -13.04 -6.16 -7.62 -9.7 -4.08 -3.87 -6.79 -3.46 -0.33 -3.66 -2.83 3.21 -0.12 -1.37 5.29 -15.31 -16.14 -13.65 -12.82 -14.48 -7.63 -6.8 -9.71 -5.56 -2.86 -6.39 -5.35 0.46 -3.48 -4.93 2.33 -0.37 -2.65 2.54 2.75
0.0 -18.59 -19.0 -19.42 -14.44 -9.47 -11.75 -10.09 -3.66 -6.98 -8.02 0.07 -2.83 -5.74 1.52 0.69 -2.63 1.11 4.01 0.69 0.48 -16.37 -15.95 -9.7 -11.58 -13.04 -6.16 -7.62 -9.7 -4.08 -3.87 -6.79 -3.46 -0.33 -3.66 -2.83 3.21 -0.12 -1.37 5.29 3.63 -16.14 -13.65 -12.82 -14.48 -7.63 -6.8 -9.71 -5.56 -2.86 -6.39 -5.35 0.46 -3.48 -4.93 2.33 -0.37 -2.65 2.54 2.75 0.46
0.0 -19.0 -19.42 -14.44 -9.47 -11.75 -10.09 -3.66 -6.98 -8.02 0.07 -2.83 -5.74 1.52 0.69 -2.63 1.11 4.01 0.69 0.48 5.67 -15.95 -9.7 -11.58 -13.04 -6.16 -7.62 -9.7 -4.08 -3.87 -6.79 -3.46 -0.33 -3.66 -2.83 3.21 -0.12 -1.37 5.29 3.63 1.34 -13.65 -12.82 -14.48 -7.63 -6.8 -9.71 -5.56 -2.86 -6.39 -5.35 0.46 -3.48 -4.93 2.33 -0.37 -2.65 2.54 2.75 0.46 2.75
0.0 -19.42 -14.44 -9.47 -11.75 -10.09 -3.66 -6.98 -8.02 0.07 -2.83 -5.74 1.52 0.69 -2.63 1.11 4.01 0.69 0.48 5.67 3.18 -9.7 -11.58 -13.04 -6.16 -7.62 -9.7 -4.08 -3.87 -6.79 -3.46 -0.33 -3.66 -2.83 3.21 -0.12 -1.37 5.29 3.63 1.34 5.5 -12.82 -14.48 -7.63 -6.8 -9.71 -5.56 -2.86 -6.39 -5.35 0.46 -3.48 -4.93 2.33 -0.37 -2.65 2.54 2.75 0.46 2.75 4.82
0.0 -14.44 -9.47 -11.75 -10.09 -3.66 -6.98 -8.02 0.07 -2.83 -5.74 1.52 0.69 -2.63 1.11 4.01 0.69 0.48 5.67 3.18 1.52 -11.58 -13.04 -6.16 -7.62 -9.7 -4.08 -3.87 -6.79 -3.46 -0.33 -3.66 -2.83 3.21 -0.12 -1.37 5.29 3.63 1.34 5.5 6.75 -14.48 -7.63 -6.8 -9.71 -5.56 -2.86 -6.39 -5.35 0.46 -3.48 -4.93 2.33 -0.37 -2.65 2.54 2.75 0.46 2.75 4.82 2.33
0.0 -9.47 -11.75 -10.09 -3.66 -6.98 -8.02 0.07 -2.83 -5.74 1.52 0.69 -2.63 1.11 4.01 0.69 0.48 5.67 3.18 1.52 4.63 -13.04 -6.16 -7.62 -9.7 -4.08 -3.87 -6.79 -3.46 -0.33 -3.66 -2.83 3.21 -0.12 -1.37 5.29 3.63 1.34 5.5 6.75 4.04 -7.63 -6.8 -9.71 -5.56 -2.86 -6.39 -5.35 0.46 -3.48 -4.93 2.33 -0.37 -2.65 2.54 2.75 0.46 2.75 4.82 2.33 2.54
0.0 -11.75 -10.09 -3.66 -6.98 -8.02 0.07 -2.83 -5.74 1.52 0.69 -2.63 1.11 4.01 0.69 0.48 5.67 3.18 1.52 4.63 4.01 -6.16 -7.62 -9.7 -4.08 -3.87 -6.79 -3.46 -0.33 -3.66 -2.83 3.21 -0.12 -1.37 5.29 3.63 1.34 5.5 6.75 4.04 4.04 -6.8 -9.71 -5.56 -2.86 -6.39 -5.35 0.46 -3.48 -4.93 2.33 -0.37 -2.65 2.54 2.75 0.46 2.75 4.82 2.33 2.54 6.69
0.0 -10.09 -3.66 -6.98 -8.02 0.07 -2.83 -5.74 1.52 0.69 -2.63 1.11 4.01 0.69 0.48 5.67 3.18 1.52 4.63 4.01 2.56 -7.62 -9.7 -4.08 -3.87 -6.79 -3.46 -0.33 -3.66 -2.83 3.21 -0.12 -1.37 5.29 3.63 1.34 5.5 6.75 4.04 4.04 9.04 -9.71 -5.56 -2.86 -6.39 -5.35 0.46 -3.48 -4.93 2.33 -0.37 -2.65 2.54 2.75 0.46 2.75 4.82 2.33 2.54 6.69 4.62
0.0 -3.66 -6.98 -8.02 0.07 -2.83 -5.74 1.52 0.69 -2.63 1.11 4.01 0.69 0.48 5.67 3.18 1.52 4.63 4.01 2.56 4.42 -9.7 -4.08 -3.87 -6.79 -3.46 -0.33 -3.66 -2.83 3.21 -0.12 -1.37 5.29 3.63 1.34 5.5 6.75 4.04 4.04 9.04 7.58 -5.56 -2.86 -6.39 -5.35 0.46 -3.48 -4.93 2.33 -0.37 -2.65 2.54 2.75 0.46 2.75 4.82 2.33 2.54 6.69 4.62 3.99
0.0 -6.98 -8.02 0.07 -2.83 -5.74 1.52 0.69 -2.63 1.11 4.01 0.69 0.48 5.67 3.18 1.52 4.63 4.01 2.56 4.42 8.15 -4.08 -3.87 -6.79 -3.46 -0.33 -3.66 -2.83 3.21 -0.12 -1.37 5.29 3.63 1.34 5.5 6.75 4.04 4.04 9.04 7.58 6.54 -2.86 -6.39 -5.35 0.46 -3.48 -4.93 2.33 -0.37 -2.65 2.54 2.75 0.46 2.75 4.82 2.33 2.54 6.69 4.62 3.99 5.86
0.0 -8.02 0.07 -2.83 -5.74 1.52 0.69 -2.63 1.11 4.01 0.69 0.48 5.67 3.18 1.52 4.63 4.01 2.56 4.42 8.15 5.67 -3.87 -6.79 -3.46 -0.33 -3.66 -2.83 3.21 -0.12 -1.37 5.29 3.63 1.34 5.5 6.75 4.04 4.04 9.04 7.58 6.54 10.5 -6.39 -5.35 0.46 -3.48 -4.93 2.33 -0.37 -2.65 2.54 2.75 0.46 2.75 4.82 2.33 2.54 6.69 4.62 3.99 5.86 9.39
0.0 0.07 -2.83 -5.74 1.52 0.69 -2.63 1.11 4.01 0.69 0.48 5.67 3.18 1.52 4.63 4.01 2.56 4.42 8.15 5.67 5.87 -6.79 -3.46 -0.33 -3.66 -2.83 3.21 -0.12 -1.37 5.29 3.63 1.34 5.5 6.75 4.04 4.04 9.04 7.58 6.54 10.5 11.54 -5.35 0.46 -3.48 -4.93 2.33 -0.37 -2.65 2.54 2.75 0.46 2.75 4.82 2.33 2.54 6.69 4.62 3.99 5.86 9.39 7.52
0.0 -2.83 -5.74 1.52 0.69 -2.63 1.11 4.01 0.69 0.48 5.67 3.18 1.52 4.63 4.01 2.56 4.42 8.15 5.67 5.87 10.43 -3.46 -0.33 -3.66 -2.83 3.21 -0.12 -1.37 5.29 3.63 1.34 5.5 6.75 4.04 4.04 9.04 7.58 6.54 10.5 11.54 9.46 0.46 -3.48 -4.93 2.33 -0.37 -2.65 2.54 2.75 0.46 2.75 4.82 2.33 2.54 6.69 4.62 3.99 5.86 9.39 7.52 8.77
0.0 -5.74 1.52 0.69 -2.63 1.11 4.01 0.69 0.48 5.67 3.18 1.52 4.63 4.01 2.56 4.42 8.15 5.67 5.87 10.43 10.43 -0.33 -3.66 -2.83 3.21 -0.12 -1.37 5.29 3.63 1.34 5.5 6.75 4.04 4.04 9.04 7.58 6.54 10.5 11.54 9.46 10.92 -3.48 -4.93 2.33 -0.37 -2.65 2.54 2.75 0.46 2.75 4.82 2.33 2.54 6.69 4.62 3.99 5.86 9.39 7.52 8.77 14.79
0.0 1.52 0.69 -2.63 1.11 4.01 0.69 0.48 5.67 3.18 1.52 4.63 4.01 2.56 4.42 8.15 5.67 5.87 10.43 10.43 9.6 -3.66 -2.83 3.21 -0.12 -1.37 5.29 3.63 1.34 5.5 6.75 4.04 4.04 9.04 7.58 6.54 10.5 11.54 9.46 10.92 16.12 -4.93 2.33 -0.37 -2.65 2.54 2.75 0.46 2.75 4.82 2.33 2.54 6.69 4.62 3.99 5.86 9.39 7.52 8.77 14.79 12.09
0.0 0.69 -2.63 1.11 4.01 0.69 0.48 5.67 3.18 1.52 4.63 4.01 2.56 4.42 8.15 5.67 5.87 10.43 10.43 9.6 13.13 -2.83 3.21 -0.12 -1.37 5.29 3.63 1.34 5.5 6.75 4.04 4.04 9.04 7.58 6.54 10.5 11.54 9.46 10.92 16.12 13.21 2.33 -0.37 -2.65 2.54 2.75 0.46 2.75 4.82 2.33 2.54 6.69 4.62 3.99 5.86 9.39 7.52 8.77 14.79 12.09 11.68
0.0 -2.63 1.11 4.01 0.69 0.48 5.67 3.18 1.52 4.63 4.01 2.56 4.42 8.15 5.67 5.87 10.43 10.43 9.6 13.13 16.03 3.21 -0.12 -1.37 5.29 3.63 1.34 5.5 6.75 4.04 4.04 9.04 7.58 6.54 10.5 11.54 9.46 10.92 16.12 13.21 12.79 -0.37 -2.65 2.54 2.75 0.46 2.75 4.82 2.33 2.54 6.69 4.62 3.99 5.86 9.39 7.52 8.77 14.79 12.09 11.68 16.24
0.0 1.11 4.01 0.69 0.48 5.67 3.18 1.52 4.63 4.01 2.56 4.42 8.15 5.67 5.87 10.43 10.43 9.6 13.13 16.03 12.92 -0.12 -1.37 5.29 3.63 1.34 5.5 6.75 4.04 4.04 9.04 7.58 6.54 10.5 11.54 9.46 10.92 16.12 13.21 12.79 17.37 -2.65 2.54 2.75 0.46 2.75 4.82 2.33 2.54 6.69 4.62 3.99 5.86 9.39 7.52 8.77 14.79 12.09 11.68 16.24 15.83
0.0 4.01 0.69 0.48 5.67 3.18 1.52 4.63 4.01 2.56 4.42 8.15 5.67 5.87 10.43 10.43 9.6 13.13 16.03 12.92 14.17 -1.37 5.29 3.63 1.34 5.5 6.75 4.04 4.04 9.04 7.58 6.54 10.5 11.54 9.46 10.92 16.12 13.21 12.79 17.37 15.08 2.54 2.75 0.46 2.75 4.82 2.33 2.54 6.69 4.62 3.99 5.86 9.39 7.52 8.77 14.79 12.09 11.68 16.24 15.83 13.75
0.0 0.69 0.48 5.67 3.18 1.52 4.63 4.01 2.56 4.42 8.15 5.67 5.87 10.43 10.43 9.6 13.13 16.03 12.92 14.17 17.9 5.29 3.63 1.34 5.5 6.75 4.04 4.04 9.04 7.58 6.54 10.5 11.54 9.46 10.92 16.12 13.21 12.79 17.37 15.08 13.83 2.75 0.46 2.75 4.82 2.33 2.54 6.69 4.62 3.99 5.86 9.39 7.52 8.77 14.79 12.09 11.68 16.24 15.83 13.75 17.07
0.0 0.48 5.67 3.18 1.52 4.63 4.01 2.56 4.42 8.15 5.67 5.87 10.43 10.43 9.6 13.13 16.03 12.92 14.17 17.9 14.17 3.63 1.34 5.5 6.75 4.04 4.04 9.04 7.58 6.54 10.5 11.54 9.46 10.92 16.12 13.21 12.79 17.37 15.08 13.83 16.75 0.46 2.75 4.82 2.33 2.54 6.69 4.62 3.99 5.86 9.39 7.52 8.77 14.79 12.09 11.68 16.24 15.83 13.75 17.07 18.11
0.0 5.67 3.18 1.52 4.63 4.01 2.56 4.42 8.15 5.67 5.87 10.43 10.43 9.6 13.13 16.03 12.92 14.17 17.9 14.17 14.58 1.34 5.5 6.75 4.04 4.04 9.04 7.58 6.54 10.5 11.54 9.46 10.92 16.12 13.21 12.79 17.37 15.08 13.83 16.75 15.08 2.75 4.82 2.33 2.54 6.69 4.62 3.99 5.86 9.39 7.52 8.77 14.79 12.09 11.68 16.24 15.83 13.75 17.07 18.11 15.0
0.0 3.18 1.52 4.63 4.01 2.56 4.42 8.15 5.67 5.87 10.43 10.43 9.6 13.13 16.03 12.92 14.17 17.9 14.17 14.58 17.69 5.5 6.75 4.04 4.04 9.04 7.58 6.54 10.5 11.54 9.46 10.92 16.12 13.21 12.79 17.37 15.08 13.83 16.75 15.08 14.04 4.82 2.33 2.54 6.69 4.62 3.99 5.86 9.39 7.52 8.77 14.79 12.09 11.68 16.24 15.83 13.75 17.07 18.11 15.0 18.53
0.0 1.52 4.63 4.01 2.56 4.42 8.15 5.67 5.87 10.43 10.43 9.6 13.13 16.03 12.92 14.17 17.9 14.17 14.58 17.69 14.17 6.75 4.04 4.04 9.04 7.58 6.54 10.5 11.54 9.46 10.92 16.12 13.21 12.79 17.37 15.08 13.83 16.75 15.08 14.04 16.12 2.33 2.54 6.69 4.62 3.99 5.86 9.39 7.52 8.77 14.79 12.09 11.68 16.24 15.83 13.75 17.07 18.11 15.0 18.53 18.73
0.0 4.63 4.01 2.56 4.42 8.15 5.67 5.87 10.43 10.43 9.6 13.13 16.03 12.92 14.17 17.9 14.17 14.58 17.69 14.17 14.79 4.04 4.04 9.04 7.58 6.54 10.5 11.54 9.46 10.92 16.12 13.21 12.79 17.37 15.08 13.83 16.75 15.08 14.04 16.12 15.5 2.54 6.69 4.62 3.99 5.86 9.39 7.52 8.77 14.79 12.09 11.68 16.24 15.83 13.75 17.07 18.11 15.0 18.53 18.73 15.2
0.0 4.01 2.56 4.42 8.15 5.67 5.87 10.43 10.43 9.6 13.13 16.03 12.92 14.17 17.9 14.17 14.58 17.69 14.17 14.79 18.31 4.04 9.04 7.58 6.54 10.5 11.54 9.46 10.92 16.12 13.21 12.79 17.37 15.08 13.83 16.75 15.08 14.04 16.12 15.5 14.46 6.69 4.62 3.99 5.86 9.39 7.52 8.77 14.79 12.09 11.68 16.24 15.83 13.75 17.07 18.11 15.0 18.53 18.73 15.2 18.32
0.0 2.56 4.42 8.15 5.67 5.87 10.43 10.43 9.6 13.13 16.03 12.92 14.17 17.9 14.17 14.58 17.69 14.17 14.79 18.31 14.58 9.04 7.58 6.54 10.5 11.54 9.46 10.92 16.12 13.21 12.79 17.37 15.08 13.83 16.75 15.08 14.04 16.12 15.5 14.46 17.58 4.62 3.99 5.86 9.39 7.52 8.77 14.79 12.09 11.68 16.24 15.83 13.75 17.07 18.11 15.0 18.53 18.73 15.2 18.32 17.7
0.0 4.42 8.15 5.67 5.87 10.43 10.43 9.6 13.13 16.03 12.92 14.17 17.9 14.17 14.58 17.69 14.17 14.79 18.31 14.58 16.03 7.58 6.54 10.5 11.54 9.46 10.92 16.12 13.21 12.79 17.37 15.08 13.83 16.75 15.08 14.04 16.12 15.5 14.46 17.58 16.33 3.99 5.86 9.39 7.52 8.77 14.79 12.09 11.68 16.24 15.83 13.75 17.07 18.11 15.0 18.53 18.73 15.2 18.32 17.7 14.79
0.0 8.15 5.67 5.87 10.43 10.43 9.6 13.13 16.03 12.92 14.17 17.9 14.17 14.58 17.69 14.17 14.79 18.31 14.58 16.03 19.14 6.54 10.5 11.54 9.46 10.92 16.12 13.21 12.79 17.37 15.08 13.83 16.75 15.08 14.04 16.12 15.5 14.46 17.58 16.33 14.88 5.86 9.39 7.52 8.77 14.79 12.09 11.68 16.24 15.83 13.75 17.07 18.11 15.0 18.53 18.73 15.2 18.32 17.7 14.79 18.11
0.0 5.67 5.87 10.43 10.43 9.6 13.13 16.03 12.92 14.17 17.9 14.17 14.58 17.69 14.17 14.79 18.31 14.58 16.03 19.14 14.99 10.5 11.54 9.46 10.92 16.12 13.21 12.79 17.37 15.08 13.83 16.75 15.08 14.04 16.12 15.5 14.46 17.58 16.33 14.88 18.62 9.39 7.52 8.77 14.79 12.09 11.68 16.24 15.83 13.75 17.07 18.11 15.0 18.53 18.73 15.2 18.32 17.7 14.79 18.11 19.36
0.0 5.87 10.43 10.43 9.6 13.13 16.03 12.92 14.17 17.9 14.17 14.58 17.69 14.17 14.79 18.31 14.58 16.03 19.14 14.99 15.62 11.54 9.46 10.92 16.12 13.21 12.79 17.37 15.08 13.83 16.75 15.08 14.04 16.12 15.5 14.46 17.58 16.33 14.88 18.62 16.96 7.52 8.77 14.79 12.09 11.68 16.24 15.83 13.75 17.07 18.11 15.0 18.53 18.73 15.2 18.32 17.7 14.79 18.11 19.36 15.83
0.0 10.43 10.43 9.6 13.13 16.03 12.92 14.17 17.9 14.17 14.58 17.69 14.17 14.79 18.31 14.58 16.03 19.14 14.99 15.62 19.76 9.46 10.92 16.12 13.21 12.79 17.37 15.08 13.83 16.75 15.08 14.04 16.12 15.5 14.46 17.58 16.33 14.88 18.62 16.96 15.08 8.77 14.79 12.09 11.68 16.24 15.83 13.75 17.07 18.11 15.0 18.53 18.73 15.2 18.32 17.7 14.79 18.11 19.36 15.83 20.19
0.0 10.43 9.6 13.13 16.03 12.92 14.17 17.9 14.17 14.58 17.69 14.17 14.79 18.31 14.58 16.03 19.14 14.99 15.62 19.76 16.03 10.92 16.12 13.21 12.79 17.37 15.08 13.83 16.75 15.08 14.04 16.12 15.5 14.46 17.58 16.33 14.88 18.62 16.96 15.08 19.67 14.79 12.09 11.68 16.24 15.83 13.75 17.07 18.11 15.0 18.53 18.73 15.2 18.32 17.7 14.79 18.11 19.36 15.83 20.19 20.81
0.0 9.6 13.13 16.03 12.92 14.17 17.9 14.17 14.58 17.69 14.17 14.79 18.31 14.58 16.03 19.14 14.99 15.62 19.76 16.03 16.65 16.12 13.21 12.79 17.37 15.08 13.83 16.75 15.08 14.04 16.12 15.5 14.46 17.58 16.33 14.88 18.62 16.96 15.08 19.67 19.04 12.09 11.68 16.24 15.83 13.75 17.07 18.11 15.0 18.53 18.73 15.2 18.32 17.7 14.79 18.11 19.36 15.83 20.19 20.81 16.87
0.0 13.13 16.03 12.92 14.17 17.9 14.17 14.58 17.69 14.17 14.79 18.31 14.58 16.03 19.14 14.99 15.62 19.76 16.03 16.65 22.04 13.21 12.79 17.37 15.08 13.83 16.75 15.08 14.04 16.12 15.5 14.46 17.58 16.33 14.88 18.62 16.96 15.08 19.67 19.04 16.54 11.68 16.24 15.83 13.75 17.07 18.11 15.0 18.53 18.73 15.2 18.32 17.7 14.79 18.11 19.36 15.83 20.19 20.81 16.87 20.19
0.0 16.03 12.92 14.17 17.9 14.17 14.58 17.69 14.17 14.79 18.31 14.58 16.03 19.14 14.99 15.62 19.76 16.03 16.65 22.04 17.69 12.79 17.37 15.08 13.83 16.75 15.08 14.04 16.12 15.5 14.46 17.58 16.33 14.88 18.62 16.96 15.08 19.67 19.04 16.54 21.12 16.24 15.83 13.75 17.07 18.11 15.0 18.53 18.73 15.2 18.32 17.7 14.79 18.11 19.36 15.83 20.19 20.81 16.87 20.19 22.89
0.0 12.92 14.17 17.9 14.17 14.58 17.69 14.17 14.79 18.31 14.58 16.03 19.14 14.99 15.62 19.76 16.03 16.65 22.04 17.69 16.65 17.37 15.08 13.83 16.75 15.08 14.04 16.12 15.5 14.46 17.58 16.33 14.88 18.62 16.96 15.08 19.67 19.04 16.54 21.12 20.92 15.83 13.75 17.07 18.11 15.0 18.53 18.73 15.2 18.32 17.7 14.79 18.11 19.36 15.83 20.19 20.81 16.87 20.19 22.89 18.53
0.0 14.17 17.9 14.17 14.58 17.69 14.17 14.79 18.31 14.58 16.03 19.14 14.99 15.62 19.76 16.03 16.65 22.04 17.69 16.65 23.49 15.08 13.83 16.75 15.08 14.04 16.12 15.5 14.46 17.58 16.33 14.88 18.62 16.96 15.08 19.67 19.04 16.54 21.12 20.92 18.0 13.75 17.07 18.11 15.0 18.53 18.73 15.2 18.32 17.7 14.79 18.11 19.36 15.83 20.19 20.81 16.87 20.19 22.89 18.53 19.98
0.0 17.9 14.17 14.58 17.69 14.17 14.79 18.31 14.58 16.03 19.14 14.99 15.62 19.76 16.03 16.65 22.04 17.69 16.65 23.49 19.35 13.83 16.75 15.08 14.04 16.12 15.5 14.46 17.58 16.33 14.88 18.62 16.96 15.08 19.67 19.04 16.54 21.12 20.92 18.0 21.54 17.07 18.11 15.0 18.53 18.73 15.2 18.32 17.7 14.79 18.11 19.36 15.83 20.19 20.81 16.87 20.19 22.89 18.53 19.98 24.13
0.0 14.17 14.58 17.69 14.17 14.79 18.31 14.58 16.03 19.14 14.99 15.62 19.76 16.03 16.65 22.04 17.69 16.65 23.49 19.35 16.45 16.75 15.08 14.04 16.12 15.5 14.46 17.58 16.33 14.88 18.62 16.96 15.08 19.67 19.04 16.54 21.12 20.92 18.0 21.54 22.37 18.11 15.0 18.53 18.73 15.2 18.32 17.7 14.79 18.11 19.36 15.83 20.19 20.81 16.87 20.19 22.89 18.53 19.98 24.13 19.36
0.0 14.58 17.69 14.17 14.79 18.31 14.58 16.03 19.14 14.99 15.62 19.76 16.03 16.65 22.04 17.69 16.65 23.49 19.35 16.45 23.29 15.08 14.04 16.12 15.5 14.46 17.58 16.33 14.88 18.62 16.96 15.08 19.67 19.04 16.54 21.12 20.92 18.0 21.54 22.37 18.62 15.0 18.53 18.73 15.2 18.32 17.7 14.79 18.11 19.36 15.83 20.19 20.81 16.87 20.19 22.89 18.53 19.98 24.13 19.36 18.94
0.0 17.69 14.17 14.79 18.31 14.58 16.03 19.14 14.99 15.62 19.76 16.03 16.65 22.04 17.69 16.65 23.49 19.35 16.45 23.29 19.97 14.04 16.12 15.5 14.46 17.58 16.33 14.88 18.62 16.96 15.08 19.67 19.04 16.54 21.12 20.92 18.0 21.54 22.37 18.62 20.5 18.53 18.73 15.2 18.32 17.7 14.79 18.11 19.36 15.83 20.19 20.81 16.87 20.19 22.89 18.53 19.98 24.13 19.36 18.94 24.13
0.0 14.17 14.79 18.31 14.58 16.03 19.14 14.99 15.62 19.76 16.03 16.65 22.04 17.69 16.65 23.49 19.35 16.45 23.29 19.97 15.82 16.12 15.5 14.46 17.58 16.33 14.88 18.62 16.96 15.08 19.67 19.04 16.54 21.12 20.92 18.0 21.54 22.37 18.62 20.5 23.0 18.73 15.2 18.32 17.7 14.79 18.11 19.36 15.83 20.19 20.81 16.87 20.19 22.89 18.53 19.98 24.13 19.36 18.94 24.13 19.15
0.0 14.79 18.31 14.58 16.03 19.14 14.99 15.62 19.76 16.03 16.65 22.04 17.69 16.65 23.49 19.35 16.45 23.29 19.97 15.82 22.46 15.5 14.46 17.58 16.33 14.88 18.62 16.96 15.08 19.67 19.04 16.54 21.12 20.92 18.0 21.54 22.37 18.62 20.5 23.0 18.83 15.2 18.32 17.7 14.79 18.11 19.36 15.83 20.19 20.81 16.87 20.19 22.89 18.53 19.98 24.13 19.36 18.94 24.13 19.15 16.87
0.0 18.31 14.58 16.03 19.14 14.99 15.62 19.76 16.03 16.65 22.04 17.69 16.65 23.49 19.35 16.45 23.29 19.97 15.82 22.46 19.97 14.46 17.58 16.33 14.88 18.62 16.96 15.08 19.67 19.04 16.54 21.12 20.92 18.0 21.54 22.37 18.62 20.5 23.0 18.83 18.62 18.32 17.7 14.79 18.11 19.36 15.83 20.19 20.81 16.87 20.19 22.89 18.53 19.98 24.13 19.36 18.94 24.13 19.15 16.87 23.09
0.0 14.58 16.03 19.14 14.99 15.62 19.76 16.03 16.65 22.04 17.69 16.65 23.49 19.35 16.45 23.29 19.97 15.82 22.46 19.97 15.62 17.58 16.33 14.88 18.62 16.96 15.08 19.67 19.04 16.54 21.12 20.92 18.0 21.54 22.37 18.62 20.5 23.0 18.83 18.62 23.0 17.7 14.79 18.11 19.36 15.83 20.19 20.81 16.87 20.19 22.89 18.53 19.98 24.13 19.36 18.94 24.13 19.15 16.87 23.09 18.73
0.0 16.03 19.14 14.99 15.62 19.76 16.03 16.65 22.04 17.69 16.65 23.49 19.35 16.45 23.29 19.97 15.82 22.46 19.97 15.62 19.97 16.33 14.88 18.62 16.96 15.08 19.67 19.04 16.54 21.12 20.92 18.0 21.54 22.37 18.62 20.5 23.0 18.83 18.62 23.0 18.62 14.79 18.11 19.36 15.83 20.19 20.81 16.87 20.19 22.89 18.53 19.98 24.13 19.36 18.94 24.13 19.15 16.87 23.09 18.73 15.41
0.0 19.14 14.99 15.62 19.76 16.03 16.65 22.04 17.69 16.65 23.49 19.35 16.45 23.29 19.97 15.82 22.46 19.97 15.62 19.97 19.97 14.88 18.62 16.96 15.08 19.67 19.04 16.54 21.12 20.92 18.0 21.54 22.37 18.62 20.5 23.0 18.83 18.62 23.0 18.62 16.96 18.11 19.36 15.83 20.19 20.81 16.87 20.19 22.89 18.53 19.98 24.13 19.36 18.94 24.13 19.15 16.87 23.09 18.73 15.41 20.81
0.0 14.99 15.62 19.76 16.03 16.65 22.04 17.69 16.65 23.49 19.35 16.45 23.29 19.97 15.82 22.46 19.97 15.62 19.97 19.97 15.41 18.62 16.96 15.08 19.67 19.04 16.54 21.12 20.92 18.0 21.54 22.37 18.62 20.5 23.0 18.83 18.62 23.0 18.62 16.96 22.17 19.36 15.83 20.19 20.81 16.87 20.19 22.89 18.53 19.98 24.13 19.36 18.94 24.13 19.15 16.87 23.09 18.73 15.41 20.81 18.53
0.0 15.62 19.76 16.03 16.65 22.04 17.69 16.65 23.49 19.35 16.45 23.29 19.97 15.82 22.46 19.97 15.62 19.97 19.97 15.41 16.65 16.96 15.08 19.67 19.04 16.54 21.12 20.92 18.0 21.54 22.37 18.62 20.5 23.0 18.83 18.62 23.0 18.62 16.96 22.17 19.25 15.83 20.19 20.81 16.87 20.19 22.89 18.53 19.98 24.13 19.36 18.94 24.13 19.15 16.87 23.09 18.73 15.41 20.81 18.53 15.2
0.0 19.76 16.03 16.65 22.04 17.69 16.65 23.49 19.35 16.45 23.29 19.97 15.82 22.46 19.97 15.62 19.97 19.97 15.41 16.65 19.56 15.08 19.67 19.04 16.54 21.12 20.92 18.0 21.54 22.37 18.62 20.5 23.0 18.83 18.62 23.0 18.62 16.96 22.17 19.25 16.33 20.19 20.81 16.87 20.19 22.89 18.53 19.98 24.13 19.36 18.94 24.13 19.15 16.87 23.09 18.73 15.41 20.81 18.53 15.2 17.49
0.0 16.03 16.65 22.04 17.69 16.65 23.49 19.35 16.45 23.29 19.97 15.82 22.46 19.97 15.62 19.97 19.97 15.41 16.65 19.56 15.62 19.67 19.04 16.54 21.12 20.92 18.0 21.54 22.37 18.62 20.5 23.0 18.83 18.62 23.0 18.62 16.96 22.17 19.25 16.33 14.88 20.81 16.87 20.19 22.89 18.53 19.98 24.13 19.36 18.94 24.13 19.15 16.87 23.09 18.73 15.41 20.81 18.53 15.2 17.49 16.24
0.0 16.65 22.04 17.69 16.65 23.49 19.35 16.45 23.29 19.97 15.82 22.46 19.97 15.62 19.97 19.97 15.41 16.65 19.56 15.62 12.09 19.04 16.54 21.12 20.92 18.0 21.54 22.37 18.62 20.5 23.0 18.83 18.62 23.0 18.62 16.96 22.17 19.25 16.33 14.88 13.42 16.87 20.19 22.89 18.53 19.98 24.13 19.36 18.94 24.13 19.15 16.87 23.09 18.73 15.41 20.81 18.53 15.2 17.49 16.24 13.34
0.0 22.04 17.69 16.65 23.49 19.35 16.45 23.29 19.97 15.82 22.46 19.97 15.62 19.97 19.97 15.41 16.65 19.56 15.62 12.09 9.4 16.54 21.12 20.92 18.0 21.54 22.37 18.62 20.5 23.0 18.83 18.62 23.0 18.62 16.96 22.17 19.25 16.33 14.88 13.42 11.33 20.19 22.89 18.53 19.98 24.13 19.36 18.94 24.13 19.15 16.87 23.09 18.73 15.41 20.81 18.53 15.2 17.49 16.24 13.34 10.84
0.0 17.69 16.65 23.49 19.35 16.45 23.29 19.97 15.82 22.46 19.97 15.62 19.97 19.97 15.41 16.65 19.56 15.62 12.09 9.4 7.53 21.12 20.92 18.0 21.54 22.37 18.62 20.5 23.0 18.83 18.62 23.0 18.62 16.96 22.17 19.25 16.33 14.88 13.42 11.33 9.25 22.89 18.53 19.98 24.13 19.36 18.94 24.13 19.15 16.87 23.09 18.73 15.41 20.81 18.53 15.2 17.49 16.24 13.34 10.84 8.98
0.0 16.65 23.49 19.35 16.45 23.29 19.97 15.82 22.46 19.97 15.62 19.97 19.97 15.41 16.65 19.56 15.62 12.09 9.4 7.53 5.46 20.92 18.0 21.54 22.37 18.62 20.5 23.0 18.83 18.62 23.0 18.62 16.96 22.17 19.25 16.33 14.88 13.42 11.33 9.25 8.0 18.53 19.98 24.13 19.36 18.94 24.13 19.15 16.87 23.09 18.73 15.41 20.81 18.53 15.2 17.49 16.24 13.34 10.84 8.98 7.73
0.0 23.49 19.35 16.45 23.29 19.97 15.82 22.46 19.97 15.62 19.97 19.97 15.41 16.65 19.56 15.62 12.09 9.4 7.53 5.46 3.18 18.0 21.54 22.37 18.62 20.5 23.0 18.83 18.62 23.0 18.62 16.96 22.17 19.25 16.33 14.88 13.42 11.33 9.25 8.0 6.75 19.98 24.13 19.36 18.94 24.13 19.15 16.87 23.09 18.73 15.41 20.81 18.53 15.2 17.49 16.24 13.34 10.84 8.98 7.73 5.45
0.0 19.35 16.45 23.29 19.97 15.82 22.46 19.97 15.62 19.97 19.97 15.41 16.65 19.56 15.62 12.09 9.4 7.53 5.46 3.18 2.56 21.54 22.37 18.62 20.5 23.0 18.83 18.62 23.0 18.62 16.96 22.17 19.25 16.33 14.88 13.42 11.33 9.25 8.0 6.75 4.67 24.13 19.36 18.94 24.13 19.15 16.87 23.09 18.73 15.41 20.81 18.53 15.2 17.49 16.24 13.34 10.84 8.98 7.73 5.45 4.2
0.0 16.45 23.29 19.97 15.82 22.46 19.97 15.62 19.97 19.97 15.41 16.65 19.56 15.62 12.09 9.4 7.53 5.46 3.18 2.56 0.69 22.37 18.62 20.5 23.0 18.83 18.62 23.0 18.62 16.96 22.17 19.25 16.33 14.88 13.42 11.33 9.25 8.0 6.75 4.67 3.63 19.36 18.94 24.13 19.15 16.87 23.09 18.73 15.41 20.81 18.53 15.2 17.49 16.24 13.34 10.84 8.98 7.73 5.45 4.2 3.16
0.0 23.29 19.97 15.82 22.46 19.97 15.62 19.97 19.97 15.41 16.65 19.56 15.62 12.09 9.4 7.53 5.46 3.18 2.56 0.69 -1.17 18.62 20.5 23.0 18.83 18.62 23.0 18.62 16.96 22.17 19.25 16.33 14.88 13.42 11.33 9.25 8.0 6.75 4.67 3.63 2.59 18.94 24.13 19.15 16.87 23.09 18.73 15.41 20.81 18.53 15.2 17.49 16.24 13.34 10.84 8.98 7.73 5.45 4.2 3.16 1.5
0.0 19.97 15.82 22.46 19.97 15.62 19.97 19.97 15.41 16.65 19.56 15.62 12.09 9.4 7.53 5.46 3.18 2.56 0.69 -1.17 -2.0 20.5 23.0 18.83 18.62 23.0 18.62 16.96 22.17 19.25 16.33 14.88 13.42 11.33 9.25 8.0 6.75 4.67 3.63 2.59 0.5 24.13 19.15 16.87 23.09 18.73 15.41 20.81 18.53 15.2 17.49 16.24 13.34 10.84 8.98 7.73 5.45 4.2 3.16 1.5 -0.16
0.0 15.82 22.46 19.97 15.62 19.97 19.97 15.41 16.65 19.56 15.62 12.09 9.4 7.53 5.46 3.18 2.56 0.69 -1.17 -2.0 -3.25 23.0 18.83 18.62 23.0 18.62 16.96 22.17 19.25 16.33 14.88 13.42 11.33 9.25 8.0 6.75 4.67 3.63 2.59 0.5 -0.54 19.15 16.87 23.09 18.73 15.41 20.81 18.53 15.2 17.49 16.24 13.34 10.84 8.98 7.73 5.45 4.2 3.16 1.5 -0.16 -0.37
0.0 22.46 19.97 15.62 19.97 19.97 15.41 16.65 19.56 15.62 12.09 9.4 7.53 5.46 3.18 2.56 0.69 -1.17 -2.0 -3.25 -5.11 18.83 18.62 23.0 18.62 16.96 22.17 19.25 16.33 14.88 13.42 11.33 9.25 8.0 6.75 4.67 3.63 2.59 0.5 -0.54 -1.16 16.87 23.09 18.73 15.41 20.81 18.53 15.2 17.49 16.24 13.34 10.84 8.98 7.73 5.45 4.2 3.16 1.5 -0.16 -0.37 -2.03
0.0 19.97 15.62 19.97 19.97 15.41 16.65 19.56 15.62 12.09 9.4 7.53 5.46 3.18 2.56 0.69 -1.17 -2.0 -3.25 -5.11 -5.32 18.62 23.0 18.62 16.96 22.17 19.25 16.33 14.88 13.42 11.33 9.25 8.0 6.75 4.67 3.63 2.59 0.5 -0.54 -1.16 -2.83 23.09 18.73 15.41 20.81 18.53 15.2 17.49 16.24 13.34 10.84 8.98 7.73 5.45 4.2 3.16 1.5 -0.16 -0.37 -2.03 -3.48
0.0 15.62 19.97 19.97 15.41 16.65 19.56 15.62 12.09 9.4 7.53 5.46 3.18 2.56 0.69 -1.17 -2.0 -3.25 -5.11 -5.32 -5.94 23.0 18.62 16.96 22.17 19.25 16.33 14.88 13.42 11.33 9.25 8.0 6.75 4.67 3.63 2.59 0.5 -0.54 -1.16 -2.83 -4.08 18.73 15.41 20.81 18.53 15.2 17.49 16.24 13.34 10.84 8.98 7.73 5.45 4.2 3.16 1.5 -0.16 -0.37 -2.03 -3.48 -3.27
0.0 19.97 19.97 15.41 16.65 19.56 15.62 12.09 9.4 7.53 5.46 3.18 2.56 0.69 -1.17 -2.0 -3.25 -5.11 -5.32 -5.94 -7.6 18.62 16.96 22.17 19.25 16.33 14.88 13.42 11.33 9.25 8.0 6.75 4.67 3.63 2.59 0.5 -0.54 -1.16 -2.83 -4.08 -3.87 15.41 20.81 18.53 15.2 17.49 16.24 13.34 10.84 8.98 7.73 5.45 4.2 3.16 1.5 -0.16 -0.37 -2.03 -3.48 -3.27 -4.52
0.0 19.97 15.41 16.65 19.56 15.62 12.09 9.4 7.53 5.46 3.18 2.56 0.69 -1.17 -2.0 -3.25 -5.11 -5.32 -5.94 -7.6 -7.81 16.96 22.17 19.25 16.33 14.88 13.42 11.33 9.25 8.0 6.75 4.67 3.63 2.59 0.5 -0.54 -1.16 -2.83 -4.08 -3.87 -5.33 20.81 18.53 15.2 17.49 16.24 13.34 10.84 8.98 7.73 5.45 4.2 3.16 1.5 -0.16 -0.37 -2.03 -3.48 -3.27 -4.52 -5.97
0.0 15.41 16.65 19.56 15.62 12.09 9.4 7.53 5.46 3.18 2.56 0.69 -1.17 -2.0 -3.25 -5.11 -5.32 -5.94 -7.6 -7.81 -8.02 22.17 19.25 16.33 14.88 13.42 11.33 9.25 8.0 6.75 4.67 3.63 2.59 0.5 -0.54 -1.16 -2.83 -4.08 -3.87 -5.33 -6.79 18.53 15.2 17.49 16.24 13.34 10.84 8.98 7.73 5.45 4.2 3.16 1.5 -0.16 -0.37 -2.03 -3.48 -3.27 -4.52 -5.97 -5.97
0.0 16.65 19.56 15.62 12.09 9.4 7.53 5.46 3.18 2.56 0.69 -1.17 -2.0 -3.25 -5.11 -5.32 -5.94 -7.6 -7.81 -8.02 -9.67 19.25 16.33 14.88 13.42 11.33 9.25 8.0 6.75 4.67 3.63 2.59 0.5 -0.54 -1.16 -2.83 -4.08 -3.87 -5.33 -6.79 -6.79 15.2 17.49 16.24 13.34 10.84 8.98 7.73 5.45 4.2 3.16 1.5 -0.16 -0.37 -2.03 -3.48 -3.27 -4.52 -5.97 -5.97 -6.59
0.0 19.56 15.62 12.09 9.4 7.53 5.46 3.18 2.56 0.69 -1.17 -2.0 -3.25 -5.11 -5.32 -5.94 -7.6 -7.81 -8.02 -9.67 -10.3 16.33 14.88 13.42 11.33 9.25 8.0 6.75 4.67 3.63 2.59 0.5 -0.54 -1.16 -2.83 -4.08 -3.87 -5.33 -6.79 -6.79 -8.04 17.49 16.24 13.34 10.84 8.98 7.73 5.45 4.2 3.16 1.5 -0.16 -0.37 -2.03 -3.48 -3.27 -4.52 -5.97 -5.97 -6.59 -8.25
0.0 15.62 12.09 9.4 7.53 5.46 3.18 2.56 0.69 -1.17 -2.0 -3.25 -5.11 -5.32 -5.94 -7.6 -7.81 -8.02 -9.67 -10.3 -10.71 14.88 13.42 11.33 9.25 8.0 6.75 4.67 3.63 2.59 0.5 -0.54 -1.16 -2.83 -4.08 -3.87 -5.33 -6.79 -6.79 -8.04 -9.5 16.24 13.34 10.84 8.98 7.73 5.45 4.2 3.16 1.5 -0.16 -0.37 -2.03 -3.48 -3.27 -4.52 -5.97 -5.97 -6.59 -8.25 -8.67
0.0 12.09 9.4 7.53 5.46 3.18 2.56 0.69 -1.17 -2.0 -3.25 -5.11 -5.32 -5.94 -7.6 -7.81 -8.02 -9.67 -10.3 -10.71 -11.95 13.42 11.33 9.25 8.0 6.75 4.67 3.63 2.59 0.5 -0.54 -1.16 -2.83 -4.08 -3.87 -5.33 -6.79 -6.79 -8.04 -9.5 -9.7 13.34 10.84 8.98 7.73 5.45 4.2 3.16 1.5 -0.16 -0.37 -2.03 -3.48 -3.27 -4.52 -5.97 -5.97 -6.59 -8.25 -8.67 -9.5
0.0 9.4 7.53 5.46 3.18 2.56 0.69 -1.17 -2.0 -3.25 -5.11 -5.32 -5.94 -7.6 -7.81 -8.02 -9.67 -10.3 -10.71 -11.95 -12.99 11.33 9.25 8.0 6.75 4.67 3.63 2.59 0.5 -0.54 -1.16 -2.83 -4.08 -3.87 -5.33 -6.79 -6.79 -8.04 -9.5 -9.7 -10.54 10.84 8.98 7.73 5.45 4.2 3.16 1.5 -0.16 -0.37 -2.03 -3.48 -3.27 -4.52 -5.97 -5.97 -6.59 -8.25 -8.67 -9.5 -10.54
0.0 7.53 5.46 3.18 2.56 0.69 -1.17 -2.0 -3.25 -5.11 -5.32 -5.94 -7.6 -7.81 -8.02 -9.67 -10.3 -10.71 -11.95 -12.99 -13.61 9.25 8.0 6.75 4.67 3.63 2.59 0.5 -0.54 -1.16 -2.83 -4.08 -3.87 -5.33 -6.79 -6.79 -8.04 -9.5 -9.7 -10.54 -11.79 8.98 7.73 5.45 4.2 3.16 1.5 -0.16 -0.37 -2.03 -3.48 -3.27 -4.52 -5.97 -5.97 -6.59 -8.25 -8.67 -9.5 -10.54 -11.37
0.0 5.46 3.18 2.56 0.69 -1.17 -2.0 -3.25 -5.11 -5.32 -5.94 -7.6 -7.81 -8.02 -9.67 -10.3 -10.71 -11.95 -12.99 -13.61 -14.65 8.0 6.75 4.67 3.63 2.59 0.5 -0.54 -1.16 -2.83 -4.08 -3.87 -5.33 -6.79 -6.79 -8.04 -9.5 -9.7 -10.54 -11.79 -12.41 7.73 5.45 4.2 3.16 1.5 -0.16 -0.37 -2.03 -3.48 -3.27 -4.52 -5.97 -5.97 -6.59 -8.25 -8.67 -9.5 -10.54 -11.37 -11.99
0.0 3.18 2.56 0.69 -1.17 -2.0 -3.25 -5.11 -5.32 -5.94 -7.6 -7.81 -8.02 -9.67 -10.3 -10.71 -11.95 -12.99 -13.61 -14.65 -15.48 6.75 4.67 3.63 2.59 0.5 -0.54 -1.16 -2.83 -4.08 -3.87 -5.33 -6.79 -6.79 -8.04 -9.5 -9.7 -10.54 -11.79 -12.41 -13.25 5.45 4.2 3.16 1.5 -0.16 -0.37 -2.03 -3.48 -3.27 -4.52 -5.97 -5.97 -6.59 -8.25 -8.67 -9.5 -10.54 -11.37 -11.99 -13.03
0.0 2.56 0.69 -1.17 -2.0 -3.25 -5.11 -5.32 -5.94 -7.6 -7.81 -8.02 -9.67 -10.3 -10.71 -11.95 -12.99 -13.61 -14.65 -15.48 -15.89 4.67 3.63 2.59 0.5 -0.54 -1.16 -2.83 -4.08 -3.87 -5.33 -6.79 -6.79 -8.04 -9.5 -9.7 -10.54 -11.79 -12.41 -13.25 -14.29 4.2 3.16 1.5 -0.16 -0.37 -2.03 -3.48 -3.27 -4.52 -5.97 -5.97 -6.59 -8.25 -8.67 -9.5 -10.54 -11.37 -11.99 -13.03 -13.86
0.0 0.69 -1.17 -2.0 -3.25 -5.11 -5.32 -5.94 -7.6 -7.81 -8.02 -9.67 -10.3 -10.71 -11.95 -12.99 -13.61 -14.65 -15.48 -15.89 -16.93 3.63 2.59 0.5 -0.54 -1.16 -2.83 -4.08 -3.87 -5.33 -6.79 -6.79 -8.04 -9.5 -9.7 -10.54 -11.79 -12.41 -13.25 -14.29 -14.7 3.16 1.5 -0.16 -0.37 -2.03 -3.48 -3.27 -4.52 -5.97 -5.97 -6.59 -8.25 -8.67 -9.5 -10.54 -11.37 -11.99 -13.03 -13.86 -14.27
0.0 -1.17 -2.0 -3.25 -5.11 -5.32 -5.94 -7.6 -7.81 -8.02 -9.67 -10.3 -10.71 -11.95 -12.99 -13.61 -14.65 -15.48 -15.89 -16.93 -17.76 2.59 0.5 -0.54 -1.16 -2.83 -4.08 -3.87 -5.33 -6.79 -6.79 -8.04 -9.5 -9.7 -10.54 -11.79 -12.41 -13.25 -14.29 -14.7 -15.54 1.5 -0.16 -0.37 -2.03 -3.48 -3.27 -4.52 -5.97 -5.97 -6.59 -8.25 -8.67 -9.5 -10.54 -11.37 -11.99 -13.03 -13.86 -14.27 -15.31
0.0 -2.0 -3.25 -5.11 -5.32 -5.94 -7.6 -7.81 -8.02 -9.67 -10.3 -10.71 -11.95 -12.99 -13.61 -14.65 -15.48 -15.89 -16.93 -17.76 -18.38 0.5 -0.54 -1.16 -2.83 -4.08 -3.87 -5.33 -6.79 -6.79 -8.04 -9.5 -9.7 -10.54 -11.79 -12.41 -13.25 -14.29 -14.7 -15.54 -16.37 -0.16 -0.37 -2.03 -3.48 -3.27 -4.52 -5.97 -5.97 -6.59 -8.25 -8.67 -9.5 -10.54 -11.37 -11.99 -13.03 -13.86 -14.27 -15.31 -15.94
0.0 -3.25 -5.11 -5.32 -5.94 -7.6 -7.81 -8.02 -9.67 -10.3 -10.71 -11.95 -12.99 -13.61 -14.65 -15.48 -15.89 -16.93 -17.76 -18.38 -19.21 -0.54 -1.16 -2.83 -4.08 -3.87 -5.33 -6.79 -6.79 -8.04 -9.5 -9.7 -10.54 -11.79 -12.41 -13.25 -14.29 -14.7 -15.54 -16.37 -16.99 -0.37 -2.03 -3.48 -3.27 -4.52 -5.97 -5.97 -6.59 -8.25 -8.67 -9.5 -10.54 -11.37 -11.99 -13.03 -13.86 -14.27 -15.31 -15.94 -16.56
0.0 -5.11 -5.32 -5.94 -7.6 -7.81 -8.02 -9.67 -10.3 -10.71 -11.95 -12.99 -13.61 -14.65 -15.48 -15.89 -16.93 -17.76 -18.38 -19.21 -13.2 -1.16 -2.83 -4.08 -3.87 -5.33 -6.79 -6.79 -8.04 -9.5 -9.7 -10.54 -11.79 -12.41 -13.25 -14.29 -14.7 -15.54 -16.37 -16.99 -17.62 -2.03 -3.48 -3.27 -4.52 -5.97 -5.97 -6.59 -8.25 -8.67 -9.5 -10.54 -11.37 -11.99 -13.03 -13.86 -14.27 -15.31 -15.94 -16.56 -17.18
0.0 -5.32 -5.94 -7.6 -7.81 -8.02 -9.67 -10.3 -10.71 -11.95 -12.99 -13.61 -14.65 -15.48 -15.89 -16.93 -17.76 -18.38 -19.21 -13.2 -11.33 -2.83 -4.08 -3.87 -5.33 -6.79 -6.79 -8.04 -9.5 -9.7 -10.54 -11.79 -12.41 -13.25 -14.29 -14.7 -15.54 -16.37 -16.99 -17.62 -16.99 -3.48 -3.27 -4.52 -5.97 -5.97 -6.59 -8.25 -8.67 -9.5 -10.54 -11.37 -11.99 -13.03 -13.86 -14.27 -15.31 -15.94 -16.56 -17.18 -8.88
0.0 -5.94 -7.6 -7.81 -8.02 -9.67 -10.3 -10.71 -11.95 -12.99 -13.61 -14.65 -15.48 -15.89 -16.93 -17.76 -18.38 -19.21 -13.2 -11.33 -13.61 -4.08 -3.87 -5.33 -6.79 -6.79 -8.04 -9.5 -9.7 -10.54 -11.79 -12.41 -13.25 -14.29 -14.7 -15.54 -16.37 -16.99 -17.62 -16.99 -9.91 -3.27 -4.52 -5.97 -5.97 -6.59 -8.25 -8.67 -9.5 -10.54 -11.37 -11.99 -13.03 -13.86 -14.27 -15.31 -15.94 -16.56 -17.18 -8.88 -9.92
0.0 -7.6 -7.81 -8.02 -9.67 -10.3 -10.71 -11.95 -12.99 -13.61 -14.65 -15.48 -15.89 -16.93 -17.76 -18.38 -19.21 -13.2 -11.33 -13.61 -9.47 -3.87 -5.33 -6.79 -6.79 -8.04 -9.5 -9.7 -10.54 -11.79 -12.41 -13.25 -14.29 -14.7 -15.54 -16.37 -16.99 -17.62 -16.99 -9.91 -11.58 -4.52 -5.97 -5.97 -6.59 -8.25 -8.67 -9.5 -10.54 -11.37 -11.99 -13.03 -13.86 -14.27 -15.31 -15.94 -16.56 -17.18 -8.88 -9.92 -11.99
0.0 -7.81 -8.02 -9.67 -10.3 -10.71 -11.95 -12.99 -13.61 -14.65 -15.48 -15.89 -16.93 -17.76 -18.38 -19.21 -13.2 -11.33 -13.61 -9.47 -5.74 -5.33 -6.79 -6.79 -8.04 -9.5 -9.7 -10.54 -11.79 -12.41 -13.25 -14.29 -14.7 -15.54 -16.37 -16.99 -17.62 -16.99 -9.91 -11.58 -12.62 -5.97 -5.97 -6.59 -8.25 -8.67 -9.5 -10.54 -11.37 -11.99 -13.03 -13.86 -14.27 -15.31 -15.94 -16.56 -17.18 -8.88 -9.92 -11.99 -5.76
0.0 -8.02 -9.67 -10.3 -10.71 -11.95 -12.99 -13.61 -14.65 -15.48 -15.89 -16.93 -17.76 -18.38 -19.21 -13.2 -11.33 -13.61 -9.47 -5.74 -8.84 -6.79 -6.79 -8.04 -9.5 -9.7 -10.54 -11.79 -12.41 -13.25 -14.29 -14.7 -15.54 -16.37 -16.99 -17.62 -16.99 -9.91 -11.58 -12.62 -5.75 -5.97 -6.59 -8.25 -8.67 -9.5 -10.54 -11.37 -11.99 -13.03 -13.86 -14.27 -15.31 -15.94 -16.56 -17.18 -8.88 -9.92 -11.99 -5.76 -5.35
0.0 -9.67 -10.3 -10.71 -11.95 -12.99 -13.61 -14.65 -15.48 -15.89 -16.93 -17.76 -18.38 -19.21 -13.2 -11.33 -13.61 -9.47 -5.74 -8.84 -7.6 -6.79 -8.04 -9.5 -9.7 -10.54 -11.79 -12.41 -13.25 -14.29 -14.7 -15.54 -16.37 -16.99 -17.62 -16.99 -9.91 -11.58 -12.62 -5.75 -7.0 -6.59 -8.25 -8.67 -9.5 -10.54 -11.37 -11.99 -13.03 -13.86 -14.27 -15.31 -15.94 -16.56 -17.18 -8.88 -9.92 -11.99 -5.76 -5.35 -8.46
0.0 -10.3 -10.71 -11.95 -12.99 -13.61 -14.65 -15.48 -15.89 -16.93 -17.76 -18.38 -19.21 -13.2 -11.33 -13.61 -9.47 -5.74 -8.84 -7.6 -1.8 -8.04 -9.5 -9.7 -10.54 -11.79 -12.41 -13.25 -14.29 -14.7 -15.54 -16.37 -16.99 -17.62 -16.99 -9.91 -11.58 -12.62 -5.75 -7.0 -9.29 -8.25 -8.67 -9.5 -10.54 -11.37 -11.99 -13.03 -13.86 -14.27 -15.31 -15.94 -16.56 -17.18 -8.88 -9.92 -11.99 -5.76 -5.35 -8.46 -4.52
0.0 -10.71 -11.95 -12.99 -13.61 -14.65 -15.48 -15.89 -16.93 -17.76 -18.38 -19.21 -13.2 -11.33 -13.61 -9.47 -5.74 -8.84 -7.6 -1.8 -5.32 -9.5 -9.7 -10.54 -11.79 -12.41 -13.25 -14.29 -14.7 -15.54 -16.37 -16.99 -17.62 -16.99 -9.91 -11.58 -12.62 -5.75 -7.0 -9.29 -3.46 -8.67 -9.5 -10.54 -11.37 -11.99 -13.03 -13.86 -14.27 -15.31 -15.94 -16.56 -17.18 -8.88 -9.92 -11.99 -5.76 -5.35 -8.46 -4.52 -2.03
0.0 -11.95 -12.99 -13.61 -14.65 -15.48 -15.89 -16.93 -17.76 -18.38 -19.21 -13.2 -11.33 -13.61 -9.47 -5.74 -8.84 -7.6 -1.8 -5.32 -6.36 -9.7 -10.54 -11.79 -12.41 -13.25 -14.29 -14.7 -15.54 -16.37 -16.99 -17.62 -16.99 -9.91 -11.58 -12.62 -5.75 -7.0 -9.29 -3.46 -3.25 -9.5 -10.54 -11.37 -11.99 -13.03 -13.86 -14.27 -15.31 -15.94 -16.56 -17.18 -8.88 -9.92 -11.99 -5.76 -5.35 -8.46 -4.52 -2.03 -5.56
0.0 -12.99 -13.61 -14.65 -15.48 -15.89 -16.93 -17.76 -18.38 -19.21 -13.2 -11.33 -13.61 -9.47 -5.74 -8.84 -7.6 -1.8 -5.32 -6.36 1.31 -10.54 -11.79 -12.41 -13.25 -14.29 -14.7 -15.54 -16.37 -16.99 -17.62 -16.99 -9.91 -11.58 -12.62 -5.75 -7.0 -9.29 -3.46 -3.25 -5.95 -10.54 -11.37 -11.99 -13.03 -13.86 -14.27 -15.31 -15.94 -16.56 -17.18 -8.88 -9.92 -11.99 -5.76 -5.35 -8.46 -4.52 -2.03 -5.56 -4.1
0.0 -13.61 -14.65 -15.48 -15.89 -16.93 -17.76 -18.38 -19.21 -13.2 -11.33 -13.61 -9.47 -5.74 -8.84 -7.6 -1.8 -5.32 -6.36 1.31 -2.21 -11.79 -12.41 -13.25 -14.29 -14.7 -15.54 -16.37 -16.99 -17.62 -16.99 -9.91 -11.58 -12.62 -5.75 -7.0 -9.29 -3.46 -3.25 -5.95 -2.41 -11.37 -11.99 -13.03 -13.86 -14.27 -15.31 -15.94 -16.56 -17.18 -8.88 -9.92 -11.99 -5.76 -5.35 -8.46 -4.52 -2.03 -5.56 -4.1 0.88
0.0 -14.65 -15.48 -15.89 -16.93 -17.76 -18.38 -19.21 -13.2 -11.33 -13.61 -9.47 -5.74 -8.84 -7.6 -1.8 -5.32 -6.36 1.31 -2.21 -4.49 -12.41 -13.25 -14.29 -14.7 -15.54 -16.37 -16.99 -17.62 -16.99 -9.91 -11.58 -12.62 -5.75 -7.0 -9.29 -3.46 -3.25 -5.95 -2.41 0.5 -11.99 -13.03 -13.86 -14.27 -15.31 -15.94 -16.56 -17.18 -8.88 -9.92 -11.99 -5.76 -5.35 -8.46 -4.52 -2.03 -5.56 -4.1 0.88 -2.86
0.0 -15.48 -15.89 -16.93 -17.76 -18.38 -19.21 -13.2 -11.33 -13.61 -9.47 -5.74 -8.84 -7.6 -1.8 -5.32 -6.36 1.31 -2.21 -4.49 2.76 -13.25 -14.29 -14.7 -15.54 -16.37 -16.99 -17.62 -16.99 -9.91 -11.58 -12.62 -5.75 -7.0 -9.29 -3.46 -3.25 -5.95 -2.41 0.5 -2.83 -13.03 -13.86 -14.27 -15.31 -15.94 -16.56 -17.18 -8.88 -9.92 -11.99 -5.76 -5.35 -8.46 -4.52 -2.03 -5.56 -4.1 0.88 -2.86 -3.89
0.0 -15.89 -16.93 -17.76 -18.38 -19.21 -13.2 -11.33 -13.61 -9.47 -5.74 -8.84 -7.6 -1.8 -5.32 -6.36 1.31 -2.21 -4.49 2.76 1.31 -14.29 -14.7 -15.54 -16.37 -16.99 -17.62 -16.99 -9.91 -11.58 -12.62 -5.75 -7.0 -9.29 -3.46 -3.25 -5.95 -2.41 0.5 -2.83 -1.79 -13.86 -14.27 -15.31 -15.94 -16.56 -17.18 -8.88 -9.92 -11.99 -5.76 -5.35 -8.46 -4.52 -2.03 -5.56 -4.1 0.88 -2.86 -3.89 3.37
0.0 -16.93 -17.76 -18.38 -19.21 -13.2 -11.33 -13.61 -9.47 -5.74 -8.84 -7.6 -1.8 -5.32 -6.36 1.31 -2.21 -4.49 2.76 1.31 -1.59 -14.7 -15.54 -16.37 -16.99 -17.62 -16.99 -9.91 -11.58 -12.62 -5.75 -7.0 -9.29 -3.46 -3.25 -5.95 -2.41 0.5 -2.83 -1.79 4.04 -14.27 -15.31 -15.94 -16.56 -17.18 -8.88 -9.92 -11.99 -5.76 -5.35 -8.46 -4.52 -2.03 -5.56 -4.1 0.88 -2.86 -3.89 3.37 0.05
0.0 -17.76 -18.38 -19.21 -13.2 -11.33 -13.61 -9.47 -5.74 -8.84 -7.6 -1.8 -5.32 -6.36 1.31 -2.21 -4.49 2.76 1.31 -1.59 3.18 -15.54 -16.37 -16.99 -17.62 -16.99 -9.91 -11.58 -12.62 -5.75 -7.0 -9.29 -3.46 -3.25 -5.95 -2.41 0.5 -2.83 -1.79 4.04 0.71 -15.31 -15.94 -16.56 -17.18 -8.88 -9.92 -11.99 -5.76 -5.35 -8.46 -4.52 -2.03 -5.56 -4.1 0.88 -2.86 -3.89 3.37 0.05 -1.82
0.0 -18.38 -19.21 -13.2 -11.33 -13.61 -9.47 -5.74 -8.84 -7.6 -1.8 -5.32 -6.36 1.31 -2.21 -4.49 2.76 1.31 -1.59 3.18 4.01 -16.37 -16.99 -17.62 -16.99 -9.91 -11.58 -12.62 -5.75 -7.0 -9.29 -3.46 -3.25 -5.95 -2.41 0.5 -2.83 -1.79 4.04 0.71 -0.33 -15.94 -16.56 -17.18 -8.88 -9.92 -11.99 -5.76 -5.35 -8.46 -4.52 -2.03 -5.56 -4.1 0.88 -2.86 -3.89 3.37 0.05 -1.82 3.79
