0.0 20.18 20.59 17.07 15.82 19.76 16.65 14.17 19.56 17.07 13.96 12.3 10.64 8.57 6.5 5.46 3.8 1.73 1.11 -0.14 -2.0 20.5 18.0 22.58 20.5 17.37 20.92 21.33 18.0 19.67 21.96 18.42 15.29 13.21 11.33 9.04 7.38 6.33 4.04 2.59 1.96 16.45 20.39 19.56 16.45 18.94 18.73 16.24 15.41 17.7 16.03 13.75 12.3 11.26 9.39 7.52 6.9 5.03 3.16 2.75 1.3
0.0 20.59 17.07 15.82 19.76 16.65 14.17 19.56 17.07 13.96 12.3 10.64 8.57 6.5 5.46 3.8 1.73 1.11 -0.14 -2.0 -2.63 18.0 22.58 20.5 17.37 20.92 21.33 18.0 19.67 21.96 18.42 15.29 13.21 11.33 9.04 7.38 6.33 4.04 2.59 1.96 0.09 20.39 19.56 16.45 18.94 18.73 16.24 15.41 17.7 16.03 13.75 12.3 11.26 9.39 7.52 6.9 5.03 3.16 2.75 1.3 -0.57
0.0 17.07 15.82 19.76 16.65 14.17 19.56 17.07 13.96 12.3 10.64 8.57 6.5 5.46 3.8 1.73 1.11 -0.14 -2.0 -2.63 -3.25 22.58 20.5 17.37 20.92 21.33 18.0 19.67 21.96 18.42 15.29 13.21 11.33 9.04 7.38 6.33 4.04 2.59 1.96 0.09 -1.37 19.56 16.45 18.94 18.73 16.24 15.41 17.7 16.03 13.75 12.3 11.26 9.39 7.52 6.9 5.03 3.16 2.75 1.3 -0.57 -0.78
0.0 15.82 19.76 16.65 14.17 19.56 17.07 13.96 12.3 10.64 8.57 6.5 5.46 3.8 1.73 1.11 -0.14 -2.0 -2.63 -3.25 -5.11 20.5 17.37 20.92 21.33 18.0 19.67 21.96 18.42 15.29 13.21 11.33 9.04 7.38 6.33 4.04 2.59 1.96 0.09 -1.37 -1.58 16.45 18.94 18.73 16.24 15.41 17.7 16.03 13.75 12.3 11.26 9.39 7.52 6.9 5.03 3.16 2.75 1.3 -0.57 -0.78 -1.82
0.0 19.76 16.65 14.17 19.56 17.07 13.96 12.3 10.64 8.57 6.5 5.46 3.8 1.73 1.11 -0.14 -2.0 -2.63 -3.25 -5.11 -5.74 17.37 20.92 21.33 18.0 19.67 21.96 18.42 15.29 13.21 11.33 9.04 7.38 6.33 4.04 2.59 1.96 0.09 -1.37 -1.58 -3.04 18.94 18.73 16.24 15.41 17.7 16.03 13.75 12.3 11.26 9.39 7.52 6.9 5.03 3.16 2.75 1.3 -0.57 -0.78 -1.82 -3.69
0.0 16.65 14.17 19.56 17.07 13.96 12.3 10.64 8.57 6.5 5.46 3.8 1.73 1.11 -0.14 -2.0 -2.63 -3.25 -5.11 -5.74 -5.94 20.92 21.33 18.0 19.67 21.96 18.42 15.29 13.21 11.33 9.04 7.38 6.33 4.04 2.59 1.96 0.09 -1.37 -1.58 -3.04 -4.5 18.73 16.24 15.41 17.7 16.03 13.75 12.3 11.26 9.39 7.52 6.9 5.03 3.16 2.75 1.3 -0.57 -0.78 -1.82 -3.69 -3.89
0.0 14.17 19.56 17.07 13.96 12.3 10.64 8.57 6.5 5.46 3.8 1.73 1.11 -0.14 -2.0 -2.63 -3.25 -5.11 -5.74 -5.94 -7.6 21.33 18.0 19.67 21.96 18.42 15.29 13.21 11.33 9.04 7.38 6.33 4.04 2.59 1.96 0.09 -1.37 -1.58 -3.04 -4.5 -4.91 16.24 15.41 17.7 16.03 13.75 12.3 11.26 9.39 7.52 6.9 5.03 3.16 2.75 1.3 -0.57 -0.78 -1.82 -3.69 -3.89 -4.31
0.0 19.56 17.07 13.96 12.3 10.64 8.57 6.5 5.46 3.8 1.73 1.11 -0.14 -2.0 -2.63 -3.25 -5.11 -5.74 -5.94 -7.6 -8.64 18.0 19.67 21.96 18.42 15.29 13.21 11.33 9.04 7.38 6.33 4.04 2.59 1.96 0.09 -1.37 -1.58 -3.04 -4.5 -4.91 -5.75 15.41 17.7 16.03 13.75 12.3 11.26 9.39 7.52 6.9 5.03 3.16 2.75 1.3 -0.57 -0.78 -1.82 -3.69 -3.89 -4.31 -5.97
0.0 17.07 13.96 12.3 10.64 8.57 6.5 5.46 3.8 1.73 1.11 -0.14 -2.0 -2.63 -3.25 -5.11 -5.74 -5.94 -7.6 -8.64 -8.43 19.67 21.96 18.42 15.29 13.21 11.33 9.04 7.38 6.33 4.04 2.59 1.96 0.09 -1.37 -1.58 -3.04 -4.5 -4.91 -5.75 -7.0 17.7 16.03 13.75 12.3 11.26 9.39 7.52 6.9 5.03 3.16 2.75 1.3 -0.57 -0.78 -1.82 -3.69 -3.89 -4.31 -5.97 -6.39
0.0 13.96 12.3 10.64 8.57 6.5 5.46 3.8 1.73 1.11 -0.14 -2.0 -2.63 -3.25 -5.11 -5.74 -5.94 -7.6 -8.64 -8.43 -9.88 21.96 18.42 15.29 13.21 11.33 9.04 7.38 6.33 4.04 2.59 1.96 0.09 -1.37 -1.58 -3.04 -4.5 -4.91 -5.75 -7.0 -7.62 16.03 13.75 12.3 11.26 9.39 7.52 6.9 5.03 3.16 2.75 1.3 -0.57 -0.78 -1.82 -3.69 -3.89 -4.31 -5.97 -6.39 -7.01
0.0 12.3 10.64 8.57 6.5 5.46 3.8 1.73 1.11 -0.14 -2.0 -2.63 -3.25 -5.11 -5.74 -5.94 -7.6 -8.64 -8.43 -9.88 -10.92 18.42 15.29 13.21 11.33 9.04 7.38 6.33 4.04 2.59 1.96 0.09 -1.37 -1.58 -3.04 -4.5 -4.91 -5.75 -7.0 -7.62 -8.25 13.75 12.3 11.26 9.39 7.52 6.9 5.03 3.16 2.75 1.3 -0.57 -0.78 -1.82 -3.69 -3.89 -4.31 -5.97 -6.39 -7.01 -8.46
0.0 10.64 8.57 6.5 5.46 3.8 1.73 1.11 -0.14 -2.0 -2.63 -3.25 -5.11 -5.74 -5.94 -7.6 -8.64 -8.43 -9.88 -10.92 -10.92 15.29 13.21 11.33 9.04 7.38 6.33 4.04 2.59 1.96 0.09 -1.37 -1.58 -3.04 -4.5 -4.91 -5.75 -7.0 -7.62 -8.25 -9.5 12.3 11.26 9.39 7.52 6.9 5.03 3.16 2.75 1.3 -0.57 -0.78 -1.82 -3.69 -3.89 -4.31 -5.97 -6.39 -7.01 -8.46 -9.08
0.0 8.57 6.5 5.46 3.8 1.73 1.11 -0.14 -2.0 -2.63 -3.25 -5.11 -5.74 -5.94 -7.6 -8.64 -8.43 -9.88 -10.92 -10.92 -12.16 13.21 11.33 9.04 7.38 6.33 4.04 2.59 1.96 0.09 -1.37 -1.58 -3.04 -4.5 -4.91 -5.75 -7.0 -7.62 -8.25 -9.5 -10.33 11.26 9.39 7.52 6.9 5.03 3.16 2.75 1.3 -0.57 -0.78 -1.82 -3.69 -3.89 -4.31 -5.97 -6.39 -7.01 -8.46 -9.08 -9.5
0.0 6.5 5.46 3.8 1.73 1.11 -0.14 -2.0 -2.63 -3.25 -5.11 -5.74 -5.94 -7.6 -8.64 -8.43 -9.88 -10.92 -10.92 -12.16 -13.41 11.33 9.04 7.38 6.33 4.04 2.59 1.96 0.09 -1.37 -1.58 -3.04 -4.5 -4.91 -5.75 -7.0 -7.62 -8.25 -9.5 -10.33 -10.75 9.39 7.52 6.9 5.03 3.16 2.75 1.3 -0.57 -0.78 -1.82 -3.69 -3.89 -4.31 -5.97 -6.39 -7.01 -8.46 -9.08 -9.5 -10.75
0.0 5.46 3.8 1.73 1.11 -0.14 -2.0 -2.63 -3.25 -5.11 -5.74 -5.94 -7.6 -8.64 -8.43 -9.88 -10.92 -10.92 -12.16 -13.41 -13.82 9.04 7.38 6.33 4.04 2.59 1.96 0.09 -1.37 -1.58 -3.04 -4.5 -4.91 -5.75 -7.0 -7.62 -8.25 -9.5 -10.33 -10.75 -12.0 7.52 6.9 5.03 3.16 2.75 1.3 -0.57 -0.78 -1.82 -3.69 -3.89 -4.31 -5.97 -6.39 -7.01 -8.46 -9.08 -9.5 -10.75 -11.58
0.0 3.8 1.73 1.11 -0.14 -2.0 -2.63 -3.25 -5.11 -5.74 -5.94 -7.6 -8.64 -8.43 -9.88 -10.92 -10.92 -12.16 -13.41 -13.82 -14.86 7.38 6.33 4.04 2.59 1.96 0.09 -1.37 -1.58 -3.04 -4.5 -4.91 -5.75 -7.0 -7.62 -8.25 -9.5 -10.33 -10.75 -12.0 -12.62 6.9 5.03 3.16 2.75 1.3 -0.57 -0.78 -1.82 -3.69 -3.89 -4.31 -5.97 -6.39 -7.01 -8.46 -9.08 -9.5 -10.75 -11.58 -12.2
0.0 1.73 1.11 -0.14 -2.0 -2.63 -3.25 -5.11 -5.74 -5.94 -7.6 -8.64 -8.43 -9.88 -10.92 -10.92 -12.16 -13.41 -13.82 -14.86 -15.69 6.33 4.04 2.59 1.96 0.09 -1.37 -1.58 -3.04 -4.5 -4.91 -5.75 -7.0 -7.62 -8.25 -9.5 -10.33 -10.75 -12.0 -12.62 -13.45 5.03 3.16 2.75 1.3 -0.57 -0.78 -1.82 -3.69 -3.89 -4.31 -5.97 -6.39 -7.01 -8.46 -9.08 -9.5 -10.75 -11.58 -12.2 -13.24
0.0 1.11 -0.14 -2.0 -2.63 -3.25 -5.11 -5.74 -5.94 -7.6 -8.64 -8.43 -9.88 -10.92 -10.92 -12.16 -13.41 -13.82 -14.86 -15.69 -16.31 4.04 2.59 1.96 0.09 -1.37 -1.58 -3.04 -4.5 -4.91 -5.75 -7.0 -7.62 -8.25 -9.5 -10.33 -10.75 -12.0 -12.62 -13.45 -14.29 3.16 2.75 1.3 -0.57 -0.78 -1.82 -3.69 -3.89 -4.31 -5.97 -6.39 -7.01 -8.46 -9.08 -9.5 -10.75 -11.58 -12.2 -13.24 -14.07
0.0 -0.14 -2.0 -2.63 -3.25 -5.11 -5.74 -5.94 -7.6 -8.64 -8.43 -9.88 -10.92 -10.92 -12.16 -13.41 -13.82 -14.86 -15.69 -16.31 -17.14 2.59 1.96 0.09 -1.37 -1.58 -3.04 -4.5 -4.91 -5.75 -7.0 -7.62 -8.25 -9.5 -10.33 -10.75 -12.0 -12.62 -13.45 -14.29 -14.91 2.75 1.3 -0.57 -0.78 -1.82 -3.69 -3.89 -4.31 -5.97 -6.39 -7.01 -8.46 -9.08 -9.5 -10.75 -11.58 -12.2 -13.24 -14.07 -14.48
0.0 -2.0 -2.63 -3.25 -5.11 -5.74 -5.94 -7.6 -8.64 -8.43 -9.88 -10.92 -10.92 -12.16 -13.41 -13.82 -14.86 -15.69 -16.31 -17.14 -17.76 1.96 0.09 -1.37 -1.58 -3.04 -4.5 -4.91 -5.75 -7.0 -7.62 -8.25 -9.5 -10.33 -10.75 -12.0 -12.62 -13.45 -14.29 -14.91 -15.75 1.3 -0.57 -0.78 -1.82 -3.69 -3.89 -4.31 -5.97 -6.39 -7.01 -8.46 -9.08 -9.5 -10.75 -11.58 -12.2 -13.24 -14.07 -14.48 -15.31
0.0 -2.63 -3.25 -5.11 -5.74 -5.94 -7.6 -8.64 -8.43 -9.88 -10.92 -10.92 -12.16 -13.41 -13.82 -14.86 -15.69 -16.31 -17.14 -17.76 -18.59 0.09 -1.37 -1.58 -3.04 -4.5 -4.91 -5.75 -7.0 -7.62 -8.25 -9.5 -10.33 -10.75 -12.0 -12.62 -13.45 -14.29 -14.91 -15.75 -16.37 -0.57 -0.78 -1.82 -3.69 -3.89 -4.31 -5.97 -6.39 -7.01 -8.46 -9.08 -9.5 -10.75 -11.58 -12.2 -13.24 -14.07 -14.48 -15.31 -16.14
0.0 -3.25 -5.11 -5.74 -5.94 -7.6 -8.64 -8.43 -9.88 -10.92 -10.92 -12.16 -13.41 -13.82 -14.86 -15.69 -16.31 -17.14 -17.76 -18.59 -19.0 -1.37 -1.58 -3.04 -4.5 -4.91 -5.75 -7.0 -7.62 -8.25 -9.5 -10.33 -10.75 -12.0 -12.62 -13.45 -14.29 -14.91 -15.75 -16.37 -12.2 -0.78 -1.82 -3.69 -3.89 -4.31 -5.97 -6.39 -7.01 -8.46 -9.08 -9.5 -10.75 -11.58 -12.2 -13.24 -14.07 -14.48 -15.31 -16.14 -15.52
0.0 -5.11 -5.74 -5.94 -7.6 -8.64 -8.43 -9.88 -10.92 -10.92 -12.16 -13.41 -13.82 -14.86 -15.69 -16.31 -17.14 -17.76 -18.59 -19.0 -15.06 -1.58 -3.04 -4.5 -4.91 -5.75 -7.0 -7.62 -8.25 -9.5 -10.33 -10.75 -12.0 -12.62 -13.45 -14.29 -14.91 -15.75 -16.37 -12.2 -12.83 -1.82 -3.69 -3.89 -4.31 -5.97 -6.39 -7.01 -8.46 -9.08 -9.5 -10.75 -11.58 -12.2 -13.24 -14.07 -14.48 -15.31 -16.14 -15.52 -15.94
0.0 -5.74 -5.94 -7.6 -8.64 -8.43 -9.88 -10.92 -10.92 -12.16 -13.41 -13.82 -14.86 -15.69 -16.31 -17.14 -17.76 -18.59 -19.0 -15.06 -9.26 -3.04 -4.5 -4.91 -5.75 -7.0 -7.62 -8.25 -9.5 -10.33 -10.75 -12.0 -12.62 -13.45 -14.29 -14.91 -15.75 -16.37 -12.2 -12.83 -14.08 -3.69 -3.89 -4.31 -5.97 -6.39 -7.01 -8.46 -9.08 -9.5 -10.75 -11.58 -12.2 -13.24 -14.07 -14.48 -15.31 -16.14 -15.52 -15.94 -9.92
0.0 -5.94 -7.6 -8.64 -8.43 -9.88 -10.92 -10.92 -12.16 -13.41 -13.82 -14.86 -15.69 -16.31 -17.14 -17.76 -18.59 -19.0 -15.06 -9.26 -11.75 -4.5 -4.91 -5.75 -7.0 -7.62 -8.25 -9.5 -10.33 -10.75 -12.0 -12.62 -13.45 -14.29 -14.91 -15.75 -16.37 -12.2 -12.83 -14.08 -7.83 -3.89 -4.31 -5.97 -6.39 -7.01 -8.46 -9.08 -9.5 -10.75 -11.58 -12.2 -13.24 -14.07 -14.48 -15.31 -16.14 -15.52 -15.94 -9.92 -7.42
0.0 -7.6 -8.64 -8.43 -9.88 -10.92 -10.92 -12.16 -13.41 -13.82 -14.86 -15.69 -16.31 -17.14 -17.76 -18.59 -19.0 -15.06 -9.26 -11.75 -11.13 -4.91 -5.75 -7.0 -7.62 -8.25 -9.5 -10.33 -10.75 -12.0 -12.62 -13.45 -14.29 -14.91 -15.75 -16.37 -12.2 -12.83 -14.08 -7.83 -8.25 -4.31 -5.97 -6.39 -7.01 -8.46 -9.08 -9.5 -10.75 -11.58 -12.2 -13.24 -14.07 -14.48 -15.31 -16.14 -15.52 -15.94 -9.92 -7.42 -10.12
0.0 -8.64 -8.43 -9.88 -10.92 -10.92 -12.16 -13.41 -13.82 -14.86 -15.69 -16.31 -17.14 -17.76 -18.59 -19.0 -15.06 -9.26 -11.75 -11.13 -3.66 -5.75 -7.0 -7.62 -8.25 -9.5 -10.33 -10.75 -12.0 -12.62 -13.45 -14.29 -14.91 -15.75 -16.37 -12.2 -12.83 -14.08 -7.83 -8.25 -10.33 -5.97 -6.39 -7.01 -8.46 -9.08 -9.5 -10.75 -11.58 -12.2 -13.24 -14.07 -14.48 -15.31 -16.14 -15.52 -15.94 -9.92 -7.42 -10.12 -6.8
0.0 -8.43 -9.88 -10.92 -10.92 -12.16 -13.41 -13.82 -14.86 -15.69 -16.31 -17.14 -17.76 -18.59 -19.0 -15.06 -9.26 -11.75 -11.13 -3.66 -6.56 -7.0 -7.62 -8.25 -9.5 -10.33 -10.75 -12.0 -12.62 -13.45 -14.29 -14.91 -15.75 -16.37 -12.2 -12.83 -14.08 -7.83 -8.25 -10.33 -5.33 -6.39 -7.01 -8.46 -9.08 -9.5 -10.75 -11.58 -12.2 -13.24 -14.07 -14.48 -15.31 -16.14 -15.52 -15.94 -9.92 -7.42 -10.12 -6.8 -2.44
0.0 -9.88 -10.92 -10.92 -12.16 -13.41 -13.82 -14.86 -15.69 -16.31 -17.14 -17.76 -18.59 -19.0 -15.06 -9.26 -11.75 -11.13 -3.66 -6.56 -8.43 -7.62 -8.25 -9.5 -10.33 -10.75 -12.0 -12.62 -13.45 -14.29 -14.91 -15.75 -16.37 -12.2 -12.83 -14.08 -7.83 -8.25 -10.33 -5.33 -3.87 -7.01 -8.46 -9.08 -9.5 -10.75 -11.58 -12.2 -13.24 -14.07 -14.48 -15.31 -16.14 -15.52 -15.94 -9.92 -7.42 -10.12 -6.8 -2.44 -6.18
0.0 -10.92 -10.92 -12.16 -13.41 -13.82 -14.86 -15.69 -16.31 -17.14 -17.76 -18.59 -19.0 -15.06 -9.26 -11.75 -11.13 -3.66 -6.56 -8.43 -0.35 -8.25 -9.5 -10.33 -10.75 -12.0 -12.62 -13.45 -14.29 -14.91 -15.75 -16.37 -12.2 -12.83 -14.08 -7.83 -8.25 -10.33 -5.33 -3.87 -6.58 -8.46 -9.08 -9.5 -10.75 -11.58 -12.2 -13.24 -14.07 -14.48 -15.31 -16.14 -15.52 -15.94 -9.92 -7.42 -10.12 -6.8 -2.44 -6.18 -6.18
0.0 -10.92 -12.16 -13.41 -13.82 -14.86 -15.69 -16.31 -17.14 -17.76 -18.59 -19.0 -15.06 -9.26 -11.75 -11.13 -3.66 -6.56 -8.43 -0.35 -2.42 -9.5 -10.33 -10.75 -12.0 -12.62 -13.45 -14.29 -14.91 -15.75 -16.37 -12.2 -12.83 -14.08 -7.83 -8.25 -10.33 -5.33 -3.87 -6.58 -4.71 -9.08 -9.5 -10.75 -11.58 -12.2 -13.24 -14.07 -14.48 -15.31 -16.14 -15.52 -15.94 -9.92 -7.42 -10.12 -6.8 -2.44 -6.18 -6.18 0.46
0.0 -12.16 -13.41 -13.82 -14.86 -15.69 -16.31 -17.14 -17.76 -18.59 -19.0 -15.06 -9.26 -11.75 -11.13 -3.66 -6.56 -8.43 -0.35 -2.42 -5.53 -10.33 -10.75 -12.0 -12.62 -13.45 -14.29 -14.91 -15.75 -16.37 -12.2 -12.83 -14.08 -7.83 -8.25 -10.33 -5.33 -3.87 -6.58 -4.71 0.09 -9.5 -10.75 -11.58 -12.2 -13.24 -14.07 -14.48 -15.31 -16.14 -15.52 -15.94 -9.92 -7.42 -10.12 -6.8 -2.44 -6.18 -6.18 0.46 -3.27
0.0 -13.41 -13.82 -14.86 -15.69 -16.31 -17.14 -17.76 -18.59 -19.0 -15.06 -9.26 -11.75 -11.13 -3.66 -6.56 -8.43 -0.35 -2.42 -5.53 0.48 -10.75 -12.0 -12.62 -13.45 -14.29 -14.91 -15.75 -16.37 -12.2 -12.83 -14.08 -7.83 -8.25 -10.33 -5.33 -3.87 -6.58 -4.71 0.09 -3.46 -10.75 -11.58 -12.2 -13.24 -14.07 -14.48 -15.31 -16.14 -15.52 -15.94 -9.92 -7.42 -10.12 -6.8 -2.44 -6.18 -6.18 0.46 -3.27 -5.56
0.0 -13.82 -14.86 -15.69 -16.31 -17.14 -17.76 -18.59 -19.0 -15.06 -9.26 -11.75 -11.13 -3.66 -6.56 -8.43 -0.35 -2.42 -5.53 0.48 0.69 -12.0 -12.62 -13.45 -14.29 -14.91 -15.75 -16.37 -12.2 -12.83 -14.08 -7.83 -8.25 -10.33 -5.33 -3.87 -6.58 -4.71 0.09 -3.46 -4.08 -11.58 -12.2 -13.24 -14.07 -14.48 -15.31 -16.14 -15.52 -15.94 -9.92 -7.42 -10.12 -6.8 -2.44 -6.18 -6.18 0.46 -3.27 -5.56 1.5
0.0 -14.86 -15.69 -16.31 -17.14 -17.76 -18.59 -19.0 -15.06 -9.26 -11.75 -11.13 -3.66 -6.56 -8.43 -0.35 -2.42 -5.53 0.48 0.69 -2.83 -12.62 -13.45 -14.29 -14.91 -15.75 -16.37 -12.2 -12.83 -14.08 -7.83 -8.25 -10.33 -5.33 -3.87 -6.58 -4.71 0.09 -3.46 -4.08 2.59 -12.2 -13.24 -14.07 -14.48 -15.31 -16.14 -15.52 -15.94 -9.92 -7.42 -10.12 -6.8 -2.44 -6.18 -6.18 0.46 -3.27 -5.56 1.5 -0.57
0.0 -15.69 -16.31 -17.14 -17.76 -18.59 -19.0 -15.06 -9.26 -11.75 -11.13 -3.66 -6.56 -8.43 -0.35 -2.42 -5.53 0.48 0.69 -2.83 -0.14 -13.45 -14.29 -14.91 -15.75 -16.37 -12.2 -12.83 -14.08 -7.83 -8.25 -10.33 -5.33 -3.87 -6.58 -4.71 0.09 -3.46 -4.08 2.59 -0.12 -13.24 -14.07 -14.48 -15.31 -16.14 -15.52 -15.94 -9.92 -7.42 -10.12 -6.8 -2.44 -6.18 -6.18 0.46 -3.27 -5.56 1.5 -0.57 -3.27
0.0 -16.31 -17.14 -17.76 -18.59 -19.0 -15.06 -9.26 -11.75 -11.13 -3.66 -6.56 -8.43 -0.35 -2.42 -5.53 0.48 0.69 -2.83 -0.14 3.18 -14.29 -14.91 -15.75 -16.37 -12.2 -12.83 -14.08 -7.83 -8.25 -10.33 -5.33 -3.87 -6.58 -4.71 0.09 -3.46 -4.08 2.59 -0.12 -2.21 -14.07 -14.48 -15.31 -16.14 -15.52 -15.94 -9.92 -7.42 -10.12 -6.8 -2.44 -6.18 -6.18 0.46 -3.27 -5.56 1.5 -0.57 -3.27 0.46
0.0 -17.14 -17.76 -18.59 -19.0 -15.06 -9.26 -11.75 -11.13 -3.66 -6.56 -8.43 -0.35 -2.42 -5.53 0.48 0.69 -2.83 -0.14 3.18 -0.35 -14.91 -15.75 -16.37 -12.2 -12.83 -14.08 -7.83 -8.25 -10.33 -5.33 -3.87 -6.58 -4.71 0.09 -3.46 -4.08 2.59 -0.12 -2.21 3.0 -14.48 -15.31 -16.14 -15.52 -15.94 -9.92 -7.42 -10.12 -6.8 -2.44 -6.18 -6.18 0.46 -3.27 -5.56 1.5 -0.57 -3.27 0.46 2.13
0.0 -17.76 -18.59 -19.0 -15.06 -9.26 -11.75 -11.13 -3.66 -6.56 -8.43 -0.35 -2.42 -5.53 0.48 0.69 -2.83 -0.14 3.18 -0.35 -1.17 -15.75 -16.37 -12.2 -12.83 -14.08 -7.83 -8.25 -10.33 -5.33 -3.87 -6.58 -4.71 0.09 -3.46 -4.08 2.59 -0.12 -2.21 3.0 3.63 -15.31 -16.14 -15.52 -15.94 -9.92 -7.42 -10.12 -6.8 -2.44 -6.18 -6.18 0.46 -3.27 -5.56 1.5 -0.57 -3.27 0.46 2.13 -0.57
0.0 -18.59 -19.0 -15.06 -9.26 -11.75 -11.13 -3.66 -6.56 -8.43 -0.35 -2.42 -5.53 0.48 0.69 -2.83 -0.14 3.18 -0.35 -1.17 4.42 -16.37 -12.2 -12.83 -14.08 -7.83 -8.25 -10.33 -5.33 -3.87 -6.58 -4.71 0.09 -3.46 -4.08 2.59 -0.12 -2.21 3.0 3.63 0.92 -16.14 -15.52 -15.94 -9.92 -7.42 -10.12 -6.8 -2.44 -6.18 -6.18 0.46 -3.27 -5.56 1.5 -0.57 -3.27 0.46 2.13 -0.57 -0.37
0.0 -19.0 -15.06 -9.26 -11.75 -11.13 -3.66 -6.56 -8.43 -0.35 -2.42 -5.53 0.48 0.69 -2.83 -0.14 3.18 -0.35 -1.17 4.42 1.73 -12.2 -12.83 -14.08 -7.83 -8.25 -10.33 -5.33 -3.87 -6.58 -4.71 0.09 -3.46 -4.08 2.59 -0.12 -2.21 3.0 3.63 0.92 3.21 -15.52 -15.94 -9.92 -7.42 -10.12 -6.8 -2.44 -6.18 -6.18 0.46 -3.27 -5.56 1.5 -0.57 -3.27 0.46 2.13 -0.57 -0.37 4.41
0.0 -15.06 -9.26 -11.75 -11.13 -3.66 -6.56 -8.43 -0.35 -2.42 -5.53 0.48 0.69 -2.83 -0.14 3.18 -0.35 -1.17 4.42 1.73 0.28 -12.83 -14.08 -7.83 -8.25 -10.33 -5.33 -3.87 -6.58 -4.71 0.09 -3.46 -4.08 2.59 -0.12 -2.21 3.0 3.63 0.92 3.21 6.75 -15.94 -9.92 -7.42 -10.12 -6.8 -2.44 -6.18 -6.18 0.46 -3.27 -5.56 1.5 -0.57 -3.27 0.46 2.13 -0.57 -0.37 4.41 1.92
0.0 -9.26 -11.75 -11.13 -3.66 -6.56 -8.43 -0.35 -2.42 -5.53 0.48 0.69 -2.83 -0.14 3.18 -0.35 -1.17 4.42 1.73 0.28 3.8 -14.08 -7.83 -8.25 -10.33 -5.33 -3.87 -6.58 -4.71 0.09 -3.46 -4.08 2.59 -0.12 -2.21 3.0 3.63 0.92 3.21 6.75 4.67 -9.92 -7.42 -10.12 -6.8 -2.44 -6.18 -6.18 0.46 -3.27 -5.56 1.5 -0.57 -3.27 0.46 2.13 -0.57 -0.37 4.41 1.92 1.92
0.0 -11.75 -11.13 -3.66 -6.56 -8.43 -0.35 -2.42 -5.53 0.48 0.69 -2.83 -0.14 3.18 -0.35 -1.17 4.42 1.73 0.28 3.8 5.87 -7.83 -8.25 -10.33 -5.33 -3.87 -6.58 -4.71 0.09 -3.46 -4.08 2.59 -0.12 -2.21 3.0 3.63 0.92 3.21 6.75 4.67 4.67 -7.42 -10.12 -6.8 -2.44 -6.18 -6.18 0.46 -3.27 -5.56 1.5 -0.57 -3.27 0.46 2.13 -0.57 -0.37 4.41 1.92 1.92 4.62
0.0 -11.13 -3.66 -6.56 -8.43 -0.35 -2.42 -5.53 0.48 0.69 -2.83 -0.14 3.18 -0.35 -1.17 4.42 1.73 0.28 3.8 5.87 3.8 -8.25 -10.33 -5.33 -3.87 -6.58 -4.71 0.09 -3.46 -4.08 2.59 -0.12 -2.21 3.0 3.63 0.92 3.21 6.75 4.67 4.67 9.25 -10.12 -6.8 -2.44 -6.18 -6.18 0.46 -3.27 -5.56 1.5 -0.57 -3.27 0.46 2.13 -0.57 -0.37 4.41 1.92 1.92 4.62 6.9
0.0 -3.66 -6.56 -8.43 -0.35 -2.42 -5.53 0.48 0.69 -2.83 -0.14 3.18 -0.35 -1.17 4.42 1.73 0.28 3.8 5.87 3.8 4.84 -10.33 -5.33 -3.87 -6.58 -4.71 0.09 -3.46 -4.08 2.59 -0.12 -2.21 3.0 3.63 0.92 3.21 6.75 4.67 4.67 9.25 9.67 -6.8 -2.44 -6.18 -6.18 0.46 -3.27 -5.56 1.5 -0.57 -3.27 0.46 2.13 -0.57 -0.37 4.41 1.92 1.92 4.62 6.9 5.65
0.0 -6.56 -8.43 -0.35 -2.42 -5.53 0.48 0.69 -2.83 -0.14 3.18 -0.35 -1.17 4.42 1.73 0.28 3.8 5.87 3.8 4.84 9.4 -5.33 -3.87 -6.58 -4.71 0.09 -3.46 -4.08 2.59 -0.12 -2.21 3.0 3.63 0.92 3.21 6.75 4.67 4.67 9.25 9.67 8.21 -2.44 -6.18 -6.18 0.46 -3.27 -5.56 1.5 -0.57 -3.27 0.46 2.13 -0.57 -0.37 4.41 1.92 1.92 4.62 6.9 5.65 7.32
0.0 -8.43 -0.35 -2.42 -5.53 0.48 0.69 -2.83 -0.14 3.18 -0.35 -1.17 4.42 1.73 0.28 3.8 5.87 3.8 4.84 9.4 9.4 -3.87 -6.58 -4.71 0.09 -3.46 -4.08 2.59 -0.12 -2.21 3.0 3.63 0.92 3.21 6.75 4.67 4.67 9.25 9.67 8.21 9.88 -6.18 -6.18 0.46 -3.27 -5.56 1.5 -0.57 -3.27 0.46 2.13 -0.57 -0.37 4.41 1.92 1.92 4.62 6.9 5.65 7.32 12.09
0.0 -0.35 -2.42 -5.53 0.48 0.69 -2.83 -0.14 3.18 -0.35 -1.17 4.42 1.73 0.28 3.8 5.87 3.8 4.84 9.4 9.4 8.98 -6.58 -4.71 0.09 -3.46 -4.08 2.59 -0.12 -2.21 3.0 3.63 0.92 3.21 6.75 4.67 4.67 9.25 9.67 8.21 9.88 15.29 -6.18 0.46 -3.27 -5.56 1.5 -0.57 -3.27 0.46 2.13 -0.57 -0.37 4.41 1.92 1.92 4.62 6.9 5.65 7.32 12.09 10.01
0.0 -2.42 -5.53 0.48 0.69 -2.83 -0.14 3.18 -0.35 -1.17 4.42 1.73 0.28 3.8 5.87 3.8 4.84 9.4 9.4 8.98 13.13 -4.71 0.09 -3.46 -4.08 2.59 -0.12 -2.21 3.0 3.63 0.92 3.21 6.75 4.67 4.67 9.25 9.67 8.21 9.88 15.29 12.38 0.46 -3.27 -5.56 1.5 -0.57 -3.27 0.46 2.13 -0.57 -0.37 4.41 1.92 1.92 4.62 6.9 5.65 7.32 12.09 10.01 10.01
0.0 -5.53 0.48 0.69 -2.83 -0.14 3.18 -0.35 -1.17 4.42 1.73 0.28 3.8 5.87 3.8 4.84 9.4 9.4 8.98 13.13 14.79 0.09 -3.46 -4.08 2.59 -0.12 -2.21 3.0 3.63 0.92 3.21 6.75 4.67 4.67 9.25 9.67 8.21 9.88 15.29 12.38 12.17 -3.27 -5.56 1.5 -0.57 -3.27 0.46 2.13 -0.57 -0.37 4.41 1.92 1.92 4.62 6.9 5.65 7.32 12.09 10.01 10.01 15.0
0.0 0.48 0.69 -2.83 -0.14 3.18 -0.35 -1.17 4.42 1.73 0.28 3.8 5.87 3.8 4.84 9.4 9.4 8.98 13.13 14.79 12.51 -3.46 -4.08 2.59 -0.12 -2.21 3.0 3.63 0.92 3.21 6.75 4.67 4.67 9.25 9.67 8.21 9.88 15.29 12.38 12.17 17.37 -5.56 1.5 -0.57 -3.27 0.46 2.13 -0.57 -0.37 4.41 1.92 1.92 4.62 6.9 5.65 7.32 12.09 10.01 10.01 15.0 14.37
0.0 0.69 -2.83 -0.14 3.18 -0.35 -1.17 4.42 1.73 0.28 3.8 5.87 3.8 4.84 9.4 9.4 8.98 13.13 14.79 12.51 13.75 -4.08 2.59 -0.12 -2.21 3.0 3.63 0.92 3.21 6.75 4.67 4.67 9.25 9.67 8.21 9.88 15.29 12.38 12.17 17.37 14.67 1.5 -0.57 -3.27 0.46 2.13 -0.57 -0.37 4.41 1.92 1.92 4.62 6.9 5.65 7.32 12.09 10.01 10.01 15.0 14.37 12.51
0.0 -2.83 -0.14 3.18 -0.35 -1.17 4.42 1.73 0.28 3.8 5.87 3.8 4.84 9.4 9.4 8.98 13.13 14.79 12.51 13.75 17.48 2.59 -0.12 -2.21 3.0 3.63 0.92 3.21 6.75 4.67 4.67 9.25 9.67 8.21 9.88 15.29 12.38 12.17 17.37 14.67 13.21 -0.57 -3.27 0.46 2.13 -0.57 -0.37 4.41 1.92 1.92 4.62 6.9 5.65 7.32 12.09 10.01 10.01 15.0 14.37 12.51 16.03
0.0 -0.14 3.18 -0.35 -1.17 4.42 1.73 0.28 3.8 5.87 3.8 4.84 9.4 9.4 8.98 13.13 14.79 12.51 13.75 17.48 13.54 -0.12 -2.21 3.0 3.63 0.92 3.21 6.75 4.67 4.67 9.25 9.67 8.21 9.88 15.29 12.38 12.17 17.37 14.67 13.21 16.12 -3.27 0.46 2.13 -0.57 -0.37 4.41 1.92 1.92 4.62 6.9 5.65 7.32 12.09 10.01 10.01 15.0 14.37 12.51 16.03 16.87
0.0 3.18 -0.35 -1.17 4.42 1.73 0.28 3.8 5.87 3.8 4.84 9.4 9.4 8.98 13.13 14.79 12.51 13.75 17.48 13.54 13.75 -2.21 3.0 3.63 0.92 3.21 6.75 4.67 4.67 9.25 9.67 8.21 9.88 15.29 12.38 12.17 17.37 14.67 13.21 16.12 15.29 0.46 2.13 -0.57 -0.37 4.41 1.92 1.92 4.62 6.9 5.65 7.32 12.09 10.01 10.01 15.0 14.37 12.51 16.03 16.87 13.34
0.0 -0.35 -1.17 4.42 1.73 0.28 3.8 5.87 3.8 4.84 9.4 9.4 8.98 13.13 14.79 12.51 13.75 17.48 13.54 13.75 18.52 3.0 3.63 0.92 3.21 6.75 4.67 4.67 9.25 9.67 8.21 9.88 15.29 12.38 12.17 17.37 14.67 13.21 16.12 15.29 13.42 2.13 -0.57 -0.37 4.41 1.92 1.92 4.62 6.9 5.65 7.32 12.09 10.01 10.01 15.0 14.37 12.51 16.03 16.87 13.34 15.2
0.0 -1.17 4.42 1.73 0.28 3.8 5.87 3.8 4.84 9.4 9.4 8.98 13.13 14.79 12.51 13.75 17.48 13.54 13.75 18.52 14.37 3.63 0.92 3.21 6.75 4.67 4.67 9.25 9.67 8.21 9.88 15.29 12.38 12.17 17.37 14.67 13.21 16.12 15.29 13.42 16.33 -0.57 -0.37 4.41 1.92 1.92 4.62 6.9 5.65 7.32 12.09 10.01 10.01 15.0 14.37 12.51 16.03 16.87 13.34 15.2 17.49
1.0 4.42 1.73 0.28 3.8 5.87 3.8 4.84 9.4 9.4 8.98 13.13 14.79 12.51 13.75 17.48 13.54 13.75 18.52 14.37 40.13 0.92 3.21 6.75 4.67 4.67 9.25 9.67 8.21 9.88 15.29 12.38 12.17 17.37 14.67 13.21 16.12 15.29 13.42 16.33 15.08 -0.37 4.41 1.92 1.92 4.62 6.9 5.65 7.32 12.09 10.01 10.01 15.0 14.37 12.51 16.03 16.87 13.34 15.2 17.49 13.96
1.0 1.73 0.28 3.8 5.87 3.8 4.84 9.4 9.4 8.98 13.13 14.79 12.51 13.75 17.48 13.54 13.75 18.52 14.37 40.13 40.13 3.21 6.75 4.67 4.67 9.25 9.67 8.21 9.88 15.29 12.38 12.17 17.37 14.67 13.21 16.12 15.29 13.42 16.33 15.08 13.63 4.41 1.92 1.92 4.62 6.9 5.65 7.32 12.09 10.01 10.01 15.0 14.37 12.51 16.03 16.87 13.34 15.2 17.49 13.96 16.24
0.0 0.28 3.8 5.87 3.8 4.84 9.4 9.4 8.98 13.13 14.79 12.51 13.75 17.48 13.54 13.75 18.52 14.37 40.13 40.13 15.2 6.75 4.67 4.67 9.25 9.67 8.21 9.88 15.29 12.38 12.17 17.37 14.67 13.21 16.12 15.29 13.42 16.33 15.08 13.63 16.96 1.92 1.92 4.62 6.9 5.65 7.32 12.09 10.01 10.01 15.0 14.37 12.51 16.03 16.87 13.34 15.2 17.49 13.96 16.24 18.32
0.0 3.8 5.87 3.8 4.84 9.4 9.4 8.98 13.13 14.79 12.51 13.75 17.48 13.54 13.75 18.52 14.37 40.13 40.13 15.2 14.37 4.67 4.67 9.25 9.67 8.21 9.88 15.29 12.38 12.17 17.37 14.67 13.21 16.12 15.29 13.42 16.33 15.08 13.63 16.96 16.96 1.92 4.62 6.9 5.65 7.32 12.09 10.01 10.01 15.0 14.37 12.51 16.03 16.87 13.34 15.2 17.49 13.96 16.24 18.32 15.0
0.0 5.87 3.8 4.84 9.4 9.4 8.98 13.13 14.79 12.51 13.75 17.48 13.54 13.75 18.52 14.37 40.13 40.13 15.2 14.37 19.97 4.67 9.25 9.67 8.21 9.88 15.29 12.38 12.17 17.37 14.67 13.21 16.12 15.29 13.42 16.33 15.08 13.63 16.96 16.96 14.88 4.62 6.9 5.65 7.32 12.09 10.01 10.01 15.0 14.37 12.51 16.03 16.87 13.34 15.2 17.49 13.96 16.24 18.32 15.0 16.87
0.0 3.8 4.84 9.4 9.4 8.98 13.13 14.79 12.51 13.75 17.48 13.54 13.75 18.52 14.37 40.13 40.13 15.2 14.37 19.97 16.65 9.25 9.67 8.21 9.88 15.29 12.38 12.17 17.37 14.67 13.21 16.12 15.29 13.42 16.33 15.08 13.63 16.96 16.96 14.88 17.58 6.9 5.65 7.32 12.09 10.01 10.01 15.0 14.37 12.51 16.03 16.87 13.34 15.2 17.49 13.96 16.24 18.32 15.0 16.87 20.6
0.0 4.84 9.4 9.4 8.98 13.13 14.79 12.51 13.75 17.48 13.54 13.75 18.52 14.37 40.13 40.13 15.2 14.37 19.97 16.65 14.99 9.67 8.21 9.88 15.29 12.38 12.17 17.37 14.67 13.21 16.12 15.29 13.42 16.33 15.08 13.63 16.96 16.96 14.88 17.58 19.46 5.65 7.32 12.09 10.01 10.01 15.0 14.37 12.51 16.03 16.87 13.34 15.2 17.49 13.96 16.24 18.32 15.0 16.87 20.6 16.87
0.0 9.4 9.4 8.98 13.13 14.79 12.51 13.75 17.48 13.54 13.75 18.52 14.37 40.13 40.13 15.2 14.37 19.97 16.65 14.99 21.42 8.21 9.88 15.29 12.38 12.17 17.37 14.67 13.21 16.12 15.29 13.42 16.33 15.08 13.63 16.96 16.96 14.88 17.58 19.46 16.96 7.32 12.09 10.01 10.01 15.0 14.37 12.51 16.03 16.87 13.34 15.2 17.49 13.96 16.24 18.32 15.0 16.87 20.6 16.87 17.07
0.0 9.4 8.98 13.13 14.79 12.51 13.75 17.48 13.54 13.75 18.52 14.37 40.13 40.13 15.2 14.37 19.97 16.65 14.99 21.42 18.73 9.88 15.29 12.38 12.17 17.37 14.67 13.21 16.12 15.29 13.42 16.33 15.08 13.63 16.96 16.96 14.88 17.58 19.46 16.96 18.21 12.09 10.01 10.01 15.0 14.37 12.51 16.03 16.87 13.34 15.2 17.49 13.96 16.24 18.32 15.0 16.87 20.6 16.87 17.07 22.68
0.0 8.98 13.13 14.79 12.51 13.75 17.48 13.54 13.75 18.52 14.37 40.13 40.13 15.2 14.37 19.97 16.65 14.99 21.42 18.73 16.24 15.29 12.38 12.17 17.37 14.67 13.21 16.12 15.29 13.42 16.33 15.08 13.63 16.96 16.96 14.88 17.58 19.46 16.96 18.21 21.96 10.01 10.01 15.0 14.37 12.51 16.03 16.87 13.34 15.2 17.49 13.96 16.24 18.32 15.0 16.87 20.6 16.87 17.07 22.68 18.94
0.0 13.13 14.79 12.51 13.75 17.48 13.54 13.75 18.52 14.37 40.13 40.13 15.2 14.37 19.97 16.65 14.99 21.42 18.73 16.24 22.25 12.38 12.17 17.37 14.67 13.21 16.12 15.29 13.42 16.33 15.08 13.63 16.96 16.96 14.88 17.58 19.46 16.96 18.21 21.96 19.25 10.01 15.0 14.37 12.51 16.03 16.87 13.34 15.2 17.49 13.96 16.24 18.32 15.0 16.87 20.6 16.87 17.07 22.68 18.94 17.07
0.0 14.79 12.51 13.75 17.48 13.54 13.75 18.52 14.37 40.13 40.13 15.2 14.37 19.97 16.65 14.99 21.42 18.73 16.24 22.25 21.42 12.17 17.37 14.67 13.21 16.12 15.29 13.42 16.33 15.08 13.63 16.96 16.96 14.88 17.58 19.46 16.96 18.21 21.96 19.25 19.25 15.0 14.37 12.51 16.03 16.87 13.34 15.2 17.49 13.96 16.24 18.32 15.0 16.87 20.6 16.87 17.07 22.68 18.94 17.07 23.92
0.0 12.51 13.75 17.48 13.54 13.75 18.52 14.37 40.13 40.13 15.2 14.37 19.97 16.65 14.99 21.42 18.73 16.24 22.25 21.42 17.9 17.37 14.67 13.21 16.12 15.29 13.42 16.33 15.08 13.63 16.96 16.96 14.88 17.58 19.46 16.96 18.21 21.96 19.25 19.25 24.46 14.37 12.51 16.03 16.87 13.34 15.2 17.49 13.96 16.24 18.32 15.0 16.87 20.6 16.87 17.07 22.68 18.94 17.07 23.92 20.81
0.0 13.75 17.48 13.54 13.75 18.52 14.37 40.13 40.13 15.2 14.37 19.97 16.65 14.99 21.42 18.73 16.24 22.25 21.42 17.9 22.04 14.67 13.21 16.12 15.29 13.42 16.33 15.08 13.63 16.96 16.96 14.88 17.58 19.46 16.96 18.21 21.96 19.25 19.25 24.46 20.92 12.51 16.03 16.87 13.34 15.2 17.49 13.96 16.24 18.32 15.0 16.87 20.6 16.87 17.07 22.68 18.94 17.07 23.92 20.81 17.7
0.0 17.48 13.54 13.75 18.52 14.37 40.13 40.13 15.2 14.37 19.97 16.65 14.99 21.42 18.73 16.24 22.25 21.42 17.9 22.04 23.08 13.21 16.12 15.29 13.42 16.33 15.08 13.63 16.96 16.96 14.88 17.58 19.46 16.96 18.21 21.96 19.25 19.25 24.46 20.92 19.25 16.03 16.87 13.34 15.2 17.49 13.96 16.24 18.32 15.0 16.87 20.6 16.87 17.07 22.68 18.94 17.07 23.92 20.81 17.7 23.51
0.0 13.54 13.75 18.52 14.37 40.13 40.13 15.2 14.37 19.97 16.65 14.99 21.42 18.73 16.24 22.25 21.42 17.9 22.04 23.08 18.73 16.12 15.29 13.42 16.33 15.08 13.63 16.96 16.96 14.88 17.58 19.46 16.96 18.21 21.96 19.25 19.25 24.46 20.92 19.25 25.08 16.87 13.34 15.2 17.49 13.96 16.24 18.32 15.0 16.87 20.6 16.87 17.07 22.68 18.94 17.07 23.92 20.81 17.7 23.51 21.43
0.0 13.75 18.52 14.37 40.13 40.13 15.2 14.37 19.97 16.65 14.99 21.42 18.73 16.24 22.25 21.42 17.9 22.04 23.08 18.73 19.97 15.29 13.42 16.33 15.08 13.63 16.96 16.96 14.88 17.58 19.46 16.96 18.21 21.96 19.25 19.25 24.46 20.92 19.25 25.08 21.75 13.34 15.2 17.49 13.96 16.24 18.32 15.0 16.87 20.6 16.87 17.07 22.68 18.94 17.07 23.92 20.81 17.7 23.51 21.43 18.11
0.0 18.52 14.37 40.13 40.13 15.2 14.37 19.97 16.65 14.99 21.42 18.73 16.24 22.25 21.42 17.9 22.04 23.08 18.73 19.97 23.29 13.42 16.33 15.08 13.63 16.96 16.96 14.88 17.58 19.46 16.96 18.21 21.96 19.25 19.25 24.46 20.92 19.25 25.08 21.75 18.83 15.2 17.49 13.96 16.24 18.32 15.0 16.87 20.6 16.87 17.07 22.68 18.94 17.07 23.92 20.81 17.7 23.51 21.43 18.11 21.02
0.0 14.37 40.13 40.13 15.2 14.37 19.97 16.65 14.99 21.42 18.73 16.24 22.25 21.42 17.9 22.04 23.08 18.73 19.97 23.29 18.93 16.33 15.08 13.63 16.96 16.96 14.88 17.58 19.46 16.96 18.21 21.96 19.25 19.25 24.46 20.92 19.25 25.08 21.75 18.83 23.21 17.49 13.96 16.24 18.32 15.0 16.87 20.6 16.87 17.07 22.68 18.94 17.07 23.92 20.81 17.7 23.51 21.43 18.11 21.02 21.85
0.0 40.13 40.13 15.2 14.37 19.97 16.65 14.99 21.42 18.73 16.24 22.25 21.42 17.9 22.04 23.08 18.73 19.97 23.29 18.93 16.86 15.08 13.63 16.96 16.96 14.88 17.58 19.46 16.96 18.21 21.96 19.25 19.25 24.46 20.92 19.25 25.08 21.75 18.83 23.21 22.17 13.96 16.24 18.32 15.0 16.87 20.6 16.87 17.07 22.68 18.94 17.07 23.92 20.81 17.7 23.51 21.43 18.11 21.02 21.85 17.9
0.0 40.13 15.2 14.37 19.97 16.65 14.99 21.42 18.73 16.24 22.25 21.42 17.9 22.04 23.08 18.73 19.97 23.29 18.93 16.86 22.87 13.63 16.96 16.96 14.88 17.58 19.46 16.96 18.21 21.96 19.25 19.25 24.46 20.92 19.25 25.08 21.75 18.83 23.21 22.17 18.62 16.24 18.32 15.0 16.87 20.6 16.87 17.07 22.68 18.94 17.07 23.92 20.81 17.7 23.51 21.43 18.11 21.02 21.85 17.9 18.32
0.0 15.2 14.37 19.97 16.65 14.99 21.42 18.73 16.24 22.25 21.42 17.9 22.04 23.08 18.73 19.97 23.29 18.93 16.86 22.87 18.93 16.96 16.96 14.88 17.58 19.46 16.96 18.21 21.96 19.25 19.25 24.46 20.92 19.25 25.08 21.75 18.83 23.21 22.17 18.62 21.33 18.32 15.0 16.87 20.6 16.87 17.07 22.68 18.94 17.07 23.92 20.81 17.7 23.51 21.43 18.11 21.02 21.85 17.9 18.32 21.02
0.0 14.37 19.97 16.65 14.99 21.42 18.73 16.24 22.25 21.42 17.9 22.04 23.08 18.73 19.97 23.29 18.93 16.86 22.87 18.93 15.82 16.96 14.88 17.58 19.46 16.96 18.21 21.96 19.25 19.25 24.46 20.92 19.25 25.08 21.75 18.83 23.21 22.17 18.62 21.33 22.17 15.0 16.87 20.6 16.87 17.07 22.68 18.94 17.07 23.92 20.81 17.7 23.51 21.43 18.11 21.02 21.85 17.9 18.32 21.02 17.7
0.0 19.97 16.65 14.99 21.42 18.73 16.24 22.25 21.42 17.9 22.04 23.08 18.73 19.97 23.29 18.93 16.86 22.87 18.93 15.82 19.35 14.88 17.58 19.46 16.96 18.21 21.96 19.25 19.25 24.46 20.92 19.25 25.08 21.75 18.83 23.21 22.17 18.62 21.33 22.17 18.83 16.87 20.6 16.87 17.07 22.68 18.94 17.07 23.92 20.81 17.7 23.51 21.43 18.11 21.02 21.85 17.9 18.32 21.02 17.7 15.2
0.0 16.65 14.99 21.42 18.73 16.24 22.25 21.42 17.9 22.04 23.08 18.73 19.97 23.29 18.93 16.86 22.87 18.93 15.82 19.35 17.48 17.58 19.46 16.96 18.21 21.96 19.25 19.25 24.46 20.92 19.25 25.08 21.75 18.83 23.21 22.17 18.62 21.33 22.17 18.83 18.0 20.6 16.87 17.07 22.68 18.94 17.07 23.92 20.81 17.7 23.51 21.43 18.11 21.02 21.85 17.9 18.32 21.02 17.7 15.2 20.19
