0.0 -7.39 -4.7 -0.35 -4.08 -4.28 2.97 -0.55 -3.04 4.01 2.56 -0.14 2.76 5.04 1.93 1.52 6.08 5.04 3.8 5.46 10.02 -2.21 -4.91 -7.2 -0.75 -1.37 -4.08 -0.33 2.59 -0.54 0.09 5.71 3.21 1.75 6.13 6.75 4.67 6.13 10.29 7.79 7.58 -4.1 -6.8 -2.03 -0.78 -4.31 -2.86 2.33 -1.4 -2.23 4.2 1.92 0.05 2.75 4.62 2.54 3.16 6.28 5.45 5.45 9.18
0.0 -4.7 -0.35 -4.08 -4.28 2.97 -0.55 -3.04 4.01 2.56 -0.14 2.76 5.04 1.93 1.52 6.08 5.04 3.8 5.46 10.02 7.53 -4.91 -7.2 -0.75 -1.37 -4.08 -0.33 2.59 -0.54 0.09 5.71 3.21 1.75 6.13 6.75 4.67 6.13 10.29 7.79 7.58 11.54 -6.8 -2.03 -0.78 -4.31 -2.86 2.33 -1.4 -2.23 4.2 1.92 0.05 2.75 4.62 2.54 3.16 6.28 5.45 5.45 9.18 11.05
0.0 -0.35 -4.08 -4.28 2.97 -0.55 -3.04 4.01 2.56 -0.14 2.76 5.04 1.93 1.52 6.08 5.04 3.8 5.46 10.02 7.53 7.74 -7.2 -0.75 -1.37 -4.08 -0.33 2.59 -0.54 0.09 5.71 3.21 1.75 6.13 6.75 4.67 6.13 10.29 7.79 7.58 11.54 13.0 -2.03 -0.78 -4.31 -2.86 2.33 -1.4 -2.23 4.2 1.92 0.05 2.75 4.62 2.54 3.16 6.28 5.45 5.45 9.18 11.05 9.18
0.0 -4.08 -4.28 2.97 -0.55 -3.04 4.01 2.56 -0.14 2.76 5.04 1.93 1.52 6.08 5.04 3.8 5.46 10.02 7.53 7.74 14.79 -0.75 -1.37 -4.08 -0.33 2.59 -0.54 0.09 5.71 3.21 1.75 6.13 6.75 4.67 6.13 10.29 7.79 7.58 11.54 13.0 11.13 -0.78 -4.31 -2.86 2.33 -1.4 -2.23 4.2 1.92 0.05 2.75 4.62 2.54 3.16 6.28 5.45 5.45 9.18 11.05 9.18 10.01
0.0 -4.28 2.97 -0.55 -3.04 4.01 2.56 -0.14 2.76 5.04 1.93 1.52 6.08 5.04 3.8 5.46 10.02 7.53 7.74 14.79 12.3 -1.37 -4.08 -0.33 2.59 -0.54 0.09 5.71 3.21 1.75 6.13 6.75 4.67 6.13 10.29 7.79 7.58 11.54 13.0 11.13 13.0 -4.31 -2.86 2.33 -1.4 -2.23 4.2 1.92 0.05 2.75 4.62 2.54 3.16 6.28 5.45 5.45 9.18 11.05 9.18 10.01 15.62
0.0 2.97 -0.55 -3.04 4.01 2.56 -0.14 2.76 5.04 1.93 1.52 6.08 5.04 3.8 5.46 10.02 7.53 7.74 14.79 12.3 11.47 -4.08 -0.33 2.59 -0.54 0.09 5.71 3.21 1.75 6.13 6.75 4.67 6.13 10.29 7.79 7.58 11.54 13.0 11.13 13.0 16.33 -2.86 2.33 -1.4 -2.23 4.2 1.92 0.05 2.75 4.62 2.54 3.16 6.28 5.45 5.45 9.18 11.05 9.18 10.01 15.62 12.3
0.0 -0.55 -3.04 4.01 2.56 -0.14 2.76 5.04 1.93 1.52 6.08 5.04 3.8 5.46 10.02 7.53 7.74 14.79 12.3 11.47 16.24 -0.33 2.59 -0.54 0.09 5.71 3.21 1.75 6.13 6.75 4.67 6.13 10.29 7.79 7.58 11.54 13.0 11.13 13.0 16.33 13.42 2.33 -1.4 -2.23 4.2 1.92 0.05 2.75 4.62 2.54 3.16 6.28 5.45 5.45 9.18 11.05 9.18 10.01 15.62 12.3 11.26
0.0 -3.04 4.01 2.56 -0.14 2.76 5.04 1.93 1.52 6.08 5.04 3.8 5.46 10.02 7.53 7.74 14.79 12.3 11.47 16.24 15.41 2.59 -0.54 0.09 5.71 3.21 1.75 6.13 6.75 4.67 6.13 10.29 7.79 7.58 11.54 13.0 11.13 13.0 16.33 13.42 13.42 -1.4 -2.23 4.2 1.92 0.05 2.75 4.62 2.54 3.16 6.28 5.45 5.45 9.18 11.05 9.18 10.01 15.62 12.3 11.26 17.07
0.0 4.01 2.56 -0.14 2.76 5.04 1.93 1.52 6.08 5.04 3.8 5.46 10.02 7.53 7.74 14.79 12.3 11.47 16.24 15.41 12.51 -0.54 0.09 5.71 3.21 1.75 6.13 6.75 4.67 6.13 10.29 7.79 7.58 11.54 13.0 11.13 13.0 16.33 13.42 13.42 16.96 -2.23 4.2 1.92 0.05 2.75 4.62 2.54 3.16 6.28 5.45 5.45 9.18 11.05 9.18 10.01 15.62 12.3 11.26 17.07 14.17
0.0 2.56 -0.14 2.76 5.04 1.93 1.52 6.08 5.04 3.8 5.46 10.02 7.53 7.74 14.79 12.3 11.47 16.24 15.41 12.51 15.82 0.09 5.71 3.21 1.75 6.13 6.75 4.67 6.13 10.29 7.79 7.58 11.54 13.0 11.13 13.0 16.33 13.42 13.42 16.96 13.83 4.2 1.92 0.05 2.75 4.62 2.54 3.16 6.28 5.45 5.45 9.18 11.05 9.18 10.01 15.62 12.3 11.26 17.07 14.17 12.51
0.0 -0.14 2.76 5.04 1.93 1.52 6.08 5.04 3.8 5.46 10.02 7.53 7.74 14.79 12.3 11.47 16.24 15.41 12.51 15.82 16.24 5.71 3.21 1.75 6.13 6.75 4.67 6.13 10.29 7.79 7.58 11.54 13.0 11.13 13.0 16.33 13.42 13.42 16.96 13.83 12.79 1.92 0.05 2.75 4.62 2.54 3.16 6.28 5.45 5.45 9.18 11.05 9.18 10.01 15.62 12.3 11.26 17.07 14.17 12.51 17.9
0.0 2.76 5.04 1.93 1.52 6.08 5.04 3.8 5.46 10.02 7.53 7.74 14.79 12.3 11.47 16.24 15.41 12.51 15.82 16.24 12.92 3.21 1.75 6.13 6.75 4.67 6.13 10.29 7.79 7.58 11.54 13.0 11.13 13.0 16.33 13.42 13.42 16.96 13.83 12.79 17.37 0.05 2.75 4.62 2.54 3.16 6.28 5.45 5.45 9.18 11.05 9.18 10.01 15.62 12.3 11.26 17.07 14.17 12.51 17.9 15.62
0.0 5.04 1.93 1.52 6.08 5.04 3.8 5.46 10.02 7.53 7.74 14.79 12.3 11.47 16.24 15.41 12.51 15.82 16.24 12.92 15.82 1.75 6.13 6.75 4.67 6.13 10.29 7.79 7.58 11.54 13.0 11.13 13.0 16.33 13.42 13.42 16.96 13.83 12.79 17.37 15.08 2.75 4.62 2.54 3.16 6.28 5.45 5.45 9.18 11.05 9.18 10.01 15.62 12.3 11.26 17.07 14.17 12.51 17.9 15.62 12.92
0.0 1.93 1.52 6.08 5.04 3.8 5.46 10.02 7.53 7.74 14.79 12.3 11.47 16.24 15.41 12.51 15.82 16.24 12.92 15.82 18.31 6.13 6.75 4.67 6.13 10.29 7.79 7.58 11.54 13.0 11.13 13.0 16.33 13.42 13.42 16.96 13.83 12.79 17.37 15.08 13.83 4.62 2.54 3.16 6.28 5.45 5.45 9.18 11.05 9.18 10.01 15.62 12.3 11.26 17.07 14.17 12.51 17.9 15.62 12.92 17.49
0.0 1.52 6.08 5.04 3.8 5.46 10.02 7.53 7.74 14.79 12.3 11.47 16.24 15.41 12.51 15.82 16.24 12.92 15.82 18.31 15.2 6.75 4.67 6.13 10.29 7.79 7.58 11.54 13.0 11.13 13.0 16.33 13.42 13.42 16.96 13.83 12.79 17.37 15.08 13.83 18.83 2.54 3.16 6.28 5.45 5.45 9.18 11.05 9.18 10.01 15.62 12.3 11.26 17.07 14.17 12.51 17.9 15.62 12.92 17.49 17.07
0.0 6.08 5.04 3.8 5.46 10.02 7.53 7.74 14.79 12.3 11.47 16.24 15.41 12.51 15.82 16.24 12.92 15.82 18.31 15.2 16.45 4.67 6.13 10.29 7.79 7.58 11.54 13.0 11.13 13.0 16.33 13.42 13.42 16.96 13.83 12.79 17.37 15.08 13.83 18.83 16.96 3.16 6.28 5.45 5.45 9.18 11.05 9.18 10.01 15.62 12.3 11.26 17.07 14.17 12.51 17.9 15.62 12.92 17.49 17.07 15.0
0.0 5.04 3.8 5.46 10.02 7.53 7.74 14.79 12.3 11.47 16.24 15.41 12.51 15.82 16.24 12.92 15.82 18.31 15.2 16.45 20.18 6.13 10.29 7.79 7.58 11.54 13.0 11.13 13.0 16.33 13.42 13.42 16.96 13.83 12.79 17.37 15.08 13.83 18.83 16.96 15.29 6.28 5.45 5.45 9.18 11.05 9.18 10.01 15.62 12.3 11.26 17.07 14.17 12.51 17.9 15.62 12.92 17.49 17.07 15.0 18.94
0.0 3.8 5.46 10.02 7.53 7.74 14.79 12.3 11.47 16.24 15.41 12.51 15.82 16.24 12.92 15.82 18.31 15.2 16.45 20.18 16.45 10.29 7.79 7.58 11.54 13.0 11.13 13.0 16.33 13.42 13.42 16.96 13.83 12.79 17.37 15.08 13.83 18.83 16.96 15.29 19.87 5.45 5.45 9.18 11.05 9.18 10.01 15.62 12.3 11.26 17.07 14.17 12.51 17.9 15.62 12.92 17.49 17.07 15.0 18.94 19.98
0.0 5.46 10.02 7.53 7.74 14.79 12.3 11.47 16.24 15.41 12.51 15.82 16.24 12.92 15.82 18.31 15.2 16.45 20.18 16.45 16.86 7.79 7.58 11.54 13.0 11.13 13.0 16.33 13.42 13.42 16.96 13.83 12.79 17.37 15.08 13.83 18.83 16.96 15.29 19.87 19.25 5.45 9.18 11.05 9.18 10.01 15.62 12.3 11.26 17.07 14.17 12.51 17.9 15.62 12.92 17.49 17.07 15.0 18.94 19.98 16.66
0.0 10.02 7.53 7.74 14.79 12.3 11.47 16.24 15.41 12.51 15.82 16.24 12.92 15.82 18.31 15.2 16.45 20.18 16.45 16.86 22.87 7.58 11.54 13.0 11.13 13.0 16.33 13.42 13.42 16.96 13.83 12.79 17.37 15.08 13.83 18.83 16.96 15.29 19.87 19.25 17.58 9.18 11.05 9.18 10.01 15.62 12.3 11.26 17.07 14.17 12.51 17.9 15.62 12.92 17.49 17.07 15.0 18.94 19.98 16.66 18.73
0.0 7.53 7.74 14.79 12.3 11.47 16.24 15.41 12.51 15.82 16.24 12.92 15.82 18.31 15.2 16.45 20.18 16.45 16.86 22.87 18.93 11.54 13.0 11.13 13.0 16.33 13.42 13.42 16.96 13.83 12.79 17.37 15.08 13.83 18.83 16.96 15.29 19.87 19.25 17.58 20.92 11.05 9.18 10.01 15.62 12.3 11.26 17.07 14.17 12.51 17.9 15.62 12.92 17.49 17.07 15.0 18.94 19.98 16.66 18.73 22.06
0.0 7.74 14.79 12.3 11.47 16.24 15.41 12.51 15.82 16.24 12.92 15.82 18.31 15.2 16.45 20.18 16.45 16.86 22.87 18.93 16.86 13.0 11.13 13.0 16.33 13.42 13.42 16.96 13.83 12.79 17.37 15.08 13.83 18.83 16.96 15.29 19.87 19.25 17.58 20.92 21.75 9.18 10.01 15.62 12.3 11.26 17.07 14.17 12.51 17.9 15.62 12.92 17.49 17.07 15.0 18.94 19.98 16.66 18.73 22.06 18.11
0.0 14.79 12.3 11.47 16.24 15.41 12.51 15.82 16.24 12.92 15.82 18.31 15.2 16.45 20.18 16.45 16.86 22.87 18.93 16.86 23.91 11.13 13.0 16.33 13.42 13.42 16.96 13.83 12.79 17.37 15.08 13.83 18.83 16.96 15.29 19.87 19.25 17.58 20.92 21.75 18.62 10.01 15.62 12.3 11.26 17.07 14.17 12.51 17.9 15.62 12.92 17.49 17.07 15.0 18.94 19.98 16.66 18.73 22.06 18.11 18.53
0.0 12.3 11.47 16.24 15.41 12.51 15.82 16.24 12.92 15.82 18.31 15.2 16.45 20.18 16.45 16.86 22.87 18.93 16.86 23.91 20.18 13.0 16.33 13.42 13.42 16.96 13.83 12.79 17.37 15.08 13.83 18.83 16.96 15.29 19.87 19.25 17.58 20.92 21.75 18.62 20.5 15.62 12.3 11.26 17.07 14.17 12.51 17.9 15.62 12.92 17.49 17.07 15.0 18.94 19.98 16.66 18.73 22.06 18.11 18.53 23.92
0.0 11.47 16.24 15.41 12.51 15.82 16.24 12.92 15.82 18.31 15.2 16.45 20.18 16.45 16.86 22.87 18.93 16.86 23.91 20.18 17.48 16.33 13.42 13.42 16.96 13.83 12.79 17.37 15.08 13.83 18.83 16.96 15.29 19.87 19.25 17.58 20.92 21.75 18.62 20.5 23.42 12.3 11.26 17.07 14.17 12.51 17.9 15.62 12.92 17.49 17.07 15.0 18.94 19.98 16.66 18.73 22.06 18.11 18.53 23.92 19.36
0.0 16.24 15.41 12.51 15.82 16.24 12.92 15.82 18.31 15.2 16.45 20.18 16.45 16.86 22.87 18.93 16.86 23.91 20.18 17.48 23.08 13.42 13.42 16.96 13.83 12.79 17.37 15.08 13.83 18.83 16.96 15.29 19.87 19.25 17.58 20.92 21.75 18.62 20.5 23.42 19.87 11.26 17.07 14.17 12.51 17.9 15.62 12.92 17.49 17.07 15.0 18.94 19.98 16.66 18.73 22.06 18.11 18.53 23.92 19.36 17.49
0.0 15.41 12.51 15.82 16.24 12.92 15.82 18.31 15.2 16.45 20.18 16.45 16.86 22.87 18.93 16.86 23.91 20.18 17.48 23.08 21.84 13.42 16.96 13.83 12.79 17.37 15.08 13.83 18.83 16.96 15.29 19.87 19.25 17.58 20.92 21.75 18.62 20.5 23.42 19.87 19.67 17.07 14.17 12.51 17.9 15.62 12.92 17.49 17.07 15.0 18.94 19.98 16.66 18.73 22.06 18.11 18.53 23.92 19.36 17.49 23.92
0.0 12.51 15.82 16.24 12.92 15.82 18.31 15.2 16.45 20.18 16.45 16.86 22.87 18.93 16.86 23.91 20.18 17.48 23.08 21.84 17.69 16.96 13.83 12.79 17.37 15.08 13.83 18.83 16.96 15.29 19.87 19.25 17.58 20.92 21.75 18.62 20.5 23.42 19.87 19.67 24.67 14.17 12.51 17.9 15.62 12.92 17.49 17.07 15.0 18.94 19.98 16.66 18.73 22.06 18.11 18.53 23.92 19.36 17.49 23.92 20.19
0.0 15.82 16.24 12.92 15.82 18.31 15.2 16.45 20.18 16.45 16.86 22.87 18.93 16.86 23.91 20.18 17.48 23.08 21.84 17.69 21.21 13.83 12.79 17.37 15.08 13.83 18.83 16.96 15.29 19.87 19.25 17.58 20.92 21.75 18.62 20.5 23.42 19.87 19.67 24.67 20.5 12.51 17.9 15.62 12.92 17.49 17.07 15.0 18.94 19.98 16.66 18.73 22.06 18.11 18.53 23.92 19.36 17.49 23.92 20.19 16.87
0.0 16.24 12.92 15.82 18.31 15.2 16.45 20.18 16.45 16.86 22.87 18.93 16.86 23.91 20.18 17.48 23.08 21.84 17.69 21.21 21.84 12.79 17.37 15.08 13.83 18.83 16.96 15.29 19.87 19.25 17.58 20.92 21.75 18.62 20.5 23.42 19.87 19.67 24.67 20.5 18.21 17.9 15.62 12.92 17.49 17.07 15.0 18.94 19.98 16.66 18.73 22.06 18.11 18.53 23.92 19.36 17.49 23.92 20.19 16.87 21.85
0.0 12.92 15.82 18.31 15.2 16.45 20.18 16.45 16.86 22.87 18.93 16.86 23.91 20.18 17.48 23.08 21.84 17.69 21.21 21.84 17.48 17.37 15.08 13.83 18.83 16.96 15.29 19.87 19.25 17.58 20.92 21.75 18.62 20.5 23.42 19.87 19.67 24.67 20.5 18.21 23.42 15.62 12.92 17.49 17.07 15.0 18.94 19.98 16.66 18.73 22.06 18.11 18.53 23.92 19.36 17.49 23.92 20.19 16.87 21.85 20.39
0.0 15.82 18.31 15.2 16.45 20.18 16.45 16.86 22.87 18.93 16.86 23.91 20.18 17.48 23.08 21.84 17.69 21.21 21.84 17.48 17.48 15.08 13.83 18.83 16.96 15.29 19.87 19.25 17.58 20.92 21.75 18.62 20.5 23.42 19.87 19.67 24.67 20.5 18.21 23.42 20.71 12.92 17.49 17.07 15.0 18.94 19.98 16.66 18.73 22.06 18.11 18.53 23.92 19.36 17.49 23.92 20.19 16.87 21.85 20.39 16.66
0.0 18.31 15.2 16.45 20.18 16.45 16.86 22.87 18.93 16.86 23.91 20.18 17.48 23.08 21.84 17.69 21.21 21.84 17.48 17.48 22.04 13.83 18.83 16.96 15.29 19.87 19.25 17.58 20.92 21.75 18.62 20.5 23.42 19.87 19.67 24.67 20.5 18.21 23.42 20.71 17.58 17.49 17.07 15.0 18.94 19.98 16.66 18.73 22.06 18.11 18.53 23.92 19.36 17.49 23.92 20.19 16.87 21.85 20.39 16.66 18.53
0.0 15.2 16.45 20.18 16.45 16.86 22.87 18.93 16.86 23.91 20.18 17.48 23.08 21.84 17.69 21.21 21.84 17.48 17.48 22.04 17.69 18.83 16.96 15.29 19.87 19.25 17.58 20.92 21.75 18.62 20.5 23.42 19.87 19.67 24.67 20.5 18.21 23.42 20.71 17.58 21.75 17.07 15.0 18.94 19.98 16.66 18.73 22.06 18.11 18.53 23.92 19.36 17.49 23.92 20.19 16.87 21.85 20.39 16.66 18.53 20.19
0.0 16.45 20.18 16.45 16.86 22.87 18.93 16.86 23.91 20.18 17.48 23.08 21.84 17.69 21.21 21.84 17.48 17.48 22.04 17.69 15.2 16.96 15.29 19.87 19.25 17.58 20.92 21.75 18.62 20.5 23.42 19.87 19.67 24.67 20.5 18.21 23.42 20.71 17.58 21.75 20.71 15.0 18.94 19.98 16.66 18.73 22.06 18.11 18.53 23.92 19.36 17.49 23.92 20.19 16.87 21.85 20.39 16.66 18.53 20.19 16.66
0.0 20.18 16.45 16.86 22.87 18.93 16.86 23.91 20.18 17.48 23.08 21.84 17.69 21.21 21.84 17.48 17.48 22.04 17.69 15.2 19.56 15.29 19.87 19.25 17.58 20.92 21.75 18.62 20.5 23.42 19.87 19.67 24.67 20.5 18.21 23.42 20.71 17.58 21.75 20.71 17.58 18.94 19.98 16.66 18.73 22.06 18.11 18.53 23.92 19.36 17.49 23.92 20.19 16.87 21.85 20.39 16.66 18.53 20.19 16.66 16.24
0.0 16.45 16.86 22.87 18.93 16.86 23.91 20.18 17.48 23.08 21.84 17.69 21.21 21.84 17.48 17.48 22.04 17.69 15.2 19.56 17.07 19.87 19.25 17.58 20.92 21.75 18.62 20.5 23.42 19.87 19.67 24.67 20.5 18.21 23.42 20.71 17.58 21.75 20.71 17.58 18.62 19.98 16.66 18.73 22.06 18.11 18.53 23.92 19.36 17.49 23.92 20.19 16.87 21.85 20.39 16.66 18.53 20.19 16.66 16.24 18.73
0.0 16.86 22.87 18.93 16.86 23.91 20.18 17.48 23.08 21.84 17.69 21.21 21.84 17.48 17.48 22.04 17.69 15.2 19.56 17.07 14.17 19.25 17.58 20.92 21.75 18.62 20.5 23.42 19.87 19.67 24.67 20.5 18.21 23.42 20.71 17.58 21.75 20.71 17.58 18.62 21.12 16.66 18.73 22.06 18.11 18.53 23.92 19.36 17.49 23.92 20.19 16.87 21.85 20.39 16.66 18.53 20.19 16.66 16.24 18.73 15.83
0.0 22.87 18.93 16.86 23.91 20.18 17.48 23.08 21.84 17.69 21.21 21.84 17.48 17.48 22.04 17.69 15.2 19.56 17.07 14.17 17.28 17.58 20.92 21.75 18.62 20.5 23.42 19.87 19.67 24.67 20.5 18.21 23.42 20.71 17.58 21.75 20.71 17.58 18.62 21.12 17.79 18.73 22.06 18.11 18.53 23.92 19.36 17.49 23.92 20.19 16.87 21.85 20.39 16.66 18.53 20.19 16.66 16.24 18.73 15.83 13.75
0.0 18.93 16.86 23.91 20.18 17.48 23.08 21.84 17.69 21.21 21.84 17.48 17.48 22.04 17.69 15.2 19.56 17.07 14.17 17.28 15.2 20.92 21.75 18.62 20.5 23.42 19.87 19.67 24.67 20.5 18.21 23.42 20.71 17.58 21.75 20.71 17.58 18.62 21.12 17.79 16.75 22.06 18.11 18.53 23.92 19.36 17.49 23.92 20.19 16.87 21.85 20.39 16.66 18.53 20.19 16.66 16.24 18.73 15.83 13.75 17.07
0.0 16.86 23.91 20.18 17.48 23.08 21.84 17.69 21.21 21.84 17.48 17.48 22.04 17.69 15.2 19.56 17.07 14.17 17.28 15.2 13.34 21.75 18.62 20.5 23.42 19.87 19.67 24.67 20.5 18.21 23.42 20.71 17.58 21.75 20.71 17.58 18.62 21.12 17.79 16.75 19.04 18.11 18.53 23.92 19.36 17.49 23.92 20.19 16.87 21.85 20.39 16.66 18.53 20.19 16.66 16.24 18.73 15.83 13.75 17.07 15.62
0.0 23.91 20.18 17.48 23.08 21.84 17.69 21.21 21.84 17.48 17.48 22.04 17.69 15.2 19.56 17.07 14.17 17.28 15.2 13.34 11.26 18.62 20.5 23.42 19.87 19.67 24.67 20.5 18.21 23.42 20.71 17.58 21.75 20.71 17.58 18.62 21.12 17.79 16.75 19.04 18.21 18.53 23.92 19.36 17.49 23.92 20.19 16.87 21.85 20.39 16.66 18.53 20.19 16.66 16.24 18.73 15.83 13.75 17.07 15.62 13.96
0.0 20.18 17.48 23.08 21.84 17.69 21.21 21.84 17.48 17.48 22.04 17.69 15.2 19.56 17.07 14.17 17.28 15.2 13.34 11.26 9.6 20.5 23.42 19.87 19.67 24.67 20.5 18.21 23.42 20.71 17.58 21.75 20.71 17.58 18.62 21.12 17.79 16.75 19.04 18.21 15.71 23.92 19.36 17.49 23.92 20.19 16.87 21.85 20.39 16.66 18.53 20.19 16.66 16.24 18.73 15.83 13.75 17.07 15.62 13.96 12.09
0.0 17.48 23.08 21.84 17.69 21.21 21.84 17.48 17.48 22.04 17.69 15.2 19.56 17.07 14.17 17.28 15.2 13.34 11.26 9.6 8.36 23.42 19.87 19.67 24.67 20.5 18.21 23.42 20.71 17.58 21.75 20.71 17.58 18.62 21.12 17.79 16.75 19.04 18.21 15.71 13.0 19.36 17.49 23.92 20.19 16.87 21.85 20.39 16.66 18.53 20.19 16.66 16.24 18.73 15.83 13.75 17.07 15.62 13.96 12.09 10.84
0.0 23.08 21.84 17.69 21.21 21.84 17.48 17.48 22.04 17.69 15.2 19.56 17.07 14.17 17.28 15.2 13.34 11.26 9.6 8.36 6.7 19.87 19.67 24.67 20.5 18.21 23.42 20.71 17.58 21.75 20.71 17.58 18.62 21.12 17.79 16.75 19.04 18.21 15.71 13.0 11.54 17.49 23.92 20.19 16.87 21.85 20.39 16.66 18.53 20.19 16.66 16.24 18.73 15.83 13.75 17.07 15.62 13.96 12.09 10.84 10.01
0.0 21.84 17.69 21.21 21.84 17.48 17.48 22.04 17.69 15.2 19.56 17.07 14.17 17.28 15.2 13.34 11.26 9.6 8.36 6.7 4.84 19.67 24.67 20.5 18.21 23.42 20.71 17.58 21.75 20.71 17.58 18.62 21.12 17.79 16.75 19.04 18.21 15.71 13.0 11.54 10.29 23.92 20.19 16.87 21.85 20.39 16.66 18.53 20.19 16.66 16.24 18.73 15.83 13.75 17.07 15.62 13.96 12.09 10.84 10.01 7.94
0.0 17.69 21.21 21.84 17.48 17.48 22.04 17.69 15.2 19.56 17.07 14.17 17.28 15.2 13.34 11.26 9.6 8.36 6.7 4.84 4.42 24.67 20.5 18.21 23.42 20.71 17.58 21.75 20.71 17.58 18.62 21.12 17.79 16.75 19.04 18.21 15.71 13.0 11.54 10.29 7.79 20.19 16.87 21.85 20.39 16.66 18.53 20.19 16.66 16.24 18.73 15.83 13.75 17.07 15.62 13.96 12.09 10.84 10.01 7.94 6.49
0.0 21.21 21.84 17.48 17.48 22.04 17.69 15.2 19.56 17.07 14.17 17.28 15.2 13.34 11.26 9.6 8.36 6.7 4.84 4.42 3.18 20.5 18.21 23.42 20.71 17.58 21.75 20.71 17.58 18.62 21.12 17.79 16.75 19.04 18.21 15.71 13.0 11.54 10.29 7.79 6.33 16.87 21.85 20.39 16.66 18.53 20.19 16.66 16.24 18.73 15.83 13.75 17.07 15.62 13.96 12.09 10.84 10.01 7.94 6.49 6.07
0.0 21.84 17.48 17.48 22.04 17.69 15.2 19.56 17.07 14.17 17.28 15.2 13.34 11.26 9.6 8.36 6.7 4.84 4.42 3.18 1.11 18.21 23.42 20.71 17.58 21.75 20.71 17.58 18.62 21.12 17.79 16.75 19.04 18.21 15.71 13.0 11.54 10.29 7.79 6.33 5.71 21.85 20.39 16.66 18.53 20.19 16.66 16.24 18.73 15.83 13.75 17.07 15.62 13.96 12.09 10.84 10.01 7.94 6.49 6.07 4.2
0.0 17.48 17.48 22.04 17.69 15.2 19.56 17.07 14.17 17.28 15.2 13.34 11.26 9.6 8.36 6.7 4.84 4.42 3.18 1.11 0.9 23.42 20.71 17.58 21.75 20.71 17.58 18.62 21.12 17.79 16.75 19.04 18.21 15.71 13.0 11.54 10.29 7.79 6.33 5.71 3.63 20.39 16.66 18.53 20.19 16.66 16.24 18.73 15.83 13.75 17.07 15.62 13.96 12.09 10.84 10.01 7.94 6.49 6.07 4.2 2.54
0.0 17.48 22.04 17.69 15.2 19.56 17.07 14.17 17.28 15.2 13.34 11.26 9.6 8.36 6.7 4.84 4.42 3.18 1.11 0.9 0.07 20.71 17.58 21.75 20.71 17.58 18.62 21.12 17.79 16.75 19.04 18.21 15.71 13.0 11.54 10.29 7.79 6.33 5.71 3.63 2.17 16.66 18.53 20.19 16.66 16.24 18.73 15.83 13.75 17.07 15.62 13.96 12.09 10.84 10.01 7.94 6.49 6.07 4.2 2.54 2.54
0.0 22.04 17.69 15.2 19.56 17.07 14.17 17.28 15.2 13.34 11.26 9.6 8.36 6.7 4.84 4.42 3.18 1.11 0.9 0.07 -2.0 17.58 21.75 20.71 17.58 18.62 21.12 17.79 16.75 19.04 18.21 15.71 13.0 11.54 10.29 7.79 6.33 5.71 3.63 2.17 1.96 18.53 20.19 16.66 16.24 18.73 15.83 13.75 17.07 15.62 13.96 12.09 10.84 10.01 7.94 6.49 6.07 4.2 2.54 2.54 1.09
0.0 17.69 15.2 19.56 17.07 14.17 17.28 15.2 13.34 11.26 9.6 8.36 6.7 4.84 4.42 3.18 1.11 0.9 0.07 -2.0 -2.63 21.75 20.71 17.58 18.62 21.12 17.79 16.75 19.04 18.21 15.71 13.0 11.54 10.29 7.79 6.33 5.71 3.63 2.17 1.96 0.29 20.19 16.66 16.24 18.73 15.83 13.75 17.07 15.62 13.96 12.09 10.84 10.01 7.94 6.49 6.07 4.2 2.54 2.54 1.09 -0.57
0.0 15.2 19.56 17.07 14.17 17.28 15.2 13.34 11.26 9.6 8.36 6.7 4.84 4.42 3.18 1.11 0.9 0.07 -2.0 -2.63 -3.04 20.71 17.58 18.62 21.12 17.79 16.75 19.04 18.21 15.71 13.0 11.54 10.29 7.79 6.33 5.71 3.63 2.17 1.96 0.29 -1.37 16.66 16.24 18.73 15.83 13.75 17.07 15.62 13.96 12.09 10.84 10.01 7.94 6.49 6.07 4.2 2.54 2.54 1.09 -0.57 -0.99
0.0 19.56 17.07 14.17 17.28 15.2 13.34 11.26 9.6 8.36 6.7 4.84 4.42 3.18 1.11 0.9 0.07 -2.0 -2.63 -3.04 -4.91 17.58 18.62 21.12 17.79 16.75 19.04 18.21 15.71 13.0 11.54 10.29 7.79 6.33 5.71 3.63 2.17 1.96 0.29 -1.37 -1.79 16.24 18.73 15.83 13.75 17.07 15.62 13.96 12.09 10.84 10.01 7.94 6.49 6.07 4.2 2.54 2.54 1.09 -0.57 -0.99 -1.82
0.0 17.07 14.17 17.28 15.2 13.34 11.26 9.6 8.36 6.7 4.84 4.42 3.18 1.11 0.9 0.07 -2.0 -2.63 -3.04 -4.91 -5.74 18.62 21.12 17.79 16.75 19.04 18.21 15.71 13.0 11.54 10.29 7.79 6.33 5.71 3.63 2.17 1.96 0.29 -1.37 -1.79 -2.83 18.73 15.83 13.75 17.07 15.62 13.96 12.09 10.84 10.01 7.94 6.49 6.07 4.2 2.54 2.54 1.09 -0.57 -0.99 -1.82 -3.69
0.0 14.17 17.28 15.2 13.34 11.26 9.6 8.36 6.7 4.84 4.42 3.18 1.11 0.9 0.07 -2.0 -2.63 -3.04 -4.91 -5.74 -5.94 21.12 17.79 16.75 19.04 18.21 15.71 13.0 11.54 10.29 7.79 6.33 5.71 3.63 2.17 1.96 0.29 -1.37 -1.79 -2.83 -4.5 15.83 13.75 17.07 15.62 13.96 12.09 10.84 10.01 7.94 6.49 6.07 4.2 2.54 2.54 1.09 -0.57 -0.99 -1.82 -3.69 -4.31
0.0 17.28 15.2 13.34 11.26 9.6 8.36 6.7 4.84 4.42 3.18 1.11 0.9 0.07 -2.0 -2.63 -3.04 -4.91 -5.74 -5.94 -7.39 17.79 16.75 19.04 18.21 15.71 13.0 11.54 10.29 7.79 6.33 5.71 3.63 2.17 1.96 0.29 -1.37 -1.79 -2.83 -4.5 -4.91 13.75 17.07 15.62 13.96 12.09 10.84 10.01 7.94 6.49 6.07 4.2 2.54 2.54 1.09 -0.57 -0.99 -1.82 -3.69 -4.31 -4.31
0.0 15.2 13.34 11.26 9.6 8.36 6.7 4.84 4.42 3.18 1.11 0.9 0.07 -2.0 -2.63 -3.04 -4.91 -5.74 -5.94 -7.39 -8.64 16.75 19.04 18.21 15.71 13.0 11.54 10.29 7.79 6.33 5.71 3.63 2.17 1.96 0.29 -1.37 -1.79 -2.83 -4.5 -4.91 -5.75 17.07 15.62 13.96 12.09 10.84 10.01 7.94 6.49 6.07 4.2 2.54 2.54 1.09 -0.57 -0.99 -1.82 -3.69 -4.31 -4.31 -6.18
0.0 13.34 11.26 9.6 8.36 6.7 4.84 4.42 3.18 1.11 0.9 0.07 -2.0 -2.63 -3.04 -4.91 -5.74 -5.94 -7.39 -8.64 -8.84 19.04 18.21 15.71 13.0 11.54 10.29 7.79 6.33 5.71 3.63 2.17 1.96 0.29 -1.37 -1.79 -2.83 -4.5 -4.91 -5.75 -7.2 15.62 13.96 12.09 10.84 10.01 7.94 6.49 6.07 4.2 2.54 2.54 1.09 -0.57 -0.99 -1.82 -3.69 -4.31 -4.31 -6.18 -6.8
0.0 11.26 9.6 8.36 6.7 4.84 4.42 3.18 1.11 0.9 0.07 -2.0 -2.63 -3.04 -4.91 -5.74 -5.94 -7.39 -8.64 -8.84 -9.88 18.21 15.71 13.0 11.54 10.29 7.79 6.33 5.71 3.63 2.17 1.96 0.29 -1.37 -1.79 -2.83 -4.5 -4.91 -5.75 -7.2 -8.04 13.96 12.09 10.84 10.01 7.94 6.49 6.07 4.2 2.54 2.54 1.09 -0.57 -0.99 -1.82 -3.69 -4.31 -4.31 -6.18 -6.8 -7.22
0.0 9.6 8.36 6.7 4.84 4.42 3.18 1.11 0.9 0.07 -2.0 -2.63 -3.04 -4.91 -5.74 -5.94 -7.39 -8.64 -8.84 -9.88 -11.13 15.71 13.0 11.54 10.29 7.79 6.33 5.71 3.63 2.17 1.96 0.29 -1.37 -1.79 -2.83 -4.5 -4.91 -5.75 -7.2 -8.04 -8.45 12.09 10.84 10.01 7.94 6.49 6.07 4.2 2.54 2.54 1.09 -0.57 -0.99 -1.82 -3.69 -4.31 -4.31 -6.18 -6.8 -7.22 -8.46
0.0 8.36 6.7 4.84 4.42 3.18 1.11 0.9 0.07 -2.0 -2.63 -3.04 -4.91 -5.74 -5.94 -7.39 -8.64 -8.84 -9.88 -11.13 -11.54 13.0 11.54 10.29 7.79 6.33 5.71 3.63 2.17 1.96 0.29 -1.37 -1.79 -2.83 -4.5 -4.91 -5.75 -7.2 -8.04 -8.45 -9.91 10.84 10.01 7.94 6.49 6.07 4.2 2.54 2.54 1.09 -0.57 -0.99 -1.82 -3.69 -4.31 -4.31 -6.18 -6.8 -7.22 -8.46 -9.71
0.0 6.7 4.84 4.42 3.18 1.11 0.9 0.07 -2.0 -2.63 -3.04 -4.91 -5.74 -5.94 -7.39 -8.64 -8.84 -9.88 -11.13 -11.54 -12.58 11.54 10.29 7.79 6.33 5.71 3.63 2.17 1.96 0.29 -1.37 -1.79 -2.83 -4.5 -4.91 -5.75 -7.2 -8.04 -8.45 -9.91 -10.75 10.01 7.94 6.49 6.07 4.2 2.54 2.54 1.09 -0.57 -0.99 -1.82 -3.69 -4.31 -4.31 -6.18 -6.8 -7.22 -8.46 -9.71 -10.12
0.0 4.84 4.42 3.18 1.11 0.9 0.07 -2.0 -2.63 -3.04 -4.91 -5.74 -5.94 -7.39 -8.64 -8.84 -9.88 -11.13 -11.54 -12.58 -13.82 10.29 7.79 6.33 5.71 3.63 2.17 1.96 0.29 -1.37 -1.79 -2.83 -4.5 -4.91 -5.75 -7.2 -8.04 -8.45 -9.91 -10.75 -11.37 7.94 6.49 6.07 4.2 2.54 2.54 1.09 -0.57 -0.99 -1.82 -3.69 -4.31 -4.31 -6.18 -6.8 -7.22 -8.46 -9.71 -10.12 -11.16
0.0 4.42 3.18 1.11 0.9 0.07 -2.0 -2.63 -3.04 -4.91 -5.74 -5.94 -7.39 -8.64 -8.84 -9.88 -11.13 -11.54 -12.58 -13.82 -14.44 7.79 6.33 5.71 3.63 2.17 1.96 0.29 -1.37 -1.79 -2.83 -4.5 -4.91 -5.75 -7.2 -8.04 -8.45 -9.91 -10.75 -11.37 -12.41 6.49 6.07 4.2 2.54 2.54 1.09 -0.57 -0.99 -1.82 -3.69 -4.31 -4.31 -6.18 -6.8 -7.22 -8.46 -9.71 -10.12 -11.16 -12.2
0.0 3.18 1.11 0.9 0.07 -2.0 -2.63 -3.04 -4.91 -5.74 -5.94 -7.39 -8.64 -8.84 -9.88 -11.13 -11.54 -12.58 -13.82 -14.44 -15.06 6.33 5.71 3.63 2.17 1.96 0.29 -1.37 -1.79 -2.83 -4.5 -4.91 -5.75 -7.2 -8.04 -8.45 -9.91 -10.75 -11.37 -12.41 -13.25 6.07 4.2 2.54 2.54 1.09 -0.57 -0.99 -1.82 -3.69 -4.31 -4.31 -6.18 -6.8 -7.22 -8.46 -9.71 -10.12 -11.16 -12.2 -12.61
0.0 1.11 0.9 0.07 -2.0 -2.63 -3.04 -4.91 -5.74 -5.94 -7.39 -8.64 -8.84 -9.88 -11.13 -11.54 -12.58 -13.82 -14.44 -15.06 -16.1 5.71 3.63 2.17 1.96 0.29 -1.37 -1.79 -2.83 -4.5 -4.91 -5.75 -7.2 -8.04 -8.45 -9.91 -10.75 -11.37 -12.41 -13.25 -13.66 4.2 2.54 2.54 1.09 -0.57 -0.99 -1.82 -3.69 -4.31 -4.31 -6.18 -6.8 -7.22 -8.46 -9.71 -10.12 -11.16 -12.2 -12.61 -13.44
0.0 0.9 0.07 -2.0 -2.63 -3.04 -4.91 -5.74 -5.94 -7.39 -8.64 -8.84 -9.88 -11.13 -11.54 -12.58 -13.82 -14.44 -15.06 -16.1 -16.72 3.63 2.17 1.96 0.29 -1.37 -1.79 -2.83 -4.5 -4.91 -5.75 -7.2 -8.04 -8.45 -9.91 -10.75 -11.37 -12.41 -13.25 -13.66 -14.5 2.54 2.54 1.09 -0.57 -0.99 -1.82 -3.69 -4.31 -4.31 -6.18 -6.8 -7.22 -8.46 -9.71 -10.12 -11.16 -12.2 -12.61 -13.44 -14.48
0.0 0.07 -2.0 -2.63 -3.04 -4.91 -5.74 -5.94 -7.39 -8.64 -8.84 -9.88 -11.13 -11.54 -12.58 -13.82 -14.44 -15.06 -16.1 -16.72 -17.14 2.17 1.96 0.29 -1.37 -1.79 -2.83 -4.5 -4.91 -5.75 -7.2 -8.04 -8.45 -9.91 -10.75 -11.37 -12.41 -13.25 -13.66 -14.5 -15.33 2.54 1.09 -0.57 -0.99 -1.82 -3.69 -4.31 -4.31 -6.18 -6.8 -7.22 -8.46 -9.71 -10.12 -11.16 -12.2 -12.61 -13.44 -14.48 -14.9
0.0 -2.0 -2.63 -3.04 -4.91 -5.74 -5.94 -7.39 -8.64 -8.84 -9.88 -11.13 -11.54 -12.58 -13.82 -14.44 -15.06 -16.1 -16.72 -17.14 -18.17 1.96 0.29 -1.37 -1.79 -2.83 -4.5 -4.91 -5.75 -7.2 -8.04 -8.45 -9.91 -10.75 -11.37 -12.41 -13.25 -13.66 -14.5 -15.33 -15.95 1.09 -0.57 -0.99 -1.82 -3.69 -4.31 -4.31 -6.18 -6.8 -7.22 -8.46 -9.71 -10.12 -11.16 -12.2 -12.61 -13.44 -14.48 -14.9 -15.73
0.0 -2.63 -3.04 -4.91 -5.74 -5.94 -7.39 -8.64 -8.84 -9.88 -11.13 -11.54 -12.58 -13.82 -14.44 -15.06 -16.1 -16.72 -17.14 -18.17 -17.76 0.29 -1.37 -1.79 -2.83 -4.5 -4.91 -5.75 -7.2 -8.04 -8.45 -9.91 -10.75 -11.37 -12.41 -13.25 -13.66 -14.5 -15.33 -15.95 -16.79 -0.57 -0.99 -1.82 -3.69 -4.31 -4.31 -6.18 -6.8 -7.22 -8.46 -9.71 -10.12 -11.16 -12.2 -12.61 -13.44 -14.48 -14.9 -15.73 -15.52
0.0 -3.04 -4.91 -5.74 -5.94 -7.39 -8.64 -8.84 -9.88 -11.13 -11.54 -12.58 -13.82 -14.44 -15.06 -16.1 -16.72 -17.14 -18.17 -17.76 -17.76 -1.37 -1.79 -2.83 -4.5 -4.91 -5.75 -7.2 -8.04 -8.45 -9.91 -10.75 -11.37 -12.41 -13.25 -13.66 -14.5 -15.33 -15.95 -16.79 -13.04 -0.99 -1.82 -3.69 -4.31 -4.31 -6.18 -6.8 -7.22 -8.46 -9.71 -10.12 -11.16 -12.2 -12.61 -13.44 -14.48 -14.9 -15.73 -15.52 -8.88
0.0 -4.91 -5.74 -5.94 -7.39 -8.64 -8.84 -9.88 -11.13 -11.54 -12.58 -13.82 -14.44 -15.06 -16.1 -16.72 -17.14 -18.17 -17.76 -17.76 -18.17 -1.79 -2.83 -4.5 -4.91 -5.75 -7.2 -8.04 -8.45 -9.91 -10.75 -11.37 -12.41 -13.25 -13.66 -14.5 -15.33 -15.95 -16.79 -13.04 -10.12 -1.82 -3.69 -4.31 -4.31 -6.18 -6.8 -7.22 -8.46 -9.71 -10.12 -11.16 -12.2 -12.61 -13.44 -14.48 -14.9 -15.73 -15.52 -8.88 -11.58
0.0 -5.74 -5.94 -7.39 -8.64 -8.84 -9.88 -11.13 -11.54 -12.58 -13.82 -14.44 -15.06 -16.1 -16.72 -17.14 -18.17 -17.76 -17.76 -18.17 -9.26 -2.83 -4.5 -4.91 -5.75 -7.2 -8.04 -8.45 -9.91 -10.75 -11.37 -12.41 -13.25 -13.66 -14.5 -15.33 -15.95 -16.79 -13.04 -10.12 -12.2 -3.69 -4.31 -4.31 -6.18 -6.8 -7.22 -8.46 -9.71 -10.12 -11.16 -12.2 -12.61 -13.44 -14.48 -14.9 -15.73 -15.52 -8.88 -11.58 -11.58
0.0 -5.94 -7.39 -8.64 -8.84 -9.88 -11.13 -11.54 -12.58 -13.82 -14.44 -15.06 -16.1 -16.72 -17.14 -18.17 -17.76 -17.76 -18.17 -9.26 -9.67 -4.5 -4.91 -5.75 -7.2 -8.04 -8.45 -9.91 -10.75 -11.37 -12.41 -13.25 -13.66 -14.5 -15.33 -15.95 -16.79 -13.04 -10.12 -12.2 -10.12 -4.31 -4.31 -6.18 -6.8 -7.22 -8.46 -9.71 -10.12 -11.16 -12.2 -12.61 -13.44 -14.48 -14.9 -15.73 -15.52 -8.88 -11.58 -11.58 -4.31
0.0 -7.39 -8.64 -8.84 -9.88 -11.13 -11.54 -12.58 -13.82 -14.44 -15.06 -16.1 -16.72 -17.14 -18.17 -17.76 -17.76 -18.17 -9.26 -9.67 -11.75 -4.91 -5.75 -7.2 -8.04 -8.45 -9.91 -10.75 -11.37 -12.41 -13.25 -13.66 -14.5 -15.33 -15.95 -16.79 -13.04 -10.12 -12.2 -10.12 -5.54 -4.31 -6.18 -6.8 -7.22 -8.46 -9.71 -10.12 -11.16 -12.2 -12.61 -13.44 -14.48 -14.9 -15.73 -15.52 -8.88 -11.58 -11.58 -4.31 -7.42
1.0 -8.64 -8.84 -9.88 -11.13 -11.54 -12.58 -13.82 -14.44 -15.06 -16.1 -16.72 -17.14 -18.17 -17.76 -17.76 -18.17 -9.26 -9.67 -11.75 23.89 -5.75 -7.2 -8.04 -8.45 -9.91 -10.75 -11.37 -12.41 -13.25 -13.66 -14.5 -15.33 -15.95 -16.79 -13.04 -10.12 -12.2 -10.12 -5.54 -8.25 -6.18 -6.8 -7.22 -8.46 -9.71 -10.12 -11.16 -12.2 -12.61 -13.44 -14.48 -14.9 -15.73 -15.52 -8.88 -11.58 -11.58 -4.31 -7.42 -9.29
1.0 -8.84 -9.88 -11.13 -11.54 -12.58 -13.82 -14.44 -15.06 -16.1 -16.72 -17.14 -18.17 -17.76 -17.76 -18.17 -9.26 -9.67 -11.75 23.89 23.89 -7.2 -8.04 -8.45 -9.91 -10.75 -11.37 -12.41 -13.25 -13.66 -14.5 -15.33 -15.95 -16.79 -13.04 -10.12 -12.2 -10.12 -5.54 -8.25 -8.45 -6.8 -7.22 -8.46 -9.71 -10.12 -11.16 -12.2 -12.61 -13.44 -14.48 -14.9 -15.73 -15.52 -8.88 -11.58 -11.58 -4.31 -7.42 -9.29 -1.82
1.0 -9.88 -11.13 -11.54 -12.58 -13.82 -14.44 -15.06 -16.1 -16.72 -17.14 -18.17 -17.76 -17.76 -18.17 -9.26 -9.67 -11.75 23.89 23.89 23.89 -8.04 -8.45 -9.91 -10.75 -11.37 -12.41 -13.25 -13.66 -14.5 -15.33 -15.95 -16.79 -13.04 -10.12 -12.2 -10.12 -5.54 -8.25 -8.45 -1.79 -7.22 -8.46 -9.71 -10.12 -11.16 -12.2 -12.61 -13.44 -14.48 -14.9 -15.73 -15.52 -8.88 -11.58 -11.58 -4.31 -7.42 -9.29 -1.82 -3.89
1.0 -11.13 -11.54 -12.58 -13.82 -14.44 -15.06 -16.1 -16.72 -17.14 -18.17 -17.76 -17.76 -18.17 -9.26 -9.67 -11.75 23.89 23.89 23.89 23.89 -8.45 -9.91 -10.75 -11.37 -12.41 -13.25 -13.66 -14.5 -15.33 -15.95 -16.79 -13.04 -10.12 -12.2 -10.12 -5.54 -8.25 -8.45 -1.79 -4.71 -8.46 -9.71 -10.12 -11.16 -12.2 -12.61 -13.44 -14.48 -14.9 -15.73 -15.52 -8.88 -11.58 -11.58 -4.31 -7.42 -9.29 -1.82 -3.89 -6.59
1.0 -11.54 -12.58 -13.82 -14.44 -15.06 -16.1 -16.72 -17.14 -18.17 -17.76 -17.76 -18.17 -9.26 -9.67 -11.75 23.89 23.89 23.89 23.89 23.89 -9.91 -10.75 -11.37 -12.41 -13.25 -13.66 -14.5 -15.33 -15.95 -16.79 -13.04 -10.12 -12.2 -10.12 -5.54 -8.25 -8.45 -1.79 -4.71 -6.79 -9.71 -10.12 -11.16 -12.2 -12.61 -13.44 -14.48 -14.9 -15.73 -15.52 -8.88 -11.58 -11.58 -4.31 -7.42 -9.29 -1.82 -3.89 -6.59 -1.2
1.0 -12.58 -13.82 -14.44 -15.06 -16.1 -16.72 -17.14 -18.17 -17.76 -17.76 -18.17 -9.26 -9.67 -11.75 23.89 23.89 23.89 23.89 23.89 23.89 -10.75 -11.37 -12.41 -13.25 -13.66 -14.5 -15.33 -15.95 -16.79 -13.04 -10.12 -12.2 -10.12 -5.54 -8.25 -8.45 -1.79 -4.71 -6.79 -0.12 -10.12 -11.16 -12.2 -12.61 -13.44 -14.48 -14.9 -15.73 -15.52 -8.88 -11.58 -11.58 -4.31 -7.42 -9.29 -1.82 -3.89 -6.59 -1.2 -0.78
1.0 -13.82 -14.44 -15.06 -16.1 -16.72 -17.14 -18.17 -17.76 -17.76 -18.17 -9.26 -9.67 -11.75 23.89 23.89 23.89 23.89 23.89 23.89 23.89 -11.37 -12.41 -13.25 -13.66 -14.5 -15.33 -15.95 -16.79 -13.04 -10.12 -12.2 -10.12 -5.54 -8.25 -8.45 -1.79 -4.71 -6.79 -0.12 -1.16 -11.16 -12.2 -12.61 -13.44 -14.48 -14.9 -15.73 -15.52 -8.88 -11.58 -11.58 -4.31 -7.42 -9.29 -1.82 -3.89 -6.59 -1.2 -0.78 -4.1
1.0 -14.44 -15.06 -16.1 -16.72 -17.14 -18.17 -17.76 -17.76 -18.17 -9.26 -9.67 -11.75 23.89 23.89 23.89 23.89 23.89 23.89 23.89 23.89 -12.41 -13.25 -13.66 -14.5 -15.33 -15.95 -16.79 -13.04 -10.12 -12.2 -10.12 -5.54 -8.25 -8.45 -1.79 -4.71 -6.79 -0.12 -1.16 -3.87 -12.2 -12.61 -13.44 -14.48 -14.9 -15.73 -15.52 -8.88 -11.58 -11.58 -4.31 -7.42 -9.29 -1.82 -3.89 -6.59 -1.2 -0.78 -4.1 -1.61
1.0 -15.06 -16.1 -16.72 -17.14 -18.17 -17.76 -17.76 -18.17 -9.26 -9.67 -11.75 23.89 23.89 23.89 23.89 23.89 23.89 23.89 23.89 23.89 -13.25 -13.66 -14.5 -15.33 -15.95 -16.79 -13.04 -10.12 -12.2 -10.12 -5.54 -8.25 -8.45 -1.79 -4.71 -6.79 -0.12 -1.16 -3.87 0.71 -12.61 -13.44 -14.48 -14.9 -15.73 -15.52 -8.88 -11.58 -11.58 -4.31 -7.42 -9.29 -1.82 -3.89 -6.59 -1.2 -0.78 -4.1 -1.61 2.54
1.0 -16.1 -16.72 -17.14 -18.17 -17.76 -17.76 -18.17 -9.26 -9.67 -11.75 23.89 23.89 23.89 23.89 23.89 23.89 23.89 23.89 23.89 23.89 -13.66 -14.5 -15.33 -15.95 -16.79 -13.04 -10.12 -12.2 -10.12 -5.54 -8.25 -8.45 -1.79 -4.71 -6.79 -0.12 -1.16 -3.87 0.71 3.0 -13.44 -14.48 -14.9 -15.73 -15.52 -8.88 -11.58 -11.58 -4.31 -7.42 -9.29 -1.82 -3.89 -6.59 -1.2 -0.78 -4.1 -1.61 2.54 -0.99
1.0 -16.72 -17.14 -18.17 -17.76 -17.76 -18.17 -9.26 -9.67 -11.75 23.89 23.89 23.89 23.89 23.89 23.89 23.89 23.89 23.89 23.89 23.89 -14.5 -15.33 -15.95 -16.79 -13.04 -10.12 -12.2 -10.12 -5.54 -8.25 -8.45 -1.79 -4.71 -6.79 -0.12 -1.16 -3.87 0.71 3.0 -0.12 -14.48 -14.9 -15.73 -15.52 -8.88 -11.58 -11.58 -4.31 -7.42 -9.29 -1.82 -3.89 -6.59 -1.2 -0.78 -4.1 -1.61 2.54 -0.99 -1.61
1.0 -17.14 -18.17 -17.76 -17.76 -18.17 -9.26 -9.67 -11.75 23.89 23.89 23.89 23.89 23.89 23.89 23.89 23.89 23.89 23.89 23.89 23.89 -15.33 -15.95 -16.79 -13.04 -10.12 -12.2 -10.12 -5.54 -8.25 -8.45 -1.79 -4.71 -6.79 -0.12 -1.16 -3.87 0.71 3.0 -0.12 1.13 -14.9 -15.73 -15.52 -8.88 -11.58 -11.58 -4.31 -7.42 -9.29 -1.82 -3.89 -6.59 -1.2 -0.78 -4.1 -1.61 2.54 -0.99 -1.61 4.62
1.0 -18.17 -17.76 -17.76 -18.17 -9.26 -9.67 -11.75 23.89 23.89 23.89 23.89 23.89 23.89 23.89 23.89 23.89 23.89 23.89 23.89 23.89 -15.95 -16.79 -13.04 -10.12 -12.2 -10.12 -5.54 -8.25 -8.45 -1.79 -4.71 -6.79 -0.12 -1.16 -3.87 0.71 3.0 -0.12 1.13 5.71 -15.73 -15.52 -8.88 -11.58 -11.58 -4.31 -7.42 -9.29 -1.82 -3.89 -6.59 -1.2 -0.78 -4.1 -1.61 2.54 -0.99 -1.61 4.62 1.92
1.0 -17.76 -17.76 -18.17 -9.26 -9.67 -11.75 23.89 23.89 23.89 23.89 23.89 23.89 23.89 23.89 23.89 23.89 23.89 23.89 23.89 23.89 -16.79 -13.04 -10.12 -12.2 -10.12 -5.54 -8.25 -8.45 -1.79 -4.71 -6.79 -0.12 -1.16 -3.87 0.71 3.0 -0.12 1.13 5.71 3.0 -15.52 -8.88 -11.58 -11.58 -4.31 -7.42 -9.29 -1.82 -3.89 -6.59 -1.2 -0.78 -4.1 -1.61 2.54 -0.99 -1.61 4.62 1.92 0.46
1.0 -17.76 -18.17 -9.26 -9.67 -11.75 23.89 23.89 23.89 23.89 23.89 23.89 23.89 23.89 23.89 23.89 23.89 23.89 23.89 23.89 23.89 -13.04 -10.12 -12.2 -10.12 -5.54 -8.25 -8.45 -1.79 -4.71 -6.79 -0.12 -1.16 -3.87 0.71 3.0 -0.12 1.13 5.71 3.0 2.17 -8.88 -11.58 -11.58 -4.31 -7.42 -9.29 -1.82 -3.89 -6.59 -1.2 -0.78 -4.1 -1.61 2.54 -0.99 -1.61 4.62 1.92 0.46 3.37
1.0 -18.17 -9.26 -9.67 -11.75 23.89 23.89 23.89 23.89 23.89 23.89 23.89 23.89 23.89 23.89 23.89 23.89 23.89 23.89 23.89 23.89 -10.12 -12.2 -10.12 -5.54 -8.25 -8.45 -1.79 -4.71 -6.79 -0.12 -1.16 -3.87 0.71 3.0 -0.12 1.13 5.71 3.0 2.17 7.38 -11.58 -11.58 -4.31 -7.42 -9.29 -1.82 -3.89 -6.59 -1.2 -0.78 -4.1 -1.61 2.54 -0.99 -1.61 4.62 1.92 0.46 3.37 4.2
1.0 -9.26 -9.67 -11.75 23.89 23.89 23.89 23.89 23.89 23.89 23.89 23.89 23.89 23.89 23.89 23.89 23.89 23.89 23.89 23.89 23.89 -12.2 -10.12 -5.54 -8.25 -8.45 -1.79 -4.71 -6.79 -0.12 -1.16 -3.87 0.71 3.0 -0.12 1.13 5.71 3.0 2.17 7.38 6.13 -11.58 -4.31 -7.42 -9.29 -1.82 -3.89 -6.59 -1.2 -0.78 -4.1 -1.61 2.54 -0.99 -1.61 4.62 1.92 0.46 3.37 4.2 2.75
1.0 -9.67 -11.75 23.89 23.89 23.89 23.89 23.89 23.89 23.89 23.89 23.89 23.89 23.89 23.89 23.89 23.89 23.89 23.89 23.89 23.89 -10.12 -5.54 -8.25 -8.45 -1.79 -4.71 -6.79 -0.12 -1.16 -3.87 0.71 3.0 -0.12 1.13 5.71 3.0 2.17 7.38 6.13 4.46 -4.31 -7.42 -9.29 -1.82 -3.89 -6.59 -1.2 -0.78 -4.1 -1.61 2.54 -0.99 -1.61 4.62 1.92 0.46 3.37 4.2 2.75 4.41
1.0 -11.75 23.89 23.89 23.89 23.89 23.89 23.89 23.89 23.89 23.89 23.89 23.89 23.89 23.89 23.89 23.89 23.89 23.89 23.89 23.89 -5.54 -8.25 -8.45 -1.79 -4.71 -6.79 -0.12 -1.16 -3.87 0.71 3.0 -0.12 1.13 5.71 3.0 2.17 7.38 6.13 4.46 6.75 -7.42 -9.29 -1.82 -3.89 -6.59 -1.2 -0.78 -4.1 -1.61 2.54 -0.99 -1.61 4.62 1.92 0.46 3.37 4.2 2.75 4.41 7.73
1.0 23.89 23.89 23.89 23.89 23.89 23.89 23.89 23.89 23.89 23.89 23.89 23.89 23.89 23.89 23.89 23.89 23.89 23.89 23.89 23.89 -8.25 -8.45 -1.79 -4.71 -6.79 -0.12 -1.16 -3.87 0.71 3.0 -0.12 1.13 5.71 3.0 2.17 7.38 6.13 4.46 6.75 11.75 -9.29 -1.82 -3.89 -6.59 -1.2 -0.78 -4.1 -1.61 2.54 -0.99 -1.61 4.62 1.92 0.46 3.37 4.2 2.75 4.41 7.73 5.86
1.0 23.89 23.89 23.89 23.89 23.89 23.89 23.89 23.89 23.89 23.89 23.89 23.89 23.89 23.89 23.89 23.89 23.89 23.89 23.89 23.89 -8.45 -1.79 -4.71 -6.79 -0.12 -1.16 -3.87 0.71 3.0 -0.12 1.13 5.71 3.0 2.17 7.38 6.13 4.46 6.75 11.75 8.83 -1.82 -3.89 -6.59 -1.2 -0.78 -4.1 -1.61 2.54 -0.99 -1.61 4.62 1.92 0.46 3.37 4.2 2.75 4.41 7.73 5.86 6.49
1.0 23.89 23.89 23.89 23.89 23.89 23.89 23.89 23.89 23.89 23.89 23.89 23.89 23.89 23.89 23.89 23.89 23.89 23.89 23.89 23.89 -1.79 -4.71 -6.79 -0.12 -1.16 -3.87 0.71 3.0 -0.12 1.13 5.71 3.0 2.17 7.38 6.13 4.46 6.75 11.75 8.83 8.83 -3.89 -6.59 -1.2 -0.78 -4.1 -1.61 2.54 -0.99 -1.61 4.62 1.92 0.46 3.37 4.2 2.75 4.41 7.73 5.86 6.49 10.64
1.0 23.89 23.89 23.89 23.89 23.89 23.89 23.89 23.89 23.89 23.89 23.89 23.89 23.89 23.89 23.89 23.89 23.89 23.89 23.89 23.89 -4.71 -6.79 -0.12 -1.16 -3.87 0.71 3.0 -0.12 1.13 5.71 3.0 2.17 7.38 6.13 4.46 6.75 11.75 8.83 8.83 13.63 -6.59 -1.2 -0.78 -4.1 -1.61 2.54 -0.99 -1.61 4.62 1.92 0.46 3.37 4.2 2.75 4.41 7.73 5.86 6.49 10.64 11.88
1.0 23.89 23.89 23.89 23.89 23.89 23.89 23.89 23.89 23.89 23.89 23.89 23.89 23.89 23.89 23.89 23.89 23.89 23.89 23.89 23.89 -6.79 -0.12 -1.16 -3.87 0.71 3.0 -0.12 1.13 5.71 3.0 2.17 7.38 6.13 4.46 6.75 11.75 8.83 8.83 13.63 12.79 -1.2 -0.78 -4.1 -1.61 2.54 -0.99 -1.61 4.62 1.92 0.46 3.37 4.2 2.75 4.41 7.73 5.86 6.49 10.64 11.88 10.01
1.0 23.89 23.89 23.89 23.89 23.89 23.89 23.89 23.89 23.89 23.89 23.89 23.89 23.89 23.89 23.89 23.89 23.89 23.89 23.89 23.89 -0.12 -1.16 -3.87 0.71 3.0 -0.12 1.13 5.71 3.0 2.17 7.38 6.13 4.46 6.75 11.75 8.83 8.83 13.63 12.79 11.75 -0.78 -4.1 -1.61 2.54 -0.99 -1.61 4.62 1.92 0.46 3.37 4.2 2.75 4.41 7.73 5.86 6.49 10.64 11.88 10.01 12.3
1.0 23.89 23.89 23.89 23.89 23.89 23.89 23.89 23.89 23.89 23.89 23.89 23.89 23.89 23.89 23.89 23.89 23.89 23.89 23.89 23.89 -1.16 -3.87 0.71 3.0 -0.12 1.13 5.71 3.0 2.17 7.38 6.13 4.46 6.75 11.75 8.83 8.83 13.63 12.79 11.75 14.25 -4.1 -1.61 2.54 -0.99 -1.61 4.62 1.92 0.46 3.37 4.2 2.75 4.41 7.73 5.86 6.49 10.64 11.88 10.01 12.3 16.03
1.0 23.89 23.89 23.89 23.89 23.89 23.89 23.89 23.89 23.89 23.89 23.89 23.89 23.89 23.89 23.89 23.89 23.89 23.89 23.89 23.89 -3.87 0.71 3.0 -0.12 1.13 5.71 3.0 2.17 7.38 6.13 4.46 6.75 11.75 8.83 8.83 13.63 12.79 11.75 14.25 15.08 -1.61 2.54 -0.99 -1.61 4.62 1.92 0.46 3.37 4.2 2.75 4.41 7.73 5.86 6.49 10.64 11.88 10.01 12.3 16.03 12.71
1.0 23.89 23.89 23.89 23.89 23.89 23.89 23.89 23.89 23.89 23.89 23.89 23.89 23.89 23.89 23.89 23.89 23.89 23.89 23.89 23.89 0.71 3.0 -0.12 1.13 5.71 3.0 2.17 7.38 6.13 4.46 6.75 11.75 8.83 8.83 13.63 12.79 11.75 14.25 15.08 13.0 2.54 -0.99 -1.61 4.62 1.92 0.46 3.37 4.2 2.75 4.41 7.73 5.86 6.49 10.64 11.88 10.01 12.3 16.03 12.71 13.54
1.0 23.89 23.89 23.89 23.89 23.89 23.89 23.89 23.89 23.89 23.89 23.89 23.89 23.89 23.89 23.89 23.89 23.89 23.89 23.89 23.89 3.0 -0.12 1.13 5.71 3.0 2.17 7.38 6.13 4.46 6.75 11.75 8.83 8.83 13.63 12.79 11.75 14.25 15.08 13.0 14.25 -0.99 -1.61 4.62 1.92 0.46 3.37 4.2 2.75 4.41 7.73 5.86 6.49 10.64 11.88 10.01 12.3 16.03 12.71 13.54 18.32
1.0 23.89 23.89 23.89 23.89 23.89 23.89 23.89 23.89 23.89 23.89 23.89 23.89 23.89 23.89 23.89 23.89 23.89 23.89 23.89 23.89 -0.12 1.13 5.71 3.0 2.17 7.38 6.13 4.46 6.75 11.75 8.83 8.83 13.63 12.79 11.75 14.25 15.08 13.0 14.25 16.33 -1.61 4.62 1.92 0.46 3.37 4.2 2.75 4.41 7.73 5.86 6.49 10.64 11.88 10.01 12.3 16.03 12.71 13.54 18.32 14.37
1.0 23.89 23.89 23.89 23.89 23.89 23.89 23.89 23.89 23.89 23.89 23.89 23.89 23.89 23.89 23.89 23.89 23.89 23.89 23.89 23.89 1.13 5.71 3.0 2.17 7.38 6.13 4.46 6.75 11.75 8.83 8.83 13.63 12.79 11.75 14.25 15.08 13.0 14.25 16.33 14.04 4.62 1.92 0.46 3.37 4.2 2.75 4.41 7.73 5.86 6.49 10.64 11.88 10.01 12.3 16.03 12.71 13.54 18.32 14.37 13.96
1.0 23.89 23.89 23.89 23.89 23.89 23.89 23.89 23.89 23.89 23.89 23.89 23.89 23.89 23.89 23.89 23.89 23.89 23.89 23.89 23.89 5.71 3.0 2.17 7.38 6.13 4.46 6.75 11.75 8.83 8.83 13.63 12.79 11.75 14.25 15.08 13.0 14.25 16.33 14.04 14.88 1.92 0.46 3.37 4.2 2.75 4.41 7.73 5.86 6.49 10.64 11.88 10.01 12.3 16.03 12.71 13.54 18.32 14.37 13.96 18.73
1.0 23.89 23.89 23.89 23.89 23.89 23.89 23.89 23.89 23.89 23.89 23.89 23.89 23.89 23.89 23.89 23.89 23.89 23.89 23.89 23.89 3.0 2.17 7.38 6.13 4.46 6.75 11.75 8.83 8.83 13.63 12.79 11.75 14.25 15.08 13.0 14.25 16.33 14.04 14.88 18.42 0.46 3.37 4.2 2.75 4.41 7.73 5.86 6.49 10.64 11.88 10.01 12.3 16.03 12.71 13.54 18.32 14.37 13.96 18.73 15.2
1.0 23.89 23.89 23.89 23.89 23.89 23.89 23.89 23.89 23.89 23.89 23.89 23.89 23.89 23.89 23.89 23.89 23.89 23.89 23.89 23.89 2.17 7.38 6.13 4.46 6.75 11.75 8.83 8.83 13.63 12.79 11.75 14.25 15.08 13.0 14.25 16.33 14.04 14.88 18.42 15.92 3.37 4.2 2.75 4.41 7.73 5.86 6.49 10.64 11.88 10.01 12.3 16.03 12.71 13.54 18.32 14.37 13.96 18.73 15.2 13.75
1.0 23.89 23.89 23.89 23.89 23.89 23.89 23.89 23.89 23.89 23.89 23.89 23.89 23.89 23.89 23.89 23.89 23.89 23.89 23.89 23.89 7.38 6.13 4.46 6.75 11.75 8.83 8.83 13.63 12.79 11.75 14.25 15.08 13.0 14.25 16.33 14.04 14.88 18.42 15.92 16.12 4.2 2.75 4.41 7.73 5.86 6.49 10.64 11.88 10.01 12.3 16.03 12.71 13.54 18.32 14.37 13.96 18.73 15.2 13.75 19.77
1.0 23.89 23.89 23.89 23.89 23.89 23.89 23.89 23.89 23.89 23.89 23.89 23.89 23.89 23.89 23.89 23.89 23.89 23.89 23.89 23.89 6.13 4.46 6.75 11.75 8.83 8.83 13.63 12.79 11.75 14.25 15.08 13.0 14.25 16.33 14.04 14.88 18.42 15.92 16.12 20.71 2.75 4.41 7.73 5.86 6.49 10.64 11.88 10.01 12.3 16.03 12.71 13.54 18.32 14.37 13.96 18.73 15.2 13.75 19.77 16.87
1.0 23.89 23.89 23.89 23.89 23.89 23.89 23.89 23.89 23.89 23.89 23.89 23.89 23.89 23.89 23.89 23.89 23.89 23.89 23.89 23.89 4.46 6.75 11.75 8.83 8.83 13.63 12.79 11.75 14.25 15.08 13.0 14.25 16.33 14.04 14.88 18.42 15.92 16.12 20.71 17.79 4.41 7.73 5.86 6.49 10.64 11.88 10.01 12.3 16.03 12.71 13.54 18.32 14.37 13.96 18.73 15.2 13.75 19.77 16.87 15.41
1.0 23.89 23.89 23.89 23.89 23.89 23.89 23.89 23.89 23.89 23.89 23.89 23.89 23.89 23.89 23.89 23.89 23.89 23.89 23.89 23.89 6.75 11.75 8.83 8.83 13.63 12.79 11.75 14.25 15.08 13.0 14.25 16.33 14.04 14.88 18.42 15.92 16.12 20.71 17.79 16.96 7.73 5.86 6.49 10.64 11.88 10.01 12.3 16.03 12.71 13.54 18.32 14.37 13.96 18.73 15.2 13.75 19.77 16.87 15.41 21.43
1.0 23.89 23.89 23.89 23.89 23.89 23.89 23.89 23.89 23.89 23.89 23.89 23.89 23.89 23.89 23.89 23.89 23.89 23.89 23.89 23.89 11.75 8.83 8.83 13.63 12.79 11.75 14.25 15.08 13.0 14.25 16.33 14.04 14.88 18.42 15.92 16.12 20.71 17.79 16.96 21.96 5.86 6.49 10.64 11.88 10.01 12.3 16.03 12.71 13.54 18.32 14.37 13.96 18.73 15.2 13.75 19.77 16.87 15.41 21.43 19.77
1.0 23.89 23.89 23.89 23.89 23.89 23.89 23.89 23.89 23.89 23.89 23.89 23.89 23.89 23.89 23.89 23.89 23.89 23.89 23.89 23.89 8.83 8.83 13.63 12.79 11.75 14.25 15.08 13.0 14.25 16.33 14.04 14.88 18.42 15.92 16.12 20.71 17.79 16.96 21.96 19.04 6.49 10.64 11.88 10.01 12.3 16.03 12.71 13.54 18.32 14.37 13.96 18.73 15.2 13.75 19.77 16.87 15.41 21.43 19.77 17.49
1.0 23.89 23.89 23.89 23.89 23.89 23.89 23.89 23.89 23.89 23.89 23.89 23.89 23.89 23.89 23.89 23.89 23.89 23.89 23.89 23.89 8.83 13.63 12.79 11.75 14.25 15.08 13.0 14.25 16.33 14.04 14.88 18.42 15.92 16.12 20.71 17.79 16.96 21.96 19.04 17.79 10.64 11.88 10.01 12.3 16.03 12.71 13.54 18.32 14.37 13.96 18.73 15.2 13.75 19.77 16.87 15.41 21.43 19.77 17.49 22.47
1.0 23.89 23.89 23.89 23.89 23.89 23.89 23.89 23.89 23.89 23.89 23.89 23.89 23.89 23.89 23.89 23.89 23.89 23.89 23.89 23.89 13.63 12.79 11.75 14.25 15.08 13.0 14.25 16.33 14.04 14.88 18.42 15.92 16.12 20.71 17.79 16.96 21.96 19.04 17.79 23.0 11.88 10.01 12.3 16.03 12.71 13.54 18.32 14.37 13.96 18.73 15.2 13.75 19.77 16.87 15.41 21.43 19.77 17.49 22.47 21.85
1.0 23.89 23.89 23.89 23.89 23.89 23.89 23.89 23.89 23.89 23.89 23.89 23.89 23.89 23.89 23.89 23.89 23.89 23.89 23.89 23.89 12.79 11.75 14.25 15.08 13.0 14.25 16.33 14.04 14.88 18.42 15.92 16.12 20.71 17.79 16.96 21.96 19.04 17.79 23.0 21.12 10.01 12.3 16.03 12.71 13.54 18.32 14.37 13.96 18.73 15.2 13.75 19.77 16.87 15.41 21.43 19.77 17.49 22.47 21.85 18.32
1.0 23.89 23.89 23.89 23.89 23.89 23.89 23.89 23.89 23.89 23.89 23.89 23.89 23.89 23.89 23.89 23.89 23.89 23.89 23.89 23.89 11.75 14.25 15.08 13.0 14.25 16.33 14.04 14.88 18.42 15.92 16.12 20.71 17.79 16.96 21.96 19.04 17.79 23.0 21.12 19.04 12.3 16.03 12.71 13.54 18.32 14.37 13.96 18.73 15.2 13.75 19.77 16.87 15.41 21.43 19.77 17.49 22.47 21.85 18.32 21.43
1.0 23.89 23.89 23.89 23.89 23.89 23.89 23.89 23.89 23.89 23.89 23.89 23.89 23.89 23.89 23.89 23.89 23.89 23.89 23.89 23.89 14.25 15.08 13.0 14.25 16.33 14.04 14.88 18.42 15.92 16.12 20.71 17.79 16.96 21.96 19.04 17.79 23.0 21.12 19.04 23.62 16.03 12.71 13.54 18.32 14.37 13.96 18.73 15.2 13.75 19.77 16.87 15.41 21.43 19.77 17.49 22.47 21.85 18.32 21.43 23.3
1.0 23.89 23.89 23.89 23.89 23.89 23.89 23.89 23.89 23.89 23.89 23.89 23.89 23.89 23.89 23.89 23.89 23.89 23.89 23.89 23.89 15.08 13.0 14.25 16.33 14.04 14.88 18.42 15.92 16.12 20.71 17.79 16.96 21.96 19.04 17.79 23.0 21.12 19.04 23.62 22.79 12.71 13.54 18.32 14.37 13.96 18.73 15.2 13.75 19.77 16.87 15.41 21.43 19.77 17.49 22.47 21.85 18.32 21.43 23.3 19.36
1.0 23.89 23.89 23.89 23.89 23.89 23.89 23.89 23.89 23.89 23.89 23.89 23.89 23.89 23.89 23.89 23.89 23.89 23.89 23.89 23.89 13.0 14.25 16.33 14.04 14.88 18.42 15.92 16.12 20.71 17.79 16.96 21.96 19.04 17.79 23.0 21.12 19.04 23.62 22.79 19.67 13.54 18.32 14.37 13.96 18.73 15.2 13.75 19.77 16.87 15.41 21.43 19.77 17.49 22.47 21.85 18.32 21.43 23.3 19.36 20.39
1.0 23.89 23.89 23.89 23.89 23.89 23.89 23.89 23.89 23.89 23.89 23.89 23.89 23.89 23.89 23.89 23.89 23.89 23.89 23.89 23.89 14.25 16.33 14.04 14.88 18.42 15.92 16.12 20.71 17.79 16.96 21.96 19.04 17.79 23.0 21.12 19.04 23.62 22.79 19.67 22.37 18.32 14.37 13.96 18.73 15.2 13.75 19.77 16.87 15.41 21.43 19.77 17.49 22.47 21.85 18.32 21.43 23.3 19.36 20.39 24.75
1.0 23.89 23.89 23.89 23.89 23.89 23.89 23.89 23.89 23.89 23.89 23.89 23.89 23.89 23.89 23.89 23.89 23.89 23.89 23.89 23.89 16.33 14.04 14.88 18.42 15.92 16.12 20.71 17.79 16.96 21.96 19.04 17.79 23.0 21.12 19.04 23.62 22.79 19.67 22.37 24.04 14.37 13.96 18.73 15.2 13.75 19.77 16.87 15.41 21.43 19.77 17.49 22.47 21.85 18.32 21.43 23.3 19.36 20.39 24.75 19.77
1.0 23.89 23.89 23.89 23.89 23.89 23.89 23.89 23.89 23.89 23.89 23.89 23.89 23.89 23.89 23.89 23.89 23.89 23.89 23.89 23.89 14.04 14.88 18.42 15.92 16.12 20.71 17.79 16.96 21.96 19.04 17.79 23.0 21.12 19.04 23.62 22.79 19.67 22.37 24.04 19.87 13.96 18.73 15.2 13.75 19.77 16.87 15.41 21.43 19.77 17.49 22.47 21.85 18.32 21.43 23.3 19.36 20.39 24.75 19.77 18.32
1.0 23.89 23.89 23.89 23.89 23.89 23.89 23.89 23.89 23.89 23.89 23.89 23.89 23.89 23.89 23.89 23.89 23.89 23.89 23.89 23.89 14.88 18.42 15.92 16.12 20.71 17.79 16.96 21.96 19.04 17.79 23.0 21.12 19.04 23.62 22.79 19.67 22.37 24.04 19.87 20.5 18.73 15.2 13.75 19.77 16.87 15.41 21.43 19.77 17.49 22.47 21.85 18.32 21.43 23.3 19.36 20.39 24.75 19.77 18.32 24.13
1.0 23.89 23.89 23.89 23.89 23.89 23.89 23.89 23.89 23.89 23.89 23.89 23.89 23.89 23.89 23.89 23.89 23.89 23.89 23.89 23.89 18.42 15.92 16.12 20.71 17.79 16.96 21.96 19.04 17.79 23.0 21.12 19.04 23.62 22.79 19.67 22.37 24.04 19.87 20.5 24.46 15.2 13.75 19.77 16.87 15.41 21.43 19.77 17.49 22.47 21.85 18.32 21.43 23.3 19.36 20.39 24.75 19.77 18.32 24.13 19.77
1.0 23.89 23.89 23.89 23.89 23.89 23.89 23.89 23.89 23.89 23.89 23.89 23.89 23.89 23.89 23.89 23.89 23.89 23.89 23.89 23.89 15.92 16.12 20.71 17.79 16.96 21.96 19.04 17.79 23.0 21.12 19.04 23.62 22.79 19.67 22.37 24.04 19.87 20.5 24.46 19.87 13.75 19.77 16.87 15.41 21.43 19.77 17.49 22.47 21.85 18.32 21.43 23.3 19.36 20.39 24.75 19.77 18.32 24.13 19.77 16.45
1.0 23.89 23.89 23.89 23.89 23.89 23.89 23.89 23.89 23.89 23.89 23.89 23.89 23.89 23.89 23.89 23.89 23.89 23.89 23.89 23.89 16.12 20.71 17.79 16.96 21.96 19.04 17.79 23.0 21.12 19.04 23.62 22.79 19.67 22.37 24.04 19.87 20.5 24.46 19.87 18.0 19.77 16.87 15.41 21.43 19.77 17.49 22.47 21.85 18.32 21.43 23.3 19.36 20.39 24.75 19.77 18.32 24.13 19.77 16.45 22.26
1.0 23.89 23.89 23.89 23.89 23.89 23.89 23.89 23.89 23.89 23.89 23.89 23.89 23.89 23.89 23.89 23.89 23.89 23.89 23.89 23.89 20.71 17.79 16.96 21.96 19.04 17.79 23.0 21.12 19.04 23.62 22.79 19.67 22.37 24.04 19.87 20.5 24.46 19.87 18.0 23.62 16.87 15.41 21.43 19.77 17.49 22.47 21.85 18.32 21.43 23.3 19.36 20.39 24.75 19.77 18.32 24.13 19.77 16.45 22.26 19.36
1.0 23.89 23.89 23.89 23.89 23.89 23.89 23.89 23.89 23.89 23.89 23.89 23.89 23.89 23.89 23.89 23.89 23.89 23.89 23.89 23.89 17.79 16.96 21.96 19.04 17.79 23.0 21.12 19.04 23.62 22.79 19.67 22.37 24.04 19.87 20.5 24.46 19.87 18.0 23.62 20.29 15.41 21.43 19.77 17.49 22.47 21.85 18.32 21.43 23.3 19.36 20.39 24.75 19.77 18.32 24.13 19.77 16.45 22.26 19.36 16.24
1.0 23.89 23.89 23.89 23.89 23.89 23.89 23.89 23.89 23.89 23.89 23.89 23.89 23.89 23.89 23.89 23.89 23.89 23.89 23.89 23.89 16.96 21.96 19.04 17.79 23.0 21.12 19.04 23.62 22.79 19.67 22.37 24.04 19.87 20.5 24.46 19.87 18.0 23.62 20.29 17.37 21.43 19.77 17.49 22.47 21.85 18.32 21.43 23.3 19.36 20.39 24.75 19.77 18.32 24.13 19.77 16.45 22.26 19.36 16.24 18.53
1.0 23.89 23.89 23.89 23.89 23.89 23.89 23.89 23.89 23.89 23.89 23.89 23.89 23.89 23.89 23.89 23.89 23.89 23.89 23.89 23.89 21.96 19.04 17.79 23.0 21.12 19.04 23.62 22.79 19.67 22.37 24.04 19.87 20.5 24.46 19.87 18.0 23.62 20.29 17.37 20.92 19.77 17.49 22.47 21.85 18.32 21.43 23.3 19.36 20.39 24.75 19.77 18.32 24.13 19.77 16.45 22.26 19.36 16.24 18.53 19.15
1.0 23.89 23.89 23.89 23.89 23.89 23.89 23.89 23.89 23.89 23.89 23.89 23.89 23.89 23.89 23.89 23.89 23.89 23.89 23.89 23.89 19.04 17.79 23.0 21.12 19.04 23.62 22.79 19.67 22.37 24.04 19.87 20.5 24.46 19.87 18.0 23.62 20.29 17.37 20.92 20.5 17.49 22.47 21.85 18.32 21.43 23.3 19.36 20.39 24.75 19.77 18.32 24.13 19.77 16.45 22.26 19.36 16.24 18.53 19.15 16.03
1.0 23.89 23.89 23.89 23.89 23.89 23.89 23.89 23.89 23.89 23.89 23.89 23.89 23.89 23.89 23.89 23.89 23.89 23.89 23.89 23.89 17.79 23.0 21.12 19.04 23.62 22.79 19.67 22.37 24.04 19.87 20.5 24.46 19.87 18.0 23.62 20.29 17.37 20.92 20.5 17.58 22.47 21.85 18.32 21.43 23.3 19.36 20.39 24.75 19.77 18.32 24.13 19.77 16.45 22.26 19.36 16.24 18.53 19.15 16.03 15.0
1.0 23.89 23.89 23.89 23.89 23.89 23.89 23.89 23.89 23.89 23.89 23.89 23.89 23.89 23.89 23.89 23.89 23.89 23.89 23.89 23.89 23.0 21.12 19.04 23.62 22.79 19.67 22.37 24.04 19.87 20.5 24.46 19.87 18.0 23.62 20.29 17.37 20.92 20.5 17.58 19.25 21.85 18.32 21.43 23.3 19.36 20.39 24.75 19.77 18.32 24.13 19.77 16.45 22.26 19.36 16.24 18.53 19.15 16.03 15.0 17.9
1.0 23.89 23.89 23.89 23.89 23.89 23.89 23.89 23.89 23.89 23.89 23.89 23.89 23.89 23.89 23.89 23.89 23.89 23.89 23.89 23.89 21.12 19.04 23.62 22.79 19.67 22.37 24.04 19.87 20.5 24.46 19.87 18.0 23.62 20.29 17.37 20.92 20.5 17.58 19.25 19.87 18.32 21.43 23.3 19.36 20.39 24.75 19.77 18.32 24.13 19.77 16.45 22.26 19.36 16.24 18.53 19.15 16.03 15.0 17.9 15.62
1.0 23.89 23.89 23.89 23.89 23.89 23.89 23.89 23.89 23.89 23.89 23.89 23.89 23.89 23.89 23.89 23.89 23.89 23.89 23.89 23.89 19.04 23.62 22.79 19.67 22.37 24.04 19.87 20.5 24.46 19.87 18.0 23.62 20.29 17.37 20.92 20.5 17.58 19.25 19.87 17.37 21.43 23.3 19.36 20.39 24.75 19.77 18.32 24.13 19.77 16.45 22.26 19.36 16.24 18.53 19.15 16.03 15.0 17.9 15.62 13.54
1.0 23.89 23.89 23.89 23.89 23.89 23.89 23.89 23.89 23.89 23.89 23.89 23.89 23.89 23.89 23.89 23.89 23.89 23.89 23.89 23.89 23.62 22.79 19.67 22.37 24.04 19.87 20.5 24.46 19.87 18.0 23.62 20.29 17.37 20.92 20.5 17.58 19.25 19.87 17.37 14.88 23.3 19.36 20.39 24.75 19.77 18.32 24.13 19.77 16.45 22.26 19.36 16.24 18.53 19.15 16.03 15.0 17.9 15.62 13.54 11.68
1.0 23.89 23.89 23.89 23.89 23.89 23.89 23.89 23.89 23.89 23.89 23.89 23.89 23.89 23.89 23.89 23.89 23.89 23.89 23.89 23.89 22.79 19.67 22.37 24.04 19.87 20.5 24.46 19.87 18.0 23.62 20.29 17.37 20.92 20.5 17.58 19.25 19.87 17.37 14.88 12.58 19.36 20.39 24.75 19.77 18.32 24.13 19.77 16.45 22.26 19.36 16.24 18.53 19.15 16.03 15.0 17.9 15.62 13.54 11.68 10.64
1.0 23.89 23.89 23.89 23.89 23.89 23.89 23.89 23.89 23.89 23.89 23.89 23.89 23.89 23.89 23.89 23.89 23.89 23.89 23.89 23.89 19.67 22.37 24.04 19.87 20.5 24.46 19.87 18.0 23.62 20.29 17.37 20.92 20.5 17.58 19.25 19.87 17.37 14.88 12.58 11.33 20.39 24.75 19.77 18.32 24.13 19.77 16.45 22.26 19.36 16.24 18.53 19.15 16.03 15.0 17.9 15.62 13.54 11.68 10.64 9.6
1.0 23.89 23.89 23.89 23.89 23.89 23.89 23.89 23.89 23.89 23.89 23.89 23.89 23.89 23.89 23.89 23.89 23.89 23.89 23.89 23.89 22.37 24.04 19.87 20.5 24.46 19.87 18.0 23.62 20.29 17.37 20.92 20.5 17.58 19.25 19.87 17.37 14.88 12.58 11.33 9.46 24.75 19.77 18.32 24.13 19.77 16.45 22.26 19.36 16.24 18.53 19.15 16.03 15.0 17.9 15.62 13.54 11.68 10.64 9.6 7.52
1.0 23.89 23.89 23.89 23.89 23.89 23.89 23.89 23.89 23.89 23.89 23.89 23.89 23.89 23.89 23.89 23.89 23.89 23.89 23.89 23.89 24.04 19.87 20.5 24.46 19.87 18.0 23.62 20.29 17.37 20.92 20.5 17.58 19.25 19.87 17.37 14.88 12.58 11.33 9.46 7.17 19.77 18.32 24.13 19.77 16.45 22.26 19.36 16.24 18.53 19.15 16.03 15.0 17.9 15.62 13.54 11.68 10.64 9.6 7.52 6.49
1.0 23.89 23.89 23.89 23.89 23.89 23.89 23.89 23.89 23.89 23.89 23.89 23.89 23.89 23.89 23.89 23.89 23.89 23.89 23.89 23.89 19.87 20.5 24.46 19.87 18.0 23.62 20.29 17.37 20.92 20.5 17.58 19.25 19.87 17.37 14.88 12.58 11.33 9.46 7.17 6.54 18.32 24.13 19.77 16.45 22.26 19.36 16.24 18.53 19.15 16.03 15.0 17.9 15.62 13.54 11.68 10.64 9.6 7.52 6.49 5.65
1.0 23.89 23.89 23.89 23.89 23.89 23.89 23.89 23.89 23.89 23.89 23.89 23.89 23.89 23.89 23.89 23.89 23.89 23.89 23.89 23.89 20.5 24.46 19.87 18.0 23.62 20.29 17.37 20.92 20.5 17.58 19.25 19.87 17.37 14.88 12.58 11.33 9.46 7.17 6.54 5.29 24.13 19.77 16.45 22.26 19.36 16.24 18.53 19.15 16.03 15.0 17.9 15.62 13.54 11.68 10.64 9.6 7.52 6.49 5.65 3.58
1.0 23.89 23.89 23.89 23.89 23.89 23.89 23.89 23.89 23.89 23.89 23.89 23.89 23.89 23.89 23.89 23.89 23.89 23.89 23.89 23.89 24.46 19.87 18.0 23.62 20.29 17.37 20.92 20.5 17.58 19.25 19.87 17.37 14.88 12.58 11.33 9.46 7.17 6.54 5.29 3.0 19.77 16.45 22.26 19.36 16.24 18.53 19.15 16.03 15.0 17.9 15.62 13.54 11.68 10.64 9.6 7.52 6.49 5.65 3.58 2.33
1.0 23.89 23.89 23.89 23.89 23.89 23.89 23.89 23.89 23.89 23.89 23.89 23.89 23.89 23.89 23.89 23.89 23.89 23.89 23.89 23.89 19.87 18.0 23.62 20.29 17.37 20.92 20.5 17.58 19.25 19.87 17.37 14.88 12.58 11.33 9.46 7.17 6.54 5.29 3.0 1.96 16.45 22.26 19.36 16.24 18.53 19.15 16.03 15.0 17.9 15.62 13.54 11.68 10.64 9.6 7.52 6.49 5.65 3.58 2.33 2.13
1.0 23.89 23.89 23.89 23.89 23.89 23.89 23.89 23.89 23.89 23.89 23.89 23.89 23.89 23.89 23.89 23.89 23.89 23.89 23.89 23.89 18.0 23.62 20.29 17.37 20.92 20.5 17.58 19.25 19.87 17.37 14.88 12.58 11.33 9.46 7.17 6.54 5.29 3.0 1.96 1.13 22.26 19.36 16.24 18.53 19.15 16.03 15.0 17.9 15.62 13.54 11.68 10.64 9.6 7.52 6.49 5.65 3.58 2.33 2.13 0.05
1.0 23.89 23.89 23.89 23.89 23.89 23.89 23.89 23.89 23.89 23.89 23.89 23.89 23.89 23.89 23.89 23.89 23.89 23.89 23.89 23.89 23.62 20.29 17.37 20.92 20.5 17.58 19.25 19.87 17.37 14.88 12.58 11.33 9.46 7.17 6.54 5.29 3.0 1.96 1.13 -0.75 19.36 16.24 18.53 19.15 16.03 15.0 17.9 15.62 13.54 11.68 10.64 9.6 7.52 6.49 5.65 3.58 2.33 2.13 0.05 -1.2
1.0 23.89 23.89 23.89 23.89 23.89 23.89 23.89 23.89 23.89 23.89 23.89 23.89 23.89 23.89 23.89 23.89 23.89 23.89 23.89 23.89 20.29 17.37 20.92 20.5 17.58 19.25 19.87 17.37 14.88 12.58 11.33 9.46 7.17 6.54 5.29 3.0 1.96 1.13 -0.75 -1.79 16.24 18.53 19.15 16.03 15.0 17.9 15.62 13.54 11.68 10.64 9.6 7.52 6.49 5.65 3.58 2.33 2.13 0.05 -1.2 -1.4
1.0 23.89 23.89 23.89 23.89 23.89 23.89 23.89 23.89 23.89 23.89 23.89 23.89 23.89 23.89 23.89 23.89 23.89 23.89 23.89 23.89 17.37 20.92 20.5 17.58 19.25 19.87 17.37 14.88 12.58 11.33 9.46 7.17 6.54 5.29 3.0 1.96 1.13 -0.75 -1.79 -2.21 18.53 19.15 16.03 15.0 17.9 15.62 13.54 11.68 10.64 9.6 7.52 6.49 5.65 3.58 2.33 2.13 0.05 -1.2 -1.4 -2.86
1.0 23.89 23.89 23.89 23.89 23.89 23.89 23.89 23.89 23.89 23.89 23.89 23.89 23.89 23.89 23.89 23.89 23.89 23.89 23.89 23.89 20.92 20.5 17.58 19.25 19.87 17.37 14.88 12.58 11.33 9.46 7.17 6.54 5.29 3.0 1.96 1.13 -0.75 -1.79 -2.21 -3.87 19.15 16.03 15.0 17.9 15.62 13.54 11.68 10.64 9.6 7.52 6.49 5.65 3.58 2.33 2.13 0.05 -1.2 -1.4 -2.86 -4.31
1.0 23.89 23.89 23.89 23.89 23.89 23.89 23.89 23.89 23.89 23.89 23.89 23.89 23.89 23.89 23.89 23.89 23.89 23.89 23.89 23.89 20.5 17.58 19.25 19.87 17.37 14.88 12.58 11.33 9.46 7.17 6.54 5.29 3.0 1.96 1.13 -0.75 -1.79 -2.21 -3.87 -4.91 16.03 15.0 17.9 15.62 13.54 11.68 10.64 9.6 7.52 6.49 5.65 3.58 2.33 2.13 0.05 -1.2 -1.4 -2.86 -4.31 -4.1
1.0 23.89 23.89 23.89 23.89 23.89 23.89 23.89 23.89 23.89 23.89 23.89 23.89 23.89 23.89 23.89 23.89 23.89 23.89 23.89 23.89 17.58 19.25 19.87 17.37 14.88 12.58 11.33 9.46 7.17 6.54 5.29 3.0 1.96 1.13 -0.75 -1.79 -2.21 -3.87 -4.91 -5.12 15.0 17.9 15.62 13.54 11.68 10.64 9.6 7.52 6.49 5.65 3.58 2.33 2.13 0.05 -1.2 -1.4 -2.86 -4.31 -4.1 -4.93
1.0 23.89 23.89 23.89 23.89 23.89 23.89 23.89 23.89 23.89 23.89 23.89 23.89 23.89 23.89 23.89 23.89 23.89 23.89 23.89 23.89 19.25 19.87 17.37 14.88 12.58 11.33 9.46 7.17 6.54 5.29 3.0 1.96 1.13 -0.75 -1.79 -2.21 -3.87 -4.91 -5.12 -6.37 17.9 15.62 13.54 11.68 10.64 9.6 7.52 6.49 5.65 3.58 2.33 2.13 0.05 -1.2 -1.4 -2.86 -4.31 -4.1 -4.93 -6.59
1.0 23.89 23.89 23.89 23.89 23.89 23.89 23.89 23.89 23.89 23.89 23.89 23.89 23.89 23.89 23.89 23.89 23.89 23.89 23.89 23.89 19.87 17.37 14.88 12.58 11.33 9.46 7.17 6.54 5.29 3.0 1.96 1.13 -0.75 -1.79 -2.21 -3.87 -4.91 -5.12 -6.37 -7.62 15.62 13.54 11.68 10.64 9.6 7.52 6.49 5.65 3.58 2.33 2.13 0.05 -1.2 -1.4 -2.86 -4.31 -4.1 -4.93 -6.59 -6.8
1.0 23.89 23.89 23.89 23.89 23.89 23.89 23.89 23.89 23.89 23.89 23.89 23.89 23.89 23.89 23.89 23.89 23.89 23.89 23.89 23.89 17.37 14.88 12.58 11.33 9.46 7.17 6.54 5.29 3.0 1.96 1.13 -0.75 -1.79 -2.21 -3.87 -4.91 -5.12 -6.37 -7.62 -7.83 13.54 11.68 10.64 9.6 7.52 6.49 5.65 3.58 2.33 2.13 0.05 -1.2 -1.4 -2.86 -4.31 -4.1 -4.93 -6.59 -6.8 -7.63
1.0 23.89 23.89 23.89 23.89 23.89 23.89 23.89 23.89 23.89 23.89 23.89 23.89 23.89 23.89 23.89 23.89 23.89 23.89 23.89 23.89 14.88 12.58 11.33 9.46 7.17 6.54 5.29 3.0 1.96 1.13 -0.75 -1.79 -2.21 -3.87 -4.91 -5.12 -6.37 -7.62 -7.83 -8.87 11.68 10.64 9.6 7.52 6.49 5.65 3.58 2.33 2.13 0.05 -1.2 -1.4 -2.86 -4.31 -4.1 -4.93 -6.59 -6.8 -7.63 -9.08
1.0 23.89 23.89 23.89 23.89 23.89 23.89 23.89 23.89 23.89 23.89 23.89 23.89 23.89 23.89 23.89 23.89 23.89 23.89 23.89 23.89 12.58 11.33 9.46 7.17 6.54 5.29 3.0 1.96 1.13 -0.75 -1.79 -2.21 -3.87 -4.91 -5.12 -6.37 -7.62 -7.83 -8.87 -10.12 10.64 9.6 7.52 6.49 5.65 3.58 2.33 2.13 0.05 -1.2 -1.4 -2.86 -4.31 -4.1 -4.93 -6.59 -6.8 -7.63 -9.08 -9.71
1.0 23.89 23.89 23.89 23.89 23.89 23.89 23.89 23.89 23.89 23.89 23.89 23.89 23.89 23.89 23.89 23.89 23.89 23.89 23.89 23.89 11.33 9.46 7.17 6.54 5.29 3.0 1.96 1.13 -0.75 -1.79 -2.21 -3.87 -4.91 -5.12 -6.37 -7.62 -7.83 -8.87 -10.12 -10.75 9.6 7.52 6.49 5.65 3.58 2.33 2.13 0.05 -1.2 -1.4 -2.86 -4.31 -4.1 -4.93 -6.59 -6.8 -7.63 -9.08 -9.71 -10.12
1.0 23.89 23.89 23.89 23.89 23.89 23.89 23.89 23.89 23.89 23.89 23.89 23.89 23.89 23.89 23.89 23.89 23.89 23.89 23.89 23.89 9.46 7.17 6.54 5.29 3.0 1.96 1.13 -0.75 -1.79 -2.21 -3.87 -4.91 -5.12 -6.37 -7.62 -7.83 -8.87 -10.12 -10.75 -11.37 7.52 6.49 5.65 3.58 2.33 2.13 0.05 -1.2 -1.4 -2.86 -4.31 -4.1 -4.93 -6.59 -6.8 -7.63 -9.08 -9.71 -10.12 -11.16
1.0 23.89 23.89 23.89 23.89 23.89 23.89 23.89 23.89 23.89 23.89 23.89 23.89 23.89 23.89 23.89 23.89 23.89 23.89 23.89 23.89 7.17 6.54 5.29 3.0 1.96 1.13 -0.75 -1.79 -2.21 -3.87 -4.91 -5.12 -6.37 -7.62 -7.83 -8.87 -10.12 -10.75 -11.37 -12.41 6.49 5.65 3.58 2.33 2.13 0.05 -1.2 -1.4 -2.86 -4.31 -4.1 -4.93 -6.59 -6.8 -7.63 -9.08 -9.71 -10.12 -11.16 -11.99
1.0 23.89 23.89 23.89 23.89 23.89 23.89 23.89 23.89 23.89 23.89 23.89 23.89 23.89 23.89 23.89 23.89 23.89 23.89 23.89 23.89 6.54 5.29 3.0 1.96 1.13 -0.75 -1.79 -2.21 -3.87 -4.91 -5.12 -6.37 -7.62 -7.83 -8.87 -10.12 -10.75 -11.37 -12.41 -13.04 5.65 3.58 2.33 2.13 0.05 -1.2 -1.4 -2.86 -4.31 -4.1 -4.93 -6.59 -6.8 -7.63 -9.08 -9.71 -10.12 -11.16 -11.99 -12.61
1.0 23.89 23.89 23.89 23.89 23.89 23.89 23.89 23.89 23.89 23.89 23.89 23.89 23.89 23.89 23.89 23.89 23.89 23.89 23.89 23.89 5.29 3.0 1.96 1.13 -0.75 -1.79 -2.21 -3.87 -4.91 -5.12 -6.37 -7.62 -7.83 -8.87 -10.12 -10.75 -11.37 -12.41 -13.04 -13.87 3.58 2.33 2.13 0.05 -1.2 -1.4 -2.86 -4.31 -4.1 -4.93 -6.59 -6.8 -7.63 -9.08 -9.71 -10.12 -11.16 -11.99 -12.61 -13.44
1.0 23.89 23.89 23.89 23.89 23.89 23.89 23.89 23.89 23.89 23.89 23.89 23.89 23.89 23.89 23.89 23.89 23.89 23.89 23.89 23.89 3.0 1.96 1.13 -0.75 -1.79 -2.21 -3.87 -4.91 -5.12 -6.37 -7.62 -7.83 -8.87 -10.12 -10.75 -11.37 -12.41 -13.04 -13.87 -14.7 2.33 2.13 0.05 -1.2 -1.4 -2.86 -4.31 -4.1 -4.93 -6.59 -6.8 -7.63 -9.08 -9.71 -10.12 -11.16 -11.99 -12.61 -13.44 -14.48
1.0 23.89 23.89 23.89 23.89 23.89 23.89 23.89 23.89 23.89 23.89 23.89 23.89 23.89 23.89 23.89 23.89 23.89 23.89 23.89 23.89 1.96 1.13 -0.75 -1.79 -2.21 -3.87 -4.91 -5.12 -6.37 -7.62 -7.83 -8.87 -10.12 -10.75 -11.37 -12.41 -13.04 -13.87 -14.7 -15.54 2.13 0.05 -1.2 -1.4 -2.86 -4.31 -4.1 -4.93 -6.59 -6.8 -7.63 -9.08 -9.71 -10.12 -11.16 -11.99 -12.61 -13.44 -14.48 -14.9
1.0 23.89 23.89 23.89 23.89 23.89 23.89 23.89 23.89 23.89 23.89 23.89 23.89 23.89 23.89 23.89 23.89 23.89 23.89 23.89 23.89 1.13 -0.75 -1.79 -2.21 -3.87 -4.91 -5.12 -6.37 -7.62 -7.83 -8.87 -10.12 -10.75 -11.37 -12.41 -13.04 -13.87 -14.7 -15.54 -15.95 0.05 -1.2 -1.4 -2.86 -4.31 -4.1 -4.93 -6.59 -6.8 -7.63 -9.08 -9.71 -10.12 -11.16 -11.99 -12.61 -13.44 -14.48 -14.9 -15.52
1.0 23.89 23.89 23.89 23.89 23.89 23.89 23.89 23.89 23.89 23.89 23.89 23.89 23.89 23.89 23.89 23.89 23.89 23.89 23.89 23.89 -0.75 -1.79 -2.21 -3.87 -4.91 -5.12 -6.37 -7.62 -7.83 -8.87 -10.12 -10.75 -11.37 -12.41 -13.04 -13.87 -14.7 -15.54 -15.95 -16.58 -1.2 -1.4 -2.86 -4.31 -4.1 -4.93 -6.59 -6.8 -7.63 -9.08 -9.71 -10.12 -11.16 -11.99 -12.61 -13.44 -14.48 -14.9 -15.52 -11.58
1.0 23.89 23.89 23.89 23.89 23.89 23.89 23.89 23.89 23.89 23.89 23.89 23.89 23.89 23.89 23.89 23.89 23.89 23.89 23.89 23.89 -1.79 -2.21 -3.87 -4.91 -5.12 -6.37 -7.62 -7.83 -8.87 -10.12 -10.75 -11.37 -12.41 -13.04 -13.87 -14.7 -15.54 -15.95 -16.58 -10.54 -1.4 -2.86 -4.31 -4.1 -4.93 -6.59 -6.8 -7.63 -9.08 -9.71 -10.12 -11.16 -11.99 -12.61 -13.44 -14.48 -14.9 -15.52 -11.58 -9.5
1.0 23.89 23.89 23.89 23.89 23.89 23.89 23.89 23.89 23.89 23.89 23.89 23.89 23.89 23.89 23.89 23.89 23.89 23.89 23.89 23.89 -2.21 -3.87 -4.91 -5.12 -6.37 -7.62 -7.83 -8.87 -10.12 -10.75 -11.37 -12.41 -13.04 -13.87 -14.7 -15.54 -15.95 -16.58 -10.54 -10.75 -2.86 -4.31 -4.1 -4.93 -6.59 -6.8 -7.63 -9.08 -9.71 -10.12 -11.16 -11.99 -12.61 -13.44 -14.48 -14.9 -15.52 -11.58 -9.5 -11.99
1.0 23.89 23.89 23.89 23.89 23.89 23.89 23.89 23.89 23.89 23.89 23.89 23.89 23.89 23.89 23.89 23.89 23.89 23.89 23.89 23.89 -3.87 -4.91 -5.12 -6.37 -7.62 -7.83 -8.87 -10.12 -10.75 -11.37 -12.41 -13.04 -13.87 -14.7 -15.54 -15.95 -16.58 -10.54 -10.75 -12.41 -4.31 -4.1 -4.93 -6.59 -6.8 -7.63 -9.08 -9.71 -10.12 -11.16 -11.99 -12.61 -13.44 -14.48 -14.9 -15.52 -11.58 -9.5 -11.99 -8.05
1.0 23.89 23.89 23.89 23.89 23.89 23.89 23.89 23.89 23.89 23.89 23.89 23.89 23.89 23.89 23.89 23.89 23.89 23.89 23.89 23.89 -4.91 -5.12 -6.37 -7.62 -7.83 -8.87 -10.12 -10.75 -11.37 -12.41 -13.04 -13.87 -14.7 -15.54 -15.95 -16.58 -10.54 -10.75 -12.41 -7.0 -4.1 -4.93 -6.59 -6.8 -7.63 -9.08 -9.71 -10.12 -11.16 -11.99 -12.61 -13.44 -14.48 -14.9 -15.52 -11.58 -9.5 -11.99 -8.05 -4.73
1.0 23.89 23.89 23.89 23.89 23.89 23.89 23.89 23.89 23.89 23.89 23.89 23.89 23.89 23.89 23.89 23.89 23.89 23.89 23.89 23.89 -5.12 -6.37 -7.62 -7.83 -8.87 -10.12 -10.75 -11.37 -12.41 -13.04 -13.87 -14.7 -15.54 -15.95 -16.58 -10.54 -10.75 -12.41 -7.0 -6.37 -4.93 -6.59 -6.8 -7.63 -9.08 -9.71 -10.12 -11.16 -11.99 -12.61 -13.44 -14.48 -14.9 -15.52 -11.58 -9.5 -11.99 -8.05 -4.73 -8.05
1.0 23.89 23.89 23.89 23.89 23.89 23.89 23.89 23.89 23.89 23.89 23.89 23.89 23.89 23.89 23.89 23.89 23.89 23.89 23.89 23.89 -6.37 -7.62 -7.83 -8.87 -10.12 -10.75 -11.37 -12.41 -13.04 -13.87 -14.7 -15.54 -15.95 -16.58 -10.54 -10.75 -12.41 -7.0 -6.37 -8.66 -6.59 -6.8 -7.63 -9.08 -9.71 -10.12 -11.16 -11.99 -12.61 -13.44 -14.48 -14.9 -15.52 -11.58 -9.5 -11.99 -8.05 -4.73 -8.05 -6.59
1.0 23.89 23.89 23.89 23.89 23.89 23.89 23.89 23.89 23.89 23.89 23.89 23.89 23.89 23.89 23.89 23.89 23.89 23.89 23.89 23.89 -7.62 -7.83 -8.87 -10.12 -10.75 -11.37 -12.41 -13.04 -13.87 -14.7 -15.54 -15.95 -16.58 -10.54 -10.75 -12.41 -7.0 -6.37 -8.66 -5.33 -6.8 -7.63 -9.08 -9.71 -10.12 -11.16 -11.99 -12.61 -13.44 -14.48 -14.9 -15.52 -11.58 -9.5 -11.99 -8.05 -4.73 -8.05 -6.59 -0.78
1.0 23.89 23.89 23.89 23.89 23.89 23.89 23.89 23.89 23.89 23.89 23.89 23.89 23.89 23.89 23.89 23.89 23.89 23.89 23.89 23.89 -7.83 -8.87 -10.12 -10.75 -11.37 -12.41 -13.04 -13.87 -14.7 -15.54 -15.95 -16.58 -10.54 -10.75 -12.41 -7.0 -6.37 -8.66 -5.33 -2.21 -7.63 -9.08 -9.71 -10.12 -11.16 -11.99 -12.61 -13.44 -14.48 -14.9 -15.52 -11.58 -9.5 -11.99 -8.05 -4.73 -8.05 -6.59 -0.78 -4.73
1.0 23.89 23.89 23.89 23.89 23.89 23.89 23.89 23.89 23.89 23.89 23.89 23.89 23.89 23.89 23.89 23.89 23.89 23.89 23.89 23.89 -8.87 -10.12 -10.75 -11.37 -12.41 -13.04 -13.87 -14.7 -15.54 -15.95 -16.58 -10.54 -10.75 -12.41 -7.0 -6.37 -8.66 -5.33 -2.21 -5.33 -9.08 -9.71 -10.12 -11.16 -11.99 -12.61 -13.44 -14.48 -14.9 -15.52 -11.58 -9.5 -11.99 -8.05 -4.73 -8.05 -6.59 -0.78 -4.73 -6.18
1.0 23.89 23.89 23.89 23.89 23.89 23.89 23.89 23.89 23.89 23.89 23.89 23.89 23.89 23.89 23.89 23.89 23.89 23.89 23.89 23.89 -10.12 -10.75 -11.37 -12.41 -13.04 -13.87 -14.7 -15.54 -15.95 -16.58 -10.54 -10.75 -12.41 -7.0 -6.37 -8.66 -5.33 -2.21 -5.33 -4.71 -9.71 -10.12 -11.16 -11.99 -12.61 -13.44 -14.48 -14.9 -15.52 -11.58 -9.5 -11.99 -8.05 -4.73 -8.05 -6.59 -0.78 -4.73 -6.18 1.3
1.0 23.89 23.89 23.89 23.89 23.89 23.89 23.89 23.89 23.89 23.89 23.89 23.89 23.89 23.89 23.89 23.89 23.89 23.89 23.89 23.89 -10.75 -11.37 -12.41 -13.04 -13.87 -14.7 -15.54 -15.95 -16.58 -10.54 -10.75 -12.41 -7.0 -6.37 -8.66 -5.33 -2.21 -5.33 -4.71 1.34 -10.12 -11.16 -11.99 -12.61 -13.44 -14.48 -14.9 -15.52 -11.58 -9.5 -11.99 -8.05 -4.73 -8.05 -6.59 -0.78 -4.73 -6.18 1.3 -1.82
1.0 23.89 23.89 23.89 23.89 23.89 23.89 23.89 23.89 23.89 23.89 23.89 23.89 23.89 23.89 23.89 23.89 23.89 23.89 23.89 23.89 -11.37 -12.41 -13.04 -13.87 -14.7 -15.54 -15.95 -16.58 -10.54 -10.75 -12.41 -7.0 -6.37 -8.66 -5.33 -2.21 -5.33 -4.71 1.34 -2.0 -11.16 -11.99 -12.61 -13.44 -14.48 -14.9 -15.52 -11.58 -9.5 -11.99 -8.05 -4.73 -8.05 -6.59 -0.78 -4.73 -6.18 1.3 -1.82 -4.31
1.0 23.89 23.89 23.89 23.89 23.89 23.89 23.89 23.89 23.89 23.89 23.89 23.89 23.89 23.89 23.89 23.89 23.89 23.89 23.89 23.89 -12.41 -13.04 -13.87 -14.7 -15.54 -15.95 -16.58 -10.54 -10.75 -12.41 -7.0 -6.37 -8.66 -5.33 -2.21 -5.33 -4.71 1.34 -2.0 -3.46 -11.99 -12.61 -13.44 -14.48 -14.9 -15.52 -11.58 -9.5 -11.99 -8.05 -4.73 -8.05 -6.59 -0.78 -4.73 -6.18 1.3 -1.82 -4.31 1.5
1.0 23.89 23.89 23.89 23.89 23.89 23.89 23.89 23.89 23.89 23.89 23.89 23.89 23.89 23.89 23.89 23.89 23.89 23.89 23.89 23.89 -13.04 -13.87 -14.7 -15.54 -15.95 -16.58 -10.54 -10.75 -12.41 -7.0 -6.37 -8.66 -5.33 -2.21 -5.33 -4.71 1.34 -2.0 -3.46 3.21 -12.61 -13.44 -14.48 -14.9 -15.52 -11.58 -9.5 -11.99 -8.05 -4.73 -8.05 -6.59 -0.78 -4.73 -6.18 1.3 -1.82 -4.31 1.5 1.5
1.0 23.89 23.89 23.89 23.89 23.89 23.89 23.89 23.89 23.89 23.89 23.89 23.89 23.89 23.89 23.89 23.89 23.89 23.89 23.89 23.89 -13.87 -14.7 -15.54 -15.95 -16.58 -10.54 -10.75 -12.41 -7.0 -6.37 -8.66 -5.33 -2.21 -5.33 -4.71 1.34 -2.0 -3.46 3.21 1.75 -13.44 -14.48 -14.9 -15.52 -11.58 -9.5 -11.99 -8.05 -4.73 -8.05 -6.59 -0.78 -4.73 -6.18 1.3 -1.82 -4.31 1.5 1.5 -1.4
1.0 23.89 23.89 23.89 23.89 23.89 23.89 23.89 23.89 23.89 23.89 23.89 23.89 23.89 23.89 23.89 23.89 23.89 23.89 23.89 23.89 -14.7 -15.54 -15.95 -16.58 -10.54 -10.75 -12.41 -7.0 -6.37 -8.66 -5.33 -2.21 -5.33 -4.71 1.34 -2.0 -3.46 3.21 1.75 -0.54 -14.48 -14.9 -15.52 -11.58 -9.5 -11.99 -8.05 -4.73 -8.05 -6.59 -0.78 -4.73 -6.18 1.3 -1.82 -4.31 1.5 1.5 -1.4 0.67
1.0 23.89 23.89 23.89 23.89 23.89 23.89 23.89 23.89 23.89 23.89 23.89 23.89 23.89 23.89 23.89 23.89 23.89 23.89 23.89 23.89 -15.54 -15.95 -16.58 -10.54 -10.75 -12.41 -7.0 -6.37 -8.66 -5.33 -2.21 -5.33 -4.71 1.34 -2.0 -3.46 3.21 1.75 -0.54 4.25 -14.9 -15.52 -11.58 -9.5 -11.99 -8.05 -4.73 -8.05 -6.59 -0.78 -4.73 -6.18 1.3 -1.82 -4.31 1.5 1.5 -1.4 0.67 3.99
