0.0 -2.0 -3.87 -4.7 -4.91 -6.15 -7.6 -7.6 -8.84 -10.09 -10.71 -11.54 -12.58 -13.41 -13.82 -15.06 -15.69 -16.31 -17.14 -17.97 -18.59 -0.33 -0.75 -1.79 -3.46 -3.87 -4.71 -6.16 -6.79 -7.62 -8.87 -9.7 -10.12 -11.37 -12.2 -12.83 -13.66 -14.5 -15.12 -15.95 -14.91 0.26 -0.57 -2.44 -2.86 -3.27 -4.93 -5.76 -5.97 -7.42 -8.46 -9.08 -9.92 -11.16 -11.58 -12.41 -13.24 -13.86 -14.69 -15.52 -15.73
0.0 -3.87 -4.7 -4.91 -6.15 -7.6 -7.6 -8.84 -10.09 -10.71 -11.54 -12.58 -13.41 -13.82 -15.06 -15.69 -16.31 -17.14 -17.97 -18.59 -17.97 -0.75 -1.79 -3.46 -3.87 -4.71 -6.16 -6.79 -7.62 -8.87 -9.7 -10.12 -11.37 -12.2 -12.83 -13.66 -14.5 -15.12 -15.95 -14.91 -13.04 -0.57 -2.44 -2.86 -3.27 -4.93 -5.76 -5.97 -7.42 -8.46 -9.08 -9.92 -11.16 -11.58 -12.41 -13.24 -13.86 -14.69 -15.52 -15.73 -16.14
0.0 -4.7 -4.91 -6.15 -7.6 -7.6 -8.84 -10.09 -10.71 -11.54 -12.58 -13.41 -13.82 -15.06 -15.69 -16.31 -17.14 -17.97 -18.59 -17.97 -9.47 -1.79 -3.46 -3.87 -4.71 -6.16 -6.79 -7.62 -8.87 -9.7 -10.12 -11.37 -12.2 -12.83 -13.66 -14.5 -15.12 -15.95 -14.91 -13.04 -14.29 -2.44 -2.86 -3.27 -4.93 -5.76 -5.97 -7.42 -8.46 -9.08 -9.92 -11.16 -11.58 -12.41 -13.24 -13.86 -14.69 -15.52 -15.73 -16.14 -13.24
0.0 -4.91 -6.15 -7.6 -7.6 -8.84 -10.09 -10.71 -11.54 -12.58 -13.41 -13.82 -15.06 -15.69 -16.31 -17.14 -17.97 -18.59 -17.97 -9.47 -10.71 -3.46 -3.87 -4.71 -6.16 -6.79 -7.62 -8.87 -9.7 -10.12 -11.37 -12.2 -12.83 -13.66 -14.5 -15.12 -15.95 -14.91 -13.04 -14.29 -11.16 -2.86 -3.27 -4.93 -5.76 -5.97 -7.42 -8.46 -9.08 -9.92 -11.16 -11.58 -12.41 -13.24 -13.86 -14.69 -15.52 -15.73 -16.14 -13.24 -6.59
0.0 -6.15 -7.6 -7.6 -8.84 -10.09 -10.71 -11.54 -12.58 -13.41 -13.82 -15.06 -15.69 -16.31 -17.14 -17.97 -18.59 -17.97 -9.47 -10.71 -12.58 -3.87 -4.71 -6.16 -6.79 -7.62 -8.87 -9.7 -10.12 -11.37 -12.2 -12.83 -13.66 -14.5 -15.12 -15.95 -14.91 -13.04 -14.29 -11.16 -7.2 -3.27 -4.93 -5.76 -5.97 -7.42 -8.46 -9.08 -9.92 -11.16 -11.58 -12.41 -13.24 -13.86 -14.69 -15.52 -15.73 -16.14 -13.24 -6.59 -9.29
0.0 -7.6 -7.6 -8.84 -10.09 -10.71 -11.54 -12.58 -13.41 -13.82 -15.06 -15.69 -16.31 -17.14 -17.97 -18.59 -17.97 -9.47 -10.71 -12.58 -4.91 -4.71 -6.16 -6.79 -7.62 -8.87 -9.7 -10.12 -11.37 -12.2 -12.83 -13.66 -14.5 -15.12 -15.95 -14.91 -13.04 -14.29 -11.16 -7.2 -9.5 -4.93 -5.76 -5.97 -7.42 -8.46 -9.08 -9.92 -11.16 -11.58 -12.41 -13.24 -13.86 -14.69 -15.52 -15.73 -16.14 -13.24 -6.59 -9.29 -9.92
0.0 -7.6 -8.84 -10.09 -10.71 -11.54 -12.58 -13.41 -13.82 -15.06 -15.69 -16.31 -17.14 -17.97 -18.59 -17.97 -9.47 -10.71 -12.58 -4.91 -5.32 -6.16 -6.79 -7.62 -8.87 -9.7 -10.12 -11.37 -12.2 -12.83 -13.66 -14.5 -15.12 -15.95 -14.91 -13.04 -14.29 -11.16 -7.2 -9.5 -9.08 -5.76 -5.97 -7.42 -8.46 -9.08 -9.92 -11.16 -11.58 -12.41 -13.24 -13.86 -14.69 -15.52 -15.73 -16.14 -13.24 -6.59 -9.29 -9.92 -2.23
0.0 -8.84 -10.09 -10.71 -11.54 -12.58 -13.41 -13.82 -15.06 -15.69 -16.31 -17.14 -17.97 -18.59 -17.97 -9.47 -10.71 -12.58 -4.91 -5.32 -8.22 -6.79 -7.62 -8.87 -9.7 -10.12 -11.37 -12.2 -12.83 -13.66 -14.5 -15.12 -15.95 -14.91 -13.04 -14.29 -11.16 -7.2 -9.5 -9.08 -2.62 -5.97 -7.42 -8.46 -9.08 -9.92 -11.16 -11.58 -12.41 -13.24 -13.86 -14.69 -15.52 -15.73 -16.14 -13.24 -6.59 -9.29 -9.92 -2.23 -5.14
0.0 -10.09 -10.71 -11.54 -12.58 -13.41 -13.82 -15.06 -15.69 -16.31 -17.14 -17.97 -18.59 -17.97 -9.47 -10.71 -12.58 -4.91 -5.32 -8.22 -3.66 -7.62 -8.87 -9.7 -10.12 -11.37 -12.2 -12.83 -13.66 -14.5 -15.12 -15.95 -14.91 -13.04 -14.29 -11.16 -7.2 -9.5 -9.08 -2.62 -5.95 -7.42 -8.46 -9.08 -9.92 -11.16 -11.58 -12.41 -13.24 -13.86 -14.69 -15.52 -15.73 -16.14 -13.24 -6.59 -9.29 -9.92 -2.23 -5.14 -7.63
0.0 -10.71 -11.54 -12.58 -13.41 -13.82 -15.06 -15.69 -16.31 -17.14 -17.97 -18.59 -17.97 -9.47 -10.71 -12.58 -4.91 -5.32 -8.22 -3.66 -1.17 -8.87 -9.7 -10.12 -11.37 -12.2 -12.83 -13.66 -14.5 -15.12 -15.95 -14.91 -13.04 -14.29 -11.16 -7.2 -9.5 -9.08 -2.62 -5.95 -7.2 -8.46 -9.08 -9.92 -11.16 -11.58 -12.41 -13.24 -13.86 -14.69 -15.52 -15.73 -16.14 -13.24 -6.59 -9.29 -9.92 -2.23 -5.14 -7.63 -1.2
0.0 -11.54 -12.58 -13.41 -13.82 -15.06 -15.69 -16.31 -17.14 -17.97 -18.59 -17.97 -9.47 -10.71 -12.58 -4.91 -5.32 -8.22 -3.66 -1.17 -4.91 -9.7 -10.12 -11.37 -12.2 -12.83 -13.66 -14.5 -15.12 -15.95 -14.91 -13.04 -14.29 -11.16 -7.2 -9.5 -9.08 -2.62 -5.95 -7.2 -0.33 -9.08 -9.92 -11.16 -11.58 -12.41 -13.24 -13.86 -14.69 -15.52 -15.73 -16.14 -13.24 -6.59 -9.29 -9.92 -2.23 -5.14 -7.63 -1.2 -1.61
0.0 -12.58 -13.41 -13.82 -15.06 -15.69 -16.31 -17.14 -17.97 -18.59 -17.97 -9.47 -10.71 -12.58 -4.91 -5.32 -8.22 -3.66 -1.17 -4.91 -3.46 -10.12 -11.37 -12.2 -12.83 -13.66 -14.5 -15.12 -15.95 -14.91 -13.04 -14.29 -11.16 -7.2 -9.5 -9.08 -2.62 -5.95 -7.2 -0.33 -2.41 -9.92 -11.16 -11.58 -12.41 -13.24 -13.86 -14.69 -15.52 -15.73 -16.14 -13.24 -6.59 -9.29 -9.92 -2.23 -5.14 -7.63 -1.2 -1.61 -4.93
0.0 -13.41 -13.82 -15.06 -15.69 -16.31 -17.14 -17.97 -18.59 -17.97 -9.47 -10.71 -12.58 -4.91 -5.32 -8.22 -3.66 -1.17 -4.91 -3.46 2.35 -11.37 -12.2 -12.83 -13.66 -14.5 -15.12 -15.95 -14.91 -13.04 -14.29 -11.16 -7.2 -9.5 -9.08 -2.62 -5.95 -7.2 -0.33 -2.41 -4.91 -11.16 -11.58 -12.41 -13.24 -13.86 -14.69 -15.52 -15.73 -16.14 -13.24 -6.59 -9.29 -9.92 -2.23 -5.14 -7.63 -1.2 -1.61 -4.93 -1.82
0.0 -13.82 -15.06 -15.69 -16.31 -17.14 -17.97 -18.59 -17.97 -9.47 -10.71 -12.58 -4.91 -5.32 -8.22 -3.66 -1.17 -4.91 -3.46 2.35 -1.38 -12.2 -12.83 -13.66 -14.5 -15.12 -15.95 -14.91 -13.04 -14.29 -11.16 -7.2 -9.5 -9.08 -2.62 -5.95 -7.2 -0.33 -2.41 -4.91 0.71 -11.58 -12.41 -13.24 -13.86 -14.69 -15.52 -15.73 -16.14 -13.24 -6.59 -9.29 -9.92 -2.23 -5.14 -7.63 -1.2 -1.61 -4.93 -1.82 1.5
0.0 -15.06 -15.69 -16.31 -17.14 -17.97 -18.59 -17.97 -9.47 -10.71 -12.58 -4.91 -5.32 -8.22 -3.66 -1.17 -4.91 -3.46 2.35 -1.38 -3.46 -12.83 -13.66 -14.5 -15.12 -15.95 -14.91 -13.04 -14.29 -11.16 -7.2 -9.5 -9.08 -2.62 -5.95 -7.2 -0.33 -2.41 -4.91 0.71 1.34 -12.41 -13.24 -13.86 -14.69 -15.52 -15.73 -16.14 -13.24 -6.59 -9.29 -9.92 -2.23 -5.14 -7.63 -1.2 -1.61 -4.93 -1.82 1.5 -2.03
0.0 -15.69 -16.31 -17.14 -17.97 -18.59 -17.97 -9.47 -10.71 -12.58 -4.91 -5.32 -8.22 -3.66 -1.17 -4.91 -3.46 2.35 -1.38 -3.46 4.01 -13.66 -14.5 -15.12 -15.95 -14.91 -13.04 -14.29 -11.16 -7.2 -9.5 -9.08 -2.62 -5.95 -7.2 -0.33 -2.41 -4.91 0.71 1.34 -1.79 -13.24 -13.86 -14.69 -15.52 -15.73 -16.14 -13.24 -6.59 -9.29 -9.92 -2.23 -5.14 -7.63 -1.2 -1.61 -4.93 -1.82 1.5 -2.03 -2.23
0.0 -16.31 -17.14 -17.97 -18.59 -17.97 -9.47 -10.71 -12.58 -4.91 -5.32 -8.22 -3.66 -1.17 -4.91 -3.46 2.35 -1.38 -3.46 4.01 1.73 -14.5 -15.12 -15.95 -14.91 -13.04 -14.29 -11.16 -7.2 -9.5 -9.08 -2.62 -5.95 -7.2 -0.33 -2.41 -4.91 0.71 1.34 -1.79 0.71 -13.86 -14.69 -15.52 -15.73 -16.14 -13.24 -6.59 -9.29 -9.92 -2.23 -5.14 -7.63 -1.2 -1.61 -4.93 -1.82 1.5 -2.03 -2.23 3.79
0.0 -17.14 -17.97 -18.59 -17.97 -9.47 -10.71 -12.58 -4.91 -5.32 -8.22 -3.66 -1.17 -4.91 -3.46 2.35 -1.38 -3.46 4.01 1.73 -1.17 -15.12 -15.95 -14.91 -13.04 -14.29 -11.16 -7.2 -9.5 -9.08 -2.62 -5.95 -7.2 -0.33 -2.41 -4.91 0.71 1.34 -1.79 0.71 4.88 -14.69 -15.52 -15.73 -16.14 -13.24 -6.59 -9.29 -9.92 -2.23 -5.14 -7.63 -1.2 -1.61 -4.93 -1.82 1.5 -2.03 -2.23 3.79 0.88
0.0 -17.97 -18.59 -17.97 -9.47 -10.71 -12.58 -4.91 -5.32 -8.22 -3.66 -1.17 -4.91 -3.46 2.35 -1.38 -3.46 4.01 1.73 -1.17 2.56 -15.95 -14.91 -13.04 -14.29 -11.16 -7.2 -9.5 -9.08 -2.62 -5.95 -7.2 -0.33 -2.41 -4.91 0.71 1.34 -1.79 0.71 4.88 1.75 -15.52 -15.73 -16.14 -13.24 -6.59 -9.29 -9.92 -2.23 -5.14 -7.63 -1.2 -1.61 -4.93 -1.82 1.5 -2.03 -2.23 3.79 0.88 -0.78
0.0 -18.59 -17.97 -9.47 -10.71 -12.58 -4.91 -5.32 -8.22 -3.66 -1.17 -4.91 -3.46 2.35 -1.38 -3.46 4.01 1.73 -1.17 2.56 4.01 -14.91 -13.04 -14.29 -11.16 -7.2 -9.5 -9.08 -2.62 -5.95 -7.2 -0.33 -2.41 -4.91 0.71 1.34 -1.79 0.71 4.88 1.75 1.13 -15.73 -16.14 -13.24 -6.59 -9.29 -9.92 -2.23 -5.14 -7.63 -1.2 -1.61 -4.93 -1.82 1.5 -2.03 -2.23 3.79 0.88 -0.78 2.96
0.0 -17.97 -9.47 -10.71 -12.58 -4.91 -5.32 -8.22 -3.66 -1.17 -4.91 -3.46 2.35 -1.38 -3.46 4.01 1.73 -1.17 2.56 4.01 1.11 -13.04 -14.29 -11.16 -7.2 -9.5 -9.08 -2.62 -5.95 -7.2 -0.33 -2.41 -4.91 0.71 1.34 -1.79 0.71 4.88 1.75 1.13 6.13 -16.14 -13.24 -6.59 -9.29 -9.92 -2.23 -5.14 -7.63 -1.2 -1.61 -4.93 -1.82 1.5 -2.03 -2.23 3.79 0.88 -0.78 2.96 3.37
0.0 -9.47 -10.71 -12.58 -4.91 -5.32 -8.22 -3.66 -1.17 -4.91 -3.46 2.35 -1.38 -3.46 4.01 1.73 -1.17 2.56 4.01 1.11 1.11 -14.29 -11.16 -7.2 -9.5 -9.08 -2.62 -5.95 -7.2 -0.33 -2.41 -4.91 0.71 1.34 -1.79 0.71 4.88 1.75 1.13 6.13 5.29 -13.24 -6.59 -9.29 -9.92 -2.23 -5.14 -7.63 -1.2 -1.61 -4.93 -1.82 1.5 -2.03 -2.23 3.79 0.88 -0.78 2.96 3.37 1.71
0.0 -10.71 -12.58 -4.91 -5.32 -8.22 -3.66 -1.17 -4.91 -3.46 2.35 -1.38 -3.46 4.01 1.73 -1.17 2.56 4.01 1.11 1.11 5.67 -11.16 -7.2 -9.5 -9.08 -2.62 -5.95 -7.2 -0.33 -2.41 -4.91 0.71 1.34 -1.79 0.71 4.88 1.75 1.13 6.13 5.29 3.63 -6.59 -9.29 -9.92 -2.23 -5.14 -7.63 -1.2 -1.61 -4.93 -1.82 1.5 -2.03 -2.23 3.79 0.88 -0.78 2.96 3.37 1.71 2.96
0.0 -12.58 -4.91 -5.32 -8.22 -3.66 -1.17 -4.91 -3.46 2.35 -1.38 -3.46 4.01 1.73 -1.17 2.56 4.01 1.11 1.11 5.67 3.8 -7.2 -9.5 -9.08 -2.62 -5.95 -7.2 -0.33 -2.41 -4.91 0.71 1.34 -1.79 0.71 4.88 1.75 1.13 6.13 5.29 3.63 6.13 -9.29 -9.92 -2.23 -5.14 -7.63 -1.2 -1.61 -4.93 -1.82 1.5 -2.03 -2.23 3.79 0.88 -0.78 2.96 3.37 1.71 2.96 5.86
0.0 -4.91 -5.32 -8.22 -3.66 -1.17 -4.91 -3.46 2.35 -1.38 -3.46 4.01 1.73 -1.17 2.56 4.01 1.11 1.11 5.67 3.8 3.18 -9.5 -9.08 -2.62 -5.95 -7.2 -0.33 -2.41 -4.91 0.71 1.34 -1.79 0.71 4.88 1.75 1.13 6.13 5.29 3.63 6.13 9.46 -9.92 -2.23 -5.14 -7.63 -1.2 -1.61 -4.93 -1.82 1.5 -2.03 -2.23 3.79 0.88 -0.78 2.96 3.37 1.71 2.96 5.86 4.41
0.0 -5.32 -8.22 -3.66 -1.17 -4.91 -3.46 2.35 -1.38 -3.46 4.01 1.73 -1.17 2.56 4.01 1.11 1.11 5.67 3.8 3.18 5.04 -9.08 -2.62 -5.95 -7.2 -0.33 -2.41 -4.91 0.71 1.34 -1.79 0.71 4.88 1.75 1.13 6.13 5.29 3.63 6.13 9.46 6.75 -2.23 -5.14 -7.63 -1.2 -1.61 -4.93 -1.82 1.5 -2.03 -2.23 3.79 0.88 -0.78 2.96 3.37 1.71 2.96 5.86 4.41 4.82
0.0 -8.22 -3.66 -1.17 -4.91 -3.46 2.35 -1.38 -3.46 4.01 1.73 -1.17 2.56 4.01 1.11 1.11 5.67 3.8 3.18 5.04 8.98 -2.62 -5.95 -7.2 -0.33 -2.41 -4.91 0.71 1.34 -1.79 0.71 4.88 1.75 1.13 6.13 5.29 3.63 6.13 9.46 6.75 6.96 -5.14 -7.63 -1.2 -1.61 -4.93 -1.82 1.5 -2.03 -2.23 3.79 0.88 -0.78 2.96 3.37 1.71 2.96 5.86 4.41 4.82 8.98
0.0 -3.66 -1.17 -4.91 -3.46 2.35 -1.38 -3.46 4.01 1.73 -1.17 2.56 4.01 1.11 1.11 5.67 3.8 3.18 5.04 8.98 6.7 -5.95 -7.2 -0.33 -2.41 -4.91 0.71 1.34 -1.79 0.71 4.88 1.75 1.13 6.13 5.29 3.63 6.13 9.46 6.75 6.96 11.75 -7.63 -1.2 -1.61 -4.93 -1.82 1.5 -2.03 -2.23 3.79 0.88 -0.78 2.96 3.37 1.71 2.96 5.86 4.41 4.82 8.98 9.81
0.0 -1.17 -4.91 -3.46 2.35 -1.38 -3.46 4.01 1.73 -1.17 2.56 4.01 1.11 1.11 5.67 3.8 3.18 5.04 8.98 6.7 7.32 -7.2 -0.33 -2.41 -4.91 0.71 1.34 -1.79 0.71 4.88 1.75 1.13 6.13 5.29 3.63 6.13 9.46 6.75 6.96 11.75 11.96 -1.2 -1.61 -4.93 -1.82 1.5 -2.03 -2.23 3.79 0.88 -0.78 2.96 3.37 1.71 2.96 5.86 4.41 4.82 8.98 9.81 8.56
0.0 -4.91 -3.46 2.35 -1.38 -3.46 4.01 1.73 -1.17 2.56 4.01 1.11 1.11 5.67 3.8 3.18 5.04 8.98 6.7 7.32 14.37 -0.33 -2.41 -4.91 0.71 1.34 -1.79 0.71 4.88 1.75 1.13 6.13 5.29 3.63 6.13 9.46 6.75 6.96 11.75 11.96 10.92 -1.61 -4.93 -1.82 1.5 -2.03 -2.23 3.79 0.88 -0.78 2.96 3.37 1.71 2.96 5.86 4.41 4.82 8.98 9.81 8.56 9.81
0.0 -3.46 2.35 -1.38 -3.46 4.01 1.73 -1.17 2.56 4.01 1.11 1.11 5.67 3.8 3.18 5.04 8.98 6.7 7.32 14.37 11.47 -2.41 -4.91 0.71 1.34 -1.79 0.71 4.88 1.75 1.13 6.13 5.29 3.63 6.13 9.46 6.75 6.96 11.75 11.96 10.92 13.42 -4.93 -1.82 1.5 -2.03 -2.23 3.79 0.88 -0.78 2.96 3.37 1.71 2.96 5.86 4.41 4.82 8.98 9.81 8.56 9.81 15.2
0.0 2.35 -1.38 -3.46 4.01 1.73 -1.17 2.56 4.01 1.11 1.11 5.67 3.8 3.18 5.04 8.98 6.7 7.32 14.37 11.47 11.06 -4.91 0.71 1.34 -1.79 0.71 4.88 1.75 1.13 6.13 5.29 3.63 6.13 9.46 6.75 6.96 11.75 11.96 10.92 13.42 15.71 -1.82 1.5 -2.03 -2.23 3.79 0.88 -0.78 2.96 3.37 1.71 2.96 5.86 4.41 4.82 8.98 9.81 8.56 9.81 15.2 11.47
0.0 -1.38 -3.46 4.01 1.73 -1.17 2.56 4.01 1.11 1.11 5.67 3.8 3.18 5.04 8.98 6.7 7.32 14.37 11.47 11.06 16.45 0.71 1.34 -1.79 0.71 4.88 1.75 1.13 6.13 5.29 3.63 6.13 9.46 6.75 6.96 11.75 11.96 10.92 13.42 15.71 12.79 1.5 -2.03 -2.23 3.79 0.88 -0.78 2.96 3.37 1.71 2.96 5.86 4.41 4.82 8.98 9.81 8.56 9.81 15.2 11.47 11.47
0.0 -3.46 4.01 1.73 -1.17 2.56 4.01 1.11 1.11 5.67 3.8 3.18 5.04 8.98 6.7 7.32 14.37 11.47 11.06 16.45 14.37 1.34 -1.79 0.71 4.88 1.75 1.13 6.13 5.29 3.63 6.13 9.46 6.75 6.96 11.75 11.96 10.92 13.42 15.71 12.79 13.0 -2.03 -2.23 3.79 0.88 -0.78 2.96 3.37 1.71 2.96 5.86 4.41 4.82 8.98 9.81 8.56 9.81 15.2 11.47 11.47 17.28
0.0 4.01 1.73 -1.17 2.56 4.01 1.11 1.11 5.67 3.8 3.18 5.04 8.98 6.7 7.32 14.37 11.47 11.06 16.45 14.37 11.89 -1.79 0.71 4.88 1.75 1.13 6.13 5.29 3.63 6.13 9.46 6.75 6.96 11.75 11.96 10.92 13.42 15.71 12.79 13.0 16.33 -2.23 3.79 0.88 -0.78 2.96 3.37 1.71 2.96 5.86 4.41 4.82 8.98 9.81 8.56 9.81 15.2 11.47 11.47 17.28 13.96
0.0 1.73 -1.17 2.56 4.01 1.11 1.11 5.67 3.8 3.18 5.04 8.98 6.7 7.32 14.37 11.47 11.06 16.45 14.37 11.89 16.03 0.71 4.88 1.75 1.13 6.13 5.29 3.63 6.13 9.46 6.75 6.96 11.75 11.96 10.92 13.42 15.71 12.79 13.0 16.33 13.42 3.79 0.88 -0.78 2.96 3.37 1.71 2.96 5.86 4.41 4.82 8.98 9.81 8.56 9.81 15.2 11.47 11.47 17.28 13.96 11.88
0.0 -1.17 2.56 4.01 1.11 1.11 5.67 3.8 3.18 5.04 8.98 6.7 7.32 14.37 11.47 11.06 16.45 14.37 11.89 16.03 15.82 4.88 1.75 1.13 6.13 5.29 3.63 6.13 9.46 6.75 6.96 11.75 11.96 10.92 13.42 15.71 12.79 13.0 16.33 13.42 13.21 0.88 -0.78 2.96 3.37 1.71 2.96 5.86 4.41 4.82 8.98 9.81 8.56 9.81 15.2 11.47 11.47 17.28 13.96 11.88 17.07
0.0 2.56 4.01 1.11 1.11 5.67 3.8 3.18 5.04 8.98 6.7 7.32 14.37 11.47 11.06 16.45 14.37 11.89 16.03 15.82 12.92 1.75 1.13 6.13 5.29 3.63 6.13 9.46 6.75 6.96 11.75 11.96 10.92 13.42 15.71 12.79 13.0 16.33 13.42 13.21 16.96 -0.78 2.96 3.37 1.71 2.96 5.86 4.41 4.82 8.98 9.81 8.56 9.81 15.2 11.47 11.47 17.28 13.96 11.88 17.07 14.58
0.0 4.01 1.11 1.11 5.67 3.8 3.18 5.04 8.98 6.7 7.32 14.37 11.47 11.06 16.45 14.37 11.89 16.03 15.82 12.92 16.24 1.13 6.13 5.29 3.63 6.13 9.46 6.75 6.96 11.75 11.96 10.92 13.42 15.71 12.79 13.0 16.33 13.42 13.21 16.96 14.25 2.96 3.37 1.71 2.96 5.86 4.41 4.82 8.98 9.81 8.56 9.81 15.2 11.47 11.47 17.28 13.96 11.88 17.07 14.58 12.92
0.0 1.11 1.11 5.67 3.8 3.18 5.04 8.98 6.7 7.32 14.37 11.47 11.06 16.45 14.37 11.89 16.03 15.82 12.92 16.24 16.86 6.13 5.29 3.63 6.13 9.46 6.75 6.96 11.75 11.96 10.92 13.42 15.71 12.79 13.0 16.33 13.42 13.21 16.96 14.25 13.63 3.37 1.71 2.96 5.86 4.41 4.82 8.98 9.81 8.56 9.81 15.2 11.47 11.47 17.28 13.96 11.88 17.07 14.58 12.92 18.53
0.0 1.11 5.67 3.8 3.18 5.04 8.98 6.7 7.32 14.37 11.47 11.06 16.45 14.37 11.89 16.03 15.82 12.92 16.24 16.86 14.17 5.29 3.63 6.13 9.46 6.75 6.96 11.75 11.96 10.92 13.42 15.71 12.79 13.0 16.33 13.42 13.21 16.96 14.25 13.63 18.42 1.71 2.96 5.86 4.41 4.82 8.98 9.81 8.56 9.81 15.2 11.47 11.47 17.28 13.96 11.88 17.07 14.58 12.92 18.53 16.45
0.0 5.67 3.8 3.18 5.04 8.98 6.7 7.32 14.37 11.47 11.06 16.45 14.37 11.89 16.03 15.82 12.92 16.24 16.86 14.17 17.07 3.63 6.13 9.46 6.75 6.96 11.75 11.96 10.92 13.42 15.71 12.79 13.0 16.33 13.42 13.21 16.96 14.25 13.63 18.42 16.54 2.96 5.86 4.41 4.82 8.98 9.81 8.56 9.81 15.2 11.47 11.47 17.28 13.96 11.88 17.07 14.58 12.92 18.53 16.45 14.17
0.0 3.8 3.18 5.04 8.98 6.7 7.32 14.37 11.47 11.06 16.45 14.37 11.89 16.03 15.82 12.92 16.24 16.86 14.17 17.07 19.35 6.13 9.46 6.75 6.96 11.75 11.96 10.92 13.42 15.71 12.79 13.0 16.33 13.42 13.21 16.96 14.25 13.63 18.42 16.54 15.08 5.86 4.41 4.82 8.98 9.81 8.56 9.81 15.2 11.47 11.47 17.28 13.96 11.88 17.07 14.58 12.92 18.53 16.45 14.17 19.15
0.0 3.18 5.04 8.98 6.7 7.32 14.37 11.47 11.06 16.45 14.37 11.89 16.03 15.82 12.92 16.24 16.86 14.17 17.07 19.35 16.03 9.46 6.75 6.96 11.75 11.96 10.92 13.42 15.71 12.79 13.0 16.33 13.42 13.21 16.96 14.25 13.63 18.42 16.54 15.08 20.08 4.41 4.82 8.98 9.81 8.56 9.81 15.2 11.47 11.47 17.28 13.96 11.88 17.07 14.58 12.92 18.53 16.45 14.17 19.15 19.15
0.0 5.04 8.98 6.7 7.32 14.37 11.47 11.06 16.45 14.37 11.89 16.03 15.82 12.92 16.24 16.86 14.17 17.07 19.35 16.03 17.28 6.75 6.96 11.75 11.96 10.92 13.42 15.71 12.79 13.0 16.33 13.42 13.21 16.96 14.25 13.63 18.42 16.54 15.08 20.08 18.42 4.82 8.98 9.81 8.56 9.81 15.2 11.47 11.47 17.28 13.96 11.88 17.07 14.58 12.92 18.53 16.45 14.17 19.15 19.15 16.45
0.0 8.98 6.7 7.32 14.37 11.47 11.06 16.45 14.37 11.89 16.03 15.82 12.92 16.24 16.86 14.17 17.07 19.35 16.03 17.28 22.25 6.96 11.75 11.96 10.92 13.42 15.71 12.79 13.0 16.33 13.42 13.21 16.96 14.25 13.63 18.42 16.54 15.08 20.08 18.42 17.17 8.98 9.81 8.56 9.81 15.2 11.47 11.47 17.28 13.96 11.88 17.07 14.58 12.92 18.53 16.45 14.17 19.15 19.15 16.45 19.77
0.0 6.7 7.32 14.37 11.47 11.06 16.45 14.37 11.89 16.03 15.82 12.92 16.24 16.86 14.17 17.07 19.35 16.03 17.28 22.25 18.31 11.75 11.96 10.92 13.42 15.71 12.79 13.0 16.33 13.42 13.21 16.96 14.25 13.63 18.42 16.54 15.08 20.08 18.42 17.17 21.54 9.81 8.56 9.81 15.2 11.47 11.47 17.28 13.96 11.88 17.07 14.58 12.92 18.53 16.45 14.17 19.15 19.15 16.45 19.77 21.43
0.0 7.32 14.37 11.47 11.06 16.45 14.37 11.89 16.03 15.82 12.92 16.24 16.86 14.17 17.07 19.35 16.03 17.28 22.25 18.31 17.28 11.96 10.92 13.42 15.71 12.79 13.0 16.33 13.42 13.21 16.96 14.25 13.63 18.42 16.54 15.08 20.08 18.42 17.17 21.54 21.12 8.56 9.81 15.2 11.47 11.47 17.28 13.96 11.88 17.07 14.58 12.92 18.53 16.45 14.17 19.15 19.15 16.45 19.77 21.43 18.11
0.0 14.37 11.47 11.06 16.45 14.37 11.89 16.03 15.82 12.92 16.24 16.86 14.17 17.07 19.35 16.03 17.28 22.25 18.31 17.28 23.91 10.92 13.42 15.71 12.79 13.0 16.33 13.42 13.21 16.96 14.25 13.63 18.42 16.54 15.08 20.08 18.42 17.17 21.54 21.12 18.62 9.81 15.2 11.47 11.47 17.28 13.96 11.88 17.07 14.58 12.92 18.53 16.45 14.17 19.15 19.15 16.45 19.77 21.43 18.11 19.36
0.0 11.47 11.06 16.45 14.37 11.89 16.03 15.82 12.92 16.24 16.86 14.17 17.07 19.35 16.03 17.28 22.25 18.31 17.28 23.91 20.18 13.42 15.71 12.79 13.0 16.33 13.42 13.21 16.96 14.25 13.63 18.42 16.54 15.08 20.08 18.42 17.17 21.54 21.12 18.62 21.54 15.2 11.47 11.47 17.28 13.96 11.88 17.07 14.58 12.92 18.53 16.45 14.17 19.15 19.15 16.45 19.77 21.43 18.11 19.36 23.72
0.0 11.06 16.45 14.37 11.89 16.03 15.82 12.92 16.24 16.86 14.17 17.07 19.35 16.03 17.28 22.25 18.31 17.28 23.91 20.18 17.69 15.71 12.79 13.0 16.33 13.42 13.21 16.96 14.25 13.63 18.42 16.54 15.08 20.08 18.42 17.17 21.54 21.12 18.62 21.54 23.21 11.47 11.47 17.28 13.96 11.88 17.07 14.58 12.92 18.53 16.45 14.17 19.15 19.15 16.45 19.77 21.43 18.11 19.36 23.72 19.15
0.0 16.45 14.37 11.89 16.03 15.82 12.92 16.24 16.86 14.17 17.07 19.35 16.03 17.28 22.25 18.31 17.28 23.91 20.18 17.69 23.91 12.79 13.0 16.33 13.42 13.21 16.96 14.25 13.63 18.42 16.54 15.08 20.08 18.42 17.17 21.54 21.12 18.62 21.54 23.21 19.87 11.47 17.28 13.96 11.88 17.07 14.58 12.92 18.53 16.45 14.17 19.15 19.15 16.45 19.77 21.43 18.11 19.36 23.72 19.15 18.32
0.0 14.37 11.89 16.03 15.82 12.92 16.24 16.86 14.17 17.07 19.35 16.03 17.28 22.25 18.31 17.28 23.91 20.18 17.69 23.91 21.21 13.0 16.33 13.42 13.21 16.96 14.25 13.63 18.42 16.54 15.08 20.08 18.42 17.17 21.54 21.12 18.62 21.54 23.21 19.87 20.5 17.28 13.96 11.88 17.07 14.58 12.92 18.53 16.45 14.17 19.15 19.15 16.45 19.77 21.43 18.11 19.36 23.72 19.15 18.32 24.34
0.0 11.89 16.03 15.82 12.92 16.24 16.86 14.17 17.07 19.35 16.03 17.28 22.25 18.31 17.28 23.91 20.18 17.69 23.91 21.21 17.69 16.33 13.42 13.21 16.96 14.25 13.63 18.42 16.54 15.08 20.08 18.42 17.17 21.54 21.12 18.62 21.54 23.21 19.87 20.5 24.67 13.96 11.88 17.07 14.58 12.92 18.53 16.45 14.17 19.15 19.15 16.45 19.77 21.43 18.11 19.36 23.72 19.15 18.32 24.34 20.19
0.0 16.03 15.82 12.92 16.24 16.86 14.17 17.07 19.35 16.03 17.28 22.25 18.31 17.28 23.91 20.18 17.69 23.91 21.21 17.69 21.84 13.42 13.21 16.96 14.25 13.63 18.42 16.54 15.08 20.08 18.42 17.17 21.54 21.12 18.62 21.54 23.21 19.87 20.5 24.67 20.5 11.88 17.07 14.58 12.92 18.53 16.45 14.17 19.15 19.15 16.45 19.77 21.43 18.11 19.36 23.72 19.15 18.32 24.34 20.19 17.07
0.0 15.82 12.92 16.24 16.86 14.17 17.07 19.35 16.03 17.28 22.25 18.31 17.28 23.91 20.18 17.69 23.91 21.21 17.69 21.84 22.04 13.21 16.96 14.25 13.63 18.42 16.54 15.08 20.08 18.42 17.17 21.54 21.12 18.62 21.54 23.21 19.87 20.5 24.67 20.5 18.62 17.07 14.58 12.92 18.53 16.45 14.17 19.15 19.15 16.45 19.77 21.43 18.11 19.36 23.72 19.15 18.32 24.34 20.19 17.07 22.89
0.0 12.92 16.24 16.86 14.17 17.07 19.35 16.03 17.28 22.25 18.31 17.28 23.91 20.18 17.69 23.91 21.21 17.69 21.84 22.04 17.9 16.96 14.25 13.63 18.42 16.54 15.08 20.08 18.42 17.17 21.54 21.12 18.62 21.54 23.21 19.87 20.5 24.67 20.5 18.62 24.46 14.58 12.92 18.53 16.45 14.17 19.15 19.15 16.45 19.77 21.43 18.11 19.36 23.72 19.15 18.32 24.34 20.19 17.07 22.89 19.98
0.0 16.24 16.86 14.17 17.07 19.35 16.03 17.28 22.25 18.31 17.28 23.91 20.18 17.69 23.91 21.21 17.69 21.84 22.04 17.9 19.14 14.25 13.63 18.42 16.54 15.08 20.08 18.42 17.17 21.54 21.12 18.62 21.54 23.21 19.87 20.5 24.67 20.5 18.62 24.46 20.71 12.92 18.53 16.45 14.17 19.15 19.15 16.45 19.77 21.43 18.11 19.36 23.72 19.15 18.32 24.34 20.19 17.07 22.89 19.98 16.87
0.0 16.86 14.17 17.07 19.35 16.03 17.28 22.25 18.31 17.28 23.91 20.18 17.69 23.91 21.21 17.69 21.84 22.04 17.9 19.14 21.42 13.63 18.42 16.54 15.08 20.08 18.42 17.17 21.54 21.12 18.62 21.54 23.21 19.87 20.5 24.67 20.5 18.62 24.46 20.71 17.79 18.53 16.45 14.17 19.15 19.15 16.45 19.77 21.43 18.11 19.36 23.72 19.15 18.32 24.34 20.19 17.07 22.89 19.98 16.87 19.15
0.0 14.17 17.07 19.35 16.03 17.28 22.25 18.31 17.28 23.91 20.18 17.69 23.91 21.21 17.69 21.84 22.04 17.9 19.14 21.42 17.48 18.42 16.54 15.08 20.08 18.42 17.17 21.54 21.12 18.62 21.54 23.21 19.87 20.5 24.67 20.5 18.62 24.46 20.71 17.79 21.96 16.45 14.17 19.15 19.15 16.45 19.77 21.43 18.11 19.36 23.72 19.15 18.32 24.34 20.19 17.07 22.89 19.98 16.87 19.15 20.19
0.0 17.07 19.35 16.03 17.28 22.25 18.31 17.28 23.91 20.18 17.69 23.91 21.21 17.69 21.84 22.04 17.9 19.14 21.42 17.48 14.99 16.54 15.08 20.08 18.42 17.17 21.54 21.12 18.62 21.54 23.21 19.87 20.5 24.67 20.5 18.62 24.46 20.71 17.79 21.96 20.92 14.17 19.15 19.15 16.45 19.77 21.43 18.11 19.36 23.72 19.15 18.32 24.34 20.19 17.07 22.89 19.98 16.87 19.15 20.19 16.66
0.0 19.35 16.03 17.28 22.25 18.31 17.28 23.91 20.18 17.69 23.91 21.21 17.69 21.84 22.04 17.9 19.14 21.42 17.48 14.99 19.97 15.08 20.08 18.42 17.17 21.54 21.12 18.62 21.54 23.21 19.87 20.5 24.67 20.5 18.62 24.46 20.71 17.79 21.96 20.92 17.79 19.15 19.15 16.45 19.77 21.43 18.11 19.36 23.72 19.15 18.32 24.34 20.19 17.07 22.89 19.98 16.87 19.15 20.19 16.66 16.45
0.0 16.03 17.28 22.25 18.31 17.28 23.91 20.18 17.69 23.91 21.21 17.69 21.84 22.04 17.9 19.14 21.42 17.48 14.99 19.97 17.07 20.08 18.42 17.17 21.54 21.12 18.62 21.54 23.21 19.87 20.5 24.67 20.5 18.62 24.46 20.71 17.79 21.96 20.92 17.79 19.87 19.15 16.45 19.77 21.43 18.11 19.36 23.72 19.15 18.32 24.34 20.19 17.07 22.89 19.98 16.87 19.15 20.19 16.66 16.45 18.32
0.0 17.28 22.25 18.31 17.28 23.91 20.18 17.69 23.91 21.21 17.69 21.84 22.04 17.9 19.14 21.42 17.48 14.99 19.97 17.07 14.37 18.42 17.17 21.54 21.12 18.62 21.54 23.21 19.87 20.5 24.67 20.5 18.62 24.46 20.71 17.79 21.96 20.92 17.79 19.87 20.92 16.45 19.77 21.43 18.11 19.36 23.72 19.15 18.32 24.34 20.19 17.07 22.89 19.98 16.87 19.15 20.19 16.66 16.45 18.32 16.03
0.0 22.25 18.31 17.28 23.91 20.18 17.69 23.91 21.21 17.69 21.84 22.04 17.9 19.14 21.42 17.48 14.99 19.97 17.07 14.37 16.86 17.17 21.54 21.12 18.62 21.54 23.21 19.87 20.5 24.67 20.5 18.62 24.46 20.71 17.79 21.96 20.92 17.79 19.87 20.92 18.0 19.77 21.43 18.11 19.36 23.72 19.15 18.32 24.34 20.19 17.07 22.89 19.98 16.87 19.15 20.19 16.66 16.45 18.32 16.03 13.96
0.0 18.31 17.28 23.91 20.18 17.69 23.91 21.21 17.69 21.84 22.04 17.9 19.14 21.42 17.48 14.99 19.97 17.07 14.37 16.86 14.99 21.54 21.12 18.62 21.54 23.21 19.87 20.5 24.67 20.5 18.62 24.46 20.71 17.79 21.96 20.92 17.79 19.87 20.92 18.0 16.96 21.43 18.11 19.36 23.72 19.15 18.32 24.34 20.19 17.07 22.89 19.98 16.87 19.15 20.19 16.66 16.45 18.32 16.03 13.96 17.28
0.0 17.28 23.91 20.18 17.69 23.91 21.21 17.69 21.84 22.04 17.9 19.14 21.42 17.48 14.99 19.97 17.07 14.37 16.86 14.99 13.34 21.12 18.62 21.54 23.21 19.87 20.5 24.67 20.5 18.62 24.46 20.71 17.79 21.96 20.92 17.79 19.87 20.92 18.0 16.96 18.83 18.11 19.36 23.72 19.15 18.32 24.34 20.19 17.07 22.89 19.98 16.87 19.15 20.19 16.66 16.45 18.32 16.03 13.96 17.28 15.83
0.0 23.91 20.18 17.69 23.91 21.21 17.69 21.84 22.04 17.9 19.14 21.42 17.48 14.99 19.97 17.07 14.37 16.86 14.99 13.34 11.47 18.62 21.54 23.21 19.87 20.5 24.67 20.5 18.62 24.46 20.71 17.79 21.96 20.92 17.79 19.87 20.92 18.0 16.96 18.83 18.42 19.36 23.72 19.15 18.32 24.34 20.19 17.07 22.89 19.98 16.87 19.15 20.19 16.66 16.45 18.32 16.03 13.96 17.28 15.83 14.17
0.0 20.18 17.69 23.91 21.21 17.69 21.84 22.04 17.9 19.14 21.42 17.48 14.99 19.97 17.07 14.37 16.86 14.99 13.34 11.47 11.06 21.54 23.21 19.87 20.5 24.67 20.5 18.62 24.46 20.71 17.79 21.96 20.92 17.79 19.87 20.92 18.0 16.96 18.83 18.42 15.92 23.72 19.15 18.32 24.34 20.19 17.07 22.89 19.98 16.87 19.15 20.19 16.66 16.45 18.32 16.03 13.96 17.28 15.83 14.17 12.51
0.0 17.69 23.91 21.21 17.69 21.84 22.04 17.9 19.14 21.42 17.48 14.99 19.97 17.07 14.37 16.86 14.99 13.34 11.47 11.06 10.02 23.21 19.87 20.5 24.67 20.5 18.62 24.46 20.71 17.79 21.96 20.92 17.79 19.87 20.92 18.0 16.96 18.83 18.42 15.92 13.63 19.15 18.32 24.34 20.19 17.07 22.89 19.98 16.87 19.15 20.19 16.66 16.45 18.32 16.03 13.96 17.28 15.83 14.17 12.51 11.26
0.0 23.91 21.21 17.69 21.84 22.04 17.9 19.14 21.42 17.48 14.99 19.97 17.07 14.37 16.86 14.99 13.34 11.47 11.06 10.02 7.95 19.87 20.5 24.67 20.5 18.62 24.46 20.71 17.79 21.96 20.92 17.79 19.87 20.92 18.0 16.96 18.83 18.42 15.92 13.63 12.17 18.32 24.34 20.19 17.07 22.89 19.98 16.87 19.15 20.19 16.66 16.45 18.32 16.03 13.96 17.28 15.83 14.17 12.51 11.26 10.84
0.0 21.21 17.69 21.84 22.04 17.9 19.14 21.42 17.48 14.99 19.97 17.07 14.37 16.86 14.99 13.34 11.47 11.06 10.02 7.95 5.87 20.5 24.67 20.5 18.62 24.46 20.71 17.79 21.96 20.92 17.79 19.87 20.92 18.0 16.96 18.83 18.42 15.92 13.63 12.17 10.71 24.34 20.19 17.07 22.89 19.98 16.87 19.15 20.19 16.66 16.45 18.32 16.03 13.96 17.28 15.83 14.17 12.51 11.26 10.84 8.77
0.0 17.69 21.84 22.04 17.9 19.14 21.42 17.48 14.99 19.97 17.07 14.37 16.86 14.99 13.34 11.47 11.06 10.02 7.95 5.87 5.46 24.67 20.5 18.62 24.46 20.71 17.79 21.96 20.92 17.79 19.87 20.92 18.0 16.96 18.83 18.42 15.92 13.63 12.17 10.71 8.42 20.19 17.07 22.89 19.98 16.87 19.15 20.19 16.66 16.45 18.32 16.03 13.96 17.28 15.83 14.17 12.51 11.26 10.84 8.77 7.32
0.0 21.84 22.04 17.9 19.14 21.42 17.48 14.99 19.97 17.07 14.37 16.86 14.99 13.34 11.47 11.06 10.02 7.95 5.87 5.46 4.01 20.5 18.62 24.46 20.71 17.79 21.96 20.92 17.79 19.87 20.92 18.0 16.96 18.83 18.42 15.92 13.63 12.17 10.71 8.42 7.17 17.07 22.89 19.98 16.87 19.15 20.19 16.66 16.45 18.32 16.03 13.96 17.28 15.83 14.17 12.51 11.26 10.84 8.77 7.32 7.11
0.0 22.04 17.9 19.14 21.42 17.48 14.99 19.97 17.07 14.37 16.86 14.99 13.34 11.47 11.06 10.02 7.95 5.87 5.46 4.01 1.93 18.62 24.46 20.71 17.79 21.96 20.92 17.79 19.87 20.92 18.0 16.96 18.83 18.42 15.92 13.63 12.17 10.71 8.42 7.17 6.54 22.89 19.98 16.87 19.15 20.19 16.66 16.45 18.32 16.03 13.96 17.28 15.83 14.17 12.51 11.26 10.84 8.77 7.32 7.11 5.24
0.0 17.9 19.14 21.42 17.48 14.99 19.97 17.07 14.37 16.86 14.99 13.34 11.47 11.06 10.02 7.95 5.87 5.46 4.01 1.93 1.73 24.46 20.71 17.79 21.96 20.92 17.79 19.87 20.92 18.0 16.96 18.83 18.42 15.92 13.63 12.17 10.71 8.42 7.17 6.54 4.46 19.98 16.87 19.15 20.19 16.66 16.45 18.32 16.03 13.96 17.28 15.83 14.17 12.51 11.26 10.84 8.77 7.32 7.11 5.24 3.37
1.0 19.14 21.42 17.48 14.99 19.97 17.07 14.37 16.86 14.99 13.34 11.47 11.06 10.02 7.95 5.87 5.46 4.01 1.93 1.73 20.9 20.71 17.79 21.96 20.92 17.79 19.87 20.92 18.0 16.96 18.83 18.42 15.92 13.63 12.17 10.71 8.42 7.17 6.54 4.46 2.79 16.87 19.15 20.19 16.66 16.45 18.32 16.03 13.96 17.28 15.83 14.17 12.51 11.26 10.84 8.77 7.32 7.11 5.24 3.37 3.37
1.0 21.42 17.48 14.99 19.97 17.07 14.37 16.86 14.99 13.34 11.47 11.06 10.02 7.95 5.87 5.46 4.01 1.93 1.73 20.9 20.9 17.79 21.96 20.92 17.79 19.87 20.92 18.0 16.96 18.83 18.42 15.92 13.63 12.17 10.71 8.42 7.17 6.54 4.46 2.79 2.59 19.15 20.19 16.66 16.45 18.32 16.03 13.96 17.28 15.83 14.17 12.51 11.26 10.84 8.77 7.32 7.11 5.24 3.37 3.37 1.92
0.0 17.48 14.99 19.97 17.07 14.37 16.86 14.99 13.34 11.47 11.06 10.02 7.95 5.87 5.46 4.01 1.93 1.73 20.9 20.9 -2.0 21.96 20.92 17.79 19.87 20.92 18.0 16.96 18.83 18.42 15.92 13.63 12.17 10.71 8.42 7.17 6.54 4.46 2.79 2.59 0.92 20.19 16.66 16.45 18.32 16.03 13.96 17.28 15.83 14.17 12.51 11.26 10.84 8.77 7.32 7.11 5.24 3.37 3.37 1.92 0.05
0.0 14.99 19.97 17.07 14.37 16.86 14.99 13.34 11.47 11.06 10.02 7.95 5.87 5.46 4.01 1.93 1.73 20.9 20.9 -2.0 -2.42 20.92 17.79 19.87 20.92 18.0 16.96 18.83 18.42 15.92 13.63 12.17 10.71 8.42 7.17 6.54 4.46 2.79 2.59 0.92 -0.75 16.66 16.45 18.32 16.03 13.96 17.28 15.83 14.17 12.51 11.26 10.84 8.77 7.32 7.11 5.24 3.37 3.37 1.92 0.05 -0.37
0.0 19.97 17.07 14.37 16.86 14.99 13.34 11.47 11.06 10.02 7.95 5.87 5.46 4.01 1.93 1.73 20.9 20.9 -2.0 -2.42 -4.28 17.79 19.87 20.92 18.0 16.96 18.83 18.42 15.92 13.63 12.17 10.71 8.42 7.17 6.54 4.46 2.79 2.59 0.92 -0.75 -1.16 16.45 18.32 16.03 13.96 17.28 15.83 14.17 12.51 11.26 10.84 8.77 7.32 7.11 5.24 3.37 3.37 1.92 0.05 -0.37 -1.2
0.0 17.07 14.37 16.86 14.99 13.34 11.47 11.06 10.02 7.95 5.87 5.46 4.01 1.93 1.73 20.9 20.9 -2.0 -2.42 -4.28 -5.32 19.87 20.92 18.0 16.96 18.83 18.42 15.92 13.63 12.17 10.71 8.42 7.17 6.54 4.46 2.79 2.59 0.92 -0.75 -1.16 -2.21 18.32 16.03 13.96 17.28 15.83 14.17 12.51 11.26 10.84 8.77 7.32 7.11 5.24 3.37 3.37 1.92 0.05 -0.37 -1.2 -2.86
0.0 14.37 16.86 14.99 13.34 11.47 11.06 10.02 7.95 5.87 5.46 4.01 1.93 1.73 20.9 20.9 -2.0 -2.42 -4.28 -5.32 -5.32 20.92 18.0 16.96 18.83 18.42 15.92 13.63 12.17 10.71 8.42 7.17 6.54 4.46 2.79 2.59 0.92 -0.75 -1.16 -2.21 -4.08 16.03 13.96 17.28 15.83 14.17 12.51 11.26 10.84 8.77 7.32 7.11 5.24 3.37 3.37 1.92 0.05 -0.37 -1.2 -2.86 -3.48
