0.0 -8.02 -9.05 -8.64 -10.09 -11.13 -11.33 -12.37 -13.61 -14.03 -15.06 -16.1 -16.72 -17.34 -18.38 -18.8 -19.42 -16.93 -9.88 -12.37 -12.16 -5.12 -5.95 -7.62 -7.83 -8.45 -9.91 -10.54 -11.16 -12.2 -13.04 -13.87 -14.7 -15.54 -15.95 -16.79 -16.16 -15.33 -16.37 -9.91 -9.7 -4.73 -6.59 -7.01 -7.22 -8.67 -9.71 -9.71 -11.16 -11.99 -12.61 -13.65 -14.48 -14.9 -15.73 -16.56 -16.97 -17.6 -11.99 -8.67 -11.16
0.0 -9.05 -8.64 -10.09 -11.13 -11.33 -12.37 -13.61 -14.03 -15.06 -16.1 -16.72 -17.34 -18.38 -18.8 -19.42 -16.93 -9.88 -12.37 -12.16 -4.7 -5.95 -7.62 -7.83 -8.45 -9.91 -10.54 -11.16 -12.2 -13.04 -13.87 -14.7 -15.54 -15.95 -16.79 -16.16 -15.33 -16.37 -9.91 -9.7 -11.58 -6.59 -7.01 -7.22 -8.67 -9.71 -9.71 -11.16 -11.99 -12.61 -13.65 -14.48 -14.9 -15.73 -16.56 -16.97 -17.6 -11.99 -8.67 -11.16 -8.25
0.0 -8.64 -10.09 -11.13 -11.33 -12.37 -13.61 -14.03 -15.06 -16.1 -16.72 -17.34 -18.38 -18.8 -19.42 -16.93 -9.88 -12.37 -12.16 -4.7 -7.6 -7.62 -7.83 -8.45 -9.91 -10.54 -11.16 -12.2 -13.04 -13.87 -14.7 -15.54 -15.95 -16.79 -16.16 -15.33 -16.37 -9.91 -9.7 -11.58 -7.0 -7.01 -7.22 -8.67 -9.71 -9.71 -11.16 -11.99 -12.61 -13.65 -14.48 -14.9 -15.73 -16.56 -16.97 -17.6 -11.99 -8.67 -11.16 -8.25 -3.89
0.0 -10.09 -11.13 -11.33 -12.37 -13.61 -14.03 -15.06 -16.1 -16.72 -17.34 -18.38 -18.8 -19.42 -16.93 -9.88 -12.37 -12.16 -4.7 -7.6 -9.26 -7.83 -8.45 -9.91 -10.54 -11.16 -12.2 -13.04 -13.87 -14.7 -15.54 -15.95 -16.79 -16.16 -15.33 -16.37 -9.91 -9.7 -11.58 -7.0 -5.33 -7.22 -8.67 -9.71 -9.71 -11.16 -11.99 -12.61 -13.65 -14.48 -14.9 -15.73 -16.56 -16.97 -17.6 -11.99 -8.67 -11.16 -8.25 -3.89 -7.42
0.0 -11.13 -11.33 -12.37 -13.61 -14.03 -15.06 -16.1 -16.72 -17.34 -18.38 -18.8 -19.42 -16.93 -9.88 -12.37 -12.16 -4.7 -7.6 -9.26 -1.17 -8.45 -9.91 -10.54 -11.16 -12.2 -13.04 -13.87 -14.7 -15.54 -15.95 -16.79 -16.16 -15.33 -16.37 -9.91 -9.7 -11.58 -7.0 -5.33 -7.83 -8.67 -9.71 -9.71 -11.16 -11.99 -12.61 -13.65 -14.48 -14.9 -15.73 -16.56 -16.97 -17.6 -11.99 -8.67 -11.16 -8.25 -3.89 -7.42 -7.22
0.0 -11.33 -12.37 -13.61 -14.03 -15.06 -16.1 -16.72 -17.34 -18.38 -18.8 -19.42 -16.93 -9.88 -12.37 -12.16 -4.7 -7.6 -9.26 -1.17 -3.87 -9.91 -10.54 -11.16 -12.2 -13.04 -13.87 -14.7 -15.54 -15.95 -16.79 -16.16 -15.33 -16.37 -9.91 -9.7 -11.58 -7.0 -5.33 -7.83 -5.54 -9.71 -9.71 -11.16 -11.99 -12.61 -13.65 -14.48 -14.9 -15.73 -16.56 -16.97 -17.6 -11.99 -8.67 -11.16 -8.25 -3.89 -7.42 -7.22 -0.37
0.0 -12.37 -13.61 -14.03 -15.06 -16.1 -16.72 -17.34 -18.38 -18.8 -19.42 -16.93 -9.88 -12.37 -12.16 -4.7 -7.6 -9.26 -1.17 -3.87 -6.77 -10.54 -11.16 -12.2 -13.04 -13.87 -14.7 -15.54 -15.95 -16.79 -16.16 -15.33 -16.37 -9.91 -9.7 -11.58 -7.0 -5.33 -7.83 -5.54 -1.58 -9.71 -11.16 -11.99 -12.61 -13.65 -14.48 -14.9 -15.73 -16.56 -16.97 -17.6 -11.99 -8.67 -11.16 -8.25 -3.89 -7.42 -7.22 -0.37 -4.31
0.0 -13.61 -14.03 -15.06 -16.1 -16.72 -17.34 -18.38 -18.8 -19.42 -16.93 -9.88 -12.37 -12.16 -4.7 -7.6 -9.26 -1.17 -3.87 -6.77 0.07 -11.16 -12.2 -13.04 -13.87 -14.7 -15.54 -15.95 -16.79 -16.16 -15.33 -16.37 -9.91 -9.7 -11.58 -7.0 -5.33 -7.83 -5.54 -1.58 -4.5 -11.16 -11.99 -12.61 -13.65 -14.48 -14.9 -15.73 -16.56 -16.97 -17.6 -11.99 -8.67 -11.16 -8.25 -3.89 -7.42 -7.22 -0.37 -4.31 -5.97
0.0 -14.03 -15.06 -16.1 -16.72 -17.34 -18.38 -18.8 -19.42 -16.93 -9.88 -12.37 -12.16 -4.7 -7.6 -9.26 -1.17 -3.87 -6.77 0.07 -0.35 -12.2 -13.04 -13.87 -14.7 -15.54 -15.95 -16.79 -16.16 -15.33 -16.37 -9.91 -9.7 -11.58 -7.0 -5.33 -7.83 -5.54 -1.58 -4.5 -4.5 -11.99 -12.61 -13.65 -14.48 -14.9 -15.73 -16.56 -16.97 -17.6 -11.99 -8.67 -11.16 -8.25 -3.89 -7.42 -7.22 -0.37 -4.31 -5.97 1.3
0.0 -15.06 -16.1 -16.72 -17.34 -18.38 -18.8 -19.42 -16.93 -9.88 -12.37 -12.16 -4.7 -7.6 -9.26 -1.17 -3.87 -6.77 0.07 -0.35 -3.87 -13.04 -13.87 -14.7 -15.54 -15.95 -16.79 -16.16 -15.33 -16.37 -9.91 -9.7 -11.58 -7.0 -5.33 -7.83 -5.54 -1.58 -4.5 -4.5 1.75 -12.61 -13.65 -14.48 -14.9 -15.73 -16.56 -16.97 -17.6 -11.99 -8.67 -11.16 -8.25 -3.89 -7.42 -7.22 -0.37 -4.31 -5.97 1.3 -1.4
0.0 -16.1 -16.72 -17.34 -18.38 -18.8 -19.42 -16.93 -9.88 -12.37 -12.16 -4.7 -7.6 -9.26 -1.17 -3.87 -6.77 0.07 -0.35 -3.87 0.28 -13.87 -14.7 -15.54 -15.95 -16.79 -16.16 -15.33 -16.37 -9.91 -9.7 -11.58 -7.0 -5.33 -7.83 -5.54 -1.58 -4.5 -4.5 1.75 -1.58 -13.65 -14.48 -14.9 -15.73 -16.56 -16.97 -17.6 -11.99 -8.67 -11.16 -8.25 -3.89 -7.42 -7.22 -0.37 -4.31 -5.97 1.3 -1.4 -3.89
0.0 -16.72 -17.34 -18.38 -18.8 -19.42 -16.93 -9.88 -12.37 -12.16 -4.7 -7.6 -9.26 -1.17 -3.87 -6.77 0.07 -0.35 -3.87 0.28 3.18 -14.7 -15.54 -15.95 -16.79 -16.16 -15.33 -16.37 -9.91 -9.7 -11.58 -7.0 -5.33 -7.83 -5.54 -1.58 -4.5 -4.5 1.75 -1.58 -2.83 -14.48 -14.9 -15.73 -16.56 -16.97 -17.6 -11.99 -8.67 -11.16 -8.25 -3.89 -7.42 -7.22 -0.37 -4.31 -5.97 1.3 -1.4 -3.89 1.71
0.0 -17.34 -18.38 -18.8 -19.42 -16.93 -9.88 -12.37 -12.16 -4.7 -7.6 -9.26 -1.17 -3.87 -6.77 0.07 -0.35 -3.87 0.28 3.18 -0.35 -15.54 -15.95 -16.79 -16.16 -15.33 -16.37 -9.91 -9.7 -11.58 -7.0 -5.33 -7.83 -5.54 -1.58 -4.5 -4.5 1.75 -1.58 -2.83 4.04 -14.9 -15.73 -16.56 -16.97 -17.6 -11.99 -8.67 -11.16 -8.25 -3.89 -7.42 -7.22 -0.37 -4.31 -5.97 1.3 -1.4 -3.89 1.71 1.71
0.0 -18.38 -18.8 -19.42 -16.93 -9.88 -12.37 -12.16 -4.7 -7.6 -9.26 -1.17 -3.87 -6.77 0.07 -0.35 -3.87 0.28 3.18 -0.35 -0.14 -15.95 -16.79 -16.16 -15.33 -16.37 -9.91 -9.7 -11.58 -7.0 -5.33 -7.83 -5.54 -1.58 -4.5 -4.5 1.75 -1.58 -2.83 4.04 1.96 -15.73 -16.56 -16.97 -17.6 -11.99 -8.67 -11.16 -8.25 -3.89 -7.42 -7.22 -0.37 -4.31 -5.97 1.3 -1.4 -3.89 1.71 1.71 -0.78
0.0 -18.8 -19.42 -16.93 -9.88 -12.37 -12.16 -4.7 -7.6 -9.26 -1.17 -3.87 -6.77 0.07 -0.35 -3.87 0.28 3.18 -0.35 -0.14 5.46 -16.79 -16.16 -15.33 -16.37 -9.91 -9.7 -11.58 -7.0 -5.33 -7.83 -5.54 -1.58 -4.5 -4.5 1.75 -1.58 -2.83 4.04 1.96 -0.12 -16.56 -16.97 -17.6 -11.99 -8.67 -11.16 -8.25 -3.89 -7.42 -7.22 -0.37 -4.31 -5.97 1.3 -1.4 -3.89 1.71 1.71 -0.78 1.92
0.0 -19.42 -16.93 -9.88 -12.37 -12.16 -4.7 -7.6 -9.26 -1.17 -3.87 -6.77 0.07 -0.35 -3.87 0.28 3.18 -0.35 -0.14 5.46 2.35 -16.16 -15.33 -16.37 -9.91 -9.7 -11.58 -7.0 -5.33 -7.83 -5.54 -1.58 -4.5 -4.5 1.75 -1.58 -2.83 4.04 1.96 -0.12 4.46 -16.97 -17.6 -11.99 -8.67 -11.16 -8.25 -3.89 -7.42 -7.22 -0.37 -4.31 -5.97 1.3 -1.4 -3.89 1.71 1.71 -0.78 1.92 4.2
0.0 -16.93 -9.88 -12.37 -12.16 -4.7 -7.6 -9.26 -1.17 -3.87 -6.77 0.07 -0.35 -3.87 0.28 3.18 -0.35 -0.14 5.46 2.35 0.9 -15.33 -16.37 -9.91 -9.7 -11.58 -7.0 -5.33 -7.83 -5.54 -1.58 -4.5 -4.5 1.75 -1.58 -2.83 4.04 1.96 -0.12 4.46 5.29 -17.6 -11.99 -8.67 -11.16 -8.25 -3.89 -7.42 -7.22 -0.37 -4.31 -5.97 1.3 -1.4 -3.89 1.71 1.71 -0.78 1.92 4.2 1.3
0.0 -9.88 -12.37 -12.16 -4.7 -7.6 -9.26 -1.17 -3.87 -6.77 0.07 -0.35 -3.87 0.28 3.18 -0.35 -0.14 5.46 2.35 0.9 5.46 -16.37 -9.91 -9.7 -11.58 -7.0 -5.33 -7.83 -5.54 -1.58 -4.5 -4.5 1.75 -1.58 -2.83 4.04 1.96 -0.12 4.46 5.29 2.59 -11.99 -8.67 -11.16 -8.25 -3.89 -7.42 -7.22 -0.37 -4.31 -5.97 1.3 -1.4 -3.89 1.71 1.71 -0.78 1.92 4.2 1.3 1.92
0.0 -12.37 -12.16 -4.7 -7.6 -9.26 -1.17 -3.87 -6.77 0.07 -0.35 -3.87 0.28 3.18 -0.35 -0.14 5.46 2.35 0.9 5.46 4.01 -9.91 -9.7 -11.58 -7.0 -5.33 -7.83 -5.54 -1.58 -4.5 -4.5 1.75 -1.58 -2.83 4.04 1.96 -0.12 4.46 5.29 2.59 4.04 -8.67 -11.16 -8.25 -3.89 -7.42 -7.22 -0.37 -4.31 -5.97 1.3 -1.4 -3.89 1.71 1.71 -0.78 1.92 4.2 1.3 1.92 6.9
0.0 -12.16 -4.7 -7.6 -9.26 -1.17 -3.87 -6.77 0.07 -0.35 -3.87 0.28 3.18 -0.35 -0.14 5.46 2.35 0.9 5.46 4.01 2.76 -9.7 -11.58 -7.0 -5.33 -7.83 -5.54 -1.58 -4.5 -4.5 1.75 -1.58 -2.83 4.04 1.96 -0.12 4.46 5.29 2.59 4.04 9.25 -11.16 -8.25 -3.89 -7.42 -7.22 -0.37 -4.31 -5.97 1.3 -1.4 -3.89 1.71 1.71 -0.78 1.92 4.2 1.3 1.92 6.9 4.2
0.0 -4.7 -7.6 -9.26 -1.17 -3.87 -6.77 0.07 -0.35 -3.87 0.28 3.18 -0.35 -0.14 5.46 2.35 0.9 5.46 4.01 2.76 6.29 -11.58 -7.0 -5.33 -7.83 -5.54 -1.58 -4.5 -4.5 1.75 -1.58 -2.83 4.04 1.96 -0.12 4.46 5.29 2.59 4.04 9.25 6.54 -8.25 -3.89 -7.42 -7.22 -0.37 -4.31 -5.97 1.3 -1.4 -3.89 1.71 1.71 -0.78 1.92 4.2 1.3 1.92 6.9 4.2 3.99
0.0 -7.6 -9.26 -1.17 -3.87 -6.77 0.07 -0.35 -3.87 0.28 3.18 -0.35 -0.14 5.46 2.35 0.9 5.46 4.01 2.76 6.29 8.57 -7.0 -5.33 -7.83 -5.54 -1.58 -4.5 -4.5 1.75 -1.58 -2.83 4.04 1.96 -0.12 4.46 5.29 2.59 4.04 9.25 6.54 6.33 -3.89 -7.42 -7.22 -0.37 -4.31 -5.97 1.3 -1.4 -3.89 1.71 1.71 -0.78 1.92 4.2 1.3 1.92 6.9 4.2 3.99 7.32
0.0 -9.26 -1.17 -3.87 -6.77 0.07 -0.35 -3.87 0.28 3.18 -0.35 -0.14 5.46 2.35 0.9 5.46 4.01 2.76 6.29 8.57 6.08 -5.33 -7.83 -5.54 -1.58 -4.5 -4.5 1.75 -1.58 -2.83 4.04 1.96 -0.12 4.46 5.29 2.59 4.04 9.25 6.54 6.33 11.54 -7.42 -7.22 -0.37 -4.31 -5.97 1.3 -1.4 -3.89 1.71 1.71 -0.78 1.92 4.2 1.3 1.92 6.9 4.2 3.99 7.32 8.56
0.0 -1.17 -3.87 -6.77 0.07 -0.35 -3.87 0.28 3.18 -0.35 -0.14 5.46 2.35 0.9 5.46 4.01 2.76 6.29 8.57 6.08 6.91 -7.83 -5.54 -1.58 -4.5 -4.5 1.75 -1.58 -2.83 4.04 1.96 -0.12 4.46 5.29 2.59 4.04 9.25 6.54 6.33 11.54 10.29 -7.22 -0.37 -4.31 -5.97 1.3 -1.4 -3.89 1.71 1.71 -0.78 1.92 4.2 1.3 1.92 6.9 4.2 3.99 7.32 8.56 7.32
0.0 -3.87 -6.77 0.07 -0.35 -3.87 0.28 3.18 -0.35 -0.14 5.46 2.35 0.9 5.46 4.01 2.76 6.29 8.57 6.08 6.91 12.3 -5.54 -1.58 -4.5 -4.5 1.75 -1.58 -2.83 4.04 1.96 -0.12 4.46 5.29 2.59 4.04 9.25 6.54 6.33 11.54 10.29 9.25 -0.37 -4.31 -5.97 1.3 -1.4 -3.89 1.71 1.71 -0.78 1.92 4.2 1.3 1.92 6.9 4.2 3.99 7.32 8.56 7.32 9.6
0.0 -6.77 0.07 -0.35 -3.87 0.28 3.18 -0.35 -0.14 5.46 2.35 0.9 5.46 4.01 2.76 6.29 8.57 6.08 6.91 12.3 10.02 -1.58 -4.5 -4.5 1.75 -1.58 -2.83 4.04 1.96 -0.12 4.46 5.29 2.59 4.04 9.25 6.54 6.33 11.54 10.29 9.25 11.96 -4.31 -5.97 1.3 -1.4 -3.89 1.71 1.71 -0.78 1.92 4.2 1.3 1.92 6.9 4.2 3.99 7.32 8.56 7.32 9.6 14.17
0.0 0.07 -0.35 -3.87 0.28 3.18 -0.35 -0.14 5.46 2.35 0.9 5.46 4.01 2.76 6.29 8.57 6.08 6.91 12.3 10.02 8.98 -4.5 -4.5 1.75 -1.58 -2.83 4.04 1.96 -0.12 4.46 5.29 2.59 4.04 9.25 6.54 6.33 11.54 10.29 9.25 11.96 14.46 -5.97 1.3 -1.4 -3.89 1.71 1.71 -0.78 1.92 4.2 1.3 1.92 6.9 4.2 3.99 7.32 8.56 7.32 9.6 14.17 10.84
0.0 -0.35 -3.87 0.28 3.18 -0.35 -0.14 5.46 2.35 0.9 5.46 4.01 2.76 6.29 8.57 6.08 6.91 12.3 10.02 8.98 14.79 -4.5 1.75 -1.58 -2.83 4.04 1.96 -0.12 4.46 5.29 2.59 4.04 9.25 6.54 6.33 11.54 10.29 9.25 11.96 14.46 11.75 1.3 -1.4 -3.89 1.71 1.71 -0.78 1.92 4.2 1.3 1.92 6.9 4.2 3.99 7.32 8.56 7.32 9.6 14.17 10.84 10.84
0.0 -3.87 0.28 3.18 -0.35 -0.14 5.46 2.35 0.9 5.46 4.01 2.76 6.29 8.57 6.08 6.91 12.3 10.02 8.98 14.79 13.34 1.75 -1.58 -2.83 4.04 1.96 -0.12 4.46 5.29 2.59 4.04 9.25 6.54 6.33 11.54 10.29 9.25 11.96 14.46 11.75 12.58 -1.4 -3.89 1.71 1.71 -0.78 1.92 4.2 1.3 1.92 6.9 4.2 3.99 7.32 8.56 7.32 9.6 14.17 10.84 10.84 16.87
0.0 0.28 3.18 -0.35 -0.14 5.46 2.35 0.9 5.46 4.01 2.76 6.29 8.57 6.08 6.91 12.3 10.02 8.98 14.79 13.34 11.47 -1.58 -2.83 4.04 1.96 -0.12 4.46 5.29 2.59 4.04 9.25 6.54 6.33 11.54 10.29 9.25 11.96 14.46 11.75 12.58 16.12 -3.89 1.71 1.71 -0.78 1.92 4.2 1.3 1.92 6.9 4.2 3.99 7.32 8.56 7.32 9.6 14.17 10.84 10.84 16.87 13.34
0.0 3.18 -0.35 -0.14 5.46 2.35 0.9 5.46 4.01 2.76 6.29 8.57 6.08 6.91 12.3 10.02 8.98 14.79 13.34 11.47 15.41 -2.83 4.04 1.96 -0.12 4.46 5.29 2.59 4.04 9.25 6.54 6.33 11.54 10.29 9.25 11.96 14.46 11.75 12.58 16.12 12.79 1.71 1.71 -0.78 1.92 4.2 1.3 1.92 6.9 4.2 3.99 7.32 8.56 7.32 9.6 14.17 10.84 10.84 16.87 13.34 12.09
0.0 -0.35 -0.14 5.46 2.35 0.9 5.46 4.01 2.76 6.29 8.57 6.08 6.91 12.3 10.02 8.98 14.79 13.34 11.47 15.41 14.79 4.04 1.96 -0.12 4.46 5.29 2.59 4.04 9.25 6.54 6.33 11.54 10.29 9.25 11.96 14.46 11.75 12.58 16.12 12.79 12.38 1.71 -0.78 1.92 4.2 1.3 1.92 6.9 4.2 3.99 7.32 8.56 7.32 9.6 14.17 10.84 10.84 16.87 13.34 12.09 17.28
0.0 -0.14 5.46 2.35 0.9 5.46 4.01 2.76 6.29 8.57 6.08 6.91 12.3 10.02 8.98 14.79 13.34 11.47 15.41 14.79 12.3 1.96 -0.12 4.46 5.29 2.59 4.04 9.25 6.54 6.33 11.54 10.29 9.25 11.96 14.46 11.75 12.58 16.12 12.79 12.38 15.71 -0.78 1.92 4.2 1.3 1.92 6.9 4.2 3.99 7.32 8.56 7.32 9.6 14.17 10.84 10.84 16.87 13.34 12.09 17.28 13.96
0.0 5.46 2.35 0.9 5.46 4.01 2.76 6.29 8.57 6.08 6.91 12.3 10.02 8.98 14.79 13.34 11.47 15.41 14.79 12.3 15.41 -0.12 4.46 5.29 2.59 4.04 9.25 6.54 6.33 11.54 10.29 9.25 11.96 14.46 11.75 12.58 16.12 12.79 12.38 15.71 13.0 1.92 4.2 1.3 1.92 6.9 4.2 3.99 7.32 8.56 7.32 9.6 14.17 10.84 10.84 16.87 13.34 12.09 17.28 13.96 12.09
0.0 2.35 0.9 5.46 4.01 2.76 6.29 8.57 6.08 6.91 12.3 10.02 8.98 14.79 13.34 11.47 15.41 14.79 12.3 15.41 15.41 4.46 5.29 2.59 4.04 9.25 6.54 6.33 11.54 10.29 9.25 11.96 14.46 11.75 12.58 16.12 12.79 12.38 15.71 13.0 12.79 4.2 1.3 1.92 6.9 4.2 3.99 7.32 8.56 7.32 9.6 14.17 10.84 10.84 16.87 13.34 12.09 17.28 13.96 12.09 16.24
0.0 0.9 5.46 4.01 2.76 6.29 8.57 6.08 6.91 12.3 10.02 8.98 14.79 13.34 11.47 15.41 14.79 12.3 15.41 15.41 12.51 5.29 2.59 4.04 9.25 6.54 6.33 11.54 10.29 9.25 11.96 14.46 11.75 12.58 16.12 12.79 12.38 15.71 13.0 12.79 15.5 1.3 1.92 6.9 4.2 3.99 7.32 8.56 7.32 9.6 14.17 10.84 10.84 16.87 13.34 12.09 17.28 13.96 12.09 16.24 13.75
0.0 5.46 4.01 2.76 6.29 8.57 6.08 6.91 12.3 10.02 8.98 14.79 13.34 11.47 15.41 14.79 12.3 15.41 15.41 12.51 16.24 2.59 4.04 9.25 6.54 6.33 11.54 10.29 9.25 11.96 14.46 11.75 12.58 16.12 12.79 12.38 15.71 13.0 12.79 15.5 13.0 1.92 6.9 4.2 3.99 7.32 8.56 7.32 9.6 14.17 10.84 10.84 16.87 13.34 12.09 17.28 13.96 12.09 16.24 13.75 12.51
0.0 4.01 2.76 6.29 8.57 6.08 6.91 12.3 10.02 8.98 14.79 13.34 11.47 15.41 14.79 12.3 15.41 15.41 12.51 16.24 14.17 4.04 9.25 6.54 6.33 11.54 10.29 9.25 11.96 14.46 11.75 12.58 16.12 12.79 12.38 15.71 13.0 12.79 15.5 13.0 13.0 6.9 4.2 3.99 7.32 8.56 7.32 9.6 14.17 10.84 10.84 16.87 13.34 12.09 17.28 13.96 12.09 16.24 13.75 12.51 17.7
0.0 2.76 6.29 8.57 6.08 6.91 12.3 10.02 8.98 14.79 13.34 11.47 15.41 14.79 12.3 15.41 15.41 12.51 16.24 14.17 11.89 9.25 6.54 6.33 11.54 10.29 9.25 11.96 14.46 11.75 12.58 16.12 12.79 12.38 15.71 13.0 12.79 15.5 13.0 13.0 15.08 4.2 3.99 7.32 8.56 7.32 9.6 14.17 10.84 10.84 16.87 13.34 12.09 17.28 13.96 12.09 16.24 13.75 12.51 17.7 15.0
0.0 6.29 8.57 6.08 6.91 12.3 10.02 8.98 14.79 13.34 11.47 15.41 14.79 12.3 15.41 15.41 12.51 16.24 14.17 11.89 16.03 6.54 6.33 11.54 10.29 9.25 11.96 14.46 11.75 12.58 16.12 12.79 12.38 15.71 13.0 12.79 15.5 13.0 13.0 15.08 13.21 3.99 7.32 8.56 7.32 9.6 14.17 10.84 10.84 16.87 13.34 12.09 17.28 13.96 12.09 16.24 13.75 12.51 17.7 15.0 13.96
0.0 8.57 6.08 6.91 12.3 10.02 8.98 14.79 13.34 11.47 15.41 14.79 12.3 15.41 15.41 12.51 16.24 14.17 11.89 16.03 15.41 6.33 11.54 10.29 9.25 11.96 14.46 11.75 12.58 16.12 12.79 12.38 15.71 13.0 12.79 15.5 13.0 13.0 15.08 13.21 14.04 7.32 8.56 7.32 9.6 14.17 10.84 10.84 16.87 13.34 12.09 17.28 13.96 12.09 16.24 13.75 12.51 17.7 15.0 13.96 18.53
0.0 6.08 6.91 12.3 10.02 8.98 14.79 13.34 11.47 15.41 14.79 12.3 15.41 15.41 12.51 16.24 14.17 11.89 16.03 15.41 12.92 11.54 10.29 9.25 11.96 14.46 11.75 12.58 16.12 12.79 12.38 15.71 13.0 12.79 15.5 13.0 13.0 15.08 13.21 14.04 17.17 8.56 7.32 9.6 14.17 10.84 10.84 16.87 13.34 12.09 17.28 13.96 12.09 16.24 13.75 12.51 17.7 15.0 13.96 18.53 15.83
0.0 6.91 12.3 10.02 8.98 14.79 13.34 11.47 15.41 14.79 12.3 15.41 15.41 12.51 16.24 14.17 11.89 16.03 15.41 12.92 17.69 10.29 9.25 11.96 14.46 11.75 12.58 16.12 12.79 12.38 15.71 13.0 12.79 15.5 13.0 13.0 15.08 13.21 14.04 17.17 14.67 7.32 9.6 14.17 10.84 10.84 16.87 13.34 12.09 17.28 13.96 12.09 16.24 13.75 12.51 17.7 15.0 13.96 18.53 15.83 14.79
0.0 12.3 10.02 8.98 14.79 13.34 11.47 15.41 14.79 12.3 15.41 15.41 12.51 16.24 14.17 11.89 16.03 15.41 12.92 17.69 16.86 9.25 11.96 14.46 11.75 12.58 16.12 12.79 12.38 15.71 13.0 12.79 15.5 13.0 13.0 15.08 13.21 14.04 17.17 14.67 15.08 9.6 14.17 10.84 10.84 16.87 13.34 12.09 17.28 13.96 12.09 16.24 13.75 12.51 17.7 15.0 13.96 18.53 15.83 14.79 21.02
0.0 10.02 8.98 14.79 13.34 11.47 15.41 14.79 12.3 15.41 15.41 12.51 16.24 14.17 11.89 16.03 15.41 12.92 17.69 16.86 13.75 11.96 14.46 11.75 12.58 16.12 12.79 12.38 15.71 13.0 12.79 15.5 13.0 13.0 15.08 13.21 14.04 17.17 14.67 15.08 19.67 14.17 10.84 10.84 16.87 13.34 12.09 17.28 13.96 12.09 16.24 13.75 12.51 17.7 15.0 13.96 18.53 15.83 14.79 21.02 17.7
1.0 8.98 14.79 13.34 11.47 15.41 14.79 12.3 15.41 15.41 12.51 16.24 14.17 11.89 16.03 15.41 12.92 17.69 16.86 13.75 19.35 14.46 11.75 12.58 16.12 12.79 12.38 15.71 13.0 12.79 15.5 13.0 13.0 15.08 13.21 14.04 17.17 14.67 15.08 19.67 16.96 10.84 10.84 16.87 13.34 12.09 17.28 13.96 12.09 16.24 13.75 12.51 17.7 15.0 13.96 18.53 15.83 14.79 21.02 17.7 15.41
1.0 14.79 13.34 11.47 15.41 14.79 12.3 15.41 15.41 12.51 16.24 14.17 11.89 16.03 15.41 12.92 17.69 16.86 13.75 19.35 19.35 11.75 12.58 16.12 12.79 12.38 15.71 13.0 12.79 15.5 13.0 13.0 15.08 13.21 14.04 17.17 14.67 15.08 19.67 16.96 16.33 10.84 16.87 13.34 12.09 17.28 13.96 12.09 16.24 13.75 12.51 17.7 15.0 13.96 18.53 15.83 14.79 21.02 17.7 15.41 22.26
1.0 13.34 11.47 15.41 14.79 12.3 15.41 15.41 12.51 16.24 14.17 11.89 16.03 15.41 12.92 17.69 16.86 13.75 19.35 19.35 19.35 12.58 16.12 12.79 12.38 15.71 13.0 12.79 15.5 13.0 13.0 15.08 13.21 14.04 17.17 14.67 15.08 19.67 16.96 16.33 21.75 16.87 13.34 12.09 17.28 13.96 12.09 16.24 13.75 12.51 17.7 15.0 13.96 18.53 15.83 14.79 21.02 17.7 15.41 22.26 19.98
1.0 11.47 15.41 14.79 12.3 15.41 15.41 12.51 16.24 14.17 11.89 16.03 15.41 12.92 17.69 16.86 13.75 19.35 19.35 19.35 19.35 16.12 12.79 12.38 15.71 13.0 12.79 15.5 13.0 13.0 15.08 13.21 14.04 17.17 14.67 15.08 19.67 16.96 16.33 21.75 18.83 13.34 12.09 17.28 13.96 12.09 16.24 13.75 12.51 17.7 15.0 13.96 18.53 15.83 14.79 21.02 17.7 15.41 22.26 19.98 16.66
1.0 15.41 14.79 12.3 15.41 15.41 12.51 16.24 14.17 11.89 16.03 15.41 12.92 17.69 16.86 13.75 19.35 19.35 19.35 19.35 19.35 12.79 12.38 15.71 13.0 12.79 15.5 13.0 13.0 15.08 13.21 14.04 17.17 14.67 15.08 19.67 16.96 16.33 21.75 18.83 17.37 12.09 17.28 13.96 12.09 16.24 13.75 12.51 17.7 15.0 13.96 18.53 15.83 14.79 21.02 17.7 15.41 22.26 19.98 16.66 23.09
1.0 14.79 12.3 15.41 15.41 12.51 16.24 14.17 11.89 16.03 15.41 12.92 17.69 16.86 13.75 19.35 19.35 19.35 19.35 19.35 19.35 12.38 15.71 13.0 12.79 15.5 13.0 13.0 15.08 13.21 14.04 17.17 14.67 15.08 19.67 16.96 16.33 21.75 18.83 17.37 23.42 17.28 13.96 12.09 16.24 13.75 12.51 17.7 15.0 13.96 18.53 15.83 14.79 21.02 17.7 15.41 22.26 19.98 16.66 23.09 21.22
1.0 12.3 15.41 15.41 12.51 16.24 14.17 11.89 16.03 15.41 12.92 17.69 16.86 13.75 19.35 19.35 19.35 19.35 19.35 19.35 19.35 15.71 13.0 12.79 15.5 13.0 13.0 15.08 13.21 14.04 17.17 14.67 15.08 19.67 16.96 16.33 21.75 18.83 17.37 23.42 20.08 13.96 12.09 16.24 13.75 12.51 17.7 15.0 13.96 18.53 15.83 14.79 21.02 17.7 15.41 22.26 19.98 16.66 23.09 21.22 17.49
1.0 15.41 15.41 12.51 16.24 14.17 11.89 16.03 15.41 12.92 17.69 16.86 13.75 19.35 19.35 19.35 19.35 19.35 19.35 19.35 19.35 13.0 12.79 15.5 13.0 13.0 15.08 13.21 14.04 17.17 14.67 15.08 19.67 16.96 16.33 21.75 18.83 17.37 23.42 20.08 17.37 12.09 16.24 13.75 12.51 17.7 15.0 13.96 18.53 15.83 14.79 21.02 17.7 15.41 22.26 19.98 16.66 23.09 21.22 17.49 22.06
1.0 15.41 12.51 16.24 14.17 11.89 16.03 15.41 12.92 17.69 16.86 13.75 19.35 19.35 19.35 19.35 19.35 19.35 19.35 19.35 19.35 12.79 15.5 13.0 13.0 15.08 13.21 14.04 17.17 14.67 15.08 19.67 16.96 16.33 21.75 18.83 17.37 23.42 20.08 17.37 23.21 16.24 13.75 12.51 17.7 15.0 13.96 18.53 15.83 14.79 21.02 17.7 15.41 22.26 19.98 16.66 23.09 21.22 17.49 22.06 21.64
1.0 12.51 16.24 14.17 11.89 16.03 15.41 12.92 17.69 16.86 13.75 19.35 19.35 19.35 19.35 19.35 19.35 19.35 19.35 19.35 19.35 15.5 13.0 13.0 15.08 13.21 14.04 17.17 14.67 15.08 19.67 16.96 16.33 21.75 18.83 17.37 23.42 20.08 17.37 23.21 20.71 13.75 12.51 17.7 15.0 13.96 18.53 15.83 14.79 21.02 17.7 15.41 22.26 19.98 16.66 23.09 21.22 17.49 22.06 21.64 17.28
1.0 16.24 14.17 11.89 16.03 15.41 12.92 17.69 16.86 13.75 19.35 19.35 19.35 19.35 19.35 19.35 19.35 19.35 19.35 19.35 19.35 13.0 13.0 15.08 13.21 14.04 17.17 14.67 15.08 19.67 16.96 16.33 21.75 18.83 17.37 23.42 20.08 17.37 23.21 20.71 17.17 12.51 17.7 15.0 13.96 18.53 15.83 14.79 21.02 17.7 15.41 22.26 19.98 16.66 23.09 21.22 17.49 22.06 21.64 17.28 19.77
1.0 14.17 11.89 16.03 15.41 12.92 17.69 16.86 13.75 19.35 19.35 19.35 19.35 19.35 19.35 19.35 19.35 19.35 19.35 19.35 19.35 13.0 15.08 13.21 14.04 17.17 14.67 15.08 19.67 16.96 16.33 21.75 18.83 17.37 23.42 20.08 17.37 23.21 20.71 17.17 21.75 17.7 15.0 13.96 18.53 15.83 14.79 21.02 17.7 15.41 22.26 19.98 16.66 23.09 21.22 17.49 22.06 21.64 17.28 19.77 21.43
1.0 11.89 16.03 15.41 12.92 17.69 16.86 13.75 19.35 19.35 19.35 19.35 19.35 19.35 19.35 19.35 19.35 19.35 19.35 19.35 19.35 15.08 13.21 14.04 17.17 14.67 15.08 19.67 16.96 16.33 21.75 18.83 17.37 23.42 20.08 17.37 23.21 20.71 17.17 21.75 20.92 15.0 13.96 18.53 15.83 14.79 21.02 17.7 15.41 22.26 19.98 16.66 23.09 21.22 17.49 22.06 21.64 17.28 19.77 21.43 17.07
1.0 16.03 15.41 12.92 17.69 16.86 13.75 19.35 19.35 19.35 19.35 19.35 19.35 19.35 19.35 19.35 19.35 19.35 19.35 19.35 19.35 13.21 14.04 17.17 14.67 15.08 19.67 16.96 16.33 21.75 18.83 17.37 23.42 20.08 17.37 23.21 20.71 17.17 21.75 20.92 16.96 13.96 18.53 15.83 14.79 21.02 17.7 15.41 22.26 19.98 16.66 23.09 21.22 17.49 22.06 21.64 17.28 19.77 21.43 17.07 17.49
1.0 15.41 12.92 17.69 16.86 13.75 19.35 19.35 19.35 19.35 19.35 19.35 19.35 19.35 19.35 19.35 19.35 19.35 19.35 19.35 19.35 14.04 17.17 14.67 15.08 19.67 16.96 16.33 21.75 18.83 17.37 23.42 20.08 17.37 23.21 20.71 17.17 21.75 20.92 16.96 19.67 18.53 15.83 14.79 21.02 17.7 15.41 22.26 19.98 16.66 23.09 21.22 17.49 22.06 21.64 17.28 19.77 21.43 17.07 17.49 20.81
1.0 12.92 17.69 16.86 13.75 19.35 19.35 19.35 19.35 19.35 19.35 19.35 19.35 19.35 19.35 19.35 19.35 19.35 19.35 19.35 19.35 17.17 14.67 15.08 19.67 16.96 16.33 21.75 18.83 17.37 23.42 20.08 17.37 23.21 20.71 17.17 21.75 20.92 16.96 19.67 21.12 15.83 14.79 21.02 17.7 15.41 22.26 19.98 16.66 23.09 21.22 17.49 22.06 21.64 17.28 19.77 21.43 17.07 17.49 20.81 16.66
1.0 17.69 16.86 13.75 19.35 19.35 19.35 19.35 19.35 19.35 19.35 19.35 19.35 19.35 19.35 19.35 19.35 19.35 19.35 19.35 19.35 14.67 15.08 19.67 16.96 16.33 21.75 18.83 17.37 23.42 20.08 17.37 23.21 20.71 17.17 21.75 20.92 16.96 19.67 21.12 17.17 14.79 21.02 17.7 15.41 22.26 19.98 16.66 23.09 21.22 17.49 22.06 21.64 17.28 19.77 21.43 17.07 17.49 20.81 16.66 14.58
1.0 16.86 13.75 19.35 19.35 19.35 19.35 19.35 19.35 19.35 19.35 19.35 19.35 19.35 19.35 19.35 19.35 19.35 19.35 19.35 19.35 15.08 19.67 16.96 16.33 21.75 18.83 17.37 23.42 20.08 17.37 23.21 20.71 17.17 21.75 20.92 16.96 19.67 21.12 17.17 17.58 21.02 17.7 15.41 22.26 19.98 16.66 23.09 21.22 17.49 22.06 21.64 17.28 19.77 21.43 17.07 17.49 20.81 16.66 14.58 20.6
1.0 13.75 19.35 19.35 19.35 19.35 19.35 19.35 19.35 19.35 19.35 19.35 19.35 19.35 19.35 19.35 19.35 19.35 19.35 19.35 19.35 19.67 16.96 16.33 21.75 18.83 17.37 23.42 20.08 17.37 23.21 20.71 17.17 21.75 20.92 16.96 19.67 21.12 17.17 17.58 20.92 17.7 15.41 22.26 19.98 16.66 23.09 21.22 17.49 22.06 21.64 17.28 19.77 21.43 17.07 17.49 20.81 16.66 14.58 20.6 16.66
1.0 19.35 19.35 19.35 19.35 19.35 19.35 19.35 19.35 19.35 19.35 19.35 19.35 19.35 19.35 19.35 19.35 19.35 19.35 19.35 19.35 16.96 16.33 21.75 18.83 17.37 23.42 20.08 17.37 23.21 20.71 17.17 21.75 20.92 16.96 19.67 21.12 17.17 17.58 20.92 17.37 15.41 22.26 19.98 16.66 23.09 21.22 17.49 22.06 21.64 17.28 19.77 21.43 17.07 17.49 20.81 16.66 14.58 20.6 16.66 13.54
1.0 19.35 19.35 19.35 19.35 19.35 19.35 19.35 19.35 19.35 19.35 19.35 19.35 19.35 19.35 19.35 19.35 19.35 19.35 19.35 19.35 16.33 21.75 18.83 17.37 23.42 20.08 17.37 23.21 20.71 17.17 21.75 20.92 16.96 19.67 21.12 17.17 17.58 20.92 17.37 14.04 22.26 19.98 16.66 23.09 21.22 17.49 22.06 21.64 17.28 19.77 21.43 17.07 17.49 20.81 16.66 14.58 20.6 16.66 13.54 11.47
1.0 19.35 19.35 19.35 19.35 19.35 19.35 19.35 19.35 19.35 19.35 19.35 19.35 19.35 19.35 19.35 19.35 19.35 19.35 19.35 19.35 21.75 18.83 17.37 23.42 20.08 17.37 23.21 20.71 17.17 21.75 20.92 16.96 19.67 21.12 17.17 17.58 20.92 17.37 14.04 11.96 19.98 16.66 23.09 21.22 17.49 22.06 21.64 17.28 19.77 21.43 17.07 17.49 20.81 16.66 14.58 20.6 16.66 13.54 11.47 10.01
1.0 19.35 19.35 19.35 19.35 19.35 19.35 19.35 19.35 19.35 19.35 19.35 19.35 19.35 19.35 19.35 19.35 19.35 19.35 19.35 19.35 18.83 17.37 23.42 20.08 17.37 23.21 20.71 17.17 21.75 20.92 16.96 19.67 21.12 17.17 17.58 20.92 17.37 14.04 11.96 10.08 16.66 23.09 21.22 17.49 22.06 21.64 17.28 19.77 21.43 17.07 17.49 20.81 16.66 14.58 20.6 16.66 13.54 11.47 10.01 7.94
0.0 19.35 19.35 19.35 19.35 19.35 19.35 19.35 19.35 19.35 19.35 19.35 19.35 19.35 19.35 19.35 19.35 19.35 19.35 19.35 4.22 17.37 23.42 20.08 17.37 23.21 20.71 17.17 21.75 20.92 16.96 19.67 21.12 17.17 17.58 20.92 17.37 14.04 11.96 10.08 7.79 23.09 21.22 17.49 22.06 21.64 17.28 19.77 21.43 17.07 17.49 20.81 16.66 14.58 20.6 16.66 13.54 11.47 10.01 7.94 6.07
0.0 19.35 19.35 19.35 19.35 19.35 19.35 19.35 19.35 19.35 19.35 19.35 19.35 19.35 19.35 19.35 19.35 19.35 19.35 4.22 2.56 23.42 20.08 17.37 23.21 20.71 17.17 21.75 20.92 16.96 19.67 21.12 17.17 17.58 20.92 17.37 14.04 11.96 10.08 7.79 5.92 21.22 17.49 22.06 21.64 17.28 19.77 21.43 17.07 17.49 20.81 16.66 14.58 20.6 16.66 13.54 11.47 10.01 7.94 6.07 5.03
0.0 19.35 19.35 19.35 19.35 19.35 19.35 19.35 19.35 19.35 19.35 19.35 19.35 19.35 19.35 19.35 19.35 19.35 4.22 2.56 0.69 20.08 17.37 23.21 20.71 17.17 21.75 20.92 16.96 19.67 21.12 17.17 17.58 20.92 17.37 14.04 11.96 10.08 7.79 5.92 4.67 17.49 22.06 21.64 17.28 19.77 21.43 17.07 17.49 20.81 16.66 14.58 20.6 16.66 13.54 11.47 10.01 7.94 6.07 5.03 3.58
0.0 19.35 19.35 19.35 19.35 19.35 19.35 19.35 19.35 19.35 19.35 19.35 19.35 19.35 19.35 19.35 19.35 4.22 2.56 0.69 -0.76 17.37 23.21 20.71 17.17 21.75 20.92 16.96 19.67 21.12 17.17 17.58 20.92 17.37 14.04 11.96 10.08 7.79 5.92 4.67 3.0 22.06 21.64 17.28 19.77 21.43 17.07 17.49 20.81 16.66 14.58 20.6 16.66 13.54 11.47 10.01 7.94 6.07 5.03 3.58 1.71
0.0 19.35 19.35 19.35 19.35 19.35 19.35 19.35 19.35 19.35 19.35 19.35 19.35 19.35 19.35 19.35 4.22 2.56 0.69 -0.76 -1.38 23.21 20.71 17.17 21.75 20.92 16.96 19.67 21.12 17.17 17.58 20.92 17.37 14.04 11.96 10.08 7.79 5.92 4.67 3.0 1.13 21.64 17.28 19.77 21.43 17.07 17.49 20.81 16.66 14.58 20.6 16.66 13.54 11.47 10.01 7.94 6.07 5.03 3.58 1.71 1.09
0.0 19.35 19.35 19.35 19.35 19.35 19.35 19.35 19.35 19.35 19.35 19.35 19.35 19.35 19.35 4.22 2.56 0.69 -0.76 -1.38 -3.25 20.71 17.17 21.75 20.92 16.96 19.67 21.12 17.17 17.58 20.92 17.37 14.04 11.96 10.08 7.79 5.92 4.67 3.0 1.13 0.71 17.28 19.77 21.43 17.07 17.49 20.81 16.66 14.58 20.6 16.66 13.54 11.47 10.01 7.94 6.07 5.03 3.58 1.71 1.09 0.05
0.0 19.35 19.35 19.35 19.35 19.35 19.35 19.35 19.35 19.35 19.35 19.35 19.35 19.35 4.22 2.56 0.69 -0.76 -1.38 -3.25 -4.28 17.17 21.75 20.92 16.96 19.67 21.12 17.17 17.58 20.92 17.37 14.04 11.96 10.08 7.79 5.92 4.67 3.0 1.13 0.71 -0.54 19.77 21.43 17.07 17.49 20.81 16.66 14.58 20.6 16.66 13.54 11.47 10.01 7.94 6.07 5.03 3.58 1.71 1.09 0.05 -1.82
0.0 19.35 19.35 19.35 19.35 19.35 19.35 19.35 19.35 19.35 19.35 19.35 19.35 4.22 2.56 0.69 -0.76 -1.38 -3.25 -4.28 -4.08 21.75 20.92 16.96 19.67 21.12 17.17 17.58 20.92 17.37 14.04 11.96 10.08 7.79 5.92 4.67 3.0 1.13 0.71 -0.54 -2.41 21.43 17.07 17.49 20.81 16.66 14.58 20.6 16.66 13.54 11.47 10.01 7.94 6.07 5.03 3.58 1.71 1.09 0.05 -1.82 -2.23
0.0 19.35 19.35 19.35 19.35 19.35 19.35 19.35 19.35 19.35 19.35 19.35 4.22 2.56 0.69 -0.76 -1.38 -3.25 -4.28 -4.08 -5.74 20.92 16.96 19.67 21.12 17.17 17.58 20.92 17.37 14.04 11.96 10.08 7.79 5.92 4.67 3.0 1.13 0.71 -0.54 -2.41 -2.41 17.07 17.49 20.81 16.66 14.58 20.6 16.66 13.54 11.47 10.01 7.94 6.07 5.03 3.58 1.71 1.09 0.05 -1.82 -2.23 -2.65
0.0 19.35 19.35 19.35 19.35 19.35 19.35 19.35 19.35 19.35 19.35 4.22 2.56 0.69 -0.76 -1.38 -3.25 -4.28 -4.08 -5.74 -6.98 16.96 19.67 21.12 17.17 17.58 20.92 17.37 14.04 11.96 10.08 7.79 5.92 4.67 3.0 1.13 0.71 -0.54 -2.41 -2.41 -3.46 17.49 20.81 16.66 14.58 20.6 16.66 13.54 11.47 10.01 7.94 6.07 5.03 3.58 1.71 1.09 0.05 -1.82 -2.23 -2.65 -4.31
0.0 19.35 19.35 19.35 19.35 19.35 19.35 19.35 19.35 19.35 4.22 2.56 0.69 -0.76 -1.38 -3.25 -4.28 -4.08 -5.74 -6.98 -6.56 19.67 21.12 17.17 17.58 20.92 17.37 14.04 11.96 10.08 7.79 5.92 4.67 3.0 1.13 0.71 -0.54 -2.41 -2.41 -3.46 -5.12 20.81 16.66 14.58 20.6 16.66 13.54 11.47 10.01 7.94 6.07 5.03 3.58 1.71 1.09 0.05 -1.82 -2.23 -2.65 -4.31 -5.14
0.0 19.35 19.35 19.35 19.35 19.35 19.35 19.35 19.35 4.22 2.56 0.69 -0.76 -1.38 -3.25 -4.28 -4.08 -5.74 -6.98 -6.56 -8.02 21.12 17.17 17.58 20.92 17.37 14.04 11.96 10.08 7.79 5.92 4.67 3.0 1.13 0.71 -0.54 -2.41 -2.41 -3.46 -5.12 -5.54 16.66 14.58 20.6 16.66 13.54 11.47 10.01 7.94 6.07 5.03 3.58 1.71 1.09 0.05 -1.82 -2.23 -2.65 -4.31 -5.14 -5.14
0.0 19.35 19.35 19.35 19.35 19.35 19.35 19.35 4.22 2.56 0.69 -0.76 -1.38 -3.25 -4.28 -4.08 -5.74 -6.98 -6.56 -8.02 -9.26 17.17 17.58 20.92 17.37 14.04 11.96 10.08 7.79 5.92 4.67 3.0 1.13 0.71 -0.54 -2.41 -2.41 -3.46 -5.12 -5.54 -5.95 14.58 20.6 16.66 13.54 11.47 10.01 7.94 6.07 5.03 3.58 1.71 1.09 0.05 -1.82 -2.23 -2.65 -4.31 -5.14 -5.14 -6.59
0.0 19.35 19.35 19.35 19.35 19.35 19.35 4.22 2.56 0.69 -0.76 -1.38 -3.25 -4.28 -4.08 -5.74 -6.98 -6.56 -8.02 -9.26 -9.05 17.58 20.92 17.37 14.04 11.96 10.08 7.79 5.92 4.67 3.0 1.13 0.71 -0.54 -2.41 -2.41 -3.46 -5.12 -5.54 -5.95 -7.62 20.6 16.66 13.54 11.47 10.01 7.94 6.07 5.03 3.58 1.71 1.09 0.05 -1.82 -2.23 -2.65 -4.31 -5.14 -5.14 -6.59 -7.63
0.0 19.35 19.35 19.35 19.35 19.35 4.22 2.56 0.69 -0.76 -1.38 -3.25 -4.28 -4.08 -5.74 -6.98 -6.56 -8.02 -9.26 -9.05 -10.3 20.92 17.37 14.04 11.96 10.08 7.79 5.92 4.67 3.0 1.13 0.71 -0.54 -2.41 -2.41 -3.46 -5.12 -5.54 -5.95 -7.62 -8.45 16.66 13.54 11.47 10.01 7.94 6.07 5.03 3.58 1.71 1.09 0.05 -1.82 -2.23 -2.65 -4.31 -5.14 -5.14 -6.59 -7.63 -7.42
