0.36 0.0 0.0077 0.82 0.83 0.84 0.85 0.86 0.87 0.88 0.89 0.9 0.91 0.92 0.93 0.94 0.95 0.96 0.97 0.0 0.01 0.02 0.03 0.3553 0.3439 0.3484 0.3323 0.3208 0.3186 0.307 0.2932 0.2886 0.2771 0.2656 0.2587 0.2518 0.2402 0.2356 0.2287 0.2563 0.3347 0.307 0.3093 0.3876 0.3783 0.3598 0.3574 0.3506 0.3343 0.3273 0.3204 0.3089 0.2996 0.2903 0.2811 0.2718 0.2672 0.2579 0.2649 0.2741 0.2626 0.3343 0.3367 0.3919 0.3712 0.3666 0.3642 0.3481 0.3366 0.3366 0.3204 0.3112 0.3043 0.2928 0.2836 0.2789 0.2697 0.2604 0.2559 0.2489 0.3112 0.3481 0.3204
0.3416 0.0 0.2763 0.83 0.84 0.85 0.86 0.87 0.88 0.89 0.9 0.91 0.92 0.93 0.94 0.95 0.96 0.97 0.0 0.01 0.02 0.03 0.04 0.3439 0.3484 0.3323 0.3208 0.3186 0.307 0.2932 0.2886 0.2771 0.2656 0.2587 0.2518 0.2402 0.2356 0.2287 0.2563 0.3347 0.307 0.3093 0.3922 0.3783 0.3598 0.3574 0.3506 0.3343 0.3273 0.3204 0.3089 0.2996 0.2903 0.2811 0.2718 0.2672 0.2579 0.2649 0.2741 0.2626 0.3343 0.3367 0.3158 0.3712 0.3666 0.3642 0.3481 0.3366 0.3366 0.3204 0.3112 0.3043 0.2928 0.2836 0.2789 0.2697 0.2604 0.2559 0.2489 0.3112 0.3481 0.3204 0.3528
0.3092 0.0 0.1073 0.84 0.85 0.86 0.87 0.88 0.89 0.9 0.91 0.92 0.93 0.94 0.95 0.96 0.97 0.0 0.01 0.02 0.03 0.04 0.05 0.3484 0.3323 0.3208 0.3186 0.307 0.2932 0.2886 0.2771 0.2656 0.2587 0.2518 0.2402 0.2356 0.2287 0.2563 0.3347 0.307 0.3093 0.3922 0.36 0.3598 0.3574 0.3506 0.3343 0.3273 0.3204 0.3089 0.2996 0.2903 0.2811 0.2718 0.2672 0.2579 0.2649 0.2741 0.2626 0.3343 0.3367 0.3158 0.3667 0.3666 0.3642 0.3481 0.3366 0.3366 0.3204 0.3112 0.3043 0.2928 0.2836 0.2789 0.2697 0.2604 0.2559 0.2489 0.3112 0.3481 0.3204 0.3528 0.4012
0.3092 0.0 0.0613 0.85 0.86 0.87 0.88 0.89 0.9 0.91 0.92 0.93 0.94 0.95 0.96 0.97 0.0 0.01 0.02 0.03 0.04 0.05 0.06 0.3323 0.3208 0.3186 0.307 0.2932 0.2886 0.2771 0.2656 0.2587 0.2518 0.2402 0.2356 0.2287 0.2563 0.3347 0.307 0.3093 0.3922 0.36 0.3416 0.3574 0.3506 0.3343 0.3273 0.3204 0.3089 0.2996 0.2903 0.2811 0.2718 0.2672 0.2579 0.2649 0.2741 0.2626 0.3343 0.3367 0.3158 0.3667 0.3852 0.3642 0.3481 0.3366 0.3366 0.3204 0.3112 0.3043 0.2928 0.2836 0.2789 0.2697 0.2604 0.2559 0.2489 0.3112 0.3481 0.3204 0.3528 0.4012 0.362
0.3692 1.0 0.108 0.86 0.87 0.88 0.89 0.9 0.91 0.92 0.93 0.94 0.95 0.96 0.97 0.0 0.01 0.02 0.03 0.04 0.05 0.06 0.07 0.3208 0.3186 0.307 0.2932 0.2886 0.2771 0.2656 0.2587 0.2518 0.2402 0.2356 0.2287 0.2563 0.3347 0.307 0.3093 0.3922 0.36 0.3416 0.3092 0.3506 0.3343 0.3273 0.3204 0.3089 0.2996 0.2903 0.2811 0.2718 0.2672 0.2579 0.2649 0.2741 0.2626 0.3343 0.3367 0.3158 0.3667 0.3852 0.3574 0.3481 0.3366 0.3366 0.3204 0.3112 0.3043 0.2928 0.2836 0.2789 0.2697 0.2604 0.2559 0.2489 0.3112 0.3481 0.3204 0.3528 0.4012 0.362 0.3642
0.4452 1.0 0.0 0.87 0.88 0.89 0.9 0.91 0.92 0.93 0.94 0.95 0.96 0.97 0.0 0.01 0.02 0.03 0.04 0.05 0.06 0.07 0.08 0.3186 0.307 0.2932 0.2886 0.2771 0.2656 0.2587 0.2518 0.2402 0.2356 0.2287 0.2563 0.3347 0.307 0.3093 0.3922 0.36 0.3416 0.3092 0.3092 0.3343 0.3273 0.3204 0.3089 0.2996 0.2903 0.2811 0.2718 0.2672 0.2579 0.2649 0.2741 0.2626 0.3343 0.3367 0.3158 0.3667 0.3852 0.3574 0.3829 0.3366 0.3366 0.3204 0.3112 0.3043 0.2928 0.2836 0.2789 0.2697 0.2604 0.2559 0.2489 0.3112 0.3481 0.3204 0.3528 0.4012 0.362 0.3642 0.4403
0.4406 0.0 0.2 0.88 0.89 0.9 0.91 0.92 0.93 0.94 0.95 0.96 0.97 0.0 0.01 0.02 0.03 0.04 0.05 0.06 0.07 0.08 0.09 0.307 0.2932 0.2886 0.2771 0.2656 0.2587 0.2518 0.2402 0.2356 0.2287 0.2563 0.3347 0.307 0.3093 0.3922 0.36 0.3416 0.3092 0.3092 0.3692 0.3273 0.3204 0.3089 0.2996 0.2903 0.2811 0.2718 0.2672 0.2579 0.2649 0.2741 0.2626 0.3343 0.3367 0.3158 0.3667 0.3852 0.3574 0.3829 0.4269 0.3366 0.3204 0.3112 0.3043 0.2928 0.2836 0.2789 0.2697 0.2604 0.2559 0.2489 0.3112 0.3481 0.3204 0.3528 0.4012 0.362 0.3642 0.4403 0.3966
0.4014 0.0 0.2533 0.89 0.9 0.91 0.92 0.93 0.94 0.95 0.96 0.97 0.0 0.01 0.02 0.03 0.04 0.05 0.06 0.07 0.08 0.09 0.1 0.2932 0.2886 0.2771 0.2656 0.2587 0.2518 0.2402 0.2356 0.2287 0.2563 0.3347 0.307 0.3093 0.3922 0.36 0.3416 0.3092 0.3092 0.3692 0.4452 0.3204 0.3089 0.2996 0.2903 0.2811 0.2718 0.2672 0.2579 0.2649 0.2741 0.2626 0.3343 0.3367 0.3158 0.3667 0.3852 0.3574 0.3829 0.4269 0.3944 0.3204 0.3112 0.3043 0.2928 0.2836 0.2789 0.2697 0.2604 0.2559 0.2489 0.3112 0.3481 0.3204 0.3528 0.4012 0.362 0.3642 0.4403 0.3966 0.3781
0.4476 0.0 0.0153 0.9 0.91 0.92 0.93 0.94 0.95 0.96 0.97 0.0 0.01 0.02 0.03 0.04 0.05 0.06 0.07 0.08 0.09 0.1 0.11 0.2886 0.2771 0.2656 0.2587 0.2518 0.2402 0.2356 0.2287 0.2563 0.3347 0.307 0.3093 0.3922 0.36 0.3416 0.3092 0.3092 0.3692 0.4452 0.4406 0.3089 0.2996 0.2903 0.2811 0.2718 0.2672 0.2579 0.2649 0.2741 0.2626 0.3343 0.3367 0.3158 0.3667 0.3852 0.3574 0.3829 0.4269 0.3944 0.3944 0.3112 0.3043 0.2928 0.2836 0.2789 0.2697 0.2604 0.2559 0.2489 0.3112 0.3481 0.3204 0.3528 0.4012 0.362 0.3642 0.4403 0.3966 0.3781 0.4589
0.4798 0.0 0.1307 0.91 0.92 0.93 0.94 0.95 0.96 0.97 0.0 0.01 0.02 0.03 0.04 0.05 0.06 0.07 0.08 0.09 0.1 0.11 0.12 0.2771 0.2656 0.2587 0.2518 0.2402 0.2356 0.2287 0.2563 0.3347 0.307 0.3093 0.3922 0.36 0.3416 0.3092 0.3092 0.3692 0.4452 0.4406 0.4014 0.2996 0.2903 0.2811 0.2718 0.2672 0.2579 0.2649 0.2741 0.2626 0.3343 0.3367 0.3158 0.3667 0.3852 0.3574 0.3829 0.4269 0.3944 0.3944 0.4639 0.3043 0.2928 0.2836 0.2789 0.2697 0.2604 0.2559 0.2489 0.3112 0.3481 0.3204 0.3528 0.4012 0.362 0.3642 0.4403 0.3966 0.3781 0.4589 0.4289
0.4406 0.0 0.154 0.92 0.93 0.94 0.95 0.96 0.97 0.0 0.01 0.02 0.03 0.04 0.05 0.06 0.07 0.08 0.09 0.1 0.11 0.12 0.13 0.2656 0.2587 0.2518 0.2402 0.2356 0.2287 0.2563 0.3347 0.307 0.3093 0.3922 0.36 0.3416 0.3092 0.3092 0.3692 0.4452 0.4406 0.4014 0.4476 0.2903 0.2811 0.2718 0.2672 0.2579 0.2649 0.2741 0.2626 0.3343 0.3367 0.3158 0.3667 0.3852 0.3574 0.3829 0.4269 0.3944 0.3944 0.4639 0.4269 0.2928 0.2836 0.2789 0.2697 0.2604 0.2559 0.2489 0.3112 0.3481 0.3204 0.3528 0.4012 0.362 0.3642 0.4403 0.3966 0.3781 0.4589 0.4289 0.4012
0.4429 0.0 0.1073 0.93 0.94 0.95 0.96 0.97 0.0 0.01 0.02 0.03 0.04 0.05 0.06 0.07 0.08 0.09 0.1 0.11 0.12 0.13 0.14 0.2587 0.2518 0.2402 0.2356 0.2287 0.2563 0.3347 0.307 0.3093 0.3922 0.36 0.3416 0.3092 0.3092 0.3692 0.4452 0.4406 0.4014 0.4476 0.4798 0.2811 0.2718 0.2672 0.2579 0.2649 0.2741 0.2626 0.3343 0.3367 0.3158 0.3667 0.3852 0.3574 0.3829 0.4269 0.3944 0.3944 0.4639 0.4269 0.413 0.2836 0.2789 0.2697 0.2604 0.2559 0.2489 0.3112 0.3481 0.3204 0.3528 0.4012 0.362 0.3642 0.4403 0.3966 0.3781 0.4589 0.4289 0.4012 0.4634
0.5051 0.0 0.1307 0.94 0.95 0.96 0.97 0.0 0.01 0.02 0.03 0.04 0.05 0.06 0.07 0.08 0.09 0.1 0.11 0.12 0.13 0.14 0.15 0.2518 0.2402 0.2356 0.2287 0.2563 0.3347 0.307 0.3093 0.3922 0.36 0.3416 0.3092 0.3092 0.3692 0.4452 0.4406 0.4014 0.4476 0.4798 0.4406 0.2718 0.2672 0.2579 0.2649 0.2741 0.2626 0.3343 0.3367 0.3158 0.3667 0.3852 0.3574 0.3829 0.4269 0.3944 0.3944 0.4639 0.4269 0.413 0.4893 0.2789 0.2697 0.2604 0.2559 0.2489 0.3112 0.3481 0.3204 0.3528 0.4012 0.362 0.3642 0.4403 0.3966 0.3781 0.4589 0.4289 0.4012 0.4634 0.4634
0.4706 0.0 0.0077 0.95 0.96 0.97 0.0 0.01 0.02 0.03 0.04 0.05 0.06 0.07 0.08 0.09 0.1 0.11 0.12 0.13 0.14 0.15 0.16 0.2402 0.2356 0.2287 0.2563 0.3347 0.307 0.3093 0.3922 0.36 0.3416 0.3092 0.3092 0.3692 0.4452 0.4406 0.4014 0.4476 0.4798 0.4406 0.4429 0.2672 0.2579 0.2649 0.2741 0.2626 0.3343 0.3367 0.3158 0.3667 0.3852 0.3574 0.3829 0.4269 0.3944 0.3944 0.4639 0.4269 0.413 0.4893 0.4662 0.2697 0.2604 0.2559 0.2489 0.3112 0.3481 0.3204 0.3528 0.4012 0.362 0.3642 0.4403 0.3966 0.3781 0.4589 0.4289 0.4012 0.4634 0.4634 0.4358
0.4544 0.0 0.2073 0.96 0.97 0.0 0.01 0.02 0.03 0.04 0.05 0.06 0.07 0.08 0.09 0.1 0.11 0.12 0.13 0.14 0.15 0.16 0.17 0.2356 0.2287 0.2563 0.3347 0.307 0.3093 0.3922 0.36 0.3416 0.3092 0.3092 0.3692 0.4452 0.4406 0.4014 0.4476 0.4798 0.4406 0.4429 0.5051 0.2579 0.2649 0.2741 0.2626 0.3343 0.3367 0.3158 0.3667 0.3852 0.3574 0.3829 0.4269 0.3944 0.3944 0.4639 0.4269 0.413 0.4893 0.4662 0.4431 0.2604 0.2559 0.2489 0.3112 0.3481 0.3204 0.3528 0.4012 0.362 0.3642 0.4403 0.3966 0.3781 0.4589 0.4289 0.4012 0.4634 0.4634 0.4358 0.4658
0.5051 0.0 0.115 0.97 0.0 0.01 0.02 0.03 0.04 0.05 0.06 0.07 0.08 0.09 0.1 0.11 0.12 0.13 0.14 0.15 0.16 0.17 0.18 0.2287 0.2563 0.3347 0.307 0.3093 0.3922 0.36 0.3416 0.3092 0.3092 0.3692 0.4452 0.4406 0.4014 0.4476 0.4798 0.4406 0.4429 0.5051 0.4706 0.2649 0.2741 0.2626 0.3343 0.3367 0.3158 0.3667 0.3852 0.3574 0.3829 0.4269 0.3944 0.3944 0.4639 0.4269 0.413 0.4893 0.4662 0.4431 0.494 0.2559 0.2489 0.3112 0.3481 0.3204 0.3528 0.4012 0.362 0.3642 0.4403 0.3966 0.3781 0.4589 0.4289 0.4012 0.4634 0.4634 0.4358 0.4658 0.4911
0.489 0.0 0.054 0.0 0.01 0.02 0.03 0.04 0.05 0.06 0.07 0.08 0.09 0.1 0.11 0.12 0.13 0.14 0.15 0.16 0.17 0.18 0.19 0.2563 0.3347 0.307 0.3093 0.3922 0.36 0.3416 0.3092 0.3092 0.3692 0.4452 0.4406 0.4014 0.4476 0.4798 0.4406 0.4429 0.5051 0.4706 0.4544 0.2741 0.2626 0.3343 0.3367 0.3158 0.3667 0.3852 0.3574 0.3829 0.4269 0.3944 0.3944 0.4639 0.4269 0.413 0.4893 0.4662 0.4431 0.494 0.5032 0.2489 0.3112 0.3481 0.3204 0.3528 0.4012 0.362 0.3642 0.4403 0.3966 0.3781 0.4589 0.4289 0.4012 0.4634 0.4634 0.4358 0.4658 0.4911 0.4589
0.4751 0.0 0.169 0.01 0.02 0.03 0.04 0.05 0.06 0.07 0.08 0.09 0.1 0.11 0.12 0.13 0.14 0.15 0.16 0.17 0.18 0.19 0.2 0.3347 0.307 0.3093 0.3922 0.36 0.3416 0.3092 0.3092 0.3692 0.4452 0.4406 0.4014 0.4476 0.4798 0.4406 0.4429 0.5051 0.4706 0.4544 0.5051 0.2626 0.3343 0.3367 0.3158 0.3667 0.3852 0.3574 0.3829 0.4269 0.3944 0.3944 0.4639 0.4269 0.413 0.4893 0.4662 0.4431 0.494 0.5032 0.4732 0.3112 0.3481 0.3204 0.3528 0.4012 0.362 0.3642 0.4403 0.3966 0.3781 0.4589 0.4289 0.4012 0.4634 0.4634 0.4358 0.4658 0.4911 0.4589 0.4658
0.5143 0.0 0.0537 0.02 0.03 0.04 0.05 0.06 0.07 0.08 0.09 0.1 0.11 0.12 0.13 0.14 0.15 0.16 0.17 0.18 0.19 0.2 0.21 0.307 0.3093 0.3922 0.36 0.3416 0.3092 0.3092 0.3692 0.4452 0.4406 0.4014 0.4476 0.4798 0.4406 0.4429 0.5051 0.4706 0.4544 0.5051 0.489 0.3343 0.3367 0.3158 0.3667 0.3852 0.3574 0.3829 0.4269 0.3944 0.3944 0.4639 0.4269 0.413 0.4893 0.4662 0.4431 0.494 0.5032 0.4732 0.4893 0.3481 0.3204 0.3528 0.4012 0.362 0.3642 0.4403 0.3966 0.3781 0.4589 0.4289 0.4012 0.4634 0.4634 0.4358 0.4658 0.4911 0.4589 0.4658 0.5211
0.5397 0.0 0.0463 0.03 0.04 0.05 0.06 0.07 0.08 0.09 0.1 0.11 0.12 0.13 0.14 0.15 0.16 0.17 0.18 0.19 0.2 0.21 0.22 0.3093 0.3922 0.36 0.3416 0.3092 0.3092 0.3692 0.4452 0.4406 0.4014 0.4476 0.4798 0.4406 0.4429 0.5051 0.4706 0.4544 0.5051 0.489 0.4751 0.3367 0.3158 0.3667 0.3852 0.3574 0.3829 0.4269 0.3944 0.3944 0.4639 0.4269 0.413 0.4893 0.4662 0.4431 0.494 0.5032 0.4732 0.4893 0.5472 0.3204 0.3528 0.4012 0.362 0.3642 0.4403 0.3966 0.3781 0.4589 0.4289 0.4012 0.4634 0.4634 0.4358 0.4658 0.4911 0.4589 0.4658 0.5211 0.4911
0.512 0.0 0.1307 0.04 0.05 0.06 0.07 0.08 0.09 0.1 0.11 0.12 0.13 0.14 0.15 0.16 0.17 0.18 0.19 0.2 0.21 0.22 0.23 0.3922 0.36 0.3416 0.3092 0.3092 0.3692 0.4452 0.4406 0.4014 0.4476 0.4798 0.4406 0.4429 0.5051 0.4706 0.4544 0.5051 0.489 0.4751 0.5143 0.3158 0.3667 0.3852 0.3574 0.3829 0.4269 0.3944 0.3944 0.4639 0.4269 0.413 0.4893 0.4662 0.4431 0.494 0.5032 0.4732 0.4893 0.5472 0.5171 0.3528 0.4012 0.362 0.3642 0.4403 0.3966 0.3781 0.4589 0.4289 0.4012 0.4634 0.4634 0.4358 0.4658 0.4911 0.4589 0.4658 0.5211 0.4911 0.4888
0.5212 0.0 0.0847 0.05 0.06 0.07 0.08 0.09 0.1 0.11 0.12 0.13 0.14 0.15 0.16 0.17 0.18 0.19 0.2 0.21 0.22 0.23 0.24 0.36 0.3416 0.3092 0.3092 0.3692 0.4452 0.4406 0.4014 0.4476 0.4798 0.4406 0.4429 0.5051 0.4706 0.4544 0.5051 0.489 0.4751 0.5143 0.5397 0.3667 0.3852 0.3574 0.3829 0.4269 0.3944 0.3944 0.4639 0.4269 0.413 0.4893 0.4662 0.4431 0.494 0.5032 0.4732 0.4893 0.5472 0.5171 0.5148 0.4012 0.362 0.3642 0.4403 0.3966 0.3781 0.4589 0.4289 0.4012 0.4634 0.4634 0.4358 0.4658 0.4911 0.4589 0.4658 0.5211 0.4911 0.4888 0.5258
0.5811 0.0 0.0923 0.06 0.07 0.08 0.09 0.1 0.11 0.12 0.13 0.14 0.15 0.16 0.17 0.18 0.19 0.2 0.21 0.22 0.23 0.24 0.25 0.3416 0.3092 0.3092 0.3692 0.4452 0.4406 0.4014 0.4476 0.4798 0.4406 0.4429 0.5051 0.4706 0.4544 0.5051 0.489 0.4751 0.5143 0.5397 0.512 0.3852 0.3574 0.3829 0.4269 0.3944 0.3944 0.4639 0.4269 0.413 0.4893 0.4662 0.4431 0.494 0.5032 0.4732 0.4893 0.5472 0.5171 0.5148 0.5727 0.362 0.3642 0.4403 0.3966 0.3781 0.4589 0.4289 0.4012 0.4634 0.4634 0.4358 0.4658 0.4911 0.4589 0.4658 0.5211 0.4911 0.4888 0.5258 0.5396
0.5558 0.0 0.0307 0.07 0.08 0.09 0.1 0.11 0.12 0.13 0.14 0.15 0.16 0.17 0.18 0.19 0.2 0.21 0.22 0.23 0.24 0.25 0.26 0.3092 0.3092 0.3692 0.4452 0.4406 0.4014 0.4476 0.4798 0.4406 0.4429 0.5051 0.4706 0.4544 0.5051 0.489 0.4751 0.5143 0.5397 0.512 0.5212 0.3574 0.3829 0.4269 0.3944 0.3944 0.4639 0.4269 0.413 0.4893 0.4662 0.4431 0.494 0.5032 0.4732 0.4893 0.5472 0.5171 0.5148 0.5727 0.5588 0.3642 0.4403 0.3966 0.3781 0.4589 0.4289 0.4012 0.4634 0.4634 0.4358 0.4658 0.4911 0.4589 0.4658 0.5211 0.4911 0.4888 0.5258 0.5396 0.5258
0.5442 0.0 0.1997 0.08 0.09 0.1 0.11 0.12 0.13 0.14 0.15 0.16 0.17 0.18 0.19 0.2 0.21 0.22 0.23 0.24 0.25 0.26 0.27 0.3092 0.3692 0.4452 0.4406 0.4014 0.4476 0.4798 0.4406 0.4429 0.5051 0.4706 0.4544 0.5051 0.489 0.4751 0.5143 0.5397 0.512 0.5212 0.5811 0.3829 0.4269 0.3944 0.3944 0.4639 0.4269 0.413 0.4893 0.4662 0.4431 0.494 0.5032 0.4732 0.4893 0.5472 0.5171 0.5148 0.5727 0.5588 0.5472 0.4403 0.3966 0.3781 0.4589 0.4289 0.4012 0.4634 0.4634 0.4358 0.4658 0.4911 0.4589 0.4658 0.5211 0.4911 0.4888 0.5258 0.5396 0.5258 0.5511
0.6088 0.0 0.0843 0.09 0.1 0.11 0.12 0.13 0.14 0.15 0.16 0.17 0.18 0.19 0.2 0.21 0.22 0.23 0.24 0.25 0.26 0.27 0.28 0.3692 0.4452 0.4406 0.4014 0.4476 0.4798 0.4406 0.4429 0.5051 0.4706 0.4544 0.5051 0.489 0.4751 0.5143 0.5397 0.512 0.5212 0.5811 0.5558 0.4269 0.3944 0.3944 0.4639 0.4269 0.413 0.4893 0.4662 0.4431 0.494 0.5032 0.4732 0.4893 0.5472 0.5171 0.5148 0.5727 0.5588 0.5472 0.5773 0.3966 0.3781 0.4589 0.4289 0.4012 0.4634 0.4634 0.4358 0.4658 0.4911 0.4589 0.4658 0.5211 0.4911 0.4888 0.5258 0.5396 0.5258 0.5511 0.6019
0.5927 0.0 0.0387 0.1 0.11 0.12 0.13 0.14 0.15 0.16 0.17 0.18 0.19 0.2 0.21 0.22 0.23 0.24 0.25 0.26 0.27 0.28 0.29 0.4452 0.4406 0.4014 0.4476 0.4798 0.4406 0.4429 0.5051 0.4706 0.4544 0.5051 0.489 0.4751 0.5143 0.5397 0.512 0.5212 0.5811 0.5558 0.5442 0.3944 0.3944 0.4639 0.4269 0.413 0.4893 0.4662 0.4431 0.494 0.5032 0.4732 0.4893 0.5472 0.5171 0.5148 0.5727 0.5588 0.5472 0.5773 0.6051 0.3781 0.4589 0.4289 0.4012 0.4634 0.4634 0.4358 0.4658 0.4911 0.4589 0.4658 0.5211 0.4911 0.4888 0.5258 0.5396 0.5258 0.5511 0.6019 0.5649
0.5719 0.0 0.2153 0.11 0.12 0.13 0.14 0.15 0.16 0.17 0.18 0.19 0.2 0.21 0.22 0.23 0.24 0.25 0.26 0.27 0.28 0.29 0.3 0.4406 0.4014 0.4476 0.4798 0.4406 0.4429 0.5051 0.4706 0.4544 0.5051 0.489 0.4751 0.5143 0.5397 0.512 0.5212 0.5811 0.5558 0.5442 0.6088 0.3944 0.4639 0.4269 0.413 0.4893 0.4662 0.4431 0.494 0.5032 0.4732 0.4893 0.5472 0.5171 0.5148 0.5727 0.5588 0.5472 0.5773 0.6051 0.575 0.4589 0.4289 0.4012 0.4634 0.4634 0.4358 0.4658 0.4911 0.4589 0.4658 0.5211 0.4911 0.4888 0.5258 0.5396 0.5258 0.5511 0.6019 0.5649 0.5649
0.6157 0.0 0.0537 0.12 0.13 0.14 0.15 0.16 0.17 0.18 0.19 0.2 0.21 0.22 0.23 0.24 0.25 0.26 0.27 0.28 0.29 0.3 0.31 0.4014 0.4476 0.4798 0.4406 0.4429 0.5051 0.4706 0.4544 0.5051 0.489 0.4751 0.5143 0.5397 0.512 0.5212 0.5811 0.5558 0.5442 0.6088 0.5927 0.4639 0.4269 0.413 0.4893 0.4662 0.4431 0.494 0.5032 0.4732 0.4893 0.5472 0.5171 0.5148 0.5727 0.5588 0.5472 0.5773 0.6051 0.575 0.5842 0.4289 0.4012 0.4634 0.4634 0.4358 0.4658 0.4911 0.4589 0.4658 0.5211 0.4911 0.4888 0.5258 0.5396 0.5258 0.5511 0.6019 0.5649 0.5649 0.6319
0.6088 0.0 0.0693 0.13 0.14 0.15 0.16 0.17 0.18 0.19 0.2 0.21 0.22 0.23 0.24 0.25 0.26 0.27 0.28 0.29 0.3 0.31 0.32 0.4476 0.4798 0.4406 0.4429 0.5051 0.4706 0.4544 0.5051 0.489 0.4751 0.5143 0.5397 0.512 0.5212 0.5811 0.5558 0.5442 0.6088 0.5927 0.5719 0.4269 0.413 0.4893 0.4662 0.4431 0.494 0.5032 0.4732 0.4893 0.5472 0.5171 0.5148 0.5727 0.5588 0.5472 0.5773 0.6051 0.575 0.5842 0.6236 0.4012 0.4634 0.4634 0.4358 0.4658 0.4911 0.4589 0.4658 0.5211 0.4911 0.4888 0.5258 0.5396 0.5258 0.5511 0.6019 0.5649 0.5649 0.6319 0.5927
0.5811 0.0 0.146 0.14 0.15 0.16 0.17 0.18 0.19 0.2 0.21 0.22 0.23 0.24 0.25 0.26 0.27 0.28 0.29 0.3 0.31 0.32 0.33 0.4798 0.4406 0.4429 0.5051 0.4706 0.4544 0.5051 0.489 0.4751 0.5143 0.5397 0.512 0.5212 0.5811 0.5558 0.5442 0.6088 0.5927 0.5719 0.6157 0.413 0.4893 0.4662 0.4431 0.494 0.5032 0.4732 0.4893 0.5472 0.5171 0.5148 0.5727 0.5588 0.5472 0.5773 0.6051 0.575 0.5842 0.6236 0.5866 0.4634 0.4634 0.4358 0.4658 0.4911 0.4589 0.4658 0.5211 0.4911 0.4888 0.5258 0.5396 0.5258 0.5511 0.6019 0.5649 0.5649 0.6319 0.5927 0.5788
0.6157 0.0 0.023 0.15 0.16 0.17 0.18 0.19 0.2 0.21 0.22 0.23 0.24 0.25 0.26 0.27 0.28 0.29 0.3 0.31 0.32 0.33 0.34 0.4406 0.4429 0.5051 0.4706 0.4544 0.5051 0.489 0.4751 0.5143 0.5397 0.512 0.5212 0.5811 0.5558 0.5442 0.6088 0.5927 0.5719 0.6157 0.6088 0.4893 0.4662 0.4431 0.494 0.5032 0.4732 0.4893 0.5472 0.5171 0.5148 0.5727 0.5588 0.5472 0.5773 0.6051 0.575 0.5842 0.6236 0.5866 0.582 0.4634 0.4358 0.4658 0.4911 0.4589 0.4658 0.5211 0.4911 0.4888 0.5258 0.5396 0.5258 0.5511 0.6019 0.5649 0.5649 0.6319 0.5927 0.5788 0.6364
0.6157 0.0 0.0923 0.16 0.17 0.18 0.19 0.2 0.21 0.22 0.23 0.24 0.25 0.26 0.27 0.28 0.29 0.3 0.31 0.32 0.33 0.34 0.35 0.4429 0.5051 0.4706 0.4544 0.5051 0.489 0.4751 0.5143 0.5397 0.512 0.5212 0.5811 0.5558 0.5442 0.6088 0.5927 0.5719 0.6157 0.6088 0.5811 0.4662 0.4431 0.494 0.5032 0.4732 0.4893 0.5472 0.5171 0.5148 0.5727 0.5588 0.5472 0.5773 0.6051 0.575 0.5842 0.6236 0.5866 0.582 0.619 0.4358 0.4658 0.4911 0.4589 0.4658 0.5211 0.4911 0.4888 0.5258 0.5396 0.5258 0.5511 0.6019 0.5649 0.5649 0.6319 0.5927 0.5788 0.6364 0.5996
0.5834 0.0 0.1153 0.17 0.18 0.19 0.2 0.21 0.22 0.23 0.24 0.25 0.26 0.27 0.28 0.29 0.3 0.31 0.32 0.33 0.34 0.35 0.36 0.5051 0.4706 0.4544 0.5051 0.489 0.4751 0.5143 0.5397 0.512 0.5212 0.5811 0.5558 0.5442 0.6088 0.5927 0.5719 0.6157 0.6088 0.5811 0.6157 0.4431 0.494 0.5032 0.4732 0.4893 0.5472 0.5171 0.5148 0.5727 0.5588 0.5472 0.5773 0.6051 0.575 0.5842 0.6236 0.5866 0.582 0.619 0.5889 0.4658 0.4911 0.4589 0.4658 0.5211 0.4911 0.4888 0.5258 0.5396 0.5258 0.5511 0.6019 0.5649 0.5649 0.6319 0.5927 0.5788 0.6364 0.5996 0.5788
0.6249 0.0 0.0 0.18 0.19 0.2 0.21 0.22 0.23 0.24 0.25 0.26 0.27 0.28 0.29 0.3 0.31 0.32 0.33 0.34 0.35 0.36 0.37 0.4706 0.4544 0.5051 0.489 0.4751 0.5143 0.5397 0.512 0.5212 0.5811 0.5558 0.5442 0.6088 0.5927 0.5719 0.6157 0.6088 0.5811 0.6157 0.6157 0.494 0.5032 0.4732 0.4893 0.5472 0.5171 0.5148 0.5727 0.5588 0.5472 0.5773 0.6051 0.575 0.5842 0.6236 0.5866 0.582 0.619 0.5889 0.5866 0.4911 0.4589 0.4658 0.5211 0.4911 0.4888 0.5258 0.5396 0.5258 0.5511 0.6019 0.5649 0.5649 0.6319 0.5927 0.5788 0.6364 0.5996 0.5788 0.6249
0.6019 0.0 0.1077 0.19 0.2 0.21 0.22 0.23 0.24 0.25 0.26 0.27 0.28 0.29 0.3 0.31 0.32 0.33 0.34 0.35 0.36 0.37 0.38 0.4544 0.5051 0.489 0.4751 0.5143 0.5397 0.512 0.5212 0.5811 0.5558 0.5442 0.6088 0.5927 0.5719 0.6157 0.6088 0.5811 0.6157 0.6157 0.5834 0.5032 0.4732 0.4893 0.5472 0.5171 0.5148 0.5727 0.5588 0.5472 0.5773 0.6051 0.575 0.5842 0.6236 0.5866 0.582 0.619 0.5889 0.5866 0.6167 0.4589 0.4658 0.5211 0.4911 0.4888 0.5258 0.5396 0.5258 0.5511 0.6019 0.5649 0.5649 0.6319 0.5927 0.5788 0.6364 0.5996 0.5788 0.6249 0.5972
0.5766 0.0 0.1383 0.2 0.21 0.22 0.23 0.24 0.25 0.26 0.27 0.28 0.29 0.3 0.31 0.32 0.33 0.34 0.35 0.36 0.37 0.38 0.39 0.5051 0.489 0.4751 0.5143 0.5397 0.512 0.5212 0.5811 0.5558 0.5442 0.6088 0.5927 0.5719 0.6157 0.6088 0.5811 0.6157 0.6157 0.5834 0.6249 0.4732 0.4893 0.5472 0.5171 0.5148 0.5727 0.5588 0.5472 0.5773 0.6051 0.575 0.5842 0.6236 0.5866 0.582 0.619 0.5889 0.5866 0.6167 0.5889 0.4658 0.5211 0.4911 0.4888 0.5258 0.5396 0.5258 0.5511 0.6019 0.5649 0.5649 0.6319 0.5927 0.5788 0.6364 0.5996 0.5788 0.6249 0.5972 0.5834
0.6226 0.0 0.0767 0.21 0.22 0.23 0.24 0.25 0.26 0.27 0.28 0.29 0.3 0.31 0.32 0.33 0.34 0.35 0.36 0.37 0.38 0.39 0.4 0.489 0.4751 0.5143 0.5397 0.512 0.5212 0.5811 0.5558 0.5442 0.6088 0.5927 0.5719 0.6157 0.6088 0.5811 0.6157 0.6157 0.5834 0.6249 0.6019 0.4893 0.5472 0.5171 0.5148 0.5727 0.5588 0.5472 0.5773 0.6051 0.575 0.5842 0.6236 0.5866 0.582 0.619 0.5889 0.5866 0.6167 0.5889 0.5889 0.5211 0.4911 0.4888 0.5258 0.5396 0.5258 0.5511 0.6019 0.5649 0.5649 0.6319 0.5927 0.5788 0.6364 0.5996 0.5788 0.6249 0.5972 0.5834 0.6411
0.6157 0.0 0.0843 0.22 0.23 0.24 0.25 0.26 0.27 0.28 0.29 0.3 0.31 0.32 0.33 0.34 0.35 0.36 0.37 0.38 0.39 0.4 0.41 0.4751 0.5143 0.5397 0.512 0.5212 0.5811 0.5558 0.5442 0.6088 0.5927 0.5719 0.6157 0.6088 0.5811 0.6157 0.6157 0.5834 0.6249 0.6019 0.5766 0.5472 0.5171 0.5148 0.5727 0.5588 0.5472 0.5773 0.6051 0.575 0.5842 0.6236 0.5866 0.582 0.619 0.5889 0.5866 0.6167 0.5889 0.5889 0.612 0.4911 0.4888 0.5258 0.5396 0.5258 0.5511 0.6019 0.5649 0.5649 0.6319 0.5927 0.5788 0.6364 0.5996 0.5788 0.6249 0.5972 0.5834 0.6411 0.6111
0.588 0.0 0.1533 0.23 0.24 0.25 0.26 0.27 0.28 0.29 0.3 0.31 0.32 0.33 0.34 0.35 0.36 0.37 0.38 0.39 0.4 0.41 0.42 0.5143 0.5397 0.512 0.5212 0.5811 0.5558 0.5442 0.6088 0.5927 0.5719 0.6157 0.6088 0.5811 0.6157 0.6157 0.5834 0.6249 0.6019 0.5766 0.6226 0.5171 0.5148 0.5727 0.5588 0.5472 0.5773 0.6051 0.575 0.5842 0.6236 0.5866 0.582 0.619 0.5889 0.5866 0.6167 0.5889 0.5889 0.612 0.5912 0.4888 0.5258 0.5396 0.5258 0.5511 0.6019 0.5649 0.5649 0.6319 0.5927 0.5788 0.6364 0.5996 0.5788 0.6249 0.5972 0.5834 0.6411 0.6111 0.5996
0.641 0.0 0.023 0.24 0.25 0.26 0.27 0.28 0.29 0.3 0.31 0.32 0.33 0.34 0.35 0.36 0.37 0.38 0.39 0.4 0.41 0.42 0.43 0.5397 0.512 0.5212 0.5811 0.5558 0.5442 0.6088 0.5927 0.5719 0.6157 0.6088 0.5811 0.6157 0.6157 0.5834 0.6249 0.6019 0.5766 0.6226 0.6157 0.5148 0.5727 0.5588 0.5472 0.5773 0.6051 0.575 0.5842 0.6236 0.5866 0.582 0.619 0.5889 0.5866 0.6167 0.5889 0.5889 0.612 0.5912 0.6004 0.5258 0.5396 0.5258 0.5511 0.6019 0.5649 0.5649 0.6319 0.5927 0.5788 0.6364 0.5996 0.5788 0.6249 0.5972 0.5834 0.6411 0.6111 0.5996 0.6503
0.6318 0.0 0.0923 0.25 0.26 0.27 0.28 0.29 0.3 0.31 0.32 0.33 0.34 0.35 0.36 0.37 0.38 0.39 0.4 0.41 0.42 0.43 0.44 0.512 0.5212 0.5811 0.5558 0.5442 0.6088 0.5927 0.5719 0.6157 0.6088 0.5811 0.6157 0.6157 0.5834 0.6249 0.6019 0.5766 0.6226 0.6157 0.588 0.5727 0.5588 0.5472 0.5773 0.6051 0.575 0.5842 0.6236 0.5866 0.582 0.619 0.5889 0.5866 0.6167 0.5889 0.5889 0.612 0.5912 0.6004 0.6352 0.5396 0.5258 0.5511 0.6019 0.5649 0.5649 0.6319 0.5927 0.5788 0.6364 0.5996 0.5788 0.6249 0.5972 0.5834 0.6411 0.6111 0.5996 0.6503 0.6203
0.5972 0.0 0.1767 0.26 0.27 0.28 0.29 0.3 0.31 0.32 0.33 0.34 0.35 0.36 0.37 0.38 0.39 0.4 0.41 0.42 0.43 0.44 0.45 0.5212 0.5811 0.5558 0.5442 0.6088 0.5927 0.5719 0.6157 0.6088 0.5811 0.6157 0.6157 0.5834 0.6249 0.6019 0.5766 0.6226 0.6157 0.588 0.641 0.5588 0.5472 0.5773 0.6051 0.575 0.5842 0.6236 0.5866 0.582 0.619 0.5889 0.5866 0.6167 0.5889 0.5889 0.612 0.5912 0.6004 0.6352 0.6074 0.5258 0.5511 0.6019 0.5649 0.5649 0.6319 0.5927 0.5788 0.6364 0.5996 0.5788 0.6249 0.5972 0.5834 0.6411 0.6111 0.5996 0.6503 0.6203 0.6088
0.6594 0.0 0.0307 0.27 0.28 0.29 0.3 0.31 0.32 0.33 0.34 0.35 0.36 0.37 0.38 0.39 0.4 0.41 0.42 0.43 0.44 0.45 0.46 0.5811 0.5558 0.5442 0.6088 0.5927 0.5719 0.6157 0.6088 0.5811 0.6157 0.6157 0.5834 0.6249 0.6019 0.5766 0.6226 0.6157 0.588 0.641 0.6318 0.5472 0.5773 0.6051 0.575 0.5842 0.6236 0.5866 0.582 0.619 0.5889 0.5866 0.6167 0.5889 0.5889 0.612 0.5912 0.6004 0.6352 0.6074 0.612 0.5511 0.6019 0.5649 0.5649 0.6319 0.5927 0.5788 0.6364 0.5996 0.5788 0.6249 0.5972 0.5834 0.6411 0.6111 0.5996 0.6503 0.6203 0.6088 0.678
0.6594 0.0 0.1153 0.28 0.29 0.3 0.31 0.32 0.33 0.34 0.35 0.36 0.37 0.38 0.39 0.4 0.41 0.42 0.43 0.44 0.45 0.46 0.47 0.5558 0.5442 0.6088 0.5927 0.5719 0.6157 0.6088 0.5811 0.6157 0.6157 0.5834 0.6249 0.6019 0.5766 0.6226 0.6157 0.588 0.641 0.6318 0.5972 0.5773 0.6051 0.575 0.5842 0.6236 0.5866 0.582 0.619 0.5889 0.5866 0.6167 0.5889 0.5889 0.612 0.5912 0.6004 0.6352 0.6074 0.612 0.663 0.6019 0.5649 0.5649 0.6319 0.5927 0.5788 0.6364 0.5996 0.5788 0.6249 0.5972 0.5834 0.6411 0.6111 0.5996 0.6503 0.6203 0.6088 0.678 0.6411
0.618 0.0 0.2073 0.29 0.3 0.31 0.32 0.33 0.34 0.35 0.36 0.37 0.38 0.39 0.4 0.41 0.42 0.43 0.44 0.45 0.46 0.47 0.48 0.5442 0.6088 0.5927 0.5719 0.6157 0.6088 0.5811 0.6157 0.6157 0.5834 0.6249 0.6019 0.5766 0.6226 0.6157 0.588 0.641 0.6318 0.5972 0.6594 0.6051 0.575 0.5842 0.6236 0.5866 0.582 0.619 0.5889 0.5866 0.6167 0.5889 0.5889 0.612 0.5912 0.6004 0.6352 0.6074 0.612 0.663 0.6329 0.5649 0.5649 0.6319 0.5927 0.5788 0.6364 0.5996 0.5788 0.6249 0.5972 0.5834 0.6411 0.6111 0.5996 0.6503 0.6203 0.6088 0.678 0.6411 0.6157
0.664 0.0 0.0 0.3 0.31 0.32 0.33 0.34 0.35 0.36 0.37 0.38 0.39 0.4 0.41 0.42 0.43 0.44 0.45 0.46 0.47 0.48 0.49 0.6088 0.5927 0.5719 0.6157 0.6088 0.5811 0.6157 0.6157 0.5834 0.6249 0.6019 0.5766 0.6226 0.6157 0.588 0.641 0.6318 0.5972 0.6594 0.6594 0.575 0.5842 0.6236 0.5866 0.582 0.619 0.5889 0.5866 0.6167 0.5889 0.5889 0.612 0.5912 0.6004 0.6352 0.6074 0.612 0.663 0.6329 0.6259 0.5649 0.6319 0.5927 0.5788 0.6364 0.5996 0.5788 0.6249 0.5972 0.5834 0.6411 0.6111 0.5996 0.6503 0.6203 0.6088 0.678 0.6411 0.6157 0.6918
0.6824 0.0 0.138 0.31 0.32 0.33 0.34 0.35 0.36 0.37 0.38 0.39 0.4 0.41 0.42 0.43 0.44 0.45 0.46 0.47 0.48 0.49 0.5 0.5927 0.5719 0.6157 0.6088 0.5811 0.6157 0.6157 0.5834 0.6249 0.6019 0.5766 0.6226 0.6157 0.588 0.641 0.6318 0.5972 0.6594 0.6594 0.618 0.5842 0.6236 0.5866 0.582 0.619 0.5889 0.5866 0.6167 0.5889 0.5889 0.612 0.5912 0.6004 0.6352 0.6074 0.612 0.663 0.6329 0.6259 0.6861 0.6319 0.5927 0.5788 0.6364 0.5996 0.5788 0.6249 0.5972 0.5834 0.6411 0.6111 0.5996 0.6503 0.6203 0.6088 0.678 0.6411 0.6157 0.6918 0.6664
0.6341 0.0 0.1533 0.32 0.33 0.34 0.35 0.36 0.37 0.38 0.39 0.4 0.41 0.42 0.43 0.44 0.45 0.46 0.47 0.48 0.49 0.5 0.51 0.5719 0.6157 0.6088 0.5811 0.6157 0.6157 0.5834 0.6249 0.6019 0.5766 0.6226 0.6157 0.588 0.641 0.6318 0.5972 0.6594 0.6594 0.618 0.664 0.6236 0.5866 0.582 0.619 0.5889 0.5866 0.6167 0.5889 0.5889 0.612 0.5912 0.6004 0.6352 0.6074 0.612 0.663 0.6329 0.6259 0.6861 0.6537 0.5927 0.5788 0.6364 0.5996 0.5788 0.6249 0.5972 0.5834 0.6411 0.6111 0.5996 0.6503 0.6203 0.6088 0.678 0.6411 0.6157 0.6918 0.6664 0.6296
0.6571 0.0 0.0613 0.33 0.34 0.35 0.36 0.37 0.38 0.39 0.4 0.41 0.42 0.43 0.44 0.45 0.46 0.47 0.48 0.49 0.5 0.51 0.52 0.6157 0.6088 0.5811 0.6157 0.6157 0.5834 0.6249 0.6019 0.5766 0.6226 0.6157 0.588 0.641 0.6318 0.5972 0.6594 0.6594 0.618 0.664 0.6824 0.5866 0.582 0.619 0.5889 0.5866 0.6167 0.5889 0.5889 0.612 0.5912 0.6004 0.6352 0.6074 0.612 0.663 0.6329 0.6259 0.6861 0.6537 0.6374 0.5788 0.6364 0.5996 0.5788 0.6249 0.5972 0.5834 0.6411 0.6111 0.5996 0.6503 0.6203 0.6088 0.678 0.6411 0.6157 0.6918 0.6664 0.6296 0.701
0.6917 0.0 0.161 0.34 0.35 0.36 0.37 0.38 0.39 0.4 0.41 0.42 0.43 0.44 0.45 0.46 0.47 0.48 0.49 0.5 0.51 0.52 0.53 0.6088 0.5811 0.6157 0.6157 0.5834 0.6249 0.6019 0.5766 0.6226 0.6157 0.588 0.641 0.6318 0.5972 0.6594 0.6594 0.618 0.664 0.6824 0.6341 0.582 0.619 0.5889 0.5866 0.6167 0.5889 0.5889 0.612 0.5912 0.6004 0.6352 0.6074 0.612 0.663 0.6329 0.6259 0.6861 0.6537 0.6374 0.7047 0.6364 0.5996 0.5788 0.6249 0.5972 0.5834 0.6411 0.6111 0.5996 0.6503 0.6203 0.6088 0.678 0.6411 0.6157 0.6918 0.6664 0.6296 0.701 0.6802
0.641 0.0 0.0767 0.35 0.36 0.37 0.38 0.39 0.4 0.41 0.42 0.43 0.44 0.45 0.46 0.47 0.48 0.49 0.5 0.51 0.52 0.53 0.54 0.5811 0.6157 0.6157 0.5834 0.6249 0.6019 0.5766 0.6226 0.6157 0.588 0.641 0.6318 0.5972 0.6594 0.6594 0.618 0.664 0.6824 0.6341 0.6571 0.619 0.5889 0.5866 0.6167 0.5889 0.5889 0.612 0.5912 0.6004 0.6352 0.6074 0.612 0.663 0.6329 0.6259 0.6861 0.6537 0.6374 0.7047 0.6676 0.5996 0.5788 0.6249 0.5972 0.5834 0.6411 0.6111 0.5996 0.6503 0.6203 0.6088 0.678 0.6411 0.6157 0.6918 0.6664 0.6296 0.701 0.6802 0.6388
0.6387 0.0 0.1153 0.36 0.37 0.38 0.39 0.4 0.41 0.42 0.43 0.44 0.45 0.46 0.47 0.48 0.49 0.5 0.51 0.52 0.53 0.54 0.55 0.6157 0.6157 0.5834 0.6249 0.6019 0.5766 0.6226 0.6157 0.588 0.641 0.6318 0.5972 0.6594 0.6594 0.618 0.664 0.6824 0.6341 0.6571 0.6917 0.5889 0.5866 0.6167 0.5889 0.5889 0.612 0.5912 0.6004 0.6352 0.6074 0.612 0.663 0.6329 0.6259 0.6861 0.6537 0.6374 0.7047 0.6676 0.6374 0.5788 0.6249 0.5972 0.5834 0.6411 0.6111 0.5996 0.6503 0.6203 0.6088 0.678 0.6411 0.6157 0.6918 0.6664 0.6296 0.701 0.6802 0.6388 0.6896
0.694 0.0 0.169 0.37 0.38 0.39 0.4 0.41 0.42 0.43 0.44 0.45 0.46 0.47 0.48 0.49 0.5 0.51 0.52 0.53 0.54 0.55 0.56 0.6157 0.5834 0.6249 0.6019 0.5766 0.6226 0.6157 0.588 0.641 0.6318 0.5972 0.6594 0.6594 0.618 0.664 0.6824 0.6341 0.6571 0.6917 0.641 0.5866 0.6167 0.5889 0.5889 0.612 0.5912 0.6004 0.6352 0.6074 0.612 0.663 0.6329 0.6259 0.6861 0.6537 0.6374 0.7047 0.6676 0.6374 0.7023 0.6249 0.5972 0.5834 0.6411 0.6111 0.5996 0.6503 0.6203 0.6088 0.678 0.6411 0.6157 0.6918 0.6664 0.6296 0.701 0.6802 0.6388 0.6896 0.6849
0.641 0.0 0.0077 0.38 0.39 0.4 0.41 0.42 0.43 0.44 0.45 0.46 0.47 0.48 0.49 0.5 0.51 0.52 0.53 0.54 0.55 0.56 0.57 0.5834 0.6249 0.6019 0.5766 0.6226 0.6157 0.588 0.641 0.6318 0.5972 0.6594 0.6594 0.618 0.664 0.6824 0.6341 0.6571 0.6917 0.641 0.6387 0.6167 0.5889 0.5889 0.612 0.5912 0.6004 0.6352 0.6074 0.612 0.663 0.6329 0.6259 0.6861 0.6537 0.6374 0.7047 0.6676 0.6374 0.7023 0.6746 0.5972 0.5834 0.6411 0.6111 0.5996 0.6503 0.6203 0.6088 0.678 0.6411 0.6157 0.6918 0.6664 0.6296 0.701 0.6802 0.6388 0.6896 0.6849 0.6364
0.6202 0.0 0.1843 0.39 0.4 0.41 0.42 0.43 0.44 0.45 0.46 0.47 0.48 0.49 0.5 0.51 0.52 0.53 0.54 0.55 0.56 0.57 0.58 0.6249 0.6019 0.5766 0.6226 0.6157 0.588 0.641 0.6318 0.5972 0.6594 0.6594 0.618 0.664 0.6824 0.6341 0.6571 0.6917 0.641 0.6387 0.694 0.5889 0.5889 0.612 0.5912 0.6004 0.6352 0.6074 0.612 0.663 0.6329 0.6259 0.6861 0.6537 0.6374 0.7047 0.6676 0.6374 0.7023 0.6746 0.6352 0.5834 0.6411 0.6111 0.5996 0.6503 0.6203 0.6088 0.678 0.6411 0.6157 0.6918 0.6664 0.6296 0.701 0.6802 0.6388 0.6896 0.6849 0.6364 0.6641
0.6893 0.0 0.1767 0.4 0.41 0.42 0.43 0.44 0.45 0.46 0.47 0.48 0.49 0.5 0.51 0.52 0.53 0.54 0.55 0.56 0.57 0.58 0.59 0.6019 0.5766 0.6226 0.6157 0.588 0.641 0.6318 0.5972 0.6594 0.6594 0.618 0.664 0.6824 0.6341 0.6571 0.6917 0.641 0.6387 0.694 0.641 0.5889 0.612 0.5912 0.6004 0.6352 0.6074 0.612 0.663 0.6329 0.6259 0.6861 0.6537 0.6374 0.7047 0.6676 0.6374 0.7023 0.6746 0.6352 0.6861 0.6411 0.6111 0.5996 0.6503 0.6203 0.6088 0.678 0.6411 0.6157 0.6918 0.6664 0.6296 0.701 0.6802 0.6388 0.6896 0.6849 0.6364 0.6641 0.6826
0.641 0.0 0.0693 0.41 0.42 0.43 0.44 0.45 0.46 0.47 0.48 0.49 0.5 0.51 0.52 0.53 0.54 0.55 0.56 0.57 0.58 0.59 0.6 0.5766 0.6226 0.6157 0.588 0.641 0.6318 0.5972 0.6594 0.6594 0.618 0.664 0.6824 0.6341 0.6571 0.6917 0.641 0.6387 0.694 0.641 0.6202 0.612 0.5912 0.6004 0.6352 0.6074 0.612 0.663 0.6329 0.6259 0.6861 0.6537 0.6374 0.7047 0.6676 0.6374 0.7023 0.6746 0.6352 0.6861 0.6769 0.6111 0.5996 0.6503 0.6203 0.6088 0.678 0.6411 0.6157 0.6918 0.6664 0.6296 0.701 0.6802 0.6388 0.6896 0.6849 0.6364 0.6641 0.6826 0.6341
0.6041 0.0 0.2303 0.42 0.43 0.44 0.45 0.46 0.47 0.48 0.49 0.5 0.51 0.52 0.53 0.54 0.55 0.56 0.57 0.58 0.59 0.6 0.61 0.6226 0.6157 0.588 0.641 0.6318 0.5972 0.6594 0.6594 0.618 0.664 0.6824 0.6341 0.6571 0.6917 0.641 0.6387 0.694 0.641 0.6202 0.6893 0.5912 0.6004 0.6352 0.6074 0.612 0.663 0.6329 0.6259 0.6861 0.6537 0.6374 0.7047 0.6676 0.6374 0.7023 0.6746 0.6352 0.6861 0.6769 0.6329 0.5996 0.6503 0.6203 0.6088 0.678 0.6411 0.6157 0.6918 0.6664 0.6296 0.701 0.6802 0.6388 0.6896 0.6849 0.6364 0.6641 0.6826 0.6341 0.6388
0.6709 0.0 0.161 0.43 0.44 0.45 0.46 0.47 0.48 0.49 0.5 0.51 0.52 0.53 0.54 0.55 0.56 0.57 0.58 0.59 0.6 0.61 0.62 0.6157 0.588 0.641 0.6318 0.5972 0.6594 0.6594 0.618 0.664 0.6824 0.6341 0.6571 0.6917 0.641 0.6387 0.694 0.641 0.6202 0.6893 0.641 0.6004 0.6352 0.6074 0.612 0.663 0.6329 0.6259 0.6861 0.6537 0.6374 0.7047 0.6676 0.6374 0.7023 0.6746 0.6352 0.6861 0.6769 0.6329 0.663 0.6503 0.6203 0.6088 0.678 0.6411 0.6157 0.6918 0.6664 0.6296 0.701 0.6802 0.6388 0.6896 0.6849 0.6364 0.6641 0.6826 0.6341 0.6388 0.6757
0.641 0.0 0.123 0.44 0.45 0.46 0.47 0.48 0.49 0.5 0.51 0.52 0.53 0.54 0.55 0.56 0.57 0.58 0.59 0.6 0.61 0.62 0.63 0.588 0.641 0.6318 0.5972 0.6594 0.6594 0.618 0.664 0.6824 0.6341 0.6571 0.6917 0.641 0.6387 0.694 0.641 0.6202 0.6893 0.641 0.6041 0.6352 0.6074 0.612 0.663 0.6329 0.6259 0.6861 0.6537 0.6374 0.7047 0.6676 0.6374 0.7023 0.6746 0.6352 0.6861 0.6769 0.6329 0.663 0.6791 0.6203 0.6088 0.678 0.6411 0.6157 0.6918 0.6664 0.6296 0.701 0.6802 0.6388 0.6896 0.6849 0.6364 0.6641 0.6826 0.6341 0.6388 0.6757 0.6296
0.5972 0.0 0.2227 0.45 0.46 0.47 0.48 0.49 0.5 0.51 0.52 0.53 0.54 0.55 0.56 0.57 0.58 0.59 0.6 0.61 0.62 0.63 0.64 0.641 0.6318 0.5972 0.6594 0.6594 0.618 0.664 0.6824 0.6341 0.6571 0.6917 0.641 0.6387 0.694 0.641 0.6202 0.6893 0.641 0.6041 0.6709 0.6074 0.612 0.663 0.6329 0.6259 0.6861 0.6537 0.6374 0.7047 0.6676 0.6374 0.7023 0.6746 0.6352 0.6861 0.6769 0.6329 0.663 0.6791 0.6352 0.6088 0.678 0.6411 0.6157 0.6918 0.6664 0.6296 0.701 0.6802 0.6388 0.6896 0.6849 0.6364 0.6641 0.6826 0.6341 0.6388 0.6757 0.6296 0.6064
0.5742 0.0 0.0997 0.46 0.47 0.48 0.49 0.5 0.51 0.52 0.53 0.54 0.55 0.56 0.57 0.58 0.59 0.6 0.61 0.62 0.63 0.64 0.65 0.6318 0.5972 0.6594 0.6594 0.618 0.664 0.6824 0.6341 0.6571 0.6917 0.641 0.6387 0.694 0.641 0.6202 0.6893 0.641 0.6041 0.6709 0.641 0.612 0.663 0.6329 0.6259 0.6861 0.6537 0.6374 0.7047 0.6676 0.6374 0.7023 0.6746 0.6352 0.6861 0.6769 0.6329 0.663 0.6791 0.6352 0.6398 0.678 0.6411 0.6157 0.6918 0.6664 0.6296 0.701 0.6802 0.6388 0.6896 0.6849 0.6364 0.6641 0.6826 0.6341 0.6388 0.6757 0.6296 0.6064 0.6733
0.5558 0.0 0.146 0.47 0.48 0.49 0.5 0.51 0.52 0.53 0.54 0.55 0.56 0.57 0.58 0.59 0.6 0.61 0.62 0.63 0.64 0.65 0.66 0.5972 0.6594 0.6594 0.618 0.664 0.6824 0.6341 0.6571 0.6917 0.641 0.6387 0.694 0.641 0.6202 0.6893 0.641 0.6041 0.6709 0.641 0.5972 0.663 0.6329 0.6259 0.6861 0.6537 0.6374 0.7047 0.6676 0.6374 0.7023 0.6746 0.6352 0.6861 0.6769 0.6329 0.663 0.6791 0.6352 0.6398 0.6769 0.6411 0.6157 0.6918 0.6664 0.6296 0.701 0.6802 0.6388 0.6896 0.6849 0.6364 0.6641 0.6826 0.6341 0.6388 0.6757 0.6296 0.6064 0.6733 0.6296
0.5304 0.0 0.0767 0.48 0.49 0.5 0.51 0.52 0.53 0.54 0.55 0.56 0.57 0.58 0.59 0.6 0.61 0.62 0.63 0.64 0.65 0.66 0.67 0.6594 0.6594 0.618 0.664 0.6824 0.6341 0.6571 0.6917 0.641 0.6387 0.694 0.641 0.6202 0.6893 0.641 0.6041 0.6709 0.641 0.5972 0.5742 0.6329 0.6259 0.6861 0.6537 0.6374 0.7047 0.6676 0.6374 0.7023 0.6746 0.6352 0.6861 0.6769 0.6329 0.663 0.6791 0.6352 0.6398 0.6769 0.6374 0.6157 0.6918 0.6664 0.6296 0.701 0.6802 0.6388 0.6896 0.6849 0.6364 0.6641 0.6826 0.6341 0.6388 0.6757 0.6296 0.6064 0.6733 0.6296 0.5949
0.5051 0.0 0.0613 0.49 0.5 0.51 0.52 0.53 0.54 0.55 0.56 0.57 0.58 0.59 0.6 0.61 0.62 0.63 0.64 0.65 0.66 0.67 0.68 0.6594 0.618 0.664 0.6824 0.6341 0.6571 0.6917 0.641 0.6387 0.694 0.641 0.6202 0.6893 0.641 0.6041 0.6709 0.641 0.5972 0.5742 0.5558 0.6259 0.6861 0.6537 0.6374 0.7047 0.6676 0.6374 0.7023 0.6746 0.6352 0.6861 0.6769 0.6329 0.663 0.6791 0.6352 0.6398 0.6769 0.6374 0.6004 0.6918 0.6664 0.6296 0.701 0.6802 0.6388 0.6896 0.6849 0.6364 0.6641 0.6826 0.6341 0.6388 0.6757 0.6296 0.6064 0.6733 0.6296 0.5949 0.5719
0.4913 0.0 0.0847 0.5 0.51 0.52 0.53 0.54 0.55 0.56 0.57 0.58 0.59 0.6 0.61 0.62 0.63 0.64 0.65 0.66 0.67 0.68 0.69 0.618 0.664 0.6824 0.6341 0.6571 0.6917 0.641 0.6387 0.694 0.641 0.6202 0.6893 0.641 0.6041 0.6709 0.641 0.5972 0.5742 0.5558 0.5304 0.6861 0.6537 0.6374 0.7047 0.6676 0.6374 0.7023 0.6746 0.6352 0.6861 0.6769 0.6329 0.663 0.6791 0.6352 0.6398 0.6769 0.6374 0.6004 0.5773 0.6664 0.6296 0.701 0.6802 0.6388 0.6896 0.6849 0.6364 0.6641 0.6826 0.6341 0.6388 0.6757 0.6296 0.6064 0.6733 0.6296 0.5949 0.5719 0.5557
0.4729 0.0 0.0843 0.51 0.52 0.53 0.54 0.55 0.56 0.57 0.58 0.59 0.6 0.61 0.62 0.63 0.64 0.65 0.66 0.67 0.68 0.69 0.7 0.664 0.6824 0.6341 0.6571 0.6917 0.641 0.6387 0.694 0.641 0.6202 0.6893 0.641 0.6041 0.6709 0.641 0.5972 0.5742 0.5558 0.5304 0.5051 0.6537 0.6374 0.7047 0.6676 0.6374 0.7023 0.6746 0.6352 0.6861 0.6769 0.6329 0.663 0.6791 0.6352 0.6398 0.6769 0.6374 0.6004 0.5773 0.5564 0.6296 0.701 0.6802 0.6388 0.6896 0.6849 0.6364 0.6641 0.6826 0.6341 0.6388 0.6757 0.6296 0.6064 0.6733 0.6296 0.5949 0.5719 0.5557 0.5327
0.4521 0.0 0.046 0.52 0.53 0.54 0.55 0.56 0.57 0.58 0.59 0.6 0.61 0.62 0.63 0.64 0.65 0.66 0.67 0.68 0.69 0.7 0.71 0.6824 0.6341 0.6571 0.6917 0.641 0.6387 0.694 0.641 0.6202 0.6893 0.641 0.6041 0.6709 0.641 0.5972 0.5742 0.5558 0.5304 0.5051 0.4913 0.6374 0.7047 0.6676 0.6374 0.7023 0.6746 0.6352 0.6861 0.6769 0.6329 0.663 0.6791 0.6352 0.6398 0.6769 0.6374 0.6004 0.5773 0.5564 0.531 0.701 0.6802 0.6388 0.6896 0.6849 0.6364 0.6641 0.6826 0.6341 0.6388 0.6757 0.6296 0.6064 0.6733 0.6296 0.5949 0.5719 0.5557 0.5327 0.5119
0.436 0.0 0.0613 0.53 0.54 0.55 0.56 0.57 0.58 0.59 0.6 0.61 0.62 0.63 0.64 0.65 0.66 0.67 0.68 0.69 0.7 0.71 0.72 0.6341 0.6571 0.6917 0.641 0.6387 0.694 0.641 0.6202 0.6893 0.641 0.6041 0.6709 0.641 0.5972 0.5742 0.5558 0.5304 0.5051 0.4913 0.4729 0.7047 0.6676 0.6374 0.7023 0.6746 0.6352 0.6861 0.6769 0.6329 0.663 0.6791 0.6352 0.6398 0.6769 0.6374 0.6004 0.5773 0.5564 0.531 0.5102 0.6802 0.6388 0.6896 0.6849 0.6364 0.6641 0.6826 0.6341 0.6388 0.6757 0.6296 0.6064 0.6733 0.6296 0.5949 0.5719 0.5557 0.5327 0.5119 0.5003
0.4291 0.0 0.0693 0.54 0.55 0.56 0.57 0.58 0.59 0.6 0.61 0.62 0.63 0.64 0.65 0.66 0.67 0.68 0.69 0.7 0.71 0.72 0.73 0.6571 0.6917 0.641 0.6387 0.694 0.641 0.6202 0.6893 0.641 0.6041 0.6709 0.641 0.5972 0.5742 0.5558 0.5304 0.5051 0.4913 0.4729 0.4521 0.6676 0.6374 0.7023 0.6746 0.6352 0.6861 0.6769 0.6329 0.663 0.6791 0.6352 0.6398 0.6769 0.6374 0.6004 0.5773 0.5564 0.531 0.5102 0.4963 0.6388 0.6896 0.6849 0.6364 0.6641 0.6826 0.6341 0.6388 0.6757 0.6296 0.6064 0.6733 0.6296 0.5949 0.5719 0.5557 0.5327 0.5119 0.5003 0.4842
0.4083 0.0 0.0537 0.55 0.56 0.57 0.58 0.59 0.6 0.61 0.62 0.63 0.64 0.65 0.66 0.67 0.68 0.69 0.7 0.71 0.72 0.73 0.74 0.6917 0.641 0.6387 0.694 0.641 0.6202 0.6893 0.641 0.6041 0.6709 0.641 0.5972 0.5742 0.5558 0.5304 0.5051 0.4913 0.4729 0.4521 0.436 0.6374 0.7023 0.6746 0.6352 0.6861 0.6769 0.6329 0.663 0.6791 0.6352 0.6398 0.6769 0.6374 0.6004 0.5773 0.5564 0.531 0.5102 0.4963 0.4778 0.6896 0.6849 0.6364 0.6641 0.6826 0.6341 0.6388 0.6757 0.6296 0.6064 0.6733 0.6296 0.5949 0.5719 0.5557 0.5327 0.5119 0.5003 0.4842 0.4634
0.3969 0.0 0.023 0.56 0.57 0.58 0.59 0.6 0.61 0.62 0.63 0.64 0.65 0.66 0.67 0.68 0.69 0.7 0.71 0.72 0.73 0.74 0.75 0.641 0.6387 0.694 0.641 0.6202 0.6893 0.641 0.6041 0.6709 0.641 0.5972 0.5742 0.5558 0.5304 0.5051 0.4913 0.4729 0.4521 0.436 0.4291 0.7023 0.6746 0.6352 0.6861 0.6769 0.6329 0.663 0.6791 0.6352 0.6398 0.6769 0.6374 0.6004 0.5773 0.5564 0.531 0.5102 0.4963 0.4778 0.457 0.6849 0.6364 0.6641 0.6826 0.6341 0.6388 0.6757 0.6296 0.6064 0.6733 0.6296 0.5949 0.5719 0.5557 0.5327 0.5119 0.5003 0.4842 0.4634 0.4566
0.3991 0.0 0.0693 0.57 0.58 0.59 0.6 0.61 0.62 0.63 0.64 0.65 0.66 0.67 0.68 0.69 0.7 0.71 0.72 0.73 0.74 0.75 0.76 0.6387 0.694 0.641 0.6202 0.6893 0.641 0.6041 0.6709 0.641 0.5972 0.5742 0.5558 0.5304 0.5051 0.4913 0.4729 0.4521 0.436 0.4291 0.4083 0.6746 0.6352 0.6861 0.6769 0.6329 0.663 0.6791 0.6352 0.6398 0.6769 0.6374 0.6004 0.5773 0.5564 0.531 0.5102 0.4963 0.4778 0.457 0.4523 0.6364 0.6641 0.6826 0.6341 0.6388 0.6757 0.6296 0.6064 0.6733 0.6296 0.5949 0.5719 0.5557 0.5327 0.5119 0.5003 0.4842 0.4634 0.4566 0.445
0.3807 0.0 0.038 0.58 0.59 0.6 0.61 0.62 0.63 0.64 0.65 0.66 0.67 0.68 0.69 0.7 0.71 0.72 0.73 0.74 0.75 0.76 0.77 0.694 0.641 0.6202 0.6893 0.641 0.6041 0.6709 0.641 0.5972 0.5742 0.5558 0.5304 0.5051 0.4913 0.4729 0.4521 0.436 0.4291 0.4083 0.3969 0.6352 0.6861 0.6769 0.6329 0.663 0.6791 0.6352 0.6398 0.6769 0.6374 0.6004 0.5773 0.5564 0.531 0.5102 0.4963 0.4778 0.457 0.4523 0.4384 0.6641 0.6826 0.6341 0.6388 0.6757 0.6296 0.6064 0.6733 0.6296 0.5949 0.5719 0.5557 0.5327 0.5119 0.5003 0.4842 0.4634 0.4566 0.445 0.4242
0.3669 0.0 0.0073 0.59 0.6 0.61 0.62 0.63 0.64 0.65 0.66 0.67 0.68 0.69 0.7 0.71 0.72 0.73 0.74 0.75 0.76 0.77 0.78 0.641 0.6202 0.6893 0.641 0.6041 0.6709 0.641 0.5972 0.5742 0.5558 0.5304 0.5051 0.4913 0.4729 0.4521 0.436 0.4291 0.4083 0.3969 0.3991 0.6861 0.6769 0.6329 0.663 0.6791 0.6352 0.6398 0.6769 0.6374 0.6004 0.5773 0.5564 0.531 0.5102 0.4963 0.4778 0.457 0.4523 0.4384 0.4177 0.6826 0.6341 0.6388 0.6757 0.6296 0.6064 0.6733 0.6296 0.5949 0.5719 0.5557 0.5327 0.5119 0.5003 0.4842 0.4634 0.4566 0.445 0.4242 0.4197
0.3716 0.0 0.0613 0.6 0.61 0.62 0.63 0.64 0.65 0.66 0.67 0.68 0.69 0.7 0.71 0.72 0.73 0.74 0.75 0.76 0.77 0.78 0.79 0.6202 0.6893 0.641 0.6041 0.6709 0.641 0.5972 0.5742 0.5558 0.5304 0.5051 0.4913 0.4729 0.4521 0.436 0.4291 0.4083 0.3969 0.3991 0.3807 0.6769 0.6329 0.663 0.6791 0.6352 0.6398 0.6769 0.6374 0.6004 0.5773 0.5564 0.531 0.5102 0.4963 0.4778 0.457 0.4523 0.4384 0.4177 0.4177 0.6341 0.6388 0.6757 0.6296 0.6064 0.6733 0.6296 0.5949 0.5719 0.5557 0.5327 0.5119 0.5003 0.4842 0.4634 0.4566 0.445 0.4242 0.4197 0.415
0.3553 0.0 0.046 0.61 0.62 0.63 0.64 0.65 0.66 0.67 0.68 0.69 0.7 0.71 0.72 0.73 0.74 0.75 0.76 0.77 0.78 0.79 0.8 0.6893 0.641 0.6041 0.6709 0.641 0.5972 0.5742 0.5558 0.5304 0.5051 0.4913 0.4729 0.4521 0.436 0.4291 0.4083 0.3969 0.3991 0.3807 0.3669 0.6329 0.663 0.6791 0.6352 0.6398 0.6769 0.6374 0.6004 0.5773 0.5564 0.531 0.5102 0.4963 0.4778 0.457 0.4523 0.4384 0.4177 0.4177 0.406 0.6388 0.6757 0.6296 0.6064 0.6733 0.6296 0.5949 0.5719 0.5557 0.5327 0.5119 0.5003 0.4842 0.4634 0.4566 0.445 0.4242 0.4197 0.415 0.3966
0.3416 0.0 0.0157 0.62 0.63 0.64 0.65 0.66 0.67 0.68 0.69 0.7 0.71 0.72 0.73 0.74 0.75 0.76 0.77 0.78 0.79 0.8 0.81 0.641 0.6041 0.6709 0.641 0.5972 0.5742 0.5558 0.5304 0.5051 0.4913 0.4729 0.4521 0.436 0.4291 0.4083 0.3969 0.3991 0.3807 0.3669 0.3716 0.663 0.6791 0.6352 0.6398 0.6769 0.6374 0.6004 0.5773 0.5564 0.531 0.5102 0.4963 0.4778 0.457 0.4523 0.4384 0.4177 0.4177 0.406 0.3876 0.6757 0.6296 0.6064 0.6733 0.6296 0.5949 0.5719 0.5557 0.5327 0.5119 0.5003 0.4842 0.4634 0.4566 0.445 0.4242 0.4197 0.415 0.3966 0.3873
0.3439 0.0 0.0543 0.63 0.64 0.65 0.66 0.67 0.68 0.69 0.7 0.71 0.72 0.73 0.74 0.75 0.76 0.77 0.78 0.79 0.8 0.81 0.82 0.6041 0.6709 0.641 0.5972 0.5742 0.5558 0.5304 0.5051 0.4913 0.4729 0.4521 0.436 0.4291 0.4083 0.3969 0.3991 0.3807 0.3669 0.3716 0.3553 0.6791 0.6352 0.6398 0.6769 0.6374 0.6004 0.5773 0.5564 0.531 0.5102 0.4963 0.4778 0.457 0.4523 0.4384 0.4177 0.4177 0.406 0.3876 0.3829 0.6296 0.6064 0.6733 0.6296 0.5949 0.5719 0.5557 0.5327 0.5119 0.5003 0.4842 0.4634 0.4566 0.445 0.4242 0.4197 0.415 0.3966 0.3873 0.3873
0.33 0.0 0.0457 0.64 0.65 0.66 0.67 0.68 0.69 0.7 0.71 0.72 0.73 0.74 0.75 0.76 0.77 0.78 0.79 0.8 0.81 0.82 0.83 0.6709 0.641 0.5972 0.5742 0.5558 0.5304 0.5051 0.4913 0.4729 0.4521 0.436 0.4291 0.4083 0.3969 0.3991 0.3807 0.3669 0.3716 0.3553 0.3416 0.6352 0.6398 0.6769 0.6374 0.6004 0.5773 0.5564 0.531 0.5102 0.4963 0.4778 0.457 0.4523 0.4384 0.4177 0.4177 0.406 0.3876 0.3829 0.3783 0.6064 0.6733 0.6296 0.5949 0.5719 0.5557 0.5327 0.5119 0.5003 0.4842 0.4634 0.4566 0.445 0.4242 0.4197 0.415 0.3966 0.3873 0.3873 0.3712
0.3162 0.0 0.0077 0.65 0.66 0.67 0.68 0.69 0.7 0.71 0.72 0.73 0.74 0.75 0.76 0.77 0.78 0.79 0.8 0.81 0.82 0.83 0.84 0.641 0.5972 0.5742 0.5558 0.5304 0.5051 0.4913 0.4729 0.4521 0.436 0.4291 0.4083 0.3969 0.3991 0.3807 0.3669 0.3716 0.3553 0.3416 0.3439 0.6398 0.6769 0.6374 0.6004 0.5773 0.5564 0.531 0.5102 0.4963 0.4778 0.457 0.4523 0.4384 0.4177 0.4177 0.406 0.3876 0.3829 0.3783 0.3598 0.6733 0.6296 0.5949 0.5719 0.5557 0.5327 0.5119 0.5003 0.4842 0.4634 0.4566 0.445 0.4242 0.4197 0.415 0.3966 0.3873 0.3873 0.3712 0.3597
