0.0 0.0 0.0 0.3392 0.2857 0.2973 0.023 0.0387 0.0077 0.78 0.79 0.8 0.81 0.82 0.83 0.84 0.85 0.86 0.87 0.88 0.89 0.9 0.91 0.92 0.93 0.94 0.95 0.96 0.97 0.4222 0.4014 0.3922 0.3899 0.3761 0.36 0.36 0.3462 0.3323 0.3254 0.3162 0.3047 0.2954 0.2909 0.2771 0.2701 0.2632 0.254 0.2448 0.2379 0.4408 0.4361 0.4246 0.406 0.4014 0.3921 0.376 0.369 0.3598 0.3459 0.3367 0.332 0.3181 0.3089 0.3019 0.2927 0.2833 0.2764 0.2672 0.2788 0.4473 0.4381 0.4173 0.4127 0.4081 0.3897 0.3804 0.3781 0.362 0.3504 0.3436 0.3342 0.3204 0.3158 0.3066 0.2973 0.2904 0.2812 0.272 0.2697
0.0 0.0 0.0 0.3254 0.3204 0.3712 0.023 0.0693 0.0153 0.79 0.8 0.81 0.82 0.83 0.84 0.85 0.86 0.87 0.88 0.89 0.9 0.91 0.92 0.93 0.94 0.95 0.96 0.97 0.0 0.4014 0.3922 0.3899 0.3761 0.36 0.36 0.3462 0.3323 0.3254 0.3162 0.3047 0.2954 0.2909 0.2771 0.2701 0.2632 0.254 0.2448 0.2379 0.2448 0.4361 0.4246 0.406 0.4014 0.3921 0.376 0.369 0.3598 0.3459 0.3367 0.332 0.3181 0.3089 0.3019 0.2927 0.2833 0.2764 0.2672 0.2788 0.2996 0.4381 0.4173 0.4127 0.4081 0.3897 0.3804 0.3781 0.362 0.3504 0.3436 0.3342 0.3204 0.3158 0.3066 0.2973 0.2904 0.2812 0.272 0.2697 0.2651
0.0 0.0 0.0 0.3047 0.3644 0.3412 0.3147 0.0463 0.1073 0.8 0.81 0.82 0.83 0.84 0.85 0.86 0.87 0.88 0.89 0.9 0.91 0.92 0.93 0.94 0.95 0.96 0.97 0.0 0.01 0.3922 0.3899 0.3761 0.36 0.36 0.3462 0.3323 0.3254 0.3162 0.3047 0.2954 0.2909 0.2771 0.2701 0.2632 0.254 0.2448 0.2379 0.2448 0.3392 0.4246 0.406 0.4014 0.3921 0.376 0.369 0.3598 0.3459 0.3367 0.332 0.3181 0.3089 0.3019 0.2927 0.2833 0.2764 0.2672 0.2788 0.2996 0.2857 0.4173 0.4127 0.4081 0.3897 0.3804 0.3781 0.362 0.3504 0.3436 0.3342 0.3204 0.3158 0.3066 0.2973 0.2904 0.2812 0.272 0.2697 0.2651 0.2973
0.0 0.0 0.0 0.3899 0.3389 0.3342 0.046 0.1157 0.2463 0.81 0.82 0.83 0.84 0.85 0.86 0.87 0.88 0.89 0.9 0.91 0.92 0.93 0.94 0.95 0.96 0.97 0.0 0.01 0.02 0.3899 0.3761 0.36 0.36 0.3462 0.3323 0.3254 0.3162 0.3047 0.2954 0.2909 0.2771 0.2701 0.2632 0.254 0.2448 0.2379 0.2448 0.3392 0.3254 0.406 0.4014 0.3921 0.376 0.369 0.3598 0.3459 0.3367 0.332 0.3181 0.3089 0.3019 0.2927 0.2833 0.2764 0.2672 0.2788 0.2996 0.2857 0.3204 0.4127 0.4081 0.3897 0.3804 0.3781 0.362 0.3504 0.3436 0.3342 0.3204 0.3158 0.3066 0.2973 0.2904 0.2812 0.272 0.2697 0.2651 0.2973 0.3712
0.0 0.0 0.0 0.3853 0.3436 0.4197 0.069 0.1467 0.1 0.82 0.83 0.84 0.85 0.86 0.87 0.88 0.89 0.9 0.91 0.92 0.93 0.94 0.95 0.96 0.97 0.0 0.01 0.02 0.03 0.3761 0.36 0.36 0.3462 0.3323 0.3254 0.3162 0.3047 0.2954 0.2909 0.2771 0.2701 0.2632 0.254 0.2448 0.2379 0.2448 0.3392 0.3254 0.3047 0.4014 0.3921 0.376 0.369 0.3598 0.3459 0.3367 0.332 0.3181 0.3089 0.3019 0.2927 0.2833 0.2764 0.2672 0.2788 0.2996 0.2857 0.3204 0.3644 0.4081 0.3897 0.3804 0.3781 0.362 0.3504 0.3436 0.3342 0.3204 0.3158 0.3066 0.2973 0.2904 0.2812 0.272 0.2697 0.2651 0.2973 0.3712 0.3412
0.0 0.0 0.0 0.3531 0.4153 0.3873 0.284 0.085 0.0233 0.83 0.84 0.85 0.86 0.87 0.88 0.89 0.9 0.91 0.92 0.93 0.94 0.95 0.96 0.97 0.0 0.01 0.02 0.03 0.04 0.36 0.36 0.3462 0.3323 0.3254 0.3162 0.3047 0.2954 0.2909 0.2771 0.2701 0.2632 0.254 0.2448 0.2379 0.2448 0.3392 0.3254 0.3047 0.3899 0.3921 0.376 0.369 0.3598 0.3459 0.3367 0.332 0.3181 0.3089 0.3019 0.2927 0.2833 0.2764 0.2672 0.2788 0.2996 0.2857 0.3204 0.3644 0.3389 0.3897 0.3804 0.3781 0.362 0.3504 0.3436 0.3342 0.3204 0.3158 0.3066 0.2973 0.2904 0.2812 0.272 0.2697 0.2651 0.2973 0.3712 0.3412 0.3342
0.0 0.0 0.0 0.4038 0.3783 0.3597 0.0153 0.0157 0.285 0.84 0.85 0.86 0.87 0.88 0.89 0.9 0.91 0.92 0.93 0.94 0.95 0.96 0.97 0.0 0.01 0.02 0.03 0.04 0.05 0.36 0.3462 0.3323 0.3254 0.3162 0.3047 0.2954 0.2909 0.2771 0.2701 0.2632 0.254 0.2448 0.2379 0.2448 0.3392 0.3254 0.3047 0.3899 0.3853 0.376 0.369 0.3598 0.3459 0.3367 0.332 0.3181 0.3089 0.3019 0.2927 0.2833 0.2764 0.2672 0.2788 0.2996 0.2857 0.3204 0.3644 0.3389 0.3436 0.3804 0.3781 0.362 0.3504 0.3436 0.3342 0.3204 0.3158 0.3066 0.2973 0.2904 0.2812 0.272 0.2697 0.2651 0.2973 0.3712 0.3412 0.3342 0.4197
0.0 0.0 0.0 0.4314 0.3644 0.4311 0.1073 0.239 0.108 0.85 0.86 0.87 0.88 0.89 0.9 0.91 0.92 0.93 0.94 0.95 0.96 0.97 0.0 0.01 0.02 0.03 0.04 0.05 0.06 0.3462 0.3323 0.3254 0.3162 0.3047 0.2954 0.2909 0.2771 0.2701 0.2632 0.254 0.2448 0.2379 0.2448 0.3392 0.3254 0.3047 0.3899 0.3853 0.3531 0.369 0.3598 0.3459 0.3367 0.332 0.3181 0.3089 0.3019 0.2927 0.2833 0.2764 0.2672 0.2788 0.2996 0.2857 0.3204 0.3644 0.3389 0.3436 0.4153 0.3781 0.362 0.3504 0.3436 0.3342 0.3204 0.3158 0.3066 0.2973 0.2904 0.2812 0.272 0.2697 0.2651 0.2973 0.3712 0.3412 0.3342 0.4197 0.3873
0.0 0.0 0.0 0.3899 0.4408 0.4266 0.169 0.1233 0.092 0.86 0.87 0.88 0.89 0.9 0.91 0.92 0.93 0.94 0.95 0.96 0.97 0.0 0.01 0.02 0.03 0.04 0.05 0.06 0.07 0.3323 0.3254 0.3162 0.3047 0.2954 0.2909 0.2771 0.2701 0.2632 0.254 0.2448 0.2379 0.2448 0.3392 0.3254 0.3047 0.3899 0.3853 0.3531 0.4038 0.3598 0.3459 0.3367 0.332 0.3181 0.3089 0.3019 0.2927 0.2833 0.2764 0.2672 0.2788 0.2996 0.2857 0.3204 0.3644 0.3389 0.3436 0.4153 0.3783 0.362 0.3504 0.3436 0.3342 0.3204 0.3158 0.3066 0.2973 0.2904 0.2812 0.272 0.2697 0.2651 0.2973 0.3712 0.3412 0.3342 0.4197 0.3873 0.3597
0.0 0.0 0.0 0.406 0.4177 0.3897 0.092 0.0463 0.238 0.87 0.88 0.89 0.9 0.91 0.92 0.93 0.94 0.95 0.96 0.97 0.0 0.01 0.02 0.03 0.04 0.05 0.06 0.07 0.08 0.3254 0.3162 0.3047 0.2954 0.2909 0.2771 0.2701 0.2632 0.254 0.2448 0.2379 0.2448 0.3392 0.3254 0.3047 0.3899 0.3853 0.3531 0.4038 0.4314 0.3459 0.3367 0.332 0.3181 0.3089 0.3019 0.2927 0.2833 0.2764 0.2672 0.2788 0.2996 0.2857 0.3204 0.3644 0.3389 0.3436 0.4153 0.3783 0.3644 0.3504 0.3436 0.3342 0.3204 0.3158 0.3066 0.2973 0.2904 0.2812 0.272 0.2697 0.2651 0.2973 0.3712 0.3412 0.3342 0.4197 0.3873 0.3597 0.4311
0.0 0.0 0.0 0.4706 0.3899 0.4242 0.1383 0.2547 0.015 0.88 0.89 0.9 0.91 0.92 0.93 0.94 0.95 0.96 0.97 0.0 0.01 0.02 0.03 0.04 0.05 0.06 0.07 0.08 0.09 0.3162 0.3047 0.2954 0.2909 0.2771 0.2701 0.2632 0.254 0.2448 0.2379 0.2448 0.3392 0.3254 0.3047 0.3899 0.3853 0.3531 0.4038 0.4314 0.3899 0.3367 0.332 0.3181 0.3089 0.3019 0.2927 0.2833 0.2764 0.2672 0.2788 0.2996 0.2857 0.3204 0.3644 0.3389 0.3436 0.4153 0.3783 0.3644 0.4408 0.3436 0.3342 0.3204 0.3158 0.3066 0.2973 0.2904 0.2812 0.272 0.2697 0.2651 0.2973 0.3712 0.3412 0.3342 0.4197 0.3873 0.3597 0.4311 0.4266
0.0 0.0 0.0 0.4291 0.4523 0.4611 0.0537 0.077 0.123 0.89 0.9 0.91 0.92 0.93 0.94 0.95 0.96 0.97 0.0 0.01 0.02 0.03 0.04 0.05 0.06 0.07 0.08 0.09 0.1 0.3047 0.2954 0.2909 0.2771 0.2701 0.2632 0.254 0.2448 0.2379 0.2448 0.3392 0.3254 0.3047 0.3899 0.3853 0.3531 0.4038 0.4314 0.3899 0.406 0.332 0.3181 0.3089 0.3019 0.2927 0.2833 0.2764 0.2672 0.2788 0.2996 0.2857 0.3204 0.3644 0.3389 0.3436 0.4153 0.3783 0.3644 0.4408 0.4177 0.3342 0.3204 0.3158 0.3066 0.2973 0.2904 0.2812 0.272 0.2697 0.2651 0.2973 0.3712 0.3412 0.3342 0.4197 0.3873 0.3597 0.4311 0.4266 0.3897
0.0 0.0 0.0 0.406 0.4593 0.4219 0.2153 0.0927 0.115 0.9 0.91 0.92 0.93 0.94 0.95 0.96 0.97 0.0 0.01 0.02 0.03 0.04 0.05 0.06 0.07 0.08 0.09 0.1 0.11 0.2954 0.2909 0.2771 0.2701 0.2632 0.254 0.2448 0.2379 0.2448 0.3392 0.3254 0.3047 0.3899 0.3853 0.3531 0.4038 0.4314 0.3899 0.406 0.4706 0.3181 0.3089 0.3019 0.2927 0.2833 0.2764 0.2672 0.2788 0.2996 0.2857 0.3204 0.3644 0.3389 0.3436 0.4153 0.3783 0.3644 0.4408 0.4177 0.3899 0.3204 0.3158 0.3066 0.2973 0.2904 0.2812 0.272 0.2697 0.2651 0.2973 0.3712 0.3412 0.3342 0.4197 0.3873 0.3597 0.4311 0.4266 0.3897 0.4242
0.0 0.0 0.0 0.489 0.4246 0.4197 0.1383 0.208 0.123 0.91 0.92 0.93 0.94 0.95 0.96 0.97 0.0 0.01 0.02 0.03 0.04 0.05 0.06 0.07 0.08 0.09 0.1 0.11 0.12 0.2909 0.2771 0.2701 0.2632 0.254 0.2448 0.2379 0.2448 0.3392 0.3254 0.3047 0.3899 0.3853 0.3531 0.4038 0.4314 0.3899 0.406 0.4706 0.4291 0.3089 0.3019 0.2927 0.2833 0.2764 0.2672 0.2788 0.2996 0.2857 0.3204 0.3644 0.3389 0.3436 0.4153 0.3783 0.3644 0.4408 0.4177 0.3899 0.4523 0.3158 0.3066 0.2973 0.2904 0.2812 0.272 0.2697 0.2651 0.2973 0.3712 0.3412 0.3342 0.4197 0.3873 0.3597 0.4311 0.4266 0.3897 0.4242 0.4611
0.0 0.0 0.0 0.4637 0.4523 0.4866 0.077 0.0233 0.1307 0.92 0.93 0.94 0.95 0.96 0.97 0.0 0.01 0.02 0.03 0.04 0.05 0.06 0.07 0.08 0.09 0.1 0.11 0.12 0.13 0.2771 0.2701 0.2632 0.254 0.2448 0.2379 0.2448 0.3392 0.3254 0.3047 0.3899 0.3853 0.3531 0.4038 0.4314 0.3899 0.406 0.4706 0.4291 0.406 0.3019 0.2927 0.2833 0.2764 0.2672 0.2788 0.2996 0.2857 0.3204 0.3644 0.3389 0.3436 0.4153 0.3783 0.3644 0.4408 0.4177 0.3899 0.4523 0.4593 0.3066 0.2973 0.2904 0.2812 0.272 0.2697 0.2651 0.2973 0.3712 0.3412 0.3342 0.4197 0.3873 0.3597 0.4311 0.4266 0.3897 0.4242 0.4611 0.4219
0.0 0.0 0.0 0.4314 0.4987 0.4542 0.2767 0.1157 0.0073 0.93 0.94 0.95 0.96 0.97 0.0 0.01 0.02 0.03 0.04 0.05 0.06 0.07 0.08 0.09 0.1 0.11 0.12 0.13 0.14 0.2701 0.2632 0.254 0.2448 0.2379 0.2448 0.3392 0.3254 0.3047 0.3899 0.3853 0.3531 0.4038 0.4314 0.3899 0.406 0.4706 0.4291 0.406 0.489 0.2927 0.2833 0.2764 0.2672 0.2788 0.2996 0.2857 0.3204 0.3644 0.3389 0.3436 0.4153 0.3783 0.3644 0.4408 0.4177 0.3899 0.4523 0.4593 0.4246 0.2973 0.2904 0.2812 0.272 0.2697 0.2651 0.2973 0.3712 0.3412 0.3342 0.4197 0.3873 0.3597 0.4311 0.4266 0.3897 0.4242 0.4611 0.4219 0.4197
0.0 0.0 0.0 0.4729 0.4639 0.4358 0.0843 0.0923 0.223 0.94 0.95 0.96 0.97 0.0 0.01 0.02 0.03 0.04 0.05 0.06 0.07 0.08 0.09 0.1 0.11 0.12 0.13 0.14 0.15 0.2632 0.254 0.2448 0.2379 0.2448 0.3392 0.3254 0.3047 0.3899 0.3853 0.3531 0.4038 0.4314 0.3899 0.406 0.4706 0.4291 0.406 0.489 0.4637 0.2833 0.2764 0.2672 0.2788 0.2996 0.2857 0.3204 0.3644 0.3389 0.3436 0.4153 0.3783 0.3644 0.4408 0.4177 0.3899 0.4523 0.4593 0.4246 0.4523 0.2904 0.2812 0.272 0.2697 0.2651 0.2973 0.3712 0.3412 0.3342 0.4197 0.3873 0.3597 0.4311 0.4266 0.3897 0.4242 0.4611 0.4219 0.4197 0.4866
0.0 0.0 0.0 0.489 0.457 0.4773 0.1077 0.1547 0.108 0.95 0.96 0.97 0.0 0.01 0.02 0.03 0.04 0.05 0.06 0.07 0.08 0.09 0.1 0.11 0.12 0.13 0.14 0.15 0.16 0.254 0.2448 0.2379 0.2448 0.3392 0.3254 0.3047 0.3899 0.3853 0.3531 0.4038 0.4314 0.3899 0.406 0.4706 0.4291 0.406 0.489 0.4637 0.4314 0.2764 0.2672 0.2788 0.2996 0.2857 0.3204 0.3644 0.3389 0.3436 0.4153 0.3783 0.3644 0.4408 0.4177 0.3899 0.4523 0.4593 0.4246 0.4523 0.4987 0.2812 0.272 0.2697 0.2651 0.2973 0.3712 0.3412 0.3342 0.4197 0.3873 0.3597 0.4311 0.4266 0.3897 0.4242 0.4611 0.4219 0.4197 0.4866 0.4542
0.0 0.0 0.0 0.4568 0.5126 0.4819 0.1383 0.116 0.0613 0.96 0.97 0.0 0.01 0.02 0.03 0.04 0.05 0.06 0.07 0.08 0.09 0.1 0.11 0.12 0.13 0.14 0.15 0.16 0.17 0.2448 0.2379 0.2448 0.3392 0.3254 0.3047 0.3899 0.3853 0.3531 0.4038 0.4314 0.3899 0.406 0.4706 0.4291 0.406 0.489 0.4637 0.4314 0.4729 0.2672 0.2788 0.2996 0.2857 0.3204 0.3644 0.3389 0.3436 0.4153 0.3783 0.3644 0.4408 0.4177 0.3899 0.4523 0.4593 0.4246 0.4523 0.4987 0.4639 0.272 0.2697 0.2651 0.2973 0.3712 0.3412 0.3342 0.4197 0.3873 0.3597 0.4311 0.4266 0.3897 0.4242 0.4611 0.4219 0.4197 0.4866 0.4542 0.4358
0.0 0.0 0.0 0.4568 0.5032 0.4634 0.0537 0.023 0.1383 0.97 0.0 0.01 0.02 0.03 0.04 0.05 0.06 0.07 0.08 0.09 0.1 0.11 0.12 0.13 0.14 0.15 0.16 0.17 0.18 0.2379 0.2448 0.3392 0.3254 0.3047 0.3899 0.3853 0.3531 0.4038 0.4314 0.3899 0.406 0.4706 0.4291 0.406 0.489 0.4637 0.4314 0.4729 0.489 0.2788 0.2996 0.2857 0.3204 0.3644 0.3389 0.3436 0.4153 0.3783 0.3644 0.4408 0.4177 0.3899 0.4523 0.4593 0.4246 0.4523 0.4987 0.4639 0.457 0.2697 0.2651 0.2973 0.3712 0.3412 0.3342 0.4197 0.3873 0.3597 0.4311 0.4266 0.3897 0.4242 0.4611 0.4219 0.4197 0.4866 0.4542 0.4358 0.4773
0.0 0.0 0.0 0.5074 0.4848 0.4773 0.1073 0.1853 0.0153 0.0 0.01 0.02 0.03 0.04 0.05 0.06 0.07 0.08 0.09 0.1 0.11 0.12 0.13 0.14 0.15 0.16 0.17 0.18 0.19 0.2448 0.3392 0.3254 0.3047 0.3899 0.3853 0.3531 0.4038 0.4314 0.3899 0.406 0.4706 0.4291 0.406 0.489 0.4637 0.4314 0.4729 0.489 0.4568 0.2996 0.2857 0.3204 0.3644 0.3389 0.3436 0.4153 0.3783 0.3644 0.4408 0.4177 0.3899 0.4523 0.4593 0.4246 0.4523 0.4987 0.4639 0.457 0.5126 0.2651 0.2973 0.3712 0.3412 0.3342 0.4197 0.3873 0.3597 0.4311 0.4266 0.3897 0.4242 0.4611 0.4219 0.4197 0.4866 0.4542 0.4358 0.4773 0.4819
0.0 0.0 0.0 0.4867 0.5126 0.5096 0.0 0.0313 0.0617 0.01 0.02 0.03 0.04 0.05 0.06 0.07 0.08 0.09 0.1 0.11 0.12 0.13 0.14 0.15 0.16 0.17 0.18 0.19 0.2 0.3392 0.3254 0.3047 0.3899 0.3853 0.3531 0.4038 0.4314 0.3899 0.406 0.4706 0.4291 0.406 0.489 0.4637 0.4314 0.4729 0.489 0.4568 0.4568 0.2857 0.3204 0.3644 0.3389 0.3436 0.4153 0.3783 0.3644 0.4408 0.4177 0.3899 0.4523 0.4593 0.4246 0.4523 0.4987 0.4639 0.457 0.5126 0.5032 0.2973 0.3712 0.3412 0.3342 0.4197 0.3873 0.3597 0.4311 0.4266 0.3897 0.4242 0.4611 0.4219 0.4197 0.4866 0.4542 0.4358 0.4773 0.4819 0.4634
0.0 0.0 0.0 0.4798 0.5496 0.4934 0.1687 0.0613 0.0463 0.02 0.03 0.04 0.05 0.06 0.07 0.08 0.09 0.1 0.11 0.12 0.13 0.14 0.15 0.16 0.17 0.18 0.19 0.2 0.21 0.3254 0.3047 0.3899 0.3853 0.3531 0.4038 0.4314 0.3899 0.406 0.4706 0.4291 0.406 0.489 0.4637 0.4314 0.4729 0.489 0.4568 0.4568 0.5074 0.3204 0.3644 0.3389 0.3436 0.4153 0.3783 0.3644 0.4408 0.4177 0.3899 0.4523 0.4593 0.4246 0.4523 0.4987 0.4639 0.457 0.5126 0.5032 0.4848 0.3712 0.3412 0.3342 0.4197 0.3873 0.3597 0.4311 0.4266 0.3897 0.4242 0.4611 0.4219 0.4197 0.4866 0.4542 0.4358 0.4773 0.4819 0.4634 0.4773
0.0 0.0 0.0 0.5467 0.49 0.498 0.069 0.0927 0.1077 0.03 0.04 0.05 0.06 0.07 0.08 0.09 0.1 0.11 0.12 0.13 0.14 0.15 0.16 0.17 0.18 0.19 0.2 0.21 0.22 0.3047 0.3899 0.3853 0.3531 0.4038 0.4314 0.3899 0.406 0.4706 0.4291 0.406 0.489 0.4637 0.4314 0.4729 0.489 0.4568 0.4568 0.5074 0.4867 0.3644 0.3389 0.3436 0.4153 0.3783 0.3644 0.4408 0.4177 0.3899 0.4523 0.4593 0.4246 0.4523 0.4987 0.4639 0.457 0.5126 0.5032 0.4848 0.5126 0.3412 0.3342 0.4197 0.3873 0.3597 0.4311 0.4266 0.3897 0.4242 0.4611 0.4219 0.4197 0.4866 0.4542 0.4358 0.4773 0.4819 0.4634 0.4773 0.5096
0.0 0.0 0.0 0.6053 0.4863 0.5442 0.023 0.1233 0.054 0.04 0.05 0.06 0.07 0.08 0.09 0.1 0.11 0.12 0.13 0.14 0.15 0.16 0.17 0.18 0.19 0.2 0.21 0.22 0.23 0.3899 0.3853 0.3531 0.4038 0.4314 0.3899 0.406 0.4706 0.4291 0.406 0.489 0.4637 0.4314 0.4729 0.489 0.4568 0.4568 0.5074 0.4867 0.4798 0.3389 0.3436 0.4153 0.3783 0.3644 0.4408 0.4177 0.3899 0.4523 0.4593 0.4246 0.4523 0.4987 0.4639 0.457 0.5126 0.5032 0.4848 0.5126 0.5496 0.3342 0.4197 0.3873 0.3597 0.4311 0.4266 0.3897 0.4242 0.4611 0.4219 0.4197 0.4866 0.4542 0.4358 0.4773 0.4819 0.4634 0.4773 0.5096 0.4934
1.0 1.0 0.0 0.595 0.5334 0.5534 0.223 0.1987 0.0153 0.05 0.06 0.07 0.08 0.09 0.1 0.11 0.12 0.13 0.14 0.15 0.16 0.17 0.18 0.19 0.2 0.21 0.22 0.23 0.24 0.3853 0.3531 0.4038 0.4314 0.3899 0.406 0.4706 0.4291 0.406 0.489 0.4637 0.4314 0.4729 0.489 0.4568 0.4568 0.5074 0.4867 0.4798 0.5467 0.3436 0.4153 0.3783 0.3644 0.4408 0.4177 0.3899 0.4523 0.4593 0.4246 0.4523 0.4987 0.4639 0.457 0.5126 0.5032 0.4848 0.5126 0.5496 0.49 0.4197 0.3873 0.3597 0.4311 0.4266 0.3897 0.4242 0.4611 0.4219 0.4197 0.4866 0.4542 0.4358 0.4773 0.4819 0.4634 0.4773 0.5096 0.4934 0.498
1.0 1.0 0.0 0.6148 0.5299 0.5396 0.1953 0.0123 0.154 0.06 0.07 0.08 0.09 0.1 0.11 0.12 0.13 0.14 0.15 0.16 0.17 0.18 0.19 0.2 0.21 0.22 0.23 0.24 0.25 0.3531 0.4038 0.4314 0.3899 0.406 0.4706 0.4291 0.406 0.489 0.4637 0.4314 0.4729 0.489 0.4568 0.4568 0.5074 0.4867 0.4798 0.5467 0.6053 0.4153 0.3783 0.3644 0.4408 0.4177 0.3899 0.4523 0.4593 0.4246 0.4523 0.4987 0.4639 0.457 0.5126 0.5032 0.4848 0.5126 0.5496 0.49 0.4863 0.3873 0.3597 0.4311 0.4266 0.3897 0.4242 0.4611 0.4219 0.4197 0.4866 0.4542 0.4358 0.4773 0.4819 0.4634 0.4773 0.5096 0.4934 0.498 0.5442
1.0 1.0 0.0 0.7019 0.5128 0.5534 0.0343 0.157 0.0307 0.07 0.08 0.09 0.1 0.11 0.12 0.13 0.14 0.15 0.16 0.17 0.18 0.19 0.2 0.21 0.22 0.23 0.24 0.25 0.26 0.4038 0.4314 0.3899 0.406 0.4706 0.4291 0.406 0.489 0.4637 0.4314 0.4729 0.489 0.4568 0.4568 0.5074 0.4867 0.4798 0.5467 0.6053 0.595 0.3783 0.3644 0.4408 0.4177 0.3899 0.4523 0.4593 0.4246 0.4523 0.4987 0.4639 0.457 0.5126 0.5032 0.4848 0.5126 0.5496 0.49 0.4863 0.5334 0.3597 0.4311 0.4266 0.3897 0.4242 0.4611 0.4219 0.4197 0.4866 0.4542 0.4358 0.4773 0.4819 0.4634 0.4773 0.5096 0.4934 0.498 0.5442 0.5534
1.0 1.0 0.0 0.6728 0.5359 0.6133 0.066 0.0117 0.046 0.08 0.09 0.1 0.11 0.12 0.13 0.14 0.15 0.16 0.17 0.18 0.19 0.2 0.21 0.22 0.23 0.24 0.25 0.26 0.27 0.4314 0.3899 0.406 0.4706 0.4291 0.406 0.489 0.4637 0.4314 0.4729 0.489 0.4568 0.4568 0.5074 0.4867 0.4798 0.5467 0.6053 0.595 0.6148 0.3644 0.4408 0.4177 0.3899 0.4523 0.4593 0.4246 0.4523 0.4987 0.4639 0.457 0.5126 0.5032 0.4848 0.5126 0.5496 0.49 0.4863 0.5334 0.5299 0.4311 0.4266 0.3897 0.4242 0.4611 0.4219 0.4197 0.4866 0.4542 0.4358 0.4773 0.4819 0.4634 0.4773 0.5096 0.4934 0.498 0.5442 0.5534 0.5396
1.0 1.0 0.0 0.6651 0.5577 0.5719 0.2903 0.057 0.046 0.09 0.1 0.11 0.12 0.13 0.14 0.15 0.16 0.17 0.18 0.19 0.2 0.21 0.22 0.23 0.24 0.25 0.26 0.27 0.28 0.3899 0.406 0.4706 0.4291 0.406 0.489 0.4637 0.4314 0.4729 0.489 0.4568 0.4568 0.5074 0.4867 0.4798 0.5467 0.6053 0.595 0.6148 0.7019 0.4408 0.4177 0.3899 0.4523 0.4593 0.4246 0.4523 0.4987 0.4639 0.457 0.5126 0.5032 0.4848 0.5126 0.5496 0.49 0.4863 0.5334 0.5299 0.5128 0.4266 0.3897 0.4242 0.4611 0.4219 0.4197 0.4866 0.4542 0.4358 0.4773 0.4819 0.4634 0.4773 0.5096 0.4934 0.498 0.5442 0.5534 0.5396 0.5534
1.0 1.0 0.0 0.7162 0.5229 0.5719 0.097 0.077 0.1997 0.1 0.11 0.12 0.13 0.14 0.15 0.16 0.17 0.18 0.19 0.2 0.21 0.22 0.23 0.24 0.25 0.26 0.27 0.28 0.29 0.406 0.4706 0.4291 0.406 0.489 0.4637 0.4314 0.4729 0.489 0.4568 0.4568 0.5074 0.4867 0.4798 0.5467 0.6053 0.595 0.6148 0.7019 0.6728 0.4177 0.3899 0.4523 0.4593 0.4246 0.4523 0.4987 0.4639 0.457 0.5126 0.5032 0.4848 0.5126 0.5496 0.49 0.4863 0.5334 0.5299 0.5128 0.5359 0.3897 0.4242 0.4611 0.4219 0.4197 0.4866 0.4542 0.4358 0.4773 0.4819 0.4634 0.4773 0.5096 0.4934 0.498 0.5442 0.5534 0.5396 0.5534 0.6133
1.0 1.0 0.0 0.6802 0.5244 0.6364 0.0257 0.0727 0.138 0.11 0.12 0.13 0.14 0.15 0.16 0.17 0.18 0.19 0.2 0.21 0.22 0.23 0.24 0.25 0.26 0.27 0.28 0.29 0.3 0.4706 0.4291 0.406 0.489 0.4637 0.4314 0.4729 0.489 0.4568 0.4568 0.5074 0.4867 0.4798 0.5467 0.6053 0.595 0.6148 0.7019 0.6728 0.6651 0.3899 0.4523 0.4593 0.4246 0.4523 0.4987 0.4639 0.457 0.5126 0.5032 0.4848 0.5126 0.5496 0.49 0.4863 0.5334 0.5299 0.5128 0.5359 0.5577 0.4242 0.4611 0.4219 0.4197 0.4866 0.4542 0.4358 0.4773 0.4819 0.4634 0.4773 0.5096 0.4934 0.498 0.5442 0.5534 0.5396 0.5534 0.6133 0.5719
1.0 1.0 0.0 0.6377 0.5622 0.5996 0.1703 0.116 0.0 0.12 0.13 0.14 0.15 0.16 0.17 0.18 0.19 0.2 0.21 0.22 0.23 0.24 0.25 0.26 0.27 0.28 0.29 0.3 0.31 0.4291 0.406 0.489 0.4637 0.4314 0.4729 0.489 0.4568 0.4568 0.5074 0.4867 0.4798 0.5467 0.6053 0.595 0.6148 0.7019 0.6728 0.6651 0.7162 0.4523 0.4593 0.4246 0.4523 0.4987 0.4639 0.457 0.5126 0.5032 0.4848 0.5126 0.5496 0.49 0.4863 0.5334 0.5299 0.5128 0.5359 0.5577 0.5229 0.4611 0.4219 0.4197 0.4866 0.4542 0.4358 0.4773 0.4819 0.4634 0.4773 0.5096 0.4934 0.498 0.5442 0.5534 0.5396 0.5534 0.6133 0.5719 0.5719
1.0 1.0 0.0 0.6226 0.5322 0.5764 0.12 0.005 0.215 0.13 0.14 0.15 0.16 0.17 0.18 0.19 0.2 0.21 0.22 0.23 0.24 0.25 0.26 0.27 0.28 0.29 0.3 0.31 0.32 0.406 0.489 0.4637 0.4314 0.4729 0.489 0.4568 0.4568 0.5074 0.4867 0.4798 0.5467 0.6053 0.595 0.6148 0.7019 0.6728 0.6651 0.7162 0.6802 0.4593 0.4246 0.4523 0.4987 0.4639 0.457 0.5126 0.5032 0.4848 0.5126 0.5496 0.49 0.4863 0.5334 0.5299 0.5128 0.5359 0.5577 0.5229 0.5244 0.4219 0.4197 0.4866 0.4542 0.4358 0.4773 0.4819 0.4634 0.4773 0.5096 0.4934 0.498 0.5442 0.5534 0.5396 0.5534 0.6133 0.5719 0.5719 0.6364
1.0 1.0 0.0 0.6202 0.5336 0.6341 0.1417 0.126 0.1227 0.14 0.15 0.16 0.17 0.18 0.19 0.2 0.21 0.22 0.23 0.24 0.25 0.26 0.27 0.28 0.29 0.3 0.31 0.32 0.33 0.489 0.4637 0.4314 0.4729 0.489 0.4568 0.4568 0.5074 0.4867 0.4798 0.5467 0.6053 0.595 0.6148 0.7019 0.6728 0.6651 0.7162 0.6802 0.6377 0.4246 0.4523 0.4987 0.4639 0.457 0.5126 0.5032 0.4848 0.5126 0.5496 0.49 0.4863 0.5334 0.5299 0.5128 0.5359 0.5577 0.5229 0.5244 0.5622 0.4197 0.4866 0.4542 0.4358 0.4773 0.4819 0.4634 0.4773 0.5096 0.4934 0.498 0.5442 0.5534 0.5396 0.5534 0.6133 0.5719 0.5719 0.6364 0.5996
0.0 1.0 0.0 0.588 0.5799 0.6064 0.0503 0.1 0.0773 0.15 0.16 0.17 0.18 0.19 0.2 0.21 0.22 0.23 0.24 0.25 0.26 0.27 0.28 0.29 0.3 0.31 0.32 0.33 0.34 0.4637 0.4314 0.4729 0.489 0.4568 0.4568 0.5074 0.4867 0.4798 0.5467 0.6053 0.595 0.6148 0.7019 0.6728 0.6651 0.7162 0.6802 0.6377 0.6226 0.4523 0.4987 0.4639 0.457 0.5126 0.5032 0.4848 0.5126 0.5496 0.49 0.4863 0.5334 0.5299 0.5128 0.5359 0.5577 0.5229 0.5244 0.5622 0.5322 0.4866 0.4542 0.4358 0.4773 0.4819 0.4634 0.4773 0.5096 0.4934 0.498 0.5442 0.5534 0.5396 0.5534 0.6133 0.5719 0.5719 0.6364 0.5996 0.5764
0.0 1.0 0.0 0.6249 0.5553 0.588 0.008 0.0047 0.1923 0.16 0.17 0.18 0.19 0.2 0.21 0.22 0.23 0.24 0.25 0.26 0.27 0.28 0.29 0.3 0.31 0.32 0.33 0.34 0.35 0.4314 0.4729 0.489 0.4568 0.4568 0.5074 0.4867 0.4798 0.5467 0.6053 0.595 0.6148 0.7019 0.6728 0.6651 0.7162 0.6802 0.6377 0.6226 0.6202 0.4987 0.4639 0.457 0.5126 0.5032 0.4848 0.5126 0.5496 0.49 0.4863 0.5334 0.5299 0.5128 0.5359 0.5577 0.5229 0.5244 0.5622 0.5322 0.5336 0.4542 0.4358 0.4773 0.4819 0.4634 0.4773 0.5096 0.4934 0.498 0.5442 0.5534 0.5396 0.5534 0.6133 0.5719 0.5719 0.6364 0.5996 0.5764 0.6341
0.0 1.0 0.0 0.6318 0.5543 0.6503 0.1073 0.1543 0.0923 0.17 0.18 0.19 0.2 0.21 0.22 0.23 0.24 0.25 0.26 0.27 0.28 0.29 0.3 0.31 0.32 0.33 0.34 0.35 0.36 0.4729 0.489 0.4568 0.4568 0.5074 0.4867 0.4798 0.5467 0.6053 0.595 0.6148 0.7019 0.6728 0.6651 0.7162 0.6802 0.6377 0.6226 0.6202 0.588 0.4639 0.457 0.5126 0.5032 0.4848 0.5126 0.5496 0.49 0.4863 0.5334 0.5299 0.5128 0.5359 0.5577 0.5229 0.5244 0.5622 0.5322 0.5336 0.5799 0.4358 0.4773 0.4819 0.4634 0.4773 0.5096 0.4934 0.498 0.5442 0.5534 0.5396 0.5534 0.6133 0.5719 0.5719 0.6364 0.5996 0.5764 0.6341 0.6064
0.0 1.0 0.0 0.6019 0.6137 0.6272 0.123 0.082 0.0613 0.18 0.19 0.2 0.21 0.22 0.23 0.24 0.25 0.26 0.27 0.28 0.29 0.3 0.31 0.32 0.33 0.34 0.35 0.36 0.37 0.489 0.4568 0.4568 0.5074 0.4867 0.4798 0.5467 0.6053 0.595 0.6148 0.7019 0.6728 0.6651 0.7162 0.6802 0.6377 0.6226 0.6202 0.588 0.6249 0.457 0.5126 0.5032 0.4848 0.5126 0.5496 0.49 0.4863 0.5334 0.5299 0.5128 0.5359 0.5577 0.5229 0.5244 0.5622 0.5322 0.5336 0.5799 0.5553 0.4773 0.4819 0.4634 0.4773 0.5096 0.4934 0.498 0.5442 0.5534 0.5396 0.5534 0.6133 0.5719 0.5719 0.6364 0.5996 0.5764 0.6341 0.6064 0.588
0.0 1.0 0.0 0.6341 0.6282 0.6019 0.023 0.0033 0.2077 0.19 0.2 0.21 0.22 0.23 0.24 0.25 0.26 0.27 0.28 0.29 0.3 0.31 0.32 0.33 0.34 0.35 0.36 0.37 0.38 0.4568 0.4568 0.5074 0.4867 0.4798 0.5467 0.6053 0.595 0.6148 0.7019 0.6728 0.6651 0.7162 0.6802 0.6377 0.6226 0.6202 0.588 0.6249 0.6318 0.5126 0.5032 0.4848 0.5126 0.5496 0.49 0.4863 0.5334 0.5299 0.5128 0.5359 0.5577 0.5229 0.5244 0.5622 0.5322 0.5336 0.5799 0.5553 0.5543 0.4819 0.4634 0.4773 0.5096 0.4934 0.498 0.5442 0.5534 0.5396 0.5534 0.6133 0.5719 0.5719 0.6364 0.5996 0.5764 0.6341 0.6064 0.588 0.6503
0.0 1.0 0.0 0.6594 0.612 0.6572 0.0997 0.198 0.077 0.2 0.21 0.22 0.23 0.24 0.25 0.26 0.27 0.28 0.29 0.3 0.31 0.32 0.33 0.34 0.35 0.36 0.37 0.38 0.39 0.4568 0.5074 0.4867 0.4798 0.5467 0.6053 0.595 0.6148 0.7019 0.6728 0.6651 0.7162 0.6802 0.6377 0.6226 0.6202 0.588 0.6249 0.6318 0.6019 0.5032 0.4848 0.5126 0.5496 0.49 0.4863 0.5334 0.5299 0.5128 0.5359 0.5577 0.5229 0.5244 0.5622 0.5322 0.5336 0.5799 0.5553 0.5543 0.6137 0.4634 0.4773 0.5096 0.4934 0.498 0.5442 0.5534 0.5396 0.5534 0.6133 0.5719 0.5719 0.6364 0.5996 0.5764 0.6341 0.6064 0.588 0.6503 0.6272
0.0 0.0 0.0 0.6226 0.6676 0.6572 0.1073 0.0483 0.0843 0.21 0.22 0.23 0.24 0.25 0.26 0.27 0.28 0.29 0.3 0.31 0.32 0.33 0.34 0.35 0.36 0.37 0.38 0.39 0.4 0.5074 0.4867 0.4798 0.5467 0.6053 0.595 0.6148 0.7019 0.6728 0.6651 0.7162 0.6802 0.6377 0.6226 0.6202 0.588 0.6249 0.6318 0.6019 0.6341 0.4848 0.5126 0.5496 0.49 0.4863 0.5334 0.5299 0.5128 0.5359 0.5577 0.5229 0.5244 0.5622 0.5322 0.5336 0.5799 0.5553 0.5543 0.6137 0.6282 0.4773 0.5096 0.4934 0.498 0.5442 0.5534 0.5396 0.5534 0.6133 0.5719 0.5719 0.6364 0.5996 0.5764 0.6341 0.6064 0.588 0.6503 0.6272 0.6019
0.0 0.0 0.0 0.6364 0.6491 0.6272 0.0843 0.054 0.1843 0.22 0.23 0.24 0.25 0.26 0.27 0.28 0.29 0.3 0.31 0.32 0.33 0.34 0.35 0.36 0.37 0.38 0.39 0.4 0.41 0.4867 0.4798 0.5467 0.6053 0.595 0.6148 0.7019 0.6728 0.6651 0.7162 0.6802 0.6377 0.6226 0.6202 0.588 0.6249 0.6318 0.6019 0.6341 0.6594 0.5126 0.5496 0.49 0.4863 0.5334 0.5299 0.5128 0.5359 0.5577 0.5229 0.5244 0.5622 0.5322 0.5336 0.5799 0.5553 0.5543 0.6137 0.6282 0.612 0.5096 0.4934 0.498 0.5442 0.5534 0.5396 0.5534 0.6133 0.5719 0.5719 0.6364 0.5996 0.5764 0.6341 0.6064 0.588 0.6503 0.6272 0.6019 0.6572
0.0 0.0 0.0 0.6917 0.6352 0.6641 0.1227 0.1853 0.0 0.23 0.24 0.25 0.26 0.27 0.28 0.29 0.3 0.31 0.32 0.33 0.34 0.35 0.36 0.37 0.38 0.39 0.4 0.41 0.42 0.4798 0.5467 0.6053 0.595 0.6148 0.7019 0.6728 0.6651 0.7162 0.6802 0.6377 0.6226 0.6202 0.588 0.6249 0.6318 0.6019 0.6341 0.6594 0.6226 0.5496 0.49 0.4863 0.5334 0.5299 0.5128 0.5359 0.5577 0.5229 0.5244 0.5622 0.5322 0.5336 0.5799 0.5553 0.5543 0.6137 0.6282 0.612 0.6676 0.4934 0.498 0.5442 0.5534 0.5396 0.5534 0.6133 0.5719 0.5719 0.6364 0.5996 0.5764 0.6341 0.6064 0.588 0.6503 0.6272 0.6019 0.6572 0.6572
0.0 0.0 0.0 0.6479 0.6838 0.6826 0.046 0.0617 0.1 0.24 0.25 0.26 0.27 0.28 0.29 0.3 0.31 0.32 0.33 0.34 0.35 0.36 0.37 0.38 0.39 0.4 0.41 0.42 0.43 0.5467 0.6053 0.595 0.6148 0.7019 0.6728 0.6651 0.7162 0.6802 0.6377 0.6226 0.6202 0.588 0.6249 0.6318 0.6019 0.6341 0.6594 0.6226 0.6364 0.49 0.4863 0.5334 0.5299 0.5128 0.5359 0.5577 0.5229 0.5244 0.5622 0.5322 0.5336 0.5799 0.5553 0.5543 0.6137 0.6282 0.612 0.6676 0.6491 0.498 0.5442 0.5534 0.5396 0.5534 0.6133 0.5719 0.5719 0.6364 0.5996 0.5764 0.6341 0.6064 0.588 0.6503 0.6272 0.6019 0.6572 0.6572 0.6272
0.0 0.0 0.0 0.6364 0.6791 0.6457 0.1843 0.0463 0.123 0.25 0.26 0.27 0.28 0.29 0.3 0.31 0.32 0.33 0.34 0.35 0.36 0.37 0.38 0.39 0.4 0.41 0.42 0.43 0.44 0.6053 0.595 0.6148 0.7019 0.6728 0.6651 0.7162 0.6802 0.6377 0.6226 0.6202 0.588 0.6249 0.6318 0.6019 0.6341 0.6594 0.6226 0.6364 0.6917 0.4863 0.5334 0.5299 0.5128 0.5359 0.5577 0.5229 0.5244 0.5622 0.5322 0.5336 0.5799 0.5553 0.5543 0.6137 0.6282 0.612 0.6676 0.6491 0.6352 0.5442 0.5534 0.5396 0.5534 0.6133 0.5719 0.5719 0.6364 0.5996 0.5764 0.6341 0.6064 0.588 0.6503 0.6272 0.6019 0.6572 0.6572 0.6272 0.6641
0.0 0.0 0.0 0.7101 0.6513 0.6596 0.146 0.162 0.0617 0.26 0.27 0.28 0.29 0.3 0.31 0.32 0.33 0.34 0.35 0.36 0.37 0.38 0.39 0.4 0.41 0.42 0.43 0.44 0.45 0.595 0.6148 0.7019 0.6728 0.6651 0.7162 0.6802 0.6377 0.6226 0.6202 0.588 0.6249 0.6318 0.6019 0.6341 0.6594 0.6226 0.6364 0.6917 0.6479 0.5334 0.5299 0.5128 0.5359 0.5577 0.5229 0.5244 0.5622 0.5322 0.5336 0.5799 0.5553 0.5543 0.6137 0.6282 0.612 0.6676 0.6491 0.6352 0.6838 0.5534 0.5396 0.5534 0.6133 0.5719 0.5719 0.6364 0.5996 0.5764 0.6341 0.6064 0.588 0.6503 0.6272 0.6019 0.6572 0.6572 0.6272 0.6641 0.6826
0.0 0.0 0.0 0.6687 0.6838 0.708 0.0383 0.0157 0.123 0.27 0.28 0.29 0.3 0.31 0.32 0.33 0.34 0.35 0.36 0.37 0.38 0.39 0.4 0.41 0.42 0.43 0.44 0.45 0.46 0.6148 0.7019 0.6728 0.6651 0.7162 0.6802 0.6377 0.6226 0.6202 0.588 0.6249 0.6318 0.6019 0.6341 0.6594 0.6226 0.6364 0.6917 0.6479 0.6364 0.5299 0.5128 0.5359 0.5577 0.5229 0.5244 0.5622 0.5322 0.5336 0.5799 0.5553 0.5543 0.6137 0.6282 0.612 0.6676 0.6491 0.6352 0.6838 0.6791 0.5396 0.5534 0.6133 0.5719 0.5719 0.6364 0.5996 0.5764 0.6341 0.6064 0.588 0.6503 0.6272 0.6019 0.6572 0.6572 0.6272 0.6641 0.6826 0.6457
0.0 0.0 0.0 0.641 0.7023 0.6572 0.2457 0.0927 0.0463 0.28 0.29 0.3 0.31 0.32 0.33 0.34 0.35 0.36 0.37 0.38 0.39 0.4 0.41 0.42 0.43 0.44 0.45 0.46 0.47 0.7019 0.6728 0.6651 0.7162 0.6802 0.6377 0.6226 0.6202 0.588 0.6249 0.6318 0.6019 0.6341 0.6594 0.6226 0.6364 0.6917 0.6479 0.6364 0.7101 0.5128 0.5359 0.5577 0.5229 0.5244 0.5622 0.5322 0.5336 0.5799 0.5553 0.5543 0.6137 0.6282 0.612 0.6676 0.6491 0.6352 0.6838 0.6791 0.6513 0.5534 0.6133 0.5719 0.5719 0.6364 0.5996 0.5764 0.6341 0.6064 0.588 0.6503 0.6272 0.6019 0.6572 0.6572 0.6272 0.6641 0.6826 0.6457 0.6596
0.0 0.0 0.0 0.7101 0.6652 0.648 0.138 0.1083 0.1613 0.29 0.3 0.31 0.32 0.33 0.34 0.35 0.36 0.37 0.38 0.39 0.4 0.41 0.42 0.43 0.44 0.45 0.46 0.47 0.48 0.6728 0.6651 0.7162 0.6802 0.6377 0.6226 0.6202 0.588 0.6249 0.6318 0.6019 0.6341 0.6594 0.6226 0.6364 0.6917 0.6479 0.6364 0.7101 0.6687 0.5359 0.5577 0.5229 0.5244 0.5622 0.5322 0.5336 0.5799 0.5553 0.5543 0.6137 0.6282 0.612 0.6676 0.6491 0.6352 0.6838 0.6791 0.6513 0.6838 0.6133 0.5719 0.5719 0.6364 0.5996 0.5764 0.6341 0.6064 0.588 0.6503 0.6272 0.6019 0.6572 0.6572 0.6272 0.6641 0.6826 0.6457 0.6596 0.708
0.0 0.0 0.0 0.6801 0.6722 0.7149 0.0923 0.0617 0.1693 0.3 0.31 0.32 0.33 0.34 0.35 0.36 0.37 0.38 0.39 0.4 0.41 0.42 0.43 0.44 0.45 0.46 0.47 0.48 0.49 0.6651 0.7162 0.6802 0.6377 0.6226 0.6202 0.588 0.6249 0.6318 0.6019 0.6341 0.6594 0.6226 0.6364 0.6917 0.6479 0.6364 0.7101 0.6687 0.641 0.5577 0.5229 0.5244 0.5622 0.5322 0.5336 0.5799 0.5553 0.5543 0.6137 0.6282 0.612 0.6676 0.6491 0.6352 0.6838 0.6791 0.6513 0.6838 0.7023 0.5719 0.5719 0.6364 0.5996 0.5764 0.6341 0.6064 0.588 0.6503 0.6272 0.6019 0.6572 0.6572 0.6272 0.6641 0.6826 0.6457 0.6596 0.708 0.6572
0.0 0.0 0.0 0.641 0.7186 0.6688 0.2303 0.1237 0.0307 0.31 0.32 0.33 0.34 0.35 0.36 0.37 0.38 0.39 0.4 0.41 0.42 0.43 0.44 0.45 0.46 0.47 0.48 0.49 0.5 0.7162 0.6802 0.6377 0.6226 0.6202 0.588 0.6249 0.6318 0.6019 0.6341 0.6594 0.6226 0.6364 0.6917 0.6479 0.6364 0.7101 0.6687 0.641 0.7101 0.5229 0.5244 0.5622 0.5322 0.5336 0.5799 0.5553 0.5543 0.6137 0.6282 0.612 0.6676 0.6491 0.6352 0.6838 0.6791 0.6513 0.6838 0.7023 0.6652 0.5719 0.6364 0.5996 0.5764 0.6341 0.6064 0.588 0.6503 0.6272 0.6019 0.6572 0.6572 0.6272 0.6641 0.6826 0.6457 0.6596 0.708 0.6572 0.648
0.0 0.0 0.0 0.6871 0.6722 0.6341 0.1 0.0233 0.223 0.32 0.33 0.34 0.35 0.36 0.37 0.38 0.39 0.4 0.41 0.42 0.43 0.44 0.45 0.46 0.47 0.48 0.49 0.5 0.51 0.6802 0.6377 0.6226 0.6202 0.588 0.6249 0.6318 0.6019 0.6341 0.6594 0.6226 0.6364 0.6917 0.6479 0.6364 0.7101 0.6687 0.641 0.7101 0.6801 0.5244 0.5622 0.5322 0.5336 0.5799 0.5553 0.5543 0.6137 0.6282 0.612 0.6676 0.6491 0.6352 0.6838 0.6791 0.6513 0.6838 0.7023 0.6652 0.6722 0.6364 0.5996 0.5764 0.6341 0.6064 0.588 0.6503 0.6272 0.6019 0.6572 0.6572 0.6272 0.6641 0.6826 0.6457 0.6596 0.708 0.6572 0.648 0.7149
0.0 0.0 0.0 0.6893 0.6513 0.6988 0.1303 0.1547 0.1537 0.33 0.34 0.35 0.36 0.37 0.38 0.39 0.4 0.41 0.42 0.43 0.44 0.45 0.46 0.47 0.48 0.49 0.5 0.51 0.52 0.6377 0.6226 0.6202 0.588 0.6249 0.6318 0.6019 0.6341 0.6594 0.6226 0.6364 0.6917 0.6479 0.6364 0.7101 0.6687 0.641 0.7101 0.6801 0.641 0.5622 0.5322 0.5336 0.5799 0.5553 0.5543 0.6137 0.6282 0.612 0.6676 0.6491 0.6352 0.6838 0.6791 0.6513 0.6838 0.7023 0.6652 0.6722 0.7186 0.5996 0.5764 0.6341 0.6064 0.588 0.6503 0.6272 0.6019 0.6572 0.6572 0.6272 0.6641 0.6826 0.6457 0.6596 0.708 0.6572 0.648 0.7149 0.6688
0.0 0.0 0.0 0.6433 0.7162 0.6664 0.1537 0.1547 0.1157 0.34 0.35 0.36 0.37 0.38 0.39 0.4 0.41 0.42 0.43 0.44 0.45 0.46 0.47 0.48 0.49 0.5 0.51 0.52 0.53 0.6226 0.6202 0.588 0.6249 0.6318 0.6019 0.6341 0.6594 0.6226 0.6364 0.6917 0.6479 0.6364 0.7101 0.6687 0.641 0.7101 0.6801 0.641 0.6871 0.5322 0.5336 0.5799 0.5553 0.5543 0.6137 0.6282 0.612 0.6676 0.6491 0.6352 0.6838 0.6791 0.6513 0.6838 0.7023 0.6652 0.6722 0.7186 0.6722 0.5764 0.6341 0.6064 0.588 0.6503 0.6272 0.6019 0.6572 0.6572 0.6272 0.6641 0.6826 0.6457 0.6596 0.708 0.6572 0.648 0.7149 0.6688 0.6341
0.0 0.0 0.0 0.6571 0.6746 0.6319 0.0073 0.0697 0.2157 0.35 0.36 0.37 0.38 0.39 0.4 0.41 0.42 0.43 0.44 0.45 0.46 0.47 0.48 0.49 0.5 0.51 0.52 0.53 0.54 0.6202 0.588 0.6249 0.6318 0.6019 0.6341 0.6594 0.6226 0.6364 0.6917 0.6479 0.6364 0.7101 0.6687 0.641 0.7101 0.6801 0.641 0.6871 0.6893 0.5336 0.5799 0.5553 0.5543 0.6137 0.6282 0.612 0.6676 0.6491 0.6352 0.6838 0.6791 0.6513 0.6838 0.7023 0.6652 0.6722 0.7186 0.6722 0.6513 0.6341 0.6064 0.588 0.6503 0.6272 0.6019 0.6572 0.6572 0.6272 0.6641 0.6826 0.6457 0.6596 0.708 0.6572 0.648 0.7149 0.6688 0.6341 0.6988
0.0 0.0 0.0 0.6824 0.6421 0.6572 0.1533 0.2163 0.108 0.36 0.37 0.38 0.39 0.4 0.41 0.42 0.43 0.44 0.45 0.46 0.47 0.48 0.49 0.5 0.51 0.52 0.53 0.54 0.55 0.588 0.6249 0.6318 0.6019 0.6341 0.6594 0.6226 0.6364 0.6917 0.6479 0.6364 0.7101 0.6687 0.641 0.7101 0.6801 0.641 0.6871 0.6893 0.6433 0.5799 0.5553 0.5543 0.6137 0.6282 0.612 0.6676 0.6491 0.6352 0.6838 0.6791 0.6513 0.6838 0.7023 0.6652 0.6722 0.7186 0.6722 0.6513 0.7162 0.6064 0.588 0.6503 0.6272 0.6019 0.6572 0.6572 0.6272 0.6641 0.6826 0.6457 0.6596 0.708 0.6572 0.648 0.7149 0.6688 0.6341 0.6988 0.6664
0.0 0.0 0.0 0.6387 0.6884 0.6688 0.046 0.1387 0.115 0.37 0.38 0.39 0.4 0.41 0.42 0.43 0.44 0.45 0.46 0.47 0.48 0.49 0.5 0.51 0.52 0.53 0.54 0.55 0.56 0.6249 0.6318 0.6019 0.6341 0.6594 0.6226 0.6364 0.6917 0.6479 0.6364 0.7101 0.6687 0.641 0.7101 0.6801 0.641 0.6871 0.6893 0.6433 0.6571 0.5553 0.5543 0.6137 0.6282 0.612 0.6676 0.6491 0.6352 0.6838 0.6791 0.6513 0.6838 0.7023 0.6652 0.6722 0.7186 0.6722 0.6513 0.7162 0.6746 0.588 0.6503 0.6272 0.6019 0.6572 0.6572 0.6272 0.6641 0.6826 0.6457 0.6596 0.708 0.6572 0.648 0.7149 0.6688 0.6341 0.6988 0.6664 0.6319
0.0 0.0 0.0 0.611 0.6769 0.6296 0.0843 0.1083 0.0843 0.38 0.39 0.4 0.41 0.42 0.43 0.44 0.45 0.46 0.47 0.48 0.49 0.5 0.51 0.52 0.53 0.54 0.55 0.56 0.57 0.6318 0.6019 0.6341 0.6594 0.6226 0.6364 0.6917 0.6479 0.6364 0.7101 0.6687 0.641 0.7101 0.6801 0.641 0.6871 0.6893 0.6433 0.6571 0.6824 0.5543 0.6137 0.6282 0.612 0.6676 0.6491 0.6352 0.6838 0.6791 0.6513 0.6838 0.7023 0.6652 0.6722 0.7186 0.6722 0.6513 0.7162 0.6746 0.6421 0.6503 0.6272 0.6019 0.6572 0.6572 0.6272 0.6641 0.6826 0.6457 0.6596 0.708 0.6572 0.648 0.7149 0.6688 0.6341 0.6988 0.6664 0.6319 0.6572
0.0 0.0 0.0 0.6663 0.6421 0.6272 0.1457 0.1543 0.0387 0.39 0.4 0.41 0.42 0.43 0.44 0.45 0.46 0.47 0.48 0.49 0.5 0.51 0.52 0.53 0.54 0.55 0.56 0.57 0.58 0.6019 0.6341 0.6594 0.6226 0.6364 0.6917 0.6479 0.6364 0.7101 0.6687 0.641 0.7101 0.6801 0.641 0.6871 0.6893 0.6433 0.6571 0.6824 0.6387 0.6137 0.6282 0.612 0.6676 0.6491 0.6352 0.6838 0.6791 0.6513 0.6838 0.7023 0.6652 0.6722 0.7186 0.6722 0.6513 0.7162 0.6746 0.6421 0.6884 0.6272 0.6019 0.6572 0.6572 0.6272 0.6641 0.6826 0.6457 0.6596 0.708 0.6572 0.648 0.7149 0.6688 0.6341 0.6988 0.6664 0.6319 0.6572 0.6688
0.0 0.0 0.0 0.6341 0.6652 0.648 0.0923 0.0383 0.1307 0.4 0.41 0.42 0.43 0.44 0.45 0.46 0.47 0.48 0.49 0.5 0.51 0.52 0.53 0.54 0.55 0.56 0.57 0.58 0.59 0.6341 0.6594 0.6226 0.6364 0.6917 0.6479 0.6364 0.7101 0.6687 0.641 0.7101 0.6801 0.641 0.6871 0.6893 0.6433 0.6571 0.6824 0.6387 0.611 0.6282 0.612 0.6676 0.6491 0.6352 0.6838 0.6791 0.6513 0.6838 0.7023 0.6652 0.6722 0.7186 0.6722 0.6513 0.7162 0.6746 0.6421 0.6884 0.6769 0.6019 0.6572 0.6572 0.6272 0.6641 0.6826 0.6457 0.6596 0.708 0.6572 0.648 0.7149 0.6688 0.6341 0.6988 0.6664 0.6319 0.6572 0.6688 0.6296
0.0 0.0 0.0 0.6041 0.6769 0.6226 0.1843 0.116 0.008 0.41 0.42 0.43 0.44 0.45 0.46 0.47 0.48 0.49 0.5 0.51 0.52 0.53 0.54 0.55 0.56 0.57 0.58 0.59 0.6 0.6594 0.6226 0.6364 0.6917 0.6479 0.6364 0.7101 0.6687 0.641 0.7101 0.6801 0.641 0.6871 0.6893 0.6433 0.6571 0.6824 0.6387 0.611 0.6663 0.612 0.6676 0.6491 0.6352 0.6838 0.6791 0.6513 0.6838 0.7023 0.6652 0.6722 0.7186 0.6722 0.6513 0.7162 0.6746 0.6421 0.6884 0.6769 0.6421 0.6572 0.6572 0.6272 0.6641 0.6826 0.6457 0.6596 0.708 0.6572 0.648 0.7149 0.6688 0.6341 0.6988 0.6664 0.6319 0.6572 0.6688 0.6296 0.6272
0.0 0.0 0.0 0.6318 0.6444 0.5996 0.1073 0.077 0.0693 0.42 0.43 0.44 0.45 0.46 0.47 0.48 0.49 0.5 0.51 0.52 0.53 0.54 0.55 0.56 0.57 0.58 0.59 0.6 0.61 0.6226 0.6364 0.6917 0.6479 0.6364 0.7101 0.6687 0.641 0.7101 0.6801 0.641 0.6871 0.6893 0.6433 0.6571 0.6824 0.6387 0.611 0.6663 0.6341 0.6676 0.6491 0.6352 0.6838 0.6791 0.6513 0.6838 0.7023 0.6652 0.6722 0.7186 0.6722 0.6513 0.7162 0.6746 0.6421 0.6884 0.6769 0.6421 0.6652 0.6572 0.6272 0.6641 0.6826 0.6457 0.6596 0.708 0.6572 0.648 0.7149 0.6688 0.6341 0.6988 0.6664 0.6319 0.6572 0.6688 0.6296 0.6272 0.648
0.0 0.0 0.0 0.611 0.6329 0.6364 0.1 0.039 0.0847 0.43 0.44 0.45 0.46 0.47 0.48 0.49 0.5 0.51 0.52 0.53 0.54 0.55 0.56 0.57 0.58 0.59 0.6 0.61 0.62 0.6364 0.6917 0.6479 0.6364 0.7101 0.6687 0.641 0.7101 0.6801 0.641 0.6871 0.6893 0.6433 0.6571 0.6824 0.6387 0.611 0.6663 0.6341 0.6041 0.6491 0.6352 0.6838 0.6791 0.6513 0.6838 0.7023 0.6652 0.6722 0.7186 0.6722 0.6513 0.7162 0.6746 0.6421 0.6884 0.6769 0.6421 0.6652 0.6769 0.6272 0.6641 0.6826 0.6457 0.6596 0.708 0.6572 0.648 0.7149 0.6688 0.6341 0.6988 0.6664 0.6319 0.6572 0.6688 0.6296 0.6272 0.648 0.6226
0.0 0.0 0.0 0.5927 0.6537 0.6203 0.0923 0.1083 0.0767 0.44 0.45 0.46 0.47 0.48 0.49 0.5 0.51 0.52 0.53 0.54 0.55 0.56 0.57 0.58 0.59 0.6 0.61 0.62 0.63 0.6917 0.6479 0.6364 0.7101 0.6687 0.641 0.7101 0.6801 0.641 0.6871 0.6893 0.6433 0.6571 0.6824 0.6387 0.611 0.6663 0.6341 0.6041 0.6318 0.6352 0.6838 0.6791 0.6513 0.6838 0.7023 0.6652 0.6722 0.7186 0.6722 0.6513 0.7162 0.6746 0.6421 0.6884 0.6769 0.6421 0.6652 0.6769 0.6444 0.6641 0.6826 0.6457 0.6596 0.708 0.6572 0.648 0.7149 0.6688 0.6341 0.6988 0.6664 0.6319 0.6572 0.6688 0.6296 0.6272 0.648 0.6226 0.5996
0.0 0.0 0.0 0.5719 0.6491 0.6019 0.0693 0.0383 0.1227 0.45 0.46 0.47 0.48 0.49 0.5 0.51 0.52 0.53 0.54 0.55 0.56 0.57 0.58 0.59 0.6 0.61 0.62 0.63 0.64 0.6479 0.6364 0.7101 0.6687 0.641 0.7101 0.6801 0.641 0.6871 0.6893 0.6433 0.6571 0.6824 0.6387 0.611 0.6663 0.6341 0.6041 0.6318 0.611 0.6838 0.6791 0.6513 0.6838 0.7023 0.6652 0.6722 0.7186 0.6722 0.6513 0.7162 0.6746 0.6421 0.6884 0.6769 0.6421 0.6652 0.6769 0.6444 0.6329 0.6826 0.6457 0.6596 0.708 0.6572 0.648 0.7149 0.6688 0.6341 0.6988 0.6664 0.6319 0.6572 0.6688 0.6296 0.6272 0.648 0.6226 0.5996 0.6364
0.0 0.0 0.0 0.5673 0.6213 0.5834 0.061 0.0693 0.0537 0.46 0.47 0.48 0.49 0.5 0.51 0.52 0.53 0.54 0.55 0.56 0.57 0.58 0.59 0.6 0.61 0.62 0.63 0.64 0.65 0.6364 0.7101 0.6687 0.641 0.7101 0.6801 0.641 0.6871 0.6893 0.6433 0.6571 0.6824 0.6387 0.611 0.6663 0.6341 0.6041 0.6318 0.611 0.5927 0.6791 0.6513 0.6838 0.7023 0.6652 0.6722 0.7186 0.6722 0.6513 0.7162 0.6746 0.6421 0.6884 0.6769 0.6421 0.6652 0.6769 0.6444 0.6329 0.6537 0.6457 0.6596 0.708 0.6572 0.648 0.7149 0.6688 0.6341 0.6988 0.6664 0.6319 0.6572 0.6688 0.6296 0.6272 0.648 0.6226 0.5996 0.6364 0.6203
0.0 0.0 0.0 0.5558 0.5959 0.5696 0.0693 0.0153 0.0613 0.47 0.48 0.49 0.5 0.51 0.52 0.53 0.54 0.55 0.56 0.57 0.58 0.59 0.6 0.61 0.62 0.63 0.64 0.65 0.66 0.7101 0.6687 0.641 0.7101 0.6801 0.641 0.6871 0.6893 0.6433 0.6571 0.6824 0.6387 0.611 0.6663 0.6341 0.6041 0.6318 0.611 0.5927 0.5719 0.6513 0.6838 0.7023 0.6652 0.6722 0.7186 0.6722 0.6513 0.7162 0.6746 0.6421 0.6884 0.6769 0.6421 0.6652 0.6769 0.6444 0.6329 0.6537 0.6491 0.6596 0.708 0.6572 0.648 0.7149 0.6688 0.6341 0.6988 0.6664 0.6319 0.6572 0.6688 0.6296 0.6272 0.648 0.6226 0.5996 0.6364 0.6203 0.6019
0.0 0.0 0.0 0.5328 0.5797 0.5649 0.0153 0.0927 0.0617 0.48 0.49 0.5 0.51 0.52 0.53 0.54 0.55 0.56 0.57 0.58 0.59 0.6 0.61 0.62 0.63 0.64 0.65 0.66 0.67 0.6687 0.641 0.7101 0.6801 0.641 0.6871 0.6893 0.6433 0.6571 0.6824 0.6387 0.611 0.6663 0.6341 0.6041 0.6318 0.611 0.5927 0.5719 0.5673 0.6838 0.7023 0.6652 0.6722 0.7186 0.6722 0.6513 0.7162 0.6746 0.6421 0.6884 0.6769 0.6421 0.6652 0.6769 0.6444 0.6329 0.6537 0.6491 0.6213 0.708 0.6572 0.648 0.7149 0.6688 0.6341 0.6988 0.6664 0.6319 0.6572 0.6688 0.6296 0.6272 0.648 0.6226 0.5996 0.6364 0.6203 0.6019 0.5834
0.0 0.0 0.0 0.5097 0.5634 0.5419 0.0383 0.0847 0.046 0.49 0.5 0.51 0.52 0.53 0.54 0.55 0.56 0.57 0.58 0.59 0.6 0.61 0.62 0.63 0.64 0.65 0.66 0.67 0.68 0.641 0.7101 0.6801 0.641 0.6871 0.6893 0.6433 0.6571 0.6824 0.6387 0.611 0.6663 0.6341 0.6041 0.6318 0.611 0.5927 0.5719 0.5673 0.5558 0.7023 0.6652 0.6722 0.7186 0.6722 0.6513 0.7162 0.6746 0.6421 0.6884 0.6769 0.6421 0.6652 0.6769 0.6444 0.6329 0.6537 0.6491 0.6213 0.5959 0.6572 0.648 0.7149 0.6688 0.6341 0.6988 0.6664 0.6319 0.6572 0.6688 0.6296 0.6272 0.648 0.6226 0.5996 0.6364 0.6203 0.6019 0.5834 0.5696
0.0 0.0 0.0 0.5051 0.538 0.5258 0.0767 0.054 0.0157 0.5 0.51 0.52 0.53 0.54 0.55 0.56 0.57 0.58 0.59 0.6 0.61 0.62 0.63 0.64 0.65 0.66 0.67 0.68 0.69 0.7101 0.6801 0.641 0.6871 0.6893 0.6433 0.6571 0.6824 0.6387 0.611 0.6663 0.6341 0.6041 0.6318 0.611 0.5927 0.5719 0.5673 0.5558 0.5328 0.6652 0.6722 0.7186 0.6722 0.6513 0.7162 0.6746 0.6421 0.6884 0.6769 0.6421 0.6652 0.6769 0.6444 0.6329 0.6537 0.6491 0.6213 0.5959 0.5797 0.648 0.7149 0.6688 0.6341 0.6988 0.6664 0.6319 0.6572 0.6688 0.6296 0.6272 0.648 0.6226 0.5996 0.6364 0.6203 0.6019 0.5834 0.5696 0.5649
0.0 0.0 0.0 0.489 0.5241 0.5234 0.077 0.0543 0.0767 0.51 0.52 0.53 0.54 0.55 0.56 0.57 0.58 0.59 0.6 0.61 0.62 0.63 0.64 0.65 0.66 0.67 0.68 0.69 0.7 0.6801 0.641 0.6871 0.6893 0.6433 0.6571 0.6824 0.6387 0.611 0.6663 0.6341 0.6041 0.6318 0.611 0.5927 0.5719 0.5673 0.5558 0.5328 0.5097 0.6722 0.7186 0.6722 0.6513 0.7162 0.6746 0.6421 0.6884 0.6769 0.6421 0.6652 0.6769 0.6444 0.6329 0.6537 0.6491 0.6213 0.5959 0.5797 0.5634 0.7149 0.6688 0.6341 0.6988 0.6664 0.6319 0.6572 0.6688 0.6296 0.6272 0.648 0.6226 0.5996 0.6364 0.6203 0.6019 0.5834 0.5696 0.5649 0.5419
0.0 0.0 0.0 0.4659 0.5171 0.5027 0.0153 0.0847 0.0537 0.52 0.53 0.54 0.55 0.56 0.57 0.58 0.59 0.6 0.61 0.62 0.63 0.64 0.65 0.66 0.67 0.68 0.69 0.7 0.71 0.641 0.6871 0.6893 0.6433 0.6571 0.6824 0.6387 0.611 0.6663 0.6341 0.6041 0.6318 0.611 0.5927 0.5719 0.5673 0.5558 0.5328 0.5097 0.5051 0.7186 0.6722 0.6513 0.7162 0.6746 0.6421 0.6884 0.6769 0.6421 0.6652 0.6769 0.6444 0.6329 0.6537 0.6491 0.6213 0.5959 0.5797 0.5634 0.538 0.6688 0.6341 0.6988 0.6664 0.6319 0.6572 0.6688 0.6296 0.6272 0.648 0.6226 0.5996 0.6364 0.6203 0.6019 0.5834 0.5696 0.5649 0.5419 0.5258
0.0 0.0 0.0 0.4637 0.494 0.4819 0.0537 0.0463 0.008 0.53 0.54 0.55 0.56 0.57 0.58 0.59 0.6 0.61 0.62 0.63 0.64 0.65 0.66 0.67 0.68 0.69 0.7 0.71 0.72 0.6871 0.6893 0.6433 0.6571 0.6824 0.6387 0.611 0.6663 0.6341 0.6041 0.6318 0.611 0.5927 0.5719 0.5673 0.5558 0.5328 0.5097 0.5051 0.489 0.6722 0.6513 0.7162 0.6746 0.6421 0.6884 0.6769 0.6421 0.6652 0.6769 0.6444 0.6329 0.6537 0.6491 0.6213 0.5959 0.5797 0.5634 0.538 0.5241 0.6341 0.6988 0.6664 0.6319 0.6572 0.6688 0.6296 0.6272 0.648 0.6226 0.5996 0.6364 0.6203 0.6019 0.5834 0.5696 0.5649 0.5419 0.5258 0.5234
0.0 0.0 0.0 0.4544 0.4754 0.4819 0.077 0.0233 0.069 0.54 0.55 0.56 0.57 0.58 0.59 0.6 0.61 0.62 0.63 0.64 0.65 0.66 0.67 0.68 0.69 0.7 0.71 0.72 0.73 0.6893 0.6433 0.6571 0.6824 0.6387 0.611 0.6663 0.6341 0.6041 0.6318 0.611 0.5927 0.5719 0.5673 0.5558 0.5328 0.5097 0.5051 0.489 0.4659 0.6513 0.7162 0.6746 0.6421 0.6884 0.6769 0.6421 0.6652 0.6769 0.6444 0.6329 0.6537 0.6491 0.6213 0.5959 0.5797 0.5634 0.538 0.5241 0.5171 0.6988 0.6664 0.6319 0.6572 0.6688 0.6296 0.6272 0.648 0.6226 0.5996 0.6364 0.6203 0.6019 0.5834 0.5696 0.5649 0.5419 0.5258 0.5234 0.5027
0.0 0.0 0.0 0.4314 0.4732 0.4658 0.0073 0.077 0.0693 0.55 0.56 0.57 0.58 0.59 0.6 0.61 0.62 0.63 0.64 0.65 0.66 0.67 0.68 0.69 0.7 0.71 0.72 0.73 0.74 0.6433 0.6571 0.6824 0.6387 0.611 0.6663 0.6341 0.6041 0.6318 0.611 0.5927 0.5719 0.5673 0.5558 0.5328 0.5097 0.5051 0.489 0.4659 0.4637 0.7162 0.6746 0.6421 0.6884 0.6769 0.6421 0.6652 0.6769 0.6444 0.6329 0.6537 0.6491 0.6213 0.5959 0.5797 0.5634 0.538 0.5241 0.5171 0.494 0.6664 0.6319 0.6572 0.6688 0.6296 0.6272 0.648 0.6226 0.5996 0.6364 0.6203 0.6019 0.5834 0.5696 0.5649 0.5419 0.5258 0.5234 0.5027 0.4819
0.0 0.0 0.0 0.4222 0.4547 0.445 0.031 0.062 0.0 0.56 0.57 0.58 0.59 0.6 0.61 0.62 0.63 0.64 0.65 0.66 0.67 0.68 0.69 0.7 0.71 0.72 0.73 0.74 0.75 0.6571 0.6824 0.6387 0.611 0.6663 0.6341 0.6041 0.6318 0.611 0.5927 0.5719 0.5673 0.5558 0.5328 0.5097 0.5051 0.489 0.4659 0.4637 0.4544 0.6746 0.6421 0.6884 0.6769 0.6421 0.6652 0.6769 0.6444 0.6329 0.6537 0.6491 0.6213 0.5959 0.5797 0.5634 0.538 0.5241 0.5171 0.494 0.4754 0.6319 0.6572 0.6688 0.6296 0.6272 0.648 0.6226 0.5996 0.6364 0.6203 0.6019 0.5834 0.5696 0.5649 0.5419 0.5258 0.5234 0.5027 0.4819 0.4819
0.0 0.0 0.0 0.4176 0.4361 0.4403 0.0767 0.0073 0.0537 0.57 0.58 0.59 0.6 0.61 0.62 0.63 0.64 0.65 0.66 0.67 0.68 0.69 0.7 0.71 0.72 0.73 0.74 0.75 0.76 0.6824 0.6387 0.611 0.6663 0.6341 0.6041 0.6318 0.611 0.5927 0.5719 0.5673 0.5558 0.5328 0.5097 0.5051 0.489 0.4659 0.4637 0.4544 0.4314 0.6421 0.6884 0.6769 0.6421 0.6652 0.6769 0.6444 0.6329 0.6537 0.6491 0.6213 0.5959 0.5797 0.5634 0.538 0.5241 0.5171 0.494 0.4754 0.4732 0.6572 0.6688 0.6296 0.6272 0.648 0.6226 0.5996 0.6364 0.6203 0.6019 0.5834 0.5696 0.5649 0.5419 0.5258 0.5234 0.5027 0.4819 0.4819 0.4658
0.0 0.0 0.0 0.3969 0.4316 0.4311 0.0307 0.0617 0.0693 0.58 0.59 0.6 0.61 0.62 0.63 0.64 0.65 0.66 0.67 0.68 0.69 0.7 0.71 0.72 0.73 0.74 0.75 0.76 0.77 0.6387 0.611 0.6663 0.6341 0.6041 0.6318 0.611 0.5927 0.5719 0.5673 0.5558 0.5328 0.5097 0.5051 0.489 0.4659 0.4637 0.4544 0.4314 0.4222 0.6884 0.6769 0.6421 0.6652 0.6769 0.6444 0.6329 0.6537 0.6491 0.6213 0.5959 0.5797 0.5634 0.538 0.5241 0.5171 0.494 0.4754 0.4732 0.4547 0.6688 0.6296 0.6272 0.648 0.6226 0.5996 0.6364 0.6203 0.6019 0.5834 0.5696 0.5649 0.5419 0.5258 0.5234 0.5027 0.4819 0.4819 0.4658 0.445
0.0 0.0 0.0 0.3853 0.4199 0.4127 0.0153 0.062 0.0157 0.59 0.6 0.61 0.62 0.63 0.64 0.65 0.66 0.67 0.68 0.69 0.7 0.71 0.72 0.73 0.74 0.75 0.76 0.77 0.78 0.611 0.6663 0.6341 0.6041 0.6318 0.611 0.5927 0.5719 0.5673 0.5558 0.5328 0.5097 0.5051 0.489 0.4659 0.4637 0.4544 0.4314 0.4222 0.4176 0.6769 0.6421 0.6652 0.6769 0.6444 0.6329 0.6537 0.6491 0.6213 0.5959 0.5797 0.5634 0.538 0.5241 0.5171 0.494 0.4754 0.4732 0.4547 0.4361 0.6296 0.6272 0.648 0.6226 0.5996 0.6364 0.6203 0.6019 0.5834 0.5696 0.5649 0.5419 0.5258 0.5234 0.5027 0.4819 0.4819 0.4658 0.445 0.4403
0.0 0.0 0.0 0.3853 0.3991 0.4058 0.069 0.015 0.0307 0.6 0.61 0.62 0.63 0.64 0.65 0.66 0.67 0.68 0.69 0.7 0.71 0.72 0.73 0.74 0.75 0.76 0.77 0.78 0.79 0.6663 0.6341 0.6041 0.6318 0.611 0.5927 0.5719 0.5673 0.5558 0.5328 0.5097 0.5051 0.489 0.4659 0.4637 0.4544 0.4314 0.4222 0.4176 0.3969 0.6421 0.6652 0.6769 0.6444 0.6329 0.6537 0.6491 0.6213 0.5959 0.5797 0.5634 0.538 0.5241 0.5171 0.494 0.4754 0.4732 0.4547 0.4361 0.4316 0.6272 0.648 0.6226 0.5996 0.6364 0.6203 0.6019 0.5834 0.5696 0.5649 0.5419 0.5258 0.5234 0.5027 0.4819 0.4819 0.4658 0.445 0.4403 0.4311
0.0 0.0 0.0 0.3692 0.3968 0.4012 0.0387 0.039 0.0613 0.61 0.62 0.63 0.64 0.65 0.66 0.67 0.68 0.69 0.7 0.71 0.72 0.73 0.74 0.75 0.76 0.77 0.78 0.79 0.8 0.6341 0.6041 0.6318 0.611 0.5927 0.5719 0.5673 0.5558 0.5328 0.5097 0.5051 0.489 0.4659 0.4637 0.4544 0.4314 0.4222 0.4176 0.3969 0.3853 0.6652 0.6769 0.6444 0.6329 0.6537 0.6491 0.6213 0.5959 0.5797 0.5634 0.538 0.5241 0.5171 0.494 0.4754 0.4732 0.4547 0.4361 0.4316 0.4199 0.648 0.6226 0.5996 0.6364 0.6203 0.6019 0.5834 0.5696 0.5649 0.5419 0.5258 0.5234 0.5027 0.4819 0.4819 0.4658 0.445 0.4403 0.4311 0.4127
