0.169 0.5304 0.0 0.3623 0.3922 0.4406 0.3991 0.3969 0.4774 0.4383 0.4107 0.489 0.4729 0.4429 0.4751 0.5004 0.4659 0.4613 0.512 0.5004 0.4867 0.5051 0.5558 0.4199 0.3899 0.3644 0.4361 0.4292 0.3991 0.4408 0.4732 0.4384 0.4454 0.5079 0.4801 0.4639 0.5126 0.5194 0.4963 0.5126 0.5588 0.531 0.5287 0.3989 0.3689 0.4219 0.4358 0.3966 0.4127 0.4703 0.4289 0.4197 0.4911 0.4658 0.445 0.475 0.4958 0.4727 0.4796 0.5142 0.505 0.505 0.5464
0.0923 0.6088 0.0 0.3922 0.4406 0.3991 0.3969 0.4774 0.4383 0.4107 0.489 0.4729 0.4429 0.4751 0.5004 0.4659 0.4613 0.512 0.5004 0.4867 0.5051 0.5558 0.5281 0.3899 0.3644 0.4361 0.4292 0.3991 0.4408 0.4732 0.4384 0.4454 0.5079 0.4801 0.4639 0.5126 0.5194 0.4963 0.5126 0.5588 0.531 0.5287 0.5727 0.3689 0.4219 0.4358 0.3966 0.4127 0.4703 0.4289 0.4197 0.4911 0.4658 0.445 0.475 0.4958 0.4727 0.4796 0.5142 0.505 0.505 0.5464 0.5672
0.0077 0.5811 0.0 0.4406 0.3991 0.3969 0.4774 0.4383 0.4107 0.489 0.4729 0.4429 0.4751 0.5004 0.4659 0.4613 0.512 0.5004 0.4867 0.5051 0.5558 0.5281 0.5304 0.3644 0.4361 0.4292 0.3991 0.4408 0.4732 0.4384 0.4454 0.5079 0.4801 0.4639 0.5126 0.5194 0.4963 0.5126 0.5588 0.531 0.5287 0.5727 0.5889 0.4219 0.4358 0.3966 0.4127 0.4703 0.4289 0.4197 0.4911 0.4658 0.445 0.475 0.4958 0.4727 0.4796 0.5142 0.505 0.505 0.5464 0.5672 0.5464
0.2613 0.5719 0.0 0.3991 0.3969 0.4774 0.4383 0.4107 0.489 0.4729 0.4429 0.4751 0.5004 0.4659 0.4613 0.512 0.5004 0.4867 0.5051 0.5558 0.5281 0.5304 0.6088 0.4361 0.4292 0.3991 0.4408 0.4732 0.4384 0.4454 0.5079 0.4801 0.4639 0.5126 0.5194 0.4963 0.5126 0.5588 0.531 0.5287 0.5727 0.5889 0.5681 0.4358 0.3966 0.4127 0.4703 0.4289 0.4197 0.4911 0.4658 0.445 0.475 0.4958 0.4727 0.4796 0.5142 0.505 0.505 0.5464 0.5672 0.5464 0.5557
0.0923 0.6249 0.0 0.3969 0.4774 0.4383 0.4107 0.489 0.4729 0.4429 0.4751 0.5004 0.4659 0.4613 0.512 0.5004 0.4867 0.5051 0.5558 0.5281 0.5304 0.6088 0.5811 0.4292 0.3991 0.4408 0.4732 0.4384 0.4454 0.5079 0.4801 0.4639 0.5126 0.5194 0.4963 0.5126 0.5588 0.531 0.5287 0.5727 0.5889 0.5681 0.5889 0.3966 0.4127 0.4703 0.4289 0.4197 0.4911 0.4658 0.445 0.475 0.4958 0.4727 0.4796 0.5142 0.505 0.505 0.5464 0.5672 0.5464 0.5557 0.618
0.0307 0.6157 0.0 0.4774 0.4383 0.4107 0.489 0.4729 0.4429 0.4751 0.5004 0.4659 0.4613 0.512 0.5004 0.4867 0.5051 0.5558 0.5281 0.5304 0.6088 0.5811 0.5719 0.3991 0.4408 0.4732 0.4384 0.4454 0.5079 0.4801 0.4639 0.5126 0.5194 0.4963 0.5126 0.5588 0.531 0.5287 0.5727 0.5889 0.5681 0.5889 0.6259 0.4127 0.4703 0.4289 0.4197 0.4911 0.4658 0.445 0.475 0.4958 0.4727 0.4796 0.5142 0.505 0.505 0.5464 0.5672 0.5464 0.5557 0.618 0.5811
0.1767 0.5834 0.0 0.4383 0.4107 0.489 0.4729 0.4429 0.4751 0.5004 0.4659 0.4613 0.512 0.5004 0.4867 0.5051 0.5558 0.5281 0.5304 0.6088 0.5811 0.5719 0.6249 0.4408 0.4732 0.4384 0.4454 0.5079 0.4801 0.4639 0.5126 0.5194 0.4963 0.5126 0.5588 0.531 0.5287 0.5727 0.5889 0.5681 0.5889 0.6259 0.5936 0.4703 0.4289 0.4197 0.4911 0.4658 0.445 0.475 0.4958 0.4727 0.4796 0.5142 0.505 0.505 0.5464 0.5672 0.5464 0.5557 0.618 0.5811 0.5696
0.0307 0.6202 0.0 0.4107 0.489 0.4729 0.4429 0.4751 0.5004 0.4659 0.4613 0.512 0.5004 0.4867 0.5051 0.5558 0.5281 0.5304 0.6088 0.5811 0.5719 0.6249 0.6157 0.4732 0.4384 0.4454 0.5079 0.4801 0.4639 0.5126 0.5194 0.4963 0.5126 0.5588 0.531 0.5287 0.5727 0.5889 0.5681 0.5889 0.6259 0.5936 0.5936 0.4289 0.4197 0.4911 0.4658 0.445 0.475 0.4958 0.4727 0.4796 0.5142 0.505 0.505 0.5464 0.5672 0.5464 0.5557 0.618 0.5811 0.5696 0.6341
0.1077 0.6249 0.0 0.489 0.4729 0.4429 0.4751 0.5004 0.4659 0.4613 0.512 0.5004 0.4867 0.5051 0.5558 0.5281 0.5304 0.6088 0.5811 0.5719 0.6249 0.6157 0.5834 0.4384 0.4454 0.5079 0.4801 0.4639 0.5126 0.5194 0.4963 0.5126 0.5588 0.531 0.5287 0.5727 0.5889 0.5681 0.5889 0.6259 0.5936 0.5936 0.6329 0.4197 0.4911 0.4658 0.445 0.475 0.4958 0.4727 0.4796 0.5142 0.505 0.505 0.5464 0.5672 0.5464 0.5557 0.618 0.5811 0.5696 0.6341 0.6019
0.1227 0.588 0.0 0.4729 0.4429 0.4751 0.5004 0.4659 0.4613 0.512 0.5004 0.4867 0.5051 0.5558 0.5281 0.5304 0.6088 0.5811 0.5719 0.6249 0.6157 0.5834 0.6202 0.4454 0.5079 0.4801 0.4639 0.5126 0.5194 0.4963 0.5126 0.5588 0.531 0.5287 0.5727 0.5889 0.5681 0.5889 0.6259 0.5936 0.5936 0.6329 0.5981 0.4911 0.4658 0.445 0.475 0.4958 0.4727 0.4796 0.5142 0.505 0.505 0.5464 0.5672 0.5464 0.5557 0.618 0.5811 0.5696 0.6341 0.6019 0.5834
0.0157 0.6202 0.0 0.4429 0.4751 0.5004 0.4659 0.4613 0.512 0.5004 0.4867 0.5051 0.5558 0.5281 0.5304 0.6088 0.5811 0.5719 0.6249 0.6157 0.5834 0.6202 0.6249 0.5079 0.4801 0.4639 0.5126 0.5194 0.4963 0.5126 0.5588 0.531 0.5287 0.5727 0.5889 0.5681 0.5889 0.6259 0.5936 0.5936 0.6329 0.5981 0.5866 0.4658 0.445 0.475 0.4958 0.4727 0.4796 0.5142 0.505 0.505 0.5464 0.5672 0.5464 0.5557 0.618 0.5811 0.5696 0.6341 0.6019 0.5834 0.6433
0.123 0.6479 0.0 0.4751 0.5004 0.4659 0.4613 0.512 0.5004 0.4867 0.5051 0.5558 0.5281 0.5304 0.6088 0.5811 0.5719 0.6249 0.6157 0.5834 0.6202 0.6249 0.588 0.4801 0.4639 0.5126 0.5194 0.4963 0.5126 0.5588 0.531 0.5287 0.5727 0.5889 0.5681 0.5889 0.6259 0.5936 0.5936 0.6329 0.5981 0.5866 0.6374 0.445 0.475 0.4958 0.4727 0.4796 0.5142 0.505 0.505 0.5464 0.5672 0.5464 0.5557 0.618 0.5811 0.5696 0.6341 0.6019 0.5834 0.6433 0.618
0.1073 0.6133 0.0 0.5004 0.4659 0.4613 0.512 0.5004 0.4867 0.5051 0.5558 0.5281 0.5304 0.6088 0.5811 0.5719 0.6249 0.6157 0.5834 0.6202 0.6249 0.588 0.6202 0.4639 0.5126 0.5194 0.4963 0.5126 0.5588 0.531 0.5287 0.5727 0.5889 0.5681 0.5889 0.6259 0.5936 0.5936 0.6329 0.5981 0.5866 0.6374 0.612 0.475 0.4958 0.4727 0.4796 0.5142 0.505 0.505 0.5464 0.5672 0.5464 0.5557 0.618 0.5811 0.5696 0.6341 0.6019 0.5834 0.6433 0.618 0.588
0.0923 0.6272 0.0 0.4659 0.4613 0.512 0.5004 0.4867 0.5051 0.5558 0.5281 0.5304 0.6088 0.5811 0.5719 0.6249 0.6157 0.5834 0.6202 0.6249 0.588 0.6202 0.6479 0.5126 0.5194 0.4963 0.5126 0.5588 0.531 0.5287 0.5727 0.5889 0.5681 0.5889 0.6259 0.5936 0.5936 0.6329 0.5981 0.5866 0.6374 0.612 0.5981 0.4958 0.4727 0.4796 0.5142 0.505 0.505 0.5464 0.5672 0.5464 0.5557 0.618 0.5811 0.5696 0.6341 0.6019 0.5834 0.6433 0.618 0.588 0.6388
0.1153 0.6687 0.0 0.4613 0.512 0.5004 0.4867 0.5051 0.5558 0.5281 0.5304 0.6088 0.5811 0.5719 0.6249 0.6157 0.5834 0.6202 0.6249 0.588 0.6202 0.6479 0.6133 0.5194 0.4963 0.5126 0.5588 0.531 0.5287 0.5727 0.5889 0.5681 0.5889 0.6259 0.5936 0.5936 0.6329 0.5981 0.5866 0.6374 0.612 0.5981 0.6537 0.4727 0.4796 0.5142 0.505 0.505 0.5464 0.5672 0.5464 0.5557 0.618 0.5811 0.5696 0.6341 0.6019 0.5834 0.6433 0.618 0.588 0.6388 0.6341
0.0463 0.6272 0.0 0.512 0.5004 0.4867 0.5051 0.5558 0.5281 0.5304 0.6088 0.5811 0.5719 0.6249 0.6157 0.5834 0.6202 0.6249 0.588 0.6202 0.6479 0.6133 0.6272 0.4963 0.5126 0.5588 0.531 0.5287 0.5727 0.5889 0.5681 0.5889 0.6259 0.5936 0.5936 0.6329 0.5981 0.5866 0.6374 0.612 0.5981 0.6537 0.6329 0.4796 0.5142 0.505 0.505 0.5464 0.5672 0.5464 0.5557 0.618 0.5811 0.5696 0.6341 0.6019 0.5834 0.6433 0.618 0.588 0.6388 0.6341 0.6111
0.1383 0.6318 0.0 0.5004 0.4867 0.5051 0.5558 0.5281 0.5304 0.6088 0.5811 0.5719 0.6249 0.6157 0.5834 0.6202 0.6249 0.588 0.6202 0.6479 0.6133 0.6272 0.6687 0.5126 0.5588 0.531 0.5287 0.5727 0.5889 0.5681 0.5889 0.6259 0.5936 0.5936 0.6329 0.5981 0.5866 0.6374 0.612 0.5981 0.6537 0.6329 0.6143 0.5142 0.505 0.505 0.5464 0.5672 0.5464 0.5557 0.618 0.5811 0.5696 0.6341 0.6019 0.5834 0.6433 0.618 0.588 0.6388 0.6341 0.6111 0.6549
0.1383 0.6986 0.0 0.4867 0.5051 0.5558 0.5281 0.5304 0.6088 0.5811 0.5719 0.6249 0.6157 0.5834 0.6202 0.6249 0.588 0.6202 0.6479 0.6133 0.6272 0.6687 0.6272 0.5588 0.531 0.5287 0.5727 0.5889 0.5681 0.5889 0.6259 0.5936 0.5936 0.6329 0.5981 0.5866 0.6374 0.612 0.5981 0.6537 0.6329 0.6143 0.6652 0.505 0.505 0.5464 0.5672 0.5464 0.5557 0.618 0.5811 0.5696 0.6341 0.6019 0.5834 0.6433 0.618 0.588 0.6388 0.6341 0.6111 0.6549 0.6664
0.0153 0.6548 0.0 0.5051 0.5558 0.5281 0.5304 0.6088 0.5811 0.5719 0.6249 0.6157 0.5834 0.6202 0.6249 0.588 0.6202 0.6479 0.6133 0.6272 0.6687 0.6272 0.6318 0.531 0.5287 0.5727 0.5889 0.5681 0.5889 0.6259 0.5936 0.5936 0.6329 0.5981 0.5866 0.6374 0.612 0.5981 0.6537 0.6329 0.6143 0.6652 0.6583 0.505 0.5464 0.5672 0.5464 0.5557 0.618 0.5811 0.5696 0.6341 0.6019 0.5834 0.6433 0.618 0.588 0.6388 0.6341 0.6111 0.6549 0.6664 0.6296
0.2227 0.6318 0.0 0.5558 0.5281 0.5304 0.6088 0.5811 0.5719 0.6249 0.6157 0.5834 0.6202 0.6249 0.588 0.6202 0.6479 0.6133 0.6272 0.6687 0.6272 0.6318 0.6986 0.5287 0.5727 0.5889 0.5681 0.5889 0.6259 0.5936 0.5936 0.6329 0.5981 0.5866 0.6374 0.612 0.5981 0.6537 0.6329 0.6143 0.6652 0.6583 0.6398 0.5464 0.5672 0.5464 0.5557 0.618 0.5811 0.5696 0.6341 0.6019 0.5834 0.6433 0.618 0.588 0.6388 0.6341 0.6111 0.6549 0.6664 0.6296 0.6526
0.146 0.7101 0.0 0.5281 0.5304 0.6088 0.5811 0.5719 0.6249 0.6157 0.5834 0.6202 0.6249 0.588 0.6202 0.6479 0.6133 0.6272 0.6687 0.6272 0.6318 0.6986 0.6548 0.5727 0.5889 0.5681 0.5889 0.6259 0.5936 0.5936 0.6329 0.5981 0.5866 0.6374 0.612 0.5981 0.6537 0.6329 0.6143 0.6652 0.6583 0.6398 0.6769 0.5672 0.5464 0.5557 0.618 0.5811 0.5696 0.6341 0.6019 0.5834 0.6433 0.618 0.588 0.6388 0.6341 0.6111 0.6549 0.6664 0.6296 0.6526 0.6896
0.0767 0.6687 0.0 0.5304 0.6088 0.5811 0.5719 0.6249 0.6157 0.5834 0.6202 0.6249 0.588 0.6202 0.6479 0.6133 0.6272 0.6687 0.6272 0.6318 0.6986 0.6548 0.6318 0.5889 0.5681 0.5889 0.6259 0.5936 0.5936 0.6329 0.5981 0.5866 0.6374 0.612 0.5981 0.6537 0.6329 0.6143 0.6652 0.6583 0.6398 0.6769 0.6861 0.5464 0.5557 0.618 0.5811 0.5696 0.6341 0.6019 0.5834 0.6433 0.618 0.588 0.6388 0.6341 0.6111 0.6549 0.6664 0.6296 0.6526 0.6896 0.6457
0.261 0.6387 0.0 0.6088 0.5811 0.5719 0.6249 0.6157 0.5834 0.6202 0.6249 0.588 0.6202 0.6479 0.6133 0.6272 0.6687 0.6272 0.6318 0.6986 0.6548 0.6318 0.7101 0.5681 0.5889 0.6259 0.5936 0.5936 0.6329 0.5981 0.5866 0.6374 0.612 0.5981 0.6537 0.6329 0.6143 0.6652 0.6583 0.6398 0.6769 0.6861 0.6513 0.5557 0.618 0.5811 0.5696 0.6341 0.6019 0.5834 0.6433 0.618 0.588 0.6388 0.6341 0.6111 0.6549 0.6664 0.6296 0.6526 0.6896 0.6457 0.6503
0.138 0.7009 0.0 0.5811 0.5719 0.6249 0.6157 0.5834 0.6202 0.6249 0.588 0.6202 0.6479 0.6133 0.6272 0.6687 0.6272 0.6318 0.6986 0.6548 0.6318 0.7101 0.6687 0.5889 0.6259 0.5936 0.5936 0.6329 0.5981 0.5866 0.6374 0.612 0.5981 0.6537 0.6329 0.6143 0.6652 0.6583 0.6398 0.6769 0.6861 0.6513 0.6722 0.618 0.5811 0.5696 0.6341 0.6019 0.5834 0.6433 0.618 0.588 0.6388 0.6341 0.6111 0.6549 0.6664 0.6296 0.6526 0.6896 0.6457 0.6503 0.7102
0.1 0.6871 0.0 0.5719 0.6249 0.6157 0.5834 0.6202 0.6249 0.588 0.6202 0.6479 0.6133 0.6272 0.6687 0.6272 0.6318 0.6986 0.6548 0.6318 0.7101 0.6687 0.6387 0.6259 0.5936 0.5936 0.6329 0.5981 0.5866 0.6374 0.612 0.5981 0.6537 0.6329 0.6143 0.6652 0.6583 0.6398 0.6769 0.6861 0.6513 0.6722 0.7047 0.5811 0.5696 0.6341 0.6019 0.5834 0.6433 0.618 0.588 0.6388 0.6341 0.6111 0.6549 0.6664 0.6296 0.6526 0.6896 0.6457 0.6503 0.7102 0.6596
0.2073 0.641 0.0 0.6249 0.6157 0.5834 0.6202 0.6249 0.588 0.6202 0.6479 0.6133 0.6272 0.6687 0.6272 0.6318 0.6986 0.6548 0.6318 0.7101 0.6687 0.6387 0.7009 0.5936 0.5936 0.6329 0.5981 0.5866 0.6374 0.612 0.5981 0.6537 0.6329 0.6143 0.6652 0.6583 0.6398 0.6769 0.6861 0.6513 0.6722 0.7047 0.6652 0.5696 0.6341 0.6019 0.5834 0.6433 0.618 0.588 0.6388 0.6341 0.6111 0.6549 0.6664 0.6296 0.6526 0.6896 0.6457 0.6503 0.7102 0.6596 0.6388
0.046 0.6801 0.0 0.6157 0.5834 0.6202 0.6249 0.588 0.6202 0.6479 0.6133 0.6272 0.6687 0.6272 0.6318 0.6986 0.6548 0.6318 0.7101 0.6687 0.6387 0.7009 0.6871 0.5936 0.6329 0.5981 0.5866 0.6374 0.612 0.5981 0.6537 0.6329 0.6143 0.6652 0.6583 0.6398 0.6769 0.6861 0.6513 0.6722 0.7047 0.6652 0.663 0.6341 0.6019 0.5834 0.6433 0.618 0.588 0.6388 0.6341 0.6111 0.6549 0.6664 0.6296 0.6526 0.6896 0.6457 0.6503 0.7102 0.6596 0.6388 0.7102
0.1537 0.6871 0.0 0.5834 0.6202 0.6249 0.588 0.6202 0.6479 0.6133 0.6272 0.6687 0.6272 0.6318 0.6986 0.6548 0.6318 0.7101 0.6687 0.6387 0.7009 0.6871 0.641 0.6329 0.5981 0.5866 0.6374 0.612 0.5981 0.6537 0.6329 0.6143 0.6652 0.6583 0.6398 0.6769 0.6861 0.6513 0.6722 0.7047 0.6652 0.663 0.7186 0.6019 0.5834 0.6433 0.618 0.588 0.6388 0.6341 0.6111 0.6549 0.6664 0.6296 0.6526 0.6896 0.6457 0.6503 0.7102 0.6596 0.6388 0.7102 0.6688
0.1303 0.6387 0.0 0.6202 0.6249 0.588 0.6202 0.6479 0.6133 0.6272 0.6687 0.6272 0.6318 0.6986 0.6548 0.6318 0.7101 0.6687 0.6387 0.7009 0.6871 0.641 0.6801 0.5981 0.5866 0.6374 0.612 0.5981 0.6537 0.6329 0.6143 0.6652 0.6583 0.6398 0.6769 0.6861 0.6513 0.6722 0.7047 0.6652 0.663 0.7186 0.6722 0.5834 0.6433 0.618 0.588 0.6388 0.6341 0.6111 0.6549 0.6664 0.6296 0.6526 0.6896 0.6457 0.6503 0.7102 0.6596 0.6388 0.7102 0.6688 0.6319
0.0233 0.6387 0.0 0.6249 0.588 0.6202 0.6479 0.6133 0.6272 0.6687 0.6272 0.6318 0.6986 0.6548 0.6318 0.7101 0.6687 0.6387 0.7009 0.6871 0.641 0.6801 0.6871 0.5866 0.6374 0.612 0.5981 0.6537 0.6329 0.6143 0.6652 0.6583 0.6398 0.6769 0.6861 0.6513 0.6722 0.7047 0.6652 0.663 0.7186 0.6722 0.6468 0.6433 0.618 0.588 0.6388 0.6341 0.6111 0.6549 0.6664 0.6296 0.6526 0.6896 0.6457 0.6503 0.7102 0.6596 0.6388 0.7102 0.6688 0.6319 0.6872
0.1613 0.6893 0.0 0.588 0.6202 0.6479 0.6133 0.6272 0.6687 0.6272 0.6318 0.6986 0.6548 0.6318 0.7101 0.6687 0.6387 0.7009 0.6871 0.641 0.6801 0.6871 0.6387 0.6374 0.612 0.5981 0.6537 0.6329 0.6143 0.6652 0.6583 0.6398 0.6769 0.6861 0.6513 0.6722 0.7047 0.6652 0.663 0.7186 0.6722 0.6468 0.7047 0.618 0.588 0.6388 0.6341 0.6111 0.6549 0.6664 0.6296 0.6526 0.6896 0.6457 0.6503 0.7102 0.6596 0.6388 0.7102 0.6688 0.6319 0.6872 0.671
0.0 0.641 0.0 0.6202 0.6479 0.6133 0.6272 0.6687 0.6272 0.6318 0.6986 0.6548 0.6318 0.7101 0.6687 0.6387 0.7009 0.6871 0.641 0.6801 0.6871 0.6387 0.6387 0.612 0.5981 0.6537 0.6329 0.6143 0.6652 0.6583 0.6398 0.6769 0.6861 0.6513 0.6722 0.7047 0.6652 0.663 0.7186 0.6722 0.6468 0.7047 0.6746 0.588 0.6388 0.6341 0.6111 0.6549 0.6664 0.6296 0.6526 0.6896 0.6457 0.6503 0.7102 0.6596 0.6388 0.7102 0.6688 0.6319 0.6872 0.671 0.6296
0.1687 0.6133 0.0 0.6479 0.6133 0.6272 0.6687 0.6272 0.6318 0.6986 0.6548 0.6318 0.7101 0.6687 0.6387 0.7009 0.6871 0.641 0.6801 0.6871 0.6387 0.6387 0.6893 0.5981 0.6537 0.6329 0.6143 0.6652 0.6583 0.6398 0.6769 0.6861 0.6513 0.6722 0.7047 0.6652 0.663 0.7186 0.6722 0.6468 0.7047 0.6746 0.6398 0.6388 0.6341 0.6111 0.6549 0.6664 0.6296 0.6526 0.6896 0.6457 0.6503 0.7102 0.6596 0.6388 0.7102 0.6688 0.6319 0.6872 0.671 0.6296 0.6503
0.161 0.6618 0.0 0.6133 0.6272 0.6687 0.6272 0.6318 0.6986 0.6548 0.6318 0.7101 0.6687 0.6387 0.7009 0.6871 0.641 0.6801 0.6871 0.6387 0.6387 0.6893 0.641 0.6537 0.6329 0.6143 0.6652 0.6583 0.6398 0.6769 0.6861 0.6513 0.6722 0.7047 0.6652 0.663 0.7186 0.6722 0.6468 0.7047 0.6746 0.6398 0.6861 0.6341 0.6111 0.6549 0.6664 0.6296 0.6526 0.6896 0.6457 0.6503 0.7102 0.6596 0.6388 0.7102 0.6688 0.6319 0.6872 0.671 0.6296 0.6503 0.6688
0.0923 0.6341 0.0 0.6272 0.6687 0.6272 0.6318 0.6986 0.6548 0.6318 0.7101 0.6687 0.6387 0.7009 0.6871 0.641 0.6801 0.6871 0.6387 0.6387 0.6893 0.641 0.6133 0.6329 0.6143 0.6652 0.6583 0.6398 0.6769 0.6861 0.6513 0.6722 0.7047 0.6652 0.663 0.7186 0.6722 0.6468 0.7047 0.6746 0.6398 0.6861 0.6746 0.6111 0.6549 0.6664 0.6296 0.6526 0.6896 0.6457 0.6503 0.7102 0.6596 0.6388 0.7102 0.6688 0.6319 0.6872 0.671 0.6296 0.6503 0.6688 0.6296
0.1617 0.6019 0.0 0.6687 0.6272 0.6318 0.6986 0.6548 0.6318 0.7101 0.6687 0.6387 0.7009 0.6871 0.641 0.6801 0.6871 0.6387 0.6387 0.6893 0.641 0.6133 0.6618 0.6143 0.6652 0.6583 0.6398 0.6769 0.6861 0.6513 0.6722 0.7047 0.6652 0.663 0.7186 0.6722 0.6468 0.7047 0.6746 0.6398 0.6861 0.6746 0.6398 0.6549 0.6664 0.6296 0.6526 0.6896 0.6457 0.6503 0.7102 0.6596 0.6388 0.7102 0.6688 0.6319 0.6872 0.671 0.6296 0.6503 0.6688 0.6296 0.6249
0.0923 0.6364 0.0 0.6272 0.6318 0.6986 0.6548 0.6318 0.7101 0.6687 0.6387 0.7009 0.6871 0.641 0.6801 0.6871 0.6387 0.6387 0.6893 0.641 0.6133 0.6618 0.6341 0.6652 0.6583 0.6398 0.6769 0.6861 0.6513 0.6722 0.7047 0.6652 0.663 0.7186 0.6722 0.6468 0.7047 0.6746 0.6398 0.6861 0.6746 0.6398 0.6513 0.6664 0.6296 0.6526 0.6896 0.6457 0.6503 0.7102 0.6596 0.6388 0.7102 0.6688 0.6319 0.6872 0.671 0.6296 0.6503 0.6688 0.6296 0.6249 0.6526
0.1073 0.6133 0.0 0.6318 0.6986 0.6548 0.6318 0.7101 0.6687 0.6387 0.7009 0.6871 0.641 0.6801 0.6871 0.6387 0.6387 0.6893 0.641 0.6133 0.6618 0.6341 0.6019 0.6583 0.6398 0.6769 0.6861 0.6513 0.6722 0.7047 0.6652 0.663 0.7186 0.6722 0.6468 0.7047 0.6746 0.6398 0.6861 0.6746 0.6398 0.6513 0.6791 0.6296 0.6526 0.6896 0.6457 0.6503 0.7102 0.6596 0.6388 0.7102 0.6688 0.6319 0.6872 0.671 0.6296 0.6503 0.6688 0.6296 0.6249 0.6526 0.6203
0.115 0.5927 0.0 0.6986 0.6548 0.6318 0.7101 0.6687 0.6387 0.7009 0.6871 0.641 0.6801 0.6871 0.6387 0.6387 0.6893 0.641 0.6133 0.6618 0.6341 0.6019 0.6364 0.6398 0.6769 0.6861 0.6513 0.6722 0.7047 0.6652 0.663 0.7186 0.6722 0.6468 0.7047 0.6746 0.6398 0.6861 0.6746 0.6398 0.6513 0.6791 0.6421 0.6526 0.6896 0.6457 0.6503 0.7102 0.6596 0.6388 0.7102 0.6688 0.6319 0.6872 0.671 0.6296 0.6503 0.6688 0.6296 0.6249 0.6526 0.6203 0.5972
0.077 0.5696 0.0 0.6548 0.6318 0.7101 0.6687 0.6387 0.7009 0.6871 0.641 0.6801 0.6871 0.6387 0.6387 0.6893 0.641 0.6133 0.6618 0.6341 0.6019 0.6364 0.6133 0.6769 0.6861 0.6513 0.6722 0.7047 0.6652 0.663 0.7186 0.6722 0.6468 0.7047 0.6746 0.6398 0.6861 0.6746 0.6398 0.6513 0.6791 0.6421 0.6306 0.6896 0.6457 0.6503 0.7102 0.6596 0.6388 0.7102 0.6688 0.6319 0.6872 0.671 0.6296 0.6503 0.6688 0.6296 0.6249 0.6526 0.6203 0.5972 0.6341
0.0687 0.5511 0.0 0.6318 0.7101 0.6687 0.6387 0.7009 0.6871 0.641 0.6801 0.6871 0.6387 0.6387 0.6893 0.641 0.6133 0.6618 0.6341 0.6019 0.6364 0.6133 0.5927 0.6861 0.6513 0.6722 0.7047 0.6652 0.663 0.7186 0.6722 0.6468 0.7047 0.6746 0.6398 0.6861 0.6746 0.6398 0.6513 0.6791 0.6421 0.6306 0.656 0.6457 0.6503 0.7102 0.6596 0.6388 0.7102 0.6688 0.6319 0.6872 0.671 0.6296 0.6503 0.6688 0.6296 0.6249 0.6526 0.6203 0.5972 0.6341 0.618
0.077 0.5373 0.0 0.7101 0.6687 0.6387 0.7009 0.6871 0.641 0.6801 0.6871 0.6387 0.6387 0.6893 0.641 0.6133 0.6618 0.6341 0.6019 0.6364 0.6133 0.5927 0.5696 0.6513 0.6722 0.7047 0.6652 0.663 0.7186 0.6722 0.6468 0.7047 0.6746 0.6398 0.6861 0.6746 0.6398 0.6513 0.6791 0.6421 0.6306 0.656 0.6468 0.6503 0.7102 0.6596 0.6388 0.7102 0.6688 0.6319 0.6872 0.671 0.6296 0.6503 0.6688 0.6296 0.6249 0.6526 0.6203 0.5972 0.6341 0.618 0.5996
0.0617 0.5189 0.0 0.6687 0.6387 0.7009 0.6871 0.641 0.6801 0.6871 0.6387 0.6387 0.6893 0.641 0.6133 0.6618 0.6341 0.6019 0.6364 0.6133 0.5927 0.5696 0.5511 0.6722 0.7047 0.6652 0.663 0.7186 0.6722 0.6468 0.7047 0.6746 0.6398 0.6861 0.6746 0.6398 0.6513 0.6791 0.6421 0.6306 0.656 0.6468 0.619 0.7102 0.6596 0.6388 0.7102 0.6688 0.6319 0.6872 0.671 0.6296 0.6503 0.6688 0.6296 0.6249 0.6526 0.6203 0.5972 0.6341 0.618 0.5996 0.5788
0.046 0.4982 0.0 0.6387 0.7009 0.6871 0.641 0.6801 0.6871 0.6387 0.6387 0.6893 0.641 0.6133 0.6618 0.6341 0.6019 0.6364 0.6133 0.5927 0.5696 0.5511 0.5373 0.7047 0.6652 0.663 0.7186 0.6722 0.6468 0.7047 0.6746 0.6398 0.6861 0.6746 0.6398 0.6513 0.6791 0.6421 0.6306 0.656 0.6468 0.619 0.5889 0.6596 0.6388 0.7102 0.6688 0.6319 0.6872 0.671 0.6296 0.6503 0.6688 0.6296 0.6249 0.6526 0.6203 0.5972 0.6341 0.618 0.5996 0.5788 0.5649
0.0613 0.4936 0.0 0.7009 0.6871 0.641 0.6801 0.6871 0.6387 0.6387 0.6893 0.641 0.6133 0.6618 0.6341 0.6019 0.6364 0.6133 0.5927 0.5696 0.5511 0.5373 0.5189 0.6652 0.663 0.7186 0.6722 0.6468 0.7047 0.6746 0.6398 0.6861 0.6746 0.6398 0.6513 0.6791 0.6421 0.6306 0.656 0.6468 0.619 0.5889 0.5727 0.6388 0.7102 0.6688 0.6319 0.6872 0.671 0.6296 0.6503 0.6688 0.6296 0.6249 0.6526 0.6203 0.5972 0.6341 0.618 0.5996 0.5788 0.5649 0.5557
0.069 0.4798 0.0 0.6871 0.641 0.6801 0.6871 0.6387 0.6387 0.6893 0.641 0.6133 0.6618 0.6341 0.6019 0.6364 0.6133 0.5927 0.5696 0.5511 0.5373 0.5189 0.4982 0.663 0.7186 0.6722 0.6468 0.7047 0.6746 0.6398 0.6861 0.6746 0.6398 0.6513 0.6791 0.6421 0.6306 0.656 0.6468 0.619 0.5889 0.5727 0.5588 0.7102 0.6688 0.6319 0.6872 0.671 0.6296 0.6503 0.6688 0.6296 0.6249 0.6526 0.6203 0.5972 0.6341 0.618 0.5996 0.5788 0.5649 0.5557 0.5327
0.0153 0.4568 0.0 0.641 0.6801 0.6871 0.6387 0.6387 0.6893 0.641 0.6133 0.6618 0.6341 0.6019 0.6364 0.6133 0.5927 0.5696 0.5511 0.5373 0.5189 0.4982 0.4936 0.7186 0.6722 0.6468 0.7047 0.6746 0.6398 0.6861 0.6746 0.6398 0.6513 0.6791 0.6421 0.6306 0.656 0.6468 0.619 0.5889 0.5727 0.5588 0.531 0.6688 0.6319 0.6872 0.671 0.6296 0.6503 0.6688 0.6296 0.6249 0.6526 0.6203 0.5972 0.6341 0.618 0.5996 0.5788 0.5649 0.5557 0.5327 0.5166
0.046 0.4544 0.0 0.6801 0.6871 0.6387 0.6387 0.6893 0.641 0.6133 0.6618 0.6341 0.6019 0.6364 0.6133 0.5927 0.5696 0.5511 0.5373 0.5189 0.4982 0.4936 0.4798 0.6722 0.6468 0.7047 0.6746 0.6398 0.6861 0.6746 0.6398 0.6513 0.6791 0.6421 0.6306 0.656 0.6468 0.619 0.5889 0.5727 0.5588 0.531 0.5148 0.6319 0.6872 0.671 0.6296 0.6503 0.6688 0.6296 0.6249 0.6526 0.6203 0.5972 0.6341 0.618 0.5996 0.5788 0.5649 0.5557 0.5327 0.5166 0.5119
0.0767 0.4452 0.0 0.6871 0.6387 0.6387 0.6893 0.641 0.6133 0.6618 0.6341 0.6019 0.6364 0.6133 0.5927 0.5696 0.5511 0.5373 0.5189 0.4982 0.4936 0.4798 0.4568 0.6468 0.7047 0.6746 0.6398 0.6861 0.6746 0.6398 0.6513 0.6791 0.6421 0.6306 0.656 0.6468 0.619 0.5889 0.5727 0.5588 0.531 0.5148 0.5079 0.6872 0.671 0.6296 0.6503 0.6688 0.6296 0.6249 0.6526 0.6203 0.5972 0.6341 0.618 0.5996 0.5788 0.5649 0.5557 0.5327 0.5166 0.5119 0.4911
0.008 0.4222 0.0 0.6387 0.6387 0.6893 0.641 0.6133 0.6618 0.6341 0.6019 0.6364 0.6133 0.5927 0.5696 0.5511 0.5373 0.5189 0.4982 0.4936 0.4798 0.4568 0.4544 0.7047 0.6746 0.6398 0.6861 0.6746 0.6398 0.6513 0.6791 0.6421 0.6306 0.656 0.6468 0.619 0.5889 0.5727 0.5588 0.531 0.5148 0.5079 0.4848 0.671 0.6296 0.6503 0.6688 0.6296 0.6249 0.6526 0.6203 0.5972 0.6341 0.618 0.5996 0.5788 0.5649 0.5557 0.5327 0.5166 0.5119 0.4911 0.4727
0.0307 0.4152 0.0 0.6387 0.6893 0.641 0.6133 0.6618 0.6341 0.6019 0.6364 0.6133 0.5927 0.5696 0.5511 0.5373 0.5189 0.4982 0.4936 0.4798 0.4568 0.4544 0.4452 0.6746 0.6398 0.6861 0.6746 0.6398 0.6513 0.6791 0.6421 0.6306 0.656 0.6468 0.619 0.5889 0.5727 0.5588 0.531 0.5148 0.5079 0.4848 0.4686 0.6296 0.6503 0.6688 0.6296 0.6249 0.6526 0.6203 0.5972 0.6341 0.618 0.5996 0.5788 0.5649 0.5557 0.5327 0.5166 0.5119 0.4911 0.4727 0.4727
0.0767 0.4107 0.0 0.6893 0.641 0.6133 0.6618 0.6341 0.6019 0.6364 0.6133 0.5927 0.5696 0.5511 0.5373 0.5189 0.4982 0.4936 0.4798 0.4568 0.4544 0.4452 0.4222 0.6398 0.6861 0.6746 0.6398 0.6513 0.6791 0.6421 0.6306 0.656 0.6468 0.619 0.5889 0.5727 0.5588 0.531 0.5148 0.5079 0.4848 0.4686 0.4662 0.6503 0.6688 0.6296 0.6249 0.6526 0.6203 0.5972 0.6341 0.618 0.5996 0.5788 0.5649 0.5557 0.5327 0.5166 0.5119 0.4911 0.4727 0.4727 0.4566
0.0233 0.3899 0.0 0.641 0.6133 0.6618 0.6341 0.6019 0.6364 0.6133 0.5927 0.5696 0.5511 0.5373 0.5189 0.4982 0.4936 0.4798 0.4568 0.4544 0.4452 0.4222 0.4152 0.6861 0.6746 0.6398 0.6513 0.6791 0.6421 0.6306 0.656 0.6468 0.619 0.5889 0.5727 0.5588 0.531 0.5148 0.5079 0.4848 0.4686 0.4662 0.4477 0.6688 0.6296 0.6249 0.6526 0.6203 0.5972 0.6341 0.618 0.5996 0.5788 0.5649 0.5557 0.5327 0.5166 0.5119 0.4911 0.4727 0.4727 0.4566 0.4381
0.015 0.3807 0.0 0.6133 0.6618 0.6341 0.6019 0.6364 0.6133 0.5927 0.5696 0.5511 0.5373 0.5189 0.4982 0.4936 0.4798 0.4568 0.4544 0.4452 0.4222 0.4152 0.4107 0.6746 0.6398 0.6513 0.6791 0.6421 0.6306 0.656 0.6468 0.619 0.5889 0.5727 0.5588 0.531 0.5148 0.5079 0.4848 0.4686 0.4662 0.4477 0.4292 0.6296 0.6249 0.6526 0.6203 0.5972 0.6341 0.618 0.5996 0.5788 0.5649 0.5557 0.5327 0.5166 0.5119 0.4911 0.4727 0.4727 0.4566 0.4381 0.4334
0.0693 0.3784 0.0 0.6618 0.6341 0.6019 0.6364 0.6133 0.5927 0.5696 0.5511 0.5373 0.5189 0.4982 0.4936 0.4798 0.4568 0.4544 0.4452 0.4222 0.4152 0.4107 0.3899 0.6398 0.6513 0.6791 0.6421 0.6306 0.656 0.6468 0.619 0.5889 0.5727 0.5588 0.531 0.5148 0.5079 0.4848 0.4686 0.4662 0.4477 0.4292 0.4246 0.6249 0.6526 0.6203 0.5972 0.6341 0.618 0.5996 0.5788 0.5649 0.5557 0.5327 0.5166 0.5119 0.4911 0.4727 0.4727 0.4566 0.4381 0.4334 0.4242
0.0307 0.3623 0.0 0.6341 0.6019 0.6364 0.6133 0.5927 0.5696 0.5511 0.5373 0.5189 0.4982 0.4936 0.4798 0.4568 0.4544 0.4452 0.4222 0.4152 0.4107 0.3899 0.3807 0.6513 0.6791 0.6421 0.6306 0.656 0.6468 0.619 0.5889 0.5727 0.5588 0.531 0.5148 0.5079 0.4848 0.4686 0.4662 0.4477 0.4292 0.4246 0.413 0.6526 0.6203 0.5972 0.6341 0.618 0.5996 0.5788 0.5649 0.5557 0.5327 0.5166 0.5119 0.4911 0.4727 0.4727 0.4566 0.4381 0.4334 0.4242 0.4034
0.0077 0.3484 0.0 0.6019 0.6364 0.6133 0.5927 0.5696 0.5511 0.5373 0.5189 0.4982 0.4936 0.4798 0.4568 0.4544 0.4452 0.4222 0.4152 0.4107 0.3899 0.3807 0.3784 0.6791 0.6421 0.6306 0.656 0.6468 0.619 0.5889 0.5727 0.5588 0.531 0.5148 0.5079 0.4848 0.4686 0.4662 0.4477 0.4292 0.4246 0.413 0.3944 0.6203 0.5972 0.6341 0.618 0.5996 0.5788 0.5649 0.5557 0.5327 0.5166 0.5119 0.4911 0.4727 0.4727 0.4566 0.4381 0.4334 0.4242 0.4034 0.3966
0.0537 0.2018 0.0 0.6364 0.6133 0.5927 0.5696 0.5511 0.5373 0.5189 0.4982 0.4936 0.4798 0.4568 0.4544 0.4452 0.4222 0.4152 0.4107 0.3899 0.3807 0.3784 0.3623 0.6421 0.6306 0.656 0.6468 0.619 0.5889 0.5727 0.5588 0.531 0.5148 0.5079 0.4848 0.4686 0.4662 0.4477 0.4292 0.4246 0.413 0.3944 0.3899 0.5972 0.6341 0.618 0.5996 0.5788 0.5649 0.5557 0.5327 0.5166 0.5119 0.4911 0.4727 0.4727 0.4566 0.4381 0.4334 0.4242 0.4034 0.3966 0.3966
0.0463 0.3347 0.0 0.6133 0.5927 0.5696 0.5511 0.5373 0.5189 0.4982 0.4936 0.4798 0.4568 0.4544 0.4452 0.4222 0.4152 0.4107 0.3899 0.3807 0.3784 0.3623 0.3484 0.6306 0.656 0.6468 0.619 0.5889 0.5727 0.5588 0.531 0.5148 0.5079 0.4848 0.4686 0.4662 0.4477 0.4292 0.4246 0.413 0.3944 0.3899 0.3806 0.6341 0.618 0.5996 0.5788 0.5649 0.5557 0.5327 0.5166 0.5119 0.4911 0.4727 0.4727 0.4566 0.4381 0.4334 0.4242 0.4034 0.3966 0.3966 0.3758
0.4887 0.3208 1.0 0.5927 0.5696 0.5511 0.5373 0.5189 0.4982 0.4936 0.4798 0.4568 0.4544 0.4452 0.4222 0.4152 0.4107 0.3899 0.3807 0.3784 0.3623 0.3484 0.2018 0.656 0.6468 0.619 0.5889 0.5727 0.5588 0.531 0.5148 0.5079 0.4848 0.4686 0.4662 0.4477 0.4292 0.4246 0.413 0.3944 0.3899 0.3806 0.3644 0.618 0.5996 0.5788 0.5649 0.5557 0.5327 0.5166 0.5119 0.4911 0.4727 0.4727 0.4566 0.4381 0.4334 0.4242 0.4034 0.3966 0.3966 0.3758 0.3689
0.443 0.3162 0.0 0.5696 0.5511 0.5373 0.5189 0.4982 0.4936 0.4798 0.4568 0.4544 0.4452 0.4222 0.4152 0.4107 0.3899 0.3807 0.3784 0.3623 0.3484 0.2018 0.3347 0.6468 0.619 0.5889 0.5727 0.5588 0.531 0.5148 0.5079 0.4848 0.4686 0.4662 0.4477 0.4292 0.4246 0.413 0.3944 0.3899 0.3806 0.3644 0.3551 0.5996 0.5788 0.5649 0.5557 0.5327 0.5166 0.5119 0.4911 0.4727 0.4727 0.4566 0.4381 0.4334 0.4242 0.4034 0.3966 0.3966 0.3758 0.3689 0.3642
0.0463 0.3047 0.0 0.5511 0.5373 0.5189 0.4982 0.4936 0.4798 0.4568 0.4544 0.4452 0.4222 0.4152 0.4107 0.3899 0.3807 0.3784 0.3623 0.3484 0.2018 0.3347 0.3208 0.619 0.5889 0.5727 0.5588 0.531 0.5148 0.5079 0.4848 0.4686 0.4662 0.4477 0.4292 0.4246 0.413 0.3944 0.3899 0.3806 0.3644 0.3551 0.3506 0.5788 0.5649 0.5557 0.5327 0.5166 0.5119 0.4911 0.4727 0.4727 0.4566 0.4381 0.4334 0.4242 0.4034 0.3966 0.3966 0.3758 0.3689 0.3642 0.3504
0.0153 0.2909 0.0 0.5373 0.5189 0.4982 0.4936 0.4798 0.4568 0.4544 0.4452 0.4222 0.4152 0.4107 0.3899 0.3807 0.3784 0.3623 0.3484 0.2018 0.3347 0.3208 0.3162 0.5889 0.5727 0.5588 0.531 0.5148 0.5079 0.4848 0.4686 0.4662 0.4477 0.4292 0.4246 0.413 0.3944 0.3899 0.3806 0.3644 0.3551 0.3506 0.3343 0.5649 0.5557 0.5327 0.5166 0.5119 0.4911 0.4727 0.4727 0.4566 0.4381 0.4334 0.4242 0.4034 0.3966 0.3966 0.3758 0.3689 0.3642 0.3504 0.3366
0.0383 0.284 0.0 0.5189 0.4982 0.4936 0.4798 0.4568 0.4544 0.4452 0.4222 0.4152 0.4107 0.3899 0.3807 0.3784 0.3623 0.3484 0.2018 0.3347 0.3208 0.3162 0.3047 0.5727 0.5588 0.531 0.5148 0.5079 0.4848 0.4686 0.4662 0.4477 0.4292 0.4246 0.413 0.3944 0.3899 0.3806 0.3644 0.3551 0.3506 0.3343 0.325 0.5557 0.5327 0.5166 0.5119 0.4911 0.4727 0.4727 0.4566 0.4381 0.4334 0.4242 0.4034 0.3966 0.3966 0.3758 0.3689 0.3642 0.3504 0.3366 0.332
0.046 0.2771 0.0 0.4982 0.4936 0.4798 0.4568 0.4544 0.4452 0.4222 0.4152 0.4107 0.3899 0.3807 0.3784 0.3623 0.3484 0.2018 0.3347 0.3208 0.3162 0.3047 0.2909 0.5588 0.531 0.5148 0.5079 0.4848 0.4686 0.4662 0.4477 0.4292 0.4246 0.413 0.3944 0.3899 0.3806 0.3644 0.3551 0.3506 0.3343 0.325 0.3181 0.5327 0.5166 0.5119 0.4911 0.4727 0.4727 0.4566 0.4381 0.4334 0.4242 0.4034 0.3966 0.3966 0.3758 0.3689 0.3642 0.3504 0.3366 0.332 0.3204
0.023 0.2656 0.0 0.4936 0.4798 0.4568 0.4544 0.4452 0.4222 0.4152 0.4107 0.3899 0.3807 0.3784 0.3623 0.3484 0.2018 0.3347 0.3208 0.3162 0.3047 0.2909 0.284 0.531 0.5148 0.5079 0.4848 0.4686 0.4662 0.4477 0.4292 0.4246 0.413 0.3944 0.3899 0.3806 0.3644 0.3551 0.3506 0.3343 0.325 0.3181 0.3066 0.5166 0.5119 0.4911 0.4727 0.4727 0.4566 0.4381 0.4334 0.4242 0.4034 0.3966 0.3966 0.3758 0.3689 0.3642 0.3504 0.3366 0.332 0.3204 0.3089
0.023 0.2587 0.0 0.4798 0.4568 0.4544 0.4452 0.4222 0.4152 0.4107 0.3899 0.3807 0.3784 0.3623 0.3484 0.2018 0.3347 0.3208 0.3162 0.3047 0.2909 0.284 0.2771 0.5148 0.5079 0.4848 0.4686 0.4662 0.4477 0.4292 0.4246 0.413 0.3944 0.3899 0.3806 0.3644 0.3551 0.3506 0.3343 0.325 0.3181 0.3066 0.2972 0.5119 0.4911 0.4727 0.4727 0.4566 0.4381 0.4334 0.4242 0.4034 0.3966 0.3966 0.3758 0.3689 0.3642 0.3504 0.3366 0.332 0.3204 0.3089 0.3043
0.0383 0.254 0.0 0.4568 0.4544 0.4452 0.4222 0.4152 0.4107 0.3899 0.3807 0.3784 0.3623 0.3484 0.2018 0.3347 0.3208 0.3162 0.3047 0.2909 0.284 0.2771 0.2656 0.5079 0.4848 0.4686 0.4662 0.4477 0.4292 0.4246 0.413 0.3944 0.3899 0.3806 0.3644 0.3551 0.3506 0.3343 0.325 0.3181 0.3066 0.2972 0.2927 0.4911 0.4727 0.4727 0.4566 0.4381 0.4334 0.4242 0.4034 0.3966 0.3966 0.3758 0.3689 0.3642 0.3504 0.3366 0.332 0.3204 0.3089 0.3043 0.2951
0.023 0.2426 0.0 0.4544 0.4452 0.4222 0.4152 0.4107 0.3899 0.3807 0.3784 0.3623 0.3484 0.2018 0.3347 0.3208 0.3162 0.3047 0.2909 0.284 0.2771 0.2656 0.2587 0.4848 0.4686 0.4662 0.4477 0.4292 0.4246 0.413 0.3944 0.3899 0.3806 0.3644 0.3551 0.3506 0.3343 0.325 0.3181 0.3066 0.2972 0.2927 0.2833 0.4727 0.4727 0.4566 0.4381 0.4334 0.4242 0.4034 0.3966 0.3966 0.3758 0.3689 0.3642 0.3504 0.3366 0.332 0.3204 0.3089 0.3043 0.2951 0.2836
0.0157 0.2471 0.0 0.4452 0.4222 0.4152 0.4107 0.3899 0.3807 0.3784 0.3623 0.3484 0.2018 0.3347 0.3208 0.3162 0.3047 0.2909 0.284 0.2771 0.2656 0.2587 0.254 0.4686 0.4662 0.4477 0.4292 0.4246 0.413 0.3944 0.3899 0.3806 0.3644 0.3551 0.3506 0.3343 0.325 0.3181 0.3066 0.2972 0.2927 0.2833 0.2741 0.4727 0.4566 0.4381 0.4334 0.4242 0.4034 0.3966 0.3966 0.3758 0.3689 0.3642 0.3504 0.3366 0.332 0.3204 0.3089 0.3043 0.2951 0.2836 0.2789
0.038 0.2471 0.0 0.4222 0.4152 0.4107 0.3899 0.3807 0.3784 0.3623 0.3484 0.2018 0.3347 0.3208 0.3162 0.3047 0.2909 0.284 0.2771 0.2656 0.2587 0.254 0.2426 0.4662 0.4477 0.4292 0.4246 0.413 0.3944 0.3899 0.3806 0.3644 0.3551 0.3506 0.3343 0.325 0.3181 0.3066 0.2972 0.2927 0.2833 0.2741 0.2672 0.4566 0.4381 0.4334 0.4242 0.4034 0.3966 0.3966 0.3758 0.3689 0.3642 0.3504 0.3366 0.332 0.3204 0.3089 0.3043 0.2951 0.2836 0.2789 0.2697
0.015 0.2426 0.0 0.4152 0.4107 0.3899 0.3807 0.3784 0.3623 0.3484 0.2018 0.3347 0.3208 0.3162 0.3047 0.2909 0.284 0.2771 0.2656 0.2587 0.254 0.2426 0.2471 0.4477 0.4292 0.4246 0.413 0.3944 0.3899 0.3806 0.3644 0.3551 0.3506 0.3343 0.325 0.3181 0.3066 0.2972 0.2927 0.2833 0.2741 0.2672 0.2579 0.4381 0.4334 0.4242 0.4034 0.3966 0.3966 0.3758 0.3689 0.3642 0.3504 0.3366 0.332 0.3204 0.3089 0.3043 0.2951 0.2836 0.2789 0.2697 0.272
0.0 0.3416 0.0 0.4107 0.3899 0.3807 0.3784 0.3623 0.3484 0.2018 0.3347 0.3208 0.3162 0.3047 0.2909 0.284 0.2771 0.2656 0.2587 0.254 0.2426 0.2471 0.2471 0.4292 0.4246 0.413 0.3944 0.3899 0.3806 0.3644 0.3551 0.3506 0.3343 0.325 0.3181 0.3066 0.2972 0.2927 0.2833 0.2741 0.2672 0.2579 0.2996 0.4334 0.4242 0.4034 0.3966 0.3966 0.3758 0.3689 0.3642 0.3504 0.3366 0.332 0.3204 0.3089 0.3043 0.2951 0.2836 0.2789 0.2697 0.272 0.3458
0.015 0.337 0.0 0.3899 0.3807 0.3784 0.3623 0.3484 0.2018 0.3347 0.3208 0.3162 0.3047 0.2909 0.284 0.2771 0.2656 0.2587 0.254 0.2426 0.2471 0.2471 0.2426 0.4246 0.413 0.3944 0.3899 0.3806 0.3644 0.3551 0.3506 0.3343 0.325 0.3181 0.3066 0.2972 0.2927 0.2833 0.2741 0.2672 0.2579 0.2996 0.332 0.4242 0.4034 0.3966 0.3966 0.3758 0.3689 0.3642 0.3504 0.3366 0.332 0.3204 0.3089 0.3043 0.2951 0.2836 0.2789 0.2697 0.272 0.3458 0.3158
0.33 0.3139 0.0 0.3807 0.3784 0.3623 0.3484 0.2018 0.3347 0.3208 0.3162 0.3047 0.2909 0.284 0.2771 0.2656 0.2587 0.254 0.2426 0.2471 0.2471 0.2426 0.3416 0.413 0.3944 0.3899 0.3806 0.3644 0.3551 0.3506 0.3343 0.325 0.3181 0.3066 0.2972 0.2927 0.2833 0.2741 0.2672 0.2579 0.2996 0.332 0.3089 0.4034 0.3966 0.3966 0.3758 0.3689 0.3642 0.3504 0.3366 0.332 0.3204 0.3089 0.3043 0.2951 0.2836 0.2789 0.2697 0.272 0.3458 0.3158 0.3158
0.0153 0.3877 0.0 0.3784 0.3623 0.3484 0.2018 0.3347 0.3208 0.3162 0.3047 0.2909 0.284 0.2771 0.2656 0.2587 0.254 0.2426 0.2471 0.2471 0.2426 0.3416 0.337 0.3944 0.3899 0.3806 0.3644 0.3551 0.3506 0.3343 0.325 0.3181 0.3066 0.2972 0.2927 0.2833 0.2741 0.2672 0.2579 0.2996 0.332 0.3089 0.332 0.3966 0.3966 0.3758 0.3689 0.3642 0.3504 0.3366 0.332 0.3204 0.3089 0.3043 0.2951 0.2836 0.2789 0.2697 0.272 0.3458 0.3158 0.3158 0.3966
0.077 0.3991 0.0 0.3623 0.3484 0.2018 0.3347 0.3208 0.3162 0.3047 0.2909 0.284 0.2771 0.2656 0.2587 0.254 0.2426 0.2471 0.2471 0.2426 0.3416 0.337 0.3139 0.3899 0.3806 0.3644 0.3551 0.3506 0.3343 0.325 0.3181 0.3066 0.2972 0.2927 0.2833 0.2741 0.2672 0.2579 0.2996 0.332 0.3089 0.332 0.3829 0.3966 0.3758 0.3689 0.3642 0.3504 0.3366 0.332 0.3204 0.3089 0.3043 0.2951 0.2836 0.2789 0.2697 0.272 0.3458 0.3158 0.3158 0.3966 0.362
0.246 0.3623 0.0 0.3484 0.2018 0.3347 0.3208 0.3162 0.3047 0.2909 0.284 0.2771 0.2656 0.2587 0.254 0.2426 0.2471 0.2471 0.2426 0.3416 0.337 0.3139 0.3877 0.3806 0.3644 0.3551 0.3506 0.3343 0.325 0.3181 0.3066 0.2972 0.2927 0.2833 0.2741 0.2672 0.2579 0.2996 0.332 0.3089 0.332 0.3829 0.3528 0.3758 0.3689 0.3642 0.3504 0.3366 0.332 0.3204 0.3089 0.3043 0.2951 0.2836 0.2789 0.2697 0.272 0.3458 0.3158 0.3158 0.3966 0.362 0.3412
0.038 0.4038 0.0 0.2018 0.3347 0.3208 0.3162 0.3047 0.2909 0.284 0.2771 0.2656 0.2587 0.254 0.2426 0.2471 0.2471 0.2426 0.3416 0.337 0.3139 0.3877 0.3991 0.3644 0.3551 0.3506 0.3343 0.325 0.3181 0.3066 0.2972 0.2927 0.2833 0.2741 0.2672 0.2579 0.2996 0.332 0.3089 0.332 0.3829 0.3528 0.3506 0.3689 0.3642 0.3504 0.3366 0.332 0.3204 0.3089 0.3043 0.2951 0.2836 0.2789 0.2697 0.272 0.3458 0.3158 0.3158 0.3966 0.362 0.3412 0.4242
0.1227 0.4429 0.0 0.3347 0.3208 0.3162 0.3047 0.2909 0.284 0.2771 0.2656 0.2587 0.254 0.2426 0.2471 0.2471 0.2426 0.3416 0.337 0.3139 0.3877 0.3991 0.3623 0.3551 0.3506 0.3343 0.325 0.3181 0.3066 0.2972 0.2927 0.2833 0.2741 0.2672 0.2579 0.2996 0.332 0.3089 0.332 0.3829 0.3528 0.3506 0.4246 0.3642 0.3504 0.3366 0.332 0.3204 0.3089 0.3043 0.2951 0.2836 0.2789 0.2697 0.272 0.3458 0.3158 0.3158 0.3966 0.362 0.3412 0.4242 0.4012
0.1383 0.4014 0.0 0.3208 0.3162 0.3047 0.2909 0.284 0.2771 0.2656 0.2587 0.254 0.2426 0.2471 0.2471 0.2426 0.3416 0.337 0.3139 0.3877 0.3991 0.3623 0.4038 0.3506 0.3343 0.325 0.3181 0.3066 0.2972 0.2927 0.2833 0.2741 0.2672 0.2579 0.2996 0.332 0.3089 0.332 0.3829 0.3528 0.3506 0.4246 0.3921 0.3504 0.3366 0.332 0.3204 0.3089 0.3043 0.2951 0.2836 0.2789 0.2697 0.272 0.3458 0.3158 0.3158 0.3966 0.362 0.3412 0.4242 0.4012 0.3712
0.1303 0.4083 0.0 0.3162 0.3047 0.2909 0.284 0.2771 0.2656 0.2587 0.254 0.2426 0.2471 0.2471 0.2426 0.3416 0.337 0.3139 0.3877 0.3991 0.3623 0.4038 0.4429 0.3343 0.325 0.3181 0.3066 0.2972 0.2927 0.2833 0.2741 0.2672 0.2579 0.2996 0.332 0.3089 0.332 0.3829 0.3528 0.3506 0.4246 0.3921 0.369 0.3366 0.332 0.3204 0.3089 0.3043 0.2951 0.2836 0.2789 0.2697 0.272 0.3458 0.3158 0.3158 0.3966 0.362 0.3412 0.4242 0.4012 0.3712 0.4311
0.1383 0.4821 0.0 0.3047 0.2909 0.284 0.2771 0.2656 0.2587 0.254 0.2426 0.2471 0.2471 0.2426 0.3416 0.337 0.3139 0.3877 0.3991 0.3623 0.4038 0.4429 0.4014 0.325 0.3181 0.3066 0.2972 0.2927 0.2833 0.2741 0.2672 0.2579 0.2996 0.332 0.3089 0.332 0.3829 0.3528 0.3506 0.4246 0.3921 0.369 0.4431 0.332 0.3204 0.3089 0.3043 0.2951 0.2836 0.2789 0.2697 0.272 0.3458 0.3158 0.3158 0.3966 0.362 0.3412 0.4242 0.4012 0.3712 0.4311 0.4358
0.023 0.4406 0.0 0.2909 0.284 0.2771 0.2656 0.2587 0.254 0.2426 0.2471 0.2471 0.2426 0.3416 0.337 0.3139 0.3877 0.3991 0.3623 0.4038 0.4429 0.4014 0.4083 0.3181 0.3066 0.2972 0.2927 0.2833 0.2741 0.2672 0.2579 0.2996 0.332 0.3089 0.332 0.3829 0.3528 0.3506 0.4246 0.3921 0.369 0.4431 0.4316 0.3204 0.3089 0.3043 0.2951 0.2836 0.2789 0.2697 0.272 0.3458 0.3158 0.3158 0.3966 0.362 0.3412 0.4242 0.4012 0.3712 0.4311 0.4358 0.3989
0.246 0.4176 0.0 0.284 0.2771 0.2656 0.2587 0.254 0.2426 0.2471 0.2471 0.2426 0.3416 0.337 0.3139 0.3877 0.3991 0.3623 0.4038 0.4429 0.4014 0.4083 0.4821 0.3066 0.2972 0.2927 0.2833 0.2741 0.2672 0.2579 0.2996 0.332 0.3089 0.332 0.3829 0.3528 0.3506 0.4246 0.3921 0.369 0.4431 0.4316 0.4014 0.3089 0.3043 0.2951 0.2836 0.2789 0.2697 0.272 0.3458 0.3158 0.3158 0.3966 0.362 0.3412 0.4242 0.4012 0.3712 0.4311 0.4358 0.3989 0.4266
0.1383 0.4982 0.0 0.2771 0.2656 0.2587 0.254 0.2426 0.2471 0.2471 0.2426 0.3416 0.337 0.3139 0.3877 0.3991 0.3623 0.4038 0.4429 0.4014 0.4083 0.4821 0.4406 0.2972 0.2927 0.2833 0.2741 0.2672 0.2579 0.2996 0.332 0.3089 0.332 0.3829 0.3528 0.3506 0.4246 0.3921 0.369 0.4431 0.4316 0.4014 0.4523 0.3043 0.2951 0.2836 0.2789 0.2697 0.272 0.3458 0.3158 0.3158 0.3966 0.362 0.3412 0.4242 0.4012 0.3712 0.4311 0.4358 0.3989 0.4266 0.4727
0.0767 0.4729 0.0 0.2656 0.2587 0.254 0.2426 0.2471 0.2471 0.2426 0.3416 0.337 0.3139 0.3877 0.3991 0.3623 0.4038 0.4429 0.4014 0.4083 0.4821 0.4406 0.4176 0.2927 0.2833 0.2741 0.2672 0.2579 0.2996 0.332 0.3089 0.332 0.3829 0.3528 0.3506 0.4246 0.3921 0.369 0.4431 0.4316 0.4014 0.4523 0.4778 0.2951 0.2836 0.2789 0.2697 0.272 0.3458 0.3158 0.3158 0.3966 0.362 0.3412 0.4242 0.4012 0.3712 0.4311 0.4358 0.3989 0.4266 0.4727 0.4334
0.2687 0.4429 0.0 0.2587 0.254 0.2426 0.2471 0.2471 0.2426 0.3416 0.337 0.3139 0.3877 0.3991 0.3623 0.4038 0.4429 0.4014 0.4083 0.4821 0.4406 0.4176 0.4982 0.2833 0.2741 0.2672 0.2579 0.2996 0.332 0.3089 0.332 0.3829 0.3528 0.3506 0.4246 0.3921 0.369 0.4431 0.4316 0.4014 0.4523 0.4778 0.4431 0.2836 0.2789 0.2697 0.272 0.3458 0.3158 0.3158 0.3966 0.362 0.3412 0.4242 0.4012 0.3712 0.4311 0.4358 0.3989 0.4266 0.4727 0.4334 0.4266
0.0843 0.4751 0.0 0.254 0.2426 0.2471 0.2471 0.2426 0.3416 0.337 0.3139 0.3877 0.3991 0.3623 0.4038 0.4429 0.4014 0.4083 0.4821 0.4406 0.4176 0.4982 0.4729 0.2741 0.2672 0.2579 0.2996 0.332 0.3089 0.332 0.3829 0.3528 0.3506 0.4246 0.3921 0.369 0.4431 0.4316 0.4014 0.4523 0.4778 0.4431 0.457 0.2789 0.2697 0.272 0.3458 0.3158 0.3158 0.3966 0.362 0.3412 0.4242 0.4012 0.3712 0.4311 0.4358 0.3989 0.4266 0.4727 0.4334 0.4266 0.4958
0.1 0.4982 0.0 0.2426 0.2471 0.2471 0.2426 0.3416 0.337 0.3139 0.3877 0.3991 0.3623 0.4038 0.4429 0.4014 0.4083 0.4821 0.4406 0.4176 0.4982 0.4729 0.4429 0.2672 0.2579 0.2996 0.332 0.3089 0.332 0.3829 0.3528 0.3506 0.4246 0.3921 0.369 0.4431 0.4316 0.4014 0.4523 0.4778 0.4431 0.457 0.5079 0.2697 0.272 0.3458 0.3158 0.3158 0.3966 0.362 0.3412 0.4242 0.4012 0.3712 0.4311 0.4358 0.3989 0.4266 0.4727 0.4334 0.4266 0.4958 0.4658
0.1073 0.4659 0.0 0.2471 0.2471 0.2426 0.3416 0.337 0.3139 0.3877 0.3991 0.3623 0.4038 0.4429 0.4014 0.4083 0.4821 0.4406 0.4176 0.4982 0.4729 0.4429 0.4751 0.2579 0.2996 0.332 0.3089 0.332 0.3829 0.3528 0.3506 0.4246 0.3921 0.369 0.4431 0.4316 0.4014 0.4523 0.4778 0.4431 0.457 0.5079 0.4778 0.272 0.3458 0.3158 0.3158 0.3966 0.362 0.3412 0.4242 0.4012 0.3712 0.4311 0.4358 0.3989 0.4266 0.4727 0.4334 0.4266 0.4958 0.4658 0.4496
0.077 0.4682 0.0 0.2471 0.2426 0.3416 0.337 0.3139 0.3877 0.3991 0.3623 0.4038 0.4429 0.4014 0.4083 0.4821 0.4406 0.4176 0.4982 0.4729 0.4429 0.4751 0.4982 0.2996 0.332 0.3089 0.332 0.3829 0.3528 0.3506 0.4246 0.3921 0.369 0.4431 0.4316 0.4014 0.4523 0.4778 0.4431 0.457 0.5079 0.4778 0.4686 0.3458 0.3158 0.3158 0.3966 0.362 0.3412 0.4242 0.4012 0.3712 0.4311 0.4358 0.3989 0.4266 0.4727 0.4334 0.4266 0.4958 0.4658 0.4496 0.4819
0.1077 0.512 0.0 0.2426 0.3416 0.337 0.3139 0.3877 0.3991 0.3623 0.4038 0.4429 0.4014 0.4083 0.4821 0.4406 0.4176 0.4982 0.4729 0.4429 0.4751 0.4982 0.4659 0.332 0.3089 0.332 0.3829 0.3528 0.3506 0.4246 0.3921 0.369 0.4431 0.4316 0.4014 0.4523 0.4778 0.4431 0.457 0.5079 0.4778 0.4686 0.5264 0.3158 0.3158 0.3966 0.362 0.3412 0.4242 0.4012 0.3712 0.4311 0.4358 0.3989 0.4266 0.4727 0.4334 0.4266 0.4958 0.4658 0.4496 0.4819 0.4911
0.0077 0.5051 0.0 0.3416 0.337 0.3139 0.3877 0.3991 0.3623 0.4038 0.4429 0.4014 0.4083 0.4821 0.4406 0.4176 0.4982 0.4729 0.4429 0.4751 0.4982 0.4659 0.4682 0.3089 0.332 0.3829 0.3528 0.3506 0.4246 0.3921 0.369 0.4431 0.4316 0.4014 0.4523 0.4778 0.4431 0.457 0.5079 0.4778 0.4686 0.5264 0.5126 0.3158 0.3966 0.362 0.3412 0.4242 0.4012 0.3712 0.4311 0.4358 0.3989 0.4266 0.4727 0.4334 0.4266 0.4958 0.4658 0.4496 0.4819 0.4911 0.475
0.146 0.5028 0.0 0.337 0.3139 0.3877 0.3991 0.3623 0.4038 0.4429 0.4014 0.4083 0.4821 0.4406 0.4176 0.4982 0.4729 0.4429 0.4751 0.4982 0.4659 0.4682 0.512 0.332 0.3829 0.3528 0.3506 0.4246 0.3921 0.369 0.4431 0.4316 0.4014 0.4523 0.4778 0.4431 0.457 0.5079 0.4778 0.4686 0.5264 0.5126 0.494 0.3966 0.362 0.3412 0.4242 0.4012 0.3712 0.4311 0.4358 0.3989 0.4266 0.4727 0.4334 0.4266 0.4958 0.4658 0.4496 0.4819 0.4911 0.475 0.4934
0.023 0.542 0.0 0.3139 0.3877 0.3991 0.3623 0.4038 0.4429 0.4014 0.4083 0.4821 0.4406 0.4176 0.4982 0.4729 0.4429 0.4751 0.4982 0.4659 0.4682 0.512 0.5051 0.3829 0.3528 0.3506 0.4246 0.3921 0.369 0.4431 0.4316 0.4014 0.4523 0.4778 0.4431 0.457 0.5079 0.4778 0.4686 0.5264 0.5126 0.494 0.5194 0.362 0.3412 0.4242 0.4012 0.3712 0.4311 0.4358 0.3989 0.4266 0.4727 0.4334 0.4266 0.4958 0.4658 0.4496 0.4819 0.4911 0.475 0.4934 0.5303
0.0077 0.5673 0.0 0.3877 0.3991 0.3623 0.4038 0.4429 0.4014 0.4083 0.4821 0.4406 0.4176 0.4982 0.4729 0.4429 0.4751 0.4982 0.4659 0.4682 0.512 0.5051 0.5028 0.3528 0.3506 0.4246 0.3921 0.369 0.4431 0.4316 0.4014 0.4523 0.4778 0.4431 0.457 0.5079 0.4778 0.4686 0.5264 0.5126 0.494 0.5194 0.575 0.3412 0.4242 0.4012 0.3712 0.4311 0.4358 0.3989 0.4266 0.4727 0.4334 0.4266 0.4958 0.4658 0.4496 0.4819 0.4911 0.475 0.4934 0.5303 0.5096
0.1307 0.5442 0.0 0.3991 0.3623 0.4038 0.4429 0.4014 0.4083 0.4821 0.4406 0.4176 0.4982 0.4729 0.4429 0.4751 0.4982 0.4659 0.4682 0.512 0.5051 0.5028 0.542 0.3506 0.4246 0.3921 0.369 0.4431 0.4316 0.4014 0.4523 0.4778 0.4431 0.457 0.5079 0.4778 0.4686 0.5264 0.5126 0.494 0.5194 0.575 0.5426 0.4242 0.4012 0.3712 0.4311 0.4358 0.3989 0.4266 0.4727 0.4334 0.4266 0.4958 0.4658 0.4496 0.4819 0.4911 0.475 0.4934 0.5303 0.5096 0.5166
0.0843 0.5511 0.0 0.3623 0.4038 0.4429 0.4014 0.4083 0.4821 0.4406 0.4176 0.4982 0.4729 0.4429 0.4751 0.4982 0.4659 0.4682 0.512 0.5051 0.5028 0.542 0.5673 0.4246 0.3921 0.369 0.4431 0.4316 0.4014 0.4523 0.4778 0.4431 0.457 0.5079 0.4778 0.4686 0.5264 0.5126 0.494 0.5194 0.575 0.5426 0.5426 0.4012 0.3712 0.4311 0.4358 0.3989 0.4266 0.4727 0.4334 0.4266 0.4958 0.4658 0.4496 0.4819 0.4911 0.475 0.4934 0.5303 0.5096 0.5166 0.5627
0.077 0.618 0.0 0.4038 0.4429 0.4014 0.4083 0.4821 0.4406 0.4176 0.4982 0.4729 0.4429 0.4751 0.4982 0.4659 0.4682 0.512 0.5051 0.5028 0.542 0.5673 0.5442 0.3921 0.369 0.4431 0.4316 0.4014 0.4523 0.4778 0.4431 0.457 0.5079 0.4778 0.4686 0.5264 0.5126 0.494 0.5194 0.575 0.5426 0.5426 0.5959 0.3712 0.4311 0.4358 0.3989 0.4266 0.4727 0.4334 0.4266 0.4958 0.4658 0.4496 0.4819 0.4911 0.475 0.4934 0.5303 0.5096 0.5166 0.5627 0.5764
0.023 0.5834 0.0 0.4429 0.4014 0.4083 0.4821 0.4406 0.4176 0.4982 0.4729 0.4429 0.4751 0.4982 0.4659 0.4682 0.512 0.5051 0.5028 0.542 0.5673 0.5442 0.5511 0.369 0.4431 0.4316 0.4014 0.4523 0.4778 0.4431 0.457 0.5079 0.4778 0.4686 0.5264 0.5126 0.494 0.5194 0.575 0.5426 0.5426 0.5959 0.5866 0.4311 0.4358 0.3989 0.4266 0.4727 0.4334 0.4266 0.4958 0.4658 0.4496 0.4819 0.4911 0.475 0.4934 0.5303 0.5096 0.5166 0.5627 0.5764 0.5557
0.223 0.5742 0.0 0.4014 0.4083 0.4821 0.4406 0.4176 0.4982 0.4729 0.4429 0.4751 0.4982 0.4659 0.4682 0.512 0.5051 0.5028 0.542 0.5673 0.5442 0.5511 0.618 0.4431 0.4316 0.4014 0.4523 0.4778 0.4431 0.457 0.5079 0.4778 0.4686 0.5264 0.5126 0.494 0.5194 0.575 0.5426 0.5426 0.5959 0.5866 0.575 0.4358 0.3989 0.4266 0.4727 0.4334 0.4266 0.4958 0.4658 0.4496 0.4819 0.4911 0.475 0.4934 0.5303 0.5096 0.5166 0.5627 0.5764 0.5557 0.5811
0.1153 0.6364 0.0 0.4083 0.4821 0.4406 0.4176 0.4982 0.4729 0.4429 0.4751 0.4982 0.4659 0.4682 0.512 0.5051 0.5028 0.542 0.5673 0.5442 0.5511 0.618 0.5834 0.4316 0.4014 0.4523 0.4778 0.4431 0.457 0.5079 0.4778 0.4686 0.5264 0.5126 0.494 0.5194 0.575 0.5426 0.5426 0.5959 0.5866 0.575 0.6028 0.3989 0.4266 0.4727 0.4334 0.4266 0.4958 0.4658 0.4496 0.4819 0.4911 0.475 0.4934 0.5303 0.5096 0.5166 0.5627 0.5764 0.5557 0.5811 0.6226
0.0307 0.6019 0.0 0.4821 0.4406 0.4176 0.4982 0.4729 0.4429 0.4751 0.4982 0.4659 0.4682 0.512 0.5051 0.5028 0.542 0.5673 0.5442 0.5511 0.618 0.5834 0.5742 0.4014 0.4523 0.4778 0.4431 0.457 0.5079 0.4778 0.4686 0.5264 0.5126 0.494 0.5194 0.575 0.5426 0.5426 0.5959 0.5866 0.575 0.6028 0.612 0.4266 0.4727 0.4334 0.4266 0.4958 0.4658 0.4496 0.4819 0.4911 0.475 0.4934 0.5303 0.5096 0.5166 0.5627 0.5764 0.5557 0.5811 0.6226 0.5857
0.2073 0.5834 0.0 0.4406 0.4176 0.4982 0.4729 0.4429 0.4751 0.4982 0.4659 0.4682 0.512 0.5051 0.5028 0.542 0.5673 0.5442 0.5511 0.618 0.5834 0.5742 0.6364 0.4523 0.4778 0.4431 0.457 0.5079 0.4778 0.4686 0.5264 0.5126 0.494 0.5194 0.575 0.5426 0.5426 0.5959 0.5866 0.575 0.6028 0.612 0.5889 0.4727 0.4334 0.4266 0.4958 0.4658 0.4496 0.4819 0.4911 0.475 0.4934 0.5303 0.5096 0.5166 0.5627 0.5764 0.5557 0.5811 0.6226 0.5857 0.5949
0.115 0.641 0.0 0.4176 0.4982 0.4729 0.4429 0.4751 0.4982 0.4659 0.4682 0.512 0.5051 0.5028 0.542 0.5673 0.5442 0.5511 0.618 0.5834 0.5742 0.6364 0.6019 0.4778 0.4431 0.457 0.5079 0.4778 0.4686 0.5264 0.5126 0.494 0.5194 0.575 0.5426 0.5426 0.5959 0.5866 0.575 0.6028 0.612 0.5889 0.6028 0.4334 0.4266 0.4958 0.4658 0.4496 0.4819 0.4911 0.475 0.4934 0.5303 0.5096 0.5166 0.5627 0.5764 0.5557 0.5811 0.6226 0.5857 0.5949 0.648
0.0617 0.6226 0.0 0.4982 0.4729 0.4429 0.4751 0.4982 0.4659 0.4682 0.512 0.5051 0.5028 0.542 0.5673 0.5442 0.5511 0.618 0.5834 0.5742 0.6364 0.6019 0.5834 0.4431 0.457 0.5079 0.4778 0.4686 0.5264 0.5126 0.494 0.5194 0.575 0.5426 0.5426 0.5959 0.5866 0.575 0.6028 0.612 0.5889 0.6028 0.6259 0.4266 0.4958 0.4658 0.4496 0.4819 0.4911 0.475 0.4934 0.5303 0.5096 0.5166 0.5627 0.5764 0.5557 0.5811 0.6226 0.5857 0.5949 0.648 0.6041
0.192 0.6019 0.0 0.4729 0.4429 0.4751 0.4982 0.4659 0.4682 0.512 0.5051 0.5028 0.542 0.5673 0.5442 0.5511 0.618 0.5834 0.5742 0.6364 0.6019 0.5834 0.641 0.457 0.5079 0.4778 0.4686 0.5264 0.5126 0.494 0.5194 0.575 0.5426 0.5426 0.5959 0.5866 0.575 0.6028 0.612 0.5889 0.6028 0.6259 0.6004 0.4958 0.4658 0.4496 0.4819 0.4911 0.475 0.4934 0.5303 0.5096 0.5166 0.5627 0.5764 0.5557 0.5811 0.6226 0.5857 0.5949 0.648 0.6041 0.5996
0.0613 0.6594 0.0 0.4429 0.4751 0.4982 0.4659 0.4682 0.512 0.5051 0.5028 0.542 0.5673 0.5442 0.5511 0.618 0.5834 0.5742 0.6364 0.6019 0.5834 0.641 0.6226 0.5079 0.4778 0.4686 0.5264 0.5126 0.494 0.5194 0.575 0.5426 0.5426 0.5959 0.5866 0.575 0.6028 0.612 0.5889 0.6028 0.6259 0.6004 0.6098 0.4658 0.4496 0.4819 0.4911 0.475 0.4934 0.5303 0.5096 0.5166 0.5627 0.5764 0.5557 0.5811 0.6226 0.5857 0.5949 0.648 0.6041 0.5996 0.6526
0.069 0.6502 0.0 0.4751 0.4982 0.4659 0.4682 0.512 0.5051 0.5028 0.542 0.5673 0.5442 0.5511 0.618 0.5834 0.5742 0.6364 0.6019 0.5834 0.641 0.6226 0.6019 0.4778 0.4686 0.5264 0.5126 0.494 0.5194 0.575 0.5426 0.5426 0.5959 0.5866 0.575 0.6028 0.612 0.5889 0.6028 0.6259 0.6004 0.6098 0.6491 0.4496 0.4819 0.4911 0.475 0.4934 0.5303 0.5096 0.5166 0.5627 0.5764 0.5557 0.5811 0.6226 0.5857 0.5949 0.648 0.6041 0.5996 0.6526 0.6133
0.1917 0.6226 0.0 0.4982 0.4659 0.4682 0.512 0.5051 0.5028 0.542 0.5673 0.5442 0.5511 0.618 0.5834 0.5742 0.6364 0.6019 0.5834 0.641 0.6226 0.6019 0.6594 0.4686 0.5264 0.5126 0.494 0.5194 0.575 0.5426 0.5426 0.5959 0.5866 0.575 0.6028 0.612 0.5889 0.6028 0.6259 0.6004 0.6098 0.6491 0.6213 0.4819 0.4911 0.475 0.4934 0.5303 0.5096 0.5166 0.5627 0.5764 0.5557 0.5811 0.6226 0.5857 0.5949 0.648 0.6041 0.5996 0.6526 0.6133 0.5972
0.0307 0.6663 0.0 0.4659 0.4682 0.512 0.5051 0.5028 0.542 0.5673 0.5442 0.5511 0.618 0.5834 0.5742 0.6364 0.6019 0.5834 0.641 0.6226 0.6019 0.6594 0.6502 0.5264 0.5126 0.494 0.5194 0.575 0.5426 0.5426 0.5959 0.5866 0.575 0.6028 0.612 0.5889 0.6028 0.6259 0.6004 0.6098 0.6491 0.6213 0.6236 0.4911 0.475 0.4934 0.5303 0.5096 0.5166 0.5627 0.5764 0.5557 0.5811 0.6226 0.5857 0.5949 0.648 0.6041 0.5996 0.6526 0.6133 0.5972 0.6641
0.092 0.6709 0.0 0.4682 0.512 0.5051 0.5028 0.542 0.5673 0.5442 0.5511 0.618 0.5834 0.5742 0.6364 0.6019 0.5834 0.641 0.6226 0.6019 0.6594 0.6502 0.6226 0.5126 0.494 0.5194 0.575 0.5426 0.5426 0.5959 0.5866 0.575 0.6028 0.612 0.5889 0.6028 0.6259 0.6004 0.6098 0.6491 0.6213 0.6236 0.6746 0.475 0.4934 0.5303 0.5096 0.5166 0.5627 0.5764 0.5557 0.5811 0.6226 0.5857 0.5949 0.648 0.6041 0.5996 0.6526 0.6133 0.5972 0.6641 0.6319
0.1457 0.6341 0.0 0.512 0.5051 0.5028 0.542 0.5673 0.5442 0.5511 0.618 0.5834 0.5742 0.6364 0.6019 0.5834 0.641 0.6226 0.6019 0.6594 0.6502 0.6226 0.6663 0.494 0.5194 0.575 0.5426 0.5426 0.5959 0.5866 0.575 0.6028 0.612 0.5889 0.6028 0.6259 0.6004 0.6098 0.6491 0.6213 0.6236 0.6746 0.6421 0.4934 0.5303 0.5096 0.5166 0.5627 0.5764 0.5557 0.5811 0.6226 0.5857 0.5949 0.648 0.6041 0.5996 0.6526 0.6133 0.5972 0.6641 0.6319 0.6157
0.0153 0.6618 0.0 0.5051 0.5028 0.542 0.5673 0.5442 0.5511 0.618 0.5834 0.5742 0.6364 0.6019 0.5834 0.641 0.6226 0.6019 0.6594 0.6502 0.6226 0.6663 0.6709 0.5194 0.575 0.5426 0.5426 0.5959 0.5866 0.575 0.6028 0.612 0.5889 0.6028 0.6259 0.6004 0.6098 0.6491 0.6213 0.6236 0.6746 0.6421 0.6329 0.5303 0.5096 0.5166 0.5627 0.5764 0.5557 0.5811 0.6226 0.5857 0.5949 0.648 0.6041 0.5996 0.6526 0.6133 0.5972 0.6641 0.6319 0.6157 0.6826
0.1227 0.6917 0.0 0.5028 0.542 0.5673 0.5442 0.5511 0.618 0.5834 0.5742 0.6364 0.6019 0.5834 0.641 0.6226 0.6019 0.6594 0.6502 0.6226 0.6663 0.6709 0.6341 0.575 0.5426 0.5426 0.5959 0.5866 0.575 0.6028 0.612 0.5889 0.6028 0.6259 0.6004 0.6098 0.6491 0.6213 0.6236 0.6746 0.6421 0.6329 0.6884 0.5096 0.5166 0.5627 0.5764 0.5557 0.5811 0.6226 0.5857 0.5949 0.648 0.6041 0.5996 0.6526 0.6133 0.5972 0.6641 0.6319 0.6157 0.6826 0.6641
0.0923 0.6479 0.0 0.542 0.5673 0.5442 0.5511 0.618 0.5834 0.5742 0.6364 0.6019 0.5834 0.641 0.6226 0.6019 0.6594 0.6502 0.6226 0.6663 0.6709 0.6341 0.6618 0.5426 0.5426 0.5959 0.5866 0.575 0.6028 0.612 0.5889 0.6028 0.6259 0.6004 0.6098 0.6491 0.6213 0.6236 0.6746 0.6421 0.6329 0.6884 0.656 0.5166 0.5627 0.5764 0.5557 0.5811 0.6226 0.5857 0.5949 0.648 0.6041 0.5996 0.6526 0.6133 0.5972 0.6641 0.6319 0.6157 0.6826 0.6641 0.6388
0.0997 0.6618 0.0 0.5673 0.5442 0.5511 0.618 0.5834 0.5742 0.6364 0.6019 0.5834 0.641 0.6226 0.6019 0.6594 0.6502 0.6226 0.6663 0.6709 0.6341 0.6618 0.6917 0.5426 0.5959 0.5866 0.575 0.6028 0.612 0.5889 0.6028 0.6259 0.6004 0.6098 0.6491 0.6213 0.6236 0.6746 0.6421 0.6329 0.6884 0.656 0.6421 0.5627 0.5764 0.5557 0.5811 0.6226 0.5857 0.5949 0.648 0.6041 0.5996 0.6526 0.6133 0.5972 0.6641 0.6319 0.6157 0.6826 0.6641 0.6388 0.6941
0.146 0.717 0.0 0.5442 0.5511 0.618 0.5834 0.5742 0.6364 0.6019 0.5834 0.641 0.6226 0.6019 0.6594 0.6502 0.6226 0.6663 0.6709 0.6341 0.6618 0.6917 0.6479 0.5959 0.5866 0.575 0.6028 0.612 0.5889 0.6028 0.6259 0.6004 0.6098 0.6491 0.6213 0.6236 0.6746 0.6421 0.6329 0.6884 0.656 0.6421 0.7 0.5764 0.5557 0.5811 0.6226 0.5857 0.5949 0.648 0.6041 0.5996 0.6526 0.6133 0.5972 0.6641 0.6319 0.6157 0.6826 0.6641 0.6388 0.6941 0.6872
0.0463 0.6663 0.0 0.5511 0.618 0.5834 0.5742 0.6364 0.6019 0.5834 0.641 0.6226 0.6019 0.6594 0.6502 0.6226 0.6663 0.6709 0.6341 0.6618 0.6917 0.6479 0.6618 0.5866 0.575 0.6028 0.612 0.5889 0.6028 0.6259 0.6004 0.6098 0.6491 0.6213 0.6236 0.6746 0.6421 0.6329 0.6884 0.656 0.6421 0.7 0.6791 0.5557 0.5811 0.6226 0.5857 0.5949 0.648 0.6041 0.5996 0.6526 0.6133 0.5972 0.6641 0.6319 0.6157 0.6826 0.6641 0.6388 0.6941 0.6872 0.648
0.184 0.6502 0.0 0.618 0.5834 0.5742 0.6364 0.6019 0.5834 0.641 0.6226 0.6019 0.6594 0.6502 0.6226 0.6663 0.6709 0.6341 0.6618 0.6917 0.6479 0.6618 0.717 0.575 0.6028 0.612 0.5889 0.6028 0.6259 0.6004 0.6098 0.6491 0.6213 0.6236 0.6746 0.6421 0.6329 0.6884 0.656 0.6421 0.7 0.6791 0.656 0.5811 0.6226 0.5857 0.5949 0.648 0.6041 0.5996 0.6526 0.6133 0.5972 0.6641 0.6319 0.6157 0.6826 0.6641 0.6388 0.6941 0.6872 0.648 0.6826
0.169 0.7262 0.0 0.5834 0.5742 0.6364 0.6019 0.5834 0.641 0.6226 0.6019 0.6594 0.6502 0.6226 0.6663 0.6709 0.6341 0.6618 0.6917 0.6479 0.6618 0.717 0.6663 0.6028 0.612 0.5889 0.6028 0.6259 0.6004 0.6098 0.6491 0.6213 0.6236 0.6746 0.6421 0.6329 0.6884 0.656 0.6421 0.7 0.6791 0.656 0.7069 0.6226 0.5857 0.5949 0.648 0.6041 0.5996 0.6526 0.6133 0.5972 0.6641 0.6319 0.6157 0.6826 0.6641 0.6388 0.6941 0.6872 0.648 0.6826 0.7033
0.0537 0.6732 0.0 0.5742 0.6364 0.6019 0.5834 0.641 0.6226 0.6019 0.6594 0.6502 0.6226 0.6663 0.6709 0.6341 0.6618 0.6917 0.6479 0.6618 0.717 0.6663 0.6502 0.612 0.5889 0.6028 0.6259 0.6004 0.6098 0.6491 0.6213 0.6236 0.6746 0.6421 0.6329 0.6884 0.656 0.6421 0.7 0.6791 0.656 0.7069 0.6977 0.5857 0.5949 0.648 0.6041 0.5996 0.6526 0.6133 0.5972 0.6641 0.6319 0.6157 0.6826 0.6641 0.6388 0.6941 0.6872 0.648 0.6826 0.7033 0.6596
0.2533 0.641 0.0 0.6364 0.6019 0.5834 0.641 0.6226 0.6019 0.6594 0.6502 0.6226 0.6663 0.6709 0.6341 0.6618 0.6917 0.6479 0.6618 0.717 0.6663 0.6502 0.7262 0.5889 0.6028 0.6259 0.6004 0.6098 0.6491 0.6213 0.6236 0.6746 0.6421 0.6329 0.6884 0.656 0.6421 0.7 0.6791 0.656 0.7069 0.6977 0.663 0.5949 0.648 0.6041 0.5996 0.6526 0.6133 0.5972 0.6641 0.6319 0.6157 0.6826 0.6641 0.6388 0.6941 0.6872 0.648 0.6826 0.7033 0.6596 0.671
0.1767 0.7078 0.0 0.6019 0.5834 0.641 0.6226 0.6019 0.6594 0.6502 0.6226 0.6663 0.6709 0.6341 0.6618 0.6917 0.6479 0.6618 0.717 0.6663 0.6502 0.7262 0.6732 0.6028 0.6259 0.6004 0.6098 0.6491 0.6213 0.6236 0.6746 0.6421 0.6329 0.6884 0.656 0.6421 0.7 0.6791 0.656 0.7069 0.6977 0.663 0.693 0.648 0.6041 0.5996 0.6526 0.6133 0.5972 0.6641 0.6319 0.6157 0.6826 0.6641 0.6388 0.6941 0.6872 0.648 0.6826 0.7033 0.6596 0.671 0.7194
0.1073 0.6779 0.0 0.5834 0.641 0.6226 0.6019 0.6594 0.6502 0.6226 0.6663 0.6709 0.6341 0.6618 0.6917 0.6479 0.6618 0.717 0.6663 0.6502 0.7262 0.6732 0.641 0.6259 0.6004 0.6098 0.6491 0.6213 0.6236 0.6746 0.6421 0.6329 0.6884 0.656 0.6421 0.7 0.6791 0.656 0.7069 0.6977 0.663 0.693 0.7116 0.6041 0.5996 0.6526 0.6133 0.5972 0.6641 0.6319 0.6157 0.6826 0.6641 0.6388 0.6941 0.6872 0.648 0.6826 0.7033 0.6596 0.671 0.7194 0.6641
0.2227 0.6341 0.0 0.641 0.6226 0.6019 0.6594 0.6502 0.6226 0.6663 0.6709 0.6341 0.6618 0.6917 0.6479 0.6618 0.717 0.6663 0.6502 0.7262 0.6732 0.641 0.7078 0.6004 0.6098 0.6491 0.6213 0.6236 0.6746 0.6421 0.6329 0.6884 0.656 0.6421 0.7 0.6791 0.656 0.7069 0.6977 0.663 0.693 0.7116 0.6652 0.5996 0.6526 0.6133 0.5972 0.6641 0.6319 0.6157 0.6826 0.6641 0.6388 0.6941 0.6872 0.648 0.6826 0.7033 0.6596 0.671 0.7194 0.6641 0.648
0.0997 0.6801 0.0 0.6226 0.6019 0.6594 0.6502 0.6226 0.6663 0.6709 0.6341 0.6618 0.6917 0.6479 0.6618 0.717 0.6663 0.6502 0.7262 0.6732 0.641 0.7078 0.6779 0.6098 0.6491 0.6213 0.6236 0.6746 0.6421 0.6329 0.6884 0.656 0.6421 0.7 0.6791 0.656 0.7069 0.6977 0.663 0.693 0.7116 0.6652 0.6722 0.6526 0.6133 0.5972 0.6641 0.6319 0.6157 0.6826 0.6641 0.6388 0.6941 0.6872 0.648 0.6826 0.7033 0.6596 0.671 0.7194 0.6641 0.648 0.7126
0.146 0.6801 0.0 0.6019 0.6594 0.6502 0.6226 0.6663 0.6709 0.6341 0.6618 0.6917 0.6479 0.6618 0.717 0.6663 0.6502 0.7262 0.6732 0.641 0.7078 0.6779 0.6341 0.6491 0.6213 0.6236 0.6746 0.6421 0.6329 0.6884 0.656 0.6421 0.7 0.6791 0.656 0.7069 0.6977 0.663 0.693 0.7116 0.6652 0.6722 0.7162 0.6133 0.5972 0.6641 0.6319 0.6157 0.6826 0.6641 0.6388 0.6941 0.6872 0.648 0.6826 0.7033 0.6596 0.671 0.7194 0.6641 0.648 0.7126 0.6641
0.1533 0.6341 0.0 0.6594 0.6502 0.6226 0.6663 0.6709 0.6341 0.6618 0.6917 0.6479 0.6618 0.717 0.6663 0.6502 0.7262 0.6732 0.641 0.7078 0.6779 0.6341 0.6801 0.6213 0.6236 0.6746 0.6421 0.6329 0.6884 0.656 0.6421 0.7 0.6791 0.656 0.7069 0.6977 0.663 0.693 0.7116 0.6652 0.6722 0.7162 0.6652 0.5972 0.6641 0.6319 0.6157 0.6826 0.6641 0.6388 0.6941 0.6872 0.648 0.6826 0.7033 0.6596 0.671 0.7194 0.6641 0.648 0.7126 0.6641 0.6272
0.0 0.6502 0.0 0.6502 0.6226 0.6663 0.6709 0.6341 0.6618 0.6917 0.6479 0.6618 0.717 0.6663 0.6502 0.7262 0.6732 0.641 0.7078 0.6779 0.6341 0.6801 0.6801 0.6236 0.6746 0.6421 0.6329 0.6884 0.656 0.6421 0.7 0.6791 0.656 0.7069 0.6977 0.663 0.693 0.7116 0.6652 0.6722 0.7162 0.6652 0.6444 0.6641 0.6319 0.6157 0.6826 0.6641 0.6388 0.6941 0.6872 0.648 0.6826 0.7033 0.6596 0.671 0.7194 0.6641 0.648 0.7126 0.6641 0.6272 0.6918
0.1533 0.6687 0.0 0.6226 0.6663 0.6709 0.6341 0.6618 0.6917 0.6479 0.6618 0.717 0.6663 0.6502 0.7262 0.6732 0.641 0.7078 0.6779 0.6341 0.6801 0.6801 0.6341 0.6746 0.6421 0.6329 0.6884 0.656 0.6421 0.7 0.6791 0.656 0.7069 0.6977 0.663 0.693 0.7116 0.6652 0.6722 0.7162 0.6652 0.6444 0.7069 0.6319 0.6157 0.6826 0.6641 0.6388 0.6941 0.6872 0.648 0.6826 0.7033 0.6596 0.671 0.7194 0.6641 0.648 0.7126 0.6641 0.6272 0.6918 0.6596
0.0537 0.6294 0.0 0.6663 0.6709 0.6341 0.6618 0.6917 0.6479 0.6618 0.717 0.6663 0.6502 0.7262 0.6732 0.641 0.7078 0.6779 0.6341 0.6801 0.6801 0.6341 0.6502 0.6421 0.6329 0.6884 0.656 0.6421 0.7 0.6791 0.656 0.7069 0.6977 0.663 0.693 0.7116 0.6652 0.6722 0.7162 0.6652 0.6444 0.7069 0.6699 0.6157 0.6826 0.6641 0.6388 0.6941 0.6872 0.648 0.6826 0.7033 0.6596 0.671 0.7194 0.6641 0.648 0.7126 0.6641 0.6272 0.6918 0.6596 0.6249
0.0617 0.6019 0.0 0.6709 0.6341 0.6618 0.6917 0.6479 0.6618 0.717 0.6663 0.6502 0.7262 0.6732 0.641 0.7078 0.6779 0.6341 0.6801 0.6801 0.6341 0.6502 0.6687 0.6329 0.6884 0.656 0.6421 0.7 0.6791 0.656 0.7069 0.6977 0.663 0.693 0.7116 0.6652 0.6722 0.7162 0.6652 0.6444 0.7069 0.6699 0.6374 0.6826 0.6641 0.6388 0.6941 0.6872 0.648 0.6826 0.7033 0.6596 0.671 0.7194 0.6641 0.648 0.7126 0.6641 0.6272 0.6918 0.6596 0.6249 0.6503
0.131 0.6548 0.0 0.6341 0.6618 0.6917 0.6479 0.6618 0.717 0.6663 0.6502 0.7262 0.6732 0.641 0.7078 0.6779 0.6341 0.6801 0.6801 0.6341 0.6502 0.6687 0.6294 0.6884 0.656 0.6421 0.7 0.6791 0.656 0.7069 0.6977 0.663 0.693 0.7116 0.6652 0.6722 0.7162 0.6652 0.6444 0.7069 0.6699 0.6374 0.6769 0.6641 0.6388 0.6941 0.6872 0.648 0.6826 0.7033 0.6596 0.671 0.7194 0.6641 0.648 0.7126 0.6641 0.6272 0.6918 0.6596 0.6249 0.6503 0.6572
0.0917 0.6202 0.0 0.6618 0.6917 0.6479 0.6618 0.717 0.6663 0.6502 0.7262 0.6732 0.641 0.7078 0.6779 0.6341 0.6801 0.6801 0.6341 0.6502 0.6687 0.6294 0.6019 0.656 0.6421 0.7 0.6791 0.656 0.7069 0.6977 0.663 0.693 0.7116 0.6652 0.6722 0.7162 0.6652 0.6444 0.7069 0.6699 0.6374 0.6769 0.6722 0.6388 0.6941 0.6872 0.648 0.6826 0.7033 0.6596 0.671 0.7194 0.6641 0.648 0.7126 0.6641 0.6272 0.6918 0.6596 0.6249 0.6503 0.6572 0.6226
0.1763 0.5927 0.0 0.6917 0.6479 0.6618 0.717 0.6663 0.6502 0.7262 0.6732 0.641 0.7078 0.6779 0.6341 0.6801 0.6801 0.6341 0.6502 0.6687 0.6294 0.6019 0.6548 0.6421 0.7 0.6791 0.656 0.7069 0.6977 0.663 0.693 0.7116 0.6652 0.6722 0.7162 0.6652 0.6444 0.7069 0.6699 0.6374 0.6769 0.6722 0.6398 0.6941 0.6872 0.648 0.6826 0.7033 0.6596 0.671 0.7194 0.6641 0.648 0.7126 0.6641 0.6272 0.6918 0.6596 0.6249 0.6503 0.6572 0.6226 0.6111
0.1153 0.5673 0.0 0.6479 0.6618 0.717 0.6663 0.6502 0.7262 0.6732 0.641 0.7078 0.6779 0.6341 0.6801 0.6801 0.6341 0.6502 0.6687 0.6294 0.6019 0.6548 0.6202 0.7 0.6791 0.656 0.7069 0.6977 0.663 0.693 0.7116 0.6652 0.6722 0.7162 0.6652 0.6444 0.7069 0.6699 0.6374 0.6769 0.6722 0.6398 0.6583 0.6872 0.648 0.6826 0.7033 0.6596 0.671 0.7194 0.6641 0.648 0.7126 0.6641 0.6272 0.6918 0.6596 0.6249 0.6503 0.6572 0.6226 0.6111 0.6433
0.0917 0.5511 0.0 0.6618 0.717 0.6663 0.6502 0.7262 0.6732 0.641 0.7078 0.6779 0.6341 0.6801 0.6801 0.6341 0.6502 0.6687 0.6294 0.6019 0.6548 0.6202 0.5927 0.6791 0.656 0.7069 0.6977 0.663 0.693 0.7116 0.6652 0.6722 0.7162 0.6652 0.6444 0.7069 0.6699 0.6374 0.6769 0.6722 0.6398 0.6583 0.6652 0.648 0.6826 0.7033 0.6596 0.671 0.7194 0.6641 0.648 0.7126 0.6641 0.6272 0.6918 0.6596 0.6249 0.6503 0.6572 0.6226 0.6111 0.6433 0.618
0.0847 0.5373 0.0 0.717 0.6663 0.6502 0.7262 0.6732 0.641 0.7078 0.6779 0.6341 0.6801 0.6801 0.6341 0.6502 0.6687 0.6294 0.6019 0.6548 0.6202 0.5927 0.5673 0.656 0.7069 0.6977 0.663 0.693 0.7116 0.6652 0.6722 0.7162 0.6652 0.6444 0.7069 0.6699 0.6374 0.6769 0.6722 0.6398 0.6583 0.6652 0.6374 0.6826 0.7033 0.6596 0.671 0.7194 0.6641 0.648 0.7126 0.6641 0.6272 0.6918 0.6596 0.6249 0.6503 0.6572 0.6226 0.6111 0.6433 0.618 0.5949
0.054 0.5143 0.0 0.6663 0.6502 0.7262 0.6732 0.641 0.7078 0.6779 0.6341 0.6801 0.6801 0.6341 0.6502 0.6687 0.6294 0.6019 0.6548 0.6202 0.5927 0.5673 0.5511 0.7069 0.6977 0.663 0.693 0.7116 0.6652 0.6722 0.7162 0.6652 0.6444 0.7069 0.6699 0.6374 0.6769 0.6722 0.6398 0.6583 0.6652 0.6374 0.6098 0.7033 0.6596 0.671 0.7194 0.6641 0.648 0.7126 0.6641 0.6272 0.6918 0.6596 0.6249 0.6503 0.6572 0.6226 0.6111 0.6433 0.618 0.5949 0.5742
0.046 0.4982 0.0 0.6502 0.7262 0.6732 0.641 0.7078 0.6779 0.6341 0.6801 0.6801 0.6341 0.6502 0.6687 0.6294 0.6019 0.6548 0.6202 0.5927 0.5673 0.5511 0.5373 0.6977 0.663 0.693 0.7116 0.6652 0.6722 0.7162 0.6652 0.6444 0.7069 0.6699 0.6374 0.6769 0.6722 0.6398 0.6583 0.6652 0.6374 0.6098 0.5842 0.6596 0.671 0.7194 0.6641 0.648 0.7126 0.6641 0.6272 0.6918 0.6596 0.6249 0.6503 0.6572 0.6226 0.6111 0.6433 0.618 0.5949 0.5742 0.5627
0.0767 0.4936 0.0 0.7262 0.6732 0.641 0.7078 0.6779 0.6341 0.6801 0.6801 0.6341 0.6502 0.6687 0.6294 0.6019 0.6548 0.6202 0.5927 0.5673 0.5511 0.5373 0.5143 0.663 0.693 0.7116 0.6652 0.6722 0.7162 0.6652 0.6444 0.7069 0.6699 0.6374 0.6769 0.6722 0.6398 0.6583 0.6652 0.6374 0.6098 0.5842 0.5703 0.671 0.7194 0.6641 0.648 0.7126 0.6641 0.6272 0.6918 0.6596 0.6249 0.6503 0.6572 0.6226 0.6111 0.6433 0.618 0.5949 0.5742 0.5627 0.5511
0.0537 0.4729 0.0 0.6732 0.641 0.7078 0.6779 0.6341 0.6801 0.6801 0.6341 0.6502 0.6687 0.6294 0.6019 0.6548 0.6202 0.5927 0.5673 0.5511 0.5373 0.5143 0.4982 0.693 0.7116 0.6652 0.6722 0.7162 0.6652 0.6444 0.7069 0.6699 0.6374 0.6769 0.6722 0.6398 0.6583 0.6652 0.6374 0.6098 0.5842 0.5703 0.5496 0.7194 0.6641 0.648 0.7126 0.6641 0.6272 0.6918 0.6596 0.6249 0.6503 0.6572 0.6226 0.6111 0.6433 0.618 0.5949 0.5742 0.5627 0.5511 0.528
0.0153 0.4544 0.0 0.641 0.7078 0.6779 0.6341 0.6801 0.6801 0.6341 0.6502 0.6687 0.6294 0.6019 0.6548 0.6202 0.5927 0.5673 0.5511 0.5373 0.5143 0.4982 0.4936 0.7116 0.6652 0.6722 0.7162 0.6652 0.6444 0.7069 0.6699 0.6374 0.6769 0.6722 0.6398 0.6583 0.6652 0.6374 0.6098 0.5842 0.5703 0.5496 0.5241 0.6641 0.648 0.7126 0.6641 0.6272 0.6918 0.6596 0.6249 0.6503 0.6572 0.6226 0.6111 0.6433 0.618 0.5949 0.5742 0.5627 0.5511 0.528 0.5166
0.069 0.4521 0.0 0.7078 0.6779 0.6341 0.6801 0.6801 0.6341 0.6502 0.6687 0.6294 0.6019 0.6548 0.6202 0.5927 0.5673 0.5511 0.5373 0.5143 0.4982 0.4936 0.4729 0.6652 0.6722 0.7162 0.6652 0.6444 0.7069 0.6699 0.6374 0.6769 0.6722 0.6398 0.6583 0.6652 0.6374 0.6098 0.5842 0.5703 0.5496 0.5241 0.5171 0.648 0.7126 0.6641 0.6272 0.6918 0.6596 0.6249 0.6503 0.6572 0.6226 0.6111 0.6433 0.618 0.5949 0.5742 0.5627 0.5511 0.528 0.5166 0.5072
0.0617 0.4337 0.0 0.6779 0.6341 0.6801 0.6801 0.6341 0.6502 0.6687 0.6294 0.6019 0.6548 0.6202 0.5927 0.5673 0.5511 0.5373 0.5143 0.4982 0.4936 0.4729 0.4544 0.6722 0.7162 0.6652 0.6444 0.7069 0.6699 0.6374 0.6769 0.6722 0.6398 0.6583 0.6652 0.6374 0.6098 0.5842 0.5703 0.5496 0.5241 0.5171 0.5032 0.7126 0.6641 0.6272 0.6918 0.6596 0.6249 0.6503 0.6572 0.6226 0.6111 0.6433 0.618 0.5949 0.5742 0.5627 0.5511 0.528 0.5166 0.5072 0.4842
0.0077 0.413 0.0 0.6341 0.6801 0.6801 0.6341 0.6502 0.6687 0.6294 0.6019 0.6548 0.6202 0.5927 0.5673 0.5511 0.5373 0.5143 0.4982 0.4936 0.4729 0.4544 0.4521 0.7162 0.6652 0.6444 0.7069 0.6699 0.6374 0.6769 0.6722 0.6398 0.6583 0.6652 0.6374 0.6098 0.5842 0.5703 0.5496 0.5241 0.5171 0.5032 0.4778 0.6641 0.6272 0.6918 0.6596 0.6249 0.6503 0.6572 0.6226 0.6111 0.6433 0.618 0.5949 0.5742 0.5627 0.5511 0.528 0.5166 0.5072 0.4842 0.4703
0.0613 0.4107 0.0 0.6801 0.6801 0.6341 0.6502 0.6687 0.6294 0.6019 0.6548 0.6202 0.5927 0.5673 0.5511 0.5373 0.5143 0.4982 0.4936 0.4729 0.4544 0.4521 0.4337 0.6652 0.6444 0.7069 0.6699 0.6374 0.6769 0.6722 0.6398 0.6583 0.6652 0.6374 0.6098 0.5842 0.5703 0.5496 0.5241 0.5171 0.5032 0.4778 0.4662 0.6272 0.6918 0.6596 0.6249 0.6503 0.6572 0.6226 0.6111 0.6433 0.618 0.5949 0.5742 0.5627 0.5511 0.528 0.5166 0.5072 0.4842 0.4703 0.4681
0.069 0.3991 0.0 0.6801 0.6341 0.6502 0.6687 0.6294 0.6019 0.6548 0.6202 0.5927 0.5673 0.5511 0.5373 0.5143 0.4982 0.4936 0.4729 0.4544 0.4521 0.4337 0.413 0.6444 0.7069 0.6699 0.6374 0.6769 0.6722 0.6398 0.6583 0.6652 0.6374 0.6098 0.5842 0.5703 0.5496 0.5241 0.5171 0.5032 0.4778 0.4662 0.457 0.6918 0.6596 0.6249 0.6503 0.6572 0.6226 0.6111 0.6433 0.618 0.5949 0.5742 0.5627 0.5511 0.528 0.5166 0.5072 0.4842 0.4703 0.4681 0.445
0.0077 0.3784 0.0 0.6341 0.6502 0.6687 0.6294 0.6019 0.6548 0.6202 0.5927 0.5673 0.5511 0.5373 0.5143 0.4982 0.4936 0.4729 0.4544 0.4521 0.4337 0.413 0.4107 0.7069 0.6699 0.6374 0.6769 0.6722 0.6398 0.6583 0.6652 0.6374 0.6098 0.5842 0.5703 0.5496 0.5241 0.5171 0.5032 0.4778 0.4662 0.457 0.4361 0.6596 0.6249 0.6503 0.6572 0.6226 0.6111 0.6433 0.618 0.5949 0.5742 0.5627 0.5511 0.528 0.5166 0.5072 0.4842 0.4703 0.4681 0.445 0.4311
0.0387 0.3784 0.0 0.6502 0.6687 0.6294 0.6019 0.6548 0.6202 0.5927 0.5673 0.5511 0.5373 0.5143 0.4982 0.4936 0.4729 0.4544 0.4521 0.4337 0.413 0.4107 0.3991 0.6699 0.6374 0.6769 0.6722 0.6398 0.6583 0.6652 0.6374 0.6098 0.5842 0.5703 0.5496 0.5241 0.5171 0.5032 0.4778 0.4662 0.457 0.4361 0.4246 0.6249 0.6503 0.6572 0.6226 0.6111 0.6433 0.618 0.5949 0.5742 0.5627 0.5511 0.528 0.5166 0.5072 0.4842 0.4703 0.4681 0.445 0.4311 0.4289
0.069 0.3716 0.0 0.6687 0.6294 0.6019 0.6548 0.6202 0.5927 0.5673 0.5511 0.5373 0.5143 0.4982 0.4936 0.4729 0.4544 0.4521 0.4337 0.413 0.4107 0.3991 0.3784 0.6374 0.6769 0.6722 0.6398 0.6583 0.6652 0.6374 0.6098 0.5842 0.5703 0.5496 0.5241 0.5171 0.5032 0.4778 0.4662 0.457 0.4361 0.4246 0.4199 0.6503 0.6572 0.6226 0.6111 0.6433 0.618 0.5949 0.5742 0.5627 0.5511 0.528 0.5166 0.5072 0.4842 0.4703 0.4681 0.445 0.4311 0.4289 0.4127
0.0 0.3531 0.0 0.6294 0.6019 0.6548 0.6202 0.5927 0.5673 0.5511 0.5373 0.5143 0.4982 0.4936 0.4729 0.4544 0.4521 0.4337 0.413 0.4107 0.3991 0.3784 0.3784 0.6769 0.6722 0.6398 0.6583 0.6652 0.6374 0.6098 0.5842 0.5703 0.5496 0.5241 0.5171 0.5032 0.4778 0.4662 0.457 0.4361 0.4246 0.4199 0.4014 0.6572 0.6226 0.6111 0.6433 0.618 0.5949 0.5742 0.5627 0.5511 0.528 0.5166 0.5072 0.4842 0.4703 0.4681 0.445 0.4311 0.4289 0.4127 0.3966
0.0227 0.3462 0.0 0.6019 0.6548 0.6202 0.5927 0.5673 0.5511 0.5373 0.5143 0.4982 0.4936 0.4729 0.4544 0.4521 0.4337 0.413 0.4107 0.3991 0.3784 0.3784 0.3716 0.6722 0.6398 0.6583 0.6652 0.6374 0.6098 0.5842 0.5703 0.5496 0.5241 0.5171 0.5032 0.4778 0.4662 0.457 0.4361 0.4246 0.4199 0.4014 0.3899 0.6226 0.6111 0.6433 0.618 0.5949 0.5742 0.5627 0.5511 0.528 0.5166 0.5072 0.4842 0.4703 0.4681 0.445 0.4311 0.4289 0.4127 0.3966 0.3989
0.0617 0.3462 0.0 0.6548 0.6202 0.5927 0.5673 0.5511 0.5373 0.5143 0.4982 0.4936 0.4729 0.4544 0.4521 0.4337 0.413 0.4107 0.3991 0.3784 0.3784 0.3716 0.3531 0.6398 0.6583 0.6652 0.6374 0.6098 0.5842 0.5703 0.5496 0.5241 0.5171 0.5032 0.4778 0.4662 0.457 0.4361 0.4246 0.4199 0.4014 0.3899 0.3876 0.6111 0.6433 0.618 0.5949 0.5742 0.5627 0.5511 0.528 0.5166 0.5072 0.4842 0.4703 0.4681 0.445 0.4311 0.4289 0.4127 0.3966 0.3989 0.3897
0.023 0.3278 0.0 0.6202 0.5927 0.5673 0.5511 0.5373 0.5143 0.4982 0.4936 0.4729 0.4544 0.4521 0.4337 0.413 0.4107 0.3991 0.3784 0.3784 0.3716 0.3531 0.3462 0.6583 0.6652 0.6374 0.6098 0.5842 0.5703 0.5496 0.5241 0.5171 0.5032 0.4778 0.4662 0.457 0.4361 0.4246 0.4199 0.4014 0.3899 0.3876 0.3737 0.6433 0.618 0.5949 0.5742 0.5627 0.5511 0.528 0.5166 0.5072 0.4842 0.4703 0.4681 0.445 0.4311 0.4289 0.4127 0.3966 0.3989 0.3897 0.3712
0.0 0.3186 0.0 0.5927 0.5673 0.5511 0.5373 0.5143 0.4982 0.4936 0.4729 0.4544 0.4521 0.4337 0.413 0.4107 0.3991 0.3784 0.3784 0.3716 0.3531 0.3462 0.3462 0.6652 0.6374 0.6098 0.5842 0.5703 0.5496 0.5241 0.5171 0.5032 0.4778 0.4662 0.457 0.4361 0.4246 0.4199 0.4014 0.3899 0.3876 0.3737 0.3598 0.618 0.5949 0.5742 0.5627 0.5511 0.528 0.5166 0.5072 0.4842 0.4703 0.4681 0.445 0.4311 0.4289 0.4127 0.3966 0.3989 0.3897 0.3712 0.3689
0.0613 0.3162 0.0 0.5673 0.5511 0.5373 0.5143 0.4982 0.4936 0.4729 0.4544 0.4521 0.4337 0.413 0.4107 0.3991 0.3784 0.3784 0.3716 0.3531 0.3462 0.3462 0.3278 0.6374 0.6098 0.5842 0.5703 0.5496 0.5241 0.5171 0.5032 0.4778 0.4662 0.457 0.4361 0.4246 0.4199 0.4014 0.3899 0.3876 0.3737 0.3598 0.3574 0.5949 0.5742 0.5627 0.5511 0.528 0.5166 0.5072 0.4842 0.4703 0.4681 0.445 0.4311 0.4289 0.4127 0.3966 0.3989 0.3897 0.3712 0.3689 0.3597
0.0307 0.3024 0.0 0.5511 0.5373 0.5143 0.4982 0.4936 0.4729 0.4544 0.4521 0.4337 0.413 0.4107 0.3991 0.3784 0.3784 0.3716 0.3531 0.3462 0.3462 0.3278 0.3186 0.6098 0.5842 0.5703 0.5496 0.5241 0.5171 0.5032 0.4778 0.4662 0.457 0.4361 0.4246 0.4199 0.4014 0.3899 0.3876 0.3737 0.3598 0.3574 0.3459 0.5742 0.5627 0.5511 0.528 0.5166 0.5072 0.4842 0.4703 0.4681 0.445 0.4311 0.4289 0.4127 0.3966 0.3989 0.3897 0.3712 0.3689 0.3597 0.3436
0.008 0.2909 0.0 0.5373 0.5143 0.4982 0.4936 0.4729 0.4544 0.4521 0.4337 0.413 0.4107 0.3991 0.3784 0.3784 0.3716 0.3531 0.3462 0.3462 0.3278 0.3186 0.3162 0.5842 0.5703 0.5496 0.5241 0.5171 0.5032 0.4778 0.4662 0.457 0.4361 0.4246 0.4199 0.4014 0.3899 0.3876 0.3737 0.3598 0.3574 0.3459 0.332 0.5627 0.5511 0.528 0.5166 0.5072 0.4842 0.4703 0.4681 0.445 0.4311 0.4289 0.4127 0.3966 0.3989 0.3897 0.3712 0.3689 0.3597 0.3436 0.3366
0.046 0.2863 0.0 0.5143 0.4982 0.4936 0.4729 0.4544 0.4521 0.4337 0.413 0.4107 0.3991 0.3784 0.3784 0.3716 0.3531 0.3462 0.3462 0.3278 0.3186 0.3162 0.3024 0.5703 0.5496 0.5241 0.5171 0.5032 0.4778 0.4662 0.457 0.4361 0.4246 0.4199 0.4014 0.3899 0.3876 0.3737 0.3598 0.3574 0.3459 0.332 0.325 0.5511 0.528 0.5166 0.5072 0.4842 0.4703 0.4681 0.445 0.4311 0.4289 0.4127 0.3966 0.3989 0.3897 0.3712 0.3689 0.3597 0.3436 0.3366 0.332
0.0383 0.2771 0.0 0.4982 0.4936 0.4729 0.4544 0.4521 0.4337 0.413 0.4107 0.3991 0.3784 0.3784 0.3716 0.3531 0.3462 0.3462 0.3278 0.3186 0.3162 0.3024 0.2909 0.5496 0.5241 0.5171 0.5032 0.4778 0.4662 0.457 0.4361 0.4246 0.4199 0.4014 0.3899 0.3876 0.3737 0.3598 0.3574 0.3459 0.332 0.325 0.3181 0.528 0.5166 0.5072 0.4842 0.4703 0.4681 0.445 0.4311 0.4289 0.4127 0.3966 0.3989 0.3897 0.3712 0.3689 0.3597 0.3436 0.3366 0.332 0.3204
0.0153 0.2679 0.0 0.4936 0.4729 0.4544 0.4521 0.4337 0.413 0.4107 0.3991 0.3784 0.3784 0.3716 0.3531 0.3462 0.3462 0.3278 0.3186 0.3162 0.3024 0.2909 0.2863 0.5241 0.5171 0.5032 0.4778 0.4662 0.457 0.4361 0.4246 0.4199 0.4014 0.3899 0.3876 0.3737 0.3598 0.3574 0.3459 0.332 0.325 0.3181 0.3066 0.5166 0.5072 0.4842 0.4703 0.4681 0.445 0.4311 0.4289 0.4127 0.3966 0.3989 0.3897 0.3712 0.3689 0.3597 0.3436 0.3366 0.332 0.3204 0.3112
0.0307 0.2587 0.0 0.4729 0.4544 0.4521 0.4337 0.413 0.4107 0.3991 0.3784 0.3784 0.3716 0.3531 0.3462 0.3462 0.3278 0.3186 0.3162 0.3024 0.2909 0.2863 0.2771 0.5171 0.5032 0.4778 0.4662 0.457 0.4361 0.4246 0.4199 0.4014 0.3899 0.3876 0.3737 0.3598 0.3574 0.3459 0.332 0.325 0.3181 0.3066 0.2996 0.5072 0.4842 0.4703 0.4681 0.445 0.4311 0.4289 0.4127 0.3966 0.3989 0.3897 0.3712 0.3689 0.3597 0.3436 0.3366 0.332 0.3204 0.3112 0.3043
0.0307 0.254 0.0 0.4544 0.4521 0.4337 0.413 0.4107 0.3991 0.3784 0.3784 0.3716 0.3531 0.3462 0.3462 0.3278 0.3186 0.3162 0.3024 0.2909 0.2863 0.2771 0.2679 0.5032 0.4778 0.4662 0.457 0.4361 0.4246 0.4199 0.4014 0.3899 0.3876 0.3737 0.3598 0.3574 0.3459 0.332 0.325 0.3181 0.3066 0.2996 0.2903 0.4842 0.4703 0.4681 0.445 0.4311 0.4289 0.4127 0.3966 0.3989 0.3897 0.3712 0.3689 0.3597 0.3436 0.3366 0.332 0.3204 0.3112 0.3043 0.2951
0.0307 0.2426 0.0 0.4521 0.4337 0.413 0.4107 0.3991 0.3784 0.3784 0.3716 0.3531 0.3462 0.3462 0.3278 0.3186 0.3162 0.3024 0.2909 0.2863 0.2771 0.2679 0.2587 0.4778 0.4662 0.457 0.4361 0.4246 0.4199 0.4014 0.3899 0.3876 0.3737 0.3598 0.3574 0.3459 0.332 0.325 0.3181 0.3066 0.2996 0.2903 0.2811 0.4703 0.4681 0.445 0.4311 0.4289 0.4127 0.3966 0.3989 0.3897 0.3712 0.3689 0.3597 0.3436 0.3366 0.332 0.3204 0.3112 0.3043 0.2951 0.2836
0.0157 0.261 0.0 0.4337 0.413 0.4107 0.3991 0.3784 0.3784 0.3716 0.3531 0.3462 0.3462 0.3278 0.3186 0.3162 0.3024 0.2909 0.2863 0.2771 0.2679 0.2587 0.254 0.4662 0.457 0.4361 0.4246 0.4199 0.4014 0.3899 0.3876 0.3737 0.3598 0.3574 0.3459 0.332 0.325 0.3181 0.3066 0.2996 0.2903 0.2811 0.2718 0.4681 0.445 0.4311 0.4289 0.4127 0.3966 0.3989 0.3897 0.3712 0.3689 0.3597 0.3436 0.3366 0.332 0.3204 0.3112 0.3043 0.2951 0.2836 0.2789
0.038 0.2518 0.0 0.413 0.4107 0.3991 0.3784 0.3784 0.3716 0.3531 0.3462 0.3462 0.3278 0.3186 0.3162 0.3024 0.2909 0.2863 0.2771 0.2679 0.2587 0.254 0.2426 0.457 0.4361 0.4246 0.4199 0.4014 0.3899 0.3876 0.3737 0.3598 0.3574 0.3459 0.332 0.325 0.3181 0.3066 0.2996 0.2903 0.2811 0.2718 0.2672 0.445 0.4311 0.4289 0.4127 0.3966 0.3989 0.3897 0.3712 0.3689 0.3597 0.3436 0.3366 0.332 0.3204 0.3112 0.3043 0.2951 0.2836 0.2789 0.272
0.0613 0.2771 0.0 0.4107 0.3991 0.3784 0.3784 0.3716 0.3531 0.3462 0.3462 0.3278 0.3186 0.3162 0.3024 0.2909 0.2863 0.2771 0.2679 0.2587 0.254 0.2426 0.261 0.4361 0.4246 0.4199 0.4014 0.3899 0.3876 0.3737 0.3598 0.3574 0.3459 0.332 0.325 0.3181 0.3066 0.2996 0.2903 0.2811 0.2718 0.2672 0.2602 0.4311 0.4289 0.4127 0.3966 0.3989 0.3897 0.3712 0.3689 0.3597 0.3436 0.3366 0.332 0.3204 0.3112 0.3043 0.2951 0.2836 0.2789 0.272 0.3158
0.0307 0.36 0.0 0.3991 0.3784 0.3784 0.3716 0.3531 0.3462 0.3462 0.3278 0.3186 0.3162 0.3024 0.2909 0.2863 0.2771 0.2679 0.2587 0.254 0.2426 0.261 0.2518 0.4246 0.4199 0.4014 0.3899 0.3876 0.3737 0.3598 0.3574 0.3459 0.332 0.325 0.3181 0.3066 0.2996 0.2903 0.2811 0.2718 0.2672 0.2602 0.3273 0.4289 0.4127 0.3966 0.3989 0.3897 0.3712 0.3689 0.3597 0.3436 0.3366 0.332 0.3204 0.3112 0.3043 0.2951 0.2836 0.2789 0.272 0.3158 0.3389
0.0843 0.3323 0.0 0.3784 0.3784 0.3716 0.3531 0.3462 0.3462 0.3278 0.3186 0.3162 0.3024 0.2909 0.2863 0.2771 0.2679 0.2587 0.254 0.2426 0.261 0.2518 0.2771 0.4199 0.4014 0.3899 0.3876 0.3737 0.3598 0.3574 0.3459 0.332 0.325 0.3181 0.3066 0.2996 0.2903 0.2811 0.2718 0.2672 0.2602 0.3273 0.325 0.4127 0.3966 0.3989 0.3897 0.3712 0.3689 0.3597 0.3436 0.3366 0.332 0.3204 0.3112 0.3043 0.2951 0.2836 0.2789 0.272 0.3158 0.3389 0.3112
0.2763 0.3254 0.0 0.3784 0.3716 0.3531 0.3462 0.3462 0.3278 0.3186 0.3162 0.3024 0.2909 0.2863 0.2771 0.2679 0.2587 0.254 0.2426 0.261 0.2518 0.2771 0.36 0.4014 0.3899 0.3876 0.3737 0.3598 0.3574 0.3459 0.332 0.325 0.3181 0.3066 0.2996 0.2903 0.2811 0.2718 0.2672 0.2602 0.3273 0.325 0.3066 0.3966 0.3989 0.3897 0.3712 0.3689 0.3597 0.3436 0.3366 0.332 0.3204 0.3112 0.3043 0.2951 0.2836 0.2789 0.272 0.3158 0.3389 0.3112 0.355
0.0923 0.4152 0.0 0.3716 0.3531 0.3462 0.3462 0.3278 0.3186 0.3162 0.3024 0.2909 0.2863 0.2771 0.2679 0.2587 0.254 0.2426 0.261 0.2518 0.2771 0.36 0.3323 0.3899 0.3876 0.3737 0.3598 0.3574 0.3459 0.332 0.325 0.3181 0.3066 0.2996 0.2903 0.2811 0.2718 0.2672 0.2602 0.3273 0.325 0.3066 0.3667 0.3989 0.3897 0.3712 0.3689 0.3597 0.3436 0.3366 0.332 0.3204 0.3112 0.3043 0.2951 0.2836 0.2789 0.272 0.3158 0.3389 0.3112 0.355 0.3919
0.023 0.3853 0.0 0.3531 0.3462 0.3462 0.3278 0.3186 0.3162 0.3024 0.2909 0.2863 0.2771 0.2679 0.2587 0.254 0.2426 0.261 0.2518 0.2771 0.36 0.3323 0.3254 0.3876 0.3737 0.3598 0.3574 0.3459 0.332 0.325 0.3181 0.3066 0.2996 0.2903 0.2811 0.2718 0.2672 0.2602 0.3273 0.325 0.3066 0.3667 0.3737 0.3897 0.3712 0.3689 0.3597 0.3436 0.3366 0.332 0.3204 0.3112 0.3043 0.2951 0.2836 0.2789 0.272 0.3158 0.3389 0.3112 0.355 0.3919 0.355
0.2993 0.36 0.0 0.3462 0.3462 0.3278 0.3186 0.3162 0.3024 0.2909 0.2863 0.2771 0.2679 0.2587 0.254 0.2426 0.261 0.2518 0.2771 0.36 0.3323 0.3254 0.4152 0.3737 0.3598 0.3574 0.3459 0.332 0.325 0.3181 0.3066 0.2996 0.2903 0.2811 0.2718 0.2672 0.2602 0.3273 0.325 0.3066 0.3667 0.3737 0.3482 0.3712 0.3689 0.3597 0.3436 0.3366 0.332 0.3204 0.3112 0.3043 0.2951 0.2836 0.2789 0.272 0.3158 0.3389 0.3112 0.355 0.3919 0.355 0.3712
0.0997 0.4452 0.0 0.3462 0.3278 0.3186 0.3162 0.3024 0.2909 0.2863 0.2771 0.2679 0.2587 0.254 0.2426 0.261 0.2518 0.2771 0.36 0.3323 0.3254 0.4152 0.3853 0.3598 0.3574 0.3459 0.332 0.325 0.3181 0.3066 0.2996 0.2903 0.2811 0.2718 0.2672 0.2602 0.3273 0.325 0.3066 0.3667 0.3737 0.3482 0.3852 0.3689 0.3597 0.3436 0.3366 0.332 0.3204 0.3112 0.3043 0.2951 0.2836 0.2789 0.272 0.3158 0.3389 0.3112 0.355 0.3919 0.355 0.3712 0.4358
0.0843 0.4337 0.0 0.3278 0.3186 0.3162 0.3024 0.2909 0.2863 0.2771 0.2679 0.2587 0.254 0.2426 0.261 0.2518 0.2771 0.36 0.3323 0.3254 0.4152 0.3853 0.36 0.3574 0.3459 0.332 0.325 0.3181 0.3066 0.2996 0.2903 0.2811 0.2718 0.2672 0.2602 0.3273 0.325 0.3066 0.3667 0.3737 0.3482 0.3852 0.4199 0.3597 0.3436 0.3366 0.332 0.3204 0.3112 0.3043 0.2951 0.2836 0.2789 0.272 0.3158 0.3389 0.3112 0.355 0.3919 0.355 0.3712 0.4358 0.3919
0.284 0.3946 0.0 0.3186 0.3162 0.3024 0.2909 0.2863 0.2771 0.2679 0.2587 0.254 0.2426 0.261 0.2518 0.2771 0.36 0.3323 0.3254 0.4152 0.3853 0.36 0.4452 0.3459 0.332 0.325 0.3181 0.3066 0.2996 0.2903 0.2811 0.2718 0.2672 0.2602 0.3273 0.325 0.3066 0.3667 0.3737 0.3482 0.3852 0.4199 0.3852 0.3436 0.3366 0.332 0.3204 0.3112 0.3043 0.2951 0.2836 0.2789 0.272 0.3158 0.3389 0.3112 0.355 0.3919 0.355 0.3712 0.4358 0.3919 0.3758
0.0383 0.4476 0.0 0.3162 0.3024 0.2909 0.2863 0.2771 0.2679 0.2587 0.254 0.2426 0.261 0.2518 0.2771 0.36 0.3323 0.3254 0.4152 0.3853 0.36 0.4452 0.4337 0.332 0.325 0.3181 0.3066 0.2996 0.2903 0.2811 0.2718 0.2672 0.2602 0.3273 0.325 0.3066 0.3667 0.3737 0.3482 0.3852 0.4199 0.3852 0.3921 0.3366 0.332 0.3204 0.3112 0.3043 0.2951 0.2836 0.2789 0.272 0.3158 0.3389 0.3112 0.355 0.3919 0.355 0.3712 0.4358 0.3919 0.3758 0.4589
0.1303 0.4729 0.0 0.3024 0.2909 0.2863 0.2771 0.2679 0.2587 0.254 0.2426 0.261 0.2518 0.2771 0.36 0.3323 0.3254 0.4152 0.3853 0.36 0.4452 0.4337 0.3946 0.325 0.3181 0.3066 0.2996 0.2903 0.2811 0.2718 0.2672 0.2602 0.3273 0.325 0.3066 0.3667 0.3737 0.3482 0.3852 0.4199 0.3852 0.3921 0.4593 0.332 0.3204 0.3112 0.3043 0.2951 0.2836 0.2789 0.272 0.3158 0.3389 0.3112 0.355 0.3919 0.355 0.3712 0.4358 0.3919 0.3758 0.4589 0.4242
0.1767 0.4314 0.0 0.2909 0.2863 0.2771 0.2679 0.2587 0.254 0.2426 0.261 0.2518 0.2771 0.36 0.3323 0.3254 0.4152 0.3853 0.36 0.4452 0.4337 0.3946 0.4476 0.3181 0.3066 0.2996 0.2903 0.2811 0.2718 0.2672 0.2602 0.3273 0.325 0.3066 0.3667 0.3737 0.3482 0.3852 0.4199 0.3852 0.3921 0.4593 0.4222 0.3204 0.3112 0.3043 0.2951 0.2836 0.2789 0.272 0.3158 0.3389 0.3112 0.355 0.3919 0.355 0.3712 0.4358 0.3919 0.3758 0.4589 0.4242 0.3966
0.0843 0.436 0.0 0.2863 0.2771 0.2679 0.2587 0.254 0.2426 0.261 0.2518 0.2771 0.36 0.3323 0.3254 0.4152 0.3853 0.36 0.4452 0.4337 0.3946 0.4476 0.4729 0.3066 0.2996 0.2903 0.2811 0.2718 0.2672 0.2602 0.3273 0.325 0.3066 0.3667 0.3737 0.3482 0.3852 0.4199 0.3852 0.3921 0.4593 0.4222 0.406 0.3112 0.3043 0.2951 0.2836 0.2789 0.272 0.3158 0.3389 0.3112 0.355 0.3919 0.355 0.3712 0.4358 0.3919 0.3758 0.4589 0.4242 0.3966 0.4611
0.1383 0.5028 0.0 0.2771 0.2679 0.2587 0.254 0.2426 0.261 0.2518 0.2771 0.36 0.3323 0.3254 0.4152 0.3853 0.36 0.4452 0.4337 0.3946 0.4476 0.4729 0.4314 0.2996 0.2903 0.2811 0.2718 0.2672 0.2602 0.3273 0.325 0.3066 0.3667 0.3737 0.3482 0.3852 0.4199 0.3852 0.3921 0.4593 0.4222 0.406 0.4801 0.3043 0.2951 0.2836 0.2789 0.272 0.3158 0.3389 0.3112 0.355 0.3919 0.355 0.3712 0.4358 0.3919 0.3758 0.4589 0.4242 0.3966 0.4611 0.4611
0.0153 0.4637 0.0 0.2679 0.2587 0.254 0.2426 0.261 0.2518 0.2771 0.36 0.3323 0.3254 0.4152 0.3853 0.36 0.4452 0.4337 0.3946 0.4476 0.4729 0.4314 0.436 0.2903 0.2811 0.2718 0.2672 0.2602 0.3273 0.325 0.3066 0.3667 0.3737 0.3482 0.3852 0.4199 0.3852 0.3921 0.4593 0.4222 0.406 0.4801 0.4639 0.2951 0.2836 0.2789 0.272 0.3158 0.3389 0.3112 0.355 0.3919 0.355 0.3712 0.4358 0.3919 0.3758 0.4589 0.4242 0.3966 0.4611 0.4611 0.4289
0.2227 0.4452 0.0 0.2587 0.254 0.2426 0.261 0.2518 0.2771 0.36 0.3323 0.3254 0.4152 0.3853 0.36 0.4452 0.4337 0.3946 0.4476 0.4729 0.4314 0.436 0.5028 0.2811 0.2718 0.2672 0.2602 0.3273 0.325 0.3066 0.3667 0.3737 0.3482 0.3852 0.4199 0.3852 0.3921 0.4593 0.4222 0.406 0.4801 0.4639 0.4384 0.2836 0.2789 0.272 0.3158 0.3389 0.3112 0.355 0.3919 0.355 0.3712 0.4358 0.3919 0.3758 0.4589 0.4242 0.3966 0.4611 0.4611 0.4289 0.4519
