0.5417 1.0 0.0687 0.59 0.6 0.61 0.62 0.63 0.64 0.65 0.66 0.67 0.68 0.69 0.7 0.71 0.72 0.73 0.74 0.75 0.76 0.77 0.78 0.802 0.8066 0.7674 0.7536 0.7973 0.7628 0.7352 0.7951 0.7674 0.7329 0.7144 0.696 0.673 0.65 0.6384 0.62 0.597 0.5901 0.5762 0.5556 0.6722 0.6444 0.6953 0.6722 0.6374 0.6769 0.6814 0.6444 0.663 0.6884 0.6491 0.6143 0.5912 0.5703 0.5449 0.5264 0.5148 0.4893 0.4732 0.4662 0.6272 0.671 0.6618 0.6272 0.6549 0.6526 0.6249 0.6157 0.6411 0.6226 0.5972 0.5811 0.5696 0.5488 0.528 0.5211 0.5003 0.4796 0.475 0.4589
0.521 1.0 0.0233 0.6 0.61 0.62 0.63 0.64 0.65 0.66 0.67 0.68 0.69 0.7 0.71 0.72 0.73 0.74 0.75 0.76 0.77 0.78 0.79 0.8066 0.7674 0.7536 0.7973 0.7628 0.7352 0.7951 0.7674 0.7329 0.7144 0.696 0.673 0.65 0.6384 0.62 0.597 0.5901 0.5762 0.5556 0.5486 0.6444 0.6953 0.6722 0.6374 0.6769 0.6814 0.6444 0.663 0.6884 0.6491 0.6143 0.5912 0.5703 0.5449 0.5264 0.5148 0.4893 0.4732 0.4662 0.4454 0.671 0.6618 0.6272 0.6549 0.6526 0.6249 0.6157 0.6411 0.6226 0.5972 0.5811 0.5696 0.5488 0.528 0.5211 0.5003 0.4796 0.475 0.4589 0.4381
0.514 1.0 0.023 0.61 0.62 0.63 0.64 0.65 0.66 0.67 0.68 0.69 0.7 0.71 0.72 0.73 0.74 0.75 0.76 0.77 0.78 0.79 0.8 0.7674 0.7536 0.7973 0.7628 0.7352 0.7951 0.7674 0.7329 0.7144 0.696 0.673 0.65 0.6384 0.62 0.597 0.5901 0.5762 0.5556 0.5486 0.5417 0.6953 0.6722 0.6374 0.6769 0.6814 0.6444 0.663 0.6884 0.6491 0.6143 0.5912 0.5703 0.5449 0.5264 0.5148 0.4893 0.4732 0.4662 0.4454 0.4292 0.6618 0.6272 0.6549 0.6526 0.6249 0.6157 0.6411 0.6226 0.5972 0.5811 0.5696 0.5488 0.528 0.5211 0.5003 0.4796 0.475 0.4589 0.4381 0.4358
0.5118 1.0 0.069 0.62 0.63 0.64 0.65 0.66 0.67 0.68 0.69 0.7 0.71 0.72 0.73 0.74 0.75 0.76 0.77 0.78 0.79 0.8 0.81 0.7536 0.7973 0.7628 0.7352 0.7951 0.7674 0.7329 0.7144 0.696 0.673 0.65 0.6384 0.62 0.597 0.5901 0.5762 0.5556 0.5486 0.5417 0.521 0.6722 0.6374 0.6769 0.6814 0.6444 0.663 0.6884 0.6491 0.6143 0.5912 0.5703 0.5449 0.5264 0.5148 0.4893 0.4732 0.4662 0.4454 0.4292 0.4269 0.6272 0.6549 0.6526 0.6249 0.6157 0.6411 0.6226 0.5972 0.5811 0.5696 0.5488 0.528 0.5211 0.5003 0.4796 0.475 0.4589 0.4381 0.4358 0.4242
0.4933 1.0 0.0233 0.63 0.64 0.65 0.66 0.67 0.68 0.69 0.7 0.71 0.72 0.73 0.74 0.75 0.76 0.77 0.78 0.79 0.8 0.81 0.82 0.7973 0.7628 0.7352 0.7951 0.7674 0.7329 0.7144 0.696 0.673 0.65 0.6384 0.62 0.597 0.5901 0.5762 0.5556 0.5486 0.5417 0.521 0.514 0.6374 0.6769 0.6814 0.6444 0.663 0.6884 0.6491 0.6143 0.5912 0.5703 0.5449 0.5264 0.5148 0.4893 0.4732 0.4662 0.4454 0.4292 0.4269 0.4107 0.6549 0.6526 0.6249 0.6157 0.6411 0.6226 0.5972 0.5811 0.5696 0.5488 0.528 0.5211 0.5003 0.4796 0.475 0.4589 0.4381 0.4358 0.4242 0.4034
0.4818 1.0 0.0073 0.64 0.65 0.66 0.67 0.68 0.69 0.7 0.71 0.72 0.73 0.74 0.75 0.76 0.77 0.78 0.79 0.8 0.81 0.82 0.83 0.7628 0.7352 0.7951 0.7674 0.7329 0.7144 0.696 0.673 0.65 0.6384 0.62 0.597 0.5901 0.5762 0.5556 0.5486 0.5417 0.521 0.514 0.5118 0.6769 0.6814 0.6444 0.663 0.6884 0.6491 0.6143 0.5912 0.5703 0.5449 0.5264 0.5148 0.4893 0.4732 0.4662 0.4454 0.4292 0.4269 0.4107 0.3944 0.6526 0.6249 0.6157 0.6411 0.6226 0.5972 0.5811 0.5696 0.5488 0.528 0.5211 0.5003 0.4796 0.475 0.4589 0.4381 0.4358 0.4242 0.4034 0.4012
0.4841 1.0 0.0617 0.65 0.66 0.67 0.68 0.69 0.7 0.71 0.72 0.73 0.74 0.75 0.76 0.77 0.78 0.79 0.8 0.81 0.82 0.83 0.84 0.7352 0.7951 0.7674 0.7329 0.7144 0.696 0.673 0.65 0.6384 0.62 0.597 0.5901 0.5762 0.5556 0.5486 0.5417 0.521 0.514 0.5118 0.4933 0.6814 0.6444 0.663 0.6884 0.6491 0.6143 0.5912 0.5703 0.5449 0.5264 0.5148 0.4893 0.4732 0.4662 0.4454 0.4292 0.4269 0.4107 0.3944 0.3899 0.6249 0.6157 0.6411 0.6226 0.5972 0.5811 0.5696 0.5488 0.528 0.5211 0.5003 0.4796 0.475 0.4589 0.4381 0.4358 0.4242 0.4034 0.4012 0.3966
0.468 1.0 0.0383 0.66 0.67 0.68 0.69 0.7 0.71 0.72 0.73 0.74 0.75 0.76 0.77 0.78 0.79 0.8 0.81 0.82 0.83 0.84 0.85 0.7951 0.7674 0.7329 0.7144 0.696 0.673 0.65 0.6384 0.62 0.597 0.5901 0.5762 0.5556 0.5486 0.5417 0.521 0.514 0.5118 0.4933 0.4818 0.6444 0.663 0.6884 0.6491 0.6143 0.5912 0.5703 0.5449 0.5264 0.5148 0.4893 0.4732 0.4662 0.4454 0.4292 0.4269 0.4107 0.3944 0.3899 0.3806 0.6157 0.6411 0.6226 0.5972 0.5811 0.5696 0.5488 0.528 0.5211 0.5003 0.4796 0.475 0.4589 0.4381 0.4358 0.4242 0.4034 0.4012 0.3966 0.3781
0.4564 1.0 0.0077 0.67 0.68 0.69 0.7 0.71 0.72 0.73 0.74 0.75 0.76 0.77 0.78 0.79 0.8 0.81 0.82 0.83 0.84 0.85 0.86 0.7674 0.7329 0.7144 0.696 0.673 0.65 0.6384 0.62 0.597 0.5901 0.5762 0.5556 0.5486 0.5417 0.521 0.514 0.5118 0.4933 0.4818 0.4841 0.663 0.6884 0.6491 0.6143 0.5912 0.5703 0.5449 0.5264 0.5148 0.4893 0.4732 0.4662 0.4454 0.4292 0.4269 0.4107 0.3944 0.3899 0.3806 0.3667 0.6411 0.6226 0.5972 0.5811 0.5696 0.5488 0.528 0.5211 0.5003 0.4796 0.475 0.4589 0.4381 0.4358 0.4242 0.4034 0.4012 0.3966 0.3781 0.3734
0.4564 1.0 0.0537 0.68 0.69 0.7 0.71 0.72 0.73 0.74 0.75 0.76 0.77 0.78 0.79 0.8 0.81 0.82 0.83 0.84 0.85 0.86 0.87 0.7329 0.7144 0.696 0.673 0.65 0.6384 0.62 0.597 0.5901 0.5762 0.5556 0.5486 0.5417 0.521 0.514 0.5118 0.4933 0.4818 0.4841 0.468 0.6884 0.6491 0.6143 0.5912 0.5703 0.5449 0.5264 0.5148 0.4893 0.4732 0.4662 0.4454 0.4292 0.4269 0.4107 0.3944 0.3899 0.3806 0.3667 0.3598 0.6226 0.5972 0.5811 0.5696 0.5488 0.528 0.5211 0.5003 0.4796 0.475 0.4589 0.4381 0.4358 0.4242 0.4034 0.4012 0.3966 0.3781 0.3734 0.3666
0.4427 1.0 0.0387 0.69 0.7 0.71 0.72 0.73 0.74 0.75 0.76 0.77 0.78 0.79 0.8 0.81 0.82 0.83 0.84 0.85 0.86 0.87 0.88 0.7144 0.696 0.673 0.65 0.6384 0.62 0.597 0.5901 0.5762 0.5556 0.5486 0.5417 0.521 0.514 0.5118 0.4933 0.4818 0.4841 0.468 0.4564 0.6491 0.6143 0.5912 0.5703 0.5449 0.5264 0.5148 0.4893 0.4732 0.4662 0.4454 0.4292 0.4269 0.4107 0.3944 0.3899 0.3806 0.3667 0.3598 0.3528 0.5972 0.5811 0.5696 0.5488 0.528 0.5211 0.5003 0.4796 0.475 0.4589 0.4381 0.4358 0.4242 0.4034 0.4012 0.3966 0.3781 0.3734 0.3666 0.3504
0.4288 1.0 0.0 0.7 0.71 0.72 0.73 0.74 0.75 0.76 0.77 0.78 0.79 0.8 0.81 0.82 0.83 0.84 0.85 0.86 0.87 0.88 0.89 0.696 0.673 0.65 0.6384 0.62 0.597 0.5901 0.5762 0.5556 0.5486 0.5417 0.521 0.514 0.5118 0.4933 0.4818 0.4841 0.468 0.4564 0.4564 0.6143 0.5912 0.5703 0.5449 0.5264 0.5148 0.4893 0.4732 0.4662 0.4454 0.4292 0.4269 0.4107 0.3944 0.3899 0.3806 0.3667 0.3598 0.3528 0.3389 0.5811 0.5696 0.5488 0.528 0.5211 0.5003 0.4796 0.475 0.4589 0.4381 0.4358 0.4242 0.4034 0.4012 0.3966 0.3781 0.3734 0.3666 0.3504 0.3436
0.4242 1.0 0.0457 0.71 0.72 0.73 0.74 0.75 0.76 0.77 0.78 0.79 0.8 0.81 0.82 0.83 0.84 0.85 0.86 0.87 0.88 0.89 0.9 0.673 0.65 0.6384 0.62 0.597 0.5901 0.5762 0.5556 0.5486 0.5417 0.521 0.514 0.5118 0.4933 0.4818 0.4841 0.468 0.4564 0.4564 0.4427 0.5912 0.5703 0.5449 0.5264 0.5148 0.4893 0.4732 0.4662 0.4454 0.4292 0.4269 0.4107 0.3944 0.3899 0.3806 0.3667 0.3598 0.3528 0.3389 0.3297 0.5696 0.5488 0.528 0.5211 0.5003 0.4796 0.475 0.4589 0.4381 0.4358 0.4242 0.4034 0.4012 0.3966 0.3781 0.3734 0.3666 0.3504 0.3436 0.3389
0.4127 1.0 0.0463 0.72 0.73 0.74 0.75 0.76 0.77 0.78 0.79 0.8 0.81 0.82 0.83 0.84 0.85 0.86 0.87 0.88 0.89 0.9 0.91 0.65 0.6384 0.62 0.597 0.5901 0.5762 0.5556 0.5486 0.5417 0.521 0.514 0.5118 0.4933 0.4818 0.4841 0.468 0.4564 0.4564 0.4427 0.4288 0.5703 0.5449 0.5264 0.5148 0.4893 0.4732 0.4662 0.4454 0.4292 0.4269 0.4107 0.3944 0.3899 0.3806 0.3667 0.3598 0.3528 0.3389 0.3297 0.325 0.5488 0.528 0.5211 0.5003 0.4796 0.475 0.4589 0.4381 0.4358 0.4242 0.4034 0.4012 0.3966 0.3781 0.3734 0.3666 0.3504 0.3436 0.3389 0.325
0.4034 1.0 0.0153 0.73 0.74 0.75 0.76 0.77 0.78 0.79 0.8 0.81 0.82 0.83 0.84 0.85 0.86 0.87 0.88 0.89 0.9 0.91 0.92 0.6384 0.62 0.597 0.5901 0.5762 0.5556 0.5486 0.5417 0.521 0.514 0.5118 0.4933 0.4818 0.4841 0.468 0.4564 0.4564 0.4427 0.4288 0.4242 0.5449 0.5264 0.5148 0.4893 0.4732 0.4662 0.4454 0.4292 0.4269 0.4107 0.3944 0.3899 0.3806 0.3667 0.3598 0.3528 0.3389 0.3297 0.325 0.3111 0.528 0.5211 0.5003 0.4796 0.475 0.4589 0.4381 0.4358 0.4242 0.4034 0.4012 0.3966 0.3781 0.3734 0.3666 0.3504 0.3436 0.3389 0.325 0.3158
0.3966 1.0 0.0383 0.74 0.75 0.76 0.77 0.78 0.79 0.8 0.81 0.82 0.83 0.84 0.85 0.86 0.87 0.88 0.89 0.9 0.91 0.92 0.93 0.62 0.597 0.5901 0.5762 0.5556 0.5486 0.5417 0.521 0.514 0.5118 0.4933 0.4818 0.4841 0.468 0.4564 0.4564 0.4427 0.4288 0.4242 0.4127 0.5264 0.5148 0.4893 0.4732 0.4662 0.4454 0.4292 0.4269 0.4107 0.3944 0.3899 0.3806 0.3667 0.3598 0.3528 0.3389 0.3297 0.325 0.3111 0.3042 0.5211 0.5003 0.4796 0.475 0.4589 0.4381 0.4358 0.4242 0.4034 0.4012 0.3966 0.3781 0.3734 0.3666 0.3504 0.3436 0.3389 0.325 0.3158 0.3089
0.3873 1.0 0.031 0.75 0.76 0.77 0.78 0.79 0.8 0.81 0.82 0.83 0.84 0.85 0.86 0.87 0.88 0.89 0.9 0.91 0.92 0.93 0.94 0.597 0.5901 0.5762 0.5556 0.5486 0.5417 0.521 0.514 0.5118 0.4933 0.4818 0.4841 0.468 0.4564 0.4564 0.4427 0.4288 0.4242 0.4127 0.4034 0.5148 0.4893 0.4732 0.4662 0.4454 0.4292 0.4269 0.4107 0.3944 0.3899 0.3806 0.3667 0.3598 0.3528 0.3389 0.3297 0.325 0.3111 0.3042 0.295 0.5003 0.4796 0.475 0.4589 0.4381 0.4358 0.4242 0.4034 0.4012 0.3966 0.3781 0.3734 0.3666 0.3504 0.3436 0.3389 0.325 0.3158 0.3089 0.2973
0.3804 1.0 0.0227 0.76 0.77 0.78 0.79 0.8 0.81 0.82 0.83 0.84 0.85 0.86 0.87 0.88 0.89 0.9 0.91 0.92 0.93 0.94 0.95 0.5901 0.5762 0.5556 0.5486 0.5417 0.521 0.514 0.5118 0.4933 0.4818 0.4841 0.468 0.4564 0.4564 0.4427 0.4288 0.4242 0.4127 0.4034 0.3966 0.4893 0.4732 0.4662 0.4454 0.4292 0.4269 0.4107 0.3944 0.3899 0.3806 0.3667 0.3598 0.3528 0.3389 0.3297 0.325 0.3111 0.3042 0.295 0.2857 0.4796 0.475 0.4589 0.4381 0.4358 0.4242 0.4034 0.4012 0.3966 0.3781 0.3734 0.3666 0.3504 0.3436 0.3389 0.325 0.3158 0.3089 0.2973 0.2881
0.3712 1.0 0.031 0.77 0.78 0.79 0.8 0.81 0.82 0.83 0.84 0.85 0.86 0.87 0.88 0.89 0.9 0.91 0.92 0.93 0.94 0.95 0.96 0.5762 0.5556 0.5486 0.5417 0.521 0.514 0.5118 0.4933 0.4818 0.4841 0.468 0.4564 0.4564 0.4427 0.4288 0.4242 0.4127 0.4034 0.3966 0.3873 0.4732 0.4662 0.4454 0.4292 0.4269 0.4107 0.3944 0.3899 0.3806 0.3667 0.3598 0.3528 0.3389 0.3297 0.325 0.3111 0.3042 0.295 0.2857 0.2788 0.475 0.4589 0.4381 0.4358 0.4242 0.4034 0.4012 0.3966 0.3781 0.3734 0.3666 0.3504 0.3436 0.3389 0.325 0.3158 0.3089 0.2973 0.2881 0.2836
0.3667 1.0 0.023 0.78 0.79 0.8 0.81 0.82 0.83 0.84 0.85 0.86 0.87 0.88 0.89 0.9 0.91 0.92 0.93 0.94 0.95 0.96 0.97 0.5556 0.5486 0.5417 0.521 0.514 0.5118 0.4933 0.4818 0.4841 0.468 0.4564 0.4564 0.4427 0.4288 0.4242 0.4127 0.4034 0.3966 0.3873 0.3804 0.4662 0.4454 0.4292 0.4269 0.4107 0.3944 0.3899 0.3806 0.3667 0.3598 0.3528 0.3389 0.3297 0.325 0.3111 0.3042 0.295 0.2857 0.2788 0.2694 0.4589 0.4381 0.4358 0.4242 0.4034 0.4012 0.3966 0.3781 0.3734 0.3666 0.3504 0.3436 0.3389 0.325 0.3158 0.3089 0.2973 0.2881 0.2836 0.2743
0.4104 1.0 0.0307 0.79 0.8 0.81 0.82 0.83 0.84 0.85 0.86 0.87 0.88 0.89 0.9 0.91 0.92 0.93 0.94 0.95 0.96 0.97 0.0 0.5486 0.5417 0.521 0.514 0.5118 0.4933 0.4818 0.4841 0.468 0.4564 0.4564 0.4427 0.4288 0.4242 0.4127 0.4034 0.3966 0.3873 0.3804 0.3712 0.4454 0.4292 0.4269 0.4107 0.3944 0.3899 0.3806 0.3667 0.3598 0.3528 0.3389 0.3297 0.325 0.3111 0.3042 0.295 0.2857 0.2788 0.2694 0.2626 0.4381 0.4358 0.4242 0.4034 0.4012 0.3966 0.3781 0.3734 0.3666 0.3504 0.3436 0.3389 0.325 0.3158 0.3089 0.2973 0.2881 0.2836 0.2743 0.2651
0.4749 1.0 0.015 0.8 0.81 0.82 0.83 0.84 0.85 0.86 0.87 0.88 0.89 0.9 0.91 0.92 0.93 0.94 0.95 0.96 0.97 0.0 0.01 0.5417 0.521 0.514 0.5118 0.4933 0.4818 0.4841 0.468 0.4564 0.4564 0.4427 0.4288 0.4242 0.4127 0.4034 0.3966 0.3873 0.3804 0.3712 0.3667 0.4292 0.4269 0.4107 0.3944 0.3899 0.3806 0.3667 0.3598 0.3528 0.3389 0.3297 0.325 0.3111 0.3042 0.295 0.2857 0.2788 0.2694 0.2626 0.3089 0.4358 0.4242 0.4034 0.4012 0.3966 0.3781 0.3734 0.3666 0.3504 0.3436 0.3389 0.325 0.3158 0.3089 0.2973 0.2881 0.2836 0.2743 0.2651 0.272
0.4472 1.0 0.1457 0.81 0.82 0.83 0.84 0.85 0.86 0.87 0.88 0.89 0.9 0.91 0.92 0.93 0.94 0.95 0.96 0.97 0.0 0.01 0.02 0.521 0.514 0.5118 0.4933 0.4818 0.4841 0.468 0.4564 0.4564 0.4427 0.4288 0.4242 0.4127 0.4034 0.3966 0.3873 0.3804 0.3712 0.3667 0.4104 0.4269 0.4107 0.3944 0.3899 0.3806 0.3667 0.3598 0.3528 0.3389 0.3297 0.325 0.3111 0.3042 0.295 0.2857 0.2788 0.2694 0.2626 0.3089 0.3019 0.4242 0.4034 0.4012 0.3966 0.3781 0.3734 0.3666 0.3504 0.3436 0.3389 0.325 0.3158 0.3089 0.2973 0.2881 0.2836 0.2743 0.2651 0.272 0.2673
0.4541 1.0 0.215 0.82 0.83 0.84 0.85 0.86 0.87 0.88 0.89 0.9 0.91 0.92 0.93 0.94 0.95 0.96 0.97 0.0 0.01 0.02 0.03 0.514 0.5118 0.4933 0.4818 0.4841 0.468 0.4564 0.4564 0.4427 0.4288 0.4242 0.4127 0.4034 0.3966 0.3873 0.3804 0.3712 0.3667 0.4104 0.4749 0.4107 0.3944 0.3899 0.3806 0.3667 0.3598 0.3528 0.3389 0.3297 0.325 0.3111 0.3042 0.295 0.2857 0.2788 0.2694 0.2626 0.3089 0.3019 0.288 0.4034 0.4012 0.3966 0.3781 0.3734 0.3666 0.3504 0.3436 0.3389 0.325 0.3158 0.3089 0.2973 0.2881 0.2836 0.2743 0.2651 0.272 0.2673 0.3342
0.5371 1.0 0.0923 0.83 0.84 0.85 0.86 0.87 0.88 0.89 0.9 0.91 0.92 0.93 0.94 0.95 0.96 0.97 0.0 0.01 0.02 0.03 0.04 0.5118 0.4933 0.4818 0.4841 0.468 0.4564 0.4564 0.4427 0.4288 0.4242 0.4127 0.4034 0.3966 0.3873 0.3804 0.3712 0.3667 0.4104 0.4749 0.4472 0.3944 0.3899 0.3806 0.3667 0.3598 0.3528 0.3389 0.3297 0.325 0.3111 0.3042 0.295 0.2857 0.2788 0.2694 0.2626 0.3089 0.3019 0.288 0.3574 0.4012 0.3966 0.3781 0.3734 0.3666 0.3504 0.3436 0.3389 0.325 0.3158 0.3089 0.2973 0.2881 0.2836 0.2743 0.2651 0.272 0.2673 0.3342 0.362
0.5049 1.0 0.023 0.84 0.85 0.86 0.87 0.88 0.89 0.9 0.91 0.92 0.93 0.94 0.95 0.96 0.97 0.0 0.01 0.02 0.03 0.04 0.05 0.4933 0.4818 0.4841 0.468 0.4564 0.4564 0.4427 0.4288 0.4242 0.4127 0.4034 0.3966 0.3873 0.3804 0.3712 0.3667 0.4104 0.4749 0.4472 0.4541 0.3899 0.3806 0.3667 0.3598 0.3528 0.3389 0.3297 0.325 0.3111 0.3042 0.295 0.2857 0.2788 0.2694 0.2626 0.3089 0.3019 0.288 0.3574 0.3528 0.3966 0.3781 0.3734 0.3666 0.3504 0.3436 0.3389 0.325 0.3158 0.3089 0.2973 0.2881 0.2836 0.2743 0.2651 0.272 0.2673 0.3342 0.362 0.332
0.4841 1.0 0.2767 0.85 0.86 0.87 0.88 0.89 0.9 0.91 0.92 0.93 0.94 0.95 0.96 0.97 0.0 0.01 0.02 0.03 0.04 0.05 0.06 0.4818 0.4841 0.468 0.4564 0.4564 0.4427 0.4288 0.4242 0.4127 0.4034 0.3966 0.3873 0.3804 0.3712 0.3667 0.4104 0.4749 0.4472 0.4541 0.5371 0.3806 0.3667 0.3598 0.3528 0.3389 0.3297 0.325 0.3111 0.3042 0.295 0.2857 0.2788 0.2694 0.2626 0.3089 0.3019 0.288 0.3574 0.3528 0.3297 0.3781 0.3734 0.3666 0.3504 0.3436 0.3389 0.325 0.3158 0.3089 0.2973 0.2881 0.2836 0.2743 0.2651 0.272 0.2673 0.3342 0.362 0.332 0.3689
0.5739 1.0 0.1073 0.86 0.87 0.88 0.89 0.9 0.91 0.92 0.93 0.94 0.95 0.96 0.97 0.0 0.01 0.02 0.03 0.04 0.05 0.06 0.07 0.4841 0.468 0.4564 0.4564 0.4427 0.4288 0.4242 0.4127 0.4034 0.3966 0.3873 0.3804 0.3712 0.3667 0.4104 0.4749 0.4472 0.4541 0.5371 0.5049 0.3667 0.3598 0.3528 0.3389 0.3297 0.325 0.3111 0.3042 0.295 0.2857 0.2788 0.2694 0.2626 0.3089 0.3019 0.288 0.3574 0.3528 0.3297 0.3852 0.3734 0.3666 0.3504 0.3436 0.3389 0.325 0.3158 0.3089 0.2973 0.2881 0.2836 0.2743 0.2651 0.272 0.2673 0.3342 0.362 0.332 0.3689 0.4173
0.5509 1.0 0.0693 0.87 0.88 0.89 0.9 0.91 0.92 0.93 0.94 0.95 0.96 0.97 0.0 0.01 0.02 0.03 0.04 0.05 0.06 0.07 0.08 0.468 0.4564 0.4564 0.4427 0.4288 0.4242 0.4127 0.4034 0.3966 0.3873 0.3804 0.3712 0.3667 0.4104 0.4749 0.4472 0.4541 0.5371 0.5049 0.4841 0.3598 0.3528 0.3389 0.3297 0.325 0.3111 0.3042 0.295 0.2857 0.2788 0.2694 0.2626 0.3089 0.3019 0.288 0.3574 0.3528 0.3297 0.3852 0.4014 0.3666 0.3504 0.3436 0.3389 0.325 0.3158 0.3089 0.2973 0.2881 0.2836 0.2743 0.2651 0.272 0.2673 0.3342 0.362 0.332 0.3689 0.4173 0.3758
0.5163 1.0 0.2993 0.88 0.89 0.9 0.91 0.92 0.93 0.94 0.95 0.96 0.97 0.0 0.01 0.02 0.03 0.04 0.05 0.06 0.07 0.08 0.09 0.4564 0.4564 0.4427 0.4288 0.4242 0.4127 0.4034 0.3966 0.3873 0.3804 0.3712 0.3667 0.4104 0.4749 0.4472 0.4541 0.5371 0.5049 0.4841 0.5739 0.3528 0.3389 0.3297 0.325 0.3111 0.3042 0.295 0.2857 0.2788 0.2694 0.2626 0.3089 0.3019 0.288 0.3574 0.3528 0.3297 0.3852 0.4014 0.3713 0.3504 0.3436 0.3389 0.325 0.3158 0.3089 0.2973 0.2881 0.2836 0.2743 0.2651 0.272 0.2673 0.3342 0.362 0.332 0.3689 0.4173 0.3758 0.3758
0.5831 1.0 0.0767 0.89 0.9 0.91 0.92 0.93 0.94 0.95 0.96 0.97 0.0 0.01 0.02 0.03 0.04 0.05 0.06 0.07 0.08 0.09 0.1 0.4564 0.4427 0.4288 0.4242 0.4127 0.4034 0.3966 0.3873 0.3804 0.3712 0.3667 0.4104 0.4749 0.4472 0.4541 0.5371 0.5049 0.4841 0.5739 0.5509 0.3389 0.3297 0.325 0.3111 0.3042 0.295 0.2857 0.2788 0.2694 0.2626 0.3089 0.3019 0.288 0.3574 0.3528 0.3297 0.3852 0.4014 0.3713 0.3921 0.3436 0.3389 0.325 0.3158 0.3089 0.2973 0.2881 0.2836 0.2743 0.2651 0.272 0.2673 0.3342 0.362 0.332 0.3689 0.4173 0.3758 0.3758 0.4496
0.5854 1.0 0.1153 0.9 0.91 0.92 0.93 0.94 0.95 0.96 0.97 0.0 0.01 0.02 0.03 0.04 0.05 0.06 0.07 0.08 0.09 0.1 0.11 0.4427 0.4288 0.4242 0.4127 0.4034 0.3966 0.3873 0.3804 0.3712 0.3667 0.4104 0.4749 0.4472 0.4541 0.5371 0.5049 0.4841 0.5739 0.5509 0.5163 0.3297 0.325 0.3111 0.3042 0.295 0.2857 0.2788 0.2694 0.2626 0.3089 0.3019 0.288 0.3574 0.3528 0.3297 0.3852 0.4014 0.3713 0.3921 0.4454 0.3389 0.325 0.3158 0.3089 0.2973 0.2881 0.2836 0.2743 0.2651 0.272 0.2673 0.3342 0.362 0.332 0.3689 0.4173 0.3758 0.3758 0.4496 0.4081
0.5463 1.0 0.2227 0.91 0.92 0.93 0.94 0.95 0.96 0.97 0.0 0.01 0.02 0.03 0.04 0.05 0.06 0.07 0.08 0.09 0.1 0.11 0.12 0.4288 0.4242 0.4127 0.4034 0.3966 0.3873 0.3804 0.3712 0.3667 0.4104 0.4749 0.4472 0.4541 0.5371 0.5049 0.4841 0.5739 0.5509 0.5163 0.5831 0.325 0.3111 0.3042 0.295 0.2857 0.2788 0.2694 0.2626 0.3089 0.3019 0.288 0.3574 0.3528 0.3297 0.3852 0.4014 0.3713 0.3921 0.4454 0.406 0.325 0.3158 0.3089 0.2973 0.2881 0.2836 0.2743 0.2651 0.272 0.2673 0.3342 0.362 0.332 0.3689 0.4173 0.3758 0.3758 0.4496 0.4081 0.3827
0.5762 1.0 0.0077 0.92 0.93 0.94 0.95 0.96 0.97 0.0 0.01 0.02 0.03 0.04 0.05 0.06 0.07 0.08 0.09 0.1 0.11 0.12 0.13 0.4242 0.4127 0.4034 0.3966 0.3873 0.3804 0.3712 0.3667 0.4104 0.4749 0.4472 0.4541 0.5371 0.5049 0.4841 0.5739 0.5509 0.5163 0.5831 0.5854 0.3111 0.3042 0.295 0.2857 0.2788 0.2694 0.2626 0.3089 0.3019 0.288 0.3574 0.3528 0.3297 0.3852 0.4014 0.3713 0.3921 0.4454 0.406 0.3991 0.3158 0.3089 0.2973 0.2881 0.2836 0.2743 0.2651 0.272 0.2673 0.3342 0.362 0.332 0.3689 0.4173 0.3758 0.3758 0.4496 0.4081 0.3827 0.4611
0.6131 1.0 0.1303 0.93 0.94 0.95 0.96 0.97 0.0 0.01 0.02 0.03 0.04 0.05 0.06 0.07 0.08 0.09 0.1 0.11 0.12 0.13 0.14 0.4127 0.4034 0.3966 0.3873 0.3804 0.3712 0.3667 0.4104 0.4749 0.4472 0.4541 0.5371 0.5049 0.4841 0.5739 0.5509 0.5163 0.5831 0.5854 0.5463 0.3042 0.295 0.2857 0.2788 0.2694 0.2626 0.3089 0.3019 0.288 0.3574 0.3528 0.3297 0.3852 0.4014 0.3713 0.3921 0.4454 0.406 0.3991 0.4732 0.3089 0.2973 0.2881 0.2836 0.2743 0.2651 0.272 0.2673 0.3342 0.362 0.332 0.3689 0.4173 0.3758 0.3758 0.4496 0.4081 0.3827 0.4611 0.4381
0.5739 1.0 0.0997 0.94 0.95 0.96 0.97 0.0 0.01 0.02 0.03 0.04 0.05 0.06 0.07 0.08 0.09 0.1 0.11 0.12 0.13 0.14 0.15 0.4034 0.3966 0.3873 0.3804 0.3712 0.3667 0.4104 0.4749 0.4472 0.4541 0.5371 0.5049 0.4841 0.5739 0.5509 0.5163 0.5831 0.5854 0.5463 0.5762 0.295 0.2857 0.2788 0.2694 0.2626 0.3089 0.3019 0.288 0.3574 0.3528 0.3297 0.3852 0.4014 0.3713 0.3921 0.4454 0.406 0.3991 0.4732 0.4431 0.2973 0.2881 0.2836 0.2743 0.2651 0.272 0.2673 0.3342 0.362 0.332 0.3689 0.4173 0.3758 0.3758 0.4496 0.4081 0.3827 0.4611 0.4381 0.4081
0.5648 1.0 0.123 0.95 0.96 0.97 0.0 0.01 0.02 0.03 0.04 0.05 0.06 0.07 0.08 0.09 0.1 0.11 0.12 0.13 0.14 0.15 0.16 0.3966 0.3873 0.3804 0.3712 0.3667 0.4104 0.4749 0.4472 0.4541 0.5371 0.5049 0.4841 0.5739 0.5509 0.5163 0.5831 0.5854 0.5463 0.5762 0.6131 0.2857 0.2788 0.2694 0.2626 0.3089 0.3019 0.288 0.3574 0.3528 0.3297 0.3852 0.4014 0.3713 0.3921 0.4454 0.406 0.3991 0.4732 0.4431 0.4199 0.2881 0.2836 0.2743 0.2651 0.272 0.2673 0.3342 0.362 0.332 0.3689 0.4173 0.3758 0.3758 0.4496 0.4081 0.3827 0.4611 0.4381 0.4081 0.4496
0.6269 1.0 0.1307 0.96 0.97 0.0 0.01 0.02 0.03 0.04 0.05 0.06 0.07 0.08 0.09 0.1 0.11 0.12 0.13 0.14 0.15 0.16 0.17 0.3873 0.3804 0.3712 0.3667 0.4104 0.4749 0.4472 0.4541 0.5371 0.5049 0.4841 0.5739 0.5509 0.5163 0.5831 0.5854 0.5463 0.5762 0.6131 0.5739 0.2788 0.2694 0.2626 0.3089 0.3019 0.288 0.3574 0.3528 0.3297 0.3852 0.4014 0.3713 0.3921 0.4454 0.406 0.3991 0.4732 0.4431 0.4199 0.4778 0.2836 0.2743 0.2651 0.272 0.2673 0.3342 0.362 0.332 0.3689 0.4173 0.3758 0.3758 0.4496 0.4081 0.3827 0.4611 0.4381 0.4081 0.4496 0.4681
0.597 1.0 0.0303 0.97 0.0 0.01 0.02 0.03 0.04 0.05 0.06 0.07 0.08 0.09 0.1 0.11 0.12 0.13 0.14 0.15 0.16 0.17 0.18 0.3804 0.3712 0.3667 0.4104 0.4749 0.4472 0.4541 0.5371 0.5049 0.4841 0.5739 0.5509 0.5163 0.5831 0.5854 0.5463 0.5762 0.6131 0.5739 0.5648 0.2694 0.2626 0.3089 0.3019 0.288 0.3574 0.3528 0.3297 0.3852 0.4014 0.3713 0.3921 0.4454 0.406 0.3991 0.4732 0.4431 0.4199 0.4778 0.4848 0.2743 0.2651 0.272 0.2673 0.3342 0.362 0.332 0.3689 0.4173 0.3758 0.3758 0.4496 0.4081 0.3827 0.4611 0.4381 0.4081 0.4496 0.4681 0.4381
0.5809 1.0 0.207 0.0 0.01 0.02 0.03 0.04 0.05 0.06 0.07 0.08 0.09 0.1 0.11 0.12 0.13 0.14 0.15 0.16 0.17 0.18 0.19 0.3712 0.3667 0.4104 0.4749 0.4472 0.4541 0.5371 0.5049 0.4841 0.5739 0.5509 0.5163 0.5831 0.5854 0.5463 0.5762 0.6131 0.5739 0.5648 0.6269 0.2626 0.3089 0.3019 0.288 0.3574 0.3528 0.3297 0.3852 0.4014 0.3713 0.3921 0.4454 0.406 0.3991 0.4732 0.4431 0.4199 0.4778 0.4848 0.4547 0.2651 0.272 0.2673 0.3342 0.362 0.332 0.3689 0.4173 0.3758 0.3758 0.4496 0.4081 0.3827 0.4611 0.4381 0.4081 0.4496 0.4681 0.4381 0.4403
0.62 1.0 0.0997 0.01 0.02 0.03 0.04 0.05 0.06 0.07 0.08 0.09 0.1 0.11 0.12 0.13 0.14 0.15 0.16 0.17 0.18 0.19 0.2 0.3667 0.4104 0.4749 0.4472 0.4541 0.5371 0.5049 0.4841 0.5739 0.5509 0.5163 0.5831 0.5854 0.5463 0.5762 0.6131 0.5739 0.5648 0.6269 0.597 0.3089 0.3019 0.288 0.3574 0.3528 0.3297 0.3852 0.4014 0.3713 0.3921 0.4454 0.406 0.3991 0.4732 0.4431 0.4199 0.4778 0.4848 0.4547 0.4801 0.272 0.2673 0.3342 0.362 0.332 0.3689 0.4173 0.3758 0.3758 0.4496 0.4081 0.3827 0.4611 0.4381 0.4081 0.4496 0.4681 0.4381 0.4403 0.4934
0.643 1.0 0.0537 0.02 0.03 0.04 0.05 0.06 0.07 0.08 0.09 0.1 0.11 0.12 0.13 0.14 0.15 0.16 0.17 0.18 0.19 0.2 0.21 0.4104 0.4749 0.4472 0.4541 0.5371 0.5049 0.4841 0.5739 0.5509 0.5163 0.5831 0.5854 0.5463 0.5762 0.6131 0.5739 0.5648 0.6269 0.597 0.5809 0.3019 0.288 0.3574 0.3528 0.3297 0.3852 0.4014 0.3713 0.3921 0.4454 0.406 0.3991 0.4732 0.4431 0.4199 0.4778 0.4848 0.4547 0.4801 0.5194 0.2673 0.3342 0.362 0.332 0.3689 0.4173 0.3758 0.3758 0.4496 0.4081 0.3827 0.4611 0.4381 0.4081 0.4496 0.4681 0.4381 0.4403 0.4934 0.4658
0.62 1.0 0.1303 0.03 0.04 0.05 0.06 0.07 0.08 0.09 0.1 0.11 0.12 0.13 0.14 0.15 0.16 0.17 0.18 0.19 0.2 0.21 0.22 0.4749 0.4472 0.4541 0.5371 0.5049 0.4841 0.5739 0.5509 0.5163 0.5831 0.5854 0.5463 0.5762 0.6131 0.5739 0.5648 0.6269 0.597 0.5809 0.62 0.288 0.3574 0.3528 0.3297 0.3852 0.4014 0.3713 0.3921 0.4454 0.406 0.3991 0.4732 0.4431 0.4199 0.4778 0.4848 0.4547 0.4801 0.5194 0.4963 0.3342 0.362 0.332 0.3689 0.4173 0.3758 0.3758 0.4496 0.4081 0.3827 0.4611 0.4381 0.4081 0.4496 0.4681 0.4381 0.4403 0.4934 0.4658 0.4658
0.6316 1.0 0.0767 0.04 0.05 0.06 0.07 0.08 0.09 0.1 0.11 0.12 0.13 0.14 0.15 0.16 0.17 0.18 0.19 0.2 0.21 0.22 0.23 0.4472 0.4541 0.5371 0.5049 0.4841 0.5739 0.5509 0.5163 0.5831 0.5854 0.5463 0.5762 0.6131 0.5739 0.5648 0.6269 0.597 0.5809 0.62 0.643 0.3574 0.3528 0.3297 0.3852 0.4014 0.3713 0.3921 0.4454 0.406 0.3991 0.4732 0.4431 0.4199 0.4778 0.4848 0.4547 0.4801 0.5194 0.4963 0.4963 0.362 0.332 0.3689 0.4173 0.3758 0.3758 0.4496 0.4081 0.3827 0.4611 0.4381 0.4081 0.4496 0.4681 0.4381 0.4403 0.4934 0.4658 0.4658 0.4958
0.6822 1.0 0.0767 0.05 0.06 0.07 0.08 0.09 0.1 0.11 0.12 0.13 0.14 0.15 0.16 0.17 0.18 0.19 0.2 0.21 0.22 0.23 0.24 0.4541 0.5371 0.5049 0.4841 0.5739 0.5509 0.5163 0.5831 0.5854 0.5463 0.5762 0.6131 0.5739 0.5648 0.6269 0.597 0.5809 0.62 0.643 0.62 0.3528 0.3297 0.3852 0.4014 0.3713 0.3921 0.4454 0.406 0.3991 0.4732 0.4431 0.4199 0.4778 0.4848 0.4547 0.4801 0.5194 0.4963 0.4963 0.5472 0.332 0.3689 0.4173 0.3758 0.3758 0.4496 0.4081 0.3827 0.4611 0.4381 0.4081 0.4496 0.4681 0.4381 0.4403 0.4934 0.4658 0.4658 0.4958 0.5211
0.6822 1.0 0.0387 0.06 0.07 0.08 0.09 0.1 0.11 0.12 0.13 0.14 0.15 0.16 0.17 0.18 0.19 0.2 0.21 0.22 0.23 0.24 0.25 0.5371 0.5049 0.4841 0.5739 0.5509 0.5163 0.5831 0.5854 0.5463 0.5762 0.6131 0.5739 0.5648 0.6269 0.597 0.5809 0.62 0.643 0.62 0.6316 0.3297 0.3852 0.4014 0.3713 0.3921 0.4454 0.406 0.3991 0.4732 0.4431 0.4199 0.4778 0.4848 0.4547 0.4801 0.5194 0.4963 0.4963 0.5472 0.5519 0.3689 0.4173 0.3758 0.3758 0.4496 0.4081 0.3827 0.4611 0.4381 0.4081 0.4496 0.4681 0.4381 0.4403 0.4934 0.4658 0.4658 0.4958 0.5211 0.5072
0.6776 1.0 0.1687 0.07 0.08 0.09 0.1 0.11 0.12 0.13 0.14 0.15 0.16 0.17 0.18 0.19 0.2 0.21 0.22 0.23 0.24 0.25 0.26 0.5049 0.4841 0.5739 0.5509 0.5163 0.5831 0.5854 0.5463 0.5762 0.6131 0.5739 0.5648 0.6269 0.597 0.5809 0.62 0.643 0.62 0.6316 0.6822 0.3852 0.4014 0.3713 0.3921 0.4454 0.406 0.3991 0.4732 0.4431 0.4199 0.4778 0.4848 0.4547 0.4801 0.5194 0.4963 0.4963 0.5472 0.5519 0.5357 0.4173 0.3758 0.3758 0.4496 0.4081 0.3827 0.4611 0.4381 0.4081 0.4496 0.4681 0.4381 0.4403 0.4934 0.4658 0.4658 0.4958 0.5211 0.5072 0.5258
0.7237 1.0 0.0 0.08 0.09 0.1 0.11 0.12 0.13 0.14 0.15 0.16 0.17 0.18 0.19 0.2 0.21 0.22 0.23 0.24 0.25 0.26 0.27 0.4841 0.5739 0.5509 0.5163 0.5831 0.5854 0.5463 0.5762 0.6131 0.5739 0.5648 0.6269 0.597 0.5809 0.62 0.643 0.62 0.6316 0.6822 0.6822 0.4014 0.3713 0.3921 0.4454 0.406 0.3991 0.4732 0.4431 0.4199 0.4778 0.4848 0.4547 0.4801 0.5194 0.4963 0.4963 0.5472 0.5519 0.5357 0.5542 0.3758 0.3758 0.4496 0.4081 0.3827 0.4611 0.4381 0.4081 0.4496 0.4681 0.4381 0.4403 0.4934 0.4658 0.4658 0.4958 0.5211 0.5072 0.5258 0.5788
0.7421 1.0 0.0153 0.09 0.1 0.11 0.12 0.13 0.14 0.15 0.16 0.17 0.18 0.19 0.2 0.21 0.22 0.23 0.24 0.25 0.26 0.27 0.28 0.5739 0.5509 0.5163 0.5831 0.5854 0.5463 0.5762 0.6131 0.5739 0.5648 0.6269 0.597 0.5809 0.62 0.643 0.62 0.6316 0.6822 0.6822 0.6776 0.3713 0.3921 0.4454 0.406 0.3991 0.4732 0.4431 0.4199 0.4778 0.4848 0.4547 0.4801 0.5194 0.4963 0.4963 0.5472 0.5519 0.5357 0.5542 0.6143 0.3758 0.4496 0.4081 0.3827 0.4611 0.4381 0.4081 0.4496 0.4681 0.4381 0.4403 0.4934 0.4658 0.4658 0.4958 0.5211 0.5072 0.5258 0.5788 0.5557
0.7168 1.0 0.1537 0.1 0.11 0.12 0.13 0.14 0.15 0.16 0.17 0.18 0.19 0.2 0.21 0.22 0.23 0.24 0.25 0.26 0.27 0.28 0.29 0.5509 0.5163 0.5831 0.5854 0.5463 0.5762 0.6131 0.5739 0.5648 0.6269 0.597 0.5809 0.62 0.643 0.62 0.6316 0.6822 0.6822 0.6776 0.7237 0.3921 0.4454 0.406 0.3991 0.4732 0.4431 0.4199 0.4778 0.4848 0.4547 0.4801 0.5194 0.4963 0.4963 0.5472 0.5519 0.5357 0.5542 0.6143 0.582 0.4496 0.4081 0.3827 0.4611 0.4381 0.4081 0.4496 0.4681 0.4381 0.4403 0.4934 0.4658 0.4658 0.4958 0.5211 0.5072 0.5258 0.5788 0.5557 0.5557
0.7306 1.0 0.0613 0.11 0.12 0.13 0.14 0.15 0.16 0.17 0.18 0.19 0.2 0.21 0.22 0.23 0.24 0.25 0.26 0.27 0.28 0.29 0.3 0.5163 0.5831 0.5854 0.5463 0.5762 0.6131 0.5739 0.5648 0.6269 0.597 0.5809 0.62 0.643 0.62 0.6316 0.6822 0.6822 0.6776 0.7237 0.7421 0.4454 0.406 0.3991 0.4732 0.4431 0.4199 0.4778 0.4848 0.4547 0.4801 0.5194 0.4963 0.4963 0.5472 0.5519 0.5357 0.5542 0.6143 0.582 0.5797 0.4081 0.3827 0.4611 0.4381 0.4081 0.4496 0.4681 0.4381 0.4403 0.4934 0.4658 0.4658 0.4958 0.5211 0.5072 0.5258 0.5788 0.5557 0.5557 0.6111
0.772 1.0 0.0843 0.12 0.13 0.14 0.15 0.16 0.17 0.18 0.19 0.2 0.21 0.22 0.23 0.24 0.25 0.26 0.27 0.28 0.29 0.3 0.31 0.5831 0.5854 0.5463 0.5762 0.6131 0.5739 0.5648 0.6269 0.597 0.5809 0.62 0.643 0.62 0.6316 0.6822 0.6822 0.6776 0.7237 0.7421 0.7168 0.406 0.3991 0.4732 0.4431 0.4199 0.4778 0.4848 0.4547 0.4801 0.5194 0.4963 0.4963 0.5472 0.5519 0.5357 0.5542 0.6143 0.582 0.5797 0.6374 0.3827 0.4611 0.4381 0.4081 0.4496 0.4681 0.4381 0.4403 0.4934 0.4658 0.4658 0.4958 0.5211 0.5072 0.5258 0.5788 0.5557 0.5557 0.6111 0.6041
0.7282 1.0 0.046 0.13 0.14 0.15 0.16 0.17 0.18 0.19 0.2 0.21 0.22 0.23 0.24 0.25 0.26 0.27 0.28 0.29 0.3 0.31 0.32 0.5854 0.5463 0.5762 0.6131 0.5739 0.5648 0.6269 0.597 0.5809 0.62 0.643 0.62 0.6316 0.6822 0.6822 0.6776 0.7237 0.7421 0.7168 0.7306 0.3991 0.4732 0.4431 0.4199 0.4778 0.4848 0.4547 0.4801 0.5194 0.4963 0.4963 0.5472 0.5519 0.5357 0.5542 0.6143 0.582 0.5797 0.6374 0.6074 0.4611 0.4381 0.4081 0.4496 0.4681 0.4381 0.4403 0.4934 0.4658 0.4658 0.4958 0.5211 0.5072 0.5258 0.5788 0.5557 0.5557 0.6111 0.6041 0.5834
0.7306 1.0 0.138 0.14 0.15 0.16 0.17 0.18 0.19 0.2 0.21 0.22 0.23 0.24 0.25 0.26 0.27 0.28 0.29 0.3 0.31 0.32 0.33 0.5463 0.5762 0.6131 0.5739 0.5648 0.6269 0.597 0.5809 0.62 0.643 0.62 0.6316 0.6822 0.6822 0.6776 0.7237 0.7421 0.7168 0.7306 0.772 0.4732 0.4431 0.4199 0.4778 0.4848 0.4547 0.4801 0.5194 0.4963 0.4963 0.5472 0.5519 0.5357 0.5542 0.6143 0.582 0.5797 0.6374 0.6074 0.5912 0.4381 0.4081 0.4496 0.4681 0.4381 0.4403 0.4934 0.4658 0.4658 0.4958 0.5211 0.5072 0.5258 0.5788 0.5557 0.5557 0.6111 0.6041 0.5834 0.6226
0.7836 1.0 0.146 0.15 0.16 0.17 0.18 0.19 0.2 0.21 0.22 0.23 0.24 0.25 0.26 0.27 0.28 0.29 0.3 0.31 0.32 0.33 0.34 0.5762 0.6131 0.5739 0.5648 0.6269 0.597 0.5809 0.62 0.643 0.62 0.6316 0.6822 0.6822 0.6776 0.7237 0.7421 0.7168 0.7306 0.772 0.7282 0.4431 0.4199 0.4778 0.4848 0.4547 0.4801 0.5194 0.4963 0.4963 0.5472 0.5519 0.5357 0.5542 0.6143 0.582 0.5797 0.6374 0.6074 0.5912 0.6236 0.4081 0.4496 0.4681 0.4381 0.4403 0.4934 0.4658 0.4658 0.4958 0.5211 0.5072 0.5258 0.5788 0.5557 0.5557 0.6111 0.6041 0.5834 0.6226 0.6319
0.7374 1.0 0.008 0.16 0.17 0.18 0.19 0.2 0.21 0.22 0.23 0.24 0.25 0.26 0.27 0.28 0.29 0.3 0.31 0.32 0.33 0.34 0.35 0.6131 0.5739 0.5648 0.6269 0.597 0.5809 0.62 0.643 0.62 0.6316 0.6822 0.6822 0.6776 0.7237 0.7421 0.7168 0.7306 0.772 0.7282 0.7306 0.4199 0.4778 0.4848 0.4547 0.4801 0.5194 0.4963 0.4963 0.5472 0.5519 0.5357 0.5542 0.6143 0.582 0.5797 0.6374 0.6074 0.5912 0.6236 0.6143 0.4496 0.4681 0.4381 0.4403 0.4934 0.4658 0.4658 0.4958 0.5211 0.5072 0.5258 0.5788 0.5557 0.5557 0.6111 0.6041 0.5834 0.6226 0.6319 0.5927
0.7237 1.0 0.1767 0.17 0.18 0.19 0.2 0.21 0.22 0.23 0.24 0.25 0.26 0.27 0.28 0.29 0.3 0.31 0.32 0.33 0.34 0.35 0.36 0.5739 0.5648 0.6269 0.597 0.5809 0.62 0.643 0.62 0.6316 0.6822 0.6822 0.6776 0.7237 0.7421 0.7168 0.7306 0.772 0.7282 0.7306 0.7836 0.4778 0.4848 0.4547 0.4801 0.5194 0.4963 0.4963 0.5472 0.5519 0.5357 0.5542 0.6143 0.582 0.5797 0.6374 0.6074 0.5912 0.6236 0.6143 0.5936 0.4681 0.4381 0.4403 0.4934 0.4658 0.4658 0.4958 0.5211 0.5072 0.5258 0.5788 0.5557 0.5557 0.6111 0.6041 0.5834 0.6226 0.6319 0.5927 0.6133
0.7812 1.0 0.154 0.18 0.19 0.2 0.21 0.22 0.23 0.24 0.25 0.26 0.27 0.28 0.29 0.3 0.31 0.32 0.33 0.34 0.35 0.36 0.37 0.5648 0.6269 0.597 0.5809 0.62 0.643 0.62 0.6316 0.6822 0.6822 0.6776 0.7237 0.7421 0.7168 0.7306 0.772 0.7282 0.7306 0.7836 0.7374 0.4848 0.4547 0.4801 0.5194 0.4963 0.4963 0.5472 0.5519 0.5357 0.5542 0.6143 0.582 0.5797 0.6374 0.6074 0.5912 0.6236 0.6143 0.5936 0.6259 0.4381 0.4403 0.4934 0.4658 0.4658 0.4958 0.5211 0.5072 0.5258 0.5788 0.5557 0.5557 0.6111 0.6041 0.5834 0.6226 0.6319 0.5927 0.6133 0.6388
0.7467 1.0 0.0457 0.19 0.2 0.21 0.22 0.23 0.24 0.25 0.26 0.27 0.28 0.29 0.3 0.31 0.32 0.33 0.34 0.35 0.36 0.37 0.38 0.6269 0.597 0.5809 0.62 0.643 0.62 0.6316 0.6822 0.6822 0.6776 0.7237 0.7421 0.7168 0.7306 0.772 0.7282 0.7306 0.7836 0.7374 0.7237 0.4547 0.4801 0.5194 0.4963 0.4963 0.5472 0.5519 0.5357 0.5542 0.6143 0.582 0.5797 0.6374 0.6074 0.5912 0.6236 0.6143 0.5936 0.6259 0.612 0.4403 0.4934 0.4658 0.4658 0.4958 0.5211 0.5072 0.5258 0.5788 0.5557 0.5557 0.6111 0.6041 0.5834 0.6226 0.6319 0.5927 0.6133 0.6388 0.5996
0.7374 1.0 0.1917 0.2 0.21 0.22 0.23 0.24 0.25 0.26 0.27 0.28 0.29 0.3 0.31 0.32 0.33 0.34 0.35 0.36 0.37 0.38 0.39 0.597 0.5809 0.62 0.643 0.62 0.6316 0.6822 0.6822 0.6776 0.7237 0.7421 0.7168 0.7306 0.772 0.7282 0.7306 0.7836 0.7374 0.7237 0.7812 0.4801 0.5194 0.4963 0.4963 0.5472 0.5519 0.5357 0.5542 0.6143 0.582 0.5797 0.6374 0.6074 0.5912 0.6236 0.6143 0.5936 0.6259 0.612 0.5959 0.4934 0.4658 0.4658 0.4958 0.5211 0.5072 0.5258 0.5788 0.5557 0.5557 0.6111 0.6041 0.5834 0.6226 0.6319 0.5927 0.6133 0.6388 0.5996 0.6249
0.7997 1.0 0.115 0.21 0.22 0.23 0.24 0.25 0.26 0.27 0.28 0.29 0.3 0.31 0.32 0.33 0.34 0.35 0.36 0.37 0.38 0.39 0.4 0.5809 0.62 0.643 0.62 0.6316 0.6822 0.6822 0.6776 0.7237 0.7421 0.7168 0.7306 0.772 0.7282 0.7306 0.7836 0.7374 0.7237 0.7812 0.7467 0.5194 0.4963 0.4963 0.5472 0.5519 0.5357 0.5542 0.6143 0.582 0.5797 0.6374 0.6074 0.5912 0.6236 0.6143 0.5936 0.6259 0.612 0.5959 0.6329 0.4658 0.4658 0.4958 0.5211 0.5072 0.5258 0.5788 0.5557 0.5557 0.6111 0.6041 0.5834 0.6226 0.6319 0.5927 0.6133 0.6388 0.5996 0.6249 0.648
0.7628 1.0 0.031 0.22 0.23 0.24 0.25 0.26 0.27 0.28 0.29 0.3 0.31 0.32 0.33 0.34 0.35 0.36 0.37 0.38 0.39 0.4 0.41 0.62 0.643 0.62 0.6316 0.6822 0.6822 0.6776 0.7237 0.7421 0.7168 0.7306 0.772 0.7282 0.7306 0.7836 0.7374 0.7237 0.7812 0.7467 0.7374 0.4963 0.4963 0.5472 0.5519 0.5357 0.5542 0.6143 0.582 0.5797 0.6374 0.6074 0.5912 0.6236 0.6143 0.5936 0.6259 0.612 0.5959 0.6329 0.6329 0.4658 0.4958 0.5211 0.5072 0.5258 0.5788 0.5557 0.5557 0.6111 0.6041 0.5834 0.6226 0.6319 0.5927 0.6133 0.6388 0.5996 0.6249 0.648 0.6111
0.7443 1.0 0.2077 0.23 0.24 0.25 0.26 0.27 0.28 0.29 0.3 0.31 0.32 0.33 0.34 0.35 0.36 0.37 0.38 0.39 0.4 0.41 0.42 0.643 0.62 0.6316 0.6822 0.6822 0.6776 0.7237 0.7421 0.7168 0.7306 0.772 0.7282 0.7306 0.7836 0.7374 0.7237 0.7812 0.7467 0.7374 0.7997 0.4963 0.5472 0.5519 0.5357 0.5542 0.6143 0.582 0.5797 0.6374 0.6074 0.5912 0.6236 0.6143 0.5936 0.6259 0.612 0.5959 0.6329 0.6329 0.6098 0.4958 0.5211 0.5072 0.5258 0.5788 0.5557 0.5557 0.6111 0.6041 0.5834 0.6226 0.6319 0.5927 0.6133 0.6388 0.5996 0.6249 0.648 0.6111 0.6319
0.8158 1.0 0.123 0.24 0.25 0.26 0.27 0.28 0.29 0.3 0.31 0.32 0.33 0.34 0.35 0.36 0.37 0.38 0.39 0.4 0.41 0.42 0.43 0.62 0.6316 0.6822 0.6822 0.6776 0.7237 0.7421 0.7168 0.7306 0.772 0.7282 0.7306 0.7836 0.7374 0.7237 0.7812 0.7467 0.7374 0.7997 0.7628 0.5472 0.5519 0.5357 0.5542 0.6143 0.582 0.5797 0.6374 0.6074 0.5912 0.6236 0.6143 0.5936 0.6259 0.612 0.5959 0.6329 0.6329 0.6098 0.6398 0.5211 0.5072 0.5258 0.5788 0.5557 0.5557 0.6111 0.6041 0.5834 0.6226 0.6319 0.5927 0.6133 0.6388 0.5996 0.6249 0.648 0.6111 0.6319 0.6733
0.7859 1.0 0.0617 0.25 0.26 0.27 0.28 0.29 0.3 0.31 0.32 0.33 0.34 0.35 0.36 0.37 0.38 0.39 0.4 0.41 0.42 0.43 0.44 0.6316 0.6822 0.6822 0.6776 0.7237 0.7421 0.7168 0.7306 0.772 0.7282 0.7306 0.7836 0.7374 0.7237 0.7812 0.7467 0.7374 0.7997 0.7628 0.7443 0.5519 0.5357 0.5542 0.6143 0.582 0.5797 0.6374 0.6074 0.5912 0.6236 0.6143 0.5936 0.6259 0.612 0.5959 0.6329 0.6329 0.6098 0.6398 0.6607 0.5072 0.5258 0.5788 0.5557 0.5557 0.6111 0.6041 0.5834 0.6226 0.6319 0.5927 0.6133 0.6388 0.5996 0.6249 0.648 0.6111 0.6319 0.6733 0.6319
0.7582 1.0 0.2383 0.26 0.27 0.28 0.29 0.3 0.31 0.32 0.33 0.34 0.35 0.36 0.37 0.38 0.39 0.4 0.41 0.42 0.43 0.44 0.45 0.6822 0.6822 0.6776 0.7237 0.7421 0.7168 0.7306 0.772 0.7282 0.7306 0.7836 0.7374 0.7237 0.7812 0.7467 0.7374 0.7997 0.7628 0.7443 0.8158 0.5357 0.5542 0.6143 0.582 0.5797 0.6374 0.6074 0.5912 0.6236 0.6143 0.5936 0.6259 0.612 0.5959 0.6329 0.6329 0.6098 0.6398 0.6607 0.6329 0.5258 0.5788 0.5557 0.5557 0.6111 0.6041 0.5834 0.6226 0.6319 0.5927 0.6133 0.6388 0.5996 0.6249 0.648 0.6111 0.6319 0.6733 0.6319 0.6341
0.825 1.0 0.0997 0.27 0.28 0.29 0.3 0.31 0.32 0.33 0.34 0.35 0.36 0.37 0.38 0.39 0.4 0.41 0.42 0.43 0.44 0.45 0.46 0.6822 0.6776 0.7237 0.7421 0.7168 0.7306 0.772 0.7282 0.7306 0.7836 0.7374 0.7237 0.7812 0.7467 0.7374 0.7997 0.7628 0.7443 0.8158 0.7859 0.5542 0.6143 0.582 0.5797 0.6374 0.6074 0.5912 0.6236 0.6143 0.5936 0.6259 0.612 0.5959 0.6329 0.6329 0.6098 0.6398 0.6607 0.6329 0.6468 0.5788 0.5557 0.5557 0.6111 0.6041 0.5834 0.6226 0.6319 0.5927 0.6133 0.6388 0.5996 0.6249 0.648 0.6111 0.6319 0.6733 0.6319 0.6341 0.6964
0.8158 1.0 0.0923 0.28 0.29 0.3 0.31 0.32 0.33 0.34 0.35 0.36 0.37 0.38 0.39 0.4 0.41 0.42 0.43 0.44 0.45 0.46 0.47 0.6776 0.7237 0.7421 0.7168 0.7306 0.772 0.7282 0.7306 0.7836 0.7374 0.7237 0.7812 0.7467 0.7374 0.7997 0.7628 0.7443 0.8158 0.7859 0.7582 0.6143 0.582 0.5797 0.6374 0.6074 0.5912 0.6236 0.6143 0.5936 0.6259 0.612 0.5959 0.6329 0.6329 0.6098 0.6398 0.6607 0.6329 0.6468 0.6884 0.5557 0.5557 0.6111 0.6041 0.5834 0.6226 0.6319 0.5927 0.6133 0.6388 0.5996 0.6249 0.648 0.6111 0.6319 0.6733 0.6319 0.6341 0.6964 0.6549
0.7767 1.0 0.2227 0.29 0.3 0.31 0.32 0.33 0.34 0.35 0.36 0.37 0.38 0.39 0.4 0.41 0.42 0.43 0.44 0.45 0.46 0.47 0.48 0.7237 0.7421 0.7168 0.7306 0.772 0.7282 0.7306 0.7836 0.7374 0.7237 0.7812 0.7467 0.7374 0.7997 0.7628 0.7443 0.8158 0.7859 0.7582 0.825 0.582 0.5797 0.6374 0.6074 0.5912 0.6236 0.6143 0.5936 0.6259 0.612 0.5959 0.6329 0.6329 0.6098 0.6398 0.6607 0.6329 0.6468 0.6884 0.6583 0.5557 0.6111 0.6041 0.5834 0.6226 0.6319 0.5927 0.6133 0.6388 0.5996 0.6249 0.648 0.6111 0.6319 0.6733 0.6319 0.6341 0.6964 0.6549 0.6341
0.8227 1.0 0.0307 0.3 0.31 0.32 0.33 0.34 0.35 0.36 0.37 0.38 0.39 0.4 0.41 0.42 0.43 0.44 0.45 0.46 0.47 0.48 0.49 0.7421 0.7168 0.7306 0.772 0.7282 0.7306 0.7836 0.7374 0.7237 0.7812 0.7467 0.7374 0.7997 0.7628 0.7443 0.8158 0.7859 0.7582 0.825 0.8158 0.5797 0.6374 0.6074 0.5912 0.6236 0.6143 0.5936 0.6259 0.612 0.5959 0.6329 0.6329 0.6098 0.6398 0.6607 0.6329 0.6468 0.6884 0.6583 0.6583 0.6111 0.6041 0.5834 0.6226 0.6319 0.5927 0.6133 0.6388 0.5996 0.6249 0.648 0.6111 0.6319 0.6733 0.6319 0.6341 0.6964 0.6549 0.6341 0.7102
0.8342 1.0 0.1303 0.31 0.32 0.33 0.34 0.35 0.36 0.37 0.38 0.39 0.4 0.41 0.42 0.43 0.44 0.45 0.46 0.47 0.48 0.49 0.5 0.7168 0.7306 0.772 0.7282 0.7306 0.7836 0.7374 0.7237 0.7812 0.7467 0.7374 0.7997 0.7628 0.7443 0.8158 0.7859 0.7582 0.825 0.8158 0.7767 0.6374 0.6074 0.5912 0.6236 0.6143 0.5936 0.6259 0.612 0.5959 0.6329 0.6329 0.6098 0.6398 0.6607 0.6329 0.6468 0.6884 0.6583 0.6583 0.7162 0.6041 0.5834 0.6226 0.6319 0.5927 0.6133 0.6388 0.5996 0.6249 0.648 0.6111 0.6319 0.6733 0.6319 0.6341 0.6964 0.6549 0.6341 0.7102 0.6757
0.7859 1.0 0.1533 0.32 0.33 0.34 0.35 0.36 0.37 0.38 0.39 0.4 0.41 0.42 0.43 0.44 0.45 0.46 0.47 0.48 0.49 0.5 0.51 0.7306 0.772 0.7282 0.7306 0.7836 0.7374 0.7237 0.7812 0.7467 0.7374 0.7997 0.7628 0.7443 0.8158 0.7859 0.7582 0.825 0.8158 0.7767 0.8227 0.6074 0.5912 0.6236 0.6143 0.5936 0.6259 0.612 0.5959 0.6329 0.6329 0.6098 0.6398 0.6607 0.6329 0.6468 0.6884 0.6583 0.6583 0.7162 0.6769 0.5834 0.6226 0.6319 0.5927 0.6133 0.6388 0.5996 0.6249 0.648 0.6111 0.6319 0.6733 0.6319 0.6341 0.6964 0.6549 0.6341 0.7102 0.6757 0.6411
0.7997 1.0 0.0383 0.33 0.34 0.35 0.36 0.37 0.38 0.39 0.4 0.41 0.42 0.43 0.44 0.45 0.46 0.47 0.48 0.49 0.5 0.51 0.52 0.772 0.7282 0.7306 0.7836 0.7374 0.7237 0.7812 0.7467 0.7374 0.7997 0.7628 0.7443 0.8158 0.7859 0.7582 0.825 0.8158 0.7767 0.8227 0.8342 0.5912 0.6236 0.6143 0.5936 0.6259 0.612 0.5959 0.6329 0.6329 0.6098 0.6398 0.6607 0.6329 0.6468 0.6884 0.6583 0.6583 0.7162 0.6769 0.6583 0.6226 0.6319 0.5927 0.6133 0.6388 0.5996 0.6249 0.648 0.6111 0.6319 0.6733 0.6319 0.6341 0.6964 0.6549 0.6341 0.7102 0.6757 0.6411 0.7057
0.8366 1.0 0.161 0.34 0.35 0.36 0.37 0.38 0.39 0.4 0.41 0.42 0.43 0.44 0.45 0.46 0.47 0.48 0.49 0.5 0.51 0.52 0.53 0.7282 0.7306 0.7836 0.7374 0.7237 0.7812 0.7467 0.7374 0.7997 0.7628 0.7443 0.8158 0.7859 0.7582 0.825 0.8158 0.7767 0.8227 0.8342 0.7859 0.6236 0.6143 0.5936 0.6259 0.612 0.5959 0.6329 0.6329 0.6098 0.6398 0.6607 0.6329 0.6468 0.6884 0.6583 0.6583 0.7162 0.6769 0.6583 0.7231 0.6319 0.5927 0.6133 0.6388 0.5996 0.6249 0.648 0.6111 0.6319 0.6733 0.6319 0.6341 0.6964 0.6549 0.6341 0.7102 0.6757 0.6411 0.7057 0.6826
0.7881 1.0 0.046 0.35 0.36 0.37 0.38 0.39 0.4 0.41 0.42 0.43 0.44 0.45 0.46 0.47 0.48 0.49 0.5 0.51 0.52 0.53 0.54 0.7306 0.7836 0.7374 0.7237 0.7812 0.7467 0.7374 0.7997 0.7628 0.7443 0.8158 0.7859 0.7582 0.825 0.8158 0.7767 0.8227 0.8342 0.7859 0.7997 0.6143 0.5936 0.6259 0.612 0.5959 0.6329 0.6329 0.6098 0.6398 0.6607 0.6329 0.6468 0.6884 0.6583 0.6583 0.7162 0.6769 0.6583 0.7231 0.6861 0.5927 0.6133 0.6388 0.5996 0.6249 0.648 0.6111 0.6319 0.6733 0.6319 0.6341 0.6964 0.6549 0.6341 0.7102 0.6757 0.6411 0.7057 0.6826 0.6457
0.7651 1.0 0.123 0.36 0.37 0.38 0.39 0.4 0.41 0.42 0.43 0.44 0.45 0.46 0.47 0.48 0.49 0.5 0.51 0.52 0.53 0.54 0.55 0.7836 0.7374 0.7237 0.7812 0.7467 0.7374 0.7997 0.7628 0.7443 0.8158 0.7859 0.7582 0.825 0.8158 0.7767 0.8227 0.8342 0.7859 0.7997 0.8366 0.5936 0.6259 0.612 0.5959 0.6329 0.6329 0.6098 0.6398 0.6607 0.6329 0.6468 0.6884 0.6583 0.6583 0.7162 0.6769 0.6583 0.7231 0.6861 0.6537 0.6133 0.6388 0.5996 0.6249 0.648 0.6111 0.6319 0.6733 0.6319 0.6341 0.6964 0.6549 0.6341 0.7102 0.6757 0.6411 0.7057 0.6826 0.6457 0.678
0.8319 1.0 0.1617 0.37 0.38 0.39 0.4 0.41 0.42 0.43 0.44 0.45 0.46 0.47 0.48 0.49 0.5 0.51 0.52 0.53 0.54 0.55 0.56 0.7374 0.7237 0.7812 0.7467 0.7374 0.7997 0.7628 0.7443 0.8158 0.7859 0.7582 0.825 0.8158 0.7767 0.8227 0.8342 0.7859 0.7997 0.8366 0.7881 0.6259 0.612 0.5959 0.6329 0.6329 0.6098 0.6398 0.6607 0.6329 0.6468 0.6884 0.6583 0.6583 0.7162 0.6769 0.6583 0.7231 0.6861 0.6537 0.7023 0.6388 0.5996 0.6249 0.648 0.6111 0.6319 0.6733 0.6319 0.6341 0.6964 0.6549 0.6341 0.7102 0.6757 0.6411 0.7057 0.6826 0.6457 0.678 0.6872
0.7881 1.0 0.0767 0.38 0.39 0.4 0.41 0.42 0.43 0.44 0.45 0.46 0.47 0.48 0.49 0.5 0.51 0.52 0.53 0.54 0.55 0.56 0.57 0.7237 0.7812 0.7467 0.7374 0.7997 0.7628 0.7443 0.8158 0.7859 0.7582 0.825 0.8158 0.7767 0.8227 0.8342 0.7859 0.7997 0.8366 0.7881 0.7651 0.612 0.5959 0.6329 0.6329 0.6098 0.6398 0.6607 0.6329 0.6468 0.6884 0.6583 0.6583 0.7162 0.6769 0.6583 0.7231 0.6861 0.6537 0.7023 0.6908 0.5996 0.6249 0.648 0.6111 0.6319 0.6733 0.6319 0.6341 0.6964 0.6549 0.6341 0.7102 0.6757 0.6411 0.7057 0.6826 0.6457 0.678 0.6872 0.6433
0.7536 1.0 0.2227 0.39 0.4 0.41 0.42 0.43 0.44 0.45 0.46 0.47 0.48 0.49 0.5 0.51 0.52 0.53 0.54 0.55 0.56 0.57 0.58 0.7812 0.7467 0.7374 0.7997 0.7628 0.7443 0.8158 0.7859 0.7582 0.825 0.8158 0.7767 0.8227 0.8342 0.7859 0.7997 0.8366 0.7881 0.7651 0.8319 0.5959 0.6329 0.6329 0.6098 0.6398 0.6607 0.6329 0.6468 0.6884 0.6583 0.6583 0.7162 0.6769 0.6583 0.7231 0.6861 0.6537 0.7023 0.6908 0.6513 0.6249 0.648 0.6111 0.6319 0.6733 0.6319 0.6341 0.6964 0.6549 0.6341 0.7102 0.6757 0.6411 0.7057 0.6826 0.6457 0.678 0.6872 0.6433 0.648
0.7928 1.0 0.146 0.4 0.41 0.42 0.43 0.44 0.45 0.46 0.47 0.48 0.49 0.5 0.51 0.52 0.53 0.54 0.55 0.56 0.57 0.58 0.59 0.7467 0.7374 0.7997 0.7628 0.7443 0.8158 0.7859 0.7582 0.825 0.8158 0.7767 0.8227 0.8342 0.7859 0.7997 0.8366 0.7881 0.7651 0.8319 0.7881 0.6329 0.6329 0.6098 0.6398 0.6607 0.6329 0.6468 0.6884 0.6583 0.6583 0.7162 0.6769 0.6583 0.7231 0.6861 0.6537 0.7023 0.6908 0.6513 0.6814 0.648 0.6111 0.6319 0.6733 0.6319 0.6341 0.6964 0.6549 0.6341 0.7102 0.6757 0.6411 0.7057 0.6826 0.6457 0.678 0.6872 0.6433 0.648 0.678
0.772 1.0 0.115 0.41 0.42 0.43 0.44 0.45 0.46 0.47 0.48 0.49 0.5 0.51 0.52 0.53 0.54 0.55 0.56 0.57 0.58 0.59 0.6 0.7374 0.7997 0.7628 0.7443 0.8158 0.7859 0.7582 0.825 0.8158 0.7767 0.8227 0.8342 0.7859 0.7997 0.8366 0.7881 0.7651 0.8319 0.7881 0.7536 0.6329 0.6098 0.6398 0.6607 0.6329 0.6468 0.6884 0.6583 0.6583 0.7162 0.6769 0.6583 0.7231 0.6861 0.6537 0.7023 0.6908 0.6513 0.6814 0.6908 0.6111 0.6319 0.6733 0.6319 0.6341 0.6964 0.6549 0.6341 0.7102 0.6757 0.6411 0.7057 0.6826 0.6457 0.678 0.6872 0.6433 0.648 0.678 0.6411
0.7421 1.0 0.1307 0.42 0.43 0.44 0.45 0.46 0.47 0.48 0.49 0.5 0.51 0.52 0.53 0.54 0.55 0.56 0.57 0.58 0.59 0.6 0.61 0.7997 0.7628 0.7443 0.8158 0.7859 0.7582 0.825 0.8158 0.7767 0.8227 0.8342 0.7859 0.7997 0.8366 0.7881 0.7651 0.8319 0.7881 0.7536 0.7928 0.6098 0.6398 0.6607 0.6329 0.6468 0.6884 0.6583 0.6583 0.7162 0.6769 0.6583 0.7231 0.6861 0.6537 0.7023 0.6908 0.6513 0.6814 0.6908 0.6537 0.6319 0.6733 0.6319 0.6341 0.6964 0.6549 0.6341 0.7102 0.6757 0.6411 0.7057 0.6826 0.6457 0.678 0.6872 0.6433 0.648 0.678 0.6411 0.6133
