1.0 1.0 0.0 0.1378 0.1444 0.4012 0.0077 0.0077 0.0923 0.82 0.83 0.84 0.85 0.86 0.87 0.88 0.89 0.9 0.91 0.92 0.93 0.94 0.95 0.96 0.97 0.0 0.01 0.02 0.03 0.1331 0.1217 0.1262 0.1101 0.0986 0.0963 0.0848 0.071 0.0663 0.0549 0.0433 0.0364 0.0296 0.018 0.0133 0.0064 0.0341 0.1124 0.0848 0.0871 0.1653 0.1561 0.1376 0.1352 0.1283 0.1121 0.1051 0.0982 0.0867 0.0773 0.0681 0.0589 0.0496 0.045 0.0357 0.0427 0.0519 0.0403 0.1121 0.1144 0.3919 0.3712 0.3666 0.3642 0.3481 0.3366 0.3366 0.3204 0.3112 0.3043 0.2928 0.2836 0.2789 0.2697 0.2604 0.2559 0.2489 0.3112 0.3481 0.3204
1.0 1.0 0.0 0.1193 0.163 0.362 0.2763 0.0693 0.108 0.83 0.84 0.85 0.86 0.87 0.88 0.89 0.9 0.91 0.92 0.93 0.94 0.95 0.96 0.97 0.0 0.01 0.02 0.03 0.04 0.1217 0.1262 0.1101 0.0986 0.0963 0.0848 0.071 0.0663 0.0549 0.0433 0.0364 0.0296 0.018 0.0133 0.0064 0.0341 0.1124 0.0848 0.0871 0.17 0.1561 0.1376 0.1352 0.1283 0.1121 0.1051 0.0982 0.0867 0.0773 0.0681 0.0589 0.0496 0.045 0.0357 0.0427 0.0519 0.0403 0.1121 0.1144 0.0936 0.3712 0.3666 0.3642 0.3481 0.3366 0.3366 0.3204 0.3112 0.3043 0.2928 0.2836 0.2789 0.2697 0.2604 0.2559 0.2489 0.3112 0.3481 0.3204 0.3528
1.0 1.0 0.0 0.2092 0.1352 0.3642 0.1073 0.1693 0.1613 0.84 0.85 0.86 0.87 0.88 0.89 0.9 0.91 0.92 0.93 0.94 0.95 0.96 0.97 0.0 0.01 0.02 0.03 0.04 0.05 0.1262 0.1101 0.0986 0.0963 0.0848 0.071 0.0663 0.0549 0.0433 0.0364 0.0296 0.018 0.0133 0.0064 0.0341 0.1124 0.0848 0.0871 0.17 0.1378 0.1376 0.1352 0.1283 0.1121 0.1051 0.0982 0.0867 0.0773 0.0681 0.0589 0.0496 0.045 0.0357 0.0427 0.0519 0.0403 0.1121 0.1144 0.0936 0.1444 0.3666 0.3642 0.3481 0.3366 0.3366 0.3204 0.3112 0.3043 0.2928 0.2836 0.2789 0.2697 0.2604 0.2559 0.2489 0.3112 0.3481 0.3204 0.3528 0.4012
1.0 1.0 0.0 0.1792 0.1607 0.4403 0.0617 0.062 0.1307 0.85 0.86 0.87 0.88 0.89 0.9 0.91 0.92 0.93 0.94 0.95 0.96 0.97 0.0 0.01 0.02 0.03 0.04 0.05 0.06 0.1101 0.0986 0.0963 0.0848 0.071 0.0663 0.0549 0.0433 0.0364 0.0296 0.018 0.0133 0.0064 0.0341 0.1124 0.0848 0.0871 0.17 0.1378 0.1193 0.1352 0.1283 0.1121 0.1051 0.0982 0.0867 0.0773 0.0681 0.0589 0.0496 0.045 0.0357 0.0427 0.0519 0.0403 0.1121 0.1144 0.0936 0.1444 0.163 0.3642 0.3481 0.3366 0.3366 0.3204 0.3112 0.3043 0.2928 0.2836 0.2789 0.2697 0.2604 0.2559 0.2489 0.3112 0.3481 0.3204 0.3528 0.4012 0.362
1.0 1.0 0.0 0.147 0.2047 0.3966 0.2997 0.0927 0.0073 0.86 0.87 0.88 0.89 0.9 0.91 0.92 0.93 0.94 0.95 0.96 0.97 0.0 0.01 0.02 0.03 0.04 0.05 0.06 0.07 0.0986 0.0963 0.0848 0.071 0.0663 0.0549 0.0433 0.0364 0.0296 0.018 0.0133 0.0064 0.0341 0.1124 0.0848 0.0871 0.17 0.1378 0.1193 0.2092 0.1283 0.1121 0.1051 0.0982 0.0867 0.0773 0.0681 0.0589 0.0496 0.045 0.0357 0.0427 0.0519 0.0403 0.1121 0.1144 0.0936 0.1444 0.163 0.1352 0.3481 0.3366 0.3366 0.3204 0.3112 0.3043 0.2928 0.2836 0.2789 0.2697 0.2604 0.2559 0.2489 0.3112 0.3481 0.3204 0.3528 0.4012 0.362 0.3642
1.0 1.0 0.0 0.223 0.1722 0.3781 0.1 0.085 0.2537 0.87 0.88 0.89 0.9 0.91 0.92 0.93 0.94 0.95 0.96 0.97 0.0 0.01 0.02 0.03 0.04 0.05 0.06 0.07 0.08 0.0963 0.0848 0.071 0.0663 0.0549 0.0433 0.0364 0.0296 0.018 0.0133 0.0064 0.0341 0.1124 0.0848 0.0871 0.17 0.1378 0.1193 0.2092 0.1792 0.1121 0.1051 0.0982 0.0867 0.0773 0.0681 0.0589 0.0496 0.045 0.0357 0.0427 0.0519 0.0403 0.1121 0.1144 0.0936 0.1444 0.163 0.1352 0.1607 0.3366 0.3366 0.3204 0.3112 0.3043 0.2928 0.2836 0.2789 0.2697 0.2604 0.2559 0.2489 0.3112 0.3481 0.3204 0.3528 0.4012 0.362 0.3642 0.4403
1.0 1.0 0.0 0.2183 0.1722 0.4589 0.1073 0.1467 0.1457 0.88 0.89 0.9 0.91 0.92 0.93 0.94 0.95 0.96 0.97 0.0 0.01 0.02 0.03 0.04 0.05 0.06 0.07 0.08 0.09 0.0848 0.071 0.0663 0.0549 0.0433 0.0364 0.0296 0.018 0.0133 0.0064 0.0341 0.1124 0.0848 0.0871 0.17 0.1378 0.1193 0.2092 0.1792 0.147 0.1051 0.0982 0.0867 0.0773 0.0681 0.0589 0.0496 0.045 0.0357 0.0427 0.0519 0.0403 0.1121 0.1144 0.0936 0.1444 0.163 0.1352 0.1607 0.2047 0.3366 0.3204 0.3112 0.3043 0.2928 0.2836 0.2789 0.2697 0.2604 0.2559 0.2489 0.3112 0.3481 0.3204 0.3528 0.4012 0.362 0.3642 0.4403 0.3966
1.0 1.0 0.0 0.1792 0.2417 0.4289 0.2533 0.1083 0.0617 0.89 0.9 0.91 0.92 0.93 0.94 0.95 0.96 0.97 0.0 0.01 0.02 0.03 0.04 0.05 0.06 0.07 0.08 0.09 0.1 0.071 0.0663 0.0549 0.0433 0.0364 0.0296 0.018 0.0133 0.0064 0.0341 0.1124 0.0848 0.0871 0.17 0.1378 0.1193 0.2092 0.1792 0.147 0.223 0.0982 0.0867 0.0773 0.0681 0.0589 0.0496 0.045 0.0357 0.0427 0.0519 0.0403 0.1121 0.1144 0.0936 0.1444 0.163 0.1352 0.1607 0.2047 0.1722 0.3204 0.3112 0.3043 0.2928 0.2836 0.2789 0.2697 0.2604 0.2559 0.2489 0.3112 0.3481 0.3204 0.3528 0.4012 0.362 0.3642 0.4403 0.3966 0.3781
1.0 1.0 0.0 0.2253 0.2047 0.4012 0.0157 0.0 0.2693 0.9 0.91 0.92 0.93 0.94 0.95 0.96 0.97 0.0 0.01 0.02 0.03 0.04 0.05 0.06 0.07 0.08 0.09 0.1 0.11 0.0663 0.0549 0.0433 0.0364 0.0296 0.018 0.0133 0.0064 0.0341 0.1124 0.0848 0.0871 0.17 0.1378 0.1193 0.2092 0.1792 0.147 0.223 0.2183 0.0867 0.0773 0.0681 0.0589 0.0496 0.045 0.0357 0.0427 0.0519 0.0403 0.1121 0.1144 0.0936 0.1444 0.163 0.1352 0.1607 0.2047 0.1722 0.1722 0.3112 0.3043 0.2928 0.2836 0.2789 0.2697 0.2604 0.2559 0.2489 0.3112 0.3481 0.3204 0.3528 0.4012 0.362 0.3642 0.4403 0.3966 0.3781 0.4589
1.0 1.0 0.0 0.2576 0.1908 0.4634 0.1303 0.2317 0.1 0.91 0.92 0.93 0.94 0.95 0.96 0.97 0.0 0.01 0.02 0.03 0.04 0.05 0.06 0.07 0.08 0.09 0.1 0.11 0.12 0.0549 0.0433 0.0364 0.0296 0.018 0.0133 0.0064 0.0341 0.1124 0.0848 0.0871 0.17 0.1378 0.1193 0.2092 0.1792 0.147 0.223 0.2183 0.1792 0.0773 0.0681 0.0589 0.0496 0.045 0.0357 0.0427 0.0519 0.0403 0.1121 0.1144 0.0936 0.1444 0.163 0.1352 0.1607 0.2047 0.1722 0.1722 0.2417 0.3043 0.2928 0.2836 0.2789 0.2697 0.2604 0.2559 0.2489 0.3112 0.3481 0.3204 0.3528 0.4012 0.362 0.3642 0.4403 0.3966 0.3781 0.4589 0.4289
1.0 1.0 0.0 0.2183 0.2671 0.4634 0.1537 0.1233 0.0923 0.92 0.93 0.94 0.95 0.96 0.97 0.0 0.01 0.02 0.03 0.04 0.05 0.06 0.07 0.08 0.09 0.1 0.11 0.12 0.13 0.0433 0.0364 0.0296 0.018 0.0133 0.0064 0.0341 0.1124 0.0848 0.0871 0.17 0.1378 0.1193 0.2092 0.1792 0.147 0.223 0.2183 0.1792 0.2253 0.0681 0.0589 0.0496 0.045 0.0357 0.0427 0.0519 0.0403 0.1121 0.1144 0.0936 0.1444 0.163 0.1352 0.1607 0.2047 0.1722 0.1722 0.2417 0.2047 0.2928 0.2836 0.2789 0.2697 0.2604 0.2559 0.2489 0.3112 0.3481 0.3204 0.3528 0.4012 0.362 0.3642 0.4403 0.3966 0.3781 0.4589 0.4289 0.4012
1.0 1.0 0.0 0.2207 0.244 0.4358 0.1077 0.0463 0.2073 0.93 0.94 0.95 0.96 0.97 0.0 0.01 0.02 0.03 0.04 0.05 0.06 0.07 0.08 0.09 0.1 0.11 0.12 0.13 0.14 0.0364 0.0296 0.018 0.0133 0.0064 0.0341 0.1124 0.0848 0.0871 0.17 0.1378 0.1193 0.2092 0.1792 0.147 0.223 0.2183 0.1792 0.2253 0.2576 0.0589 0.0496 0.045 0.0357 0.0427 0.0519 0.0403 0.1121 0.1144 0.0936 0.1444 0.163 0.1352 0.1607 0.2047 0.1722 0.1722 0.2417 0.2047 0.1908 0.2836 0.2789 0.2697 0.2604 0.2559 0.2489 0.3112 0.3481 0.3204 0.3528 0.4012 0.362 0.3642 0.4403 0.3966 0.3781 0.4589 0.4289 0.4012 0.4634
1.0 1.0 0.0 0.2829 0.2209 0.4658 0.131 0.2543 0.0 0.94 0.95 0.96 0.97 0.0 0.01 0.02 0.03 0.04 0.05 0.06 0.07 0.08 0.09 0.1 0.11 0.12 0.13 0.14 0.15 0.0296 0.018 0.0133 0.0064 0.0341 0.1124 0.0848 0.0871 0.17 0.1378 0.1193 0.2092 0.1792 0.147 0.223 0.2183 0.1792 0.2253 0.2576 0.2183 0.0496 0.045 0.0357 0.0427 0.0519 0.0403 0.1121 0.1144 0.0936 0.1444 0.163 0.1352 0.1607 0.2047 0.1722 0.1722 0.2417 0.2047 0.1908 0.2671 0.2789 0.2697 0.2604 0.2559 0.2489 0.3112 0.3481 0.3204 0.3528 0.4012 0.362 0.3642 0.4403 0.3966 0.3781 0.4589 0.4289 0.4012 0.4634 0.4634
1.0 1.0 0.0 0.2483 0.2718 0.4911 0.008 0.077 0.092 0.95 0.96 0.97 0.0 0.01 0.02 0.03 0.04 0.05 0.06 0.07 0.08 0.09 0.1 0.11 0.12 0.13 0.14 0.15 0.16 0.018 0.0133 0.0064 0.0341 0.1124 0.0848 0.0871 0.17 0.1378 0.1193 0.2092 0.1792 0.147 0.223 0.2183 0.1792 0.2253 0.2576 0.2183 0.2207 0.045 0.0357 0.0427 0.0519 0.0403 0.1121 0.1144 0.0936 0.1444 0.163 0.1352 0.1607 0.2047 0.1722 0.1722 0.2417 0.2047 0.1908 0.2671 0.244 0.2697 0.2604 0.2559 0.2489 0.3112 0.3481 0.3204 0.3528 0.4012 0.362 0.3642 0.4403 0.3966 0.3781 0.4589 0.4289 0.4012 0.4634 0.4634 0.4358
1.0 1.0 0.0 0.2322 0.281 0.4589 0.2073 0.077 0.1 0.96 0.97 0.0 0.01 0.02 0.03 0.04 0.05 0.06 0.07 0.08 0.09 0.1 0.11 0.12 0.13 0.14 0.15 0.16 0.17 0.0133 0.0064 0.0341 0.1124 0.0848 0.0871 0.17 0.1378 0.1193 0.2092 0.1792 0.147 0.223 0.2183 0.1792 0.2253 0.2576 0.2183 0.2207 0.2829 0.0357 0.0427 0.0519 0.0403 0.1121 0.1144 0.0936 0.1444 0.163 0.1352 0.1607 0.2047 0.1722 0.1722 0.2417 0.2047 0.1908 0.2671 0.244 0.2209 0.2604 0.2559 0.2489 0.3112 0.3481 0.3204 0.3528 0.4012 0.362 0.3642 0.4403 0.3966 0.3781 0.4589 0.4289 0.4012 0.4634 0.4634 0.4358 0.4658
1.0 1.0 0.0 0.2829 0.251 0.4658 0.1153 0.1697 0.0843 0.97 0.0 0.01 0.02 0.03 0.04 0.05 0.06 0.07 0.08 0.09 0.1 0.11 0.12 0.13 0.14 0.15 0.16 0.17 0.18 0.0064 0.0341 0.1124 0.0848 0.0871 0.17 0.1378 0.1193 0.2092 0.1792 0.147 0.223 0.2183 0.1792 0.2253 0.2576 0.2183 0.2207 0.2829 0.2483 0.0427 0.0519 0.0403 0.1121 0.1144 0.0936 0.1444 0.163 0.1352 0.1607 0.2047 0.1722 0.1722 0.2417 0.2047 0.1908 0.2671 0.244 0.2209 0.2718 0.2559 0.2489 0.3112 0.3481 0.3204 0.3528 0.4012 0.362 0.3642 0.4403 0.3966 0.3781 0.4589 0.4289 0.4012 0.4634 0.4634 0.4358 0.4658 0.4911
1.0 1.0 0.0 0.2668 0.2671 0.5211 0.0537 0.0307 0.1073 0.0 0.01 0.02 0.03 0.04 0.05 0.06 0.07 0.08 0.09 0.1 0.11 0.12 0.13 0.14 0.15 0.16 0.17 0.18 0.19 0.0341 0.1124 0.0848 0.0871 0.17 0.1378 0.1193 0.2092 0.1792 0.147 0.223 0.2183 0.1792 0.2253 0.2576 0.2183 0.2207 0.2829 0.2483 0.2322 0.0519 0.0403 0.1121 0.1144 0.0936 0.1444 0.163 0.1352 0.1607 0.2047 0.1722 0.1722 0.2417 0.2047 0.1908 0.2671 0.244 0.2209 0.2718 0.281 0.2489 0.3112 0.3481 0.3204 0.3528 0.4012 0.362 0.3642 0.4403 0.3966 0.3781 0.4589 0.4289 0.4012 0.4634 0.4634 0.4358 0.4658 0.4911 0.4589
1.0 1.0 0.0 0.2529 0.325 0.4911 0.169 0.1 0.023 0.01 0.02 0.03 0.04 0.05 0.06 0.07 0.08 0.09 0.1 0.11 0.12 0.13 0.14 0.15 0.16 0.17 0.18 0.19 0.2 0.1124 0.0848 0.0871 0.17 0.1378 0.1193 0.2092 0.1792 0.147 0.223 0.2183 0.1792 0.2253 0.2576 0.2183 0.2207 0.2829 0.2483 0.2322 0.2829 0.0403 0.1121 0.1144 0.0936 0.1444 0.163 0.1352 0.1607 0.2047 0.1722 0.1722 0.2417 0.2047 0.1908 0.2671 0.244 0.2209 0.2718 0.281 0.251 0.3112 0.3481 0.3204 0.3528 0.4012 0.362 0.3642 0.4403 0.3966 0.3781 0.4589 0.4289 0.4012 0.4634 0.4634 0.4358 0.4658 0.4911 0.4589 0.4658
1.0 1.0 0.0 0.2921 0.2949 0.4888 0.0537 0.0537 0.1843 0.02 0.03 0.04 0.05 0.06 0.07 0.08 0.09 0.1 0.11 0.12 0.13 0.14 0.15 0.16 0.17 0.18 0.19 0.2 0.21 0.0848 0.0871 0.17 0.1378 0.1193 0.2092 0.1792 0.147 0.223 0.2183 0.1792 0.2253 0.2576 0.2183 0.2207 0.2829 0.2483 0.2322 0.2829 0.2668 0.1121 0.1144 0.0936 0.1444 0.163 0.1352 0.1607 0.2047 0.1722 0.1722 0.2417 0.2047 0.1908 0.2671 0.244 0.2209 0.2718 0.281 0.251 0.2671 0.3481 0.3204 0.3528 0.4012 0.362 0.3642 0.4403 0.3966 0.3781 0.4589 0.4289 0.4012 0.4634 0.4634 0.4358 0.4658 0.4911 0.4589 0.4658 0.5211
1.0 1.0 0.0 0.3174 0.2926 0.5258 0.0463 0.193 0.1 0.03 0.04 0.05 0.06 0.07 0.08 0.09 0.1 0.11 0.12 0.13 0.14 0.15 0.16 0.17 0.18 0.19 0.2 0.21 0.22 0.0871 0.17 0.1378 0.1193 0.2092 0.1792 0.147 0.223 0.2183 0.1792 0.2253 0.2576 0.2183 0.2207 0.2829 0.2483 0.2322 0.2829 0.2668 0.2529 0.1144 0.0936 0.1444 0.163 0.1352 0.1607 0.2047 0.1722 0.1722 0.2417 0.2047 0.1908 0.2671 0.244 0.2209 0.2718 0.281 0.251 0.2671 0.325 0.3204 0.3528 0.4012 0.362 0.3642 0.4403 0.3966 0.3781 0.4589 0.4289 0.4012 0.4634 0.4634 0.4358 0.4658 0.4911 0.4589 0.4658 0.5211 0.4911
1.0 1.0 0.0 0.2898 0.3504 0.5396 0.1307 0.1003 0.0077 0.04 0.05 0.06 0.07 0.08 0.09 0.1 0.11 0.12 0.13 0.14 0.15 0.16 0.17 0.18 0.19 0.2 0.21 0.22 0.23 0.17 0.1378 0.1193 0.2092 0.1792 0.147 0.223 0.2183 0.1792 0.2253 0.2576 0.2183 0.2207 0.2829 0.2483 0.2322 0.2829 0.2668 0.2529 0.2921 0.0936 0.1444 0.163 0.1352 0.1607 0.2047 0.1722 0.1722 0.2417 0.2047 0.1908 0.2671 0.244 0.2209 0.2718 0.281 0.251 0.2671 0.325 0.2949 0.3528 0.4012 0.362 0.3642 0.4403 0.3966 0.3781 0.4589 0.4289 0.4012 0.4634 0.4634 0.4358 0.4658 0.4911 0.4589 0.4658 0.5211 0.4911 0.4888
1.0 1.0 0.0 0.299 0.3366 0.5258 0.0843 0.0077 0.1233 0.05 0.06 0.07 0.08 0.09 0.1 0.11 0.12 0.13 0.14 0.15 0.16 0.17 0.18 0.19 0.2 0.21 0.22 0.23 0.24 0.1378 0.1193 0.2092 0.1792 0.147 0.223 0.2183 0.1792 0.2253 0.2576 0.2183 0.2207 0.2829 0.2483 0.2322 0.2829 0.2668 0.2529 0.2921 0.3174 0.1444 0.163 0.1352 0.1607 0.2047 0.1722 0.1722 0.2417 0.2047 0.1908 0.2671 0.244 0.2209 0.2718 0.281 0.251 0.2671 0.325 0.2949 0.2926 0.4012 0.362 0.3642 0.4403 0.3966 0.3781 0.4589 0.4289 0.4012 0.4634 0.4634 0.4358 0.4658 0.4911 0.4589 0.4658 0.5211 0.4911 0.4888 0.5258
1.0 1.0 0.0 0.3589 0.325 0.5511 0.092 0.1927 0.046 0.06 0.07 0.08 0.09 0.1 0.11 0.12 0.13 0.14 0.15 0.16 0.17 0.18 0.19 0.2 0.21 0.22 0.23 0.24 0.25 0.1193 0.2092 0.1792 0.147 0.223 0.2183 0.1792 0.2253 0.2576 0.2183 0.2207 0.2829 0.2483 0.2322 0.2829 0.2668 0.2529 0.2921 0.3174 0.2898 0.163 0.1352 0.1607 0.2047 0.1722 0.1722 0.2417 0.2047 0.1908 0.2671 0.244 0.2209 0.2718 0.281 0.251 0.2671 0.325 0.2949 0.2926 0.3504 0.362 0.3642 0.4403 0.3966 0.3781 0.4589 0.4289 0.4012 0.4634 0.4634 0.4358 0.4658 0.4911 0.4589 0.4658 0.5211 0.4911 0.4888 0.5258 0.5396
1.0 1.0 0.0 0.3336 0.3551 0.6019 0.0307 0.046 0.046 0.07 0.08 0.09 0.1 0.11 0.12 0.13 0.14 0.15 0.16 0.17 0.18 0.19 0.2 0.21 0.22 0.23 0.24 0.25 0.26 0.2092 0.1792 0.147 0.223 0.2183 0.1792 0.2253 0.2576 0.2183 0.2207 0.2829 0.2483 0.2322 0.2829 0.2668 0.2529 0.2921 0.3174 0.2898 0.299 0.1352 0.1607 0.2047 0.1722 0.1722 0.2417 0.2047 0.1908 0.2671 0.244 0.2209 0.2718 0.281 0.251 0.2671 0.325 0.2949 0.2926 0.3504 0.3366 0.3642 0.4403 0.3966 0.3781 0.4589 0.4289 0.4012 0.4634 0.4634 0.4358 0.4658 0.4911 0.4589 0.4658 0.5211 0.4911 0.4888 0.5258 0.5396 0.5258
1.0 1.0 0.0 0.322 0.3829 0.5649 0.1997 0.0387 0.0843 0.08 0.09 0.1 0.11 0.12 0.13 0.14 0.15 0.16 0.17 0.18 0.19 0.2 0.21 0.22 0.23 0.24 0.25 0.26 0.27 0.1792 0.147 0.223 0.2183 0.1792 0.2253 0.2576 0.2183 0.2207 0.2829 0.2483 0.2322 0.2829 0.2668 0.2529 0.2921 0.3174 0.2898 0.299 0.3589 0.1607 0.2047 0.1722 0.1722 0.2417 0.2047 0.1908 0.2671 0.244 0.2209 0.2718 0.281 0.251 0.2671 0.325 0.2949 0.2926 0.3504 0.3366 0.325 0.4403 0.3966 0.3781 0.4589 0.4289 0.4012 0.4634 0.4634 0.4358 0.4658 0.4911 0.4589 0.4658 0.5211 0.4911 0.4888 0.5258 0.5396 0.5258 0.5511
1.0 1.0 0.0 0.3866 0.3528 0.5649 0.0843 0.1003 0.1693 0.09 0.1 0.11 0.12 0.13 0.14 0.15 0.16 0.17 0.18 0.19 0.2 0.21 0.22 0.23 0.24 0.25 0.26 0.27 0.28 0.147 0.223 0.2183 0.1792 0.2253 0.2576 0.2183 0.2207 0.2829 0.2483 0.2322 0.2829 0.2668 0.2529 0.2921 0.3174 0.2898 0.299 0.3589 0.3336 0.2047 0.1722 0.1722 0.2417 0.2047 0.1908 0.2671 0.244 0.2209 0.2718 0.281 0.251 0.2671 0.325 0.2949 0.2926 0.3504 0.3366 0.325 0.3551 0.3966 0.3781 0.4589 0.4289 0.4012 0.4634 0.4634 0.4358 0.4658 0.4911 0.4589 0.4658 0.5211 0.4911 0.4888 0.5258 0.5396 0.5258 0.5511 0.6019
1.0 1.0 0.0 0.3704 0.362 0.6319 0.0387 0.0927 0.1233 0.1 0.11 0.12 0.13 0.14 0.15 0.16 0.17 0.18 0.19 0.2 0.21 0.22 0.23 0.24 0.25 0.26 0.27 0.28 0.29 0.223 0.2183 0.1792 0.2253 0.2576 0.2183 0.2207 0.2829 0.2483 0.2322 0.2829 0.2668 0.2529 0.2921 0.3174 0.2898 0.299 0.3589 0.3336 0.322 0.1722 0.1722 0.2417 0.2047 0.1908 0.2671 0.244 0.2209 0.2718 0.281 0.251 0.2671 0.325 0.2949 0.2926 0.3504 0.3366 0.325 0.3551 0.3829 0.3781 0.4589 0.4289 0.4012 0.4634 0.4634 0.4358 0.4658 0.4911 0.4589 0.4658 0.5211 0.4911 0.4888 0.5258 0.5396 0.5258 0.5511 0.6019 0.5649
1.0 1.0 0.0 0.3497 0.4013 0.5927 0.2153 0.1003 0.0 0.11 0.12 0.13 0.14 0.15 0.16 0.17 0.18 0.19 0.2 0.21 0.22 0.23 0.24 0.25 0.26 0.27 0.28 0.29 0.3 0.2183 0.1792 0.2253 0.2576 0.2183 0.2207 0.2829 0.2483 0.2322 0.2829 0.2668 0.2529 0.2921 0.3174 0.2898 0.299 0.3589 0.3336 0.322 0.3866 0.1722 0.2417 0.2047 0.1908 0.2671 0.244 0.2209 0.2718 0.281 0.251 0.2671 0.325 0.2949 0.2926 0.3504 0.3366 0.325 0.3551 0.3829 0.3528 0.4589 0.4289 0.4012 0.4634 0.4634 0.4358 0.4658 0.4911 0.4589 0.4658 0.5211 0.4911 0.4888 0.5258 0.5396 0.5258 0.5511 0.6019 0.5649 0.5649
1.0 1.0 0.0 0.3934 0.3643 0.5788 0.054 0.0307 0.2233 0.12 0.13 0.14 0.15 0.16 0.17 0.18 0.19 0.2 0.21 0.22 0.23 0.24 0.25 0.26 0.27 0.28 0.29 0.3 0.31 0.1792 0.2253 0.2576 0.2183 0.2207 0.2829 0.2483 0.2322 0.2829 0.2668 0.2529 0.2921 0.3174 0.2898 0.299 0.3589 0.3336 0.322 0.3866 0.3704 0.2417 0.2047 0.1908 0.2671 0.244 0.2209 0.2718 0.281 0.251 0.2671 0.325 0.2949 0.2926 0.3504 0.3366 0.325 0.3551 0.3829 0.3528 0.362 0.4289 0.4012 0.4634 0.4634 0.4358 0.4658 0.4911 0.4589 0.4658 0.5211 0.4911 0.4888 0.5258 0.5396 0.5258 0.5511 0.6019 0.5649 0.5649 0.6319
1.0 1.0 0.0 0.3866 0.3598 0.6364 0.069 0.131 0.1307 0.13 0.14 0.15 0.16 0.17 0.18 0.19 0.2 0.21 0.22 0.23 0.24 0.25 0.26 0.27 0.28 0.29 0.3 0.31 0.32 0.2253 0.2576 0.2183 0.2207 0.2829 0.2483 0.2322 0.2829 0.2668 0.2529 0.2921 0.3174 0.2898 0.299 0.3589 0.3336 0.322 0.3866 0.3704 0.3497 0.2047 0.1908 0.2671 0.244 0.2209 0.2718 0.281 0.251 0.2671 0.325 0.2949 0.2926 0.3504 0.3366 0.325 0.3551 0.3829 0.3528 0.362 0.4013 0.4012 0.4634 0.4634 0.4358 0.4658 0.4911 0.4589 0.4658 0.5211 0.4911 0.4888 0.5258 0.5396 0.5258 0.5511 0.6019 0.5649 0.5649 0.6319 0.5927
1.0 1.0 0.0 0.3589 0.3968 0.5996 0.1457 0.1233 0.0463 0.14 0.15 0.16 0.17 0.18 0.19 0.2 0.21 0.22 0.23 0.24 0.25 0.26 0.27 0.28 0.29 0.3 0.31 0.32 0.33 0.2576 0.2183 0.2207 0.2829 0.2483 0.2322 0.2829 0.2668 0.2529 0.2921 0.3174 0.2898 0.299 0.3589 0.3336 0.322 0.3866 0.3704 0.3497 0.3934 0.1908 0.2671 0.244 0.2209 0.2718 0.281 0.251 0.2671 0.325 0.2949 0.2926 0.3504 0.3366 0.325 0.3551 0.3829 0.3528 0.362 0.4013 0.3643 0.4634 0.4634 0.4358 0.4658 0.4911 0.4589 0.4658 0.5211 0.4911 0.4888 0.5258 0.5396 0.5258 0.5511 0.6019 0.5649 0.5649 0.6319 0.5927 0.5788
1.0 1.0 0.0 0.3934 0.3667 0.5788 0.0227 0.015 0.192 0.15 0.16 0.17 0.18 0.19 0.2 0.21 0.22 0.23 0.24 0.25 0.26 0.27 0.28 0.29 0.3 0.31 0.32 0.33 0.34 0.2183 0.2207 0.2829 0.2483 0.2322 0.2829 0.2668 0.2529 0.2921 0.3174 0.2898 0.299 0.3589 0.3336 0.322 0.3866 0.3704 0.3497 0.3934 0.3866 0.2671 0.244 0.2209 0.2718 0.281 0.251 0.2671 0.325 0.2949 0.2926 0.3504 0.3366 0.325 0.3551 0.3829 0.3528 0.362 0.4013 0.3643 0.3598 0.4634 0.4358 0.4658 0.4911 0.4589 0.4658 0.5211 0.4911 0.4888 0.5258 0.5396 0.5258 0.5511 0.6019 0.5649 0.5649 0.6319 0.5927 0.5788 0.6364
1.0 1.0 0.0 0.3934 0.3643 0.6249 0.0923 0.1233 0.1227 0.16 0.17 0.18 0.19 0.2 0.21 0.22 0.23 0.24 0.25 0.26 0.27 0.28 0.29 0.3 0.31 0.32 0.33 0.34 0.35 0.2207 0.2829 0.2483 0.2322 0.2829 0.2668 0.2529 0.2921 0.3174 0.2898 0.299 0.3589 0.3336 0.322 0.3866 0.3704 0.3497 0.3934 0.3866 0.3589 0.244 0.2209 0.2718 0.281 0.251 0.2671 0.325 0.2949 0.2926 0.3504 0.3366 0.325 0.3551 0.3829 0.3528 0.362 0.4013 0.3643 0.3598 0.3968 0.4358 0.4658 0.4911 0.4589 0.4658 0.5211 0.4911 0.4888 0.5258 0.5396 0.5258 0.5511 0.6019 0.5649 0.5649 0.6319 0.5927 0.5788 0.6364 0.5996
1.0 1.0 0.0 0.3612 0.3944 0.5972 0.115 0.1003 0.0693 0.17 0.18 0.19 0.2 0.21 0.22 0.23 0.24 0.25 0.26 0.27 0.28 0.29 0.3 0.31 0.32 0.33 0.34 0.35 0.36 0.2829 0.2483 0.2322 0.2829 0.2668 0.2529 0.2921 0.3174 0.2898 0.299 0.3589 0.3336 0.322 0.3866 0.3704 0.3497 0.3934 0.3866 0.3589 0.3934 0.2209 0.2718 0.281 0.251 0.2671 0.325 0.2949 0.2926 0.3504 0.3366 0.325 0.3551 0.3829 0.3528 0.362 0.4013 0.3643 0.3598 0.3968 0.3667 0.4658 0.4911 0.4589 0.4658 0.5211 0.4911 0.4888 0.5258 0.5396 0.5258 0.5511 0.6019 0.5649 0.5649 0.6319 0.5927 0.5788 0.6364 0.5996 0.5788
1.0 1.0 0.0 0.4027 0.3667 0.5834 0.0 0.008 0.1537 0.18 0.19 0.2 0.21 0.22 0.23 0.24 0.25 0.26 0.27 0.28 0.29 0.3 0.31 0.32 0.33 0.34 0.35 0.36 0.37 0.2483 0.2322 0.2829 0.2668 0.2529 0.2921 0.3174 0.2898 0.299 0.3589 0.3336 0.322 0.3866 0.3704 0.3497 0.3934 0.3866 0.3589 0.3934 0.3934 0.2718 0.281 0.251 0.2671 0.325 0.2949 0.2926 0.3504 0.3366 0.325 0.3551 0.3829 0.3528 0.362 0.4013 0.3643 0.3598 0.3968 0.3667 0.3643 0.4911 0.4589 0.4658 0.5211 0.4911 0.4888 0.5258 0.5396 0.5258 0.5511 0.6019 0.5649 0.5649 0.6319 0.5927 0.5788 0.6364 0.5996 0.5788 0.6249
1.0 1.0 0.0 0.3797 0.3667 0.6411 0.1073 0.1003 0.0923 0.19 0.2 0.21 0.22 0.23 0.24 0.25 0.26 0.27 0.28 0.29 0.3 0.31 0.32 0.33 0.34 0.35 0.36 0.37 0.38 0.2322 0.2829 0.2668 0.2529 0.2921 0.3174 0.2898 0.299 0.3589 0.3336 0.322 0.3866 0.3704 0.3497 0.3934 0.3866 0.3589 0.3934 0.3934 0.3612 0.281 0.251 0.2671 0.325 0.2949 0.2926 0.3504 0.3366 0.325 0.3551 0.3829 0.3528 0.362 0.4013 0.3643 0.3598 0.3968 0.3667 0.3643 0.3944 0.4589 0.4658 0.5211 0.4911 0.4888 0.5258 0.5396 0.5258 0.5511 0.6019 0.5649 0.5649 0.6319 0.5927 0.5788 0.6364 0.5996 0.5788 0.6249 0.5972
1.0 1.0 0.0 0.3543 0.3898 0.6111 0.1383 0.0923 0.046 0.2 0.21 0.22 0.23 0.24 0.25 0.26 0.27 0.28 0.29 0.3 0.31 0.32 0.33 0.34 0.35 0.36 0.37 0.38 0.39 0.2829 0.2668 0.2529 0.2921 0.3174 0.2898 0.299 0.3589 0.3336 0.322 0.3866 0.3704 0.3497 0.3934 0.3866 0.3589 0.3934 0.3934 0.3612 0.4027 0.251 0.2671 0.325 0.2949 0.2926 0.3504 0.3366 0.325 0.3551 0.3829 0.3528 0.362 0.4013 0.3643 0.3598 0.3968 0.3667 0.3643 0.3944 0.3667 0.4658 0.5211 0.4911 0.4888 0.5258 0.5396 0.5258 0.5511 0.6019 0.5649 0.5649 0.6319 0.5927 0.5788 0.6364 0.5996 0.5788 0.6249 0.5972 0.5834
1.0 1.0 0.0 0.4003 0.369 0.5996 0.0767 0.0 0.1923 0.21 0.22 0.23 0.24 0.25 0.26 0.27 0.28 0.29 0.3 0.31 0.32 0.33 0.34 0.35 0.36 0.37 0.38 0.39 0.4 0.2668 0.2529 0.2921 0.3174 0.2898 0.299 0.3589 0.3336 0.322 0.3866 0.3704 0.3497 0.3934 0.3866 0.3589 0.3934 0.3934 0.3612 0.4027 0.3797 0.2671 0.325 0.2949 0.2926 0.3504 0.3366 0.325 0.3551 0.3829 0.3528 0.362 0.4013 0.3643 0.3598 0.3968 0.3667 0.3643 0.3944 0.3667 0.3667 0.5211 0.4911 0.4888 0.5258 0.5396 0.5258 0.5511 0.6019 0.5649 0.5649 0.6319 0.5927 0.5788 0.6364 0.5996 0.5788 0.6249 0.5972 0.5834 0.6411
1.0 1.0 0.0 0.3934 0.3782 0.6503 0.0847 0.077 0.1 0.22 0.23 0.24 0.25 0.26 0.27 0.28 0.29 0.3 0.31 0.32 0.33 0.34 0.35 0.36 0.37 0.38 0.39 0.4 0.41 0.2529 0.2921 0.3174 0.2898 0.299 0.3589 0.3336 0.322 0.3866 0.3704 0.3497 0.3934 0.3866 0.3589 0.3934 0.3934 0.3612 0.4027 0.3797 0.3543 0.325 0.2949 0.2926 0.3504 0.3366 0.325 0.3551 0.3829 0.3528 0.362 0.4013 0.3643 0.3598 0.3968 0.3667 0.3643 0.3944 0.3667 0.3667 0.3898 0.4911 0.4888 0.5258 0.5396 0.5258 0.5511 0.6019 0.5649 0.5649 0.6319 0.5927 0.5788 0.6364 0.5996 0.5788 0.6249 0.5972 0.5834 0.6411 0.6111
1.0 1.0 0.0 0.3658 0.413 0.6203 0.1533 0.0693 0.0383 0.23 0.24 0.25 0.26 0.27 0.28 0.29 0.3 0.31 0.32 0.33 0.34 0.35 0.36 0.37 0.38 0.39 0.4 0.41 0.42 0.2921 0.3174 0.2898 0.299 0.3589 0.3336 0.322 0.3866 0.3704 0.3497 0.3934 0.3866 0.3589 0.3934 0.3934 0.3612 0.4027 0.3797 0.3543 0.4003 0.2949 0.2926 0.3504 0.3366 0.325 0.3551 0.3829 0.3528 0.362 0.4013 0.3643 0.3598 0.3968 0.3667 0.3643 0.3944 0.3667 0.3667 0.3898 0.369 0.4888 0.5258 0.5396 0.5258 0.5511 0.6019 0.5649 0.5649 0.6319 0.5927 0.5788 0.6364 0.5996 0.5788 0.6249 0.5972 0.5834 0.6411 0.6111 0.5996
1.0 1.0 0.0 0.4188 0.3852 0.6088 0.023 0.0307 0.169 0.24 0.25 0.26 0.27 0.28 0.29 0.3 0.31 0.32 0.33 0.34 0.35 0.36 0.37 0.38 0.39 0.4 0.41 0.42 0.43 0.3174 0.2898 0.299 0.3589 0.3336 0.322 0.3866 0.3704 0.3497 0.3934 0.3866 0.3589 0.3934 0.3934 0.3612 0.4027 0.3797 0.3543 0.4003 0.3934 0.2926 0.3504 0.3366 0.325 0.3551 0.3829 0.3528 0.362 0.4013 0.3643 0.3598 0.3968 0.3667 0.3643 0.3944 0.3667 0.3667 0.3898 0.369 0.3782 0.5258 0.5396 0.5258 0.5511 0.6019 0.5649 0.5649 0.6319 0.5927 0.5788 0.6364 0.5996 0.5788 0.6249 0.5972 0.5834 0.6411 0.6111 0.5996 0.6503
1.0 1.0 0.0 0.4096 0.3898 0.678 0.092 0.116 0.1 0.25 0.26 0.27 0.28 0.29 0.3 0.31 0.32 0.33 0.34 0.35 0.36 0.37 0.38 0.39 0.4 0.41 0.42 0.43 0.44 0.2898 0.299 0.3589 0.3336 0.322 0.3866 0.3704 0.3497 0.3934 0.3866 0.3589 0.3934 0.3934 0.3612 0.4027 0.3797 0.3543 0.4003 0.3934 0.3658 0.3504 0.3366 0.325 0.3551 0.3829 0.3528 0.362 0.4013 0.3643 0.3598 0.3968 0.3667 0.3643 0.3944 0.3667 0.3667 0.3898 0.369 0.3782 0.413 0.5396 0.5258 0.5511 0.6019 0.5649 0.5649 0.6319 0.5927 0.5788 0.6364 0.5996 0.5788 0.6249 0.5972 0.5834 0.6411 0.6111 0.5996 0.6503 0.6203
1.0 1.0 0.0 0.375 0.4408 0.6411 0.1767 0.0927 0.0383 0.26 0.27 0.28 0.29 0.3 0.31 0.32 0.33 0.34 0.35 0.36 0.37 0.38 0.39 0.4 0.41 0.42 0.43 0.44 0.45 0.299 0.3589 0.3336 0.322 0.3866 0.3704 0.3497 0.3934 0.3866 0.3589 0.3934 0.3934 0.3612 0.4027 0.3797 0.3543 0.4003 0.3934 0.3658 0.4188 0.3366 0.325 0.3551 0.3829 0.3528 0.362 0.4013 0.3643 0.3598 0.3968 0.3667 0.3643 0.3944 0.3667 0.3667 0.3898 0.369 0.3782 0.413 0.3852 0.5258 0.5511 0.6019 0.5649 0.5649 0.6319 0.5927 0.5788 0.6364 0.5996 0.5788 0.6249 0.5972 0.5834 0.6411 0.6111 0.5996 0.6503 0.6203 0.6088
1.0 1.0 0.0 0.4372 0.4107 0.6157 0.0307 0.0153 0.2307 0.27 0.28 0.29 0.3 0.31 0.32 0.33 0.34 0.35 0.36 0.37 0.38 0.39 0.4 0.41 0.42 0.43 0.44 0.45 0.46 0.3589 0.3336 0.322 0.3866 0.3704 0.3497 0.3934 0.3866 0.3589 0.3934 0.3934 0.3612 0.4027 0.3797 0.3543 0.4003 0.3934 0.3658 0.4188 0.4096 0.325 0.3551 0.3829 0.3528 0.362 0.4013 0.3643 0.3598 0.3968 0.3667 0.3643 0.3944 0.3667 0.3667 0.3898 0.369 0.3782 0.413 0.3852 0.3898 0.5511 0.6019 0.5649 0.5649 0.6319 0.5927 0.5788 0.6364 0.5996 0.5788 0.6249 0.5972 0.5834 0.6411 0.6111 0.5996 0.6503 0.6203 0.6088 0.678
1.0 1.0 0.0 0.4372 0.4037 0.6918 0.1153 0.17 0.123 0.28 0.29 0.3 0.31 0.32 0.33 0.34 0.35 0.36 0.37 0.38 0.39 0.4 0.41 0.42 0.43 0.44 0.45 0.46 0.47 0.3336 0.322 0.3866 0.3704 0.3497 0.3934 0.3866 0.3589 0.3934 0.3934 0.3612 0.4027 0.3797 0.3543 0.4003 0.3934 0.3658 0.4188 0.4096 0.375 0.3551 0.3829 0.3528 0.362 0.4013 0.3643 0.3598 0.3968 0.3667 0.3643 0.3944 0.3667 0.3667 0.3898 0.369 0.3782 0.413 0.3852 0.3898 0.4408 0.6019 0.5649 0.5649 0.6319 0.5927 0.5788 0.6364 0.5996 0.5788 0.6249 0.5972 0.5834 0.6411 0.6111 0.5996 0.6503 0.6203 0.6088 0.678 0.6411
1.0 1.0 0.0 0.3958 0.4639 0.6664 0.2073 0.1003 0.0847 0.29 0.3 0.31 0.32 0.33 0.34 0.35 0.36 0.37 0.38 0.39 0.4 0.41 0.42 0.43 0.44 0.45 0.46 0.47 0.48 0.322 0.3866 0.3704 0.3497 0.3934 0.3866 0.3589 0.3934 0.3934 0.3612 0.4027 0.3797 0.3543 0.4003 0.3934 0.3658 0.4188 0.4096 0.375 0.4372 0.3829 0.3528 0.362 0.4013 0.3643 0.3598 0.3968 0.3667 0.3643 0.3944 0.3667 0.3667 0.3898 0.369 0.3782 0.413 0.3852 0.3898 0.4408 0.4107 0.5649 0.5649 0.6319 0.5927 0.5788 0.6364 0.5996 0.5788 0.6249 0.5972 0.5834 0.6411 0.6111 0.5996 0.6503 0.6203 0.6088 0.678 0.6411 0.6157
1.0 1.0 0.0 0.4418 0.4314 0.6296 0.0 0.0233 0.2537 0.3 0.31 0.32 0.33 0.34 0.35 0.36 0.37 0.38 0.39 0.4 0.41 0.42 0.43 0.44 0.45 0.46 0.47 0.48 0.49 0.3866 0.3704 0.3497 0.3934 0.3866 0.3589 0.3934 0.3934 0.3612 0.4027 0.3797 0.3543 0.4003 0.3934 0.3658 0.4188 0.4096 0.375 0.4372 0.4372 0.3528 0.362 0.4013 0.3643 0.3598 0.3968 0.3667 0.3643 0.3944 0.3667 0.3667 0.3898 0.369 0.3782 0.413 0.3852 0.3898 0.4408 0.4107 0.4037 0.5649 0.6319 0.5927 0.5788 0.6364 0.5996 0.5788 0.6249 0.5972 0.5834 0.6411 0.6111 0.5996 0.6503 0.6203 0.6088 0.678 0.6411 0.6157 0.6918
1.0 1.0 0.0 0.4602 0.4152 0.701 0.138 0.2007 0.0847 0.31 0.32 0.33 0.34 0.35 0.36 0.37 0.38 0.39 0.4 0.41 0.42 0.43 0.44 0.45 0.46 0.47 0.48 0.49 0.5 0.3704 0.3497 0.3934 0.3866 0.3589 0.3934 0.3934 0.3612 0.4027 0.3797 0.3543 0.4003 0.3934 0.3658 0.4188 0.4096 0.375 0.4372 0.4372 0.3958 0.362 0.4013 0.3643 0.3598 0.3968 0.3667 0.3643 0.3944 0.3667 0.3667 0.3898 0.369 0.3782 0.413 0.3852 0.3898 0.4408 0.4107 0.4037 0.4639 0.6319 0.5927 0.5788 0.6364 0.5996 0.5788 0.6249 0.5972 0.5834 0.6411 0.6111 0.5996 0.6503 0.6203 0.6088 0.678 0.6411 0.6157 0.6918 0.6664
1.0 1.0 0.0 0.4119 0.4824 0.6802 0.1533 0.1083 0.1227 0.32 0.33 0.34 0.35 0.36 0.37 0.38 0.39 0.4 0.41 0.42 0.43 0.44 0.45 0.46 0.47 0.48 0.49 0.5 0.51 0.3497 0.3934 0.3866 0.3589 0.3934 0.3934 0.3612 0.4027 0.3797 0.3543 0.4003 0.3934 0.3658 0.4188 0.4096 0.375 0.4372 0.4372 0.3958 0.4418 0.4013 0.3643 0.3598 0.3968 0.3667 0.3643 0.3944 0.3667 0.3667 0.3898 0.369 0.3782 0.413 0.3852 0.3898 0.4408 0.4107 0.4037 0.4639 0.4314 0.5927 0.5788 0.6364 0.5996 0.5788 0.6249 0.5972 0.5834 0.6411 0.6111 0.5996 0.6503 0.6203 0.6088 0.678 0.6411 0.6157 0.6918 0.6664 0.6296
1.0 1.0 0.0 0.4349 0.4453 0.6388 0.0613 0.054 0.238 0.33 0.34 0.35 0.36 0.37 0.38 0.39 0.4 0.41 0.42 0.43 0.44 0.45 0.46 0.47 0.48 0.49 0.5 0.51 0.52 0.3934 0.3866 0.3589 0.3934 0.3934 0.3612 0.4027 0.3797 0.3543 0.4003 0.3934 0.3658 0.4188 0.4096 0.375 0.4372 0.4372 0.3958 0.4418 0.4602 0.3643 0.3598 0.3968 0.3667 0.3643 0.3944 0.3667 0.3667 0.3898 0.369 0.3782 0.413 0.3852 0.3898 0.4408 0.4107 0.4037 0.4639 0.4314 0.4152 0.5788 0.6364 0.5996 0.5788 0.6249 0.5972 0.5834 0.6411 0.6111 0.5996 0.6503 0.6203 0.6088 0.678 0.6411 0.6157 0.6918 0.6664 0.6296 0.701
1.0 1.0 0.0 0.4694 0.4152 0.6896 0.161 0.224 0.0693 0.34 0.35 0.36 0.37 0.38 0.39 0.4 0.41 0.42 0.43 0.44 0.45 0.46 0.47 0.48 0.49 0.5 0.51 0.52 0.53 0.3866 0.3589 0.3934 0.3934 0.3612 0.4027 0.3797 0.3543 0.4003 0.3934 0.3658 0.4188 0.4096 0.375 0.4372 0.4372 0.3958 0.4418 0.4602 0.4119 0.3598 0.3968 0.3667 0.3643 0.3944 0.3667 0.3667 0.3898 0.369 0.3782 0.413 0.3852 0.3898 0.4408 0.4107 0.4037 0.4639 0.4314 0.4152 0.4824 0.6364 0.5996 0.5788 0.6249 0.5972 0.5834 0.6411 0.6111 0.5996 0.6503 0.6203 0.6088 0.678 0.6411 0.6157 0.6918 0.6664 0.6296 0.701 0.6802
1.0 1.0 0.0 0.4188 0.4801 0.6849 0.0767 0.1237 0.138 0.35 0.36 0.37 0.38 0.39 0.4 0.41 0.42 0.43 0.44 0.45 0.46 0.47 0.48 0.49 0.5 0.51 0.52 0.53 0.54 0.3589 0.3934 0.3934 0.3612 0.4027 0.3797 0.3543 0.4003 0.3934 0.3658 0.4188 0.4096 0.375 0.4372 0.4372 0.3958 0.4418 0.4602 0.4119 0.4349 0.3968 0.3667 0.3643 0.3944 0.3667 0.3667 0.3898 0.369 0.3782 0.413 0.3852 0.3898 0.4408 0.4107 0.4037 0.4639 0.4314 0.4152 0.4824 0.4453 0.5996 0.5788 0.6249 0.5972 0.5834 0.6411 0.6111 0.5996 0.6503 0.6203 0.6088 0.678 0.6411 0.6157 0.6918 0.6664 0.6296 0.701 0.6802 0.6388
1.0 1.0 0.0 0.4164 0.4523 0.6364 0.115 0.1003 0.1693 0.36 0.37 0.38 0.39 0.4 0.41 0.42 0.43 0.44 0.45 0.46 0.47 0.48 0.49 0.5 0.51 0.52 0.53 0.54 0.55 0.3934 0.3934 0.3612 0.4027 0.3797 0.3543 0.4003 0.3934 0.3658 0.4188 0.4096 0.375 0.4372 0.4372 0.3958 0.4418 0.4602 0.4119 0.4349 0.4694 0.3667 0.3643 0.3944 0.3667 0.3667 0.3898 0.369 0.3782 0.413 0.3852 0.3898 0.4408 0.4107 0.4037 0.4639 0.4314 0.4152 0.4824 0.4453 0.4152 0.5788 0.6249 0.5972 0.5834 0.6411 0.6111 0.5996 0.6503 0.6203 0.6088 0.678 0.6411 0.6157 0.6918 0.6664 0.6296 0.701 0.6802 0.6388 0.6896
1.0 1.0 0.0 0.4718 0.413 0.6641 0.1687 0.2163 0.0157 0.37 0.38 0.39 0.4 0.41 0.42 0.43 0.44 0.45 0.46 0.47 0.48 0.49 0.5 0.51 0.52 0.53 0.54 0.55 0.56 0.3934 0.3612 0.4027 0.3797 0.3543 0.4003 0.3934 0.3658 0.4188 0.4096 0.375 0.4372 0.4372 0.3958 0.4418 0.4602 0.4119 0.4349 0.4694 0.4188 0.3643 0.3944 0.3667 0.3667 0.3898 0.369 0.3782 0.413 0.3852 0.3898 0.4408 0.4107 0.4037 0.4639 0.4314 0.4152 0.4824 0.4453 0.4152 0.4801 0.6249 0.5972 0.5834 0.6411 0.6111 0.5996 0.6503 0.6203 0.6088 0.678 0.6411 0.6157 0.6918 0.6664 0.6296 0.701 0.6802 0.6388 0.6896 0.6849
1.0 1.0 0.0 0.4188 0.4639 0.6826 0.008 0.0927 0.1617 0.38 0.39 0.4 0.41 0.42 0.43 0.44 0.45 0.46 0.47 0.48 0.49 0.5 0.51 0.52 0.53 0.54 0.55 0.56 0.57 0.3612 0.4027 0.3797 0.3543 0.4003 0.3934 0.3658 0.4188 0.4096 0.375 0.4372 0.4372 0.3958 0.4418 0.4602 0.4119 0.4349 0.4694 0.4188 0.4164 0.3944 0.3667 0.3667 0.3898 0.369 0.3782 0.413 0.3852 0.3898 0.4408 0.4107 0.4037 0.4639 0.4314 0.4152 0.4824 0.4453 0.4152 0.4801 0.4523 0.5972 0.5834 0.6411 0.6111 0.5996 0.6503 0.6203 0.6088 0.678 0.6411 0.6157 0.6918 0.6664 0.6296 0.701 0.6802 0.6388 0.6896 0.6849 0.6364
1.0 1.0 0.0 0.398 0.4547 0.6341 0.1847 0.131 0.0923 0.39 0.4 0.41 0.42 0.43 0.44 0.45 0.46 0.47 0.48 0.49 0.5 0.51 0.52 0.53 0.54 0.55 0.56 0.57 0.58 0.4027 0.3797 0.3543 0.4003 0.3934 0.3658 0.4188 0.4096 0.375 0.4372 0.4372 0.3958 0.4418 0.4602 0.4119 0.4349 0.4694 0.4188 0.4164 0.4718 0.3667 0.3667 0.3898 0.369 0.3782 0.413 0.3852 0.3898 0.4408 0.4107 0.4037 0.4639 0.4314 0.4152 0.4824 0.4453 0.4152 0.4801 0.4523 0.413 0.5834 0.6411 0.6111 0.5996 0.6503 0.6203 0.6088 0.678 0.6411 0.6157 0.6918 0.6664 0.6296 0.701 0.6802 0.6388 0.6896 0.6849 0.6364 0.6641
1.0 1.0 0.0 0.4671 0.4107 0.6388 0.1767 0.1697 0.0617 0.4 0.41 0.42 0.43 0.44 0.45 0.46 0.47 0.48 0.49 0.5 0.51 0.52 0.53 0.54 0.55 0.56 0.57 0.58 0.59 0.3797 0.3543 0.4003 0.3934 0.3658 0.4188 0.4096 0.375 0.4372 0.4372 0.3958 0.4418 0.4602 0.4119 0.4349 0.4694 0.4188 0.4164 0.4718 0.4188 0.3667 0.3898 0.369 0.3782 0.413 0.3852 0.3898 0.4408 0.4107 0.4037 0.4639 0.4314 0.4152 0.4824 0.4453 0.4152 0.4801 0.4523 0.413 0.4639 0.6411 0.6111 0.5996 0.6503 0.6203 0.6088 0.678 0.6411 0.6157 0.6918 0.6664 0.6296 0.701 0.6802 0.6388 0.6896 0.6849 0.6364 0.6641 0.6826
1.0 1.0 0.0 0.4188 0.4408 0.6757 0.0693 0.0307 0.1617 0.41 0.42 0.43 0.44 0.45 0.46 0.47 0.48 0.49 0.5 0.51 0.52 0.53 0.54 0.55 0.56 0.57 0.58 0.59 0.6 0.3543 0.4003 0.3934 0.3658 0.4188 0.4096 0.375 0.4372 0.4372 0.3958 0.4418 0.4602 0.4119 0.4349 0.4694 0.4188 0.4164 0.4718 0.4188 0.398 0.3898 0.369 0.3782 0.413 0.3852 0.3898 0.4408 0.4107 0.4037 0.4639 0.4314 0.4152 0.4824 0.4453 0.4152 0.4801 0.4523 0.413 0.4639 0.4547 0.6111 0.5996 0.6503 0.6203 0.6088 0.678 0.6411 0.6157 0.6918 0.6664 0.6296 0.701 0.6802 0.6388 0.6896 0.6849 0.6364 0.6641 0.6826 0.6341
1.0 1.0 0.0 0.3819 0.4569 0.6296 0.2303 0.1467 0.0157 0.42 0.43 0.44 0.45 0.46 0.47 0.48 0.49 0.5 0.51 0.52 0.53 0.54 0.55 0.56 0.57 0.58 0.59 0.6 0.61 0.4003 0.3934 0.3658 0.4188 0.4096 0.375 0.4372 0.4372 0.3958 0.4418 0.4602 0.4119 0.4349 0.4694 0.4188 0.4164 0.4718 0.4188 0.398 0.4671 0.369 0.3782 0.413 0.3852 0.3898 0.4408 0.4107 0.4037 0.4639 0.4314 0.4152 0.4824 0.4453 0.4152 0.4801 0.4523 0.413 0.4639 0.4547 0.4107 0.5996 0.6503 0.6203 0.6088 0.678 0.6411 0.6157 0.6918 0.6664 0.6296 0.701 0.6802 0.6388 0.6896 0.6849 0.6364 0.6641 0.6826 0.6341 0.6388
1.0 1.0 0.0 0.4487 0.413 0.6064 0.161 0.1003 0.123 0.43 0.44 0.45 0.46 0.47 0.48 0.49 0.5 0.51 0.52 0.53 0.54 0.55 0.56 0.57 0.58 0.59 0.6 0.61 0.62 0.3934 0.3658 0.4188 0.4096 0.375 0.4372 0.4372 0.3958 0.4418 0.4602 0.4119 0.4349 0.4694 0.4188 0.4164 0.4718 0.4188 0.398 0.4671 0.4188 0.3782 0.413 0.3852 0.3898 0.4408 0.4107 0.4037 0.4639 0.4314 0.4152 0.4824 0.4453 0.4152 0.4801 0.4523 0.413 0.4639 0.4547 0.4107 0.4408 0.6503 0.6203 0.6088 0.678 0.6411 0.6157 0.6918 0.6664 0.6296 0.701 0.6802 0.6388 0.6896 0.6849 0.6364 0.6641 0.6826 0.6341 0.6388 0.6757
1.0 1.0 0.0 0.4188 0.4176 0.6733 0.123 0.0537 0.1537 0.44 0.45 0.46 0.47 0.48 0.49 0.5 0.51 0.52 0.53 0.54 0.55 0.56 0.57 0.58 0.59 0.6 0.61 0.62 0.63 0.3658 0.4188 0.4096 0.375 0.4372 0.4372 0.3958 0.4418 0.4602 0.4119 0.4349 0.4694 0.4188 0.4164 0.4718 0.4188 0.398 0.4671 0.4188 0.3819 0.413 0.3852 0.3898 0.4408 0.4107 0.4037 0.4639 0.4314 0.4152 0.4824 0.4453 0.4152 0.4801 0.4523 0.413 0.4639 0.4547 0.4107 0.4408 0.4569 0.6203 0.6088 0.678 0.6411 0.6157 0.6918 0.6664 0.6296 0.701 0.6802 0.6388 0.6896 0.6849 0.6364 0.6641 0.6826 0.6341 0.6388 0.6757 0.6296
1.0 1.0 0.0 0.375 0.4547 0.6296 0.2227 0.1463 0.0773 0.45 0.46 0.47 0.48 0.49 0.5 0.51 0.52 0.53 0.54 0.55 0.56 0.57 0.58 0.59 0.6 0.61 0.62 0.63 0.64 0.4188 0.4096 0.375 0.4372 0.4372 0.3958 0.4418 0.4602 0.4119 0.4349 0.4694 0.4188 0.4164 0.4718 0.4188 0.398 0.4671 0.4188 0.3819 0.4487 0.3852 0.3898 0.4408 0.4107 0.4037 0.4639 0.4314 0.4152 0.4824 0.4453 0.4152 0.4801 0.4523 0.413 0.4639 0.4547 0.4107 0.4408 0.4569 0.413 0.6088 0.678 0.6411 0.6157 0.6918 0.6664 0.6296 0.701 0.6802 0.6388 0.6896 0.6849 0.6364 0.6641 0.6826 0.6341 0.6388 0.6757 0.6296 0.6064
1.0 1.0 0.0 0.352 0.4152 0.5949 0.0997 0.0153 0.223 0.46 0.47 0.48 0.49 0.5 0.51 0.52 0.53 0.54 0.55 0.56 0.57 0.58 0.59 0.6 0.61 0.62 0.63 0.64 0.65 0.4096 0.375 0.4372 0.4372 0.3958 0.4418 0.4602 0.4119 0.4349 0.4694 0.4188 0.4164 0.4718 0.4188 0.398 0.4671 0.4188 0.3819 0.4487 0.4188 0.3898 0.4408 0.4107 0.4037 0.4639 0.4314 0.4152 0.4824 0.4453 0.4152 0.4801 0.4523 0.413 0.4639 0.4547 0.4107 0.4408 0.4569 0.413 0.4176 0.678 0.6411 0.6157 0.6918 0.6664 0.6296 0.701 0.6802 0.6388 0.6896 0.6849 0.6364 0.6641 0.6826 0.6341 0.6388 0.6757 0.6296 0.6064 0.6733
1.0 1.0 0.0 0.3336 0.3782 0.5719 0.146 0.1237 0.1457 0.47 0.48 0.49 0.5 0.51 0.52 0.53 0.54 0.55 0.56 0.57 0.58 0.59 0.6 0.61 0.62 0.63 0.64 0.65 0.66 0.375 0.4372 0.4372 0.3958 0.4418 0.4602 0.4119 0.4349 0.4694 0.4188 0.4164 0.4718 0.4188 0.398 0.4671 0.4188 0.3819 0.4487 0.4188 0.375 0.4408 0.4107 0.4037 0.4639 0.4314 0.4152 0.4824 0.4453 0.4152 0.4801 0.4523 0.413 0.4639 0.4547 0.4107 0.4408 0.4569 0.413 0.4176 0.4547 0.6411 0.6157 0.6918 0.6664 0.6296 0.701 0.6802 0.6388 0.6896 0.6849 0.6364 0.6641 0.6826 0.6341 0.6388 0.6757 0.6296 0.6064 0.6733 0.6296
1.0 1.0 0.0 0.3082 0.3551 0.5557 0.0767 0.1317 0.1157 0.48 0.49 0.5 0.51 0.52 0.53 0.54 0.55 0.56 0.57 0.58 0.59 0.6 0.61 0.62 0.63 0.64 0.65 0.66 0.67 0.4372 0.4372 0.3958 0.4418 0.4602 0.4119 0.4349 0.4694 0.4188 0.4164 0.4718 0.4188 0.398 0.4671 0.4188 0.3819 0.4487 0.4188 0.375 0.352 0.4107 0.4037 0.4639 0.4314 0.4152 0.4824 0.4453 0.4152 0.4801 0.4523 0.413 0.4639 0.4547 0.4107 0.4408 0.4569 0.413 0.4176 0.4547 0.4152 0.6157 0.6918 0.6664 0.6296 0.701 0.6802 0.6388 0.6896 0.6849 0.6364 0.6641 0.6826 0.6341 0.6388 0.6757 0.6296 0.6064 0.6733 0.6296 0.5949
1.0 1.0 0.0 0.2829 0.3342 0.5327 0.0613 0.1233 0.0767 0.49 0.5 0.51 0.52 0.53 0.54 0.55 0.56 0.57 0.58 0.59 0.6 0.61 0.62 0.63 0.64 0.65 0.66 0.67 0.68 0.4372 0.3958 0.4418 0.4602 0.4119 0.4349 0.4694 0.4188 0.4164 0.4718 0.4188 0.398 0.4671 0.4188 0.3819 0.4487 0.4188 0.375 0.352 0.3336 0.4037 0.4639 0.4314 0.4152 0.4824 0.4453 0.4152 0.4801 0.4523 0.413 0.4639 0.4547 0.4107 0.4408 0.4569 0.413 0.4176 0.4547 0.4152 0.3782 0.6918 0.6664 0.6296 0.701 0.6802 0.6388 0.6896 0.6849 0.6364 0.6641 0.6826 0.6341 0.6388 0.6757 0.6296 0.6064 0.6733 0.6296 0.5949 0.5719
1.0 1.0 0.0 0.2691 0.3088 0.5119 0.0847 0.077 0.054 0.5 0.51 0.52 0.53 0.54 0.55 0.56 0.57 0.58 0.59 0.6 0.61 0.62 0.63 0.64 0.65 0.66 0.67 0.68 0.69 0.3958 0.4418 0.4602 0.4119 0.4349 0.4694 0.4188 0.4164 0.4718 0.4188 0.398 0.4671 0.4188 0.3819 0.4487 0.4188 0.375 0.352 0.3336 0.3082 0.4639 0.4314 0.4152 0.4824 0.4453 0.4152 0.4801 0.4523 0.413 0.4639 0.4547 0.4107 0.4408 0.4569 0.413 0.4176 0.4547 0.4152 0.3782 0.3551 0.6664 0.6296 0.701 0.6802 0.6388 0.6896 0.6849 0.6364 0.6641 0.6826 0.6341 0.6388 0.6757 0.6296 0.6064 0.6733 0.6296 0.5949 0.5719 0.5557
1.0 1.0 0.0 0.2507 0.288 0.5003 0.0843 0.0697 0.0767 0.51 0.52 0.53 0.54 0.55 0.56 0.57 0.58 0.59 0.6 0.61 0.62 0.63 0.64 0.65 0.66 0.67 0.68 0.69 0.7 0.4418 0.4602 0.4119 0.4349 0.4694 0.4188 0.4164 0.4718 0.4188 0.398 0.4671 0.4188 0.3819 0.4487 0.4188 0.375 0.352 0.3336 0.3082 0.2829 0.4314 0.4152 0.4824 0.4453 0.4152 0.4801 0.4523 0.413 0.4639 0.4547 0.4107 0.4408 0.4569 0.413 0.4176 0.4547 0.4152 0.3782 0.3551 0.3342 0.6296 0.701 0.6802 0.6388 0.6896 0.6849 0.6364 0.6641 0.6826 0.6341 0.6388 0.6757 0.6296 0.6064 0.6733 0.6296 0.5949 0.5719 0.5557 0.5327
1.0 1.0 0.0 0.2299 0.2741 0.4842 0.046 0.0847 0.0693 0.52 0.53 0.54 0.55 0.56 0.57 0.58 0.59 0.6 0.61 0.62 0.63 0.64 0.65 0.66 0.67 0.68 0.69 0.7 0.71 0.4602 0.4119 0.4349 0.4694 0.4188 0.4164 0.4718 0.4188 0.398 0.4671 0.4188 0.3819 0.4487 0.4188 0.375 0.352 0.3336 0.3082 0.2829 0.2691 0.4152 0.4824 0.4453 0.4152 0.4801 0.4523 0.413 0.4639 0.4547 0.4107 0.4408 0.4569 0.413 0.4176 0.4547 0.4152 0.3782 0.3551 0.3342 0.3088 0.701 0.6802 0.6388 0.6896 0.6849 0.6364 0.6641 0.6826 0.6341 0.6388 0.6757 0.6296 0.6064 0.6733 0.6296 0.5949 0.5719 0.5557 0.5327 0.5119
1.0 1.0 0.0 0.2138 0.2556 0.4634 0.0613 0.0693 0.0387 0.53 0.54 0.55 0.56 0.57 0.58 0.59 0.6 0.61 0.62 0.63 0.64 0.65 0.66 0.67 0.68 0.69 0.7 0.71 0.72 0.4119 0.4349 0.4694 0.4188 0.4164 0.4718 0.4188 0.398 0.4671 0.4188 0.3819 0.4487 0.4188 0.375 0.352 0.3336 0.3082 0.2829 0.2691 0.2507 0.4824 0.4453 0.4152 0.4801 0.4523 0.413 0.4639 0.4547 0.4107 0.4408 0.4569 0.413 0.4176 0.4547 0.4152 0.3782 0.3551 0.3342 0.3088 0.288 0.6802 0.6388 0.6896 0.6849 0.6364 0.6641 0.6826 0.6341 0.6388 0.6757 0.6296 0.6064 0.6733 0.6296 0.5949 0.5719 0.5557 0.5327 0.5119 0.5003
1.0 1.0 0.0 0.2069 0.2348 0.4566 0.0693 0.0463 0.0537 0.54 0.55 0.56 0.57 0.58 0.59 0.6 0.61 0.62 0.63 0.64 0.65 0.66 0.67 0.68 0.69 0.7 0.71 0.72 0.73 0.4349 0.4694 0.4188 0.4164 0.4718 0.4188 0.398 0.4671 0.4188 0.3819 0.4487 0.4188 0.375 0.352 0.3336 0.3082 0.2829 0.2691 0.2507 0.2299 0.4453 0.4152 0.4801 0.4523 0.413 0.4639 0.4547 0.4107 0.4408 0.4569 0.413 0.4176 0.4547 0.4152 0.3782 0.3551 0.3342 0.3088 0.288 0.2741 0.6388 0.6896 0.6849 0.6364 0.6641 0.6826 0.6341 0.6388 0.6757 0.6296 0.6064 0.6733 0.6296 0.5949 0.5719 0.5557 0.5327 0.5119 0.5003 0.4842
1.0 1.0 0.0 0.1861 0.2301 0.445 0.0537 0.0617 0.0693 0.55 0.56 0.57 0.58 0.59 0.6 0.61 0.62 0.63 0.64 0.65 0.66 0.67 0.68 0.69 0.7 0.71 0.72 0.73 0.74 0.4694 0.4188 0.4164 0.4718 0.4188 0.398 0.4671 0.4188 0.3819 0.4487 0.4188 0.375 0.352 0.3336 0.3082 0.2829 0.2691 0.2507 0.2299 0.2138 0.4152 0.4801 0.4523 0.413 0.4639 0.4547 0.4107 0.4408 0.4569 0.413 0.4176 0.4547 0.4152 0.3782 0.3551 0.3342 0.3088 0.288 0.2741 0.2556 0.6896 0.6849 0.6364 0.6641 0.6826 0.6341 0.6388 0.6757 0.6296 0.6064 0.6733 0.6296 0.5949 0.5719 0.5557 0.5327 0.5119 0.5003 0.4842 0.4634
1.0 1.0 0.0 0.1747 0.2162 0.4242 0.023 0.0693 0.0227 0.56 0.57 0.58 0.59 0.6 0.61 0.62 0.63 0.64 0.65 0.66 0.67 0.68 0.69 0.7 0.71 0.72 0.73 0.74 0.75 0.4188 0.4164 0.4718 0.4188 0.398 0.4671 0.4188 0.3819 0.4487 0.4188 0.375 0.352 0.3336 0.3082 0.2829 0.2691 0.2507 0.2299 0.2138 0.2069 0.4801 0.4523 0.413 0.4639 0.4547 0.4107 0.4408 0.4569 0.413 0.4176 0.4547 0.4152 0.3782 0.3551 0.3342 0.3088 0.288 0.2741 0.2556 0.2348 0.6849 0.6364 0.6641 0.6826 0.6341 0.6388 0.6757 0.6296 0.6064 0.6733 0.6296 0.5949 0.5719 0.5557 0.5327 0.5119 0.5003 0.4842 0.4634 0.4566
1.0 1.0 0.0 0.1769 0.1954 0.4197 0.0693 0.0157 0.0387 0.57 0.58 0.59 0.6 0.61 0.62 0.63 0.64 0.65 0.66 0.67 0.68 0.69 0.7 0.71 0.72 0.73 0.74 0.75 0.76 0.4164 0.4718 0.4188 0.398 0.4671 0.4188 0.3819 0.4487 0.4188 0.375 0.352 0.3336 0.3082 0.2829 0.2691 0.2507 0.2299 0.2138 0.2069 0.1861 0.4523 0.413 0.4639 0.4547 0.4107 0.4408 0.4569 0.413 0.4176 0.4547 0.4152 0.3782 0.3551 0.3342 0.3088 0.288 0.2741 0.2556 0.2348 0.2301 0.6364 0.6641 0.6826 0.6341 0.6388 0.6757 0.6296 0.6064 0.6733 0.6296 0.5949 0.5719 0.5557 0.5327 0.5119 0.5003 0.4842 0.4634 0.4566 0.445
1.0 1.0 0.0 0.1584 0.1954 0.415 0.038 0.0463 0.0693 0.58 0.59 0.6 0.61 0.62 0.63 0.64 0.65 0.66 0.67 0.68 0.69 0.7 0.71 0.72 0.73 0.74 0.75 0.76 0.77 0.4718 0.4188 0.398 0.4671 0.4188 0.3819 0.4487 0.4188 0.375 0.352 0.3336 0.3082 0.2829 0.2691 0.2507 0.2299 0.2138 0.2069 0.1861 0.1747 0.413 0.4639 0.4547 0.4107 0.4408 0.4569 0.413 0.4176 0.4547 0.4152 0.3782 0.3551 0.3342 0.3088 0.288 0.2741 0.2556 0.2348 0.2301 0.2162 0.6641 0.6826 0.6341 0.6388 0.6757 0.6296 0.6064 0.6733 0.6296 0.5949 0.5719 0.5557 0.5327 0.5119 0.5003 0.4842 0.4634 0.4566 0.445 0.4242
1.0 1.0 0.0 0.1447 0.1838 0.3966 0.0073 0.0693 0.015 0.59 0.6 0.61 0.62 0.63 0.64 0.65 0.66 0.67 0.68 0.69 0.7 0.71 0.72 0.73 0.74 0.75 0.76 0.77 0.78 0.4188 0.398 0.4671 0.4188 0.3819 0.4487 0.4188 0.375 0.352 0.3336 0.3082 0.2829 0.2691 0.2507 0.2299 0.2138 0.2069 0.1861 0.1747 0.1769 0.4639 0.4547 0.4107 0.4408 0.4569 0.413 0.4176 0.4547 0.4152 0.3782 0.3551 0.3342 0.3088 0.288 0.2741 0.2556 0.2348 0.2301 0.2162 0.1954 0.6826 0.6341 0.6388 0.6757 0.6296 0.6064 0.6733 0.6296 0.5949 0.5719 0.5557 0.5327 0.5119 0.5003 0.4842 0.4634 0.4566 0.445 0.4242 0.4197
1.0 1.0 0.0 0.1493 0.1653 0.3873 0.0617 0.0 0.0157 0.6 0.61 0.62 0.63 0.64 0.65 0.66 0.67 0.68 0.69 0.7 0.71 0.72 0.73 0.74 0.75 0.76 0.77 0.78 0.79 0.398 0.4671 0.4188 0.3819 0.4487 0.4188 0.375 0.352 0.3336 0.3082 0.2829 0.2691 0.2507 0.2299 0.2138 0.2069 0.1861 0.1747 0.1769 0.1584 0.4547 0.4107 0.4408 0.4569 0.413 0.4176 0.4547 0.4152 0.3782 0.3551 0.3342 0.3088 0.288 0.2741 0.2556 0.2348 0.2301 0.2162 0.1954 0.1954 0.6341 0.6388 0.6757 0.6296 0.6064 0.6733 0.6296 0.5949 0.5719 0.5557 0.5327 0.5119 0.5003 0.4842 0.4634 0.4566 0.445 0.4242 0.4197 0.415
1.0 1.0 0.0 0.1331 0.1607 0.3873 0.0457 0.0387 0.0613 0.61 0.62 0.63 0.64 0.65 0.66 0.67 0.68 0.69 0.7 0.71 0.72 0.73 0.74 0.75 0.76 0.77 0.78 0.79 0.8 0.4671 0.4188 0.3819 0.4487 0.4188 0.375 0.352 0.3336 0.3082 0.2829 0.2691 0.2507 0.2299 0.2138 0.2069 0.1861 0.1747 0.1769 0.1584 0.1447 0.4107 0.4408 0.4569 0.413 0.4176 0.4547 0.4152 0.3782 0.3551 0.3342 0.3088 0.288 0.2741 0.2556 0.2348 0.2301 0.2162 0.1954 0.1954 0.1838 0.6388 0.6757 0.6296 0.6064 0.6733 0.6296 0.5949 0.5719 0.5557 0.5327 0.5119 0.5003 0.4842 0.4634 0.4566 0.445 0.4242 0.4197 0.415 0.3966
1.0 1.0 0.0 0.1193 0.1561 0.3712 0.0153 0.0617 0.031 0.62 0.63 0.64 0.65 0.66 0.67 0.68 0.69 0.7 0.71 0.72 0.73 0.74 0.75 0.76 0.77 0.78 0.79 0.8 0.81 0.4188 0.3819 0.4487 0.4188 0.375 0.352 0.3336 0.3082 0.2829 0.2691 0.2507 0.2299 0.2138 0.2069 0.1861 0.1747 0.1769 0.1584 0.1447 0.1493 0.4408 0.4569 0.413 0.4176 0.4547 0.4152 0.3782 0.3551 0.3342 0.3088 0.288 0.2741 0.2556 0.2348 0.2301 0.2162 0.1954 0.1954 0.1838 0.1653 0.6757 0.6296 0.6064 0.6733 0.6296 0.5949 0.5719 0.5557 0.5327 0.5119 0.5003 0.4842 0.4634 0.4566 0.445 0.4242 0.4197 0.415 0.3966 0.3873
1.0 1.0 0.0 0.1217 0.1376 0.3597 0.054 0.0153 0.0 0.63 0.64 0.65 0.66 0.67 0.68 0.69 0.7 0.71 0.72 0.73 0.74 0.75 0.76 0.77 0.78 0.79 0.8 0.81 0.82 0.3819 0.4487 0.4188 0.375 0.352 0.3336 0.3082 0.2829 0.2691 0.2507 0.2299 0.2138 0.2069 0.1861 0.1747 0.1769 0.1584 0.1447 0.1493 0.1331 0.4569 0.413 0.4176 0.4547 0.4152 0.3782 0.3551 0.3342 0.3088 0.288 0.2741 0.2556 0.2348 0.2301 0.2162 0.1954 0.1954 0.1838 0.1653 0.1607 0.6296 0.6064 0.6733 0.6296 0.5949 0.5719 0.5557 0.5327 0.5119 0.5003 0.4842 0.4634 0.4566 0.445 0.4242 0.4197 0.415 0.3966 0.3873 0.3873
1.0 1.0 0.0 0.1078 0.1283 0.362 0.046 0.0153 0.0537 0.64 0.65 0.66 0.67 0.68 0.69 0.7 0.71 0.72 0.73 0.74 0.75 0.76 0.77 0.78 0.79 0.8 0.81 0.82 0.83 0.4487 0.4188 0.375 0.352 0.3336 0.3082 0.2829 0.2691 0.2507 0.2299 0.2138 0.2069 0.1861 0.1747 0.1769 0.1584 0.1447 0.1493 0.1331 0.1193 0.413 0.4176 0.4547 0.4152 0.3782 0.3551 0.3342 0.3088 0.288 0.2741 0.2556 0.2348 0.2301 0.2162 0.1954 0.1954 0.1838 0.1653 0.1607 0.1561 0.6064 0.6733 0.6296 0.5949 0.5719 0.5557 0.5327 0.5119 0.5003 0.4842 0.4634 0.4566 0.445 0.4242 0.4197 0.415 0.3966 0.3873 0.3873 0.3712
1.0 1.0 0.0 0.094 0.1237 0.3436 0.008 0.0617 0.0383 0.65 0.66 0.67 0.68 0.69 0.7 0.71 0.72 0.73 0.74 0.75 0.76 0.77 0.78 0.79 0.8 0.81 0.82 0.83 0.84 0.4188 0.375 0.352 0.3336 0.3082 0.2829 0.2691 0.2507 0.2299 0.2138 0.2069 0.1861 0.1747 0.1769 0.1584 0.1447 0.1493 0.1331 0.1193 0.1217 0.4176 0.4547 0.4152 0.3782 0.3551 0.3342 0.3088 0.288 0.2741 0.2556 0.2348 0.2301 0.2162 0.1954 0.1954 0.1838 0.1653 0.1607 0.1561 0.1376 0.6733 0.6296 0.5949 0.5719 0.5557 0.5327 0.5119 0.5003 0.4842 0.4634 0.4566 0.445 0.4242 0.4197 0.415 0.3966 0.3873 0.3873 0.3712 0.3597
