0.0 1.0 1.0 0.4083 0.2514 0.258 0.069 0.0233 0.0537 0.59 0.6 0.61 0.62 0.63 0.64 0.65 0.66 0.67 0.68 0.69 0.7 0.71 0.72 0.73 0.74 0.75 0.76 0.77 0.78 0.6687 0.6732 0.6341 0.6202 0.664 0.6294 0.6019 0.6618 0.6341 0.5996 0.5811 0.5627 0.5397 0.5167 0.5051 0.4867 0.4637 0.4568 0.4429 0.4222 0.4944 0.4667 0.5176 0.4944 0.4597 0.4991 0.5037 0.4667 0.4852 0.5107 0.4713 0.4366 0.4134 0.3926 0.3671 0.3487 0.337 0.3116 0.2954 0.2884 0.4494 0.4932 0.484 0.4494 0.4771 0.4748 0.4471 0.4379 0.4633 0.4448 0.4194 0.4033 0.3918 0.371 0.3502 0.3433 0.3226 0.3018 0.2972 0.2811
0.0 1.0 1.0 0.3877 0.2491 0.2464 0.0233 0.069 0.0693 0.6 0.61 0.62 0.63 0.64 0.65 0.66 0.67 0.68 0.69 0.7 0.71 0.72 0.73 0.74 0.75 0.76 0.77 0.78 0.79 0.6732 0.6341 0.6202 0.664 0.6294 0.6019 0.6618 0.6341 0.5996 0.5811 0.5627 0.5397 0.5167 0.5051 0.4867 0.4637 0.4568 0.4429 0.4222 0.4152 0.4667 0.5176 0.4944 0.4597 0.4991 0.5037 0.4667 0.4852 0.5107 0.4713 0.4366 0.4134 0.3926 0.3671 0.3487 0.337 0.3116 0.2954 0.2884 0.2677 0.4932 0.484 0.4494 0.4771 0.4748 0.4471 0.4379 0.4633 0.4448 0.4194 0.4033 0.3918 0.371 0.3502 0.3433 0.3226 0.3018 0.2972 0.2811 0.2603
0.0 1.0 1.0 0.3807 0.2329 0.2257 0.023 0.0543 0.0077 0.61 0.62 0.63 0.64 0.65 0.66 0.67 0.68 0.69 0.7 0.71 0.72 0.73 0.74 0.75 0.76 0.77 0.78 0.79 0.8 0.6341 0.6202 0.664 0.6294 0.6019 0.6618 0.6341 0.5996 0.5811 0.5627 0.5397 0.5167 0.5051 0.4867 0.4637 0.4568 0.4429 0.4222 0.4152 0.4083 0.5176 0.4944 0.4597 0.4991 0.5037 0.4667 0.4852 0.5107 0.4713 0.4366 0.4134 0.3926 0.3671 0.3487 0.337 0.3116 0.2954 0.2884 0.2677 0.2514 0.484 0.4494 0.4771 0.4748 0.4471 0.4379 0.4633 0.4448 0.4194 0.4033 0.3918 0.371 0.3502 0.3433 0.3226 0.3018 0.2972 0.2811 0.2603 0.258
0.0 1.0 1.0 0.3784 0.2167 0.2234 0.0687 0.0077 0.0387 0.62 0.63 0.64 0.65 0.66 0.67 0.68 0.69 0.7 0.71 0.72 0.73 0.74 0.75 0.76 0.77 0.78 0.79 0.8 0.81 0.6202 0.664 0.6294 0.6019 0.6618 0.6341 0.5996 0.5811 0.5627 0.5397 0.5167 0.5051 0.4867 0.4637 0.4568 0.4429 0.4222 0.4152 0.4083 0.3877 0.4944 0.4597 0.4991 0.5037 0.4667 0.4852 0.5107 0.4713 0.4366 0.4134 0.3926 0.3671 0.3487 0.337 0.3116 0.2954 0.2884 0.2677 0.2514 0.2491 0.4494 0.4771 0.4748 0.4471 0.4379 0.4633 0.4448 0.4194 0.4033 0.3918 0.371 0.3502 0.3433 0.3226 0.3018 0.2972 0.2811 0.2603 0.258 0.2464
0.0 1.0 1.0 0.36 0.2121 0.2188 0.0233 0.054 0.069 0.63 0.64 0.65 0.66 0.67 0.68 0.69 0.7 0.71 0.72 0.73 0.74 0.75 0.76 0.77 0.78 0.79 0.8 0.81 0.82 0.664 0.6294 0.6019 0.6618 0.6341 0.5996 0.5811 0.5627 0.5397 0.5167 0.5051 0.4867 0.4637 0.4568 0.4429 0.4222 0.4152 0.4083 0.3877 0.3807 0.4597 0.4991 0.5037 0.4667 0.4852 0.5107 0.4713 0.4366 0.4134 0.3926 0.3671 0.3487 0.337 0.3116 0.2954 0.2884 0.2677 0.2514 0.2491 0.2329 0.4771 0.4748 0.4471 0.4379 0.4633 0.4448 0.4194 0.4033 0.3918 0.371 0.3502 0.3433 0.3226 0.3018 0.2972 0.2811 0.2603 0.258 0.2464 0.2257
0.0 1.0 1.0 0.3484 0.2028 0.2003 0.0077 0.054 0.0077 0.64 0.65 0.66 0.67 0.68 0.69 0.7 0.71 0.72 0.73 0.74 0.75 0.76 0.77 0.78 0.79 0.8 0.81 0.82 0.83 0.6294 0.6019 0.6618 0.6341 0.5996 0.5811 0.5627 0.5397 0.5167 0.5051 0.4867 0.4637 0.4568 0.4429 0.4222 0.4152 0.4083 0.3877 0.3807 0.3784 0.4991 0.5037 0.4667 0.4852 0.5107 0.4713 0.4366 0.4134 0.3926 0.3671 0.3487 0.337 0.3116 0.2954 0.2884 0.2677 0.2514 0.2491 0.2329 0.2167 0.4748 0.4471 0.4379 0.4633 0.4448 0.4194 0.4033 0.3918 0.371 0.3502 0.3433 0.3226 0.3018 0.2972 0.2811 0.2603 0.258 0.2464 0.2257 0.2234
0.0 1.0 1.0 0.3508 0.1889 0.1957 0.0613 0.0153 0.0153 0.65 0.66 0.67 0.68 0.69 0.7 0.71 0.72 0.73 0.74 0.75 0.76 0.77 0.78 0.79 0.8 0.81 0.82 0.83 0.84 0.6019 0.6618 0.6341 0.5996 0.5811 0.5627 0.5397 0.5167 0.5051 0.4867 0.4637 0.4568 0.4429 0.4222 0.4152 0.4083 0.3877 0.3807 0.3784 0.36 0.5037 0.4667 0.4852 0.5107 0.4713 0.4366 0.4134 0.3926 0.3671 0.3487 0.337 0.3116 0.2954 0.2884 0.2677 0.2514 0.2491 0.2329 0.2167 0.2121 0.4471 0.4379 0.4633 0.4448 0.4194 0.4033 0.3918 0.371 0.3502 0.3433 0.3226 0.3018 0.2972 0.2811 0.2603 0.258 0.2464 0.2257 0.2234 0.2188
0.0 1.0 1.0 0.3347 0.182 0.1888 0.0387 0.031 0.0617 0.66 0.67 0.68 0.69 0.7 0.71 0.72 0.73 0.74 0.75 0.76 0.77 0.78 0.79 0.8 0.81 0.82 0.83 0.84 0.85 0.6618 0.6341 0.5996 0.5811 0.5627 0.5397 0.5167 0.5051 0.4867 0.4637 0.4568 0.4429 0.4222 0.4152 0.4083 0.3877 0.3807 0.3784 0.36 0.3484 0.4667 0.4852 0.5107 0.4713 0.4366 0.4134 0.3926 0.3671 0.3487 0.337 0.3116 0.2954 0.2884 0.2677 0.2514 0.2491 0.2329 0.2167 0.2121 0.2028 0.4379 0.4633 0.4448 0.4194 0.4033 0.3918 0.371 0.3502 0.3433 0.3226 0.3018 0.2972 0.2811 0.2603 0.258 0.2464 0.2257 0.2234 0.2188 0.2003
0.0 1.0 1.0 0.3231 0.175 0.1727 0.008 0.0463 0.0153 0.67 0.68 0.69 0.7 0.71 0.72 0.73 0.74 0.75 0.76 0.77 0.78 0.79 0.8 0.81 0.82 0.83 0.84 0.85 0.86 0.6341 0.5996 0.5811 0.5627 0.5397 0.5167 0.5051 0.4867 0.4637 0.4568 0.4429 0.4222 0.4152 0.4083 0.3877 0.3807 0.3784 0.36 0.3484 0.3508 0.4852 0.5107 0.4713 0.4366 0.4134 0.3926 0.3671 0.3487 0.337 0.3116 0.2954 0.2884 0.2677 0.2514 0.2491 0.2329 0.2167 0.2121 0.2028 0.1889 0.4633 0.4448 0.4194 0.4033 0.3918 0.371 0.3502 0.3433 0.3226 0.3018 0.2972 0.2811 0.2603 0.258 0.2464 0.2257 0.2234 0.2188 0.2003 0.1957
0.0 1.0 1.0 0.3231 0.1611 0.1658 0.0537 0.023 0.023 0.68 0.69 0.7 0.71 0.72 0.73 0.74 0.75 0.76 0.77 0.78 0.79 0.8 0.81 0.82 0.83 0.84 0.85 0.86 0.87 0.5996 0.5811 0.5627 0.5397 0.5167 0.5051 0.4867 0.4637 0.4568 0.4429 0.4222 0.4152 0.4083 0.3877 0.3807 0.3784 0.36 0.3484 0.3508 0.3347 0.5107 0.4713 0.4366 0.4134 0.3926 0.3671 0.3487 0.337 0.3116 0.2954 0.2884 0.2677 0.2514 0.2491 0.2329 0.2167 0.2121 0.2028 0.1889 0.182 0.4448 0.4194 0.4033 0.3918 0.371 0.3502 0.3433 0.3226 0.3018 0.2972 0.2811 0.2603 0.258 0.2464 0.2257 0.2234 0.2188 0.2003 0.1957 0.1888
0.0 1.0 1.0 0.3093 0.1519 0.1611 0.0387 0.0233 0.0537 0.69 0.7 0.71 0.72 0.73 0.74 0.75 0.76 0.77 0.78 0.79 0.8 0.81 0.82 0.83 0.84 0.85 0.86 0.87 0.88 0.5811 0.5627 0.5397 0.5167 0.5051 0.4867 0.4637 0.4568 0.4429 0.4222 0.4152 0.4083 0.3877 0.3807 0.3784 0.36 0.3484 0.3508 0.3347 0.3231 0.4713 0.4366 0.4134 0.3926 0.3671 0.3487 0.337 0.3116 0.2954 0.2884 0.2677 0.2514 0.2491 0.2329 0.2167 0.2121 0.2028 0.1889 0.182 0.175 0.4194 0.4033 0.3918 0.371 0.3502 0.3433 0.3226 0.3018 0.2972 0.2811 0.2603 0.258 0.2464 0.2257 0.2234 0.2188 0.2003 0.1957 0.1888 0.1727
0.0 1.0 1.0 0.2954 0.1472 0.1472 0.0 0.0463 0.023 0.7 0.71 0.72 0.73 0.74 0.75 0.76 0.77 0.78 0.79 0.8 0.81 0.82 0.83 0.84 0.85 0.86 0.87 0.88 0.89 0.5627 0.5397 0.5167 0.5051 0.4867 0.4637 0.4568 0.4429 0.4222 0.4152 0.4083 0.3877 0.3807 0.3784 0.36 0.3484 0.3508 0.3347 0.3231 0.3231 0.4366 0.4134 0.3926 0.3671 0.3487 0.337 0.3116 0.2954 0.2884 0.2677 0.2514 0.2491 0.2329 0.2167 0.2121 0.2028 0.1889 0.182 0.175 0.1611 0.4033 0.3918 0.371 0.3502 0.3433 0.3226 0.3018 0.2972 0.2811 0.2603 0.258 0.2464 0.2257 0.2234 0.2188 0.2003 0.1957 0.1888 0.1727 0.1658
0.0 1.0 1.0 0.2909 0.1333 0.138 0.046 0.0307 0.0157 0.71 0.72 0.73 0.74 0.75 0.76 0.77 0.78 0.79 0.8 0.81 0.82 0.83 0.84 0.85 0.86 0.87 0.88 0.89 0.9 0.5397 0.5167 0.5051 0.4867 0.4637 0.4568 0.4429 0.4222 0.4152 0.4083 0.3877 0.3807 0.3784 0.36 0.3484 0.3508 0.3347 0.3231 0.3231 0.3093 0.4134 0.3926 0.3671 0.3487 0.337 0.3116 0.2954 0.2884 0.2677 0.2514 0.2491 0.2329 0.2167 0.2121 0.2028 0.1889 0.182 0.175 0.1611 0.1519 0.3918 0.371 0.3502 0.3433 0.3226 0.3018 0.2972 0.2811 0.2603 0.258 0.2464 0.2257 0.2234 0.2188 0.2003 0.1957 0.1888 0.1727 0.1658 0.1611
0.0 1.0 1.0 0.2793 0.1264 0.1311 0.0463 0.0157 0.0463 0.72 0.73 0.74 0.75 0.76 0.77 0.78 0.79 0.8 0.81 0.82 0.83 0.84 0.85 0.86 0.87 0.88 0.89 0.9 0.91 0.5167 0.5051 0.4867 0.4637 0.4568 0.4429 0.4222 0.4152 0.4083 0.3877 0.3807 0.3784 0.36 0.3484 0.3508 0.3347 0.3231 0.3231 0.3093 0.2954 0.3926 0.3671 0.3487 0.337 0.3116 0.2954 0.2884 0.2677 0.2514 0.2491 0.2329 0.2167 0.2121 0.2028 0.1889 0.182 0.175 0.1611 0.1519 0.1472 0.371 0.3502 0.3433 0.3226 0.3018 0.2972 0.2811 0.2603 0.258 0.2464 0.2257 0.2234 0.2188 0.2003 0.1957 0.1888 0.1727 0.1658 0.1611 0.1472
0.0 1.0 1.0 0.2701 0.1172 0.1196 0.015 0.0463 0.0307 0.73 0.74 0.75 0.76 0.77 0.78 0.79 0.8 0.81 0.82 0.83 0.84 0.85 0.86 0.87 0.88 0.89 0.9 0.91 0.92 0.5051 0.4867 0.4637 0.4568 0.4429 0.4222 0.4152 0.4083 0.3877 0.3807 0.3784 0.36 0.3484 0.3508 0.3347 0.3231 0.3231 0.3093 0.2954 0.2909 0.3671 0.3487 0.337 0.3116 0.2954 0.2884 0.2677 0.2514 0.2491 0.2329 0.2167 0.2121 0.2028 0.1889 0.182 0.175 0.1611 0.1519 0.1472 0.1333 0.3502 0.3433 0.3226 0.3018 0.2972 0.2811 0.2603 0.258 0.2464 0.2257 0.2234 0.2188 0.2003 0.1957 0.1888 0.1727 0.1658 0.1611 0.1472 0.138
0.0 1.0 1.0 0.2632 0.1079 0.1103 0.0387 0.023 0.023 0.74 0.75 0.76 0.77 0.78 0.79 0.8 0.81 0.82 0.83 0.84 0.85 0.86 0.87 0.88 0.89 0.9 0.91 0.92 0.93 0.4867 0.4637 0.4568 0.4429 0.4222 0.4152 0.4083 0.3877 0.3807 0.3784 0.36 0.3484 0.3508 0.3347 0.3231 0.3231 0.3093 0.2954 0.2909 0.2793 0.3487 0.337 0.3116 0.2954 0.2884 0.2677 0.2514 0.2491 0.2329 0.2167 0.2121 0.2028 0.1889 0.182 0.175 0.1611 0.1519 0.1472 0.1333 0.1264 0.3433 0.3226 0.3018 0.2972 0.2811 0.2603 0.258 0.2464 0.2257 0.2234 0.2188 0.2003 0.1957 0.1888 0.1727 0.1658 0.1611 0.1472 0.138 0.1311
0.0 1.0 1.0 0.254 0.101 0.1058 0.0307 0.0307 0.0383 0.75 0.76 0.77 0.78 0.79 0.8 0.81 0.82 0.83 0.84 0.85 0.86 0.87 0.88 0.89 0.9 0.91 0.92 0.93 0.94 0.4637 0.4568 0.4429 0.4222 0.4152 0.4083 0.3877 0.3807 0.3784 0.36 0.3484 0.3508 0.3347 0.3231 0.3231 0.3093 0.2954 0.2909 0.2793 0.2701 0.337 0.3116 0.2954 0.2884 0.2677 0.2514 0.2491 0.2329 0.2167 0.2121 0.2028 0.1889 0.182 0.175 0.1611 0.1519 0.1472 0.1333 0.1264 0.1172 0.3226 0.3018 0.2972 0.2811 0.2603 0.258 0.2464 0.2257 0.2234 0.2188 0.2003 0.1957 0.1888 0.1727 0.1658 0.1611 0.1472 0.138 0.1311 0.1196
0.0 1.0 1.0 0.2471 0.0917 0.0966 0.023 0.031 0.031 0.76 0.77 0.78 0.79 0.8 0.81 0.82 0.83 0.84 0.85 0.86 0.87 0.88 0.89 0.9 0.91 0.92 0.93 0.94 0.95 0.4568 0.4429 0.4222 0.4152 0.4083 0.3877 0.3807 0.3784 0.36 0.3484 0.3508 0.3347 0.3231 0.3231 0.3093 0.2954 0.2909 0.2793 0.2701 0.2632 0.3116 0.2954 0.2884 0.2677 0.2514 0.2491 0.2329 0.2167 0.2121 0.2028 0.1889 0.182 0.175 0.1611 0.1519 0.1472 0.1333 0.1264 0.1172 0.1079 0.3018 0.2972 0.2811 0.2603 0.258 0.2464 0.2257 0.2234 0.2188 0.2003 0.1957 0.1888 0.1727 0.1658 0.1611 0.1472 0.138 0.1311 0.1196 0.1103
0.0 1.0 1.0 0.2379 0.0848 0.0873 0.0307 0.023 0.015 0.77 0.78 0.79 0.8 0.81 0.82 0.83 0.84 0.85 0.86 0.87 0.88 0.89 0.9 0.91 0.92 0.93 0.94 0.95 0.96 0.4429 0.4222 0.4152 0.4083 0.3877 0.3807 0.3784 0.36 0.3484 0.3508 0.3347 0.3231 0.3231 0.3093 0.2954 0.2909 0.2793 0.2701 0.2632 0.254 0.2954 0.2884 0.2677 0.2514 0.2491 0.2329 0.2167 0.2121 0.2028 0.1889 0.182 0.175 0.1611 0.1519 0.1472 0.1333 0.1264 0.1172 0.1079 0.101 0.2972 0.2811 0.2603 0.258 0.2464 0.2257 0.2234 0.2188 0.2003 0.1957 0.1888 0.1727 0.1658 0.1611 0.1472 0.138 0.1311 0.1196 0.1103 0.1058
0.0 1.0 1.0 0.2333 0.1311 0.0942 0.023 0.031 0.0307 0.78 0.79 0.8 0.81 0.82 0.83 0.84 0.85 0.86 0.87 0.88 0.89 0.9 0.91 0.92 0.93 0.94 0.95 0.96 0.97 0.4222 0.4152 0.4083 0.3877 0.3807 0.3784 0.36 0.3484 0.3508 0.3347 0.3231 0.3231 0.3093 0.2954 0.2909 0.2793 0.2701 0.2632 0.254 0.2471 0.2884 0.2677 0.2514 0.2491 0.2329 0.2167 0.2121 0.2028 0.1889 0.182 0.175 0.1611 0.1519 0.1472 0.1333 0.1264 0.1172 0.1079 0.101 0.0917 0.2811 0.2603 0.258 0.2464 0.2257 0.2234 0.2188 0.2003 0.1957 0.1888 0.1727 0.1658 0.1611 0.1472 0.138 0.1311 0.1196 0.1103 0.1058 0.0966
0.0 1.0 1.0 0.2771 0.1241 0.0896 0.0307 0.023 0.031 0.79 0.8 0.81 0.82 0.83 0.84 0.85 0.86 0.87 0.88 0.89 0.9 0.91 0.92 0.93 0.94 0.95 0.96 0.97 0.0 0.4152 0.4083 0.3877 0.3807 0.3784 0.36 0.3484 0.3508 0.3347 0.3231 0.3231 0.3093 0.2954 0.2909 0.2793 0.2701 0.2632 0.254 0.2471 0.2379 0.2677 0.2514 0.2491 0.2329 0.2167 0.2121 0.2028 0.1889 0.182 0.175 0.1611 0.1519 0.1472 0.1333 0.1264 0.1172 0.1079 0.101 0.0917 0.0848 0.2603 0.258 0.2464 0.2257 0.2234 0.2188 0.2003 0.1957 0.1888 0.1727 0.1658 0.1611 0.1472 0.138 0.1311 0.1196 0.1103 0.1058 0.0966 0.0873
0.0 1.0 1.0 0.3416 0.1102 0.1564 0.0153 0.1543 0.023 0.8 0.81 0.82 0.83 0.84 0.85 0.86 0.87 0.88 0.89 0.9 0.91 0.92 0.93 0.94 0.95 0.96 0.97 0.0 0.01 0.4083 0.3877 0.3807 0.3784 0.36 0.3484 0.3508 0.3347 0.3231 0.3231 0.3093 0.2954 0.2909 0.2793 0.2701 0.2632 0.254 0.2471 0.2379 0.2333 0.2514 0.2491 0.2329 0.2167 0.2121 0.2028 0.1889 0.182 0.175 0.1611 0.1519 0.1472 0.1333 0.1264 0.1172 0.1079 0.101 0.0917 0.0848 0.1311 0.258 0.2464 0.2257 0.2234 0.2188 0.2003 0.1957 0.1888 0.1727 0.1658 0.1611 0.1472 0.138 0.1311 0.1196 0.1103 0.1058 0.0966 0.0873 0.0942
0.0 1.0 1.0 0.3139 0.1797 0.1842 0.146 0.0233 0.0153 0.81 0.82 0.83 0.84 0.85 0.86 0.87 0.88 0.89 0.9 0.91 0.92 0.93 0.94 0.95 0.96 0.97 0.0 0.01 0.02 0.3877 0.3807 0.3784 0.36 0.3484 0.3508 0.3347 0.3231 0.3231 0.3093 0.2954 0.2909 0.2793 0.2701 0.2632 0.254 0.2471 0.2379 0.2333 0.2771 0.2491 0.2329 0.2167 0.2121 0.2028 0.1889 0.182 0.175 0.1611 0.1519 0.1472 0.1333 0.1264 0.1172 0.1079 0.101 0.0917 0.0848 0.1311 0.1241 0.2464 0.2257 0.2234 0.2188 0.2003 0.1957 0.1888 0.1727 0.1658 0.1611 0.1472 0.138 0.1311 0.1196 0.1103 0.1058 0.0966 0.0873 0.0942 0.0896
0.0 1.0 1.0 0.3208 0.175 0.1542 0.215 0.0463 0.2227 0.82 0.83 0.84 0.85 0.86 0.87 0.88 0.89 0.9 0.91 0.92 0.93 0.94 0.95 0.96 0.97 0.0 0.01 0.02 0.03 0.3807 0.3784 0.36 0.3484 0.3508 0.3347 0.3231 0.3231 0.3093 0.2954 0.2909 0.2793 0.2701 0.2632 0.254 0.2471 0.2379 0.2333 0.2771 0.3416 0.2329 0.2167 0.2121 0.2028 0.1889 0.182 0.175 0.1611 0.1519 0.1472 0.1333 0.1264 0.1172 0.1079 0.101 0.0917 0.0848 0.1311 0.1241 0.1102 0.2257 0.2234 0.2188 0.2003 0.1957 0.1888 0.1727 0.1658 0.1611 0.1472 0.138 0.1311 0.1196 0.1103 0.1058 0.0966 0.0873 0.0942 0.0896 0.1564
0.0 1.0 1.0 0.4038 0.1519 0.1911 0.0923 0.2317 0.0927 0.83 0.84 0.85 0.86 0.87 0.88 0.89 0.9 0.91 0.92 0.93 0.94 0.95 0.96 0.97 0.0 0.01 0.02 0.03 0.04 0.3784 0.36 0.3484 0.3508 0.3347 0.3231 0.3231 0.3093 0.2954 0.2909 0.2793 0.2701 0.2632 0.254 0.2471 0.2379 0.2333 0.2771 0.3416 0.3139 0.2167 0.2121 0.2028 0.1889 0.182 0.175 0.1611 0.1519 0.1472 0.1333 0.1264 0.1172 0.1079 0.101 0.0917 0.0848 0.1311 0.1241 0.1102 0.1797 0.2234 0.2188 0.2003 0.1957 0.1888 0.1727 0.1658 0.1611 0.1472 0.138 0.1311 0.1196 0.1103 0.1058 0.0966 0.0873 0.0942 0.0896 0.1564 0.1842
0.0 1.0 1.0 0.3716 0.2074 0.2396 0.023 0.0157 0.1 0.84 0.85 0.86 0.87 0.88 0.89 0.9 0.91 0.92 0.93 0.94 0.95 0.96 0.97 0.0 0.01 0.02 0.03 0.04 0.05 0.36 0.3484 0.3508 0.3347 0.3231 0.3231 0.3093 0.2954 0.2909 0.2793 0.2701 0.2632 0.254 0.2471 0.2379 0.2333 0.2771 0.3416 0.3139 0.3208 0.2121 0.2028 0.1889 0.182 0.175 0.1611 0.1519 0.1472 0.1333 0.1264 0.1172 0.1079 0.101 0.0917 0.0848 0.1311 0.1241 0.1102 0.1797 0.175 0.2188 0.2003 0.1957 0.1888 0.1727 0.1658 0.1611 0.1472 0.138 0.1311 0.1196 0.1103 0.1058 0.0966 0.0873 0.0942 0.0896 0.1564 0.1842 0.1542
0.0 1.0 1.0 0.3508 0.2237 0.198 0.2767 0.077 0.123 0.85 0.86 0.87 0.88 0.89 0.9 0.91 0.92 0.93 0.94 0.95 0.96 0.97 0.0 0.01 0.02 0.03 0.04 0.05 0.06 0.3484 0.3508 0.3347 0.3231 0.3231 0.3093 0.2954 0.2909 0.2793 0.2701 0.2632 0.254 0.2471 0.2379 0.2333 0.2771 0.3416 0.3139 0.3208 0.4038 0.2028 0.1889 0.182 0.175 0.1611 0.1519 0.1472 0.1333 0.1264 0.1172 0.1079 0.101 0.0917 0.0848 0.1311 0.1241 0.1102 0.1797 0.175 0.1519 0.2003 0.1957 0.1888 0.1727 0.1658 0.1611 0.1472 0.138 0.1311 0.1196 0.1103 0.1058 0.0966 0.0873 0.0942 0.0896 0.1564 0.1842 0.1542 0.1911
0.0 1.0 1.0 0.4406 0.1936 0.198 0.1073 0.185 0.1617 0.86 0.87 0.88 0.89 0.9 0.91 0.92 0.93 0.94 0.95 0.96 0.97 0.0 0.01 0.02 0.03 0.04 0.05 0.06 0.07 0.3508 0.3347 0.3231 0.3231 0.3093 0.2954 0.2909 0.2793 0.2701 0.2632 0.254 0.2471 0.2379 0.2333 0.2771 0.3416 0.3139 0.3208 0.4038 0.3716 0.1889 0.182 0.175 0.1611 0.1519 0.1472 0.1333 0.1264 0.1172 0.1079 0.101 0.0917 0.0848 0.1311 0.1241 0.1102 0.1797 0.175 0.1519 0.2074 0.1957 0.1888 0.1727 0.1658 0.1611 0.1472 0.138 0.1311 0.1196 0.1103 0.1058 0.0966 0.0873 0.0942 0.0896 0.1564 0.1842 0.1542 0.1911 0.2396
0.0 1.0 1.0 0.4176 0.2143 0.2718 0.0693 0.0543 0.1387 0.87 0.88 0.89 0.9 0.91 0.92 0.93 0.94 0.95 0.96 0.97 0.0 0.01 0.02 0.03 0.04 0.05 0.06 0.07 0.08 0.3347 0.3231 0.3231 0.3093 0.2954 0.2909 0.2793 0.2701 0.2632 0.254 0.2471 0.2379 0.2333 0.2771 0.3416 0.3139 0.3208 0.4038 0.3716 0.3508 0.182 0.175 0.1611 0.1519 0.1472 0.1333 0.1264 0.1172 0.1079 0.101 0.0917 0.0848 0.1311 0.1241 0.1102 0.1797 0.175 0.1519 0.2074 0.2237 0.1888 0.1727 0.1658 0.1611 0.1472 0.138 0.1311 0.1196 0.1103 0.1058 0.0966 0.0873 0.0942 0.0896 0.1564 0.1842 0.1542 0.1911 0.2396 0.198
0.0 1.0 1.0 0.383 0.2677 0.2303 0.2993 0.1003 0.0 0.88 0.89 0.9 0.91 0.92 0.93 0.94 0.95 0.96 0.97 0.0 0.01 0.02 0.03 0.04 0.05 0.06 0.07 0.08 0.09 0.3231 0.3231 0.3093 0.2954 0.2909 0.2793 0.2701 0.2632 0.254 0.2471 0.2379 0.2333 0.2771 0.3416 0.3139 0.3208 0.4038 0.3716 0.3508 0.4406 0.175 0.1611 0.1519 0.1472 0.1333 0.1264 0.1172 0.1079 0.101 0.0917 0.0848 0.1311 0.1241 0.1102 0.1797 0.175 0.1519 0.2074 0.2237 0.1936 0.1727 0.1658 0.1611 0.1472 0.138 0.1311 0.1196 0.1103 0.1058 0.0966 0.0873 0.0942 0.0896 0.1564 0.1842 0.1542 0.1911 0.2396 0.198 0.198
0.0 1.0 1.0 0.4498 0.2282 0.2049 0.0767 0.069 0.246 0.89 0.9 0.91 0.92 0.93 0.94 0.95 0.96 0.97 0.0 0.01 0.02 0.03 0.04 0.05 0.06 0.07 0.08 0.09 0.1 0.3231 0.3093 0.2954 0.2909 0.2793 0.2701 0.2632 0.254 0.2471 0.2379 0.2333 0.2771 0.3416 0.3139 0.3208 0.4038 0.3716 0.3508 0.4406 0.4176 0.1611 0.1519 0.1472 0.1333 0.1264 0.1172 0.1079 0.101 0.0917 0.0848 0.1311 0.1241 0.1102 0.1797 0.175 0.1519 0.2074 0.2237 0.1936 0.2143 0.1658 0.1611 0.1472 0.138 0.1311 0.1196 0.1103 0.1058 0.0966 0.0873 0.0942 0.0896 0.1564 0.1842 0.1542 0.1911 0.2396 0.198 0.198 0.2718
0.0 1.0 1.0 0.4521 0.2213 0.2833 0.1153 0.178 0.1383 0.9 0.91 0.92 0.93 0.94 0.95 0.96 0.97 0.0 0.01 0.02 0.03 0.04 0.05 0.06 0.07 0.08 0.09 0.1 0.11 0.3093 0.2954 0.2909 0.2793 0.2701 0.2632 0.254 0.2471 0.2379 0.2333 0.2771 0.3416 0.3139 0.3208 0.4038 0.3716 0.3508 0.4406 0.4176 0.383 0.1519 0.1472 0.1333 0.1264 0.1172 0.1079 0.101 0.0917 0.0848 0.1311 0.1241 0.1102 0.1797 0.175 0.1519 0.2074 0.2237 0.1936 0.2143 0.2677 0.1611 0.1472 0.138 0.1311 0.1196 0.1103 0.1058 0.0966 0.0873 0.0942 0.0896 0.1564 0.1842 0.1542 0.1911 0.2396 0.198 0.198 0.2718 0.2303
0.0 1.0 1.0 0.413 0.2954 0.2603 0.2227 0.1317 0.0847 0.91 0.92 0.93 0.94 0.95 0.96 0.97 0.0 0.01 0.02 0.03 0.04 0.05 0.06 0.07 0.08 0.09 0.1 0.11 0.12 0.2954 0.2909 0.2793 0.2701 0.2632 0.254 0.2471 0.2379 0.2333 0.2771 0.3416 0.3139 0.3208 0.4038 0.3716 0.3508 0.4406 0.4176 0.383 0.4498 0.1472 0.1333 0.1264 0.1172 0.1079 0.101 0.0917 0.0848 0.1311 0.1241 0.1102 0.1797 0.175 0.1519 0.2074 0.2237 0.1936 0.2143 0.2677 0.2282 0.1472 0.138 0.1311 0.1196 0.1103 0.1058 0.0966 0.0873 0.0942 0.0896 0.1564 0.1842 0.1542 0.1911 0.2396 0.198 0.198 0.2718 0.2303 0.2049
0.0 1.0 1.0 0.4429 0.2653 0.2303 0.0077 0.023 0.2613 0.92 0.93 0.94 0.95 0.96 0.97 0.0 0.01 0.02 0.03 0.04 0.05 0.06 0.07 0.08 0.09 0.1 0.11 0.12 0.13 0.2909 0.2793 0.2701 0.2632 0.254 0.2471 0.2379 0.2333 0.2771 0.3416 0.3139 0.3208 0.4038 0.3716 0.3508 0.4406 0.4176 0.383 0.4498 0.4521 0.1333 0.1264 0.1172 0.1079 0.101 0.0917 0.0848 0.1311 0.1241 0.1102 0.1797 0.175 0.1519 0.2074 0.2237 0.1936 0.2143 0.2677 0.2282 0.2213 0.138 0.1311 0.1196 0.1103 0.1058 0.0966 0.0873 0.0942 0.0896 0.1564 0.1842 0.1542 0.1911 0.2396 0.198 0.198 0.2718 0.2303 0.2049 0.2833
0.0 1.0 1.0 0.4798 0.2421 0.2718 0.1303 0.247 0.0767 0.93 0.94 0.95 0.96 0.97 0.0 0.01 0.02 0.03 0.04 0.05 0.06 0.07 0.08 0.09 0.1 0.11 0.12 0.13 0.14 0.2793 0.2701 0.2632 0.254 0.2471 0.2379 0.2333 0.2771 0.3416 0.3139 0.3208 0.4038 0.3716 0.3508 0.4406 0.4176 0.383 0.4498 0.4521 0.413 0.1264 0.1172 0.1079 0.101 0.0917 0.0848 0.1311 0.1241 0.1102 0.1797 0.175 0.1519 0.2074 0.2237 0.1936 0.2143 0.2677 0.2282 0.2213 0.2954 0.1311 0.1196 0.1103 0.1058 0.0966 0.0873 0.0942 0.0896 0.1564 0.1842 0.1542 0.1911 0.2396 0.198 0.198 0.2718 0.2303 0.2049 0.2833 0.2603
0.0 1.0 1.0 0.4406 0.3 0.2903 0.0997 0.1003 0.1 0.94 0.95 0.96 0.97 0.0 0.01 0.02 0.03 0.04 0.05 0.06 0.07 0.08 0.09 0.1 0.11 0.12 0.13 0.14 0.15 0.2701 0.2632 0.254 0.2471 0.2379 0.2333 0.2771 0.3416 0.3139 0.3208 0.4038 0.3716 0.3508 0.4406 0.4176 0.383 0.4498 0.4521 0.413 0.4429 0.1172 0.1079 0.101 0.0917 0.0848 0.1311 0.1241 0.1102 0.1797 0.175 0.1519 0.2074 0.2237 0.1936 0.2143 0.2677 0.2282 0.2213 0.2954 0.2653 0.1196 0.1103 0.1058 0.0966 0.0873 0.0942 0.0896 0.1564 0.1842 0.1542 0.1911 0.2396 0.198 0.198 0.2718 0.2303 0.2049 0.2833 0.2603 0.2303
0.0 1.0 1.0 0.4314 0.307 0.2603 0.123 0.0773 0.1383 0.95 0.96 0.97 0.0 0.01 0.02 0.03 0.04 0.05 0.06 0.07 0.08 0.09 0.1 0.11 0.12 0.13 0.14 0.15 0.16 0.2632 0.254 0.2471 0.2379 0.2333 0.2771 0.3416 0.3139 0.3208 0.4038 0.3716 0.3508 0.4406 0.4176 0.383 0.4498 0.4521 0.413 0.4429 0.4798 0.1079 0.101 0.0917 0.0848 0.1311 0.1241 0.1102 0.1797 0.175 0.1519 0.2074 0.2237 0.1936 0.2143 0.2677 0.2282 0.2213 0.2954 0.2653 0.2421 0.1103 0.1058 0.0966 0.0873 0.0942 0.0896 0.1564 0.1842 0.1542 0.1911 0.2396 0.198 0.198 0.2718 0.2303 0.2049 0.2833 0.2603 0.2303 0.2718
0.0 1.0 1.0 0.4936 0.2769 0.2626 0.1307 0.193 0.0617 0.96 0.97 0.0 0.01 0.02 0.03 0.04 0.05 0.06 0.07 0.08 0.09 0.1 0.11 0.12 0.13 0.14 0.15 0.16 0.17 0.254 0.2471 0.2379 0.2333 0.2771 0.3416 0.3139 0.3208 0.4038 0.3716 0.3508 0.4406 0.4176 0.383 0.4498 0.4521 0.413 0.4429 0.4798 0.4406 0.101 0.0917 0.0848 0.1311 0.1241 0.1102 0.1797 0.175 0.1519 0.2074 0.2237 0.1936 0.2143 0.2677 0.2282 0.2213 0.2954 0.2653 0.2421 0.3 0.1058 0.0966 0.0873 0.0942 0.0896 0.1564 0.1842 0.1542 0.1911 0.2396 0.198 0.198 0.2718 0.2303 0.2049 0.2833 0.2603 0.2303 0.2718 0.2903
0.0 1.0 1.0 0.4637 0.3023 0.3157 0.0307 0.0233 0.1 0.97 0.0 0.01 0.02 0.03 0.04 0.05 0.06 0.07 0.08 0.09 0.1 0.11 0.12 0.13 0.14 0.15 0.16 0.17 0.18 0.2471 0.2379 0.2333 0.2771 0.3416 0.3139 0.3208 0.4038 0.3716 0.3508 0.4406 0.4176 0.383 0.4498 0.4521 0.413 0.4429 0.4798 0.4406 0.4314 0.0917 0.0848 0.1311 0.1241 0.1102 0.1797 0.175 0.1519 0.2074 0.2237 0.1936 0.2143 0.2677 0.2282 0.2213 0.2954 0.2653 0.2421 0.3 0.307 0.0966 0.0873 0.0942 0.0896 0.1564 0.1842 0.1542 0.1911 0.2396 0.198 0.198 0.2718 0.2303 0.2049 0.2833 0.2603 0.2303 0.2718 0.2903 0.2603
0.0 1.0 1.0 0.4476 0.3417 0.288 0.2073 0.1003 0.0077 0.0 0.01 0.02 0.03 0.04 0.05 0.06 0.07 0.08 0.09 0.1 0.11 0.12 0.13 0.14 0.15 0.16 0.17 0.18 0.19 0.2379 0.2333 0.2771 0.3416 0.3139 0.3208 0.4038 0.3716 0.3508 0.4406 0.4176 0.383 0.4498 0.4521 0.413 0.4429 0.4798 0.4406 0.4314 0.4936 0.0848 0.1311 0.1241 0.1102 0.1797 0.175 0.1519 0.2074 0.2237 0.1936 0.2143 0.2677 0.2282 0.2213 0.2954 0.2653 0.2421 0.3 0.307 0.2769 0.0873 0.0942 0.0896 0.1564 0.1842 0.1542 0.1911 0.2396 0.198 0.198 0.2718 0.2303 0.2049 0.2833 0.2603 0.2303 0.2718 0.2903 0.2603 0.2626
0.0 1.0 1.0 0.4867 0.3186 0.288 0.0997 0.0847 0.177 0.01 0.02 0.03 0.04 0.05 0.06 0.07 0.08 0.09 0.1 0.11 0.12 0.13 0.14 0.15 0.16 0.17 0.18 0.19 0.2 0.2333 0.2771 0.3416 0.3139 0.3208 0.4038 0.3716 0.3508 0.4406 0.4176 0.383 0.4498 0.4521 0.413 0.4429 0.4798 0.4406 0.4314 0.4936 0.4637 0.1311 0.1241 0.1102 0.1797 0.175 0.1519 0.2074 0.2237 0.1936 0.2143 0.2677 0.2282 0.2213 0.2954 0.2653 0.2421 0.3 0.307 0.2769 0.3023 0.0942 0.0896 0.1564 0.1842 0.1542 0.1911 0.2396 0.198 0.198 0.2718 0.2303 0.2049 0.2833 0.2603 0.2303 0.2718 0.2903 0.2603 0.2626 0.3157
0.0 1.0 1.0 0.5097 0.3186 0.318 0.0537 0.1313 0.0923 0.02 0.03 0.04 0.05 0.06 0.07 0.08 0.09 0.1 0.11 0.12 0.13 0.14 0.15 0.16 0.17 0.18 0.19 0.2 0.21 0.2771 0.3416 0.3139 0.3208 0.4038 0.3716 0.3508 0.4406 0.4176 0.383 0.4498 0.4521 0.413 0.4429 0.4798 0.4406 0.4314 0.4936 0.4637 0.4476 0.1241 0.1102 0.1797 0.175 0.1519 0.2074 0.2237 0.1936 0.2143 0.2677 0.2282 0.2213 0.2954 0.2653 0.2421 0.3 0.307 0.2769 0.3023 0.3417 0.0896 0.1564 0.1842 0.1542 0.1911 0.2396 0.198 0.198 0.2718 0.2303 0.2049 0.2833 0.2603 0.2303 0.2718 0.2903 0.2603 0.2626 0.3157 0.288
0.0 1.0 1.0 0.4867 0.3694 0.3433 0.1303 0.077 0.0 0.03 0.04 0.05 0.06 0.07 0.08 0.09 0.1 0.11 0.12 0.13 0.14 0.15 0.16 0.17 0.18 0.19 0.2 0.21 0.22 0.3416 0.3139 0.3208 0.4038 0.3716 0.3508 0.4406 0.4176 0.383 0.4498 0.4521 0.413 0.4429 0.4798 0.4406 0.4314 0.4936 0.4637 0.4476 0.4867 0.1102 0.1797 0.175 0.1519 0.2074 0.2237 0.1936 0.2143 0.2677 0.2282 0.2213 0.2954 0.2653 0.2421 0.3 0.307 0.2769 0.3023 0.3417 0.3186 0.1564 0.1842 0.1542 0.1911 0.2396 0.198 0.198 0.2718 0.2303 0.2049 0.2833 0.2603 0.2303 0.2718 0.2903 0.2603 0.2626 0.3157 0.288 0.288
0.0 1.0 1.0 0.4982 0.3741 0.3294 0.0767 0.0 0.1 0.04 0.05 0.06 0.07 0.08 0.09 0.1 0.11 0.12 0.13 0.14 0.15 0.16 0.17 0.18 0.19 0.2 0.21 0.22 0.23 0.3139 0.3208 0.4038 0.3716 0.3508 0.4406 0.4176 0.383 0.4498 0.4521 0.413 0.4429 0.4798 0.4406 0.4314 0.4936 0.4637 0.4476 0.4867 0.5097 0.1797 0.175 0.1519 0.2074 0.2237 0.1936 0.2143 0.2677 0.2282 0.2213 0.2954 0.2653 0.2421 0.3 0.307 0.2769 0.3023 0.3417 0.3186 0.3186 0.1842 0.1542 0.1911 0.2396 0.198 0.198 0.2718 0.2303 0.2049 0.2833 0.2603 0.2303 0.2718 0.2903 0.2603 0.2626 0.3157 0.288 0.288 0.318
0.0 1.0 1.0 0.5489 0.3579 0.348 0.0767 0.1693 0.0843 0.05 0.06 0.07 0.08 0.09 0.1 0.11 0.12 0.13 0.14 0.15 0.16 0.17 0.18 0.19 0.2 0.21 0.22 0.23 0.24 0.3208 0.4038 0.3716 0.3508 0.4406 0.4176 0.383 0.4498 0.4521 0.413 0.4429 0.4798 0.4406 0.4314 0.4936 0.4637 0.4476 0.4867 0.5097 0.4867 0.175 0.1519 0.2074 0.2237 0.1936 0.2143 0.2677 0.2282 0.2213 0.2954 0.2653 0.2421 0.3 0.307 0.2769 0.3023 0.3417 0.3186 0.3186 0.3694 0.1542 0.1911 0.2396 0.198 0.198 0.2718 0.2303 0.2049 0.2833 0.2603 0.2303 0.2718 0.2903 0.2603 0.2626 0.3157 0.288 0.288 0.318 0.3433
0.0 1.0 1.0 0.5489 0.3764 0.401 0.0383 0.0157 0.0463 0.06 0.07 0.08 0.09 0.1 0.11 0.12 0.13 0.14 0.15 0.16 0.17 0.18 0.19 0.2 0.21 0.22 0.23 0.24 0.25 0.4038 0.3716 0.3508 0.4406 0.4176 0.383 0.4498 0.4521 0.413 0.4429 0.4798 0.4406 0.4314 0.4936 0.4637 0.4476 0.4867 0.5097 0.4867 0.4982 0.1519 0.2074 0.2237 0.1936 0.2143 0.2677 0.2282 0.2213 0.2954 0.2653 0.2421 0.3 0.307 0.2769 0.3023 0.3417 0.3186 0.3186 0.3694 0.3741 0.1911 0.2396 0.198 0.198 0.2718 0.2303 0.2049 0.2833 0.2603 0.2303 0.2718 0.2903 0.2603 0.2626 0.3157 0.288 0.288 0.318 0.3433 0.3294
0.0 1.0 1.0 0.5442 0.4366 0.3779 0.169 0.054 0.062 0.07 0.08 0.09 0.1 0.11 0.12 0.13 0.14 0.15 0.16 0.17 0.18 0.19 0.2 0.21 0.22 0.23 0.24 0.25 0.26 0.3716 0.3508 0.4406 0.4176 0.383 0.4498 0.4521 0.413 0.4429 0.4798 0.4406 0.4314 0.4936 0.4637 0.4476 0.4867 0.5097 0.4867 0.4982 0.5489 0.2074 0.2237 0.1936 0.2143 0.2677 0.2282 0.2213 0.2954 0.2653 0.2421 0.3 0.307 0.2769 0.3023 0.3417 0.3186 0.3186 0.3694 0.3741 0.3579 0.2396 0.198 0.198 0.2718 0.2303 0.2049 0.2833 0.2603 0.2303 0.2718 0.2903 0.2603 0.2626 0.3157 0.288 0.288 0.318 0.3433 0.3294 0.348
0.0 1.0 1.0 0.5903 0.4042 0.3779 0.0 0.0617 0.1767 0.08 0.09 0.1 0.11 0.12 0.13 0.14 0.15 0.16 0.17 0.18 0.19 0.2 0.21 0.22 0.23 0.24 0.25 0.26 0.27 0.3508 0.4406 0.4176 0.383 0.4498 0.4521 0.413 0.4429 0.4798 0.4406 0.4314 0.4936 0.4637 0.4476 0.4867 0.5097 0.4867 0.4982 0.5489 0.5489 0.2237 0.1936 0.2143 0.2677 0.2282 0.2213 0.2954 0.2653 0.2421 0.3 0.307 0.2769 0.3023 0.3417 0.3186 0.3186 0.3694 0.3741 0.3579 0.3764 0.198 0.198 0.2718 0.2303 0.2049 0.2833 0.2603 0.2303 0.2718 0.2903 0.2603 0.2626 0.3157 0.288 0.288 0.318 0.3433 0.3294 0.348 0.401
0.0 1.0 1.0 0.6088 0.4019 0.4333 0.0157 0.2007 0.077 0.09 0.1 0.11 0.12 0.13 0.14 0.15 0.16 0.17 0.18 0.19 0.2 0.21 0.22 0.23 0.24 0.25 0.26 0.27 0.28 0.4406 0.4176 0.383 0.4498 0.4521 0.413 0.4429 0.4798 0.4406 0.4314 0.4936 0.4637 0.4476 0.4867 0.5097 0.4867 0.4982 0.5489 0.5489 0.5442 0.1936 0.2143 0.2677 0.2282 0.2213 0.2954 0.2653 0.2421 0.3 0.307 0.2769 0.3023 0.3417 0.3186 0.3186 0.3694 0.3741 0.3579 0.3764 0.4366 0.198 0.2718 0.2303 0.2049 0.2833 0.2603 0.2303 0.2718 0.2903 0.2603 0.2626 0.3157 0.288 0.288 0.318 0.3433 0.3294 0.348 0.401 0.3779
0.0 1.0 1.0 0.5834 0.4597 0.4263 0.1537 0.108 0.0 0.1 0.11 0.12 0.13 0.14 0.15 0.16 0.17 0.18 0.19 0.2 0.21 0.22 0.23 0.24 0.25 0.26 0.27 0.28 0.29 0.4176 0.383 0.4498 0.4521 0.413 0.4429 0.4798 0.4406 0.4314 0.4936 0.4637 0.4476 0.4867 0.5097 0.4867 0.4982 0.5489 0.5489 0.5442 0.5903 0.2143 0.2677 0.2282 0.2213 0.2954 0.2653 0.2421 0.3 0.307 0.2769 0.3023 0.3417 0.3186 0.3186 0.3694 0.3741 0.3579 0.3764 0.4366 0.4042 0.2718 0.2303 0.2049 0.2833 0.2603 0.2303 0.2718 0.2903 0.2603 0.2626 0.3157 0.288 0.288 0.318 0.3433 0.3294 0.348 0.401 0.3779 0.3779
0.0 1.0 1.0 0.5972 0.4297 0.4057 0.0617 0.0077 0.1847 0.11 0.12 0.13 0.14 0.15 0.16 0.17 0.18 0.19 0.2 0.21 0.22 0.23 0.24 0.25 0.26 0.27 0.28 0.29 0.3 0.383 0.4498 0.4521 0.413 0.4429 0.4798 0.4406 0.4314 0.4936 0.4637 0.4476 0.4867 0.5097 0.4867 0.4982 0.5489 0.5489 0.5442 0.5903 0.6088 0.2677 0.2282 0.2213 0.2954 0.2653 0.2421 0.3 0.307 0.2769 0.3023 0.3417 0.3186 0.3186 0.3694 0.3741 0.3579 0.3764 0.4366 0.4042 0.4019 0.2303 0.2049 0.2833 0.2603 0.2303 0.2718 0.2903 0.2603 0.2626 0.3157 0.288 0.288 0.318 0.3433 0.3294 0.348 0.401 0.3779 0.3779 0.4333
0.0 1.0 1.0 0.6387 0.4134 0.4448 0.0847 0.1927 0.0233 0.12 0.13 0.14 0.15 0.16 0.17 0.18 0.19 0.2 0.21 0.22 0.23 0.24 0.25 0.26 0.27 0.28 0.29 0.3 0.31 0.4498 0.4521 0.413 0.4429 0.4798 0.4406 0.4314 0.4936 0.4637 0.4476 0.4867 0.5097 0.4867 0.4982 0.5489 0.5489 0.5442 0.5903 0.6088 0.5834 0.2282 0.2213 0.2954 0.2653 0.2421 0.3 0.307 0.2769 0.3023 0.3417 0.3186 0.3186 0.3694 0.3741 0.3579 0.3764 0.4366 0.4042 0.4019 0.4597 0.2049 0.2833 0.2603 0.2303 0.2718 0.2903 0.2603 0.2626 0.3157 0.288 0.288 0.318 0.3433 0.3294 0.348 0.401 0.3779 0.3779 0.4333 0.4263
0.0 1.0 1.0 0.5949 0.4458 0.4541 0.046 0.1 0.0687 0.13 0.14 0.15 0.16 0.17 0.18 0.19 0.2 0.21 0.22 0.23 0.24 0.25 0.26 0.27 0.28 0.29 0.3 0.31 0.32 0.4521 0.413 0.4429 0.4798 0.4406 0.4314 0.4936 0.4637 0.4476 0.4867 0.5097 0.4867 0.4982 0.5489 0.5489 0.5442 0.5903 0.6088 0.5834 0.5972 0.2213 0.2954 0.2653 0.2421 0.3 0.307 0.2769 0.3023 0.3417 0.3186 0.3186 0.3694 0.3741 0.3579 0.3764 0.4366 0.4042 0.4019 0.4597 0.4297 0.2833 0.2603 0.2303 0.2718 0.2903 0.2603 0.2626 0.3157 0.288 0.288 0.318 0.3433 0.3294 0.348 0.401 0.3779 0.3779 0.4333 0.4263 0.4057
0.0 1.0 1.0 0.5972 0.4366 0.4149 0.1383 0.0543 0.1303 0.14 0.15 0.16 0.17 0.18 0.19 0.2 0.21 0.22 0.23 0.24 0.25 0.26 0.27 0.28 0.29 0.3 0.31 0.32 0.33 0.413 0.4429 0.4798 0.4406 0.4314 0.4936 0.4637 0.4476 0.4867 0.5097 0.4867 0.4982 0.5489 0.5489 0.5442 0.5903 0.6088 0.5834 0.5972 0.6387 0.2954 0.2653 0.2421 0.3 0.307 0.2769 0.3023 0.3417 0.3186 0.3186 0.3694 0.3741 0.3579 0.3764 0.4366 0.4042 0.4019 0.4597 0.4297 0.4134 0.2603 0.2303 0.2718 0.2903 0.2603 0.2626 0.3157 0.288 0.288 0.318 0.3433 0.3294 0.348 0.401 0.3779 0.3779 0.4333 0.4263 0.4057 0.4448
0.0 1.0 1.0 0.6502 0.4158 0.4356 0.146 0.108 0.031 0.15 0.16 0.17 0.18 0.19 0.2 0.21 0.22 0.23 0.24 0.25 0.26 0.27 0.28 0.29 0.3 0.31 0.32 0.33 0.34 0.4429 0.4798 0.4406 0.4314 0.4936 0.4637 0.4476 0.4867 0.5097 0.4867 0.4982 0.5489 0.5489 0.5442 0.5903 0.6088 0.5834 0.5972 0.6387 0.5949 0.2653 0.2421 0.3 0.307 0.2769 0.3023 0.3417 0.3186 0.3186 0.3694 0.3741 0.3579 0.3764 0.4366 0.4042 0.4019 0.4597 0.4297 0.4134 0.4458 0.2303 0.2718 0.2903 0.2603 0.2626 0.3157 0.288 0.288 0.318 0.3433 0.3294 0.348 0.401 0.3779 0.3779 0.4333 0.4263 0.4057 0.4448 0.4541
0.0 1.0 1.0 0.6041 0.4481 0.461 0.0077 0.0307 0.1307 0.16 0.17 0.18 0.19 0.2 0.21 0.22 0.23 0.24 0.25 0.26 0.27 0.28 0.29 0.3 0.31 0.32 0.33 0.34 0.35 0.4798 0.4406 0.4314 0.4936 0.4637 0.4476 0.4867 0.5097 0.4867 0.4982 0.5489 0.5489 0.5442 0.5903 0.6088 0.5834 0.5972 0.6387 0.5949 0.5972 0.2421 0.3 0.307 0.2769 0.3023 0.3417 0.3186 0.3186 0.3694 0.3741 0.3579 0.3764 0.4366 0.4042 0.4019 0.4597 0.4297 0.4134 0.4458 0.4366 0.2718 0.2903 0.2603 0.2626 0.3157 0.288 0.288 0.318 0.3433 0.3294 0.348 0.401 0.3779 0.3779 0.4333 0.4263 0.4057 0.4448 0.4541 0.4149
0.0 1.0 1.0 0.5903 0.4342 0.4218 0.1767 0.0693 0.069 0.17 0.18 0.19 0.2 0.21 0.22 0.23 0.24 0.25 0.26 0.27 0.28 0.29 0.3 0.31 0.32 0.33 0.34 0.35 0.36 0.4406 0.4314 0.4936 0.4637 0.4476 0.4867 0.5097 0.4867 0.4982 0.5489 0.5489 0.5442 0.5903 0.6088 0.5834 0.5972 0.6387 0.5949 0.5972 0.6502 0.3 0.307 0.2769 0.3023 0.3417 0.3186 0.3186 0.3694 0.3741 0.3579 0.3764 0.4366 0.4042 0.4019 0.4597 0.4297 0.4134 0.4458 0.4366 0.4158 0.2903 0.2603 0.2626 0.3157 0.288 0.288 0.318 0.3433 0.3294 0.348 0.401 0.3779 0.3779 0.4333 0.4263 0.4057 0.4448 0.4541 0.4149 0.4356
0.0 1.0 1.0 0.6479 0.4181 0.4471 0.1537 0.1077 0.0847 0.18 0.19 0.2 0.21 0.22 0.23 0.24 0.25 0.26 0.27 0.28 0.29 0.3 0.31 0.32 0.33 0.34 0.35 0.36 0.37 0.4314 0.4936 0.4637 0.4476 0.4867 0.5097 0.4867 0.4982 0.5489 0.5489 0.5442 0.5903 0.6088 0.5834 0.5972 0.6387 0.5949 0.5972 0.6502 0.6041 0.307 0.2769 0.3023 0.3417 0.3186 0.3186 0.3694 0.3741 0.3579 0.3764 0.4366 0.4042 0.4019 0.4597 0.4297 0.4134 0.4458 0.4366 0.4158 0.4481 0.2603 0.2626 0.3157 0.288 0.288 0.318 0.3433 0.3294 0.348 0.401 0.3779 0.3779 0.4333 0.4263 0.4057 0.4448 0.4541 0.4149 0.4356 0.461
0.0 1.0 1.0 0.6133 0.4551 0.4702 0.046 0.0463 0.1307 0.19 0.2 0.21 0.22 0.23 0.24 0.25 0.26 0.27 0.28 0.29 0.3 0.31 0.32 0.33 0.34 0.35 0.36 0.37 0.38 0.4936 0.4637 0.4476 0.4867 0.5097 0.4867 0.4982 0.5489 0.5489 0.5442 0.5903 0.6088 0.5834 0.5972 0.6387 0.5949 0.5972 0.6502 0.6041 0.5903 0.2769 0.3023 0.3417 0.3186 0.3186 0.3694 0.3741 0.3579 0.3764 0.4366 0.4042 0.4019 0.4597 0.4297 0.4134 0.4458 0.4366 0.4158 0.4481 0.4342 0.2626 0.3157 0.288 0.288 0.318 0.3433 0.3294 0.348 0.401 0.3779 0.3779 0.4333 0.4263 0.4057 0.4448 0.4541 0.4149 0.4356 0.461 0.4218
0.0 1.0 1.0 0.6041 0.4551 0.4333 0.192 0.0537 0.0843 0.2 0.21 0.22 0.23 0.24 0.25 0.26 0.27 0.28 0.29 0.3 0.31 0.32 0.33 0.34 0.35 0.36 0.37 0.38 0.39 0.4637 0.4476 0.4867 0.5097 0.4867 0.4982 0.5489 0.5489 0.5442 0.5903 0.6088 0.5834 0.5972 0.6387 0.5949 0.5972 0.6502 0.6041 0.5903 0.6479 0.3023 0.3417 0.3186 0.3186 0.3694 0.3741 0.3579 0.3764 0.4366 0.4042 0.4019 0.4597 0.4297 0.4134 0.4458 0.4366 0.4158 0.4481 0.4342 0.4181 0.3157 0.288 0.288 0.318 0.3433 0.3294 0.348 0.401 0.3779 0.3779 0.4333 0.4263 0.4057 0.4448 0.4541 0.4149 0.4356 0.461 0.4218 0.4471
0.0 1.0 1.0 0.6663 0.432 0.4541 0.1153 0.1233 0.077 0.21 0.22 0.23 0.24 0.25 0.26 0.27 0.28 0.29 0.3 0.31 0.32 0.33 0.34 0.35 0.36 0.37 0.38 0.39 0.4 0.4476 0.4867 0.5097 0.4867 0.4982 0.5489 0.5489 0.5442 0.5903 0.6088 0.5834 0.5972 0.6387 0.5949 0.5972 0.6502 0.6041 0.5903 0.6479 0.6133 0.3417 0.3186 0.3186 0.3694 0.3741 0.3579 0.3764 0.4366 0.4042 0.4019 0.4597 0.4297 0.4134 0.4458 0.4366 0.4158 0.4481 0.4342 0.4181 0.4551 0.288 0.288 0.318 0.3433 0.3294 0.348 0.401 0.3779 0.3779 0.4333 0.4263 0.4057 0.4448 0.4541 0.4149 0.4356 0.461 0.4218 0.4471 0.4702
0.0 1.0 1.0 0.6294 0.462 0.4956 0.0307 0.0 0.123 0.22 0.23 0.24 0.25 0.26 0.27 0.28 0.29 0.3 0.31 0.32 0.33 0.34 0.35 0.36 0.37 0.38 0.39 0.4 0.41 0.4867 0.5097 0.4867 0.4982 0.5489 0.5489 0.5442 0.5903 0.6088 0.5834 0.5972 0.6387 0.5949 0.5972 0.6502 0.6041 0.5903 0.6479 0.6133 0.6041 0.3186 0.3186 0.3694 0.3741 0.3579 0.3764 0.4366 0.4042 0.4019 0.4597 0.4297 0.4134 0.4458 0.4366 0.4158 0.4481 0.4342 0.4181 0.4551 0.4551 0.288 0.318 0.3433 0.3294 0.348 0.401 0.3779 0.3779 0.4333 0.4263 0.4057 0.4448 0.4541 0.4149 0.4356 0.461 0.4218 0.4471 0.4702 0.4333
0.0 1.0 1.0 0.611 0.4829 0.4541 0.2073 0.077 0.0693 0.23 0.24 0.25 0.26 0.27 0.28 0.29 0.3 0.31 0.32 0.33 0.34 0.35 0.36 0.37 0.38 0.39 0.4 0.41 0.42 0.5097 0.4867 0.4982 0.5489 0.5489 0.5442 0.5903 0.6088 0.5834 0.5972 0.6387 0.5949 0.5972 0.6502 0.6041 0.5903 0.6479 0.6133 0.6041 0.6663 0.3186 0.3694 0.3741 0.3579 0.3764 0.4366 0.4042 0.4019 0.4597 0.4297 0.4134 0.4458 0.4366 0.4158 0.4481 0.4342 0.4181 0.4551 0.4551 0.432 0.318 0.3433 0.3294 0.348 0.401 0.3779 0.3779 0.4333 0.4263 0.4057 0.4448 0.4541 0.4149 0.4356 0.461 0.4218 0.4471 0.4702 0.4333 0.4541
0.0 1.0 1.0 0.6824 0.4551 0.4563 0.123 0.1 0.1383 0.24 0.25 0.26 0.27 0.28 0.29 0.3 0.31 0.32 0.33 0.34 0.35 0.36 0.37 0.38 0.39 0.4 0.41 0.42 0.43 0.4867 0.4982 0.5489 0.5489 0.5442 0.5903 0.6088 0.5834 0.5972 0.6387 0.5949 0.5972 0.6502 0.6041 0.5903 0.6479 0.6133 0.6041 0.6663 0.6294 0.3694 0.3741 0.3579 0.3764 0.4366 0.4042 0.4019 0.4597 0.4297 0.4134 0.4458 0.4366 0.4158 0.4481 0.4342 0.4181 0.4551 0.4551 0.432 0.462 0.3433 0.3294 0.348 0.401 0.3779 0.3779 0.4333 0.4263 0.4057 0.4448 0.4541 0.4149 0.4356 0.461 0.4218 0.4471 0.4702 0.4333 0.4541 0.4956
0.0 1.0 1.0 0.6526 0.469 0.5187 0.0613 0.0697 0.1383 0.25 0.26 0.27 0.28 0.29 0.3 0.31 0.32 0.33 0.34 0.35 0.36 0.37 0.38 0.39 0.4 0.41 0.42 0.43 0.44 0.4982 0.5489 0.5489 0.5442 0.5903 0.6088 0.5834 0.5972 0.6387 0.5949 0.5972 0.6502 0.6041 0.5903 0.6479 0.6133 0.6041 0.6663 0.6294 0.611 0.3741 0.3579 0.3764 0.4366 0.4042 0.4019 0.4597 0.4297 0.4134 0.4458 0.4366 0.4158 0.4481 0.4342 0.4181 0.4551 0.4551 0.432 0.462 0.4829 0.3294 0.348 0.401 0.3779 0.3779 0.4333 0.4263 0.4057 0.4448 0.4541 0.4149 0.4356 0.461 0.4218 0.4471 0.4702 0.4333 0.4541 0.4956 0.4541
0.0 1.0 1.0 0.6249 0.5107 0.4771 0.238 0.0927 0.0073 0.26 0.27 0.28 0.29 0.3 0.31 0.32 0.33 0.34 0.35 0.36 0.37 0.38 0.39 0.4 0.41 0.42 0.43 0.44 0.45 0.5489 0.5489 0.5442 0.5903 0.6088 0.5834 0.5972 0.6387 0.5949 0.5972 0.6502 0.6041 0.5903 0.6479 0.6133 0.6041 0.6663 0.6294 0.611 0.6824 0.3579 0.3764 0.4366 0.4042 0.4019 0.4597 0.4297 0.4134 0.4458 0.4366 0.4158 0.4481 0.4342 0.4181 0.4551 0.4551 0.432 0.462 0.4829 0.4551 0.348 0.401 0.3779 0.3779 0.4333 0.4263 0.4057 0.4448 0.4541 0.4149 0.4356 0.461 0.4218 0.4471 0.4702 0.4333 0.4541 0.4956 0.4541 0.4563
0.0 1.0 1.0 0.6917 0.4806 0.4563 0.0993 0.0463 0.208 0.27 0.28 0.29 0.3 0.31 0.32 0.33 0.34 0.35 0.36 0.37 0.38 0.39 0.4 0.41 0.42 0.43 0.44 0.45 0.46 0.5489 0.5442 0.5903 0.6088 0.5834 0.5972 0.6387 0.5949 0.5972 0.6502 0.6041 0.5903 0.6479 0.6133 0.6041 0.6663 0.6294 0.611 0.6824 0.6526 0.3764 0.4366 0.4042 0.4019 0.4597 0.4297 0.4134 0.4458 0.4366 0.4158 0.4481 0.4342 0.4181 0.4551 0.4551 0.432 0.462 0.4829 0.4551 0.469 0.401 0.3779 0.3779 0.4333 0.4263 0.4057 0.4448 0.4541 0.4149 0.4356 0.461 0.4218 0.4471 0.4702 0.4333 0.4541 0.4956 0.4541 0.4563 0.5187
0.0 1.0 1.0 0.6824 0.4806 0.5324 0.0923 0.139 0.1387 0.28 0.29 0.3 0.31 0.32 0.33 0.34 0.35 0.36 0.37 0.38 0.39 0.4 0.41 0.42 0.43 0.44 0.45 0.46 0.47 0.5442 0.5903 0.6088 0.5834 0.5972 0.6387 0.5949 0.5972 0.6502 0.6041 0.5903 0.6479 0.6133 0.6041 0.6663 0.6294 0.611 0.6824 0.6526 0.6249 0.4366 0.4042 0.4019 0.4597 0.4297 0.4134 0.4458 0.4366 0.4158 0.4481 0.4342 0.4181 0.4551 0.4551 0.432 0.462 0.4829 0.4551 0.469 0.5107 0.3779 0.3779 0.4333 0.4263 0.4057 0.4448 0.4541 0.4149 0.4356 0.461 0.4218 0.4471 0.4702 0.4333 0.4541 0.4956 0.4541 0.4563 0.5187 0.4771
0.0 1.0 1.0 0.6433 0.5384 0.4979 0.2227 0.1003 0.0693 0.29 0.3 0.31 0.32 0.33 0.34 0.35 0.36 0.37 0.38 0.39 0.4 0.41 0.42 0.43 0.44 0.45 0.46 0.47 0.48 0.5903 0.6088 0.5834 0.5972 0.6387 0.5949 0.5972 0.6502 0.6041 0.5903 0.6479 0.6133 0.6041 0.6663 0.6294 0.611 0.6824 0.6526 0.6249 0.6917 0.4042 0.4019 0.4597 0.4297 0.4134 0.4458 0.4366 0.4158 0.4481 0.4342 0.4181 0.4551 0.4551 0.432 0.462 0.4829 0.4551 0.469 0.5107 0.4806 0.3779 0.4333 0.4263 0.4057 0.4448 0.4541 0.4149 0.4356 0.461 0.4218 0.4471 0.4702 0.4333 0.4541 0.4956 0.4541 0.4563 0.5187 0.4771 0.4563
0.0 1.0 1.0 0.6893 0.4991 0.4633 0.031 0.0 0.2537 0.3 0.31 0.32 0.33 0.34 0.35 0.36 0.37 0.38 0.39 0.4 0.41 0.42 0.43 0.44 0.45 0.46 0.47 0.48 0.49 0.6088 0.5834 0.5972 0.6387 0.5949 0.5972 0.6502 0.6041 0.5903 0.6479 0.6133 0.6041 0.6663 0.6294 0.611 0.6824 0.6526 0.6249 0.6917 0.6824 0.4019 0.4597 0.4297 0.4134 0.4458 0.4366 0.4158 0.4481 0.4342 0.4181 0.4551 0.4551 0.432 0.462 0.4829 0.4551 0.469 0.5107 0.4806 0.4806 0.4333 0.4263 0.4057 0.4448 0.4541 0.4149 0.4356 0.461 0.4218 0.4471 0.4702 0.4333 0.4541 0.4956 0.4541 0.4563 0.5187 0.4771 0.4563 0.5324
0.0 1.0 1.0 0.7009 0.4806 0.5279 0.1303 0.1927 0.115 0.31 0.32 0.33 0.34 0.35 0.36 0.37 0.38 0.39 0.4 0.41 0.42 0.43 0.44 0.45 0.46 0.47 0.48 0.49 0.5 0.5834 0.5972 0.6387 0.5949 0.5972 0.6502 0.6041 0.5903 0.6479 0.6133 0.6041 0.6663 0.6294 0.611 0.6824 0.6526 0.6249 0.6917 0.6824 0.6433 0.4597 0.4297 0.4134 0.4458 0.4366 0.4158 0.4481 0.4342 0.4181 0.4551 0.4551 0.432 0.462 0.4829 0.4551 0.469 0.5107 0.4806 0.4806 0.5384 0.4263 0.4057 0.4448 0.4541 0.4149 0.4356 0.461 0.4218 0.4471 0.4702 0.4333 0.4541 0.4956 0.4541 0.4563 0.5187 0.4771 0.4563 0.5324 0.4979
0.0 1.0 1.0 0.6526 0.5453 0.5048 0.1533 0.131 0.1153 0.32 0.33 0.34 0.35 0.36 0.37 0.38 0.39 0.4 0.41 0.42 0.43 0.44 0.45 0.46 0.47 0.48 0.49 0.5 0.51 0.5972 0.6387 0.5949 0.5972 0.6502 0.6041 0.5903 0.6479 0.6133 0.6041 0.6663 0.6294 0.611 0.6824 0.6526 0.6249 0.6917 0.6824 0.6433 0.6893 0.4297 0.4134 0.4458 0.4366 0.4158 0.4481 0.4342 0.4181 0.4551 0.4551 0.432 0.462 0.4829 0.4551 0.469 0.5107 0.4806 0.4806 0.5384 0.4991 0.4057 0.4448 0.4541 0.4149 0.4356 0.461 0.4218 0.4471 0.4702 0.4333 0.4541 0.4956 0.4541 0.4563 0.5187 0.4771 0.4563 0.5324 0.4979 0.4633
0.0 1.0 1.0 0.6663 0.5083 0.4679 0.0387 0.0617 0.2153 0.33 0.34 0.35 0.36 0.37 0.38 0.39 0.4 0.41 0.42 0.43 0.44 0.45 0.46 0.47 0.48 0.49 0.5 0.51 0.52 0.6387 0.5949 0.5972 0.6502 0.6041 0.5903 0.6479 0.6133 0.6041 0.6663 0.6294 0.611 0.6824 0.6526 0.6249 0.6917 0.6824 0.6433 0.6893 0.7009 0.4134 0.4458 0.4366 0.4158 0.4481 0.4342 0.4181 0.4551 0.4551 0.432 0.462 0.4829 0.4551 0.469 0.5107 0.4806 0.4806 0.5384 0.4991 0.4806 0.4448 0.4541 0.4149 0.4356 0.461 0.4218 0.4471 0.4702 0.4333 0.4541 0.4956 0.4541 0.4563 0.5187 0.4771 0.4563 0.5324 0.4979 0.4633 0.5279
0.0 1.0 1.0 0.7032 0.4759 0.5002 0.161 0.2157 0.077 0.34 0.35 0.36 0.37 0.38 0.39 0.4 0.41 0.42 0.43 0.44 0.45 0.46 0.47 0.48 0.49 0.5 0.51 0.52 0.53 0.5949 0.5972 0.6502 0.6041 0.5903 0.6479 0.6133 0.6041 0.6663 0.6294 0.611 0.6824 0.6526 0.6249 0.6917 0.6824 0.6433 0.6893 0.7009 0.6526 0.4458 0.4366 0.4158 0.4481 0.4342 0.4181 0.4551 0.4551 0.432 0.462 0.4829 0.4551 0.469 0.5107 0.4806 0.4806 0.5384 0.4991 0.4806 0.5453 0.4541 0.4149 0.4356 0.461 0.4218 0.4471 0.4702 0.4333 0.4541 0.4956 0.4541 0.4563 0.5187 0.4771 0.4563 0.5324 0.4979 0.4633 0.5279 0.5048
0.0 1.0 1.0 0.6548 0.5246 0.5094 0.0457 0.1233 0.123 0.35 0.36 0.37 0.38 0.39 0.4 0.41 0.42 0.43 0.44 0.45 0.46 0.47 0.48 0.49 0.5 0.51 0.52 0.53 0.54 0.5972 0.6502 0.6041 0.5903 0.6479 0.6133 0.6041 0.6663 0.6294 0.611 0.6824 0.6526 0.6249 0.6917 0.6824 0.6433 0.6893 0.7009 0.6526 0.6663 0.4366 0.4158 0.4481 0.4342 0.4181 0.4551 0.4551 0.432 0.462 0.4829 0.4551 0.469 0.5107 0.4806 0.4806 0.5384 0.4991 0.4806 0.5453 0.5083 0.4149 0.4356 0.461 0.4218 0.4471 0.4702 0.4333 0.4541 0.4956 0.4541 0.4563 0.5187 0.4771 0.4563 0.5324 0.4979 0.4633 0.5279 0.5048 0.4679
0.0 1.0 1.0 0.6318 0.513 0.4656 0.123 0.108 0.1077 0.36 0.37 0.38 0.39 0.4 0.41 0.42 0.43 0.44 0.45 0.46 0.47 0.48 0.49 0.5 0.51 0.52 0.53 0.54 0.55 0.6502 0.6041 0.5903 0.6479 0.6133 0.6041 0.6663 0.6294 0.611 0.6824 0.6526 0.6249 0.6917 0.6824 0.6433 0.6893 0.7009 0.6526 0.6663 0.7032 0.4158 0.4481 0.4342 0.4181 0.4551 0.4551 0.432 0.462 0.4829 0.4551 0.469 0.5107 0.4806 0.4806 0.5384 0.4991 0.4806 0.5453 0.5083 0.4759 0.4356 0.461 0.4218 0.4471 0.4702 0.4333 0.4541 0.4956 0.4541 0.4563 0.5187 0.4771 0.4563 0.5324 0.4979 0.4633 0.5279 0.5048 0.4679 0.5002
0.0 1.0 1.0 0.6986 0.4736 0.4702 0.1613 0.1623 0.0307 0.37 0.38 0.39 0.4 0.41 0.42 0.43 0.44 0.45 0.46 0.47 0.48 0.49 0.5 0.51 0.52 0.53 0.54 0.55 0.56 0.6041 0.5903 0.6479 0.6133 0.6041 0.6663 0.6294 0.611 0.6824 0.6526 0.6249 0.6917 0.6824 0.6433 0.6893 0.7009 0.6526 0.6663 0.7032 0.6548 0.4481 0.4342 0.4181 0.4551 0.4551 0.432 0.462 0.4829 0.4551 0.469 0.5107 0.4806 0.4806 0.5384 0.4991 0.4806 0.5453 0.5083 0.4759 0.5246 0.461 0.4218 0.4471 0.4702 0.4333 0.4541 0.4956 0.4541 0.4563 0.5187 0.4771 0.4563 0.5324 0.4979 0.4633 0.5279 0.5048 0.4679 0.5002 0.5094
0.0 1.0 1.0 0.6548 0.5037 0.5002 0.0767 0.0387 0.146 0.38 0.39 0.4 0.41 0.42 0.43 0.44 0.45 0.46 0.47 0.48 0.49 0.5 0.51 0.52 0.53 0.54 0.55 0.56 0.57 0.5903 0.6479 0.6133 0.6041 0.6663 0.6294 0.611 0.6824 0.6526 0.6249 0.6917 0.6824 0.6433 0.6893 0.7009 0.6526 0.6663 0.7032 0.6548 0.6318 0.4342 0.4181 0.4551 0.4551 0.432 0.462 0.4829 0.4551 0.469 0.5107 0.4806 0.4806 0.5384 0.4991 0.4806 0.5453 0.5083 0.4759 0.5246 0.513 0.4218 0.4471 0.4702 0.4333 0.4541 0.4956 0.4541 0.4563 0.5187 0.4771 0.4563 0.5324 0.4979 0.4633 0.5279 0.5048 0.4679 0.5002 0.5094 0.4656
0.0 1.0 1.0 0.6202 0.513 0.4633 0.2227 0.1313 0.0153 0.39 0.4 0.41 0.42 0.43 0.44 0.45 0.46 0.47 0.48 0.49 0.5 0.51 0.52 0.53 0.54 0.55 0.56 0.57 0.58 0.6479 0.6133 0.6041 0.6663 0.6294 0.611 0.6824 0.6526 0.6249 0.6917 0.6824 0.6433 0.6893 0.7009 0.6526 0.6663 0.7032 0.6548 0.6318 0.6986 0.4181 0.4551 0.4551 0.432 0.462 0.4829 0.4551 0.469 0.5107 0.4806 0.4806 0.5384 0.4991 0.4806 0.5453 0.5083 0.4759 0.5246 0.513 0.4736 0.4471 0.4702 0.4333 0.4541 0.4956 0.4541 0.4563 0.5187 0.4771 0.4563 0.5324 0.4979 0.4633 0.5279 0.5048 0.4679 0.5002 0.5094 0.4656 0.4702
0.0 1.0 1.0 0.6594 0.4759 0.4356 0.146 0.1003 0.1 0.4 0.41 0.42 0.43 0.44 0.45 0.46 0.47 0.48 0.49 0.5 0.51 0.52 0.53 0.54 0.55 0.56 0.57 0.58 0.59 0.6133 0.6041 0.6663 0.6294 0.611 0.6824 0.6526 0.6249 0.6917 0.6824 0.6433 0.6893 0.7009 0.6526 0.6663 0.7032 0.6548 0.6318 0.6986 0.6548 0.4551 0.4551 0.432 0.462 0.4829 0.4551 0.469 0.5107 0.4806 0.4806 0.5384 0.4991 0.4806 0.5453 0.5083 0.4759 0.5246 0.513 0.4736 0.5037 0.4702 0.4333 0.4541 0.4956 0.4541 0.4563 0.5187 0.4771 0.4563 0.5324 0.4979 0.4633 0.5279 0.5048 0.4679 0.5002 0.5094 0.4656 0.4702 0.5002
0.0 1.0 1.0 0.6387 0.4667 0.491 0.1153 0.031 0.123 0.41 0.42 0.43 0.44 0.45 0.46 0.47 0.48 0.49 0.5 0.51 0.52 0.53 0.54 0.55 0.56 0.57 0.58 0.59 0.6 0.6041 0.6663 0.6294 0.611 0.6824 0.6526 0.6249 0.6917 0.6824 0.6433 0.6893 0.7009 0.6526 0.6663 0.7032 0.6548 0.6318 0.6986 0.6548 0.6202 0.4551 0.432 0.462 0.4829 0.4551 0.469 0.5107 0.4806 0.4806 0.5384 0.4991 0.4806 0.5453 0.5083 0.4759 0.5246 0.513 0.4736 0.5037 0.513 0.4333 0.4541 0.4956 0.4541 0.4563 0.5187 0.4771 0.4563 0.5324 0.4979 0.4633 0.5279 0.5048 0.4679 0.5002 0.5094 0.4656 0.4702 0.5002 0.4633
0.0 1.0 1.0 0.6088 0.5037 0.4587 0.1307 0.1237 0.0923 0.42 0.43 0.44 0.45 0.46 0.47 0.48 0.49 0.5 0.51 0.52 0.53 0.54 0.55 0.56 0.57 0.58 0.59 0.6 0.61 0.6663 0.6294 0.611 0.6824 0.6526 0.6249 0.6917 0.6824 0.6433 0.6893 0.7009 0.6526 0.6663 0.7032 0.6548 0.6318 0.6986 0.6548 0.6202 0.6594 0.432 0.462 0.4829 0.4551 0.469 0.5107 0.4806 0.4806 0.5384 0.4991 0.4806 0.5453 0.5083 0.4759 0.5246 0.513 0.4736 0.5037 0.513 0.4759 0.4541 0.4956 0.4541 0.4563 0.5187 0.4771 0.4563 0.5324 0.4979 0.4633 0.5279 0.5048 0.4679 0.5002 0.5094 0.4656 0.4702 0.5002 0.4633 0.4356
