0.0077 0.5378 1.0 0.5331 0.5217 0.5262 0.5101 0.4986 0.4963 0.4848 0.471 0.4663 0.4549 0.4433 0.4364 0.4296 0.418 0.4133 0.4064 0.4341 0.5124 0.4848 0.4871 0.3876 0.3783 0.3598 0.3574 0.3506 0.3343 0.3273 0.3204 0.3089 0.2996 0.2903 0.2811 0.2718 0.2672 0.2579 0.2649 0.2741 0.2626 0.3343 0.3367 0.3919 0.3712 0.3666 0.3642 0.3481 0.3366 0.3366 0.3204 0.3112 0.3043 0.2928 0.2836 0.2789 0.2697 0.2604 0.2559 0.2489 0.3112 0.3481 0.3204
0.2763 0.5193 1.0 0.5217 0.5262 0.5101 0.4986 0.4963 0.4848 0.471 0.4663 0.4549 0.4433 0.4364 0.4296 0.418 0.4133 0.4064 0.4341 0.5124 0.4848 0.4871 0.57 0.3783 0.3598 0.3574 0.3506 0.3343 0.3273 0.3204 0.3089 0.2996 0.2903 0.2811 0.2718 0.2672 0.2579 0.2649 0.2741 0.2626 0.3343 0.3367 0.3158 0.3712 0.3666 0.3642 0.3481 0.3366 0.3366 0.3204 0.3112 0.3043 0.2928 0.2836 0.2789 0.2697 0.2604 0.2559 0.2489 0.3112 0.3481 0.3204 0.3528
0.1073 0.6092 1.0 0.5262 0.5101 0.4986 0.4963 0.4848 0.471 0.4663 0.4549 0.4433 0.4364 0.4296 0.418 0.4133 0.4064 0.4341 0.5124 0.4848 0.4871 0.57 0.5378 0.3598 0.3574 0.3506 0.3343 0.3273 0.3204 0.3089 0.2996 0.2903 0.2811 0.2718 0.2672 0.2579 0.2649 0.2741 0.2626 0.3343 0.3367 0.3158 0.3667 0.3666 0.3642 0.3481 0.3366 0.3366 0.3204 0.3112 0.3043 0.2928 0.2836 0.2789 0.2697 0.2604 0.2559 0.2489 0.3112 0.3481 0.3204 0.3528 0.4012
0.0617 0.5792 1.0 0.5101 0.4986 0.4963 0.4848 0.471 0.4663 0.4549 0.4433 0.4364 0.4296 0.418 0.4133 0.4064 0.4341 0.5124 0.4848 0.4871 0.57 0.5378 0.5193 0.3574 0.3506 0.3343 0.3273 0.3204 0.3089 0.2996 0.2903 0.2811 0.2718 0.2672 0.2579 0.2649 0.2741 0.2626 0.3343 0.3367 0.3158 0.3667 0.3852 0.3642 0.3481 0.3366 0.3366 0.3204 0.3112 0.3043 0.2928 0.2836 0.2789 0.2697 0.2604 0.2559 0.2489 0.3112 0.3481 0.3204 0.3528 0.4012 0.362
0.2997 0.547 1.0 0.4986 0.4963 0.4848 0.471 0.4663 0.4549 0.4433 0.4364 0.4296 0.418 0.4133 0.4064 0.4341 0.5124 0.4848 0.4871 0.57 0.5378 0.5193 0.6092 0.3506 0.3343 0.3273 0.3204 0.3089 0.2996 0.2903 0.2811 0.2718 0.2672 0.2579 0.2649 0.2741 0.2626 0.3343 0.3367 0.3158 0.3667 0.3852 0.3574 0.3481 0.3366 0.3366 0.3204 0.3112 0.3043 0.2928 0.2836 0.2789 0.2697 0.2604 0.2559 0.2489 0.3112 0.3481 0.3204 0.3528 0.4012 0.362 0.3642
0.1 0.623 1.0 0.4963 0.4848 0.471 0.4663 0.4549 0.4433 0.4364 0.4296 0.418 0.4133 0.4064 0.4341 0.5124 0.4848 0.4871 0.57 0.5378 0.5193 0.6092 0.5792 0.3343 0.3273 0.3204 0.3089 0.2996 0.2903 0.2811 0.2718 0.2672 0.2579 0.2649 0.2741 0.2626 0.3343 0.3367 0.3158 0.3667 0.3852 0.3574 0.3829 0.3366 0.3366 0.3204 0.3112 0.3043 0.2928 0.2836 0.2789 0.2697 0.2604 0.2559 0.2489 0.3112 0.3481 0.3204 0.3528 0.4012 0.362 0.3642 0.4403
0.1073 0.6183 1.0 0.4848 0.471 0.4663 0.4549 0.4433 0.4364 0.4296 0.418 0.4133 0.4064 0.4341 0.5124 0.4848 0.4871 0.57 0.5378 0.5193 0.6092 0.5792 0.547 0.3273 0.3204 0.3089 0.2996 0.2903 0.2811 0.2718 0.2672 0.2579 0.2649 0.2741 0.2626 0.3343 0.3367 0.3158 0.3667 0.3852 0.3574 0.3829 0.4269 0.3366 0.3204 0.3112 0.3043 0.2928 0.2836 0.2789 0.2697 0.2604 0.2559 0.2489 0.3112 0.3481 0.3204 0.3528 0.4012 0.362 0.3642 0.4403 0.3966
0.2533 0.5792 1.0 0.471 0.4663 0.4549 0.4433 0.4364 0.4296 0.418 0.4133 0.4064 0.4341 0.5124 0.4848 0.4871 0.57 0.5378 0.5193 0.6092 0.5792 0.547 0.623 0.3204 0.3089 0.2996 0.2903 0.2811 0.2718 0.2672 0.2579 0.2649 0.2741 0.2626 0.3343 0.3367 0.3158 0.3667 0.3852 0.3574 0.3829 0.4269 0.3944 0.3204 0.3112 0.3043 0.2928 0.2836 0.2789 0.2697 0.2604 0.2559 0.2489 0.3112 0.3481 0.3204 0.3528 0.4012 0.362 0.3642 0.4403 0.3966 0.3781
0.0157 0.6253 1.0 0.4663 0.4549 0.4433 0.4364 0.4296 0.418 0.4133 0.4064 0.4341 0.5124 0.4848 0.4871 0.57 0.5378 0.5193 0.6092 0.5792 0.547 0.623 0.6183 0.3089 0.2996 0.2903 0.2811 0.2718 0.2672 0.2579 0.2649 0.2741 0.2626 0.3343 0.3367 0.3158 0.3667 0.3852 0.3574 0.3829 0.4269 0.3944 0.3944 0.3112 0.3043 0.2928 0.2836 0.2789 0.2697 0.2604 0.2559 0.2489 0.3112 0.3481 0.3204 0.3528 0.4012 0.362 0.3642 0.4403 0.3966 0.3781 0.4589
0.1303 0.6576 1.0 0.4549 0.4433 0.4364 0.4296 0.418 0.4133 0.4064 0.4341 0.5124 0.4848 0.4871 0.57 0.5378 0.5193 0.6092 0.5792 0.547 0.623 0.6183 0.5792 0.2996 0.2903 0.2811 0.2718 0.2672 0.2579 0.2649 0.2741 0.2626 0.3343 0.3367 0.3158 0.3667 0.3852 0.3574 0.3829 0.4269 0.3944 0.3944 0.4639 0.3043 0.2928 0.2836 0.2789 0.2697 0.2604 0.2559 0.2489 0.3112 0.3481 0.3204 0.3528 0.4012 0.362 0.3642 0.4403 0.3966 0.3781 0.4589 0.4289
0.1537 0.6183 1.0 0.4433 0.4364 0.4296 0.418 0.4133 0.4064 0.4341 0.5124 0.4848 0.4871 0.57 0.5378 0.5193 0.6092 0.5792 0.547 0.623 0.6183 0.5792 0.6253 0.2903 0.2811 0.2718 0.2672 0.2579 0.2649 0.2741 0.2626 0.3343 0.3367 0.3158 0.3667 0.3852 0.3574 0.3829 0.4269 0.3944 0.3944 0.4639 0.4269 0.2928 0.2836 0.2789 0.2697 0.2604 0.2559 0.2489 0.3112 0.3481 0.3204 0.3528 0.4012 0.362 0.3642 0.4403 0.3966 0.3781 0.4589 0.4289 0.4012
0.1077 0.6207 1.0 0.4364 0.4296 0.418 0.4133 0.4064 0.4341 0.5124 0.4848 0.4871 0.57 0.5378 0.5193 0.6092 0.5792 0.547 0.623 0.6183 0.5792 0.6253 0.6576 0.2811 0.2718 0.2672 0.2579 0.2649 0.2741 0.2626 0.3343 0.3367 0.3158 0.3667 0.3852 0.3574 0.3829 0.4269 0.3944 0.3944 0.4639 0.4269 0.413 0.2836 0.2789 0.2697 0.2604 0.2559 0.2489 0.3112 0.3481 0.3204 0.3528 0.4012 0.362 0.3642 0.4403 0.3966 0.3781 0.4589 0.4289 0.4012 0.4634
0.131 0.6829 1.0 0.4296 0.418 0.4133 0.4064 0.4341 0.5124 0.4848 0.4871 0.57 0.5378 0.5193 0.6092 0.5792 0.547 0.623 0.6183 0.5792 0.6253 0.6576 0.6183 0.2718 0.2672 0.2579 0.2649 0.2741 0.2626 0.3343 0.3367 0.3158 0.3667 0.3852 0.3574 0.3829 0.4269 0.3944 0.3944 0.4639 0.4269 0.413 0.4893 0.2789 0.2697 0.2604 0.2559 0.2489 0.3112 0.3481 0.3204 0.3528 0.4012 0.362 0.3642 0.4403 0.3966 0.3781 0.4589 0.4289 0.4012 0.4634 0.4634
0.008 0.6483 1.0 0.418 0.4133 0.4064 0.4341 0.5124 0.4848 0.4871 0.57 0.5378 0.5193 0.6092 0.5792 0.547 0.623 0.6183 0.5792 0.6253 0.6576 0.6183 0.6207 0.2672 0.2579 0.2649 0.2741 0.2626 0.3343 0.3367 0.3158 0.3667 0.3852 0.3574 0.3829 0.4269 0.3944 0.3944 0.4639 0.4269 0.413 0.4893 0.4662 0.2697 0.2604 0.2559 0.2489 0.3112 0.3481 0.3204 0.3528 0.4012 0.362 0.3642 0.4403 0.3966 0.3781 0.4589 0.4289 0.4012 0.4634 0.4634 0.4358
0.2073 0.6322 1.0 0.4133 0.4064 0.4341 0.5124 0.4848 0.4871 0.57 0.5378 0.5193 0.6092 0.5792 0.547 0.623 0.6183 0.5792 0.6253 0.6576 0.6183 0.6207 0.6829 0.2579 0.2649 0.2741 0.2626 0.3343 0.3367 0.3158 0.3667 0.3852 0.3574 0.3829 0.4269 0.3944 0.3944 0.4639 0.4269 0.413 0.4893 0.4662 0.4431 0.2604 0.2559 0.2489 0.3112 0.3481 0.3204 0.3528 0.4012 0.362 0.3642 0.4403 0.3966 0.3781 0.4589 0.4289 0.4012 0.4634 0.4634 0.4358 0.4658
0.1153 0.6829 1.0 0.4064 0.4341 0.5124 0.4848 0.4871 0.57 0.5378 0.5193 0.6092 0.5792 0.547 0.623 0.6183 0.5792 0.6253 0.6576 0.6183 0.6207 0.6829 0.6483 0.2649 0.2741 0.2626 0.3343 0.3367 0.3158 0.3667 0.3852 0.3574 0.3829 0.4269 0.3944 0.3944 0.4639 0.4269 0.413 0.4893 0.4662 0.4431 0.494 0.2559 0.2489 0.3112 0.3481 0.3204 0.3528 0.4012 0.362 0.3642 0.4403 0.3966 0.3781 0.4589 0.4289 0.4012 0.4634 0.4634 0.4358 0.4658 0.4911
0.0537 0.6668 1.0 0.4341 0.5124 0.4848 0.4871 0.57 0.5378 0.5193 0.6092 0.5792 0.547 0.623 0.6183 0.5792 0.6253 0.6576 0.6183 0.6207 0.6829 0.6483 0.6322 0.2741 0.2626 0.3343 0.3367 0.3158 0.3667 0.3852 0.3574 0.3829 0.4269 0.3944 0.3944 0.4639 0.4269 0.413 0.4893 0.4662 0.4431 0.494 0.5032 0.2489 0.3112 0.3481 0.3204 0.3528 0.4012 0.362 0.3642 0.4403 0.3966 0.3781 0.4589 0.4289 0.4012 0.4634 0.4634 0.4358 0.4658 0.4911 0.4589
0.169 0.6529 1.0 0.5124 0.4848 0.4871 0.57 0.5378 0.5193 0.6092 0.5792 0.547 0.623 0.6183 0.5792 0.6253 0.6576 0.6183 0.6207 0.6829 0.6483 0.6322 0.6829 0.2626 0.3343 0.3367 0.3158 0.3667 0.3852 0.3574 0.3829 0.4269 0.3944 0.3944 0.4639 0.4269 0.413 0.4893 0.4662 0.4431 0.494 0.5032 0.4732 0.3112 0.3481 0.3204 0.3528 0.4012 0.362 0.3642 0.4403 0.3966 0.3781 0.4589 0.4289 0.4012 0.4634 0.4634 0.4358 0.4658 0.4911 0.4589 0.4658
0.0537 0.6921 1.0 0.4848 0.4871 0.57 0.5378 0.5193 0.6092 0.5792 0.547 0.623 0.6183 0.5792 0.6253 0.6576 0.6183 0.6207 0.6829 0.6483 0.6322 0.6829 0.6668 0.3343 0.3367 0.3158 0.3667 0.3852 0.3574 0.3829 0.4269 0.3944 0.3944 0.4639 0.4269 0.413 0.4893 0.4662 0.4431 0.494 0.5032 0.4732 0.4893 0.3481 0.3204 0.3528 0.4012 0.362 0.3642 0.4403 0.3966 0.3781 0.4589 0.4289 0.4012 0.4634 0.4634 0.4358 0.4658 0.4911 0.4589 0.4658 0.5211
0.0463 0.7174 1.0 0.4871 0.57 0.5378 0.5193 0.6092 0.5792 0.547 0.623 0.6183 0.5792 0.6253 0.6576 0.6183 0.6207 0.6829 0.6483 0.6322 0.6829 0.6668 0.6529 0.3367 0.3158 0.3667 0.3852 0.3574 0.3829 0.4269 0.3944 0.3944 0.4639 0.4269 0.413 0.4893 0.4662 0.4431 0.494 0.5032 0.4732 0.4893 0.5472 0.3204 0.3528 0.4012 0.362 0.3642 0.4403 0.3966 0.3781 0.4589 0.4289 0.4012 0.4634 0.4634 0.4358 0.4658 0.4911 0.4589 0.4658 0.5211 0.4911
0.1307 0.6898 1.0 0.57 0.5378 0.5193 0.6092 0.5792 0.547 0.623 0.6183 0.5792 0.6253 0.6576 0.6183 0.6207 0.6829 0.6483 0.6322 0.6829 0.6668 0.6529 0.6921 0.3158 0.3667 0.3852 0.3574 0.3829 0.4269 0.3944 0.3944 0.4639 0.4269 0.413 0.4893 0.4662 0.4431 0.494 0.5032 0.4732 0.4893 0.5472 0.5171 0.3528 0.4012 0.362 0.3642 0.4403 0.3966 0.3781 0.4589 0.4289 0.4012 0.4634 0.4634 0.4358 0.4658 0.4911 0.4589 0.4658 0.5211 0.4911 0.4888
0.0843 0.699 1.0 0.5378 0.5193 0.6092 0.5792 0.547 0.623 0.6183 0.5792 0.6253 0.6576 0.6183 0.6207 0.6829 0.6483 0.6322 0.6829 0.6668 0.6529 0.6921 0.7174 0.3667 0.3852 0.3574 0.3829 0.4269 0.3944 0.3944 0.4639 0.4269 0.413 0.4893 0.4662 0.4431 0.494 0.5032 0.4732 0.4893 0.5472 0.5171 0.5148 0.4012 0.362 0.3642 0.4403 0.3966 0.3781 0.4589 0.4289 0.4012 0.4634 0.4634 0.4358 0.4658 0.4911 0.4589 0.4658 0.5211 0.4911 0.4888 0.5258
0.092 0.7589 1.0 0.5193 0.6092 0.5792 0.547 0.623 0.6183 0.5792 0.6253 0.6576 0.6183 0.6207 0.6829 0.6483 0.6322 0.6829 0.6668 0.6529 0.6921 0.7174 0.6898 0.3852 0.3574 0.3829 0.4269 0.3944 0.3944 0.4639 0.4269 0.413 0.4893 0.4662 0.4431 0.494 0.5032 0.4732 0.4893 0.5472 0.5171 0.5148 0.5727 0.362 0.3642 0.4403 0.3966 0.3781 0.4589 0.4289 0.4012 0.4634 0.4634 0.4358 0.4658 0.4911 0.4589 0.4658 0.5211 0.4911 0.4888 0.5258 0.5396
0.0307 0.7336 1.0 0.6092 0.5792 0.547 0.623 0.6183 0.5792 0.6253 0.6576 0.6183 0.6207 0.6829 0.6483 0.6322 0.6829 0.6668 0.6529 0.6921 0.7174 0.6898 0.699 0.3574 0.3829 0.4269 0.3944 0.3944 0.4639 0.4269 0.413 0.4893 0.4662 0.4431 0.494 0.5032 0.4732 0.4893 0.5472 0.5171 0.5148 0.5727 0.5588 0.3642 0.4403 0.3966 0.3781 0.4589 0.4289 0.4012 0.4634 0.4634 0.4358 0.4658 0.4911 0.4589 0.4658 0.5211 0.4911 0.4888 0.5258 0.5396 0.5258
0.1997 0.722 1.0 0.5792 0.547 0.623 0.6183 0.5792 0.6253 0.6576 0.6183 0.6207 0.6829 0.6483 0.6322 0.6829 0.6668 0.6529 0.6921 0.7174 0.6898 0.699 0.7589 0.3829 0.4269 0.3944 0.3944 0.4639 0.4269 0.413 0.4893 0.4662 0.4431 0.494 0.5032 0.4732 0.4893 0.5472 0.5171 0.5148 0.5727 0.5588 0.5472 0.4403 0.3966 0.3781 0.4589 0.4289 0.4012 0.4634 0.4634 0.4358 0.4658 0.4911 0.4589 0.4658 0.5211 0.4911 0.4888 0.5258 0.5396 0.5258 0.5511
0.0843 0.7866 1.0 0.547 0.623 0.6183 0.5792 0.6253 0.6576 0.6183 0.6207 0.6829 0.6483 0.6322 0.6829 0.6668 0.6529 0.6921 0.7174 0.6898 0.699 0.7589 0.7336 0.4269 0.3944 0.3944 0.4639 0.4269 0.413 0.4893 0.4662 0.4431 0.494 0.5032 0.4732 0.4893 0.5472 0.5171 0.5148 0.5727 0.5588 0.5472 0.5773 0.3966 0.3781 0.4589 0.4289 0.4012 0.4634 0.4634 0.4358 0.4658 0.4911 0.4589 0.4658 0.5211 0.4911 0.4888 0.5258 0.5396 0.5258 0.5511 0.6019
0.0387 0.7704 1.0 0.623 0.6183 0.5792 0.6253 0.6576 0.6183 0.6207 0.6829 0.6483 0.6322 0.6829 0.6668 0.6529 0.6921 0.7174 0.6898 0.699 0.7589 0.7336 0.722 0.3944 0.3944 0.4639 0.4269 0.413 0.4893 0.4662 0.4431 0.494 0.5032 0.4732 0.4893 0.5472 0.5171 0.5148 0.5727 0.5588 0.5472 0.5773 0.6051 0.3781 0.4589 0.4289 0.4012 0.4634 0.4634 0.4358 0.4658 0.4911 0.4589 0.4658 0.5211 0.4911 0.4888 0.5258 0.5396 0.5258 0.5511 0.6019 0.5649
0.2153 0.7497 1.0 0.6183 0.5792 0.6253 0.6576 0.6183 0.6207 0.6829 0.6483 0.6322 0.6829 0.6668 0.6529 0.6921 0.7174 0.6898 0.699 0.7589 0.7336 0.722 0.7866 0.3944 0.4639 0.4269 0.413 0.4893 0.4662 0.4431 0.494 0.5032 0.4732 0.4893 0.5472 0.5171 0.5148 0.5727 0.5588 0.5472 0.5773 0.6051 0.575 0.4589 0.4289 0.4012 0.4634 0.4634 0.4358 0.4658 0.4911 0.4589 0.4658 0.5211 0.4911 0.4888 0.5258 0.5396 0.5258 0.5511 0.6019 0.5649 0.5649
0.054 0.7934 1.0 0.5792 0.6253 0.6576 0.6183 0.6207 0.6829 0.6483 0.6322 0.6829 0.6668 0.6529 0.6921 0.7174 0.6898 0.699 0.7589 0.7336 0.722 0.7866 0.7704 0.4639 0.4269 0.413 0.4893 0.4662 0.4431 0.494 0.5032 0.4732 0.4893 0.5472 0.5171 0.5148 0.5727 0.5588 0.5472 0.5773 0.6051 0.575 0.5842 0.4289 0.4012 0.4634 0.4634 0.4358 0.4658 0.4911 0.4589 0.4658 0.5211 0.4911 0.4888 0.5258 0.5396 0.5258 0.5511 0.6019 0.5649 0.5649 0.6319
0.069 0.7866 1.0 0.6253 0.6576 0.6183 0.6207 0.6829 0.6483 0.6322 0.6829 0.6668 0.6529 0.6921 0.7174 0.6898 0.699 0.7589 0.7336 0.722 0.7866 0.7704 0.7497 0.4269 0.413 0.4893 0.4662 0.4431 0.494 0.5032 0.4732 0.4893 0.5472 0.5171 0.5148 0.5727 0.5588 0.5472 0.5773 0.6051 0.575 0.5842 0.6236 0.4012 0.4634 0.4634 0.4358 0.4658 0.4911 0.4589 0.4658 0.5211 0.4911 0.4888 0.5258 0.5396 0.5258 0.5511 0.6019 0.5649 0.5649 0.6319 0.5927
0.1457 0.7589 1.0 0.6576 0.6183 0.6207 0.6829 0.6483 0.6322 0.6829 0.6668 0.6529 0.6921 0.7174 0.6898 0.699 0.7589 0.7336 0.722 0.7866 0.7704 0.7497 0.7934 0.413 0.4893 0.4662 0.4431 0.494 0.5032 0.4732 0.4893 0.5472 0.5171 0.5148 0.5727 0.5588 0.5472 0.5773 0.6051 0.575 0.5842 0.6236 0.5866 0.4634 0.4634 0.4358 0.4658 0.4911 0.4589 0.4658 0.5211 0.4911 0.4888 0.5258 0.5396 0.5258 0.5511 0.6019 0.5649 0.5649 0.6319 0.5927 0.5788
0.0227 0.7934 1.0 0.6183 0.6207 0.6829 0.6483 0.6322 0.6829 0.6668 0.6529 0.6921 0.7174 0.6898 0.699 0.7589 0.7336 0.722 0.7866 0.7704 0.7497 0.7934 0.7866 0.4893 0.4662 0.4431 0.494 0.5032 0.4732 0.4893 0.5472 0.5171 0.5148 0.5727 0.5588 0.5472 0.5773 0.6051 0.575 0.5842 0.6236 0.5866 0.582 0.4634 0.4358 0.4658 0.4911 0.4589 0.4658 0.5211 0.4911 0.4888 0.5258 0.5396 0.5258 0.5511 0.6019 0.5649 0.5649 0.6319 0.5927 0.5788 0.6364
0.0923 0.7934 1.0 0.6207 0.6829 0.6483 0.6322 0.6829 0.6668 0.6529 0.6921 0.7174 0.6898 0.699 0.7589 0.7336 0.722 0.7866 0.7704 0.7497 0.7934 0.7866 0.7589 0.4662 0.4431 0.494 0.5032 0.4732 0.4893 0.5472 0.5171 0.5148 0.5727 0.5588 0.5472 0.5773 0.6051 0.575 0.5842 0.6236 0.5866 0.582 0.619 0.4358 0.4658 0.4911 0.4589 0.4658 0.5211 0.4911 0.4888 0.5258 0.5396 0.5258 0.5511 0.6019 0.5649 0.5649 0.6319 0.5927 0.5788 0.6364 0.5996
0.115 0.7612 1.0 0.6829 0.6483 0.6322 0.6829 0.6668 0.6529 0.6921 0.7174 0.6898 0.699 0.7589 0.7336 0.722 0.7866 0.7704 0.7497 0.7934 0.7866 0.7589 0.7934 0.4431 0.494 0.5032 0.4732 0.4893 0.5472 0.5171 0.5148 0.5727 0.5588 0.5472 0.5773 0.6051 0.575 0.5842 0.6236 0.5866 0.582 0.619 0.5889 0.4658 0.4911 0.4589 0.4658 0.5211 0.4911 0.4888 0.5258 0.5396 0.5258 0.5511 0.6019 0.5649 0.5649 0.6319 0.5927 0.5788 0.6364 0.5996 0.5788
0.0 0.8027 1.0 0.6483 0.6322 0.6829 0.6668 0.6529 0.6921 0.7174 0.6898 0.699 0.7589 0.7336 0.722 0.7866 0.7704 0.7497 0.7934 0.7866 0.7589 0.7934 0.7934 0.494 0.5032 0.4732 0.4893 0.5472 0.5171 0.5148 0.5727 0.5588 0.5472 0.5773 0.6051 0.575 0.5842 0.6236 0.5866 0.582 0.619 0.5889 0.5866 0.4911 0.4589 0.4658 0.5211 0.4911 0.4888 0.5258 0.5396 0.5258 0.5511 0.6019 0.5649 0.5649 0.6319 0.5927 0.5788 0.6364 0.5996 0.5788 0.6249
0.1073 0.7797 1.0 0.6322 0.6829 0.6668 0.6529 0.6921 0.7174 0.6898 0.699 0.7589 0.7336 0.722 0.7866 0.7704 0.7497 0.7934 0.7866 0.7589 0.7934 0.7934 0.7612 0.5032 0.4732 0.4893 0.5472 0.5171 0.5148 0.5727 0.5588 0.5472 0.5773 0.6051 0.575 0.5842 0.6236 0.5866 0.582 0.619 0.5889 0.5866 0.6167 0.4589 0.4658 0.5211 0.4911 0.4888 0.5258 0.5396 0.5258 0.5511 0.6019 0.5649 0.5649 0.6319 0.5927 0.5788 0.6364 0.5996 0.5788 0.6249 0.5972
0.1383 0.7543 1.0 0.6829 0.6668 0.6529 0.6921 0.7174 0.6898 0.699 0.7589 0.7336 0.722 0.7866 0.7704 0.7497 0.7934 0.7866 0.7589 0.7934 0.7934 0.7612 0.8027 0.4732 0.4893 0.5472 0.5171 0.5148 0.5727 0.5588 0.5472 0.5773 0.6051 0.575 0.5842 0.6236 0.5866 0.582 0.619 0.5889 0.5866 0.6167 0.5889 0.4658 0.5211 0.4911 0.4888 0.5258 0.5396 0.5258 0.5511 0.6019 0.5649 0.5649 0.6319 0.5927 0.5788 0.6364 0.5996 0.5788 0.6249 0.5972 0.5834
0.0767 0.8003 1.0 0.6668 0.6529 0.6921 0.7174 0.6898 0.699 0.7589 0.7336 0.722 0.7866 0.7704 0.7497 0.7934 0.7866 0.7589 0.7934 0.7934 0.7612 0.8027 0.7797 0.4893 0.5472 0.5171 0.5148 0.5727 0.5588 0.5472 0.5773 0.6051 0.575 0.5842 0.6236 0.5866 0.582 0.619 0.5889 0.5866 0.6167 0.5889 0.5889 0.5211 0.4911 0.4888 0.5258 0.5396 0.5258 0.5511 0.6019 0.5649 0.5649 0.6319 0.5927 0.5788 0.6364 0.5996 0.5788 0.6249 0.5972 0.5834 0.6411
0.0847 0.7934 1.0 0.6529 0.6921 0.7174 0.6898 0.699 0.7589 0.7336 0.722 0.7866 0.7704 0.7497 0.7934 0.7866 0.7589 0.7934 0.7934 0.7612 0.8027 0.7797 0.7543 0.5472 0.5171 0.5148 0.5727 0.5588 0.5472 0.5773 0.6051 0.575 0.5842 0.6236 0.5866 0.582 0.619 0.5889 0.5866 0.6167 0.5889 0.5889 0.612 0.4911 0.4888 0.5258 0.5396 0.5258 0.5511 0.6019 0.5649 0.5649 0.6319 0.5927 0.5788 0.6364 0.5996 0.5788 0.6249 0.5972 0.5834 0.6411 0.6111
0.1533 0.7658 1.0 0.6921 0.7174 0.6898 0.699 0.7589 0.7336 0.722 0.7866 0.7704 0.7497 0.7934 0.7866 0.7589 0.7934 0.7934 0.7612 0.8027 0.7797 0.7543 0.8003 0.5171 0.5148 0.5727 0.5588 0.5472 0.5773 0.6051 0.575 0.5842 0.6236 0.5866 0.582 0.619 0.5889 0.5866 0.6167 0.5889 0.5889 0.612 0.5912 0.4888 0.5258 0.5396 0.5258 0.5511 0.6019 0.5649 0.5649 0.6319 0.5927 0.5788 0.6364 0.5996 0.5788 0.6249 0.5972 0.5834 0.6411 0.6111 0.5996
0.023 0.8188 1.0 0.7174 0.6898 0.699 0.7589 0.7336 0.722 0.7866 0.7704 0.7497 0.7934 0.7866 0.7589 0.7934 0.7934 0.7612 0.8027 0.7797 0.7543 0.8003 0.7934 0.5148 0.5727 0.5588 0.5472 0.5773 0.6051 0.575 0.5842 0.6236 0.5866 0.582 0.619 0.5889 0.5866 0.6167 0.5889 0.5889 0.612 0.5912 0.6004 0.5258 0.5396 0.5258 0.5511 0.6019 0.5649 0.5649 0.6319 0.5927 0.5788 0.6364 0.5996 0.5788 0.6249 0.5972 0.5834 0.6411 0.6111 0.5996 0.6503
0.092 0.8096 1.0 0.6898 0.699 0.7589 0.7336 0.722 0.7866 0.7704 0.7497 0.7934 0.7866 0.7589 0.7934 0.7934 0.7612 0.8027 0.7797 0.7543 0.8003 0.7934 0.7658 0.5727 0.5588 0.5472 0.5773 0.6051 0.575 0.5842 0.6236 0.5866 0.582 0.619 0.5889 0.5866 0.6167 0.5889 0.5889 0.612 0.5912 0.6004 0.6352 0.5396 0.5258 0.5511 0.6019 0.5649 0.5649 0.6319 0.5927 0.5788 0.6364 0.5996 0.5788 0.6249 0.5972 0.5834 0.6411 0.6111 0.5996 0.6503 0.6203
0.1767 0.775 1.0 0.699 0.7589 0.7336 0.722 0.7866 0.7704 0.7497 0.7934 0.7866 0.7589 0.7934 0.7934 0.7612 0.8027 0.7797 0.7543 0.8003 0.7934 0.7658 0.8188 0.5588 0.5472 0.5773 0.6051 0.575 0.5842 0.6236 0.5866 0.582 0.619 0.5889 0.5866 0.6167 0.5889 0.5889 0.612 0.5912 0.6004 0.6352 0.6074 0.5258 0.5511 0.6019 0.5649 0.5649 0.6319 0.5927 0.5788 0.6364 0.5996 0.5788 0.6249 0.5972 0.5834 0.6411 0.6111 0.5996 0.6503 0.6203 0.6088
0.0307 0.8372 1.0 0.7589 0.7336 0.722 0.7866 0.7704 0.7497 0.7934 0.7866 0.7589 0.7934 0.7934 0.7612 0.8027 0.7797 0.7543 0.8003 0.7934 0.7658 0.8188 0.8096 0.5472 0.5773 0.6051 0.575 0.5842 0.6236 0.5866 0.582 0.619 0.5889 0.5866 0.6167 0.5889 0.5889 0.612 0.5912 0.6004 0.6352 0.6074 0.612 0.5511 0.6019 0.5649 0.5649 0.6319 0.5927 0.5788 0.6364 0.5996 0.5788 0.6249 0.5972 0.5834 0.6411 0.6111 0.5996 0.6503 0.6203 0.6088 0.678
0.1153 0.8372 1.0 0.7336 0.722 0.7866 0.7704 0.7497 0.7934 0.7866 0.7589 0.7934 0.7934 0.7612 0.8027 0.7797 0.7543 0.8003 0.7934 0.7658 0.8188 0.8096 0.775 0.5773 0.6051 0.575 0.5842 0.6236 0.5866 0.582 0.619 0.5889 0.5866 0.6167 0.5889 0.5889 0.612 0.5912 0.6004 0.6352 0.6074 0.612 0.663 0.6019 0.5649 0.5649 0.6319 0.5927 0.5788 0.6364 0.5996 0.5788 0.6249 0.5972 0.5834 0.6411 0.6111 0.5996 0.6503 0.6203 0.6088 0.678 0.6411
0.2073 0.7958 1.0 0.722 0.7866 0.7704 0.7497 0.7934 0.7866 0.7589 0.7934 0.7934 0.7612 0.8027 0.7797 0.7543 0.8003 0.7934 0.7658 0.8188 0.8096 0.775 0.8372 0.6051 0.575 0.5842 0.6236 0.5866 0.582 0.619 0.5889 0.5866 0.6167 0.5889 0.5889 0.612 0.5912 0.6004 0.6352 0.6074 0.612 0.663 0.6329 0.5649 0.5649 0.6319 0.5927 0.5788 0.6364 0.5996 0.5788 0.6249 0.5972 0.5834 0.6411 0.6111 0.5996 0.6503 0.6203 0.6088 0.678 0.6411 0.6157
0.0 0.8418 1.0 0.7866 0.7704 0.7497 0.7934 0.7866 0.7589 0.7934 0.7934 0.7612 0.8027 0.7797 0.7543 0.8003 0.7934 0.7658 0.8188 0.8096 0.775 0.8372 0.8372 0.575 0.5842 0.6236 0.5866 0.582 0.619 0.5889 0.5866 0.6167 0.5889 0.5889 0.612 0.5912 0.6004 0.6352 0.6074 0.612 0.663 0.6329 0.6259 0.5649 0.6319 0.5927 0.5788 0.6364 0.5996 0.5788 0.6249 0.5972 0.5834 0.6411 0.6111 0.5996 0.6503 0.6203 0.6088 0.678 0.6411 0.6157 0.6918
0.138 0.8602 1.0 0.7704 0.7497 0.7934 0.7866 0.7589 0.7934 0.7934 0.7612 0.8027 0.7797 0.7543 0.8003 0.7934 0.7658 0.8188 0.8096 0.775 0.8372 0.8372 0.7958 0.5842 0.6236 0.5866 0.582 0.619 0.5889 0.5866 0.6167 0.5889 0.5889 0.612 0.5912 0.6004 0.6352 0.6074 0.612 0.663 0.6329 0.6259 0.6861 0.6319 0.5927 0.5788 0.6364 0.5996 0.5788 0.6249 0.5972 0.5834 0.6411 0.6111 0.5996 0.6503 0.6203 0.6088 0.678 0.6411 0.6157 0.6918 0.6664
0.1533 0.8119 1.0 0.7497 0.7934 0.7866 0.7589 0.7934 0.7934 0.7612 0.8027 0.7797 0.7543 0.8003 0.7934 0.7658 0.8188 0.8096 0.775 0.8372 0.8372 0.7958 0.8418 0.6236 0.5866 0.582 0.619 0.5889 0.5866 0.6167 0.5889 0.5889 0.612 0.5912 0.6004 0.6352 0.6074 0.612 0.663 0.6329 0.6259 0.6861 0.6537 0.5927 0.5788 0.6364 0.5996 0.5788 0.6249 0.5972 0.5834 0.6411 0.6111 0.5996 0.6503 0.6203 0.6088 0.678 0.6411 0.6157 0.6918 0.6664 0.6296
0.0613 0.8349 1.0 0.7934 0.7866 0.7589 0.7934 0.7934 0.7612 0.8027 0.7797 0.7543 0.8003 0.7934 0.7658 0.8188 0.8096 0.775 0.8372 0.8372 0.7958 0.8418 0.8602 0.5866 0.582 0.619 0.5889 0.5866 0.6167 0.5889 0.5889 0.612 0.5912 0.6004 0.6352 0.6074 0.612 0.663 0.6329 0.6259 0.6861 0.6537 0.6374 0.5788 0.6364 0.5996 0.5788 0.6249 0.5972 0.5834 0.6411 0.6111 0.5996 0.6503 0.6203 0.6088 0.678 0.6411 0.6157 0.6918 0.6664 0.6296 0.701
0.161 0.8694 1.0 0.7866 0.7589 0.7934 0.7934 0.7612 0.8027 0.7797 0.7543 0.8003 0.7934 0.7658 0.8188 0.8096 0.775 0.8372 0.8372 0.7958 0.8418 0.8602 0.8119 0.582 0.619 0.5889 0.5866 0.6167 0.5889 0.5889 0.612 0.5912 0.6004 0.6352 0.6074 0.612 0.663 0.6329 0.6259 0.6861 0.6537 0.6374 0.7047 0.6364 0.5996 0.5788 0.6249 0.5972 0.5834 0.6411 0.6111 0.5996 0.6503 0.6203 0.6088 0.678 0.6411 0.6157 0.6918 0.6664 0.6296 0.701 0.6802
0.0767 0.8188 1.0 0.7589 0.7934 0.7934 0.7612 0.8027 0.7797 0.7543 0.8003 0.7934 0.7658 0.8188 0.8096 0.775 0.8372 0.8372 0.7958 0.8418 0.8602 0.8119 0.8349 0.619 0.5889 0.5866 0.6167 0.5889 0.5889 0.612 0.5912 0.6004 0.6352 0.6074 0.612 0.663 0.6329 0.6259 0.6861 0.6537 0.6374 0.7047 0.6676 0.5996 0.5788 0.6249 0.5972 0.5834 0.6411 0.6111 0.5996 0.6503 0.6203 0.6088 0.678 0.6411 0.6157 0.6918 0.6664 0.6296 0.701 0.6802 0.6388
0.115 0.8164 1.0 0.7934 0.7934 0.7612 0.8027 0.7797 0.7543 0.8003 0.7934 0.7658 0.8188 0.8096 0.775 0.8372 0.8372 0.7958 0.8418 0.8602 0.8119 0.8349 0.8694 0.5889 0.5866 0.6167 0.5889 0.5889 0.612 0.5912 0.6004 0.6352 0.6074 0.612 0.663 0.6329 0.6259 0.6861 0.6537 0.6374 0.7047 0.6676 0.6374 0.5788 0.6249 0.5972 0.5834 0.6411 0.6111 0.5996 0.6503 0.6203 0.6088 0.678 0.6411 0.6157 0.6918 0.6664 0.6296 0.701 0.6802 0.6388 0.6896
0.1687 0.8718 1.0 0.7934 0.7612 0.8027 0.7797 0.7543 0.8003 0.7934 0.7658 0.8188 0.8096 0.775 0.8372 0.8372 0.7958 0.8418 0.8602 0.8119 0.8349 0.8694 0.8188 0.5866 0.6167 0.5889 0.5889 0.612 0.5912 0.6004 0.6352 0.6074 0.612 0.663 0.6329 0.6259 0.6861 0.6537 0.6374 0.7047 0.6676 0.6374 0.7023 0.6249 0.5972 0.5834 0.6411 0.6111 0.5996 0.6503 0.6203 0.6088 0.678 0.6411 0.6157 0.6918 0.6664 0.6296 0.701 0.6802 0.6388 0.6896 0.6849
0.008 0.8188 1.0 0.7612 0.8027 0.7797 0.7543 0.8003 0.7934 0.7658 0.8188 0.8096 0.775 0.8372 0.8372 0.7958 0.8418 0.8602 0.8119 0.8349 0.8694 0.8188 0.8164 0.6167 0.5889 0.5889 0.612 0.5912 0.6004 0.6352 0.6074 0.612 0.663 0.6329 0.6259 0.6861 0.6537 0.6374 0.7047 0.6676 0.6374 0.7023 0.6746 0.5972 0.5834 0.6411 0.6111 0.5996 0.6503 0.6203 0.6088 0.678 0.6411 0.6157 0.6918 0.6664 0.6296 0.701 0.6802 0.6388 0.6896 0.6849 0.6364
0.1847 0.798 1.0 0.8027 0.7797 0.7543 0.8003 0.7934 0.7658 0.8188 0.8096 0.775 0.8372 0.8372 0.7958 0.8418 0.8602 0.8119 0.8349 0.8694 0.8188 0.8164 0.8718 0.5889 0.5889 0.612 0.5912 0.6004 0.6352 0.6074 0.612 0.663 0.6329 0.6259 0.6861 0.6537 0.6374 0.7047 0.6676 0.6374 0.7023 0.6746 0.6352 0.5834 0.6411 0.6111 0.5996 0.6503 0.6203 0.6088 0.678 0.6411 0.6157 0.6918 0.6664 0.6296 0.701 0.6802 0.6388 0.6896 0.6849 0.6364 0.6641
0.1767 0.8671 1.0 0.7797 0.7543 0.8003 0.7934 0.7658 0.8188 0.8096 0.775 0.8372 0.8372 0.7958 0.8418 0.8602 0.8119 0.8349 0.8694 0.8188 0.8164 0.8718 0.8188 0.5889 0.612 0.5912 0.6004 0.6352 0.6074 0.612 0.663 0.6329 0.6259 0.6861 0.6537 0.6374 0.7047 0.6676 0.6374 0.7023 0.6746 0.6352 0.6861 0.6411 0.6111 0.5996 0.6503 0.6203 0.6088 0.678 0.6411 0.6157 0.6918 0.6664 0.6296 0.701 0.6802 0.6388 0.6896 0.6849 0.6364 0.6641 0.6826
0.0693 0.8188 1.0 0.7543 0.8003 0.7934 0.7658 0.8188 0.8096 0.775 0.8372 0.8372 0.7958 0.8418 0.8602 0.8119 0.8349 0.8694 0.8188 0.8164 0.8718 0.8188 0.798 0.612 0.5912 0.6004 0.6352 0.6074 0.612 0.663 0.6329 0.6259 0.6861 0.6537 0.6374 0.7047 0.6676 0.6374 0.7023 0.6746 0.6352 0.6861 0.6769 0.6111 0.5996 0.6503 0.6203 0.6088 0.678 0.6411 0.6157 0.6918 0.6664 0.6296 0.701 0.6802 0.6388 0.6896 0.6849 0.6364 0.6641 0.6826 0.6341
0.2303 0.7819 1.0 0.8003 0.7934 0.7658 0.8188 0.8096 0.775 0.8372 0.8372 0.7958 0.8418 0.8602 0.8119 0.8349 0.8694 0.8188 0.8164 0.8718 0.8188 0.798 0.8671 0.5912 0.6004 0.6352 0.6074 0.612 0.663 0.6329 0.6259 0.6861 0.6537 0.6374 0.7047 0.6676 0.6374 0.7023 0.6746 0.6352 0.6861 0.6769 0.6329 0.5996 0.6503 0.6203 0.6088 0.678 0.6411 0.6157 0.6918 0.6664 0.6296 0.701 0.6802 0.6388 0.6896 0.6849 0.6364 0.6641 0.6826 0.6341 0.6388
0.161 0.8487 1.0 0.7934 0.7658 0.8188 0.8096 0.775 0.8372 0.8372 0.7958 0.8418 0.8602 0.8119 0.8349 0.8694 0.8188 0.8164 0.8718 0.8188 0.798 0.8671 0.8188 0.6004 0.6352 0.6074 0.612 0.663 0.6329 0.6259 0.6861 0.6537 0.6374 0.7047 0.6676 0.6374 0.7023 0.6746 0.6352 0.6861 0.6769 0.6329 0.663 0.6503 0.6203 0.6088 0.678 0.6411 0.6157 0.6918 0.6664 0.6296 0.701 0.6802 0.6388 0.6896 0.6849 0.6364 0.6641 0.6826 0.6341 0.6388 0.6757
0.123 0.8188 1.0 0.7658 0.8188 0.8096 0.775 0.8372 0.8372 0.7958 0.8418 0.8602 0.8119 0.8349 0.8694 0.8188 0.8164 0.8718 0.8188 0.798 0.8671 0.8188 0.7819 0.6352 0.6074 0.612 0.663 0.6329 0.6259 0.6861 0.6537 0.6374 0.7047 0.6676 0.6374 0.7023 0.6746 0.6352 0.6861 0.6769 0.6329 0.663 0.6791 0.6203 0.6088 0.678 0.6411 0.6157 0.6918 0.6664 0.6296 0.701 0.6802 0.6388 0.6896 0.6849 0.6364 0.6641 0.6826 0.6341 0.6388 0.6757 0.6296
0.2227 0.775 1.0 0.8188 0.8096 0.775 0.8372 0.8372 0.7958 0.8418 0.8602 0.8119 0.8349 0.8694 0.8188 0.8164 0.8718 0.8188 0.798 0.8671 0.8188 0.7819 0.8487 0.6074 0.612 0.663 0.6329 0.6259 0.6861 0.6537 0.6374 0.7047 0.6676 0.6374 0.7023 0.6746 0.6352 0.6861 0.6769 0.6329 0.663 0.6791 0.6352 0.6088 0.678 0.6411 0.6157 0.6918 0.6664 0.6296 0.701 0.6802 0.6388 0.6896 0.6849 0.6364 0.6641 0.6826 0.6341 0.6388 0.6757 0.6296 0.6064
0.0997 0.752 1.0 0.8096 0.775 0.8372 0.8372 0.7958 0.8418 0.8602 0.8119 0.8349 0.8694 0.8188 0.8164 0.8718 0.8188 0.798 0.8671 0.8188 0.7819 0.8487 0.8188 0.612 0.663 0.6329 0.6259 0.6861 0.6537 0.6374 0.7047 0.6676 0.6374 0.7023 0.6746 0.6352 0.6861 0.6769 0.6329 0.663 0.6791 0.6352 0.6398 0.678 0.6411 0.6157 0.6918 0.6664 0.6296 0.701 0.6802 0.6388 0.6896 0.6849 0.6364 0.6641 0.6826 0.6341 0.6388 0.6757 0.6296 0.6064 0.6733
0.146 0.7336 1.0 0.775 0.8372 0.8372 0.7958 0.8418 0.8602 0.8119 0.8349 0.8694 0.8188 0.8164 0.8718 0.8188 0.798 0.8671 0.8188 0.7819 0.8487 0.8188 0.775 0.663 0.6329 0.6259 0.6861 0.6537 0.6374 0.7047 0.6676 0.6374 0.7023 0.6746 0.6352 0.6861 0.6769 0.6329 0.663 0.6791 0.6352 0.6398 0.6769 0.6411 0.6157 0.6918 0.6664 0.6296 0.701 0.6802 0.6388 0.6896 0.6849 0.6364 0.6641 0.6826 0.6341 0.6388 0.6757 0.6296 0.6064 0.6733 0.6296
0.0767 0.7082 1.0 0.8372 0.8372 0.7958 0.8418 0.8602 0.8119 0.8349 0.8694 0.8188 0.8164 0.8718 0.8188 0.798 0.8671 0.8188 0.7819 0.8487 0.8188 0.775 0.752 0.6329 0.6259 0.6861 0.6537 0.6374 0.7047 0.6676 0.6374 0.7023 0.6746 0.6352 0.6861 0.6769 0.6329 0.663 0.6791 0.6352 0.6398 0.6769 0.6374 0.6157 0.6918 0.6664 0.6296 0.701 0.6802 0.6388 0.6896 0.6849 0.6364 0.6641 0.6826 0.6341 0.6388 0.6757 0.6296 0.6064 0.6733 0.6296 0.5949
0.0613 0.6829 1.0 0.8372 0.7958 0.8418 0.8602 0.8119 0.8349 0.8694 0.8188 0.8164 0.8718 0.8188 0.798 0.8671 0.8188 0.7819 0.8487 0.8188 0.775 0.752 0.7336 0.6259 0.6861 0.6537 0.6374 0.7047 0.6676 0.6374 0.7023 0.6746 0.6352 0.6861 0.6769 0.6329 0.663 0.6791 0.6352 0.6398 0.6769 0.6374 0.6004 0.6918 0.6664 0.6296 0.701 0.6802 0.6388 0.6896 0.6849 0.6364 0.6641 0.6826 0.6341 0.6388 0.6757 0.6296 0.6064 0.6733 0.6296 0.5949 0.5719
0.0847 0.6691 1.0 0.7958 0.8418 0.8602 0.8119 0.8349 0.8694 0.8188 0.8164 0.8718 0.8188 0.798 0.8671 0.8188 0.7819 0.8487 0.8188 0.775 0.752 0.7336 0.7082 0.6861 0.6537 0.6374 0.7047 0.6676 0.6374 0.7023 0.6746 0.6352 0.6861 0.6769 0.6329 0.663 0.6791 0.6352 0.6398 0.6769 0.6374 0.6004 0.5773 0.6664 0.6296 0.701 0.6802 0.6388 0.6896 0.6849 0.6364 0.6641 0.6826 0.6341 0.6388 0.6757 0.6296 0.6064 0.6733 0.6296 0.5949 0.5719 0.5557
0.0843 0.6507 1.0 0.8418 0.8602 0.8119 0.8349 0.8694 0.8188 0.8164 0.8718 0.8188 0.798 0.8671 0.8188 0.7819 0.8487 0.8188 0.775 0.752 0.7336 0.7082 0.6829 0.6537 0.6374 0.7047 0.6676 0.6374 0.7023 0.6746 0.6352 0.6861 0.6769 0.6329 0.663 0.6791 0.6352 0.6398 0.6769 0.6374 0.6004 0.5773 0.5564 0.6296 0.701 0.6802 0.6388 0.6896 0.6849 0.6364 0.6641 0.6826 0.6341 0.6388 0.6757 0.6296 0.6064 0.6733 0.6296 0.5949 0.5719 0.5557 0.5327
0.046 0.6299 1.0 0.8602 0.8119 0.8349 0.8694 0.8188 0.8164 0.8718 0.8188 0.798 0.8671 0.8188 0.7819 0.8487 0.8188 0.775 0.752 0.7336 0.7082 0.6829 0.6691 0.6374 0.7047 0.6676 0.6374 0.7023 0.6746 0.6352 0.6861 0.6769 0.6329 0.663 0.6791 0.6352 0.6398 0.6769 0.6374 0.6004 0.5773 0.5564 0.531 0.701 0.6802 0.6388 0.6896 0.6849 0.6364 0.6641 0.6826 0.6341 0.6388 0.6757 0.6296 0.6064 0.6733 0.6296 0.5949 0.5719 0.5557 0.5327 0.5119
0.0613 0.6138 1.0 0.8119 0.8349 0.8694 0.8188 0.8164 0.8718 0.8188 0.798 0.8671 0.8188 0.7819 0.8487 0.8188 0.775 0.752 0.7336 0.7082 0.6829 0.6691 0.6507 0.7047 0.6676 0.6374 0.7023 0.6746 0.6352 0.6861 0.6769 0.6329 0.663 0.6791 0.6352 0.6398 0.6769 0.6374 0.6004 0.5773 0.5564 0.531 0.5102 0.6802 0.6388 0.6896 0.6849 0.6364 0.6641 0.6826 0.6341 0.6388 0.6757 0.6296 0.6064 0.6733 0.6296 0.5949 0.5719 0.5557 0.5327 0.5119 0.5003
0.0693 0.6069 1.0 0.8349 0.8694 0.8188 0.8164 0.8718 0.8188 0.798 0.8671 0.8188 0.7819 0.8487 0.8188 0.775 0.752 0.7336 0.7082 0.6829 0.6691 0.6507 0.6299 0.6676 0.6374 0.7023 0.6746 0.6352 0.6861 0.6769 0.6329 0.663 0.6791 0.6352 0.6398 0.6769 0.6374 0.6004 0.5773 0.5564 0.531 0.5102 0.4963 0.6388 0.6896 0.6849 0.6364 0.6641 0.6826 0.6341 0.6388 0.6757 0.6296 0.6064 0.6733 0.6296 0.5949 0.5719 0.5557 0.5327 0.5119 0.5003 0.4842
0.0537 0.5861 1.0 0.8694 0.8188 0.8164 0.8718 0.8188 0.798 0.8671 0.8188 0.7819 0.8487 0.8188 0.775 0.752 0.7336 0.7082 0.6829 0.6691 0.6507 0.6299 0.6138 0.6374 0.7023 0.6746 0.6352 0.6861 0.6769 0.6329 0.663 0.6791 0.6352 0.6398 0.6769 0.6374 0.6004 0.5773 0.5564 0.531 0.5102 0.4963 0.4778 0.6896 0.6849 0.6364 0.6641 0.6826 0.6341 0.6388 0.6757 0.6296 0.6064 0.6733 0.6296 0.5949 0.5719 0.5557 0.5327 0.5119 0.5003 0.4842 0.4634
0.023 0.5747 1.0 0.8188 0.8164 0.8718 0.8188 0.798 0.8671 0.8188 0.7819 0.8487 0.8188 0.775 0.752 0.7336 0.7082 0.6829 0.6691 0.6507 0.6299 0.6138 0.6069 0.7023 0.6746 0.6352 0.6861 0.6769 0.6329 0.663 0.6791 0.6352 0.6398 0.6769 0.6374 0.6004 0.5773 0.5564 0.531 0.5102 0.4963 0.4778 0.457 0.6849 0.6364 0.6641 0.6826 0.6341 0.6388 0.6757 0.6296 0.6064 0.6733 0.6296 0.5949 0.5719 0.5557 0.5327 0.5119 0.5003 0.4842 0.4634 0.4566
0.0693 0.5769 1.0 0.8164 0.8718 0.8188 0.798 0.8671 0.8188 0.7819 0.8487 0.8188 0.775 0.752 0.7336 0.7082 0.6829 0.6691 0.6507 0.6299 0.6138 0.6069 0.5861 0.6746 0.6352 0.6861 0.6769 0.6329 0.663 0.6791 0.6352 0.6398 0.6769 0.6374 0.6004 0.5773 0.5564 0.531 0.5102 0.4963 0.4778 0.457 0.4523 0.6364 0.6641 0.6826 0.6341 0.6388 0.6757 0.6296 0.6064 0.6733 0.6296 0.5949 0.5719 0.5557 0.5327 0.5119 0.5003 0.4842 0.4634 0.4566 0.445
0.038 0.5584 1.0 0.8718 0.8188 0.798 0.8671 0.8188 0.7819 0.8487 0.8188 0.775 0.752 0.7336 0.7082 0.6829 0.6691 0.6507 0.6299 0.6138 0.6069 0.5861 0.5747 0.6352 0.6861 0.6769 0.6329 0.663 0.6791 0.6352 0.6398 0.6769 0.6374 0.6004 0.5773 0.5564 0.531 0.5102 0.4963 0.4778 0.457 0.4523 0.4384 0.6641 0.6826 0.6341 0.6388 0.6757 0.6296 0.6064 0.6733 0.6296 0.5949 0.5719 0.5557 0.5327 0.5119 0.5003 0.4842 0.4634 0.4566 0.445 0.4242
0.0073 0.5447 1.0 0.8188 0.798 0.8671 0.8188 0.7819 0.8487 0.8188 0.775 0.752 0.7336 0.7082 0.6829 0.6691 0.6507 0.6299 0.6138 0.6069 0.5861 0.5747 0.5769 0.6861 0.6769 0.6329 0.663 0.6791 0.6352 0.6398 0.6769 0.6374 0.6004 0.5773 0.5564 0.531 0.5102 0.4963 0.4778 0.457 0.4523 0.4384 0.4177 0.6826 0.6341 0.6388 0.6757 0.6296 0.6064 0.6733 0.6296 0.5949 0.5719 0.5557 0.5327 0.5119 0.5003 0.4842 0.4634 0.4566 0.445 0.4242 0.4197
0.0617 0.5493 1.0 0.798 0.8671 0.8188 0.7819 0.8487 0.8188 0.775 0.752 0.7336 0.7082 0.6829 0.6691 0.6507 0.6299 0.6138 0.6069 0.5861 0.5747 0.5769 0.5584 0.6769 0.6329 0.663 0.6791 0.6352 0.6398 0.6769 0.6374 0.6004 0.5773 0.5564 0.531 0.5102 0.4963 0.4778 0.457 0.4523 0.4384 0.4177 0.4177 0.6341 0.6388 0.6757 0.6296 0.6064 0.6733 0.6296 0.5949 0.5719 0.5557 0.5327 0.5119 0.5003 0.4842 0.4634 0.4566 0.445 0.4242 0.4197 0.415
0.0457 0.5331 1.0 0.8671 0.8188 0.7819 0.8487 0.8188 0.775 0.752 0.7336 0.7082 0.6829 0.6691 0.6507 0.6299 0.6138 0.6069 0.5861 0.5747 0.5769 0.5584 0.5447 0.6329 0.663 0.6791 0.6352 0.6398 0.6769 0.6374 0.6004 0.5773 0.5564 0.531 0.5102 0.4963 0.4778 0.457 0.4523 0.4384 0.4177 0.4177 0.406 0.6388 0.6757 0.6296 0.6064 0.6733 0.6296 0.5949 0.5719 0.5557 0.5327 0.5119 0.5003 0.4842 0.4634 0.4566 0.445 0.4242 0.4197 0.415 0.3966
0.0153 0.5193 1.0 0.8188 0.7819 0.8487 0.8188 0.775 0.752 0.7336 0.7082 0.6829 0.6691 0.6507 0.6299 0.6138 0.6069 0.5861 0.5747 0.5769 0.5584 0.5447 0.5493 0.663 0.6791 0.6352 0.6398 0.6769 0.6374 0.6004 0.5773 0.5564 0.531 0.5102 0.4963 0.4778 0.457 0.4523 0.4384 0.4177 0.4177 0.406 0.3876 0.6757 0.6296 0.6064 0.6733 0.6296 0.5949 0.5719 0.5557 0.5327 0.5119 0.5003 0.4842 0.4634 0.4566 0.445 0.4242 0.4197 0.415 0.3966 0.3873
0.054 0.5217 1.0 0.7819 0.8487 0.8188 0.775 0.752 0.7336 0.7082 0.6829 0.6691 0.6507 0.6299 0.6138 0.6069 0.5861 0.5747 0.5769 0.5584 0.5447 0.5493 0.5331 0.6791 0.6352 0.6398 0.6769 0.6374 0.6004 0.5773 0.5564 0.531 0.5102 0.4963 0.4778 0.457 0.4523 0.4384 0.4177 0.4177 0.406 0.3876 0.3829 0.6296 0.6064 0.6733 0.6296 0.5949 0.5719 0.5557 0.5327 0.5119 0.5003 0.4842 0.4634 0.4566 0.445 0.4242 0.4197 0.415 0.3966 0.3873 0.3873
0.046 0.5078 1.0 0.8487 0.8188 0.775 0.752 0.7336 0.7082 0.6829 0.6691 0.6507 0.6299 0.6138 0.6069 0.5861 0.5747 0.5769 0.5584 0.5447 0.5493 0.5331 0.5193 0.6352 0.6398 0.6769 0.6374 0.6004 0.5773 0.5564 0.531 0.5102 0.4963 0.4778 0.457 0.4523 0.4384 0.4177 0.4177 0.406 0.3876 0.3829 0.3783 0.6064 0.6733 0.6296 0.5949 0.5719 0.5557 0.5327 0.5119 0.5003 0.4842 0.4634 0.4566 0.445 0.4242 0.4197 0.415 0.3966 0.3873 0.3873 0.3712
0.008 0.494 1.0 0.8188 0.775 0.752 0.7336 0.7082 0.6829 0.6691 0.6507 0.6299 0.6138 0.6069 0.5861 0.5747 0.5769 0.5584 0.5447 0.5493 0.5331 0.5193 0.5217 0.6398 0.6769 0.6374 0.6004 0.5773 0.5564 0.531 0.5102 0.4963 0.4778 0.457 0.4523 0.4384 0.4177 0.4177 0.406 0.3876 0.3829 0.3783 0.3598 0.6733 0.6296 0.5949 0.5719 0.5557 0.5327 0.5119 0.5003 0.4842 0.4634 0.4566 0.445 0.4242 0.4197 0.415 0.3966 0.3873 0.3873 0.3712 0.3597
