0.0 1.0 1.0 0.3392 0.1634 0.4196 0.023 0.0387 0.0077 0.78 0.79 0.8 0.81 0.82 0.83 0.84 0.85 0.86 0.87 0.88 0.89 0.9 0.91 0.92 0.93 0.94 0.95 0.96 0.97 0.4222 0.4014 0.3922 0.3899 0.3761 0.36 0.36 0.3462 0.3323 0.3254 0.3162 0.3047 0.2954 0.2909 0.2771 0.2701 0.2632 0.254 0.2448 0.2379 0.3186 0.3139 0.3023 0.2838 0.2792 0.2699 0.2538 0.2468 0.2376 0.2237 0.2144 0.2098 0.1959 0.1867 0.1797 0.1704 0.1611 0.1542 0.145 0.1566 0.5696 0.5603 0.5396 0.5349 0.5303 0.5119 0.5027 0.5003 0.4842 0.4727 0.4658 0.4564 0.4427 0.438 0.4288 0.4196 0.4127 0.4034 0.3942 0.3919
0.0 1.0 1.0 0.3254 0.1982 0.4934 0.023 0.069 0.0153 0.79 0.8 0.81 0.82 0.83 0.84 0.85 0.86 0.87 0.88 0.89 0.9 0.91 0.92 0.93 0.94 0.95 0.96 0.97 0.0 0.4014 0.3922 0.3899 0.3761 0.36 0.36 0.3462 0.3323 0.3254 0.3162 0.3047 0.2954 0.2909 0.2771 0.2701 0.2632 0.254 0.2448 0.2379 0.2448 0.3139 0.3023 0.2838 0.2792 0.2699 0.2538 0.2468 0.2376 0.2237 0.2144 0.2098 0.1959 0.1867 0.1797 0.1704 0.1611 0.1542 0.145 0.1566 0.1773 0.5603 0.5396 0.5349 0.5303 0.5119 0.5027 0.5003 0.4842 0.4727 0.4658 0.4564 0.4427 0.438 0.4288 0.4196 0.4127 0.4034 0.3942 0.3919 0.3873
0.0 1.0 1.0 0.3047 0.2422 0.4634 0.3147 0.0463 0.1077 0.8 0.81 0.82 0.83 0.84 0.85 0.86 0.87 0.88 0.89 0.9 0.91 0.92 0.93 0.94 0.95 0.96 0.97 0.0 0.01 0.3922 0.3899 0.3761 0.36 0.36 0.3462 0.3323 0.3254 0.3162 0.3047 0.2954 0.2909 0.2771 0.2701 0.2632 0.254 0.2448 0.2379 0.2448 0.3392 0.3023 0.2838 0.2792 0.2699 0.2538 0.2468 0.2376 0.2237 0.2144 0.2098 0.1959 0.1867 0.1797 0.1704 0.1611 0.1542 0.145 0.1566 0.1773 0.1634 0.5396 0.5349 0.5303 0.5119 0.5027 0.5003 0.4842 0.4727 0.4658 0.4564 0.4427 0.438 0.4288 0.4196 0.4127 0.4034 0.3942 0.3919 0.3873 0.4196
0.0 1.0 1.0 0.3899 0.2167 0.4564 0.046 0.116 0.246 0.81 0.82 0.83 0.84 0.85 0.86 0.87 0.88 0.89 0.9 0.91 0.92 0.93 0.94 0.95 0.96 0.97 0.0 0.01 0.02 0.3899 0.3761 0.36 0.36 0.3462 0.3323 0.3254 0.3162 0.3047 0.2954 0.2909 0.2771 0.2701 0.2632 0.254 0.2448 0.2379 0.2448 0.3392 0.3254 0.2838 0.2792 0.2699 0.2538 0.2468 0.2376 0.2237 0.2144 0.2098 0.1959 0.1867 0.1797 0.1704 0.1611 0.1542 0.145 0.1566 0.1773 0.1634 0.1982 0.5349 0.5303 0.5119 0.5027 0.5003 0.4842 0.4727 0.4658 0.4564 0.4427 0.438 0.4288 0.4196 0.4127 0.4034 0.3942 0.3919 0.3873 0.4196 0.4934
0.0 1.0 1.0 0.3853 0.2213 0.5419 0.069 0.1467 0.1 0.82 0.83 0.84 0.85 0.86 0.87 0.88 0.89 0.9 0.91 0.92 0.93 0.94 0.95 0.96 0.97 0.0 0.01 0.02 0.03 0.3761 0.36 0.36 0.3462 0.3323 0.3254 0.3162 0.3047 0.2954 0.2909 0.2771 0.2701 0.2632 0.254 0.2448 0.2379 0.2448 0.3392 0.3254 0.3047 0.2792 0.2699 0.2538 0.2468 0.2376 0.2237 0.2144 0.2098 0.1959 0.1867 0.1797 0.1704 0.1611 0.1542 0.145 0.1566 0.1773 0.1634 0.1982 0.2422 0.5303 0.5119 0.5027 0.5003 0.4842 0.4727 0.4658 0.4564 0.4427 0.438 0.4288 0.4196 0.4127 0.4034 0.3942 0.3919 0.3873 0.4196 0.4934 0.4634
0.0 1.0 1.0 0.3531 0.2931 0.5096 0.284 0.085 0.0233 0.83 0.84 0.85 0.86 0.87 0.88 0.89 0.9 0.91 0.92 0.93 0.94 0.95 0.96 0.97 0.0 0.01 0.02 0.03 0.04 0.36 0.36 0.3462 0.3323 0.3254 0.3162 0.3047 0.2954 0.2909 0.2771 0.2701 0.2632 0.254 0.2448 0.2379 0.2448 0.3392 0.3254 0.3047 0.3899 0.2699 0.2538 0.2468 0.2376 0.2237 0.2144 0.2098 0.1959 0.1867 0.1797 0.1704 0.1611 0.1542 0.145 0.1566 0.1773 0.1634 0.1982 0.2422 0.2167 0.5119 0.5027 0.5003 0.4842 0.4727 0.4658 0.4564 0.4427 0.438 0.4288 0.4196 0.4127 0.4034 0.3942 0.3919 0.3873 0.4196 0.4934 0.4634 0.4564
0.0 1.0 1.0 0.4038 0.2561 0.4819 0.0153 0.0153 0.285 0.84 0.85 0.86 0.87 0.88 0.89 0.9 0.91 0.92 0.93 0.94 0.95 0.96 0.97 0.0 0.01 0.02 0.03 0.04 0.05 0.36 0.3462 0.3323 0.3254 0.3162 0.3047 0.2954 0.2909 0.2771 0.2701 0.2632 0.254 0.2448 0.2379 0.2448 0.3392 0.3254 0.3047 0.3899 0.3853 0.2538 0.2468 0.2376 0.2237 0.2144 0.2098 0.1959 0.1867 0.1797 0.1704 0.1611 0.1542 0.145 0.1566 0.1773 0.1634 0.1982 0.2422 0.2167 0.2213 0.5027 0.5003 0.4842 0.4727 0.4658 0.4564 0.4427 0.438 0.4288 0.4196 0.4127 0.4034 0.3942 0.3919 0.3873 0.4196 0.4934 0.4634 0.4564 0.5419
0.0 1.0 1.0 0.4314 0.2422 0.5533 0.1073 0.2393 0.1077 0.85 0.86 0.87 0.88 0.89 0.9 0.91 0.92 0.93 0.94 0.95 0.96 0.97 0.0 0.01 0.02 0.03 0.04 0.05 0.06 0.3462 0.3323 0.3254 0.3162 0.3047 0.2954 0.2909 0.2771 0.2701 0.2632 0.254 0.2448 0.2379 0.2448 0.3392 0.3254 0.3047 0.3899 0.3853 0.3531 0.2468 0.2376 0.2237 0.2144 0.2098 0.1959 0.1867 0.1797 0.1704 0.1611 0.1542 0.145 0.1566 0.1773 0.1634 0.1982 0.2422 0.2167 0.2213 0.2931 0.5003 0.4842 0.4727 0.4658 0.4564 0.4427 0.438 0.4288 0.4196 0.4127 0.4034 0.3942 0.3919 0.3873 0.4196 0.4934 0.4634 0.4564 0.5419 0.5096
0.0 1.0 1.0 0.3899 0.3186 0.5488 0.169 0.1233 0.0923 0.86 0.87 0.88 0.89 0.9 0.91 0.92 0.93 0.94 0.95 0.96 0.97 0.0 0.01 0.02 0.03 0.04 0.05 0.06 0.07 0.3323 0.3254 0.3162 0.3047 0.2954 0.2909 0.2771 0.2701 0.2632 0.254 0.2448 0.2379 0.2448 0.3392 0.3254 0.3047 0.3899 0.3853 0.3531 0.4038 0.2376 0.2237 0.2144 0.2098 0.1959 0.1867 0.1797 0.1704 0.1611 0.1542 0.145 0.1566 0.1773 0.1634 0.1982 0.2422 0.2167 0.2213 0.2931 0.2561 0.4842 0.4727 0.4658 0.4564 0.4427 0.438 0.4288 0.4196 0.4127 0.4034 0.3942 0.3919 0.3873 0.4196 0.4934 0.4634 0.4564 0.5419 0.5096 0.4819
0.0 1.0 1.0 0.406 0.2954 0.5119 0.092 0.0463 0.238 0.87 0.88 0.89 0.9 0.91 0.92 0.93 0.94 0.95 0.96 0.97 0.0 0.01 0.02 0.03 0.04 0.05 0.06 0.07 0.08 0.3254 0.3162 0.3047 0.2954 0.2909 0.2771 0.2701 0.2632 0.254 0.2448 0.2379 0.2448 0.3392 0.3254 0.3047 0.3899 0.3853 0.3531 0.4038 0.4314 0.2237 0.2144 0.2098 0.1959 0.1867 0.1797 0.1704 0.1611 0.1542 0.145 0.1566 0.1773 0.1634 0.1982 0.2422 0.2167 0.2213 0.2931 0.2561 0.2422 0.4727 0.4658 0.4564 0.4427 0.438 0.4288 0.4196 0.4127 0.4034 0.3942 0.3919 0.3873 0.4196 0.4934 0.4634 0.4564 0.5419 0.5096 0.4819 0.5533
0.0 1.0 1.0 0.4706 0.2677 0.5464 0.1383 0.2547 0.015 0.88 0.89 0.9 0.91 0.92 0.93 0.94 0.95 0.96 0.97 0.0 0.01 0.02 0.03 0.04 0.05 0.06 0.07 0.08 0.09 0.3162 0.3047 0.2954 0.2909 0.2771 0.2701 0.2632 0.254 0.2448 0.2379 0.2448 0.3392 0.3254 0.3047 0.3899 0.3853 0.3531 0.4038 0.4314 0.3899 0.2144 0.2098 0.1959 0.1867 0.1797 0.1704 0.1611 0.1542 0.145 0.1566 0.1773 0.1634 0.1982 0.2422 0.2167 0.2213 0.2931 0.2561 0.2422 0.3186 0.4658 0.4564 0.4427 0.438 0.4288 0.4196 0.4127 0.4034 0.3942 0.3919 0.3873 0.4196 0.4934 0.4634 0.4564 0.5419 0.5096 0.4819 0.5533 0.5488
0.0 1.0 1.0 0.4291 0.3301 0.5833 0.0537 0.0773 0.123 0.89 0.9 0.91 0.92 0.93 0.94 0.95 0.96 0.97 0.0 0.01 0.02 0.03 0.04 0.05 0.06 0.07 0.08 0.09 0.1 0.3047 0.2954 0.2909 0.2771 0.2701 0.2632 0.254 0.2448 0.2379 0.2448 0.3392 0.3254 0.3047 0.3899 0.3853 0.3531 0.4038 0.4314 0.3899 0.406 0.2098 0.1959 0.1867 0.1797 0.1704 0.1611 0.1542 0.145 0.1566 0.1773 0.1634 0.1982 0.2422 0.2167 0.2213 0.2931 0.2561 0.2422 0.3186 0.2954 0.4564 0.4427 0.438 0.4288 0.4196 0.4127 0.4034 0.3942 0.3919 0.3873 0.4196 0.4934 0.4634 0.4564 0.5419 0.5096 0.4819 0.5533 0.5488 0.5119
0.0 1.0 1.0 0.406 0.3371 0.5441 0.2153 0.0923 0.115 0.9 0.91 0.92 0.93 0.94 0.95 0.96 0.97 0.0 0.01 0.02 0.03 0.04 0.05 0.06 0.07 0.08 0.09 0.1 0.11 0.2954 0.2909 0.2771 0.2701 0.2632 0.254 0.2448 0.2379 0.2448 0.3392 0.3254 0.3047 0.3899 0.3853 0.3531 0.4038 0.4314 0.3899 0.406 0.4706 0.1959 0.1867 0.1797 0.1704 0.1611 0.1542 0.145 0.1566 0.1773 0.1634 0.1982 0.2422 0.2167 0.2213 0.2931 0.2561 0.2422 0.3186 0.2954 0.2677 0.4427 0.438 0.4288 0.4196 0.4127 0.4034 0.3942 0.3919 0.3873 0.4196 0.4934 0.4634 0.4564 0.5419 0.5096 0.4819 0.5533 0.5488 0.5119 0.5464
0.0 1.0 1.0 0.489 0.3023 0.5419 0.1383 0.208 0.123 0.91 0.92 0.93 0.94 0.95 0.96 0.97 0.0 0.01 0.02 0.03 0.04 0.05 0.06 0.07 0.08 0.09 0.1 0.11 0.12 0.2909 0.2771 0.2701 0.2632 0.254 0.2448 0.2379 0.2448 0.3392 0.3254 0.3047 0.3899 0.3853 0.3531 0.4038 0.4314 0.3899 0.406 0.4706 0.4291 0.1867 0.1797 0.1704 0.1611 0.1542 0.145 0.1566 0.1773 0.1634 0.1982 0.2422 0.2167 0.2213 0.2931 0.2561 0.2422 0.3186 0.2954 0.2677 0.3301 0.438 0.4288 0.4196 0.4127 0.4034 0.3942 0.3919 0.3873 0.4196 0.4934 0.4634 0.4564 0.5419 0.5096 0.4819 0.5533 0.5488 0.5119 0.5464 0.5833
0.0 1.0 1.0 0.4637 0.3301 0.6088 0.077 0.0233 0.1307 0.92 0.93 0.94 0.95 0.96 0.97 0.0 0.01 0.02 0.03 0.04 0.05 0.06 0.07 0.08 0.09 0.1 0.11 0.12 0.13 0.2771 0.2701 0.2632 0.254 0.2448 0.2379 0.2448 0.3392 0.3254 0.3047 0.3899 0.3853 0.3531 0.4038 0.4314 0.3899 0.406 0.4706 0.4291 0.406 0.1797 0.1704 0.1611 0.1542 0.145 0.1566 0.1773 0.1634 0.1982 0.2422 0.2167 0.2213 0.2931 0.2561 0.2422 0.3186 0.2954 0.2677 0.3301 0.3371 0.4288 0.4196 0.4127 0.4034 0.3942 0.3919 0.3873 0.4196 0.4934 0.4634 0.4564 0.5419 0.5096 0.4819 0.5533 0.5488 0.5119 0.5464 0.5833 0.5441
0.0 1.0 1.0 0.4314 0.3764 0.5764 0.2767 0.116 0.0073 0.93 0.94 0.95 0.96 0.97 0.0 0.01 0.02 0.03 0.04 0.05 0.06 0.07 0.08 0.09 0.1 0.11 0.12 0.13 0.14 0.2701 0.2632 0.254 0.2448 0.2379 0.2448 0.3392 0.3254 0.3047 0.3899 0.3853 0.3531 0.4038 0.4314 0.3899 0.406 0.4706 0.4291 0.406 0.489 0.1704 0.1611 0.1542 0.145 0.1566 0.1773 0.1634 0.1982 0.2422 0.2167 0.2213 0.2931 0.2561 0.2422 0.3186 0.2954 0.2677 0.3301 0.3371 0.3023 0.4196 0.4127 0.4034 0.3942 0.3919 0.3873 0.4196 0.4934 0.4634 0.4564 0.5419 0.5096 0.4819 0.5533 0.5488 0.5119 0.5464 0.5833 0.5441 0.5419
0.0 1.0 1.0 0.4729 0.3417 0.558 0.0843 0.0927 0.223 0.94 0.95 0.96 0.97 0.0 0.01 0.02 0.03 0.04 0.05 0.06 0.07 0.08 0.09 0.1 0.11 0.12 0.13 0.14 0.15 0.2632 0.254 0.2448 0.2379 0.2448 0.3392 0.3254 0.3047 0.3899 0.3853 0.3531 0.4038 0.4314 0.3899 0.406 0.4706 0.4291 0.406 0.489 0.4637 0.1611 0.1542 0.145 0.1566 0.1773 0.1634 0.1982 0.2422 0.2167 0.2213 0.2931 0.2561 0.2422 0.3186 0.2954 0.2677 0.3301 0.3371 0.3023 0.3301 0.4127 0.4034 0.3942 0.3919 0.3873 0.4196 0.4934 0.4634 0.4564 0.5419 0.5096 0.4819 0.5533 0.5488 0.5119 0.5464 0.5833 0.5441 0.5419 0.6088
0.0 1.0 1.0 0.489 0.3348 0.5996 0.1077 0.1543 0.108 0.95 0.96 0.97 0.0 0.01 0.02 0.03 0.04 0.05 0.06 0.07 0.08 0.09 0.1 0.11 0.12 0.13 0.14 0.15 0.16 0.254 0.2448 0.2379 0.2448 0.3392 0.3254 0.3047 0.3899 0.3853 0.3531 0.4038 0.4314 0.3899 0.406 0.4706 0.4291 0.406 0.489 0.4637 0.4314 0.1542 0.145 0.1566 0.1773 0.1634 0.1982 0.2422 0.2167 0.2213 0.2931 0.2561 0.2422 0.3186 0.2954 0.2677 0.3301 0.3371 0.3023 0.3301 0.3764 0.4034 0.3942 0.3919 0.3873 0.4196 0.4934 0.4634 0.4564 0.5419 0.5096 0.4819 0.5533 0.5488 0.5119 0.5464 0.5833 0.5441 0.5419 0.6088 0.5764
0.0 1.0 1.0 0.4568 0.3903 0.6041 0.1383 0.1157 0.0613 0.96 0.97 0.0 0.01 0.02 0.03 0.04 0.05 0.06 0.07 0.08 0.09 0.1 0.11 0.12 0.13 0.14 0.15 0.16 0.17 0.2448 0.2379 0.2448 0.3392 0.3254 0.3047 0.3899 0.3853 0.3531 0.4038 0.4314 0.3899 0.406 0.4706 0.4291 0.406 0.489 0.4637 0.4314 0.4729 0.145 0.1566 0.1773 0.1634 0.1982 0.2422 0.2167 0.2213 0.2931 0.2561 0.2422 0.3186 0.2954 0.2677 0.3301 0.3371 0.3023 0.3301 0.3764 0.3417 0.3942 0.3919 0.3873 0.4196 0.4934 0.4634 0.4564 0.5419 0.5096 0.4819 0.5533 0.5488 0.5119 0.5464 0.5833 0.5441 0.5419 0.6088 0.5764 0.558
0.0 1.0 1.0 0.4568 0.381 0.5857 0.0537 0.023 0.1387 0.97 0.0 0.01 0.02 0.03 0.04 0.05 0.06 0.07 0.08 0.09 0.1 0.11 0.12 0.13 0.14 0.15 0.16 0.17 0.18 0.2379 0.2448 0.3392 0.3254 0.3047 0.3899 0.3853 0.3531 0.4038 0.4314 0.3899 0.406 0.4706 0.4291 0.406 0.489 0.4637 0.4314 0.4729 0.489 0.1566 0.1773 0.1634 0.1982 0.2422 0.2167 0.2213 0.2931 0.2561 0.2422 0.3186 0.2954 0.2677 0.3301 0.3371 0.3023 0.3301 0.3764 0.3417 0.3348 0.3919 0.3873 0.4196 0.4934 0.4634 0.4564 0.5419 0.5096 0.4819 0.5533 0.5488 0.5119 0.5464 0.5833 0.5441 0.5419 0.6088 0.5764 0.558 0.5996
0.0 1.0 1.0 0.5074 0.3626 0.5996 0.1073 0.185 0.015 0.0 0.01 0.02 0.03 0.04 0.05 0.06 0.07 0.08 0.09 0.1 0.11 0.12 0.13 0.14 0.15 0.16 0.17 0.18 0.19 0.2448 0.3392 0.3254 0.3047 0.3899 0.3853 0.3531 0.4038 0.4314 0.3899 0.406 0.4706 0.4291 0.406 0.489 0.4637 0.4314 0.4729 0.489 0.4568 0.1773 0.1634 0.1982 0.2422 0.2167 0.2213 0.2931 0.2561 0.2422 0.3186 0.2954 0.2677 0.3301 0.3371 0.3023 0.3301 0.3764 0.3417 0.3348 0.3903 0.3873 0.4196 0.4934 0.4634 0.4564 0.5419 0.5096 0.4819 0.5533 0.5488 0.5119 0.5464 0.5833 0.5441 0.5419 0.6088 0.5764 0.558 0.5996 0.6041
0.0 1.0 1.0 0.4867 0.3903 0.6318 0.0 0.031 0.0613 0.01 0.02 0.03 0.04 0.05 0.06 0.07 0.08 0.09 0.1 0.11 0.12 0.13 0.14 0.15 0.16 0.17 0.18 0.19 0.2 0.3392 0.3254 0.3047 0.3899 0.3853 0.3531 0.4038 0.4314 0.3899 0.406 0.4706 0.4291 0.406 0.489 0.4637 0.4314 0.4729 0.489 0.4568 0.4568 0.1634 0.1982 0.2422 0.2167 0.2213 0.2931 0.2561 0.2422 0.3186 0.2954 0.2677 0.3301 0.3371 0.3023 0.3301 0.3764 0.3417 0.3348 0.3903 0.381 0.4196 0.4934 0.4634 0.4564 0.5419 0.5096 0.4819 0.5533 0.5488 0.5119 0.5464 0.5833 0.5441 0.5419 0.6088 0.5764 0.558 0.5996 0.6041 0.5857
0.0 1.0 1.0 0.4798 0.4273 0.6157 0.1687 0.0613 0.0463 0.02 0.03 0.04 0.05 0.06 0.07 0.08 0.09 0.1 0.11 0.12 0.13 0.14 0.15 0.16 0.17 0.18 0.19 0.2 0.21 0.3254 0.3047 0.3899 0.3853 0.3531 0.4038 0.4314 0.3899 0.406 0.4706 0.4291 0.406 0.489 0.4637 0.4314 0.4729 0.489 0.4568 0.4568 0.5074 0.1982 0.2422 0.2167 0.2213 0.2931 0.2561 0.2422 0.3186 0.2954 0.2677 0.3301 0.3371 0.3023 0.3301 0.3764 0.3417 0.3348 0.3903 0.381 0.3626 0.4934 0.4634 0.4564 0.5419 0.5096 0.4819 0.5533 0.5488 0.5119 0.5464 0.5833 0.5441 0.5419 0.6088 0.5764 0.558 0.5996 0.6041 0.5857 0.5996
0.0 1.0 1.0 0.5004 0.3972 0.6202 0.069 0.0923 0.1073 0.03 0.04 0.05 0.06 0.07 0.08 0.09 0.1 0.11 0.12 0.13 0.14 0.15 0.16 0.17 0.18 0.19 0.2 0.21 0.22 0.3047 0.3899 0.3853 0.3531 0.4038 0.4314 0.3899 0.406 0.4706 0.4291 0.406 0.489 0.4637 0.4314 0.4729 0.489 0.4568 0.4568 0.5074 0.4867 0.2422 0.2167 0.2213 0.2931 0.2561 0.2422 0.3186 0.2954 0.2677 0.3301 0.3371 0.3023 0.3301 0.3764 0.3417 0.3348 0.3903 0.381 0.3626 0.3903 0.4634 0.4564 0.5419 0.5096 0.4819 0.5533 0.5488 0.5119 0.5464 0.5833 0.5441 0.5419 0.6088 0.5764 0.558 0.5996 0.6041 0.5857 0.5996 0.6318
0.0 1.0 1.0 0.5442 0.3996 0.6664 0.023 0.1233 0.0537 0.04 0.05 0.06 0.07 0.08 0.09 0.1 0.11 0.12 0.13 0.14 0.15 0.16 0.17 0.18 0.19 0.2 0.21 0.22 0.23 0.3899 0.3853 0.3531 0.4038 0.4314 0.3899 0.406 0.4706 0.4291 0.406 0.489 0.4637 0.4314 0.4729 0.489 0.4568 0.4568 0.5074 0.4867 0.4798 0.2167 0.2213 0.2931 0.2561 0.2422 0.3186 0.2954 0.2677 0.3301 0.3371 0.3023 0.3301 0.3764 0.3417 0.3348 0.3903 0.381 0.3626 0.3903 0.4273 0.4564 0.5419 0.5096 0.4819 0.5533 0.5488 0.5119 0.5464 0.5833 0.5441 0.5419 0.6088 0.5764 0.558 0.5996 0.6041 0.5857 0.5996 0.6318 0.6157
0.0 1.0 1.0 0.5189 0.4528 0.6757 0.0687 0.1003 0.015 0.05 0.06 0.07 0.08 0.09 0.1 0.11 0.12 0.13 0.14 0.15 0.16 0.17 0.18 0.19 0.2 0.21 0.22 0.23 0.24 0.3853 0.3531 0.4038 0.4314 0.3899 0.406 0.4706 0.4291 0.406 0.489 0.4637 0.4314 0.4729 0.489 0.4568 0.4568 0.5074 0.4867 0.4798 0.5004 0.2213 0.2931 0.2561 0.2422 0.3186 0.2954 0.2677 0.3301 0.3371 0.3023 0.3301 0.3764 0.3417 0.3348 0.3903 0.381 0.3626 0.3903 0.4273 0.3972 0.5419 0.5096 0.4819 0.5533 0.5488 0.5119 0.5464 0.5833 0.5441 0.5419 0.6088 0.5764 0.558 0.5996 0.6041 0.5857 0.5996 0.6318 0.6157 0.6202
0.0 1.0 1.0 0.5258 0.4551 0.6618 0.146 0.008 0.154 0.06 0.07 0.08 0.09 0.1 0.11 0.12 0.13 0.14 0.15 0.16 0.17 0.18 0.19 0.2 0.21 0.22 0.23 0.24 0.25 0.3531 0.4038 0.4314 0.3899 0.406 0.4706 0.4291 0.406 0.489 0.4637 0.4314 0.4729 0.489 0.4568 0.4568 0.5074 0.4867 0.4798 0.5004 0.5442 0.2931 0.2561 0.2422 0.3186 0.2954 0.2677 0.3301 0.3371 0.3023 0.3301 0.3764 0.3417 0.3348 0.3903 0.381 0.3626 0.3903 0.4273 0.3972 0.3996 0.5096 0.4819 0.5533 0.5488 0.5119 0.5464 0.5833 0.5441 0.5419 0.6088 0.5764 0.558 0.5996 0.6041 0.5857 0.5996 0.6318 0.6157 0.6202 0.6664
0.0 1.0 1.0 0.6041 0.4436 0.6757 0.0843 0.1773 0.031 0.07 0.08 0.09 0.1 0.11 0.12 0.13 0.14 0.15 0.16 0.17 0.18 0.19 0.2 0.21 0.22 0.23 0.24 0.25 0.26 0.4038 0.4314 0.3899 0.406 0.4706 0.4291 0.406 0.489 0.4637 0.4314 0.4729 0.489 0.4568 0.4568 0.5074 0.4867 0.4798 0.5004 0.5442 0.5189 0.2561 0.2422 0.3186 0.2954 0.2677 0.3301 0.3371 0.3023 0.3301 0.3764 0.3417 0.3348 0.3903 0.381 0.3626 0.3903 0.4273 0.3972 0.3996 0.4528 0.4819 0.5533 0.5488 0.5119 0.5464 0.5833 0.5441 0.5419 0.6088 0.5764 0.558 0.5996 0.6041 0.5857 0.5996 0.6318 0.6157 0.6202 0.6664 0.6757
0.0 1.0 1.0 0.5719 0.4713 0.7356 0.023 0.0077 0.0463 0.08 0.09 0.1 0.11 0.12 0.13 0.14 0.15 0.16 0.17 0.18 0.19 0.2 0.21 0.22 0.23 0.24 0.25 0.26 0.27 0.4314 0.3899 0.406 0.4706 0.4291 0.406 0.489 0.4637 0.4314 0.4729 0.489 0.4568 0.4568 0.5074 0.4867 0.4798 0.5004 0.5442 0.5189 0.5258 0.2422 0.3186 0.2954 0.2677 0.3301 0.3371 0.3023 0.3301 0.3764 0.3417 0.3348 0.3903 0.381 0.3626 0.3903 0.4273 0.3972 0.3996 0.4528 0.4551 0.5533 0.5488 0.5119 0.5464 0.5833 0.5441 0.5419 0.6088 0.5764 0.558 0.5996 0.6041 0.5857 0.5996 0.6318 0.6157 0.6202 0.6664 0.6757 0.6618
0.0 1.0 1.0 0.5673 0.4968 0.6941 0.261 0.0383 0.0463 0.09 0.1 0.11 0.12 0.13 0.14 0.15 0.16 0.17 0.18 0.19 0.2 0.21 0.22 0.23 0.24 0.25 0.26 0.27 0.28 0.3899 0.406 0.4706 0.4291 0.406 0.489 0.4637 0.4314 0.4729 0.489 0.4568 0.4568 0.5074 0.4867 0.4798 0.5004 0.5442 0.5189 0.5258 0.6041 0.3186 0.2954 0.2677 0.3301 0.3371 0.3023 0.3301 0.3764 0.3417 0.3348 0.3903 0.381 0.3626 0.3903 0.4273 0.3972 0.3996 0.4528 0.4551 0.4436 0.5488 0.5119 0.5464 0.5833 0.5441 0.5419 0.6088 0.5764 0.558 0.5996 0.6041 0.5857 0.5996 0.6318 0.6157 0.6202 0.6664 0.6757 0.6618 0.6757
0.0 1.0 1.0 0.6272 0.4643 0.6941 0.1073 0.0923 0.1997 0.1 0.11 0.12 0.13 0.14 0.15 0.16 0.17 0.18 0.19 0.2 0.21 0.22 0.23 0.24 0.25 0.26 0.27 0.28 0.29 0.406 0.4706 0.4291 0.406 0.489 0.4637 0.4314 0.4729 0.489 0.4568 0.4568 0.5074 0.4867 0.4798 0.5004 0.5442 0.5189 0.5258 0.6041 0.5719 0.2954 0.2677 0.3301 0.3371 0.3023 0.3301 0.3764 0.3417 0.3348 0.3903 0.381 0.3626 0.3903 0.4273 0.3972 0.3996 0.4528 0.4551 0.4436 0.4713 0.5119 0.5464 0.5833 0.5441 0.5419 0.6088 0.5764 0.558 0.5996 0.6041 0.5857 0.5996 0.6318 0.6157 0.6202 0.6664 0.6757 0.6618 0.6757 0.7356
0.0 1.0 1.0 0.6041 0.4667 0.7587 0.0153 0.085 0.1383 0.11 0.12 0.13 0.14 0.15 0.16 0.17 0.18 0.19 0.2 0.21 0.22 0.23 0.24 0.25 0.26 0.27 0.28 0.29 0.3 0.4706 0.4291 0.406 0.489 0.4637 0.4314 0.4729 0.489 0.4568 0.4568 0.5074 0.4867 0.4798 0.5004 0.5442 0.5189 0.5258 0.6041 0.5719 0.5673 0.2677 0.3301 0.3371 0.3023 0.3301 0.3764 0.3417 0.3348 0.3903 0.381 0.3626 0.3903 0.4273 0.3972 0.3996 0.4528 0.4551 0.4436 0.4713 0.4968 0.5464 0.5833 0.5441 0.5419 0.6088 0.5764 0.558 0.5996 0.6041 0.5857 0.5996 0.6318 0.6157 0.6202 0.6664 0.6757 0.6618 0.6757 0.7356 0.6941
0.0 1.0 1.0 0.5766 0.5037 0.7218 0.1997 0.1083 0.0 0.12 0.13 0.14 0.15 0.16 0.17 0.18 0.19 0.2 0.21 0.22 0.23 0.24 0.25 0.26 0.27 0.28 0.29 0.3 0.31 0.4291 0.406 0.489 0.4637 0.4314 0.4729 0.489 0.4568 0.4568 0.5074 0.4867 0.4798 0.5004 0.5442 0.5189 0.5258 0.6041 0.5719 0.5673 0.6272 0.3301 0.3371 0.3023 0.3301 0.3764 0.3417 0.3348 0.3903 0.381 0.3626 0.3903 0.4273 0.3972 0.3996 0.4528 0.4551 0.4436 0.4713 0.4968 0.4643 0.5833 0.5441 0.5419 0.6088 0.5764 0.558 0.5996 0.6041 0.5857 0.5996 0.6318 0.6157 0.6202 0.6664 0.6757 0.6618 0.6757 0.7356 0.6941 0.6941
0.0 1.0 1.0 0.6226 0.4713 0.6987 0.077 0.008 0.2153 0.13 0.14 0.15 0.16 0.17 0.18 0.19 0.2 0.21 0.22 0.23 0.24 0.25 0.26 0.27 0.28 0.29 0.3 0.31 0.32 0.406 0.489 0.4637 0.4314 0.4729 0.489 0.4568 0.4568 0.5074 0.4867 0.4798 0.5004 0.5442 0.5189 0.5258 0.6041 0.5719 0.5673 0.6272 0.6041 0.3371 0.3023 0.3301 0.3764 0.3417 0.3348 0.3903 0.381 0.3626 0.3903 0.4273 0.3972 0.3996 0.4528 0.4551 0.4436 0.4713 0.4968 0.4643 0.4667 0.5441 0.5419 0.6088 0.5764 0.558 0.5996 0.6041 0.5857 0.5996 0.6318 0.6157 0.6202 0.6664 0.6757 0.6618 0.6757 0.7356 0.6941 0.6941 0.7587
0.0 1.0 1.0 0.6202 0.469 0.7563 0.0917 0.1233 0.123 0.14 0.15 0.16 0.17 0.18 0.19 0.2 0.21 0.22 0.23 0.24 0.25 0.26 0.27 0.28 0.29 0.3 0.31 0.32 0.33 0.489 0.4637 0.4314 0.4729 0.489 0.4568 0.4568 0.5074 0.4867 0.4798 0.5004 0.5442 0.5189 0.5258 0.6041 0.5719 0.5673 0.6272 0.6041 0.5766 0.3023 0.3301 0.3764 0.3417 0.3348 0.3903 0.381 0.3626 0.3903 0.4273 0.3972 0.3996 0.4528 0.4551 0.4436 0.4713 0.4968 0.4643 0.4667 0.5037 0.5419 0.6088 0.5764 0.558 0.5996 0.6041 0.5857 0.5996 0.6318 0.6157 0.6202 0.6664 0.6757 0.6618 0.6757 0.7356 0.6941 0.6941 0.7587 0.7218
0.0 1.0 1.0 0.588 0.5107 0.7287 0.1533 0.108 0.077 0.15 0.16 0.17 0.18 0.19 0.2 0.21 0.22 0.23 0.24 0.25 0.26 0.27 0.28 0.29 0.3 0.31 0.32 0.33 0.34 0.4637 0.4314 0.4729 0.489 0.4568 0.4568 0.5074 0.4867 0.4798 0.5004 0.5442 0.5189 0.5258 0.6041 0.5719 0.5673 0.6272 0.6041 0.5766 0.6226 0.3301 0.3764 0.3417 0.3348 0.3903 0.381 0.3626 0.3903 0.4273 0.3972 0.3996 0.4528 0.4551 0.4436 0.4713 0.4968 0.4643 0.4667 0.5037 0.4713 0.6088 0.5764 0.558 0.5996 0.6041 0.5857 0.5996 0.6318 0.6157 0.6202 0.6664 0.6757 0.6618 0.6757 0.7356 0.6941 0.6941 0.7587 0.7218 0.6987
0.0 1.0 1.0 0.6249 0.4806 0.7102 0.008 0.0077 0.192 0.16 0.17 0.18 0.19 0.2 0.21 0.22 0.23 0.24 0.25 0.26 0.27 0.28 0.29 0.3 0.31 0.32 0.33 0.34 0.35 0.4314 0.4729 0.489 0.4568 0.4568 0.5074 0.4867 0.4798 0.5004 0.5442 0.5189 0.5258 0.6041 0.5719 0.5673 0.6272 0.6041 0.5766 0.6226 0.6202 0.3764 0.3417 0.3348 0.3903 0.381 0.3626 0.3903 0.4273 0.3972 0.3996 0.4528 0.4551 0.4436 0.4713 0.4968 0.4643 0.4667 0.5037 0.4713 0.469 0.5764 0.558 0.5996 0.6041 0.5857 0.5996 0.6318 0.6157 0.6202 0.6664 0.6757 0.6618 0.6757 0.7356 0.6941 0.6941 0.7587 0.7218 0.6987 0.7563
0.0 1.0 1.0 0.6318 0.4737 0.7726 0.1073 0.139 0.092 0.17 0.18 0.19 0.2 0.21 0.22 0.23 0.24 0.25 0.26 0.27 0.28 0.29 0.3 0.31 0.32 0.33 0.34 0.35 0.36 0.4729 0.489 0.4568 0.4568 0.5074 0.4867 0.4798 0.5004 0.5442 0.5189 0.5258 0.6041 0.5719 0.5673 0.6272 0.6041 0.5766 0.6226 0.6202 0.588 0.3417 0.3348 0.3903 0.381 0.3626 0.3903 0.4273 0.3972 0.3996 0.4528 0.4551 0.4436 0.4713 0.4968 0.4643 0.4667 0.5037 0.4713 0.469 0.5107 0.558 0.5996 0.6041 0.5857 0.5996 0.6318 0.6157 0.6202 0.6664 0.6757 0.6618 0.6757 0.7356 0.6941 0.6941 0.7587 0.7218 0.6987 0.7563 0.7287
0.0 1.0 1.0 0.6019 0.5269 0.7494 0.123 0.1003 0.0617 0.18 0.19 0.2 0.21 0.22 0.23 0.24 0.25 0.26 0.27 0.28 0.29 0.3 0.31 0.32 0.33 0.34 0.35 0.36 0.37 0.489 0.4568 0.4568 0.5074 0.4867 0.4798 0.5004 0.5442 0.5189 0.5258 0.6041 0.5719 0.5673 0.6272 0.6041 0.5766 0.6226 0.6202 0.588 0.6249 0.3348 0.3903 0.381 0.3626 0.3903 0.4273 0.3972 0.3996 0.4528 0.4551 0.4436 0.4713 0.4968 0.4643 0.4667 0.5037 0.4713 0.469 0.5107 0.4806 0.5996 0.6041 0.5857 0.5996 0.6318 0.6157 0.6202 0.6664 0.6757 0.6618 0.6757 0.7356 0.6941 0.6941 0.7587 0.7218 0.6987 0.7563 0.7287 0.7102
0.0 1.0 1.0 0.6341 0.506 0.7241 0.023 0.023 0.208 0.19 0.2 0.21 0.22 0.23 0.24 0.25 0.26 0.27 0.28 0.29 0.3 0.31 0.32 0.33 0.34 0.35 0.36 0.37 0.38 0.4568 0.4568 0.5074 0.4867 0.4798 0.5004 0.5442 0.5189 0.5258 0.6041 0.5719 0.5673 0.6272 0.6041 0.5766 0.6226 0.6202 0.588 0.6249 0.6318 0.3903 0.381 0.3626 0.3903 0.4273 0.3972 0.3996 0.4528 0.4551 0.4436 0.4713 0.4968 0.4643 0.4667 0.5037 0.4713 0.469 0.5107 0.4806 0.4737 0.6041 0.5857 0.5996 0.6318 0.6157 0.6202 0.6664 0.6757 0.6618 0.6757 0.7356 0.6941 0.6941 0.7587 0.7218 0.6987 0.7563 0.7287 0.7102 0.7726
0.0 1.0 1.0 0.6594 0.4898 0.7794 0.0997 0.1773 0.0773 0.2 0.21 0.22 0.23 0.24 0.25 0.26 0.27 0.28 0.29 0.3 0.31 0.32 0.33 0.34 0.35 0.36 0.37 0.38 0.39 0.4568 0.5074 0.4867 0.4798 0.5004 0.5442 0.5189 0.5258 0.6041 0.5719 0.5673 0.6272 0.6041 0.5766 0.6226 0.6202 0.588 0.6249 0.6318 0.6019 0.381 0.3626 0.3903 0.4273 0.3972 0.3996 0.4528 0.4551 0.4436 0.4713 0.4968 0.4643 0.4667 0.5037 0.4713 0.469 0.5107 0.4806 0.4737 0.5269 0.5857 0.5996 0.6318 0.6157 0.6202 0.6664 0.6757 0.6618 0.6757 0.7356 0.6941 0.6941 0.7587 0.7218 0.6987 0.7563 0.7287 0.7102 0.7726 0.7494
0.0 1.0 1.0 0.6226 0.5453 0.7794 0.1073 0.0697 0.0843 0.21 0.22 0.23 0.24 0.25 0.26 0.27 0.28 0.29 0.3 0.31 0.32 0.33 0.34 0.35 0.36 0.37 0.38 0.39 0.4 0.5074 0.4867 0.4798 0.5004 0.5442 0.5189 0.5258 0.6041 0.5719 0.5673 0.6272 0.6041 0.5766 0.6226 0.6202 0.588 0.6249 0.6318 0.6019 0.6341 0.3626 0.3903 0.4273 0.3972 0.3996 0.4528 0.4551 0.4436 0.4713 0.4968 0.4643 0.4667 0.5037 0.4713 0.469 0.5107 0.4806 0.4737 0.5269 0.506 0.5996 0.6318 0.6157 0.6202 0.6664 0.6757 0.6618 0.6757 0.7356 0.6941 0.6941 0.7587 0.7218 0.6987 0.7563 0.7287 0.7102 0.7726 0.7494 0.7241
0.0 1.0 1.0 0.6364 0.5269 0.7494 0.0843 0.054 0.1843 0.22 0.23 0.24 0.25 0.26 0.27 0.28 0.29 0.3 0.31 0.32 0.33 0.34 0.35 0.36 0.37 0.38 0.39 0.4 0.41 0.4867 0.4798 0.5004 0.5442 0.5189 0.5258 0.6041 0.5719 0.5673 0.6272 0.6041 0.5766 0.6226 0.6202 0.588 0.6249 0.6318 0.6019 0.6341 0.6594 0.3903 0.4273 0.3972 0.3996 0.4528 0.4551 0.4436 0.4713 0.4968 0.4643 0.4667 0.5037 0.4713 0.469 0.5107 0.4806 0.4737 0.5269 0.506 0.4898 0.6318 0.6157 0.6202 0.6664 0.6757 0.6618 0.6757 0.7356 0.6941 0.6941 0.7587 0.7218 0.6987 0.7563 0.7287 0.7102 0.7726 0.7494 0.7241 0.7794
0.0 1.0 1.0 0.6917 0.513 0.7863 0.1227 0.185 0.0 0.23 0.24 0.25 0.26 0.27 0.28 0.29 0.3 0.31 0.32 0.33 0.34 0.35 0.36 0.37 0.38 0.39 0.4 0.41 0.42 0.4798 0.5004 0.5442 0.5189 0.5258 0.6041 0.5719 0.5673 0.6272 0.6041 0.5766 0.6226 0.6202 0.588 0.6249 0.6318 0.6019 0.6341 0.6594 0.6226 0.4273 0.3972 0.3996 0.4528 0.4551 0.4436 0.4713 0.4968 0.4643 0.4667 0.5037 0.4713 0.469 0.5107 0.4806 0.4737 0.5269 0.506 0.4898 0.5453 0.6157 0.6202 0.6664 0.6757 0.6618 0.6757 0.7356 0.6941 0.6941 0.7587 0.7218 0.6987 0.7563 0.7287 0.7102 0.7726 0.7494 0.7241 0.7794 0.7794
0.0 1.0 1.0 0.6479 0.5616 0.8048 0.046 0.0613 0.1 0.24 0.25 0.26 0.27 0.28 0.29 0.3 0.31 0.32 0.33 0.34 0.35 0.36 0.37 0.38 0.39 0.4 0.41 0.42 0.43 0.5004 0.5442 0.5189 0.5258 0.6041 0.5719 0.5673 0.6272 0.6041 0.5766 0.6226 0.6202 0.588 0.6249 0.6318 0.6019 0.6341 0.6594 0.6226 0.6364 0.3972 0.3996 0.4528 0.4551 0.4436 0.4713 0.4968 0.4643 0.4667 0.5037 0.4713 0.469 0.5107 0.4806 0.4737 0.5269 0.506 0.4898 0.5453 0.5269 0.6202 0.6664 0.6757 0.6618 0.6757 0.7356 0.6941 0.6941 0.7587 0.7218 0.6987 0.7563 0.7287 0.7102 0.7726 0.7494 0.7241 0.7794 0.7794 0.7494
0.0 1.0 1.0 0.6364 0.5569 0.7679 0.1843 0.0463 0.123 0.25 0.26 0.27 0.28 0.29 0.3 0.31 0.32 0.33 0.34 0.35 0.36 0.37 0.38 0.39 0.4 0.41 0.42 0.43 0.44 0.5442 0.5189 0.5258 0.6041 0.5719 0.5673 0.6272 0.6041 0.5766 0.6226 0.6202 0.588 0.6249 0.6318 0.6019 0.6341 0.6594 0.6226 0.6364 0.6917 0.3996 0.4528 0.4551 0.4436 0.4713 0.4968 0.4643 0.4667 0.5037 0.4713 0.469 0.5107 0.4806 0.4737 0.5269 0.506 0.4898 0.5453 0.5269 0.513 0.6664 0.6757 0.6618 0.6757 0.7356 0.6941 0.6941 0.7587 0.7218 0.6987 0.7563 0.7287 0.7102 0.7726 0.7494 0.7241 0.7794 0.7794 0.7494 0.7863
0.0 1.0 1.0 0.7101 0.5291 0.7818 0.146 0.162 0.0617 0.26 0.27 0.28 0.29 0.3 0.31 0.32 0.33 0.34 0.35 0.36 0.37 0.38 0.39 0.4 0.41 0.42 0.43 0.44 0.45 0.5189 0.5258 0.6041 0.5719 0.5673 0.6272 0.6041 0.5766 0.6226 0.6202 0.588 0.6249 0.6318 0.6019 0.6341 0.6594 0.6226 0.6364 0.6917 0.6479 0.4528 0.4551 0.4436 0.4713 0.4968 0.4643 0.4667 0.5037 0.4713 0.469 0.5107 0.4806 0.4737 0.5269 0.506 0.4898 0.5453 0.5269 0.513 0.5616 0.6757 0.6618 0.6757 0.7356 0.6941 0.6941 0.7587 0.7218 0.6987 0.7563 0.7287 0.7102 0.7726 0.7494 0.7241 0.7794 0.7794 0.7494 0.7863 0.8048
0.0 1.0 1.0 0.6687 0.5616 0.8302 0.0383 0.0157 0.123 0.27 0.28 0.29 0.3 0.31 0.32 0.33 0.34 0.35 0.36 0.37 0.38 0.39 0.4 0.41 0.42 0.43 0.44 0.45 0.46 0.5258 0.6041 0.5719 0.5673 0.6272 0.6041 0.5766 0.6226 0.6202 0.588 0.6249 0.6318 0.6019 0.6341 0.6594 0.6226 0.6364 0.6917 0.6479 0.6364 0.4551 0.4436 0.4713 0.4968 0.4643 0.4667 0.5037 0.4713 0.469 0.5107 0.4806 0.4737 0.5269 0.506 0.4898 0.5453 0.5269 0.513 0.5616 0.5569 0.6618 0.6757 0.7356 0.6941 0.6941 0.7587 0.7218 0.6987 0.7563 0.7287 0.7102 0.7726 0.7494 0.7241 0.7794 0.7794 0.7494 0.7863 0.8048 0.7679
0.0 1.0 1.0 0.641 0.5801 0.7794 0.2457 0.0927 0.0463 0.28 0.29 0.3 0.31 0.32 0.33 0.34 0.35 0.36 0.37 0.38 0.39 0.4 0.41 0.42 0.43 0.44 0.45 0.46 0.47 0.6041 0.5719 0.5673 0.6272 0.6041 0.5766 0.6226 0.6202 0.588 0.6249 0.6318 0.6019 0.6341 0.6594 0.6226 0.6364 0.6917 0.6479 0.6364 0.7101 0.4436 0.4713 0.4968 0.4643 0.4667 0.5037 0.4713 0.469 0.5107 0.4806 0.4737 0.5269 0.506 0.4898 0.5453 0.5269 0.513 0.5616 0.5569 0.5291 0.6757 0.7356 0.6941 0.6941 0.7587 0.7218 0.6987 0.7563 0.7287 0.7102 0.7726 0.7494 0.7241 0.7794 0.7794 0.7494 0.7863 0.8048 0.7679 0.7818
0.0 1.0 1.0 0.7101 0.543 0.7702 0.138 0.1083 0.1613 0.29 0.3 0.31 0.32 0.33 0.34 0.35 0.36 0.37 0.38 0.39 0.4 0.41 0.42 0.43 0.44 0.45 0.46 0.47 0.48 0.5719 0.5673 0.6272 0.6041 0.5766 0.6226 0.6202 0.588 0.6249 0.6318 0.6019 0.6341 0.6594 0.6226 0.6364 0.6917 0.6479 0.6364 0.7101 0.6687 0.4713 0.4968 0.4643 0.4667 0.5037 0.4713 0.469 0.5107 0.4806 0.4737 0.5269 0.506 0.4898 0.5453 0.5269 0.513 0.5616 0.5569 0.5291 0.5616 0.7356 0.6941 0.6941 0.7587 0.7218 0.6987 0.7563 0.7287 0.7102 0.7726 0.7494 0.7241 0.7794 0.7794 0.7494 0.7863 0.8048 0.7679 0.7818 0.8302
0.0 1.0 1.0 0.6801 0.55 0.8371 0.0923 0.0617 0.1693 0.3 0.31 0.32 0.33 0.34 0.35 0.36 0.37 0.38 0.39 0.4 0.41 0.42 0.43 0.44 0.45 0.46 0.47 0.48 0.49 0.5673 0.6272 0.6041 0.5766 0.6226 0.6202 0.588 0.6249 0.6318 0.6019 0.6341 0.6594 0.6226 0.6364 0.6917 0.6479 0.6364 0.7101 0.6687 0.641 0.4968 0.4643 0.4667 0.5037 0.4713 0.469 0.5107 0.4806 0.4737 0.5269 0.506 0.4898 0.5453 0.5269 0.513 0.5616 0.5569 0.5291 0.5616 0.5801 0.6941 0.6941 0.7587 0.7218 0.6987 0.7563 0.7287 0.7102 0.7726 0.7494 0.7241 0.7794 0.7794 0.7494 0.7863 0.8048 0.7679 0.7818 0.8302 0.7794
0.0 1.0 1.0 0.641 0.5963 0.791 0.2303 0.1237 0.0307 0.31 0.32 0.33 0.34 0.35 0.36 0.37 0.38 0.39 0.4 0.41 0.42 0.43 0.44 0.45 0.46 0.47 0.48 0.49 0.5 0.6272 0.6041 0.5766 0.6226 0.6202 0.588 0.6249 0.6318 0.6019 0.6341 0.6594 0.6226 0.6364 0.6917 0.6479 0.6364 0.7101 0.6687 0.641 0.7101 0.4643 0.4667 0.5037 0.4713 0.469 0.5107 0.4806 0.4737 0.5269 0.506 0.4898 0.5453 0.5269 0.513 0.5616 0.5569 0.5291 0.5616 0.5801 0.543 0.6941 0.7587 0.7218 0.6987 0.7563 0.7287 0.7102 0.7726 0.7494 0.7241 0.7794 0.7794 0.7494 0.7863 0.8048 0.7679 0.7818 0.8302 0.7794 0.7702
0.0 1.0 1.0 0.6871 0.55 0.7563 0.1 0.0233 0.223 0.32 0.33 0.34 0.35 0.36 0.37 0.38 0.39 0.4 0.41 0.42 0.43 0.44 0.45 0.46 0.47 0.48 0.49 0.5 0.51 0.6041 0.5766 0.6226 0.6202 0.588 0.6249 0.6318 0.6019 0.6341 0.6594 0.6226 0.6364 0.6917 0.6479 0.6364 0.7101 0.6687 0.641 0.7101 0.6801 0.4667 0.5037 0.4713 0.469 0.5107 0.4806 0.4737 0.5269 0.506 0.4898 0.5453 0.5269 0.513 0.5616 0.5569 0.5291 0.5616 0.5801 0.543 0.55 0.7587 0.7218 0.6987 0.7563 0.7287 0.7102 0.7726 0.7494 0.7241 0.7794 0.7794 0.7494 0.7863 0.8048 0.7679 0.7818 0.8302 0.7794 0.7702 0.8371
0.0 1.0 1.0 0.6893 0.5291 0.821 0.1303 0.1543 0.1537 0.33 0.34 0.35 0.36 0.37 0.38 0.39 0.4 0.41 0.42 0.43 0.44 0.45 0.46 0.47 0.48 0.49 0.5 0.51 0.52 0.5766 0.6226 0.6202 0.588 0.6249 0.6318 0.6019 0.6341 0.6594 0.6226 0.6364 0.6917 0.6479 0.6364 0.7101 0.6687 0.641 0.7101 0.6801 0.641 0.5037 0.4713 0.469 0.5107 0.4806 0.4737 0.5269 0.506 0.4898 0.5453 0.5269 0.513 0.5616 0.5569 0.5291 0.5616 0.5801 0.543 0.55 0.5963 0.7218 0.6987 0.7563 0.7287 0.7102 0.7726 0.7494 0.7241 0.7794 0.7794 0.7494 0.7863 0.8048 0.7679 0.7818 0.8302 0.7794 0.7702 0.8371 0.791
0.0 1.0 1.0 0.6433 0.594 0.7887 0.1537 0.1543 0.1157 0.34 0.35 0.36 0.37 0.38 0.39 0.4 0.41 0.42 0.43 0.44 0.45 0.46 0.47 0.48 0.49 0.5 0.51 0.52 0.53 0.6226 0.6202 0.588 0.6249 0.6318 0.6019 0.6341 0.6594 0.6226 0.6364 0.6917 0.6479 0.6364 0.7101 0.6687 0.641 0.7101 0.6801 0.641 0.6871 0.4713 0.469 0.5107 0.4806 0.4737 0.5269 0.506 0.4898 0.5453 0.5269 0.513 0.5616 0.5569 0.5291 0.5616 0.5801 0.543 0.55 0.5963 0.55 0.6987 0.7563 0.7287 0.7102 0.7726 0.7494 0.7241 0.7794 0.7794 0.7494 0.7863 0.8048 0.7679 0.7818 0.8302 0.7794 0.7702 0.8371 0.791 0.7563
0.0 1.0 1.0 0.6571 0.5523 0.7541 0.0073 0.0697 0.2157 0.35 0.36 0.37 0.38 0.39 0.4 0.41 0.42 0.43 0.44 0.45 0.46 0.47 0.48 0.49 0.5 0.51 0.52 0.53 0.54 0.6202 0.588 0.6249 0.6318 0.6019 0.6341 0.6594 0.6226 0.6364 0.6917 0.6479 0.6364 0.7101 0.6687 0.641 0.7101 0.6801 0.641 0.6871 0.6893 0.469 0.5107 0.4806 0.4737 0.5269 0.506 0.4898 0.5453 0.5269 0.513 0.5616 0.5569 0.5291 0.5616 0.5801 0.543 0.55 0.5963 0.55 0.5291 0.7563 0.7287 0.7102 0.7726 0.7494 0.7241 0.7794 0.7794 0.7494 0.7863 0.8048 0.7679 0.7818 0.8302 0.7794 0.7702 0.8371 0.791 0.7563 0.821
0.0 1.0 1.0 0.6824 0.5199 0.7794 0.1533 0.2163 0.1077 0.36 0.37 0.38 0.39 0.4 0.41 0.42 0.43 0.44 0.45 0.46 0.47 0.48 0.49 0.5 0.51 0.52 0.53 0.54 0.55 0.588 0.6249 0.6318 0.6019 0.6341 0.6594 0.6226 0.6364 0.6917 0.6479 0.6364 0.7101 0.6687 0.641 0.7101 0.6801 0.641 0.6871 0.6893 0.6433 0.5107 0.4806 0.4737 0.5269 0.506 0.4898 0.5453 0.5269 0.513 0.5616 0.5569 0.5291 0.5616 0.5801 0.543 0.55 0.5963 0.55 0.5291 0.594 0.7287 0.7102 0.7726 0.7494 0.7241 0.7794 0.7794 0.7494 0.7863 0.8048 0.7679 0.7818 0.8302 0.7794 0.7702 0.8371 0.791 0.7563 0.821 0.7887
0.0 1.0 1.0 0.6387 0.5662 0.791 0.046 0.139 0.1153 0.37 0.38 0.39 0.4 0.41 0.42 0.43 0.44 0.45 0.46 0.47 0.48 0.49 0.5 0.51 0.52 0.53 0.54 0.55 0.56 0.6249 0.6318 0.6019 0.6341 0.6594 0.6226 0.6364 0.6917 0.6479 0.6364 0.7101 0.6687 0.641 0.7101 0.6801 0.641 0.6871 0.6893 0.6433 0.6571 0.4806 0.4737 0.5269 0.506 0.4898 0.5453 0.5269 0.513 0.5616 0.5569 0.5291 0.5616 0.5801 0.543 0.55 0.5963 0.55 0.5291 0.594 0.5523 0.7102 0.7726 0.7494 0.7241 0.7794 0.7794 0.7494 0.7863 0.8048 0.7679 0.7818 0.8302 0.7794 0.7702 0.8371 0.791 0.7563 0.821 0.7887 0.7541
0.0 1.0 1.0 0.611 0.5547 0.7518 0.0843 0.108 0.0843 0.38 0.39 0.4 0.41 0.42 0.43 0.44 0.45 0.46 0.47 0.48 0.49 0.5 0.51 0.52 0.53 0.54 0.55 0.56 0.57 0.6318 0.6019 0.6341 0.6594 0.6226 0.6364 0.6917 0.6479 0.6364 0.7101 0.6687 0.641 0.7101 0.6801 0.641 0.6871 0.6893 0.6433 0.6571 0.6824 0.4737 0.5269 0.506 0.4898 0.5453 0.5269 0.513 0.5616 0.5569 0.5291 0.5616 0.5801 0.543 0.55 0.5963 0.55 0.5291 0.594 0.5523 0.5199 0.7726 0.7494 0.7241 0.7794 0.7794 0.7494 0.7863 0.8048 0.7679 0.7818 0.8302 0.7794 0.7702 0.8371 0.791 0.7563 0.821 0.7887 0.7541 0.7794
0.0 1.0 1.0 0.6663 0.5199 0.7494 0.1457 0.1543 0.0387 0.39 0.4 0.41 0.42 0.43 0.44 0.45 0.46 0.47 0.48 0.49 0.5 0.51 0.52 0.53 0.54 0.55 0.56 0.57 0.58 0.6019 0.6341 0.6594 0.6226 0.6364 0.6917 0.6479 0.6364 0.7101 0.6687 0.641 0.7101 0.6801 0.641 0.6871 0.6893 0.6433 0.6571 0.6824 0.6387 0.5269 0.506 0.4898 0.5453 0.5269 0.513 0.5616 0.5569 0.5291 0.5616 0.5801 0.543 0.55 0.5963 0.55 0.5291 0.594 0.5523 0.5199 0.5662 0.7494 0.7241 0.7794 0.7794 0.7494 0.7863 0.8048 0.7679 0.7818 0.8302 0.7794 0.7702 0.8371 0.791 0.7563 0.821 0.7887 0.7541 0.7794 0.791
0.0 1.0 1.0 0.6341 0.543 0.7702 0.0923 0.0383 0.1307 0.4 0.41 0.42 0.43 0.44 0.45 0.46 0.47 0.48 0.49 0.5 0.51 0.52 0.53 0.54 0.55 0.56 0.57 0.58 0.59 0.6341 0.6594 0.6226 0.6364 0.6917 0.6479 0.6364 0.7101 0.6687 0.641 0.7101 0.6801 0.641 0.6871 0.6893 0.6433 0.6571 0.6824 0.6387 0.611 0.506 0.4898 0.5453 0.5269 0.513 0.5616 0.5569 0.5291 0.5616 0.5801 0.543 0.55 0.5963 0.55 0.5291 0.594 0.5523 0.5199 0.5662 0.5547 0.7241 0.7794 0.7794 0.7494 0.7863 0.8048 0.7679 0.7818 0.8302 0.7794 0.7702 0.8371 0.791 0.7563 0.821 0.7887 0.7541 0.7794 0.791 0.7518
0.0 1.0 1.0 0.6041 0.5547 0.7448 0.1843 0.116 0.008 0.41 0.42 0.43 0.44 0.45 0.46 0.47 0.48 0.49 0.5 0.51 0.52 0.53 0.54 0.55 0.56 0.57 0.58 0.59 0.6 0.6594 0.6226 0.6364 0.6917 0.6479 0.6364 0.7101 0.6687 0.641 0.7101 0.6801 0.641 0.6871 0.6893 0.6433 0.6571 0.6824 0.6387 0.611 0.6663 0.4898 0.5453 0.5269 0.513 0.5616 0.5569 0.5291 0.5616 0.5801 0.543 0.55 0.5963 0.55 0.5291 0.594 0.5523 0.5199 0.5662 0.5547 0.5199 0.7794 0.7794 0.7494 0.7863 0.8048 0.7679 0.7818 0.8302 0.7794 0.7702 0.8371 0.791 0.7563 0.821 0.7887 0.7541 0.7794 0.791 0.7518 0.7494
0.0 1.0 1.0 0.6318 0.5222 0.7218 0.1073 0.077 0.0693 0.42 0.43 0.44 0.45 0.46 0.47 0.48 0.49 0.5 0.51 0.52 0.53 0.54 0.55 0.56 0.57 0.58 0.59 0.6 0.61 0.6226 0.6364 0.6917 0.6479 0.6364 0.7101 0.6687 0.641 0.7101 0.6801 0.641 0.6871 0.6893 0.6433 0.6571 0.6824 0.6387 0.611 0.6663 0.6341 0.5453 0.5269 0.513 0.5616 0.5569 0.5291 0.5616 0.5801 0.543 0.55 0.5963 0.55 0.5291 0.594 0.5523 0.5199 0.5662 0.5547 0.5199 0.543 0.7794 0.7494 0.7863 0.8048 0.7679 0.7818 0.8302 0.7794 0.7702 0.8371 0.791 0.7563 0.821 0.7887 0.7541 0.7794 0.791 0.7518 0.7494 0.7702
0.0 1.0 1.0 0.611 0.5107 0.7587 0.1 0.039 0.0847 0.43 0.44 0.45 0.46 0.47 0.48 0.49 0.5 0.51 0.52 0.53 0.54 0.55 0.56 0.57 0.58 0.59 0.6 0.61 0.62 0.6364 0.6917 0.6479 0.6364 0.7101 0.6687 0.641 0.7101 0.6801 0.641 0.6871 0.6893 0.6433 0.6571 0.6824 0.6387 0.611 0.6663 0.6341 0.6041 0.5269 0.513 0.5616 0.5569 0.5291 0.5616 0.5801 0.543 0.55 0.5963 0.55 0.5291 0.594 0.5523 0.5199 0.5662 0.5547 0.5199 0.543 0.5547 0.7494 0.7863 0.8048 0.7679 0.7818 0.8302 0.7794 0.7702 0.8371 0.791 0.7563 0.821 0.7887 0.7541 0.7794 0.791 0.7518 0.7494 0.7702 0.7448
0.0 1.0 1.0 0.5927 0.5314 0.7426 0.0923 0.1083 0.0767 0.44 0.45 0.46 0.47 0.48 0.49 0.5 0.51 0.52 0.53 0.54 0.55 0.56 0.57 0.58 0.59 0.6 0.61 0.62 0.63 0.6917 0.6479 0.6364 0.7101 0.6687 0.641 0.7101 0.6801 0.641 0.6871 0.6893 0.6433 0.6571 0.6824 0.6387 0.611 0.6663 0.6341 0.6041 0.6318 0.513 0.5616 0.5569 0.5291 0.5616 0.5801 0.543 0.55 0.5963 0.55 0.5291 0.594 0.5523 0.5199 0.5662 0.5547 0.5199 0.543 0.5547 0.5222 0.7863 0.8048 0.7679 0.7818 0.8302 0.7794 0.7702 0.8371 0.791 0.7563 0.821 0.7887 0.7541 0.7794 0.791 0.7518 0.7494 0.7702 0.7448 0.7218
0.0 1.0 1.0 0.5719 0.5269 0.7241 0.0693 0.0383 0.123 0.45 0.46 0.47 0.48 0.49 0.5 0.51 0.52 0.53 0.54 0.55 0.56 0.57 0.58 0.59 0.6 0.61 0.62 0.63 0.64 0.6479 0.6364 0.7101 0.6687 0.641 0.7101 0.6801 0.641 0.6871 0.6893 0.6433 0.6571 0.6824 0.6387 0.611 0.6663 0.6341 0.6041 0.6318 0.611 0.5616 0.5569 0.5291 0.5616 0.5801 0.543 0.55 0.5963 0.55 0.5291 0.594 0.5523 0.5199 0.5662 0.5547 0.5199 0.543 0.5547 0.5222 0.5107 0.8048 0.7679 0.7818 0.8302 0.7794 0.7702 0.8371 0.791 0.7563 0.821 0.7887 0.7541 0.7794 0.791 0.7518 0.7494 0.7702 0.7448 0.7218 0.7587
0.0 1.0 1.0 0.5673 0.4991 0.7057 0.061 0.069 0.0537 0.46 0.47 0.48 0.49 0.5 0.51 0.52 0.53 0.54 0.55 0.56 0.57 0.58 0.59 0.6 0.61 0.62 0.63 0.64 0.65 0.6364 0.7101 0.6687 0.641 0.7101 0.6801 0.641 0.6871 0.6893 0.6433 0.6571 0.6824 0.6387 0.611 0.6663 0.6341 0.6041 0.6318 0.611 0.5927 0.5569 0.5291 0.5616 0.5801 0.543 0.55 0.5963 0.55 0.5291 0.594 0.5523 0.5199 0.5662 0.5547 0.5199 0.543 0.5547 0.5222 0.5107 0.5314 0.7679 0.7818 0.8302 0.7794 0.7702 0.8371 0.791 0.7563 0.821 0.7887 0.7541 0.7794 0.791 0.7518 0.7494 0.7702 0.7448 0.7218 0.7587 0.7426
0.0 1.0 1.0 0.5558 0.4737 0.6918 0.0693 0.015 0.0617 0.47 0.48 0.49 0.5 0.51 0.52 0.53 0.54 0.55 0.56 0.57 0.58 0.59 0.6 0.61 0.62 0.63 0.64 0.65 0.66 0.7101 0.6687 0.641 0.7101 0.6801 0.641 0.6871 0.6893 0.6433 0.6571 0.6824 0.6387 0.611 0.6663 0.6341 0.6041 0.6318 0.611 0.5927 0.5719 0.5291 0.5616 0.5801 0.543 0.55 0.5963 0.55 0.5291 0.594 0.5523 0.5199 0.5662 0.5547 0.5199 0.543 0.5547 0.5222 0.5107 0.5314 0.5269 0.7818 0.8302 0.7794 0.7702 0.8371 0.791 0.7563 0.821 0.7887 0.7541 0.7794 0.791 0.7518 0.7494 0.7702 0.7448 0.7218 0.7587 0.7426 0.7241
0.0 1.0 1.0 0.5328 0.4574 0.6871 0.0153 0.0927 0.0613 0.48 0.49 0.5 0.51 0.52 0.53 0.54 0.55 0.56 0.57 0.58 0.59 0.6 0.61 0.62 0.63 0.64 0.65 0.66 0.67 0.6687 0.641 0.7101 0.6801 0.641 0.6871 0.6893 0.6433 0.6571 0.6824 0.6387 0.611 0.6663 0.6341 0.6041 0.6318 0.611 0.5927 0.5719 0.5673 0.5616 0.5801 0.543 0.55 0.5963 0.55 0.5291 0.594 0.5523 0.5199 0.5662 0.5547 0.5199 0.543 0.5547 0.5222 0.5107 0.5314 0.5269 0.4991 0.8302 0.7794 0.7702 0.8371 0.791 0.7563 0.821 0.7887 0.7541 0.7794 0.791 0.7518 0.7494 0.7702 0.7448 0.7218 0.7587 0.7426 0.7241 0.7057
0.0 1.0 1.0 0.5097 0.4412 0.6641 0.0383 0.0847 0.0463 0.49 0.5 0.51 0.52 0.53 0.54 0.55 0.56 0.57 0.58 0.59 0.6 0.61 0.62 0.63 0.64 0.65 0.66 0.67 0.68 0.641 0.7101 0.6801 0.641 0.6871 0.6893 0.6433 0.6571 0.6824 0.6387 0.611 0.6663 0.6341 0.6041 0.6318 0.611 0.5927 0.5719 0.5673 0.5558 0.5801 0.543 0.55 0.5963 0.55 0.5291 0.594 0.5523 0.5199 0.5662 0.5547 0.5199 0.543 0.5547 0.5222 0.5107 0.5314 0.5269 0.4991 0.4737 0.7794 0.7702 0.8371 0.791 0.7563 0.821 0.7887 0.7541 0.7794 0.791 0.7518 0.7494 0.7702 0.7448 0.7218 0.7587 0.7426 0.7241 0.7057 0.6918
0.0 1.0 1.0 0.5051 0.4158 0.648 0.0767 0.0543 0.0157 0.5 0.51 0.52 0.53 0.54 0.55 0.56 0.57 0.58 0.59 0.6 0.61 0.62 0.63 0.64 0.65 0.66 0.67 0.68 0.69 0.7101 0.6801 0.641 0.6871 0.6893 0.6433 0.6571 0.6824 0.6387 0.611 0.6663 0.6341 0.6041 0.6318 0.611 0.5927 0.5719 0.5673 0.5558 0.5328 0.543 0.55 0.5963 0.55 0.5291 0.594 0.5523 0.5199 0.5662 0.5547 0.5199 0.543 0.5547 0.5222 0.5107 0.5314 0.5269 0.4991 0.4737 0.4574 0.7702 0.8371 0.791 0.7563 0.821 0.7887 0.7541 0.7794 0.791 0.7518 0.7494 0.7702 0.7448 0.7218 0.7587 0.7426 0.7241 0.7057 0.6918 0.6871
0.0 1.0 1.0 0.489 0.4019 0.6457 0.077 0.054 0.0767 0.51 0.52 0.53 0.54 0.55 0.56 0.57 0.58 0.59 0.6 0.61 0.62 0.63 0.64 0.65 0.66 0.67 0.68 0.69 0.7 0.6801 0.641 0.6871 0.6893 0.6433 0.6571 0.6824 0.6387 0.611 0.6663 0.6341 0.6041 0.6318 0.611 0.5927 0.5719 0.5673 0.5558 0.5328 0.5097 0.55 0.5963 0.55 0.5291 0.594 0.5523 0.5199 0.5662 0.5547 0.5199 0.543 0.5547 0.5222 0.5107 0.5314 0.5269 0.4991 0.4737 0.4574 0.4412 0.8371 0.791 0.7563 0.821 0.7887 0.7541 0.7794 0.791 0.7518 0.7494 0.7702 0.7448 0.7218 0.7587 0.7426 0.7241 0.7057 0.6918 0.6871 0.6641
0.0 1.0 1.0 0.4659 0.3949 0.6249 0.0153 0.0847 0.0537 0.52 0.53 0.54 0.55 0.56 0.57 0.58 0.59 0.6 0.61 0.62 0.63 0.64 0.65 0.66 0.67 0.68 0.69 0.7 0.71 0.641 0.6871 0.6893 0.6433 0.6571 0.6824 0.6387 0.611 0.6663 0.6341 0.6041 0.6318 0.611 0.5927 0.5719 0.5673 0.5558 0.5328 0.5097 0.5051 0.5963 0.55 0.5291 0.594 0.5523 0.5199 0.5662 0.5547 0.5199 0.543 0.5547 0.5222 0.5107 0.5314 0.5269 0.4991 0.4737 0.4574 0.4412 0.4158 0.791 0.7563 0.821 0.7887 0.7541 0.7794 0.791 0.7518 0.7494 0.7702 0.7448 0.7218 0.7587 0.7426 0.7241 0.7057 0.6918 0.6871 0.6641 0.648
0.0 1.0 1.0 0.4637 0.3718 0.6041 0.0537 0.0463 0.0077 0.53 0.54 0.55 0.56 0.57 0.58 0.59 0.6 0.61 0.62 0.63 0.64 0.65 0.66 0.67 0.68 0.69 0.7 0.71 0.72 0.6871 0.6893 0.6433 0.6571 0.6824 0.6387 0.611 0.6663 0.6341 0.6041 0.6318 0.611 0.5927 0.5719 0.5673 0.5558 0.5328 0.5097 0.5051 0.489 0.55 0.5291 0.594 0.5523 0.5199 0.5662 0.5547 0.5199 0.543 0.5547 0.5222 0.5107 0.5314 0.5269 0.4991 0.4737 0.4574 0.4412 0.4158 0.4019 0.7563 0.821 0.7887 0.7541 0.7794 0.791 0.7518 0.7494 0.7702 0.7448 0.7218 0.7587 0.7426 0.7241 0.7057 0.6918 0.6871 0.6641 0.648 0.6457
0.0 1.0 1.0 0.4544 0.3532 0.6041 0.077 0.0233 0.0693 0.54 0.55 0.56 0.57 0.58 0.59 0.6 0.61 0.62 0.63 0.64 0.65 0.66 0.67 0.68 0.69 0.7 0.71 0.72 0.73 0.6893 0.6433 0.6571 0.6824 0.6387 0.611 0.6663 0.6341 0.6041 0.6318 0.611 0.5927 0.5719 0.5673 0.5558 0.5328 0.5097 0.5051 0.489 0.4659 0.5291 0.594 0.5523 0.5199 0.5662 0.5547 0.5199 0.543 0.5547 0.5222 0.5107 0.5314 0.5269 0.4991 0.4737 0.4574 0.4412 0.4158 0.4019 0.3949 0.821 0.7887 0.7541 0.7794 0.791 0.7518 0.7494 0.7702 0.7448 0.7218 0.7587 0.7426 0.7241 0.7057 0.6918 0.6871 0.6641 0.648 0.6457 0.6249
0.0 1.0 1.0 0.4314 0.351 0.588 0.0073 0.077 0.0693 0.55 0.56 0.57 0.58 0.59 0.6 0.61 0.62 0.63 0.64 0.65 0.66 0.67 0.68 0.69 0.7 0.71 0.72 0.73 0.74 0.6433 0.6571 0.6824 0.6387 0.611 0.6663 0.6341 0.6041 0.6318 0.611 0.5927 0.5719 0.5673 0.5558 0.5328 0.5097 0.5051 0.489 0.4659 0.4637 0.594 0.5523 0.5199 0.5662 0.5547 0.5199 0.543 0.5547 0.5222 0.5107 0.5314 0.5269 0.4991 0.4737 0.4574 0.4412 0.4158 0.4019 0.3949 0.3718 0.7887 0.7541 0.7794 0.791 0.7518 0.7494 0.7702 0.7448 0.7218 0.7587 0.7426 0.7241 0.7057 0.6918 0.6871 0.6641 0.648 0.6457 0.6249 0.6041
0.0 1.0 1.0 0.4222 0.3324 0.5672 0.031 0.062 0.0 0.56 0.57 0.58 0.59 0.6 0.61 0.62 0.63 0.64 0.65 0.66 0.67 0.68 0.69 0.7 0.71 0.72 0.73 0.74 0.75 0.6571 0.6824 0.6387 0.611 0.6663 0.6341 0.6041 0.6318 0.611 0.5927 0.5719 0.5673 0.5558 0.5328 0.5097 0.5051 0.489 0.4659 0.4637 0.4544 0.5523 0.5199 0.5662 0.5547 0.5199 0.543 0.5547 0.5222 0.5107 0.5314 0.5269 0.4991 0.4737 0.4574 0.4412 0.4158 0.4019 0.3949 0.3718 0.3532 0.7541 0.7794 0.791 0.7518 0.7494 0.7702 0.7448 0.7218 0.7587 0.7426 0.7241 0.7057 0.6918 0.6871 0.6641 0.648 0.6457 0.6249 0.6041 0.6041
0.0 1.0 1.0 0.4176 0.3139 0.5626 0.0767 0.0073 0.0537 0.57 0.58 0.59 0.6 0.61 0.62 0.63 0.64 0.65 0.66 0.67 0.68 0.69 0.7 0.71 0.72 0.73 0.74 0.75 0.76 0.6824 0.6387 0.611 0.6663 0.6341 0.6041 0.6318 0.611 0.5927 0.5719 0.5673 0.5558 0.5328 0.5097 0.5051 0.489 0.4659 0.4637 0.4544 0.4314 0.5199 0.5662 0.5547 0.5199 0.543 0.5547 0.5222 0.5107 0.5314 0.5269 0.4991 0.4737 0.4574 0.4412 0.4158 0.4019 0.3949 0.3718 0.3532 0.351 0.7794 0.791 0.7518 0.7494 0.7702 0.7448 0.7218 0.7587 0.7426 0.7241 0.7057 0.6918 0.6871 0.6641 0.648 0.6457 0.6249 0.6041 0.6041 0.588
0.0 1.0 1.0 0.3969 0.3093 0.5533 0.0307 0.062 0.0693 0.58 0.59 0.6 0.61 0.62 0.63 0.64 0.65 0.66 0.67 0.68 0.69 0.7 0.71 0.72 0.73 0.74 0.75 0.76 0.77 0.6387 0.611 0.6663 0.6341 0.6041 0.6318 0.611 0.5927 0.5719 0.5673 0.5558 0.5328 0.5097 0.5051 0.489 0.4659 0.4637 0.4544 0.4314 0.4222 0.5662 0.5547 0.5199 0.543 0.5547 0.5222 0.5107 0.5314 0.5269 0.4991 0.4737 0.4574 0.4412 0.4158 0.4019 0.3949 0.3718 0.3532 0.351 0.3324 0.791 0.7518 0.7494 0.7702 0.7448 0.7218 0.7587 0.7426 0.7241 0.7057 0.6918 0.6871 0.6641 0.648 0.6457 0.6249 0.6041 0.6041 0.588 0.5672
0.0 1.0 1.0 0.3853 0.2977 0.5349 0.0153 0.0617 0.0153 0.59 0.6 0.61 0.62 0.63 0.64 0.65 0.66 0.67 0.68 0.69 0.7 0.71 0.72 0.73 0.74 0.75 0.76 0.77 0.78 0.611 0.6663 0.6341 0.6041 0.6318 0.611 0.5927 0.5719 0.5673 0.5558 0.5328 0.5097 0.5051 0.489 0.4659 0.4637 0.4544 0.4314 0.4222 0.4176 0.5547 0.5199 0.543 0.5547 0.5222 0.5107 0.5314 0.5269 0.4991 0.4737 0.4574 0.4412 0.4158 0.4019 0.3949 0.3718 0.3532 0.351 0.3324 0.3139 0.7518 0.7494 0.7702 0.7448 0.7218 0.7587 0.7426 0.7241 0.7057 0.6918 0.6871 0.6641 0.648 0.6457 0.6249 0.6041 0.6041 0.588 0.5672 0.5626
0.0 1.0 1.0 0.3853 0.2769 0.528 0.069 0.0153 0.031 0.6 0.61 0.62 0.63 0.64 0.65 0.66 0.67 0.68 0.69 0.7 0.71 0.72 0.73 0.74 0.75 0.76 0.77 0.78 0.79 0.6663 0.6341 0.6041 0.6318 0.611 0.5927 0.5719 0.5673 0.5558 0.5328 0.5097 0.5051 0.489 0.4659 0.4637 0.4544 0.4314 0.4222 0.4176 0.3969 0.5199 0.543 0.5547 0.5222 0.5107 0.5314 0.5269 0.4991 0.4737 0.4574 0.4412 0.4158 0.4019 0.3949 0.3718 0.3532 0.351 0.3324 0.3139 0.3093 0.7494 0.7702 0.7448 0.7218 0.7587 0.7426 0.7241 0.7057 0.6918 0.6871 0.6641 0.648 0.6457 0.6249 0.6041 0.6041 0.588 0.5672 0.5626 0.5533
0.0 1.0 1.0 0.3692 0.2746 0.5234 0.0387 0.0387 0.0613 0.61 0.62 0.63 0.64 0.65 0.66 0.67 0.68 0.69 0.7 0.71 0.72 0.73 0.74 0.75 0.76 0.77 0.78 0.79 0.8 0.6341 0.6041 0.6318 0.611 0.5927 0.5719 0.5673 0.5558 0.5328 0.5097 0.5051 0.489 0.4659 0.4637 0.4544 0.4314 0.4222 0.4176 0.3969 0.3853 0.543 0.5547 0.5222 0.5107 0.5314 0.5269 0.4991 0.4737 0.4574 0.4412 0.4158 0.4019 0.3949 0.3718 0.3532 0.351 0.3324 0.3139 0.3093 0.2977 0.7702 0.7448 0.7218 0.7587 0.7426 0.7241 0.7057 0.6918 0.6871 0.6641 0.648 0.6457 0.6249 0.6041 0.6041 0.588 0.5672 0.5626 0.5533 0.5349
