0.0537 0.3262 1.0 0.1489 0.2364 0.2041 0.1742 0.2457 0.2433 0.2088 0.2433 0.271 0.2341 0.2249 0.2848 0.2571 0.2364 0.2548 0.2824 0.2594 0.2663 0.3101 0.294 0.4083 0.3737 0.406 0.45 0.4107 0.4083 0.4848 0.4547 0.4316 0.4871 0.4917 0.4639 0.4917 0.5126 0.4917 0.4893 0.5333 0.5357 0.5171 0.5357 0.3781 0.385 0.4496 0.4081 0.3897 0.4681 0.4427 0.4173 0.4611 0.4727 0.445 0.4496 0.4888 0.4681 0.4658 0.4934 0.4888 0.4796 0.498 0.5488
0.0153 0.37 1.0 0.2364 0.2041 0.1742 0.2457 0.2433 0.2088 0.2433 0.271 0.2341 0.2249 0.2848 0.2571 0.2364 0.2548 0.2824 0.2594 0.2663 0.3101 0.294 0.2986 0.3737 0.406 0.45 0.4107 0.4083 0.4848 0.4547 0.4316 0.4871 0.4917 0.4639 0.4917 0.5126 0.4917 0.4893 0.5333 0.5357 0.5171 0.5357 0.582 0.385 0.4496 0.4081 0.3897 0.4681 0.4427 0.4173 0.4611 0.4727 0.445 0.4496 0.4888 0.4681 0.4658 0.4934 0.4888 0.4796 0.498 0.5488 0.5372
0.092 0.3516 1.0 0.2041 0.1742 0.2457 0.2433 0.2088 0.2433 0.271 0.2341 0.2249 0.2848 0.2571 0.2364 0.2548 0.2824 0.2594 0.2663 0.3101 0.294 0.2986 0.3262 0.406 0.45 0.4107 0.4083 0.4848 0.4547 0.4316 0.4871 0.4917 0.4639 0.4917 0.5126 0.4917 0.4893 0.5333 0.5357 0.5171 0.5357 0.582 0.5588 0.4496 0.4081 0.3897 0.4681 0.4427 0.4173 0.4611 0.4727 0.445 0.4496 0.4888 0.4681 0.4658 0.4934 0.4888 0.4796 0.498 0.5488 0.5372 0.5464
0.146 0.3631 1.0 0.1742 0.2457 0.2433 0.2088 0.2433 0.271 0.2341 0.2249 0.2848 0.2571 0.2364 0.2548 0.2824 0.2594 0.2663 0.3101 0.294 0.2986 0.3262 0.37 0.45 0.4107 0.4083 0.4848 0.4547 0.4316 0.4871 0.4917 0.4639 0.4917 0.5126 0.4917 0.4893 0.5333 0.5357 0.5171 0.5357 0.582 0.5588 0.5681 0.4081 0.3897 0.4681 0.4427 0.4173 0.4611 0.4727 0.445 0.4496 0.4888 0.4681 0.4658 0.4934 0.4888 0.4796 0.498 0.5488 0.5372 0.5464 0.5949
0.0613 0.4322 1.0 0.2457 0.2433 0.2088 0.2433 0.271 0.2341 0.2249 0.2848 0.2571 0.2364 0.2548 0.2824 0.2594 0.2663 0.3101 0.294 0.2986 0.3262 0.37 0.3516 0.4107 0.4083 0.4848 0.4547 0.4316 0.4871 0.4917 0.4639 0.4917 0.5126 0.4917 0.4893 0.5333 0.5357 0.5171 0.5357 0.582 0.5588 0.5681 0.6167 0.3897 0.4681 0.4427 0.4173 0.4611 0.4727 0.445 0.4496 0.4888 0.4681 0.4658 0.4934 0.4888 0.4796 0.498 0.5488 0.5372 0.5464 0.5949 0.6041
0.0383 0.3953 1.0 0.2433 0.2088 0.2433 0.271 0.2341 0.2249 0.2848 0.2571 0.2364 0.2548 0.2824 0.2594 0.2663 0.3101 0.294 0.2986 0.3262 0.37 0.3516 0.3631 0.4083 0.4848 0.4547 0.4316 0.4871 0.4917 0.4639 0.4917 0.5126 0.4917 0.4893 0.5333 0.5357 0.5171 0.5357 0.582 0.5588 0.5681 0.6167 0.6143 0.4681 0.4427 0.4173 0.4611 0.4727 0.445 0.4496 0.4888 0.4681 0.4658 0.4934 0.4888 0.4796 0.498 0.5488 0.5372 0.5464 0.5949 0.6041 0.5857
0.2303 0.3861 1.0 0.2088 0.2433 0.271 0.2341 0.2249 0.2848 0.2571 0.2364 0.2548 0.2824 0.2594 0.2663 0.3101 0.294 0.2986 0.3262 0.37 0.3516 0.3631 0.4322 0.4848 0.4547 0.4316 0.4871 0.4917 0.4639 0.4917 0.5126 0.4917 0.4893 0.5333 0.5357 0.5171 0.5357 0.582 0.5588 0.5681 0.6167 0.6143 0.6051 0.4427 0.4173 0.4611 0.4727 0.445 0.4496 0.4888 0.4681 0.4658 0.4934 0.4888 0.4796 0.498 0.5488 0.5372 0.5464 0.5949 0.6041 0.5857 0.6088
0.123 0.4483 1.0 0.2433 0.271 0.2341 0.2249 0.2848 0.2571 0.2364 0.2548 0.2824 0.2594 0.2663 0.3101 0.294 0.2986 0.3262 0.37 0.3516 0.3631 0.4322 0.3953 0.4547 0.4316 0.4871 0.4917 0.4639 0.4917 0.5126 0.4917 0.4893 0.5333 0.5357 0.5171 0.5357 0.582 0.5588 0.5681 0.6167 0.6143 0.6051 0.6329 0.4173 0.4611 0.4727 0.445 0.4496 0.4888 0.4681 0.4658 0.4934 0.4888 0.4796 0.498 0.5488 0.5372 0.5464 0.5949 0.6041 0.5857 0.6088 0.6549
0.0307 0.4183 1.0 0.271 0.2341 0.2249 0.2848 0.2571 0.2364 0.2548 0.2824 0.2594 0.2663 0.3101 0.294 0.2986 0.3262 0.37 0.3516 0.3631 0.4322 0.3953 0.3861 0.4316 0.4871 0.4917 0.4639 0.4917 0.5126 0.4917 0.4893 0.5333 0.5357 0.5171 0.5357 0.582 0.5588 0.5681 0.6167 0.6143 0.6051 0.6329 0.6444 0.4611 0.4727 0.445 0.4496 0.4888 0.4681 0.4658 0.4934 0.4888 0.4796 0.498 0.5488 0.5372 0.5464 0.5949 0.6041 0.5857 0.6088 0.6549 0.6111
0.2073 0.3953 1.0 0.2341 0.2249 0.2848 0.2571 0.2364 0.2548 0.2824 0.2594 0.2663 0.3101 0.294 0.2986 0.3262 0.37 0.3516 0.3631 0.4322 0.3953 0.3861 0.4483 0.4871 0.4917 0.4639 0.4917 0.5126 0.4917 0.4893 0.5333 0.5357 0.5171 0.5357 0.582 0.5588 0.5681 0.6167 0.6143 0.6051 0.6329 0.6444 0.6167 0.4727 0.445 0.4496 0.4888 0.4681 0.4658 0.4934 0.4888 0.4796 0.498 0.5488 0.5372 0.5464 0.5949 0.6041 0.5857 0.6088 0.6549 0.6111 0.6111
0.1 0.4437 1.0 0.2249 0.2848 0.2571 0.2364 0.2548 0.2824 0.2594 0.2663 0.3101 0.294 0.2986 0.3262 0.37 0.3516 0.3631 0.4322 0.3953 0.3861 0.4483 0.4183 0.4917 0.4639 0.4917 0.5126 0.4917 0.4893 0.5333 0.5357 0.5171 0.5357 0.582 0.5588 0.5681 0.6167 0.6143 0.6051 0.6329 0.6444 0.6167 0.6236 0.445 0.4496 0.4888 0.4681 0.4658 0.4934 0.4888 0.4796 0.498 0.5488 0.5372 0.5464 0.5949 0.6041 0.5857 0.6088 0.6549 0.6111 0.6111 0.671
0.0767 0.4207 1.0 0.2848 0.2571 0.2364 0.2548 0.2824 0.2594 0.2663 0.3101 0.294 0.2986 0.3262 0.37 0.3516 0.3631 0.4322 0.3953 0.3861 0.4483 0.4183 0.3953 0.4639 0.4917 0.5126 0.4917 0.4893 0.5333 0.5357 0.5171 0.5357 0.582 0.5588 0.5681 0.6167 0.6143 0.6051 0.6329 0.6444 0.6167 0.6236 0.6468 0.4496 0.4888 0.4681 0.4658 0.4934 0.4888 0.4796 0.498 0.5488 0.5372 0.5464 0.5949 0.6041 0.5857 0.6088 0.6549 0.6111 0.6111 0.671 0.6272
0.1613 0.393 1.0 0.2571 0.2364 0.2548 0.2824 0.2594 0.2663 0.3101 0.294 0.2986 0.3262 0.37 0.3516 0.3631 0.4322 0.3953 0.3861 0.4483 0.4183 0.3953 0.4437 0.4917 0.5126 0.4917 0.4893 0.5333 0.5357 0.5171 0.5357 0.582 0.5588 0.5681 0.6167 0.6143 0.6051 0.6329 0.6444 0.6167 0.6236 0.6468 0.6167 0.4888 0.4681 0.4658 0.4934 0.4888 0.4796 0.498 0.5488 0.5372 0.5464 0.5949 0.6041 0.5857 0.6088 0.6549 0.6111 0.6111 0.671 0.6272 0.618
0.0767 0.4344 1.0 0.2364 0.2548 0.2824 0.2594 0.2663 0.3101 0.294 0.2986 0.3262 0.37 0.3516 0.3631 0.4322 0.3953 0.3861 0.4483 0.4183 0.3953 0.4437 0.4207 0.5126 0.4917 0.4893 0.5333 0.5357 0.5171 0.5357 0.582 0.5588 0.5681 0.6167 0.6143 0.6051 0.6329 0.6444 0.6167 0.6236 0.6468 0.6167 0.619 0.4681 0.4658 0.4934 0.4888 0.4796 0.498 0.5488 0.5372 0.5464 0.5949 0.6041 0.5857 0.6088 0.6549 0.6111 0.6111 0.671 0.6272 0.618 0.6757
0.0923 0.4253 1.0 0.2548 0.2824 0.2594 0.2663 0.3101 0.294 0.2986 0.3262 0.37 0.3516 0.3631 0.4322 0.3953 0.3861 0.4483 0.4183 0.3953 0.4437 0.4207 0.393 0.4917 0.4893 0.5333 0.5357 0.5171 0.5357 0.582 0.5588 0.5681 0.6167 0.6143 0.6051 0.6329 0.6444 0.6167 0.6236 0.6468 0.6167 0.619 0.6421 0.4658 0.4934 0.4888 0.4796 0.498 0.5488 0.5372 0.5464 0.5949 0.6041 0.5857 0.6088 0.6549 0.6111 0.6111 0.671 0.6272 0.618 0.6757 0.6411
0.138 0.3953 1.0 0.2824 0.2594 0.2663 0.3101 0.294 0.2986 0.3262 0.37 0.3516 0.3631 0.4322 0.3953 0.3861 0.4483 0.4183 0.3953 0.4437 0.4207 0.393 0.4344 0.4893 0.5333 0.5357 0.5171 0.5357 0.582 0.5588 0.5681 0.6167 0.6143 0.6051 0.6329 0.6444 0.6167 0.6236 0.6468 0.6167 0.619 0.6421 0.612 0.4934 0.4888 0.4796 0.498 0.5488 0.5372 0.5464 0.5949 0.6041 0.5857 0.6088 0.6549 0.6111 0.6111 0.671 0.6272 0.618 0.6757 0.6411 0.6249
0.0303 0.4437 1.0 0.2594 0.2663 0.3101 0.294 0.2986 0.3262 0.37 0.3516 0.3631 0.4322 0.3953 0.3861 0.4483 0.4183 0.3953 0.4437 0.4207 0.393 0.4344 0.4253 0.5333 0.5357 0.5171 0.5357 0.582 0.5588 0.5681 0.6167 0.6143 0.6051 0.6329 0.6444 0.6167 0.6236 0.6468 0.6167 0.619 0.6421 0.612 0.619 0.4888 0.4796 0.498 0.5488 0.5372 0.5464 0.5949 0.6041 0.5857 0.6088 0.6549 0.6111 0.6111 0.671 0.6272 0.618 0.6757 0.6411 0.6249 0.6849
0.1 0.4483 1.0 0.2663 0.3101 0.294 0.2986 0.3262 0.37 0.3516 0.3631 0.4322 0.3953 0.3861 0.4483 0.4183 0.3953 0.4437 0.4207 0.393 0.4344 0.4253 0.3953 0.5357 0.5171 0.5357 0.582 0.5588 0.5681 0.6167 0.6143 0.6051 0.6329 0.6444 0.6167 0.6236 0.6468 0.6167 0.619 0.6421 0.612 0.619 0.6537 0.4796 0.498 0.5488 0.5372 0.5464 0.5949 0.6041 0.5857 0.6088 0.6549 0.6111 0.6111 0.671 0.6272 0.618 0.6757 0.6411 0.6249 0.6849 0.6433
0.1613 0.4091 1.0 0.3101 0.294 0.2986 0.3262 0.37 0.3516 0.3631 0.4322 0.3953 0.3861 0.4483 0.4183 0.3953 0.4437 0.4207 0.393 0.4344 0.4253 0.3953 0.4437 0.5171 0.5357 0.582 0.5588 0.5681 0.6167 0.6143 0.6051 0.6329 0.6444 0.6167 0.6236 0.6468 0.6167 0.619 0.6421 0.612 0.619 0.6537 0.6259 0.498 0.5488 0.5372 0.5464 0.5949 0.6041 0.5857 0.6088 0.6549 0.6111 0.6111 0.671 0.6272 0.618 0.6757 0.6411 0.6249 0.6849 0.6433 0.6272
0.0153 0.4621 1.0 0.294 0.2986 0.3262 0.37 0.3516 0.3631 0.4322 0.3953 0.3861 0.4483 0.4183 0.3953 0.4437 0.4207 0.393 0.4344 0.4253 0.3953 0.4437 0.4483 0.5357 0.582 0.5588 0.5681 0.6167 0.6143 0.6051 0.6329 0.6444 0.6167 0.6236 0.6468 0.6167 0.619 0.6421 0.612 0.619 0.6537 0.6259 0.6306 0.5488 0.5372 0.5464 0.5949 0.6041 0.5857 0.6088 0.6549 0.6111 0.6111 0.671 0.6272 0.618 0.6757 0.6411 0.6249 0.6849 0.6433 0.6272 0.6849
0.1307 0.4598 1.0 0.2986 0.3262 0.37 0.3516 0.3631 0.4322 0.3953 0.3861 0.4483 0.4183 0.3953 0.4437 0.4207 0.393 0.4344 0.4253 0.3953 0.4437 0.4483 0.4091 0.582 0.5588 0.5681 0.6167 0.6143 0.6051 0.6329 0.6444 0.6167 0.6236 0.6468 0.6167 0.619 0.6421 0.612 0.619 0.6537 0.6259 0.6306 0.6791 0.5372 0.5464 0.5949 0.6041 0.5857 0.6088 0.6549 0.6111 0.6111 0.671 0.6272 0.618 0.6757 0.6411 0.6249 0.6849 0.6433 0.6272 0.6849 0.6526
0.1767 0.4183 1.0 0.3262 0.37 0.3516 0.3631 0.4322 0.3953 0.3861 0.4483 0.4183 0.3953 0.4437 0.4207 0.393 0.4344 0.4253 0.3953 0.4437 0.4483 0.4091 0.4621 0.5588 0.5681 0.6167 0.6143 0.6051 0.6329 0.6444 0.6167 0.6236 0.6468 0.6167 0.619 0.6421 0.612 0.619 0.6537 0.6259 0.6306 0.6791 0.6444 0.5464 0.5949 0.6041 0.5857 0.6088 0.6549 0.6111 0.6111 0.671 0.6272 0.618 0.6757 0.6411 0.6249 0.6849 0.6433 0.6272 0.6849 0.6526 0.6272
0.0077 0.4576 1.0 0.37 0.3516 0.3631 0.4322 0.3953 0.3861 0.4483 0.4183 0.3953 0.4437 0.4207 0.393 0.4344 0.4253 0.3953 0.4437 0.4483 0.4091 0.4621 0.4598 0.5681 0.6167 0.6143 0.6051 0.6329 0.6444 0.6167 0.6236 0.6468 0.6167 0.619 0.6421 0.612 0.619 0.6537 0.6259 0.6306 0.6791 0.6444 0.6352 0.5949 0.6041 0.5857 0.6088 0.6549 0.6111 0.6111 0.671 0.6272 0.618 0.6757 0.6411 0.6249 0.6849 0.6433 0.6272 0.6849 0.6526 0.6272 0.6988
0.1383 0.4851 1.0 0.3516 0.3631 0.4322 0.3953 0.3861 0.4483 0.4183 0.3953 0.4437 0.4207 0.393 0.4344 0.4253 0.3953 0.4437 0.4483 0.4091 0.4621 0.4598 0.4183 0.6167 0.6143 0.6051 0.6329 0.6444 0.6167 0.6236 0.6468 0.6167 0.619 0.6421 0.612 0.619 0.6537 0.6259 0.6306 0.6791 0.6444 0.6352 0.6908 0.6041 0.5857 0.6088 0.6549 0.6111 0.6111 0.671 0.6272 0.618 0.6757 0.6411 0.6249 0.6849 0.6433 0.6272 0.6849 0.6526 0.6272 0.6988 0.678
0.131 0.4344 1.0 0.3631 0.4322 0.3953 0.3861 0.4483 0.4183 0.3953 0.4437 0.4207 0.393 0.4344 0.4253 0.3953 0.4437 0.4483 0.4091 0.4621 0.4598 0.4183 0.4576 0.6143 0.6051 0.6329 0.6444 0.6167 0.6236 0.6468 0.6167 0.619 0.6421 0.612 0.619 0.6537 0.6259 0.6306 0.6791 0.6444 0.6352 0.6908 0.6607 0.5857 0.6088 0.6549 0.6111 0.6111 0.671 0.6272 0.618 0.6757 0.6411 0.6249 0.6849 0.6433 0.6272 0.6849 0.6526 0.6272 0.6988 0.678 0.6411
0.0917 0.4483 1.0 0.4322 0.3953 0.3861 0.4483 0.4183 0.3953 0.4437 0.4207 0.393 0.4344 0.4253 0.3953 0.4437 0.4483 0.4091 0.4621 0.4598 0.4183 0.4576 0.4851 0.6051 0.6329 0.6444 0.6167 0.6236 0.6468 0.6167 0.619 0.6421 0.612 0.619 0.6537 0.6259 0.6306 0.6791 0.6444 0.6352 0.6908 0.6607 0.6444 0.6088 0.6549 0.6111 0.6111 0.671 0.6272 0.618 0.6757 0.6411 0.6249 0.6849 0.6433 0.6272 0.6849 0.6526 0.6272 0.6988 0.678 0.6411 0.7057
0.169 0.4967 1.0 0.3953 0.3861 0.4483 0.4183 0.3953 0.4437 0.4207 0.393 0.4344 0.4253 0.3953 0.4437 0.4483 0.4091 0.4621 0.4598 0.4183 0.4576 0.4851 0.4344 0.6329 0.6444 0.6167 0.6236 0.6468 0.6167 0.619 0.6421 0.612 0.619 0.6537 0.6259 0.6306 0.6791 0.6444 0.6352 0.6908 0.6607 0.6444 0.7092 0.6549 0.6111 0.6111 0.671 0.6272 0.618 0.6757 0.6411 0.6249 0.6849 0.6433 0.6272 0.6849 0.6526 0.6272 0.6988 0.678 0.6411 0.7057 0.6941
0.0463 0.4437 1.0 0.3861 0.4483 0.4183 0.3953 0.4437 0.4207 0.393 0.4344 0.4253 0.3953 0.4437 0.4483 0.4091 0.4621 0.4598 0.4183 0.4576 0.4851 0.4344 0.4483 0.6444 0.6167 0.6236 0.6468 0.6167 0.619 0.6421 0.612 0.619 0.6537 0.6259 0.6306 0.6791 0.6444 0.6352 0.6908 0.6607 0.6444 0.7092 0.6769 0.6111 0.6111 0.671 0.6272 0.618 0.6757 0.6411 0.6249 0.6849 0.6433 0.6272 0.6849 0.6526 0.6272 0.6988 0.678 0.6411 0.7057 0.6941 0.6503
0.1613 0.4322 1.0 0.4483 0.4183 0.3953 0.4437 0.4207 0.393 0.4344 0.4253 0.3953 0.4437 0.4483 0.4091 0.4621 0.4598 0.4183 0.4576 0.4851 0.4344 0.4483 0.4967 0.6167 0.6236 0.6468 0.6167 0.619 0.6421 0.612 0.619 0.6537 0.6259 0.6306 0.6791 0.6444 0.6352 0.6908 0.6607 0.6444 0.7092 0.6769 0.6468 0.6111 0.671 0.6272 0.618 0.6757 0.6411 0.6249 0.6849 0.6433 0.6272 0.6849 0.6526 0.6272 0.6988 0.678 0.6411 0.7057 0.6941 0.6503 0.6964
0.1767 0.4967 1.0 0.4183 0.3953 0.4437 0.4207 0.393 0.4344 0.4253 0.3953 0.4437 0.4483 0.4091 0.4621 0.4598 0.4183 0.4576 0.4851 0.4344 0.4483 0.4967 0.4437 0.6236 0.6468 0.6167 0.619 0.6421 0.612 0.619 0.6537 0.6259 0.6306 0.6791 0.6444 0.6352 0.6908 0.6607 0.6444 0.7092 0.6769 0.6468 0.7069 0.671 0.6272 0.618 0.6757 0.6411 0.6249 0.6849 0.6433 0.6272 0.6849 0.6526 0.6272 0.6988 0.678 0.6411 0.7057 0.6941 0.6503 0.6964 0.701
0.0383 0.446 1.0 0.3953 0.4437 0.4207 0.393 0.4344 0.4253 0.3953 0.4437 0.4483 0.4091 0.4621 0.4598 0.4183 0.4576 0.4851 0.4344 0.4483 0.4967 0.4437 0.4322 0.6468 0.6167 0.619 0.6421 0.612 0.619 0.6537 0.6259 0.6306 0.6791 0.6444 0.6352 0.6908 0.6607 0.6444 0.7092 0.6769 0.6468 0.7069 0.6884 0.6272 0.618 0.6757 0.6411 0.6249 0.6849 0.6433 0.6272 0.6849 0.6526 0.6272 0.6988 0.678 0.6411 0.7057 0.6941 0.6503 0.6964 0.701 0.6549
0.215 0.4138 1.0 0.4437 0.4207 0.393 0.4344 0.4253 0.3953 0.4437 0.4483 0.4091 0.4621 0.4598 0.4183 0.4576 0.4851 0.4344 0.4483 0.4967 0.4437 0.4322 0.4967 0.6167 0.619 0.6421 0.612 0.619 0.6537 0.6259 0.6306 0.6791 0.6444 0.6352 0.6908 0.6607 0.6444 0.7092 0.6769 0.6468 0.7069 0.6884 0.6491 0.618 0.6757 0.6411 0.6249 0.6849 0.6433 0.6272 0.6849 0.6526 0.6272 0.6988 0.678 0.6411 0.7057 0.6941 0.6503 0.6964 0.701 0.6549 0.6688
0.169 0.4898 1.0 0.4207 0.393 0.4344 0.4253 0.3953 0.4437 0.4483 0.4091 0.4621 0.4598 0.4183 0.4576 0.4851 0.4344 0.4483 0.4967 0.4437 0.4322 0.4967 0.446 0.619 0.6421 0.612 0.619 0.6537 0.6259 0.6306 0.6791 0.6444 0.6352 0.6908 0.6607 0.6444 0.7092 0.6769 0.6468 0.7069 0.6884 0.6491 0.6884 0.6757 0.6411 0.6249 0.6849 0.6433 0.6272 0.6849 0.6526 0.6272 0.6988 0.678 0.6411 0.7057 0.6941 0.6503 0.6964 0.701 0.6549 0.6688 0.701
0.1073 0.4483 1.0 0.393 0.4344 0.4253 0.3953 0.4437 0.4483 0.4091 0.4621 0.4598 0.4183 0.4576 0.4851 0.4344 0.4483 0.4967 0.4437 0.4322 0.4967 0.446 0.4138 0.6421 0.612 0.619 0.6537 0.6259 0.6306 0.6791 0.6444 0.6352 0.6908 0.6607 0.6444 0.7092 0.6769 0.6468 0.7069 0.6884 0.6491 0.6884 0.693 0.6411 0.6249 0.6849 0.6433 0.6272 0.6849 0.6526 0.6272 0.6988 0.678 0.6411 0.7057 0.6941 0.6503 0.6964 0.701 0.6549 0.6688 0.701 0.6503
0.2533 0.4069 1.0 0.4344 0.4253 0.3953 0.4437 0.4483 0.4091 0.4621 0.4598 0.4183 0.4576 0.4851 0.4344 0.4483 0.4967 0.4437 0.4322 0.4967 0.446 0.4138 0.4898 0.612 0.619 0.6537 0.6259 0.6306 0.6791 0.6444 0.6352 0.6908 0.6607 0.6444 0.7092 0.6769 0.6468 0.7069 0.6884 0.6491 0.6884 0.693 0.6513 0.6249 0.6849 0.6433 0.6272 0.6849 0.6526 0.6272 0.6988 0.678 0.6411 0.7057 0.6941 0.6503 0.6964 0.701 0.6549 0.6688 0.701 0.6503 0.6364
0.1383 0.4576 1.0 0.4253 0.3953 0.4437 0.4483 0.4091 0.4621 0.4598 0.4183 0.4576 0.4851 0.4344 0.4483 0.4967 0.4437 0.4322 0.4967 0.446 0.4138 0.4898 0.4483 0.619 0.6537 0.6259 0.6306 0.6791 0.6444 0.6352 0.6908 0.6607 0.6444 0.7092 0.6769 0.6468 0.7069 0.6884 0.6491 0.6884 0.693 0.6513 0.663 0.6849 0.6433 0.6272 0.6849 0.6526 0.6272 0.6988 0.678 0.6411 0.7057 0.6941 0.6503 0.6964 0.701 0.6549 0.6688 0.701 0.6503 0.6364 0.6964
0.138 0.4437 1.0 0.3953 0.4437 0.4483 0.4091 0.4621 0.4598 0.4183 0.4576 0.4851 0.4344 0.4483 0.4967 0.4437 0.4322 0.4967 0.446 0.4138 0.4898 0.4483 0.4069 0.6537 0.6259 0.6306 0.6791 0.6444 0.6352 0.6908 0.6607 0.6444 0.7092 0.6769 0.6468 0.7069 0.6884 0.6491 0.6884 0.693 0.6513 0.663 0.6953 0.6433 0.6272 0.6849 0.6526 0.6272 0.6988 0.678 0.6411 0.7057 0.6941 0.6503 0.6964 0.701 0.6549 0.6688 0.701 0.6503 0.6364 0.6964 0.6457
0.169 0.4046 1.0 0.4437 0.4483 0.4091 0.4621 0.4598 0.4183 0.4576 0.4851 0.4344 0.4483 0.4967 0.4437 0.4322 0.4967 0.446 0.4138 0.4898 0.4483 0.4069 0.4576 0.6259 0.6306 0.6791 0.6444 0.6352 0.6908 0.6607 0.6444 0.7092 0.6769 0.6468 0.7069 0.6884 0.6491 0.6884 0.693 0.6513 0.663 0.6953 0.6513 0.6272 0.6849 0.6526 0.6272 0.6988 0.678 0.6411 0.7057 0.6941 0.6503 0.6964 0.701 0.6549 0.6688 0.701 0.6503 0.6364 0.6964 0.6457 0.6133
0.0463 0.3816 1.0 0.4483 0.4091 0.4621 0.4598 0.4183 0.4576 0.4851 0.4344 0.4483 0.4967 0.4437 0.4322 0.4967 0.446 0.4138 0.4898 0.4483 0.4069 0.4576 0.4437 0.6306 0.6791 0.6444 0.6352 0.6908 0.6607 0.6444 0.7092 0.6769 0.6468 0.7069 0.6884 0.6491 0.6884 0.693 0.6513 0.663 0.6953 0.6513 0.6421 0.6849 0.6526 0.6272 0.6988 0.678 0.6411 0.7057 0.6941 0.6503 0.6964 0.701 0.6549 0.6688 0.701 0.6503 0.6364 0.6964 0.6457 0.6133 0.671
0.1303 0.3562 1.0 0.4091 0.4621 0.4598 0.4183 0.4576 0.4851 0.4344 0.4483 0.4967 0.4437 0.4322 0.4967 0.446 0.4138 0.4898 0.4483 0.4069 0.4576 0.4437 0.4046 0.6791 0.6444 0.6352 0.6908 0.6607 0.6444 0.7092 0.6769 0.6468 0.7069 0.6884 0.6491 0.6884 0.693 0.6513 0.663 0.6953 0.6513 0.6421 0.6908 0.6526 0.6272 0.6988 0.678 0.6411 0.7057 0.6941 0.6503 0.6964 0.701 0.6549 0.6688 0.701 0.6503 0.6364 0.6964 0.6457 0.6133 0.671 0.6433
0.0767 0.34 1.0 0.4621 0.4598 0.4183 0.4576 0.4851 0.4344 0.4483 0.4967 0.4437 0.4322 0.4967 0.446 0.4138 0.4898 0.4483 0.4069 0.4576 0.4437 0.4046 0.3816 0.6444 0.6352 0.6908 0.6607 0.6444 0.7092 0.6769 0.6468 0.7069 0.6884 0.6491 0.6884 0.693 0.6513 0.663 0.6953 0.6513 0.6421 0.6908 0.6583 0.6272 0.6988 0.678 0.6411 0.7057 0.6941 0.6503 0.6964 0.701 0.6549 0.6688 0.701 0.6503 0.6364 0.6964 0.6457 0.6133 0.671 0.6433 0.6111
0.0847 0.3147 1.0 0.4598 0.4183 0.4576 0.4851 0.4344 0.4483 0.4967 0.4437 0.4322 0.4967 0.446 0.4138 0.4898 0.4483 0.4069 0.4576 0.4437 0.4046 0.3816 0.3562 0.6352 0.6908 0.6607 0.6444 0.7092 0.6769 0.6468 0.7069 0.6884 0.6491 0.6884 0.693 0.6513 0.663 0.6953 0.6513 0.6421 0.6908 0.6583 0.6236 0.6988 0.678 0.6411 0.7057 0.6941 0.6503 0.6964 0.701 0.6549 0.6688 0.701 0.6503 0.6364 0.6964 0.6457 0.6133 0.671 0.6433 0.6111 0.5857
0.054 0.2963 1.0 0.4183 0.4576 0.4851 0.4344 0.4483 0.4967 0.4437 0.4322 0.4967 0.446 0.4138 0.4898 0.4483 0.4069 0.4576 0.4437 0.4046 0.3816 0.3562 0.34 0.6908 0.6607 0.6444 0.7092 0.6769 0.6468 0.7069 0.6884 0.6491 0.6884 0.693 0.6513 0.663 0.6953 0.6513 0.6421 0.6908 0.6583 0.6236 0.5936 0.678 0.6411 0.7057 0.6941 0.6503 0.6964 0.701 0.6549 0.6688 0.701 0.6503 0.6364 0.6964 0.6457 0.6133 0.671 0.6433 0.6111 0.5857 0.5719
0.0843 0.2824 1.0 0.4576 0.4851 0.4344 0.4483 0.4967 0.4437 0.4322 0.4967 0.446 0.4138 0.4898 0.4483 0.4069 0.4576 0.4437 0.4046 0.3816 0.3562 0.34 0.3147 0.6607 0.6444 0.7092 0.6769 0.6468 0.7069 0.6884 0.6491 0.6884 0.693 0.6513 0.663 0.6953 0.6513 0.6421 0.6908 0.6583 0.6236 0.5936 0.5773 0.6411 0.7057 0.6941 0.6503 0.6964 0.701 0.6549 0.6688 0.701 0.6503 0.6364 0.6964 0.6457 0.6133 0.671 0.6433 0.6111 0.5857 0.5719 0.5534
0.0613 0.264 1.0 0.4851 0.4344 0.4483 0.4967 0.4437 0.4322 0.4967 0.446 0.4138 0.4898 0.4483 0.4069 0.4576 0.4437 0.4046 0.3816 0.3562 0.34 0.3147 0.2963 0.6444 0.7092 0.6769 0.6468 0.7069 0.6884 0.6491 0.6884 0.693 0.6513 0.663 0.6953 0.6513 0.6421 0.6908 0.6583 0.6236 0.5936 0.5773 0.5564 0.7057 0.6941 0.6503 0.6964 0.701 0.6549 0.6688 0.701 0.6503 0.6364 0.6964 0.6457 0.6133 0.671 0.6433 0.6111 0.5857 0.5719 0.5534 0.5327
0.0463 0.2433 1.0 0.4344 0.4483 0.4967 0.4437 0.4322 0.4967 0.446 0.4138 0.4898 0.4483 0.4069 0.4576 0.4437 0.4046 0.3816 0.3562 0.34 0.3147 0.2963 0.2824 0.7092 0.6769 0.6468 0.7069 0.6884 0.6491 0.6884 0.693 0.6513 0.663 0.6953 0.6513 0.6421 0.6908 0.6583 0.6236 0.5936 0.5773 0.5564 0.531 0.6941 0.6503 0.6964 0.701 0.6549 0.6688 0.701 0.6503 0.6364 0.6964 0.6457 0.6133 0.671 0.6433 0.6111 0.5857 0.5719 0.5534 0.5327 0.5166
0.0613 0.2387 1.0 0.4483 0.4967 0.4437 0.4322 0.4967 0.446 0.4138 0.4898 0.4483 0.4069 0.4576 0.4437 0.4046 0.3816 0.3562 0.34 0.3147 0.2963 0.2824 0.264 0.6769 0.6468 0.7069 0.6884 0.6491 0.6884 0.693 0.6513 0.663 0.6953 0.6513 0.6421 0.6908 0.6583 0.6236 0.5936 0.5773 0.5564 0.531 0.5171 0.6503 0.6964 0.701 0.6549 0.6688 0.701 0.6503 0.6364 0.6964 0.6457 0.6133 0.671 0.6433 0.6111 0.5857 0.5719 0.5534 0.5327 0.5166 0.5072
0.069 0.2203 1.0 0.4967 0.4437 0.4322 0.4967 0.446 0.4138 0.4898 0.4483 0.4069 0.4576 0.4437 0.4046 0.3816 0.3562 0.34 0.3147 0.2963 0.2824 0.264 0.2433 0.6468 0.7069 0.6884 0.6491 0.6884 0.693 0.6513 0.663 0.6953 0.6513 0.6421 0.6908 0.6583 0.6236 0.5936 0.5773 0.5564 0.531 0.5171 0.5032 0.6964 0.701 0.6549 0.6688 0.701 0.6503 0.6364 0.6964 0.6457 0.6133 0.671 0.6433 0.6111 0.5857 0.5719 0.5534 0.5327 0.5166 0.5072 0.4866
0.0153 0.1996 1.0 0.4437 0.4322 0.4967 0.446 0.4138 0.4898 0.4483 0.4069 0.4576 0.4437 0.4046 0.3816 0.3562 0.34 0.3147 0.2963 0.2824 0.264 0.2433 0.2387 0.7069 0.6884 0.6491 0.6884 0.693 0.6513 0.663 0.6953 0.6513 0.6421 0.6908 0.6583 0.6236 0.5936 0.5773 0.5564 0.531 0.5171 0.5032 0.4801 0.701 0.6549 0.6688 0.701 0.6503 0.6364 0.6964 0.6457 0.6133 0.671 0.6433 0.6111 0.5857 0.5719 0.5534 0.5327 0.5166 0.5072 0.4866 0.4703
0.0613 0.1949 1.0 0.4322 0.4967 0.446 0.4138 0.4898 0.4483 0.4069 0.4576 0.4437 0.4046 0.3816 0.3562 0.34 0.3147 0.2963 0.2824 0.264 0.2433 0.2387 0.2203 0.6884 0.6491 0.6884 0.693 0.6513 0.663 0.6953 0.6513 0.6421 0.6908 0.6583 0.6236 0.5936 0.5773 0.5564 0.531 0.5171 0.5032 0.4801 0.4662 0.6549 0.6688 0.701 0.6503 0.6364 0.6964 0.6457 0.6133 0.671 0.6433 0.6111 0.5857 0.5719 0.5534 0.5327 0.5166 0.5072 0.4866 0.4703 0.4634
0.069 0.1858 1.0 0.4967 0.446 0.4138 0.4898 0.4483 0.4069 0.4576 0.4437 0.4046 0.3816 0.3562 0.34 0.3147 0.2963 0.2824 0.264 0.2433 0.2387 0.2203 0.1996 0.6491 0.6884 0.693 0.6513 0.663 0.6953 0.6513 0.6421 0.6908 0.6583 0.6236 0.5936 0.5773 0.5564 0.531 0.5171 0.5032 0.4801 0.4662 0.457 0.6688 0.701 0.6503 0.6364 0.6964 0.6457 0.6133 0.671 0.6433 0.6111 0.5857 0.5719 0.5534 0.5327 0.5166 0.5072 0.4866 0.4703 0.4634 0.445
0.0157 0.1673 1.0 0.446 0.4138 0.4898 0.4483 0.4069 0.4576 0.4437 0.4046 0.3816 0.3562 0.34 0.3147 0.2963 0.2824 0.264 0.2433 0.2387 0.2203 0.1996 0.1949 0.6884 0.693 0.6513 0.663 0.6953 0.6513 0.6421 0.6908 0.6583 0.6236 0.5936 0.5773 0.5564 0.531 0.5171 0.5032 0.4801 0.4662 0.457 0.4361 0.701 0.6503 0.6364 0.6964 0.6457 0.6133 0.671 0.6433 0.6111 0.5857 0.5719 0.5534 0.5327 0.5166 0.5072 0.4866 0.4703 0.4634 0.445 0.4289
0.0303 0.1627 1.0 0.4138 0.4898 0.4483 0.4069 0.4576 0.4437 0.4046 0.3816 0.3562 0.34 0.3147 0.2963 0.2824 0.264 0.2433 0.2387 0.2203 0.1996 0.1949 0.1858 0.693 0.6513 0.663 0.6953 0.6513 0.6421 0.6908 0.6583 0.6236 0.5936 0.5773 0.5564 0.531 0.5171 0.5032 0.4801 0.4662 0.457 0.4361 0.4222 0.6503 0.6364 0.6964 0.6457 0.6133 0.671 0.6433 0.6111 0.5857 0.5719 0.5534 0.5327 0.5166 0.5072 0.4866 0.4703 0.4634 0.445 0.4289 0.4289
0.0617 0.1604 1.0 0.4898 0.4483 0.4069 0.4576 0.4437 0.4046 0.3816 0.3562 0.34 0.3147 0.2963 0.2824 0.264 0.2433 0.2387 0.2203 0.1996 0.1949 0.1858 0.1673 0.6513 0.663 0.6953 0.6513 0.6421 0.6908 0.6583 0.6236 0.5936 0.5773 0.5564 0.531 0.5171 0.5032 0.4801 0.4662 0.457 0.4361 0.4222 0.4199 0.6364 0.6964 0.6457 0.6133 0.671 0.6433 0.6111 0.5857 0.5719 0.5534 0.5327 0.5166 0.5072 0.4866 0.4703 0.4634 0.445 0.4289 0.4289 0.4127
0.0153 0.1397 1.0 0.4483 0.4069 0.4576 0.4437 0.4046 0.3816 0.3562 0.34 0.3147 0.2963 0.2824 0.264 0.2433 0.2387 0.2203 0.1996 0.1949 0.1858 0.1673 0.1627 0.663 0.6953 0.6513 0.6421 0.6908 0.6583 0.6236 0.5936 0.5773 0.5564 0.531 0.5171 0.5032 0.4801 0.4662 0.457 0.4361 0.4222 0.4199 0.4014 0.6964 0.6457 0.6133 0.671 0.6433 0.6111 0.5857 0.5719 0.5534 0.5327 0.5166 0.5072 0.4866 0.4703 0.4634 0.445 0.4289 0.4289 0.4127 0.3966
0.0077 0.1351 1.0 0.4069 0.4576 0.4437 0.4046 0.3816 0.3562 0.34 0.3147 0.2963 0.2824 0.264 0.2433 0.2387 0.2203 0.1996 0.1949 0.1858 0.1673 0.1627 0.1604 0.6953 0.6513 0.6421 0.6908 0.6583 0.6236 0.5936 0.5773 0.5564 0.531 0.5171 0.5032 0.4801 0.4662 0.457 0.4361 0.4222 0.4199 0.4014 0.3876 0.6457 0.6133 0.671 0.6433 0.6111 0.5857 0.5719 0.5534 0.5327 0.5166 0.5072 0.4866 0.4703 0.4634 0.445 0.4289 0.4289 0.4127 0.3966 0.3966
0.069 0.1328 1.0 0.4576 0.4437 0.4046 0.3816 0.3562 0.34 0.3147 0.2963 0.2824 0.264 0.2433 0.2387 0.2203 0.1996 0.1949 0.1858 0.1673 0.1627 0.1604 0.1397 0.6513 0.6421 0.6908 0.6583 0.6236 0.5936 0.5773 0.5564 0.531 0.5171 0.5032 0.4801 0.4662 0.457 0.4361 0.4222 0.4199 0.4014 0.3876 0.3899 0.6133 0.671 0.6433 0.6111 0.5857 0.5719 0.5534 0.5327 0.5166 0.5072 0.4866 0.4703 0.4634 0.445 0.4289 0.4289 0.4127 0.3966 0.3966 0.385
0.0153 0.1167 1.0 0.4437 0.4046 0.3816 0.3562 0.34 0.3147 0.2963 0.2824 0.264 0.2433 0.2387 0.2203 0.1996 0.1949 0.1858 0.1673 0.1627 0.1604 0.1397 0.1351 0.6421 0.6908 0.6583 0.6236 0.5936 0.5773 0.5564 0.531 0.5171 0.5032 0.4801 0.4662 0.457 0.4361 0.4222 0.4199 0.4014 0.3876 0.3899 0.3737 0.671 0.6433 0.6111 0.5857 0.5719 0.5534 0.5327 0.5166 0.5072 0.4866 0.4703 0.4634 0.445 0.4289 0.4289 0.4127 0.3966 0.3966 0.385 0.3689
0.0077 0.1051 1.0 0.4046 0.3816 0.3562 0.34 0.3147 0.2963 0.2824 0.264 0.2433 0.2387 0.2203 0.1996 0.1949 0.1858 0.1673 0.1627 0.1604 0.1397 0.1351 0.1328 0.6908 0.6583 0.6236 0.5936 0.5773 0.5564 0.531 0.5171 0.5032 0.4801 0.4662 0.457 0.4361 0.4222 0.4199 0.4014 0.3876 0.3899 0.3737 0.3598 0.6433 0.6111 0.5857 0.5719 0.5534 0.5327 0.5166 0.5072 0.4866 0.4703 0.4634 0.445 0.4289 0.4289 0.4127 0.3966 0.3966 0.385 0.3689 0.3666
0.0537 0.1028 1.0 0.3816 0.3562 0.34 0.3147 0.2963 0.2824 0.264 0.2433 0.2387 0.2203 0.1996 0.1949 0.1858 0.1673 0.1627 0.1604 0.1397 0.1351 0.1328 0.1167 0.6583 0.6236 0.5936 0.5773 0.5564 0.531 0.5171 0.5032 0.4801 0.4662 0.457 0.4361 0.4222 0.4199 0.4014 0.3876 0.3899 0.3737 0.3598 0.3551 0.6111 0.5857 0.5719 0.5534 0.5327 0.5166 0.5072 0.4866 0.4703 0.4634 0.445 0.4289 0.4289 0.4127 0.3966 0.3966 0.385 0.3689 0.3666 0.3597
0.0387 0.0867 1.0 0.3562 0.34 0.3147 0.2963 0.2824 0.264 0.2433 0.2387 0.2203 0.1996 0.1949 0.1858 0.1673 0.1627 0.1604 0.1397 0.1351 0.1328 0.1167 0.1051 0.6236 0.5936 0.5773 0.5564 0.531 0.5171 0.5032 0.4801 0.4662 0.457 0.4361 0.4222 0.4199 0.4014 0.3876 0.3899 0.3737 0.3598 0.3551 0.3436 0.5857 0.5719 0.5534 0.5327 0.5166 0.5072 0.4866 0.4703 0.4634 0.445 0.4289 0.4289 0.4127 0.3966 0.3966 0.385 0.3689 0.3666 0.3597 0.3436
0.0077 0.0774 1.0 0.34 0.3147 0.2963 0.2824 0.264 0.2433 0.2387 0.2203 0.1996 0.1949 0.1858 0.1673 0.1627 0.1604 0.1397 0.1351 0.1328 0.1167 0.1051 0.1028 0.5936 0.5773 0.5564 0.531 0.5171 0.5032 0.4801 0.4662 0.457 0.4361 0.4222 0.4199 0.4014 0.3876 0.3899 0.3737 0.3598 0.3551 0.3436 0.3297 0.5719 0.5534 0.5327 0.5166 0.5072 0.4866 0.4703 0.4634 0.445 0.4289 0.4289 0.4127 0.3966 0.3966 0.385 0.3689 0.3666 0.3597 0.3436 0.3342
0.0537 0.0706 1.0 0.3147 0.2963 0.2824 0.264 0.2433 0.2387 0.2203 0.1996 0.1949 0.1858 0.1673 0.1627 0.1604 0.1397 0.1351 0.1328 0.1167 0.1051 0.1028 0.0867 0.5773 0.5564 0.531 0.5171 0.5032 0.4801 0.4662 0.457 0.4361 0.4222 0.4199 0.4014 0.3876 0.3899 0.3737 0.3598 0.3551 0.3436 0.3297 0.3228 0.5534 0.5327 0.5166 0.5072 0.4866 0.4703 0.4634 0.445 0.4289 0.4289 0.4127 0.3966 0.3966 0.385 0.3689 0.3666 0.3597 0.3436 0.3342 0.3273
0.031 0.0613 1.0 0.2963 0.2824 0.264 0.2433 0.2387 0.2203 0.1996 0.1949 0.1858 0.1673 0.1627 0.1604 0.1397 0.1351 0.1328 0.1167 0.1051 0.1028 0.0867 0.0774 0.5564 0.531 0.5171 0.5032 0.4801 0.4662 0.457 0.4361 0.4222 0.4199 0.4014 0.3876 0.3899 0.3737 0.3598 0.3551 0.3436 0.3297 0.3228 0.3158 0.5327 0.5166 0.5072 0.4866 0.4703 0.4634 0.445 0.4289 0.4289 0.4127 0.3966 0.3966 0.385 0.3689 0.3666 0.3597 0.3436 0.3342 0.3273 0.3158
0.0227 0.0521 1.0 0.2824 0.264 0.2433 0.2387 0.2203 0.1996 0.1949 0.1858 0.1673 0.1627 0.1604 0.1397 0.1351 0.1328 0.1167 0.1051 0.1028 0.0867 0.0774 0.0706 0.531 0.5171 0.5032 0.4801 0.4662 0.457 0.4361 0.4222 0.4199 0.4014 0.3876 0.3899 0.3737 0.3598 0.3551 0.3436 0.3297 0.3228 0.3158 0.3042 0.5166 0.5072 0.4866 0.4703 0.4634 0.445 0.4289 0.4289 0.4127 0.3966 0.3966 0.385 0.3689 0.3666 0.3597 0.3436 0.3342 0.3273 0.3158 0.3066
0.031 0.0452 1.0 0.264 0.2433 0.2387 0.2203 0.1996 0.1949 0.1858 0.1673 0.1627 0.1604 0.1397 0.1351 0.1328 0.1167 0.1051 0.1028 0.0867 0.0774 0.0706 0.0613 0.5171 0.5032 0.4801 0.4662 0.457 0.4361 0.4222 0.4199 0.4014 0.3876 0.3899 0.3737 0.3598 0.3551 0.3436 0.3297 0.3228 0.3158 0.3042 0.295 0.5072 0.4866 0.4703 0.4634 0.445 0.4289 0.4289 0.4127 0.3966 0.3966 0.385 0.3689 0.3666 0.3597 0.3436 0.3342 0.3273 0.3158 0.3066 0.2997
0.0307 0.036 1.0 0.2433 0.2387 0.2203 0.1996 0.1949 0.1858 0.1673 0.1627 0.1604 0.1397 0.1351 0.1328 0.1167 0.1051 0.1028 0.0867 0.0774 0.0706 0.0613 0.0521 0.5032 0.4801 0.4662 0.457 0.4361 0.4222 0.4199 0.4014 0.3876 0.3899 0.3737 0.3598 0.3551 0.3436 0.3297 0.3228 0.3158 0.3042 0.295 0.288 0.4866 0.4703 0.4634 0.445 0.4289 0.4289 0.4127 0.3966 0.3966 0.385 0.3689 0.3666 0.3597 0.3436 0.3342 0.3273 0.3158 0.3066 0.2997 0.2881
0.023 0.0268 1.0 0.2387 0.2203 0.1996 0.1949 0.1858 0.1673 0.1627 0.1604 0.1397 0.1351 0.1328 0.1167 0.1051 0.1028 0.0867 0.0774 0.0706 0.0613 0.0521 0.0452 0.4801 0.4662 0.457 0.4361 0.4222 0.4199 0.4014 0.3876 0.3899 0.3737 0.3598 0.3551 0.3436 0.3297 0.3228 0.3158 0.3042 0.295 0.288 0.2788 0.4703 0.4634 0.445 0.4289 0.4289 0.4127 0.3966 0.3966 0.385 0.3689 0.3666 0.3597 0.3436 0.3342 0.3273 0.3158 0.3066 0.2997 0.2881 0.2812
0.0307 0.0222 1.0 0.2203 0.1996 0.1949 0.1858 0.1673 0.1627 0.1604 0.1397 0.1351 0.1328 0.1167 0.1051 0.1028 0.0867 0.0774 0.0706 0.0613 0.0521 0.0452 0.036 0.4662 0.457 0.4361 0.4222 0.4199 0.4014 0.3876 0.3899 0.3737 0.3598 0.3551 0.3436 0.3297 0.3228 0.3158 0.3042 0.295 0.288 0.2788 0.2694 0.4634 0.445 0.4289 0.4289 0.4127 0.3966 0.3966 0.385 0.3689 0.3666 0.3597 0.3436 0.3342 0.3273 0.3158 0.3066 0.2997 0.2881 0.2812 0.2743
0.0307 0.0176 1.0 0.1996 0.1949 0.1858 0.1673 0.1627 0.1604 0.1397 0.1351 0.1328 0.1167 0.1051 0.1028 0.0867 0.0774 0.0706 0.0613 0.0521 0.0452 0.036 0.0268 0.457 0.4361 0.4222 0.4199 0.4014 0.3876 0.3899 0.3737 0.3598 0.3551 0.3436 0.3297 0.3228 0.3158 0.3042 0.295 0.288 0.2788 0.2694 0.2626 0.445 0.4289 0.4289 0.4127 0.3966 0.3966 0.385 0.3689 0.3666 0.3597 0.3436 0.3342 0.3273 0.3158 0.3066 0.2997 0.2881 0.2812 0.2743 0.2651
0.0153 0.0729 1.0 0.1949 0.1858 0.1673 0.1627 0.1604 0.1397 0.1351 0.1328 0.1167 0.1051 0.1028 0.0867 0.0774 0.0706 0.0613 0.0521 0.0452 0.036 0.0268 0.0222 0.4361 0.4222 0.4199 0.4014 0.3876 0.3899 0.3737 0.3598 0.3551 0.3436 0.3297 0.3228 0.3158 0.3042 0.295 0.288 0.2788 0.2694 0.2626 0.2672 0.4289 0.4289 0.4127 0.3966 0.3966 0.385 0.3689 0.3666 0.3597 0.3436 0.3342 0.3273 0.3158 0.3066 0.2997 0.2881 0.2812 0.2743 0.2651 0.2928
0.0153 0.1281 1.0 0.1858 0.1673 0.1627 0.1604 0.1397 0.1351 0.1328 0.1167 0.1051 0.1028 0.0867 0.0774 0.0706 0.0613 0.0521 0.0452 0.036 0.0268 0.0222 0.0176 0.4222 0.4199 0.4014 0.3876 0.3899 0.3737 0.3598 0.3551 0.3436 0.3297 0.3228 0.3158 0.3042 0.295 0.288 0.2788 0.2694 0.2626 0.2672 0.3367 0.4289 0.4127 0.3966 0.3966 0.385 0.3689 0.3666 0.3597 0.3436 0.3342 0.3273 0.3158 0.3066 0.2997 0.2881 0.2812 0.2743 0.2651 0.2928 0.302
0.1843 0.1028 1.0 0.1673 0.1627 0.1604 0.1397 0.1351 0.1328 0.1167 0.1051 0.1028 0.0867 0.0774 0.0706 0.0613 0.0521 0.0452 0.036 0.0268 0.0222 0.0176 0.0729 0.4199 0.4014 0.3876 0.3899 0.3737 0.3598 0.3551 0.3436 0.3297 0.3228 0.3158 0.3042 0.295 0.288 0.2788 0.2694 0.2626 0.2672 0.3367 0.3158 0.4127 0.3966 0.3966 0.385 0.3689 0.3666 0.3597 0.3436 0.3342 0.3273 0.3158 0.3066 0.2997 0.2881 0.2812 0.2743 0.2651 0.2928 0.302 0.2836
0.184 0.1212 1.0 0.1627 0.1604 0.1397 0.1351 0.1328 0.1167 0.1051 0.1028 0.0867 0.0774 0.0706 0.0613 0.0521 0.0452 0.036 0.0268 0.0222 0.0176 0.0729 0.1281 0.4014 0.3876 0.3899 0.3737 0.3598 0.3551 0.3436 0.3297 0.3228 0.3158 0.3042 0.295 0.288 0.2788 0.2694 0.2626 0.2672 0.3367 0.3158 0.2996 0.3966 0.3966 0.385 0.3689 0.3666 0.3597 0.3436 0.3342 0.3273 0.3158 0.3066 0.2997 0.2881 0.2812 0.2743 0.2651 0.2928 0.302 0.2836 0.3597
0.0843 0.1927 1.0 0.1604 0.1397 0.1351 0.1328 0.1167 0.1051 0.1028 0.0867 0.0774 0.0706 0.0613 0.0521 0.0452 0.036 0.0268 0.0222 0.0176 0.0729 0.1281 0.1028 0.3876 0.3899 0.3737 0.3598 0.3551 0.3436 0.3297 0.3228 0.3158 0.3042 0.295 0.288 0.2788 0.2694 0.2626 0.2672 0.3367 0.3158 0.2996 0.376 0.3966 0.385 0.3689 0.3666 0.3597 0.3436 0.3342 0.3273 0.3158 0.3066 0.2997 0.2881 0.2812 0.2743 0.2651 0.2928 0.302 0.2836 0.3597 0.3689
0.0613 0.1558 1.0 0.1397 0.1351 0.1328 0.1167 0.1051 0.1028 0.0867 0.0774 0.0706 0.0613 0.0521 0.0452 0.036 0.0268 0.0222 0.0176 0.0729 0.1281 0.1028 0.1212 0.3899 0.3737 0.3598 0.3551 0.3436 0.3297 0.3228 0.3158 0.3042 0.295 0.288 0.2788 0.2694 0.2626 0.2672 0.3367 0.3158 0.2996 0.376 0.3598 0.385 0.3689 0.3666 0.3597 0.3436 0.3342 0.3273 0.3158 0.3066 0.2997 0.2881 0.2812 0.2743 0.2651 0.2928 0.302 0.2836 0.3597 0.3689 0.3366
0.2383 0.1442 1.0 0.1351 0.1328 0.1167 0.1051 0.1028 0.0867 0.0774 0.0706 0.0613 0.0521 0.0452 0.036 0.0268 0.0222 0.0176 0.0729 0.1281 0.1028 0.1212 0.1927 0.3737 0.3598 0.3551 0.3436 0.3297 0.3228 0.3158 0.3042 0.295 0.288 0.2788 0.2694 0.2626 0.2672 0.3367 0.3158 0.2996 0.376 0.3598 0.3367 0.3689 0.3666 0.3597 0.3436 0.3342 0.3273 0.3158 0.3066 0.2997 0.2881 0.2812 0.2743 0.2651 0.2928 0.302 0.2836 0.3597 0.3689 0.3366 0.3827
0.123 0.2341 1.0 0.1328 0.1167 0.1051 0.1028 0.0867 0.0774 0.0706 0.0613 0.0521 0.0452 0.036 0.0268 0.0222 0.0176 0.0729 0.1281 0.1028 0.1212 0.1927 0.1558 0.3598 0.3551 0.3436 0.3297 0.3228 0.3158 0.3042 0.295 0.288 0.2788 0.2694 0.2626 0.2672 0.3367 0.3158 0.2996 0.376 0.3598 0.3367 0.3991 0.3666 0.3597 0.3436 0.3342 0.3273 0.3158 0.3066 0.2997 0.2881 0.2812 0.2743 0.2651 0.2928 0.302 0.2836 0.3597 0.3689 0.3366 0.3827 0.4127
0.0387 0.2019 1.0 0.1167 0.1051 0.1028 0.0867 0.0774 0.0706 0.0613 0.0521 0.0452 0.036 0.0268 0.0222 0.0176 0.0729 0.1281 0.1028 0.1212 0.1927 0.1558 0.1442 0.3551 0.3436 0.3297 0.3228 0.3158 0.3042 0.295 0.288 0.2788 0.2694 0.2626 0.2672 0.3367 0.3158 0.2996 0.376 0.3598 0.3367 0.3991 0.4014 0.3597 0.3436 0.3342 0.3273 0.3158 0.3066 0.2997 0.2881 0.2812 0.2743 0.2651 0.2928 0.302 0.2836 0.3597 0.3689 0.3366 0.3827 0.4127 0.3734
0.2997 0.1696 1.0 0.1051 0.1028 0.0867 0.0774 0.0706 0.0613 0.0521 0.0452 0.036 0.0268 0.0222 0.0176 0.0729 0.1281 0.1028 0.1212 0.1927 0.1558 0.1442 0.2341 0.3436 0.3297 0.3228 0.3158 0.3042 0.295 0.288 0.2788 0.2694 0.2626 0.2672 0.3367 0.3158 0.2996 0.376 0.3598 0.3367 0.3991 0.4014 0.369 0.3436 0.3342 0.3273 0.3158 0.3066 0.2997 0.2881 0.2812 0.2743 0.2651 0.2928 0.302 0.2836 0.3597 0.3689 0.3366 0.3827 0.4127 0.3734 0.385
0.1073 0.2502 1.0 0.1028 0.0867 0.0774 0.0706 0.0613 0.0521 0.0452 0.036 0.0268 0.0222 0.0176 0.0729 0.1281 0.1028 0.1212 0.1927 0.1558 0.1442 0.2341 0.2019 0.3297 0.3228 0.3158 0.3042 0.295 0.288 0.2788 0.2694 0.2626 0.2672 0.3367 0.3158 0.2996 0.376 0.3598 0.3367 0.3991 0.4014 0.369 0.406 0.3342 0.3273 0.3158 0.3066 0.2997 0.2881 0.2812 0.2743 0.2651 0.2928 0.302 0.2836 0.3597 0.3689 0.3366 0.3827 0.4127 0.3734 0.385 0.4496
0.1077 0.241 1.0 0.0867 0.0774 0.0706 0.0613 0.0521 0.0452 0.036 0.0268 0.0222 0.0176 0.0729 0.1281 0.1028 0.1212 0.1927 0.1558 0.1442 0.2341 0.2019 0.1696 0.3228 0.3158 0.3042 0.295 0.288 0.2788 0.2694 0.2626 0.2672 0.3367 0.3158 0.2996 0.376 0.3598 0.3367 0.3991 0.4014 0.369 0.406 0.4408 0.3273 0.3158 0.3066 0.2997 0.2881 0.2812 0.2743 0.2651 0.2928 0.302 0.2836 0.3597 0.3689 0.3366 0.3827 0.4127 0.3734 0.385 0.4496 0.4058
0.2687 0.2041 1.0 0.0774 0.0706 0.0613 0.0521 0.0452 0.036 0.0268 0.0222 0.0176 0.0729 0.1281 0.1028 0.1212 0.1927 0.1558 0.1442 0.2341 0.2019 0.1696 0.2502 0.3158 0.3042 0.295 0.288 0.2788 0.2694 0.2626 0.2672 0.3367 0.3158 0.2996 0.376 0.3598 0.3367 0.3991 0.4014 0.369 0.406 0.4408 0.4038 0.3158 0.3066 0.2997 0.2881 0.2812 0.2743 0.2651 0.2928 0.302 0.2836 0.3597 0.3689 0.3366 0.3827 0.4127 0.3734 0.385 0.4496 0.4058 0.3897
0.0307 0.2457 1.0 0.0706 0.0613 0.0521 0.0452 0.036 0.0268 0.0222 0.0176 0.0729 0.1281 0.1028 0.1212 0.1927 0.1558 0.1442 0.2341 0.2019 0.1696 0.2502 0.241 0.3042 0.295 0.288 0.2788 0.2694 0.2626 0.2672 0.3367 0.3158 0.2996 0.376 0.3598 0.3367 0.3991 0.4014 0.369 0.406 0.4408 0.4038 0.413 0.3066 0.2997 0.2881 0.2812 0.2743 0.2651 0.2928 0.302 0.2836 0.3597 0.3689 0.3366 0.3827 0.4127 0.3734 0.385 0.4496 0.4058 0.3897 0.4703
0.123 0.2779 1.0 0.0613 0.0521 0.0452 0.036 0.0268 0.0222 0.0176 0.0729 0.1281 0.1028 0.1212 0.1927 0.1558 0.1442 0.2341 0.2019 0.1696 0.2502 0.241 0.2041 0.295 0.288 0.2788 0.2694 0.2626 0.2672 0.3367 0.3158 0.2996 0.376 0.3598 0.3367 0.3991 0.4014 0.369 0.406 0.4408 0.4038 0.413 0.4801 0.2997 0.2881 0.2812 0.2743 0.2651 0.2928 0.302 0.2836 0.3597 0.3689 0.3366 0.3827 0.4127 0.3734 0.385 0.4496 0.4058 0.3897 0.4703 0.4403
0.1387 0.241 1.0 0.0521 0.0452 0.036 0.0268 0.0222 0.0176 0.0729 0.1281 0.1028 0.1212 0.1927 0.1558 0.1442 0.2341 0.2019 0.1696 0.2502 0.241 0.2041 0.2457 0.288 0.2788 0.2694 0.2626 0.2672 0.3367 0.3158 0.2996 0.376 0.3598 0.3367 0.3991 0.4014 0.369 0.406 0.4408 0.4038 0.413 0.4801 0.4431 0.2881 0.2812 0.2743 0.2651 0.2928 0.302 0.2836 0.3597 0.3689 0.3366 0.3827 0.4127 0.3734 0.385 0.4496 0.4058 0.3897 0.4703 0.4403 0.415
0.1073 0.2387 1.0 0.0452 0.036 0.0268 0.0222 0.0176 0.0729 0.1281 0.1028 0.1212 0.1927 0.1558 0.1442 0.2341 0.2019 0.1696 0.2502 0.241 0.2041 0.2457 0.2779 0.2788 0.2694 0.2626 0.2672 0.3367 0.3158 0.2996 0.376 0.3598 0.3367 0.3991 0.4014 0.369 0.406 0.4408 0.4038 0.413 0.4801 0.4431 0.4292 0.2812 0.2743 0.2651 0.2928 0.302 0.2836 0.3597 0.3689 0.3366 0.3827 0.4127 0.3734 0.385 0.4496 0.4058 0.3897 0.4703 0.4403 0.415 0.4727
0.123 0.2963 1.0 0.036 0.0268 0.0222 0.0176 0.0729 0.1281 0.1028 0.1212 0.1927 0.1558 0.1442 0.2341 0.2019 0.1696 0.2502 0.241 0.2041 0.2457 0.2779 0.241 0.2694 0.2626 0.2672 0.3367 0.3158 0.2996 0.376 0.3598 0.3367 0.3991 0.4014 0.369 0.406 0.4408 0.4038 0.413 0.4801 0.4431 0.4292 0.5032 0.2743 0.2651 0.2928 0.302 0.2836 0.3597 0.3689 0.3366 0.3827 0.4127 0.3734 0.385 0.4496 0.4058 0.3897 0.4703 0.4403 0.415 0.4727 0.475
0.0077 0.2687 1.0 0.0268 0.0222 0.0176 0.0729 0.1281 0.1028 0.1212 0.1927 0.1558 0.1442 0.2341 0.2019 0.1696 0.2502 0.241 0.2041 0.2457 0.2779 0.241 0.2387 0.2626 0.2672 0.3367 0.3158 0.2996 0.376 0.3598 0.3367 0.3991 0.4014 0.369 0.406 0.4408 0.4038 0.413 0.4801 0.4431 0.4292 0.5032 0.4848 0.2651 0.2928 0.302 0.2836 0.3597 0.3689 0.3366 0.3827 0.4127 0.3734 0.385 0.4496 0.4058 0.3897 0.4703 0.4403 0.415 0.4727 0.475 0.4496
0.192 0.2502 1.0 0.0222 0.0176 0.0729 0.1281 0.1028 0.1212 0.1927 0.1558 0.1442 0.2341 0.2019 0.1696 0.2502 0.241 0.2041 0.2457 0.2779 0.241 0.2387 0.2963 0.2672 0.3367 0.3158 0.2996 0.376 0.3598 0.3367 0.3991 0.4014 0.369 0.406 0.4408 0.4038 0.413 0.4801 0.4431 0.4292 0.5032 0.4848 0.4593 0.2928 0.302 0.2836 0.3597 0.3689 0.3366 0.3827 0.4127 0.3734 0.385 0.4496 0.4058 0.3897 0.4703 0.4403 0.415 0.4727 0.475 0.4496 0.475
0.092 0.2848 1.0 0.0176 0.0729 0.1281 0.1028 0.1212 0.1927 0.1558 0.1442 0.2341 0.2019 0.1696 0.2502 0.241 0.2041 0.2457 0.2779 0.241 0.2387 0.2963 0.2687 0.3367 0.3158 0.2996 0.376 0.3598 0.3367 0.3991 0.4014 0.369 0.406 0.4408 0.4038 0.413 0.4801 0.4431 0.4292 0.5032 0.4848 0.4593 0.5056 0.302 0.2836 0.3597 0.3689 0.3366 0.3827 0.4127 0.3734 0.385 0.4496 0.4058 0.3897 0.4703 0.4403 0.415 0.4727 0.475 0.4496 0.475 0.498
0.0617 0.2779 1.0 0.0729 0.1281 0.1028 0.1212 0.1927 0.1558 0.1442 0.2341 0.2019 0.1696 0.2502 0.241 0.2041 0.2457 0.2779 0.241 0.2387 0.2963 0.2687 0.2502 0.3158 0.2996 0.376 0.3598 0.3367 0.3991 0.4014 0.369 0.406 0.4408 0.4038 0.413 0.4801 0.4431 0.4292 0.5032 0.4848 0.4593 0.5056 0.5194 0.2836 0.3597 0.3689 0.3366 0.3827 0.4127 0.3734 0.385 0.4496 0.4058 0.3897 0.4703 0.4403 0.415 0.4727 0.475 0.4496 0.475 0.498 0.4703
0.1153 0.2618 1.0 0.1281 0.1028 0.1212 0.1927 0.1558 0.1442 0.2341 0.2019 0.1696 0.2502 0.241 0.2041 0.2457 0.2779 0.241 0.2387 0.2963 0.2687 0.2502 0.2848 0.2996 0.376 0.3598 0.3367 0.3991 0.4014 0.369 0.406 0.4408 0.4038 0.413 0.4801 0.4431 0.4292 0.5032 0.4848 0.4593 0.5056 0.5194 0.4893 0.3597 0.3689 0.3366 0.3827 0.4127 0.3734 0.385 0.4496 0.4058 0.3897 0.4703 0.4403 0.415 0.4727 0.475 0.4496 0.475 0.498 0.4703 0.4727
0.023 0.2824 1.0 0.1028 0.1212 0.1927 0.1558 0.1442 0.2341 0.2019 0.1696 0.2502 0.241 0.2041 0.2457 0.2779 0.241 0.2387 0.2963 0.2687 0.2502 0.2848 0.2779 0.376 0.3598 0.3367 0.3991 0.4014 0.369 0.406 0.4408 0.4038 0.413 0.4801 0.4431 0.4292 0.5032 0.4848 0.4593 0.5056 0.5194 0.4893 0.4893 0.3689 0.3366 0.3827 0.4127 0.3734 0.385 0.4496 0.4058 0.3897 0.4703 0.4403 0.415 0.4727 0.475 0.4496 0.475 0.498 0.4703 0.4727 0.5188
0.0537 0.3239 1.0 0.1212 0.1927 0.1558 0.1442 0.2341 0.2019 0.1696 0.2502 0.241 0.2041 0.2457 0.2779 0.241 0.2387 0.2963 0.2687 0.2502 0.2848 0.2779 0.2618 0.3598 0.3367 0.3991 0.4014 0.369 0.406 0.4408 0.4038 0.413 0.4801 0.4431 0.4292 0.5032 0.4848 0.4593 0.5056 0.5194 0.4893 0.4893 0.5449 0.3366 0.3827 0.4127 0.3734 0.385 0.4496 0.4058 0.3897 0.4703 0.4403 0.415 0.4727 0.475 0.4496 0.475 0.498 0.4703 0.4727 0.5188 0.4958
0.0687 0.2963 1.0 0.1927 0.1558 0.1442 0.2341 0.2019 0.1696 0.2502 0.241 0.2041 0.2457 0.2779 0.241 0.2387 0.2963 0.2687 0.2502 0.2848 0.2779 0.2618 0.2824 0.3367 0.3991 0.4014 0.369 0.406 0.4408 0.4038 0.413 0.4801 0.4431 0.4292 0.5032 0.4848 0.4593 0.5056 0.5194 0.4893 0.4893 0.5449 0.5287 0.3827 0.4127 0.3734 0.385 0.4496 0.4058 0.3897 0.4703 0.4403 0.415 0.4727 0.475 0.4496 0.475 0.498 0.4703 0.4727 0.5188 0.4958 0.4888
0.1383 0.2986 1.0 0.1558 0.1442 0.2341 0.2019 0.1696 0.2502 0.241 0.2041 0.2457 0.2779 0.241 0.2387 0.2963 0.2687 0.2502 0.2848 0.2779 0.2618 0.2824 0.3239 0.3991 0.4014 0.369 0.406 0.4408 0.4038 0.413 0.4801 0.4431 0.4292 0.5032 0.4848 0.4593 0.5056 0.5194 0.4893 0.4893 0.5449 0.5287 0.5171 0.4127 0.3734 0.385 0.4496 0.4058 0.3897 0.4703 0.4403 0.415 0.4727 0.475 0.4496 0.475 0.498 0.4703 0.4727 0.5188 0.4958 0.4888 0.5096
0.092 0.3492 1.0 0.1442 0.2341 0.2019 0.1696 0.2502 0.241 0.2041 0.2457 0.2779 0.241 0.2387 0.2963 0.2687 0.2502 0.2848 0.2779 0.2618 0.2824 0.3239 0.2963 0.4014 0.369 0.406 0.4408 0.4038 0.413 0.4801 0.4431 0.4292 0.5032 0.4848 0.4593 0.5056 0.5194 0.4893 0.4893 0.5449 0.5287 0.5171 0.5611 0.3734 0.385 0.4496 0.4058 0.3897 0.4703 0.4403 0.415 0.4727 0.475 0.4496 0.475 0.498 0.4703 0.4727 0.5188 0.4958 0.4888 0.5096 0.5488
0.0077 0.3492 1.0 0.2341 0.2019 0.1696 0.2502 0.241 0.2041 0.2457 0.2779 0.241 0.2387 0.2963 0.2687 0.2502 0.2848 0.2779 0.2618 0.2824 0.3239 0.2963 0.2986 0.369 0.406 0.4408 0.4038 0.413 0.4801 0.4431 0.4292 0.5032 0.4848 0.4593 0.5056 0.5194 0.4893 0.4893 0.5449 0.5287 0.5171 0.5611 0.5727 0.385 0.4496 0.4058 0.3897 0.4703 0.4403 0.415 0.4727 0.475 0.4496 0.475 0.498 0.4703 0.4727 0.5188 0.4958 0.4888 0.5096 0.5488 0.528
0.1687 0.34 1.0 0.2019 0.1696 0.2502 0.241 0.2041 0.2457 0.2779 0.241 0.2387 0.2963 0.2687 0.2502 0.2848 0.2779 0.2618 0.2824 0.3239 0.2963 0.2986 0.3492 0.406 0.4408 0.4038 0.413 0.4801 0.4431 0.4292 0.5032 0.4848 0.4593 0.5056 0.5194 0.4893 0.4893 0.5449 0.5287 0.5171 0.5611 0.5727 0.5496 0.4496 0.4058 0.3897 0.4703 0.4403 0.415 0.4727 0.475 0.4496 0.475 0.498 0.4703 0.4727 0.5188 0.4958 0.4888 0.5096 0.5488 0.528 0.5419
0.0 0.3792 1.0 0.1696 0.2502 0.241 0.2041 0.2457 0.2779 0.241 0.2387 0.2963 0.2687 0.2502 0.2848 0.2779 0.2618 0.2824 0.3239 0.2963 0.2986 0.3492 0.3492 0.4408 0.4038 0.413 0.4801 0.4431 0.4292 0.5032 0.4848 0.4593 0.5056 0.5194 0.4893 0.4893 0.5449 0.5287 0.5171 0.5611 0.5727 0.5496 0.5658 0.4058 0.3897 0.4703 0.4403 0.415 0.4727 0.475 0.4496 0.475 0.498 0.4703 0.4727 0.5188 0.4958 0.4888 0.5096 0.5488 0.528 0.5419 0.6088
0.0307 0.4114 1.0 0.2502 0.241 0.2041 0.2457 0.2779 0.241 0.2387 0.2963 0.2687 0.2502 0.2848 0.2779 0.2618 0.2824 0.3239 0.2963 0.2986 0.3492 0.3492 0.34 0.4038 0.413 0.4801 0.4431 0.4292 0.5032 0.4848 0.4593 0.5056 0.5194 0.4893 0.4893 0.5449 0.5287 0.5171 0.5611 0.5727 0.5496 0.5658 0.6236 0.3897 0.4703 0.4403 0.415 0.4727 0.475 0.4496 0.475 0.498 0.4703 0.4727 0.5188 0.4958 0.4888 0.5096 0.5488 0.528 0.5419 0.6088 0.5788
0.1307 0.3769 1.0 0.241 0.2041 0.2457 0.2779 0.241 0.2387 0.2963 0.2687 0.2502 0.2848 0.2779 0.2618 0.2824 0.3239 0.2963 0.2986 0.3492 0.3492 0.34 0.3792 0.413 0.4801 0.4431 0.4292 0.5032 0.4848 0.4593 0.5056 0.5194 0.4893 0.4893 0.5449 0.5287 0.5171 0.5611 0.5727 0.5496 0.5658 0.6236 0.5912 0.4703 0.4403 0.415 0.4727 0.475 0.4496 0.475 0.498 0.4703 0.4727 0.5188 0.4958 0.4888 0.5096 0.5488 0.528 0.5419 0.6088 0.5788 0.5742
0.1073 0.3908 1.0 0.2041 0.2457 0.2779 0.241 0.2387 0.2963 0.2687 0.2502 0.2848 0.2779 0.2618 0.2824 0.3239 0.2963 0.2986 0.3492 0.3492 0.34 0.3792 0.4114 0.4801 0.4431 0.4292 0.5032 0.4848 0.4593 0.5056 0.5194 0.4893 0.4893 0.5449 0.5287 0.5171 0.5611 0.5727 0.5496 0.5658 0.6236 0.5912 0.5866 0.4403 0.415 0.4727 0.475 0.4496 0.475 0.498 0.4703 0.4727 0.5188 0.4958 0.4888 0.5096 0.5488 0.528 0.5419 0.6088 0.5788 0.5742 0.6249
0.115 0.4322 1.0 0.2457 0.2779 0.241 0.2387 0.2963 0.2687 0.2502 0.2848 0.2779 0.2618 0.2824 0.3239 0.2963 0.2986 0.3492 0.3492 0.34 0.3792 0.4114 0.3769 0.4431 0.4292 0.5032 0.4848 0.4593 0.5056 0.5194 0.4893 0.4893 0.5449 0.5287 0.5171 0.5611 0.5727 0.5496 0.5658 0.6236 0.5912 0.5866 0.6374 0.415 0.4727 0.475 0.4496 0.475 0.498 0.4703 0.4727 0.5188 0.4958 0.4888 0.5096 0.5488 0.528 0.5419 0.6088 0.5788 0.5742 0.6249 0.6203
0.0463 0.3908 1.0 0.2779 0.241 0.2387 0.2963 0.2687 0.2502 0.2848 0.2779 0.2618 0.2824 0.3239 0.2963 0.2986 0.3492 0.3492 0.34 0.3792 0.4114 0.3769 0.3908 0.4292 0.5032 0.4848 0.4593 0.5056 0.5194 0.4893 0.4893 0.5449 0.5287 0.5171 0.5611 0.5727 0.5496 0.5658 0.6236 0.5912 0.5866 0.6374 0.612 0.4727 0.475 0.4496 0.475 0.498 0.4703 0.4727 0.5188 0.4958 0.4888 0.5096 0.5488 0.528 0.5419 0.6088 0.5788 0.5742 0.6249 0.6203 0.5972
0.138 0.3953 1.0 0.241 0.2387 0.2963 0.2687 0.2502 0.2848 0.2779 0.2618 0.2824 0.3239 0.2963 0.2986 0.3492 0.3492 0.34 0.3792 0.4114 0.3769 0.3908 0.4322 0.5032 0.4848 0.4593 0.5056 0.5194 0.4893 0.4893 0.5449 0.5287 0.5171 0.5611 0.5727 0.5496 0.5658 0.6236 0.5912 0.5866 0.6374 0.612 0.5981 0.475 0.4496 0.475 0.498 0.4703 0.4727 0.5188 0.4958 0.4888 0.5096 0.5488 0.528 0.5419 0.6088 0.5788 0.5742 0.6249 0.6203 0.5972 0.6341
0.138 0.4299 1.0 0.2387 0.2963 0.2687 0.2502 0.2848 0.2779 0.2618 0.2824 0.3239 0.2963 0.2986 0.3492 0.3492 0.34 0.3792 0.4114 0.3769 0.3908 0.4322 0.3908 0.4848 0.4593 0.5056 0.5194 0.4893 0.4893 0.5449 0.5287 0.5171 0.5611 0.5727 0.5496 0.5658 0.6236 0.5912 0.5866 0.6374 0.612 0.5981 0.6306 0.4496 0.475 0.498 0.4703 0.4727 0.5188 0.4958 0.4888 0.5096 0.5488 0.528 0.5419 0.6088 0.5788 0.5742 0.6249 0.6203 0.5972 0.6341 0.6457
0.015 0.3908 1.0 0.2963 0.2687 0.2502 0.2848 0.2779 0.2618 0.2824 0.3239 0.2963 0.2986 0.3492 0.3492 0.34 0.3792 0.4114 0.3769 0.3908 0.4322 0.3908 0.3953 0.4593 0.5056 0.5194 0.4893 0.4893 0.5449 0.5287 0.5171 0.5611 0.5727 0.5496 0.5658 0.6236 0.5912 0.5866 0.6374 0.612 0.5981 0.6306 0.612 0.475 0.498 0.4703 0.4727 0.5188 0.4958 0.4888 0.5096 0.5488 0.528 0.5419 0.6088 0.5788 0.5742 0.6249 0.6203 0.5972 0.6341 0.6457 0.6111
0.1153 0.3977 1.0 0.2687 0.2502 0.2848 0.2779 0.2618 0.2824 0.3239 0.2963 0.2986 0.3492 0.3492 0.34 0.3792 0.4114 0.3769 0.3908 0.4322 0.3908 0.3953 0.4299 0.5056 0.5194 0.4893 0.4893 0.5449 0.5287 0.5171 0.5611 0.5727 0.5496 0.5658 0.6236 0.5912 0.5866 0.6374 0.612 0.5981 0.6306 0.612 0.6004 0.498 0.4703 0.4727 0.5188 0.4958 0.4888 0.5096 0.5488 0.528 0.5419 0.6088 0.5788 0.5742 0.6249 0.6203 0.5972 0.6341 0.6457 0.6111 0.6503
0.1303 0.4368 1.0 0.2502 0.2848 0.2779 0.2618 0.2824 0.3239 0.2963 0.2986 0.3492 0.3492 0.34 0.3792 0.4114 0.3769 0.3908 0.4322 0.3908 0.3953 0.4299 0.3908 0.5194 0.4893 0.4893 0.5449 0.5287 0.5171 0.5611 0.5727 0.5496 0.5658 0.6236 0.5912 0.5866 0.6374 0.612 0.5981 0.6306 0.612 0.6004 0.6236 0.4703 0.4727 0.5188 0.4958 0.4888 0.5096 0.5488 0.528 0.5419 0.6088 0.5788 0.5742 0.6249 0.6203 0.5972 0.6341 0.6457 0.6111 0.6503 0.6526
0.023 0.3953 1.0 0.2848 0.2779 0.2618 0.2824 0.3239 0.2963 0.2986 0.3492 0.3492 0.34 0.3792 0.4114 0.3769 0.3908 0.4322 0.3908 0.3953 0.4299 0.3908 0.3977 0.4893 0.4893 0.5449 0.5287 0.5171 0.5611 0.5727 0.5496 0.5658 0.6236 0.5912 0.5866 0.6374 0.612 0.5981 0.6306 0.612 0.6004 0.6236 0.6167 0.4727 0.5188 0.4958 0.4888 0.5096 0.5488 0.528 0.5419 0.6088 0.5788 0.5742 0.6249 0.6203 0.5972 0.6341 0.6457 0.6111 0.6503 0.6526 0.6133
0.1303 0.4114 1.0 0.2779 0.2618 0.2824 0.3239 0.2963 0.2986 0.3492 0.3492 0.34 0.3792 0.4114 0.3769 0.3908 0.4322 0.3908 0.3953 0.4299 0.3908 0.3977 0.4368 0.4893 0.5449 0.5287 0.5171 0.5611 0.5727 0.5496 0.5658 0.6236 0.5912 0.5866 0.6374 0.612 0.5981 0.6306 0.612 0.6004 0.6236 0.6167 0.6051 0.5188 0.4958 0.4888 0.5096 0.5488 0.528 0.5419 0.6088 0.5788 0.5742 0.6249 0.6203 0.5972 0.6341 0.6457 0.6111 0.6503 0.6526 0.6133 0.648
0.1383 0.446 1.0 0.2618 0.2824 0.3239 0.2963 0.2986 0.3492 0.3492 0.34 0.3792 0.4114 0.3769 0.3908 0.4322 0.3908 0.3953 0.4299 0.3908 0.3977 0.4368 0.3953 0.5449 0.5287 0.5171 0.5611 0.5727 0.5496 0.5658 0.6236 0.5912 0.5866 0.6374 0.612 0.5981 0.6306 0.612 0.6004 0.6236 0.6167 0.6051 0.6398 0.4958 0.4888 0.5096 0.5488 0.528 0.5419 0.6088 0.5788 0.5742 0.6249 0.6203 0.5972 0.6341 0.6457 0.6111 0.6503 0.6526 0.6133 0.648 0.6411
0.0537 0.3999 1.0 0.2824 0.3239 0.2963 0.2986 0.3492 0.3492 0.34 0.3792 0.4114 0.3769 0.3908 0.4322 0.3908 0.3953 0.4299 0.3908 0.3977 0.4368 0.3953 0.4114 0.5287 0.5171 0.5611 0.5727 0.5496 0.5658 0.6236 0.5912 0.5866 0.6374 0.612 0.5981 0.6306 0.612 0.6004 0.6236 0.6167 0.6051 0.6398 0.6259 0.4888 0.5096 0.5488 0.528 0.5419 0.6088 0.5788 0.5742 0.6249 0.6203 0.5972 0.6341 0.6457 0.6111 0.6503 0.6526 0.6133 0.648 0.6411 0.6088
0.1153 0.4069 1.0 0.3239 0.2963 0.2986 0.3492 0.3492 0.34 0.3792 0.4114 0.3769 0.3908 0.4322 0.3908 0.3953 0.4299 0.3908 0.3977 0.4368 0.3953 0.4114 0.446 0.5171 0.5611 0.5727 0.5496 0.5658 0.6236 0.5912 0.5866 0.6374 0.612 0.5981 0.6306 0.612 0.6004 0.6236 0.6167 0.6051 0.6398 0.6259 0.6098 0.5096 0.5488 0.528 0.5419 0.6088 0.5788 0.5742 0.6249 0.6203 0.5972 0.6341 0.6457 0.6111 0.6503 0.6526 0.6133 0.648 0.6411 0.6088 0.6457
0.1537 0.4529 1.0 0.2963 0.2986 0.3492 0.3492 0.34 0.3792 0.4114 0.3769 0.3908 0.4322 0.3908 0.3953 0.4299 0.3908 0.3977 0.4368 0.3953 0.4114 0.446 0.3999 0.5611 0.5727 0.5496 0.5658 0.6236 0.5912 0.5866 0.6374 0.612 0.5981 0.6306 0.612 0.6004 0.6236 0.6167 0.6051 0.6398 0.6259 0.6098 0.6513 0.5488 0.528 0.5419 0.6088 0.5788 0.5742 0.6249 0.6203 0.5972 0.6341 0.6457 0.6111 0.6503 0.6526 0.6133 0.648 0.6411 0.6088 0.6457 0.6596
0.0233 0.4114 1.0 0.2986 0.3492 0.3492 0.34 0.3792 0.4114 0.3769 0.3908 0.4322 0.3908 0.3953 0.4299 0.3908 0.3977 0.4368 0.3953 0.4114 0.446 0.3999 0.4069 0.5727 0.5496 0.5658 0.6236 0.5912 0.5866 0.6374 0.612 0.5981 0.6306 0.612 0.6004 0.6236 0.6167 0.6051 0.6398 0.6259 0.6098 0.6513 0.6329 0.528 0.5419 0.6088 0.5788 0.5742 0.6249 0.6203 0.5972 0.6341 0.6457 0.6111 0.6503 0.6526 0.6133 0.648 0.6411 0.6088 0.6457 0.6596 0.6203
0.1533 0.4183 1.0 0.3492 0.3492 0.34 0.3792 0.4114 0.3769 0.3908 0.4322 0.3908 0.3953 0.4299 0.3908 0.3977 0.4368 0.3953 0.4114 0.446 0.3999 0.4069 0.4529 0.5496 0.5658 0.6236 0.5912 0.5866 0.6374 0.612 0.5981 0.6306 0.612 0.6004 0.6236 0.6167 0.6051 0.6398 0.6259 0.6098 0.6513 0.6329 0.612 0.5419 0.6088 0.5788 0.5742 0.6249 0.6203 0.5972 0.6341 0.6457 0.6111 0.6503 0.6526 0.6133 0.648 0.6411 0.6088 0.6457 0.6596 0.6203 0.6688
0.1383 0.4782 1.0 0.3492 0.34 0.3792 0.4114 0.3769 0.3908 0.4322 0.3908 0.3953 0.4299 0.3908 0.3977 0.4368 0.3953 0.4114 0.446 0.3999 0.4069 0.4529 0.4114 0.5658 0.6236 0.5912 0.5866 0.6374 0.612 0.5981 0.6306 0.612 0.6004 0.6236 0.6167 0.6051 0.6398 0.6259 0.6098 0.6513 0.6329 0.612 0.663 0.6088 0.5788 0.5742 0.6249 0.6203 0.5972 0.6341 0.6457 0.6111 0.6503 0.6526 0.6133 0.648 0.6411 0.6088 0.6457 0.6596 0.6203 0.6688 0.6757
0.023 0.4299 1.0 0.34 0.3792 0.4114 0.3769 0.3908 0.4322 0.3908 0.3953 0.4299 0.3908 0.3977 0.4368 0.3953 0.4114 0.446 0.3999 0.4069 0.4529 0.4114 0.4183 0.6236 0.5912 0.5866 0.6374 0.612 0.5981 0.6306 0.612 0.6004 0.6236 0.6167 0.6051 0.6398 0.6259 0.6098 0.6513 0.6329 0.612 0.663 0.656 0.5788 0.5742 0.6249 0.6203 0.5972 0.6341 0.6457 0.6111 0.6503 0.6526 0.6133 0.648 0.6411 0.6088 0.6457 0.6596 0.6203 0.6688 0.6757 0.6319
0.1997 0.4183 1.0 0.3792 0.4114 0.3769 0.3908 0.4322 0.3908 0.3953 0.4299 0.3908 0.3977 0.4368 0.3953 0.4114 0.446 0.3999 0.4069 0.4529 0.4114 0.4183 0.4782 0.5912 0.5866 0.6374 0.612 0.5981 0.6306 0.612 0.6004 0.6236 0.6167 0.6051 0.6398 0.6259 0.6098 0.6513 0.6329 0.612 0.663 0.656 0.6282 0.5742 0.6249 0.6203 0.5972 0.6341 0.6457 0.6111 0.6503 0.6526 0.6133 0.648 0.6411 0.6088 0.6457 0.6596 0.6203 0.6688 0.6757 0.6319 0.6688
0.161 0.4943 1.0 0.4114 0.3769 0.3908 0.4322 0.3908 0.3953 0.4299 0.3908 0.3977 0.4368 0.3953 0.4114 0.446 0.3999 0.4069 0.4529 0.4114 0.4183 0.4782 0.4299 0.5866 0.6374 0.612 0.5981 0.6306 0.612 0.6004 0.6236 0.6167 0.6051 0.6398 0.6259 0.6098 0.6513 0.6329 0.612 0.663 0.656 0.6282 0.6791 0.6249 0.6203 0.5972 0.6341 0.6457 0.6111 0.6503 0.6526 0.6133 0.648 0.6411 0.6088 0.6457 0.6596 0.6203 0.6688 0.6757 0.6319 0.6688 0.6988
0.0387 0.4483 1.0 0.3769 0.3908 0.4322 0.3908 0.3953 0.4299 0.3908 0.3977 0.4368 0.3953 0.4114 0.446 0.3999 0.4069 0.4529 0.4114 0.4183 0.4782 0.4299 0.4183 0.6374 0.612 0.5981 0.6306 0.612 0.6004 0.6236 0.6167 0.6051 0.6398 0.6259 0.6098 0.6513 0.6329 0.612 0.663 0.656 0.6282 0.6791 0.6769 0.6203 0.5972 0.6341 0.6457 0.6111 0.6503 0.6526 0.6133 0.648 0.6411 0.6088 0.6457 0.6596 0.6203 0.6688 0.6757 0.6319 0.6688 0.6988 0.6503
0.2533 0.4161 1.0 0.3908 0.4322 0.3908 0.3953 0.4299 0.3908 0.3977 0.4368 0.3953 0.4114 0.446 0.3999 0.4069 0.4529 0.4114 0.4183 0.4782 0.4299 0.4183 0.4943 0.612 0.5981 0.6306 0.612 0.6004 0.6236 0.6167 0.6051 0.6398 0.6259 0.6098 0.6513 0.6329 0.612 0.663 0.656 0.6282 0.6791 0.6769 0.6444 0.5972 0.6341 0.6457 0.6111 0.6503 0.6526 0.6133 0.648 0.6411 0.6088 0.6457 0.6596 0.6203 0.6688 0.6757 0.6319 0.6688 0.6988 0.6503 0.6664
0.1533 0.4921 1.0 0.4322 0.3908 0.3953 0.4299 0.3908 0.3977 0.4368 0.3953 0.4114 0.446 0.3999 0.4069 0.4529 0.4114 0.4183 0.4782 0.4299 0.4183 0.4943 0.4483 0.5981 0.6306 0.612 0.6004 0.6236 0.6167 0.6051 0.6398 0.6259 0.6098 0.6513 0.6329 0.612 0.663 0.656 0.6282 0.6791 0.6769 0.6444 0.6838 0.6341 0.6457 0.6111 0.6503 0.6526 0.6133 0.648 0.6411 0.6088 0.6457 0.6596 0.6203 0.6688 0.6757 0.6319 0.6688 0.6988 0.6503 0.6664 0.7126
0.1073 0.4552 1.0 0.3908 0.3953 0.4299 0.3908 0.3977 0.4368 0.3953 0.4114 0.446 0.3999 0.4069 0.4529 0.4114 0.4183 0.4782 0.4299 0.4183 0.4943 0.4483 0.4161 0.6306 0.612 0.6004 0.6236 0.6167 0.6051 0.6398 0.6259 0.6098 0.6513 0.6329 0.612 0.663 0.656 0.6282 0.6791 0.6769 0.6444 0.6838 0.693 0.6457 0.6111 0.6503 0.6526 0.6133 0.648 0.6411 0.6088 0.6457 0.6596 0.6203 0.6688 0.6757 0.6319 0.6688 0.6988 0.6503 0.6664 0.7126 0.6596
0.2533 0.4091 1.0 0.3953 0.4299 0.3908 0.3977 0.4368 0.3953 0.4114 0.446 0.3999 0.4069 0.4529 0.4114 0.4183 0.4782 0.4299 0.4183 0.4943 0.4483 0.4161 0.4921 0.612 0.6004 0.6236 0.6167 0.6051 0.6398 0.6259 0.6098 0.6513 0.6329 0.612 0.663 0.656 0.6282 0.6791 0.6769 0.6444 0.6838 0.693 0.6513 0.6111 0.6503 0.6526 0.6133 0.648 0.6411 0.6088 0.6457 0.6596 0.6203 0.6688 0.6757 0.6319 0.6688 0.6988 0.6503 0.6664 0.7126 0.6596 0.6549
0.123 0.4829 1.0 0.4299 0.3908 0.3977 0.4368 0.3953 0.4114 0.446 0.3999 0.4069 0.4529 0.4114 0.4183 0.4782 0.4299 0.4183 0.4943 0.4483 0.4161 0.4921 0.4552 0.6004 0.6236 0.6167 0.6051 0.6398 0.6259 0.6098 0.6513 0.6329 0.612 0.663 0.656 0.6282 0.6791 0.6769 0.6444 0.6838 0.693 0.6513 0.6722 0.6503 0.6526 0.6133 0.648 0.6411 0.6088 0.6457 0.6596 0.6203 0.6688 0.6757 0.6319 0.6688 0.6988 0.6503 0.6664 0.7126 0.6596 0.6549 0.7126
0.1537 0.4552 1.0 0.3908 0.3977 0.4368 0.3953 0.4114 0.446 0.3999 0.4069 0.4529 0.4114 0.4183 0.4782 0.4299 0.4183 0.4943 0.4483 0.4161 0.4921 0.4552 0.4091 0.6236 0.6167 0.6051 0.6398 0.6259 0.6098 0.6513 0.6329 0.612 0.663 0.656 0.6282 0.6791 0.6769 0.6444 0.6838 0.693 0.6513 0.6722 0.7 0.6526 0.6133 0.648 0.6411 0.6088 0.6457 0.6596 0.6203 0.6688 0.6757 0.6319 0.6688 0.6988 0.6503 0.6664 0.7126 0.6596 0.6549 0.7126 0.6572
0.246 0.4069 1.0 0.3977 0.4368 0.3953 0.4114 0.446 0.3999 0.4069 0.4529 0.4114 0.4183 0.4782 0.4299 0.4183 0.4943 0.4483 0.4161 0.4921 0.4552 0.4091 0.4829 0.6167 0.6051 0.6398 0.6259 0.6098 0.6513 0.6329 0.612 0.663 0.656 0.6282 0.6791 0.6769 0.6444 0.6838 0.693 0.6513 0.6722 0.7 0.6537 0.6133 0.648 0.6411 0.6088 0.6457 0.6596 0.6203 0.6688 0.6757 0.6319 0.6688 0.6988 0.6503 0.6664 0.7126 0.6596 0.6549 0.7126 0.6572 0.6319
0.0923 0.4552 1.0 0.4368 0.3953 0.4114 0.446 0.3999 0.4069 0.4529 0.4114 0.4183 0.4782 0.4299 0.4183 0.4943 0.4483 0.4161 0.4921 0.4552 0.4091 0.4829 0.4552 0.6051 0.6398 0.6259 0.6098 0.6513 0.6329 0.612 0.663 0.656 0.6282 0.6791 0.6769 0.6444 0.6838 0.693 0.6513 0.6722 0.7 0.6537 0.6513 0.648 0.6411 0.6088 0.6457 0.6596 0.6203 0.6688 0.6757 0.6319 0.6688 0.6988 0.6503 0.6664 0.7126 0.6596 0.6549 0.7126 0.6572 0.6319 0.701
0.161 0.4552 1.0 0.3953 0.4114 0.446 0.3999 0.4069 0.4529 0.4114 0.4183 0.4782 0.4299 0.4183 0.4943 0.4483 0.4161 0.4921 0.4552 0.4091 0.4829 0.4552 0.4069 0.6398 0.6259 0.6098 0.6513 0.6329 0.612 0.663 0.656 0.6282 0.6791 0.6769 0.6444 0.6838 0.693 0.6513 0.6722 0.7 0.6537 0.6513 0.7 0.6411 0.6088 0.6457 0.6596 0.6203 0.6688 0.6757 0.6319 0.6688 0.6988 0.6503 0.6664 0.7126 0.6596 0.6549 0.7126 0.6572 0.6319 0.701 0.6526
0.161 0.4046 1.0 0.4114 0.446 0.3999 0.4069 0.4529 0.4114 0.4183 0.4782 0.4299 0.4183 0.4943 0.4483 0.4161 0.4921 0.4552 0.4091 0.4829 0.4552 0.4069 0.4552 0.6259 0.6098 0.6513 0.6329 0.612 0.663 0.656 0.6282 0.6791 0.6769 0.6444 0.6838 0.693 0.6513 0.6722 0.7 0.6537 0.6513 0.7 0.6513 0.6088 0.6457 0.6596 0.6203 0.6688 0.6757 0.6319 0.6688 0.6988 0.6503 0.6664 0.7126 0.6596 0.6549 0.7126 0.6572 0.6319 0.701 0.6526 0.6157
0.0 0.4183 1.0 0.446 0.3999 0.4069 0.4529 0.4114 0.4183 0.4782 0.4299 0.4183 0.4943 0.4483 0.4161 0.4921 0.4552 0.4091 0.4829 0.4552 0.4069 0.4552 0.4552 0.6098 0.6513 0.6329 0.612 0.663 0.656 0.6282 0.6791 0.6769 0.6444 0.6838 0.693 0.6513 0.6722 0.7 0.6537 0.6513 0.7 0.6513 0.6329 0.6457 0.6596 0.6203 0.6688 0.6757 0.6319 0.6688 0.6988 0.6503 0.6664 0.7126 0.6596 0.6549 0.7126 0.6572 0.6319 0.701 0.6526 0.6157 0.6757
0.1687 0.4507 1.0 0.3999 0.4069 0.4529 0.4114 0.4183 0.4782 0.4299 0.4183 0.4943 0.4483 0.4161 0.4921 0.4552 0.4091 0.4829 0.4552 0.4069 0.4552 0.4552 0.4046 0.6513 0.6329 0.612 0.663 0.656 0.6282 0.6791 0.6769 0.6444 0.6838 0.693 0.6513 0.6722 0.7 0.6537 0.6513 0.7 0.6513 0.6329 0.6908 0.6596 0.6203 0.6688 0.6757 0.6319 0.6688 0.6988 0.6503 0.6664 0.7126 0.6596 0.6549 0.7126 0.6572 0.6319 0.701 0.6526 0.6157 0.6757 0.6503
0.0457 0.4069 1.0 0.4069 0.4529 0.4114 0.4183 0.4782 0.4299 0.4183 0.4943 0.4483 0.4161 0.4921 0.4552 0.4091 0.4829 0.4552 0.4069 0.4552 0.4552 0.4046 0.4183 0.6329 0.612 0.663 0.656 0.6282 0.6791 0.6769 0.6444 0.6838 0.693 0.6513 0.6722 0.7 0.6537 0.6513 0.7 0.6513 0.6329 0.6908 0.6583 0.6203 0.6688 0.6757 0.6319 0.6688 0.6988 0.6503 0.6664 0.7126 0.6596 0.6549 0.7126 0.6572 0.6319 0.701 0.6526 0.6157 0.6757 0.6503 0.6133
0.108 0.3677 1.0 0.4529 0.4114 0.4183 0.4782 0.4299 0.4183 0.4943 0.4483 0.4161 0.4921 0.4552 0.4091 0.4829 0.4552 0.4069 0.4552 0.4552 0.4046 0.4183 0.4507 0.612 0.663 0.656 0.6282 0.6791 0.6769 0.6444 0.6838 0.693 0.6513 0.6722 0.7 0.6537 0.6513 0.7 0.6513 0.6329 0.6908 0.6583 0.6259 0.6688 0.6757 0.6319 0.6688 0.6988 0.6503 0.6664 0.7126 0.6596 0.6549 0.7126 0.6572 0.6319 0.701 0.6526 0.6157 0.6757 0.6503 0.6133 0.6388
0.146 0.3378 1.0 0.4114 0.4183 0.4782 0.4299 0.4183 0.4943 0.4483 0.4161 0.4921 0.4552 0.4091 0.4829 0.4552 0.4069 0.4552 0.4552 0.4046 0.4183 0.4507 0.4069 0.663 0.656 0.6282 0.6791 0.6769 0.6444 0.6838 0.693 0.6513 0.6722 0.7 0.6537 0.6513 0.7 0.6513 0.6329 0.6908 0.6583 0.6259 0.6098 0.6757 0.6319 0.6688 0.6988 0.6503 0.6664 0.7126 0.6596 0.6549 0.7126 0.6572 0.6319 0.701 0.6526 0.6157 0.6757 0.6503 0.6133 0.6388 0.6249
0.1307 0.317 1.0 0.4183 0.4782 0.4299 0.4183 0.4943 0.4483 0.4161 0.4921 0.4552 0.4091 0.4829 0.4552 0.4069 0.4552 0.4552 0.4046 0.4183 0.4507 0.4069 0.3677 0.656 0.6282 0.6791 0.6769 0.6444 0.6838 0.693 0.6513 0.6722 0.7 0.6537 0.6513 0.7 0.6513 0.6329 0.6908 0.6583 0.6259 0.6098 0.5936 0.6319 0.6688 0.6988 0.6503 0.6664 0.7126 0.6596 0.6549 0.7126 0.6572 0.6319 0.701 0.6526 0.6157 0.6757 0.6503 0.6133 0.6388 0.6249 0.5927
0.0997 0.294 1.0 0.4782 0.4299 0.4183 0.4943 0.4483 0.4161 0.4921 0.4552 0.4091 0.4829 0.4552 0.4069 0.4552 0.4552 0.4046 0.4183 0.4507 0.4069 0.3677 0.3378 0.6282 0.6791 0.6769 0.6444 0.6838 0.693 0.6513 0.6722 0.7 0.6537 0.6513 0.7 0.6513 0.6329 0.6908 0.6583 0.6259 0.6098 0.5936 0.5703 0.6688 0.6988 0.6503 0.6664 0.7126 0.6596 0.6549 0.7126 0.6572 0.6319 0.701 0.6526 0.6157 0.6757 0.6503 0.6133 0.6388 0.6249 0.5927 0.5649
0.0693 0.2687 1.0 0.4299 0.4183 0.4943 0.4483 0.4161 0.4921 0.4552 0.4091 0.4829 0.4552 0.4069 0.4552 0.4552 0.4046 0.4183 0.4507 0.4069 0.3677 0.3378 0.317 0.6791 0.6769 0.6444 0.6838 0.693 0.6513 0.6722 0.7 0.6537 0.6513 0.7 0.6513 0.6329 0.6908 0.6583 0.6259 0.6098 0.5936 0.5703 0.5472 0.6988 0.6503 0.6664 0.7126 0.6596 0.6549 0.7126 0.6572 0.6319 0.701 0.6526 0.6157 0.6757 0.6503 0.6133 0.6388 0.6249 0.5927 0.5649 0.5442
0.0767 0.2618 1.0 0.4183 0.4943 0.4483 0.4161 0.4921 0.4552 0.4091 0.4829 0.4552 0.4069 0.4552 0.4552 0.4046 0.4183 0.4507 0.4069 0.3677 0.3378 0.317 0.294 0.6769 0.6444 0.6838 0.693 0.6513 0.6722 0.7 0.6537 0.6513 0.7 0.6513 0.6329 0.6908 0.6583 0.6259 0.6098 0.5936 0.5703 0.5472 0.5333 0.6503 0.6664 0.7126 0.6596 0.6549 0.7126 0.6572 0.6319 0.701 0.6526 0.6157 0.6757 0.6503 0.6133 0.6388 0.6249 0.5927 0.5649 0.5442 0.5303
0.0843 0.241 1.0 0.4943 0.4483 0.4161 0.4921 0.4552 0.4091 0.4829 0.4552 0.4069 0.4552 0.4552 0.4046 0.4183 0.4507 0.4069 0.3677 0.3378 0.317 0.294 0.2687 0.6444 0.6838 0.693 0.6513 0.6722 0.7 0.6537 0.6513 0.7 0.6513 0.6329 0.6908 0.6583 0.6259 0.6098 0.5936 0.5703 0.5472 0.5333 0.5194 0.6664 0.7126 0.6596 0.6549 0.7126 0.6572 0.6319 0.701 0.6526 0.6157 0.6757 0.6503 0.6133 0.6388 0.6249 0.5927 0.5649 0.5442 0.5303 0.505
0.023 0.2203 1.0 0.4483 0.4161 0.4921 0.4552 0.4091 0.4829 0.4552 0.4069 0.4552 0.4552 0.4046 0.4183 0.4507 0.4069 0.3677 0.3378 0.317 0.294 0.2687 0.2618 0.6838 0.693 0.6513 0.6722 0.7 0.6537 0.6513 0.7 0.6513 0.6329 0.6908 0.6583 0.6259 0.6098 0.5936 0.5703 0.5472 0.5333 0.5194 0.4963 0.7126 0.6596 0.6549 0.7126 0.6572 0.6319 0.701 0.6526 0.6157 0.6757 0.6503 0.6133 0.6388 0.6249 0.5927 0.5649 0.5442 0.5303 0.505 0.4911
0.0693 0.2111 1.0 0.4161 0.4921 0.4552 0.4091 0.4829 0.4552 0.4069 0.4552 0.4552 0.4046 0.4183 0.4507 0.4069 0.3677 0.3378 0.317 0.294 0.2687 0.2618 0.241 0.693 0.6513 0.6722 0.7 0.6537 0.6513 0.7 0.6513 0.6329 0.6908 0.6583 0.6259 0.6098 0.5936 0.5703 0.5472 0.5333 0.5194 0.4963 0.4848 0.6596 0.6549 0.7126 0.6572 0.6319 0.701 0.6526 0.6157 0.6757 0.6503 0.6133 0.6388 0.6249 0.5927 0.5649 0.5442 0.5303 0.505 0.4911 0.4796
0.069 0.1972 1.0 0.4921 0.4552 0.4091 0.4829 0.4552 0.4069 0.4552 0.4552 0.4046 0.4183 0.4507 0.4069 0.3677 0.3378 0.317 0.294 0.2687 0.2618 0.241 0.2203 0.6513 0.6722 0.7 0.6537 0.6513 0.7 0.6513 0.6329 0.6908 0.6583 0.6259 0.6098 0.5936 0.5703 0.5472 0.5333 0.5194 0.4963 0.4848 0.4732 0.6549 0.7126 0.6572 0.6319 0.701 0.6526 0.6157 0.6757 0.6503 0.6133 0.6388 0.6249 0.5927 0.5649 0.5442 0.5303 0.505 0.4911 0.4796 0.4611
0.0307 0.1766 1.0 0.4552 0.4091 0.4829 0.4552 0.4069 0.4552 0.4552 0.4046 0.4183 0.4507 0.4069 0.3677 0.3378 0.317 0.294 0.2687 0.2618 0.241 0.2203 0.2111 0.6722 0.7 0.6537 0.6513 0.7 0.6513 0.6329 0.6908 0.6583 0.6259 0.6098 0.5936 0.5703 0.5472 0.5333 0.5194 0.4963 0.4848 0.4732 0.45 0.7126 0.6572 0.6319 0.701 0.6526 0.6157 0.6757 0.6503 0.6133 0.6388 0.6249 0.5927 0.5649 0.5442 0.5303 0.505 0.4911 0.4796 0.4611 0.4427
0.0463 0.1742 1.0 0.4091 0.4829 0.4552 0.4069 0.4552 0.4552 0.4046 0.4183 0.4507 0.4069 0.3677 0.3378 0.317 0.294 0.2687 0.2618 0.241 0.2203 0.2111 0.1972 0.7 0.6537 0.6513 0.7 0.6513 0.6329 0.6908 0.6583 0.6259 0.6098 0.5936 0.5703 0.5472 0.5333 0.5194 0.4963 0.4848 0.4732 0.45 0.4384 0.6572 0.6319 0.701 0.6526 0.6157 0.6757 0.6503 0.6133 0.6388 0.6249 0.5927 0.5649 0.5442 0.5303 0.505 0.4911 0.4796 0.4611 0.4427 0.4403
0.0687 0.1673 1.0 0.4829 0.4552 0.4069 0.4552 0.4552 0.4046 0.4183 0.4507 0.4069 0.3677 0.3378 0.317 0.294 0.2687 0.2618 0.241 0.2203 0.2111 0.1972 0.1766 0.6537 0.6513 0.7 0.6513 0.6329 0.6908 0.6583 0.6259 0.6098 0.5936 0.5703 0.5472 0.5333 0.5194 0.4963 0.4848 0.4732 0.45 0.4384 0.4316 0.6319 0.701 0.6526 0.6157 0.6757 0.6503 0.6133 0.6388 0.6249 0.5927 0.5649 0.5442 0.5303 0.505 0.4911 0.4796 0.4611 0.4427 0.4403 0.4219
0.008 0.1489 1.0 0.4552 0.4069 0.4552 0.4552 0.4046 0.4183 0.4507 0.4069 0.3677 0.3378 0.317 0.294 0.2687 0.2618 0.241 0.2203 0.2111 0.1972 0.1766 0.1742 0.6513 0.7 0.6513 0.6329 0.6908 0.6583 0.6259 0.6098 0.5936 0.5703 0.5472 0.5333 0.5194 0.4963 0.4848 0.4732 0.45 0.4384 0.4316 0.413 0.701 0.6526 0.6157 0.6757 0.6503 0.6133 0.6388 0.6249 0.5927 0.5649 0.5442 0.5303 0.505 0.4911 0.4796 0.4611 0.4427 0.4403 0.4219 0.4058
0.023 0.1466 1.0 0.4069 0.4552 0.4552 0.4046 0.4183 0.4507 0.4069 0.3677 0.3378 0.317 0.294 0.2687 0.2618 0.241 0.2203 0.2111 0.1972 0.1766 0.1742 0.1673 0.7 0.6513 0.6329 0.6908 0.6583 0.6259 0.6098 0.5936 0.5703 0.5472 0.5333 0.5194 0.4963 0.4848 0.4732 0.45 0.4384 0.4316 0.413 0.3991 0.6526 0.6157 0.6757 0.6503 0.6133 0.6388 0.6249 0.5927 0.5649 0.5442 0.5303 0.505 0.4911 0.4796 0.4611 0.4427 0.4403 0.4219 0.4058 0.4081
0.0613 0.1442 1.0 0.4552 0.4552 0.4046 0.4183 0.4507 0.4069 0.3677 0.3378 0.317 0.294 0.2687 0.2618 0.241 0.2203 0.2111 0.1972 0.1766 0.1742 0.1673 0.1489 0.6513 0.6329 0.6908 0.6583 0.6259 0.6098 0.5936 0.5703 0.5472 0.5333 0.5194 0.4963 0.4848 0.4732 0.45 0.4384 0.4316 0.413 0.3991 0.4014 0.6157 0.6757 0.6503 0.6133 0.6388 0.6249 0.5927 0.5649 0.5442 0.5303 0.505 0.4911 0.4796 0.4611 0.4427 0.4403 0.4219 0.4058 0.4081 0.3942
0.0077 0.1259 1.0 0.4552 0.4046 0.4183 0.4507 0.4069 0.3677 0.3378 0.317 0.294 0.2687 0.2618 0.241 0.2203 0.2111 0.1972 0.1766 0.1742 0.1673 0.1489 0.1466 0.6329 0.6908 0.6583 0.6259 0.6098 0.5936 0.5703 0.5472 0.5333 0.5194 0.4963 0.4848 0.4732 0.45 0.4384 0.4316 0.413 0.3991 0.4014 0.3852 0.6757 0.6503 0.6133 0.6388 0.6249 0.5927 0.5649 0.5442 0.5303 0.505 0.4911 0.4796 0.4611 0.4427 0.4403 0.4219 0.4058 0.4081 0.3942 0.3781
0.008 0.1189 1.0 0.4046 0.4183 0.4507 0.4069 0.3677 0.3378 0.317 0.294 0.2687 0.2618 0.241 0.2203 0.2111 0.1972 0.1766 0.1742 0.1673 0.1489 0.1466 0.1442 0.6908 0.6583 0.6259 0.6098 0.5936 0.5703 0.5472 0.5333 0.5194 0.4963 0.4848 0.4732 0.45 0.4384 0.4316 0.413 0.3991 0.4014 0.3852 0.369 0.6503 0.6133 0.6388 0.6249 0.5927 0.5649 0.5442 0.5303 0.505 0.4911 0.4796 0.4611 0.4427 0.4403 0.4219 0.4058 0.4081 0.3942 0.3781 0.3781
0.061 0.1143 1.0 0.4183 0.4507 0.4069 0.3677 0.3378 0.317 0.294 0.2687 0.2618 0.241 0.2203 0.2111 0.1972 0.1766 0.1742 0.1673 0.1489 0.1466 0.1442 0.1259 0.6583 0.6259 0.6098 0.5936 0.5703 0.5472 0.5333 0.5194 0.4963 0.4848 0.4732 0.45 0.4384 0.4316 0.413 0.3991 0.4014 0.3852 0.369 0.369 0.6133 0.6388 0.6249 0.5927 0.5649 0.5442 0.5303 0.505 0.4911 0.4796 0.4611 0.4427 0.4403 0.4219 0.4058 0.4081 0.3942 0.3781 0.3781 0.3712
0.0233 0.1006 1.0 0.4507 0.4069 0.3677 0.3378 0.317 0.294 0.2687 0.2618 0.241 0.2203 0.2111 0.1972 0.1766 0.1742 0.1673 0.1489 0.1466 0.1442 0.1259 0.1189 0.6259 0.6098 0.5936 0.5703 0.5472 0.5333 0.5194 0.4963 0.4848 0.4732 0.45 0.4384 0.4316 0.413 0.3991 0.4014 0.3852 0.369 0.369 0.3551 0.6388 0.6249 0.5927 0.5649 0.5442 0.5303 0.505 0.4911 0.4796 0.4611 0.4427 0.4403 0.4219 0.4058 0.4081 0.3942 0.3781 0.3781 0.3712 0.3528
0.0153 0.089 1.0 0.4069 0.3677 0.3378 0.317 0.294 0.2687 0.2618 0.241 0.2203 0.2111 0.1972 0.1766 0.1742 0.1673 0.1489 0.1466 0.1442 0.1259 0.1189 0.1143 0.6098 0.5936 0.5703 0.5472 0.5333 0.5194 0.4963 0.4848 0.4732 0.45 0.4384 0.4316 0.413 0.3991 0.4014 0.3852 0.369 0.369 0.3551 0.3389 0.6249 0.5927 0.5649 0.5442 0.5303 0.505 0.4911 0.4796 0.4611 0.4427 0.4403 0.4219 0.4058 0.4081 0.3942 0.3781 0.3781 0.3712 0.3528 0.3481
0.0457 0.0821 1.0 0.3677 0.3378 0.317 0.294 0.2687 0.2618 0.241 0.2203 0.2111 0.1972 0.1766 0.1742 0.1673 0.1489 0.1466 0.1442 0.1259 0.1189 0.1143 0.1006 0.5936 0.5703 0.5472 0.5333 0.5194 0.4963 0.4848 0.4732 0.45 0.4384 0.4316 0.413 0.3991 0.4014 0.3852 0.369 0.369 0.3551 0.3389 0.3367 0.5927 0.5649 0.5442 0.5303 0.505 0.4911 0.4796 0.4611 0.4427 0.4403 0.4219 0.4058 0.4081 0.3942 0.3781 0.3781 0.3712 0.3528 0.3481 0.3389
0.0387 0.0706 1.0 0.3378 0.317 0.294 0.2687 0.2618 0.241 0.2203 0.2111 0.1972 0.1766 0.1742 0.1673 0.1489 0.1466 0.1442 0.1259 0.1189 0.1143 0.1006 0.089 0.5703 0.5472 0.5333 0.5194 0.4963 0.4848 0.4732 0.45 0.4384 0.4316 0.413 0.3991 0.4014 0.3852 0.369 0.369 0.3551 0.3389 0.3367 0.3273 0.5649 0.5442 0.5303 0.505 0.4911 0.4796 0.4611 0.4427 0.4403 0.4219 0.4058 0.4081 0.3942 0.3781 0.3781 0.3712 0.3528 0.3481 0.3389 0.3273
0.023 0.0613 1.0 0.317 0.294 0.2687 0.2618 0.241 0.2203 0.2111 0.1972 0.1766 0.1742 0.1673 0.1489 0.1466 0.1442 0.1259 0.1189 0.1143 0.1006 0.089 0.0821 0.5472 0.5333 0.5194 0.4963 0.4848 0.4732 0.45 0.4384 0.4316 0.413 0.3991 0.4014 0.3852 0.369 0.369 0.3551 0.3389 0.3367 0.3273 0.3134 0.5442 0.5303 0.505 0.4911 0.4796 0.4611 0.4427 0.4403 0.4219 0.4058 0.4081 0.3942 0.3781 0.3781 0.3712 0.3528 0.3481 0.3389 0.3273 0.3181
0.0383 0.0568 1.0 0.294 0.2687 0.2618 0.241 0.2203 0.2111 0.1972 0.1766 0.1742 0.1673 0.1489 0.1466 0.1442 0.1259 0.1189 0.1143 0.1006 0.089 0.0821 0.0706 0.5333 0.5194 0.4963 0.4848 0.4732 0.45 0.4384 0.4316 0.413 0.3991 0.4014 0.3852 0.369 0.369 0.3551 0.3389 0.3367 0.3273 0.3134 0.3066 0.5303 0.505 0.4911 0.4796 0.4611 0.4427 0.4403 0.4219 0.4058 0.4081 0.3942 0.3781 0.3781 0.3712 0.3528 0.3481 0.3389 0.3273 0.3181 0.3112
0.031 0.0452 1.0 0.2687 0.2618 0.241 0.2203 0.2111 0.1972 0.1766 0.1742 0.1673 0.1489 0.1466 0.1442 0.1259 0.1189 0.1143 0.1006 0.089 0.0821 0.0706 0.0613 0.5194 0.4963 0.4848 0.4732 0.45 0.4384 0.4316 0.413 0.3991 0.4014 0.3852 0.369 0.369 0.3551 0.3389 0.3367 0.3273 0.3134 0.3066 0.2972 0.505 0.4911 0.4796 0.4611 0.4427 0.4403 0.4219 0.4058 0.4081 0.3942 0.3781 0.3781 0.3712 0.3528 0.3481 0.3389 0.3273 0.3181 0.3112 0.2997
0.015 0.036 1.0 0.2618 0.241 0.2203 0.2111 0.1972 0.1766 0.1742 0.1673 0.1489 0.1466 0.1442 0.1259 0.1189 0.1143 0.1006 0.089 0.0821 0.0706 0.0613 0.0568 0.4963 0.4848 0.4732 0.45 0.4384 0.4316 0.413 0.3991 0.4014 0.3852 0.369 0.369 0.3551 0.3389 0.3367 0.3273 0.3134 0.3066 0.2972 0.2857 0.4911 0.4796 0.4611 0.4427 0.4403 0.4219 0.4058 0.4081 0.3942 0.3781 0.3781 0.3712 0.3528 0.3481 0.3389 0.3273 0.3181 0.3112 0.2997 0.2904
0.0387 0.0291 1.0 0.241 0.2203 0.2111 0.1972 0.1766 0.1742 0.1673 0.1489 0.1466 0.1442 0.1259 0.1189 0.1143 0.1006 0.089 0.0821 0.0706 0.0613 0.0568 0.0452 0.4848 0.4732 0.45 0.4384 0.4316 0.413 0.3991 0.4014 0.3852 0.369 0.369 0.3551 0.3389 0.3367 0.3273 0.3134 0.3066 0.2972 0.2857 0.2811 0.4796 0.4611 0.4427 0.4403 0.4219 0.4058 0.4081 0.3942 0.3781 0.3781 0.3712 0.3528 0.3481 0.3389 0.3273 0.3181 0.3112 0.2997 0.2904 0.2859
0.0307 0.0199 1.0 0.2203 0.2111 0.1972 0.1766 0.1742 0.1673 0.1489 0.1466 0.1442 0.1259 0.1189 0.1143 0.1006 0.089 0.0821 0.0706 0.0613 0.0568 0.0452 0.036 0.4732 0.45 0.4384 0.4316 0.413 0.3991 0.4014 0.3852 0.369 0.369 0.3551 0.3389 0.3367 0.3273 0.3134 0.3066 0.2972 0.2857 0.2811 0.2718 0.4611 0.4427 0.4403 0.4219 0.4058 0.4081 0.3942 0.3781 0.3781 0.3712 0.3528 0.3481 0.3389 0.3273 0.3181 0.3112 0.2997 0.2904 0.2859 0.2743
0.023 0.0867 1.0 0.2111 0.1972 0.1766 0.1742 0.1673 0.1489 0.1466 0.1442 0.1259 0.1189 0.1143 0.1006 0.089 0.0821 0.0706 0.0613 0.0568 0.0452 0.036 0.0291 0.45 0.4384 0.4316 0.413 0.3991 0.4014 0.3852 0.369 0.369 0.3551 0.3389 0.3367 0.3273 0.3134 0.3066 0.2972 0.2857 0.2811 0.2718 0.2626 0.4427 0.4403 0.4219 0.4058 0.4081 0.3942 0.3781 0.3781 0.3712 0.3528 0.3481 0.3389 0.3273 0.3181 0.3112 0.2997 0.2904 0.2859 0.2743 0.2673
0.0307 0.1074 1.0 0.1972 0.1766 0.1742 0.1673 0.1489 0.1466 0.1442 0.1259 0.1189 0.1143 0.1006 0.089 0.0821 0.0706 0.0613 0.0568 0.0452 0.036 0.0291 0.0199 0.4384 0.4316 0.413 0.3991 0.4014 0.3852 0.369 0.369 0.3551 0.3389 0.3367 0.3273 0.3134 0.3066 0.2972 0.2857 0.2811 0.2718 0.2626 0.2557 0.4403 0.4219 0.4058 0.4081 0.3942 0.3781 0.3781 0.3712 0.3528 0.3481 0.3389 0.3273 0.3181 0.3112 0.2997 0.2904 0.2859 0.2743 0.2673 0.2604
0.2227 0.0821 1.0 0.1766 0.1742 0.1673 0.1489 0.1466 0.1442 0.1259 0.1189 0.1143 0.1006 0.089 0.0821 0.0706 0.0613 0.0568 0.0452 0.036 0.0291 0.0199 0.0867 0.4316 0.413 0.3991 0.4014 0.3852 0.369 0.369 0.3551 0.3389 0.3367 0.3273 0.3134 0.3066 0.2972 0.2857 0.2811 0.2718 0.2626 0.2557 0.2487 0.4219 0.4058 0.4081 0.3942 0.3781 0.3781 0.3712 0.3528 0.3481 0.3389 0.3273 0.3181 0.3112 0.2997 0.2904 0.2859 0.2743 0.2673 0.2604 0.2536
0.069 0.1281 1.0 0.1742 0.1673 0.1489 0.1466 0.1442 0.1259 0.1189 0.1143 0.1006 0.089 0.0821 0.0706 0.0613 0.0568 0.0452 0.036 0.0291 0.0199 0.0867 0.1074 0.413 0.3991 0.4014 0.3852 0.369 0.369 0.3551 0.3389 0.3367 0.3273 0.3134 0.3066 0.2972 0.2857 0.2811 0.2718 0.2626 0.2557 0.2487 0.2557 0.4058 0.4081 0.3942 0.3781 0.3781 0.3712 0.3528 0.3481 0.3389 0.3273 0.3181 0.3112 0.2997 0.2904 0.2859 0.2743 0.2673 0.2604 0.2536 0.3458
0.0843 0.1696 1.0 0.1673 0.1489 0.1466 0.1442 0.1259 0.1189 0.1143 0.1006 0.089 0.0821 0.0706 0.0613 0.0568 0.0452 0.036 0.0291 0.0199 0.0867 0.1074 0.0821 0.3991 0.4014 0.3852 0.369 0.369 0.3551 0.3389 0.3367 0.3273 0.3134 0.3066 0.2972 0.2857 0.2811 0.2718 0.2626 0.2557 0.2487 0.2557 0.3343 0.4081 0.3942 0.3781 0.3781 0.3712 0.3528 0.3481 0.3389 0.3273 0.3181 0.3112 0.2997 0.2904 0.2859 0.2743 0.2673 0.2604 0.2536 0.3458 0.3342
0.1533 0.1351 1.0 0.1489 0.1466 0.1442 0.1259 0.1189 0.1143 0.1006 0.089 0.0821 0.0706 0.0613 0.0568 0.0452 0.036 0.0291 0.0199 0.0867 0.1074 0.0821 0.1281 0.4014 0.3852 0.369 0.369 0.3551 0.3389 0.3367 0.3273 0.3134 0.3066 0.2972 0.2857 0.2811 0.2718 0.2626 0.2557 0.2487 0.2557 0.3343 0.3158 0.3942 0.3781 0.3781 0.3712 0.3528 0.3481 0.3389 0.3273 0.3181 0.3112 0.2997 0.2904 0.2859 0.2743 0.2673 0.2604 0.2536 0.3458 0.3342 0.3112
0.1383 0.1489 1.0 0.1466 0.1442 0.1259 0.1189 0.1143 0.1006 0.089 0.0821 0.0706 0.0613 0.0568 0.0452 0.036 0.0291 0.0199 0.0867 0.1074 0.0821 0.1281 0.1696 0.3852 0.369 0.369 0.3551 0.3389 0.3367 0.3273 0.3134 0.3066 0.2972 0.2857 0.2811 0.2718 0.2626 0.2557 0.2487 0.2557 0.3343 0.3158 0.3042 0.3781 0.3781 0.3712 0.3528 0.3481 0.3389 0.3273 0.3181 0.3112 0.2997 0.2904 0.2859 0.2743 0.2673 0.2604 0.2536 0.3458 0.3342 0.3112 0.3804
0.115 0.2133 1.0 0.1442 0.1259 0.1189 0.1143 0.1006 0.089 0.0821 0.0706 0.0613 0.0568 0.0452 0.036 0.0291 0.0199 0.0867 0.1074 0.0821 0.1281 0.1696 0.1351 0.369 0.369 0.3551 0.3389 0.3367 0.3273 0.3134 0.3066 0.2972 0.2857 0.2811 0.2718 0.2626 0.2557 0.2487 0.2557 0.3343 0.3158 0.3042 0.3806 0.3781 0.3712 0.3528 0.3481 0.3389 0.3273 0.3181 0.3112 0.2997 0.2904 0.2859 0.2743 0.2673 0.2604 0.2536 0.3458 0.3342 0.3112 0.3804 0.385
0.046 0.1742 1.0 0.1259 0.1189 0.1143 0.1006 0.089 0.0821 0.0706 0.0613 0.0568 0.0452 0.036 0.0291 0.0199 0.0867 0.1074 0.0821 0.1281 0.1696 0.1351 0.1489 0.369 0.3551 0.3389 0.3367 0.3273 0.3134 0.3066 0.2972 0.2857 0.2811 0.2718 0.2626 0.2557 0.2487 0.2557 0.3343 0.3158 0.3042 0.3806 0.3667 0.3712 0.3528 0.3481 0.3389 0.3273 0.3181 0.3112 0.2997 0.2904 0.2859 0.2743 0.2673 0.2604 0.2536 0.3458 0.3342 0.3112 0.3804 0.385 0.3504
0.2147 0.1627 1.0 0.1189 0.1143 0.1006 0.089 0.0821 0.0706 0.0613 0.0568 0.0452 0.036 0.0291 0.0199 0.0867 0.1074 0.0821 0.1281 0.1696 0.1351 0.1489 0.2133 0.3551 0.3389 0.3367 0.3273 0.3134 0.3066 0.2972 0.2857 0.2811 0.2718 0.2626 0.2557 0.2487 0.2557 0.3343 0.3158 0.3042 0.3806 0.3667 0.3412 0.3528 0.3481 0.3389 0.3273 0.3181 0.3112 0.2997 0.2904 0.2859 0.2743 0.2673 0.2604 0.2536 0.3458 0.3342 0.3112 0.3804 0.385 0.3504 0.3942
0.1303 0.2479 1.0 0.1143 0.1006 0.089 0.0821 0.0706 0.0613 0.0568 0.0452 0.036 0.0291 0.0199 0.0867 0.1074 0.0821 0.1281 0.1696 0.1351 0.1489 0.2133 0.1742 0.3389 0.3367 0.3273 0.3134 0.3066 0.2972 0.2857 0.2811 0.2718 0.2626 0.2557 0.2487 0.2557 0.3343 0.3158 0.3042 0.3806 0.3667 0.3412 0.406 0.3481 0.3389 0.3273 0.3181 0.3112 0.2997 0.2904 0.2859 0.2743 0.2673 0.2604 0.2536 0.3458 0.3342 0.3112 0.3804 0.385 0.3504 0.3942 0.4219
0.0383 0.2088 1.0 0.1006 0.089 0.0821 0.0706 0.0613 0.0568 0.0452 0.036 0.0291 0.0199 0.0867 0.1074 0.0821 0.1281 0.1696 0.1351 0.1489 0.2133 0.1742 0.1627 0.3367 0.3273 0.3134 0.3066 0.2972 0.2857 0.2811 0.2718 0.2626 0.2557 0.2487 0.2557 0.3343 0.3158 0.3042 0.3806 0.3667 0.3412 0.406 0.4083 0.3389 0.3273 0.3181 0.3112 0.2997 0.2904 0.2859 0.2743 0.2673 0.2604 0.2536 0.3458 0.3342 0.3112 0.3804 0.385 0.3504 0.3942 0.4219 0.3827
0.284 0.1834 1.0 0.089 0.0821 0.0706 0.0613 0.0568 0.0452 0.036 0.0291 0.0199 0.0867 0.1074 0.0821 0.1281 0.1696 0.1351 0.1489 0.2133 0.1742 0.1627 0.2479 0.3273 0.3134 0.3066 0.2972 0.2857 0.2811 0.2718 0.2626 0.2557 0.2487 0.2557 0.3343 0.3158 0.3042 0.3806 0.3667 0.3412 0.406 0.4083 0.3783 0.3273 0.3181 0.3112 0.2997 0.2904 0.2859 0.2743 0.2673 0.2604 0.2536 0.3458 0.3342 0.3112 0.3804 0.385 0.3504 0.3942 0.4219 0.3827 0.3989
0.1303 0.264 1.0 0.0821 0.0706 0.0613 0.0568 0.0452 0.036 0.0291 0.0199 0.0867 0.1074 0.0821 0.1281 0.1696 0.1351 0.1489 0.2133 0.1742 0.1627 0.2479 0.2088 0.3134 0.3066 0.2972 0.2857 0.2811 0.2718 0.2626 0.2557 0.2487 0.2557 0.3343 0.3158 0.3042 0.3806 0.3667 0.3412 0.406 0.4083 0.3783 0.4177 0.3181 0.3112 0.2997 0.2904 0.2859 0.2743 0.2673 0.2604 0.2536 0.3458 0.3342 0.3112 0.3804 0.385 0.3504 0.3942 0.4219 0.3827 0.3989 0.4542
0.0847 0.2479 1.0 0.0706 0.0613 0.0568 0.0452 0.036 0.0291 0.0199 0.0867 0.1074 0.0821 0.1281 0.1696 0.1351 0.1489 0.2133 0.1742 0.1627 0.2479 0.2088 0.1834 0.3066 0.2972 0.2857 0.2811 0.2718 0.2626 0.2557 0.2487 0.2557 0.3343 0.3158 0.3042 0.3806 0.3667 0.3412 0.406 0.4083 0.3783 0.4177 0.45 0.3112 0.2997 0.2904 0.2859 0.2743 0.2673 0.2604 0.2536 0.3458 0.3342 0.3112 0.3804 0.385 0.3504 0.3942 0.4219 0.3827 0.3989 0.4542 0.4127
0.2687 0.2157 1.0 0.0613 0.0568 0.0452 0.036 0.0291 0.0199 0.0867 0.1074 0.0821 0.1281 0.1696 0.1351 0.1489 0.2133 0.1742 0.1627 0.2479 0.2088 0.1834 0.264 0.2972 0.2857 0.2811 0.2718 0.2626 0.2557 0.2487 0.2557 0.3343 0.3158 0.3042 0.3806 0.3667 0.3412 0.406 0.4083 0.3783 0.4177 0.45 0.413 0.2997 0.2904 0.2859 0.2743 0.2673 0.2604 0.2536 0.3458 0.3342 0.3112 0.3804 0.385 0.3504 0.3942 0.4219 0.3827 0.3989 0.4542 0.4127 0.4012
0.0537 0.2687 1.0 0.0568 0.0452 0.036 0.0291 0.0199 0.0867 0.1074 0.0821 0.1281 0.1696 0.1351 0.1489 0.2133 0.1742 0.1627 0.2479 0.2088 0.1834 0.264 0.2479 0.2857 0.2811 0.2718 0.2626 0.2557 0.2487 0.2557 0.3343 0.3158 0.3042 0.3806 0.3667 0.3412 0.406 0.4083 0.3783 0.4177 0.45 0.413 0.4246 0.2904 0.2859 0.2743 0.2673 0.2604 0.2536 0.3458 0.3342 0.3112 0.3804 0.385 0.3504 0.3942 0.4219 0.3827 0.3989 0.4542 0.4127 0.4012 0.4819
0.1073 0.2779 1.0 0.0452 0.036 0.0291 0.0199 0.0867 0.1074 0.0821 0.1281 0.1696 0.1351 0.1489 0.2133 0.1742 0.1627 0.2479 0.2088 0.1834 0.264 0.2479 0.2157 0.2811 0.2718 0.2626 0.2557 0.2487 0.2557 0.3343 0.3158 0.3042 0.3806 0.3667 0.3412 0.406 0.4083 0.3783 0.4177 0.45 0.413 0.4246 0.4893 0.2859 0.2743 0.2673 0.2604 0.2536 0.3458 0.3342 0.3112 0.3804 0.385 0.3504 0.3942 0.4219 0.3827 0.3989 0.4542 0.4127 0.4012 0.4819 0.445
0.1767 0.2433 1.0 0.036 0.0291 0.0199 0.0867 0.1074 0.0821 0.1281 0.1696 0.1351 0.1489 0.2133 0.1742 0.1627 0.2479 0.2088 0.1834 0.264 0.2479 0.2157 0.2687 0.2718 0.2626 0.2557 0.2487 0.2557 0.3343 0.3158 0.3042 0.3806 0.3667 0.3412 0.406 0.4083 0.3783 0.4177 0.45 0.413 0.4246 0.4893 0.4523 0.2743 0.2673 0.2604 0.2536 0.3458 0.3342 0.3112 0.3804 0.385 0.3504 0.3942 0.4219 0.3827 0.3989 0.4542 0.4127 0.4012 0.4819 0.445 0.4242
