0.686 1.0 0.1687 0.09 0.1 0.11 0.12 0.13 0.14 0.15 0.16 0.17 0.18 0.19 0.2 0.21 0.22 0.23 0.24 0.25 0.26 0.27 0.28 0.5179 0.5478 0.5961 0.5547 0.5524 0.633 0.5939 0.5662 0.6446 0.6284 0.5984 0.6307 0.656 0.6214 0.6169 0.6676 0.656 0.6422 0.6607 0.7113 0.4199 0.3899 0.3644 0.4361 0.4292 0.3991 0.4408 0.4732 0.4384 0.4454 0.5079 0.4801 0.4639 0.5126 0.5194 0.4963 0.5126 0.5588 0.531 0.5287 0.3989 0.3689 0.4219 0.4358 0.3966 0.4127 0.4703 0.4289 0.4197 0.4911 0.4658 0.445 0.475 0.4958 0.4727 0.4796 0.5142 0.505 0.505 0.5464
0.7643 1.0 0.092 0.1 0.11 0.12 0.13 0.14 0.15 0.16 0.17 0.18 0.19 0.2 0.21 0.22 0.23 0.24 0.25 0.26 0.27 0.28 0.29 0.5478 0.5961 0.5547 0.5524 0.633 0.5939 0.5662 0.6446 0.6284 0.5984 0.6307 0.656 0.6214 0.6169 0.6676 0.656 0.6422 0.6607 0.7113 0.6837 0.3899 0.3644 0.4361 0.4292 0.3991 0.4408 0.4732 0.4384 0.4454 0.5079 0.4801 0.4639 0.5126 0.5194 0.4963 0.5126 0.5588 0.531 0.5287 0.5727 0.3689 0.4219 0.4358 0.3966 0.4127 0.4703 0.4289 0.4197 0.4911 0.4658 0.445 0.475 0.4958 0.4727 0.4796 0.5142 0.505 0.505 0.5464 0.5672
0.7367 1.0 0.0077 0.11 0.12 0.13 0.14 0.15 0.16 0.17 0.18 0.19 0.2 0.21 0.22 0.23 0.24 0.25 0.26 0.27 0.28 0.29 0.3 0.5961 0.5547 0.5524 0.633 0.5939 0.5662 0.6446 0.6284 0.5984 0.6307 0.656 0.6214 0.6169 0.6676 0.656 0.6422 0.6607 0.7113 0.6837 0.686 0.3644 0.4361 0.4292 0.3991 0.4408 0.4732 0.4384 0.4454 0.5079 0.4801 0.4639 0.5126 0.5194 0.4963 0.5126 0.5588 0.531 0.5287 0.5727 0.5889 0.4219 0.4358 0.3966 0.4127 0.4703 0.4289 0.4197 0.4911 0.4658 0.445 0.475 0.4958 0.4727 0.4796 0.5142 0.505 0.505 0.5464 0.5672 0.5464
0.7274 1.0 0.261 0.12 0.13 0.14 0.15 0.16 0.17 0.18 0.19 0.2 0.21 0.22 0.23 0.24 0.25 0.26 0.27 0.28 0.29 0.3 0.31 0.5547 0.5524 0.633 0.5939 0.5662 0.6446 0.6284 0.5984 0.6307 0.656 0.6214 0.6169 0.6676 0.656 0.6422 0.6607 0.7113 0.6837 0.686 0.7643 0.4361 0.4292 0.3991 0.4408 0.4732 0.4384 0.4454 0.5079 0.4801 0.4639 0.5126 0.5194 0.4963 0.5126 0.5588 0.531 0.5287 0.5727 0.5889 0.5681 0.4358 0.3966 0.4127 0.4703 0.4289 0.4197 0.4911 0.4658 0.445 0.475 0.4958 0.4727 0.4796 0.5142 0.505 0.505 0.5464 0.5672 0.5464 0.5557
0.7804 1.0 0.092 0.13 0.14 0.15 0.16 0.17 0.18 0.19 0.2 0.21 0.22 0.23 0.24 0.25 0.26 0.27 0.28 0.29 0.3 0.31 0.32 0.5524 0.633 0.5939 0.5662 0.6446 0.6284 0.5984 0.6307 0.656 0.6214 0.6169 0.6676 0.656 0.6422 0.6607 0.7113 0.6837 0.686 0.7643 0.7367 0.4292 0.3991 0.4408 0.4732 0.4384 0.4454 0.5079 0.4801 0.4639 0.5126 0.5194 0.4963 0.5126 0.5588 0.531 0.5287 0.5727 0.5889 0.5681 0.5889 0.3966 0.4127 0.4703 0.4289 0.4197 0.4911 0.4658 0.445 0.475 0.4958 0.4727 0.4796 0.5142 0.505 0.505 0.5464 0.5672 0.5464 0.5557 0.618
0.7712 1.0 0.031 0.14 0.15 0.16 0.17 0.18 0.19 0.2 0.21 0.22 0.23 0.24 0.25 0.26 0.27 0.28 0.29 0.3 0.31 0.32 0.33 0.633 0.5939 0.5662 0.6446 0.6284 0.5984 0.6307 0.656 0.6214 0.6169 0.6676 0.656 0.6422 0.6607 0.7113 0.6837 0.686 0.7643 0.7367 0.7274 0.3991 0.4408 0.4732 0.4384 0.4454 0.5079 0.4801 0.4639 0.5126 0.5194 0.4963 0.5126 0.5588 0.531 0.5287 0.5727 0.5889 0.5681 0.5889 0.6259 0.4127 0.4703 0.4289 0.4197 0.4911 0.4658 0.445 0.475 0.4958 0.4727 0.4796 0.5142 0.505 0.505 0.5464 0.5672 0.5464 0.5557 0.618 0.5811
0.739 1.0 0.1767 0.15 0.16 0.17 0.18 0.19 0.2 0.21 0.22 0.23 0.24 0.25 0.26 0.27 0.28 0.29 0.3 0.31 0.32 0.33 0.34 0.5939 0.5662 0.6446 0.6284 0.5984 0.6307 0.656 0.6214 0.6169 0.6676 0.656 0.6422 0.6607 0.7113 0.6837 0.686 0.7643 0.7367 0.7274 0.7804 0.4408 0.4732 0.4384 0.4454 0.5079 0.4801 0.4639 0.5126 0.5194 0.4963 0.5126 0.5588 0.531 0.5287 0.5727 0.5889 0.5681 0.5889 0.6259 0.5936 0.4703 0.4289 0.4197 0.4911 0.4658 0.445 0.475 0.4958 0.4727 0.4796 0.5142 0.505 0.505 0.5464 0.5672 0.5464 0.5557 0.618 0.5811 0.5696
0.7758 1.0 0.0307 0.16 0.17 0.18 0.19 0.2 0.21 0.22 0.23 0.24 0.25 0.26 0.27 0.28 0.29 0.3 0.31 0.32 0.33 0.34 0.35 0.5662 0.6446 0.6284 0.5984 0.6307 0.656 0.6214 0.6169 0.6676 0.656 0.6422 0.6607 0.7113 0.6837 0.686 0.7643 0.7367 0.7274 0.7804 0.7712 0.4732 0.4384 0.4454 0.5079 0.4801 0.4639 0.5126 0.5194 0.4963 0.5126 0.5588 0.531 0.5287 0.5727 0.5889 0.5681 0.5889 0.6259 0.5936 0.5936 0.4289 0.4197 0.4911 0.4658 0.445 0.475 0.4958 0.4727 0.4796 0.5142 0.505 0.505 0.5464 0.5672 0.5464 0.5557 0.618 0.5811 0.5696 0.6341
0.7804 1.0 0.1073 0.17 0.18 0.19 0.2 0.21 0.22 0.23 0.24 0.25 0.26 0.27 0.28 0.29 0.3 0.31 0.32 0.33 0.34 0.35 0.36 0.6446 0.6284 0.5984 0.6307 0.656 0.6214 0.6169 0.6676 0.656 0.6422 0.6607 0.7113 0.6837 0.686 0.7643 0.7367 0.7274 0.7804 0.7712 0.739 0.4384 0.4454 0.5079 0.4801 0.4639 0.5126 0.5194 0.4963 0.5126 0.5588 0.531 0.5287 0.5727 0.5889 0.5681 0.5889 0.6259 0.5936 0.5936 0.6329 0.4197 0.4911 0.4658 0.445 0.475 0.4958 0.4727 0.4796 0.5142 0.505 0.505 0.5464 0.5672 0.5464 0.5557 0.618 0.5811 0.5696 0.6341 0.6019
0.7436 1.0 0.1227 0.18 0.19 0.2 0.21 0.22 0.23 0.24 0.25 0.26 0.27 0.28 0.29 0.3 0.31 0.32 0.33 0.34 0.35 0.36 0.37 0.6284 0.5984 0.6307 0.656 0.6214 0.6169 0.6676 0.656 0.6422 0.6607 0.7113 0.6837 0.686 0.7643 0.7367 0.7274 0.7804 0.7712 0.739 0.7758 0.4454 0.5079 0.4801 0.4639 0.5126 0.5194 0.4963 0.5126 0.5588 0.531 0.5287 0.5727 0.5889 0.5681 0.5889 0.6259 0.5936 0.5936 0.6329 0.5981 0.4911 0.4658 0.445 0.475 0.4958 0.4727 0.4796 0.5142 0.505 0.505 0.5464 0.5672 0.5464 0.5557 0.618 0.5811 0.5696 0.6341 0.6019 0.5834
0.7758 1.0 0.0153 0.19 0.2 0.21 0.22 0.23 0.24 0.25 0.26 0.27 0.28 0.29 0.3 0.31 0.32 0.33 0.34 0.35 0.36 0.37 0.38 0.5984 0.6307 0.656 0.6214 0.6169 0.6676 0.656 0.6422 0.6607 0.7113 0.6837 0.686 0.7643 0.7367 0.7274 0.7804 0.7712 0.739 0.7758 0.7804 0.5079 0.4801 0.4639 0.5126 0.5194 0.4963 0.5126 0.5588 0.531 0.5287 0.5727 0.5889 0.5681 0.5889 0.6259 0.5936 0.5936 0.6329 0.5981 0.5866 0.4658 0.445 0.475 0.4958 0.4727 0.4796 0.5142 0.505 0.505 0.5464 0.5672 0.5464 0.5557 0.618 0.5811 0.5696 0.6341 0.6019 0.5834 0.6433
0.8034 1.0 0.1227 0.2 0.21 0.22 0.23 0.24 0.25 0.26 0.27 0.28 0.29 0.3 0.31 0.32 0.33 0.34 0.35 0.36 0.37 0.38 0.39 0.6307 0.656 0.6214 0.6169 0.6676 0.656 0.6422 0.6607 0.7113 0.6837 0.686 0.7643 0.7367 0.7274 0.7804 0.7712 0.739 0.7758 0.7804 0.7436 0.4801 0.4639 0.5126 0.5194 0.4963 0.5126 0.5588 0.531 0.5287 0.5727 0.5889 0.5681 0.5889 0.6259 0.5936 0.5936 0.6329 0.5981 0.5866 0.6374 0.445 0.475 0.4958 0.4727 0.4796 0.5142 0.505 0.505 0.5464 0.5672 0.5464 0.5557 0.618 0.5811 0.5696 0.6341 0.6019 0.5834 0.6433 0.618
0.7689 1.0 0.1073 0.21 0.22 0.23 0.24 0.25 0.26 0.27 0.28 0.29 0.3 0.31 0.32 0.33 0.34 0.35 0.36 0.37 0.38 0.39 0.4 0.656 0.6214 0.6169 0.6676 0.656 0.6422 0.6607 0.7113 0.6837 0.686 0.7643 0.7367 0.7274 0.7804 0.7712 0.739 0.7758 0.7804 0.7436 0.7758 0.4639 0.5126 0.5194 0.4963 0.5126 0.5588 0.531 0.5287 0.5727 0.5889 0.5681 0.5889 0.6259 0.5936 0.5936 0.6329 0.5981 0.5866 0.6374 0.612 0.475 0.4958 0.4727 0.4796 0.5142 0.505 0.505 0.5464 0.5672 0.5464 0.5557 0.618 0.5811 0.5696 0.6341 0.6019 0.5834 0.6433 0.618 0.588
0.7828 1.0 0.092 0.22 0.23 0.24 0.25 0.26 0.27 0.28 0.29 0.3 0.31 0.32 0.33 0.34 0.35 0.36 0.37 0.38 0.39 0.4 0.41 0.6214 0.6169 0.6676 0.656 0.6422 0.6607 0.7113 0.6837 0.686 0.7643 0.7367 0.7274 0.7804 0.7712 0.739 0.7758 0.7804 0.7436 0.7758 0.8034 0.5126 0.5194 0.4963 0.5126 0.5588 0.531 0.5287 0.5727 0.5889 0.5681 0.5889 0.6259 0.5936 0.5936 0.6329 0.5981 0.5866 0.6374 0.612 0.5981 0.4958 0.4727 0.4796 0.5142 0.505 0.505 0.5464 0.5672 0.5464 0.5557 0.618 0.5811 0.5696 0.6341 0.6019 0.5834 0.6433 0.618 0.588 0.6388
0.8242 1.0 0.115 0.23 0.24 0.25 0.26 0.27 0.28 0.29 0.3 0.31 0.32 0.33 0.34 0.35 0.36 0.37 0.38 0.39 0.4 0.41 0.42 0.6169 0.6676 0.656 0.6422 0.6607 0.7113 0.6837 0.686 0.7643 0.7367 0.7274 0.7804 0.7712 0.739 0.7758 0.7804 0.7436 0.7758 0.8034 0.7689 0.5194 0.4963 0.5126 0.5588 0.531 0.5287 0.5727 0.5889 0.5681 0.5889 0.6259 0.5936 0.5936 0.6329 0.5981 0.5866 0.6374 0.612 0.5981 0.6537 0.4727 0.4796 0.5142 0.505 0.505 0.5464 0.5672 0.5464 0.5557 0.618 0.5811 0.5696 0.6341 0.6019 0.5834 0.6433 0.618 0.588 0.6388 0.6341
0.7828 1.0 0.0463 0.24 0.25 0.26 0.27 0.28 0.29 0.3 0.31 0.32 0.33 0.34 0.35 0.36 0.37 0.38 0.39 0.4 0.41 0.42 0.43 0.6676 0.656 0.6422 0.6607 0.7113 0.6837 0.686 0.7643 0.7367 0.7274 0.7804 0.7712 0.739 0.7758 0.7804 0.7436 0.7758 0.8034 0.7689 0.7828 0.4963 0.5126 0.5588 0.531 0.5287 0.5727 0.5889 0.5681 0.5889 0.6259 0.5936 0.5936 0.6329 0.5981 0.5866 0.6374 0.612 0.5981 0.6537 0.6329 0.4796 0.5142 0.505 0.505 0.5464 0.5672 0.5464 0.5557 0.618 0.5811 0.5696 0.6341 0.6019 0.5834 0.6433 0.618 0.588 0.6388 0.6341 0.6111
0.7873 1.0 0.138 0.25 0.26 0.27 0.28 0.29 0.3 0.31 0.32 0.33 0.34 0.35 0.36 0.37 0.38 0.39 0.4 0.41 0.42 0.43 0.44 0.656 0.6422 0.6607 0.7113 0.6837 0.686 0.7643 0.7367 0.7274 0.7804 0.7712 0.739 0.7758 0.7804 0.7436 0.7758 0.8034 0.7689 0.7828 0.8242 0.5126 0.5588 0.531 0.5287 0.5727 0.5889 0.5681 0.5889 0.6259 0.5936 0.5936 0.6329 0.5981 0.5866 0.6374 0.612 0.5981 0.6537 0.6329 0.6143 0.5142 0.505 0.505 0.5464 0.5672 0.5464 0.5557 0.618 0.5811 0.5696 0.6341 0.6019 0.5834 0.6433 0.618 0.588 0.6388 0.6341 0.6111 0.6549
0.8541 1.0 0.138 0.26 0.27 0.28 0.29 0.3 0.31 0.32 0.33 0.34 0.35 0.36 0.37 0.38 0.39 0.4 0.41 0.42 0.43 0.44 0.45 0.6422 0.6607 0.7113 0.6837 0.686 0.7643 0.7367 0.7274 0.7804 0.7712 0.739 0.7758 0.7804 0.7436 0.7758 0.8034 0.7689 0.7828 0.8242 0.7828 0.5588 0.531 0.5287 0.5727 0.5889 0.5681 0.5889 0.6259 0.5936 0.5936 0.6329 0.5981 0.5866 0.6374 0.612 0.5981 0.6537 0.6329 0.6143 0.6652 0.505 0.505 0.5464 0.5672 0.5464 0.5557 0.618 0.5811 0.5696 0.6341 0.6019 0.5834 0.6433 0.618 0.588 0.6388 0.6341 0.6111 0.6549 0.6664
0.8103 1.0 0.015 0.27 0.28 0.29 0.3 0.31 0.32 0.33 0.34 0.35 0.36 0.37 0.38 0.39 0.4 0.41 0.42 0.43 0.44 0.45 0.46 0.6607 0.7113 0.6837 0.686 0.7643 0.7367 0.7274 0.7804 0.7712 0.739 0.7758 0.7804 0.7436 0.7758 0.8034 0.7689 0.7828 0.8242 0.7828 0.7873 0.531 0.5287 0.5727 0.5889 0.5681 0.5889 0.6259 0.5936 0.5936 0.6329 0.5981 0.5866 0.6374 0.612 0.5981 0.6537 0.6329 0.6143 0.6652 0.6583 0.505 0.5464 0.5672 0.5464 0.5557 0.618 0.5811 0.5696 0.6341 0.6019 0.5834 0.6433 0.618 0.588 0.6388 0.6341 0.6111 0.6549 0.6664 0.6296
0.7873 1.0 0.2227 0.28 0.29 0.3 0.31 0.32 0.33 0.34 0.35 0.36 0.37 0.38 0.39 0.4 0.41 0.42 0.43 0.44 0.45 0.46 0.47 0.7113 0.6837 0.686 0.7643 0.7367 0.7274 0.7804 0.7712 0.739 0.7758 0.7804 0.7436 0.7758 0.8034 0.7689 0.7828 0.8242 0.7828 0.7873 0.8541 0.5287 0.5727 0.5889 0.5681 0.5889 0.6259 0.5936 0.5936 0.6329 0.5981 0.5866 0.6374 0.612 0.5981 0.6537 0.6329 0.6143 0.6652 0.6583 0.6398 0.5464 0.5672 0.5464 0.5557 0.618 0.5811 0.5696 0.6341 0.6019 0.5834 0.6433 0.618 0.588 0.6388 0.6341 0.6111 0.6549 0.6664 0.6296 0.6526
0.8657 1.0 0.146 0.29 0.3 0.31 0.32 0.33 0.34 0.35 0.36 0.37 0.38 0.39 0.4 0.41 0.42 0.43 0.44 0.45 0.46 0.47 0.48 0.6837 0.686 0.7643 0.7367 0.7274 0.7804 0.7712 0.739 0.7758 0.7804 0.7436 0.7758 0.8034 0.7689 0.7828 0.8242 0.7828 0.7873 0.8541 0.8103 0.5727 0.5889 0.5681 0.5889 0.6259 0.5936 0.5936 0.6329 0.5981 0.5866 0.6374 0.612 0.5981 0.6537 0.6329 0.6143 0.6652 0.6583 0.6398 0.6769 0.5672 0.5464 0.5557 0.618 0.5811 0.5696 0.6341 0.6019 0.5834 0.6433 0.618 0.588 0.6388 0.6341 0.6111 0.6549 0.6664 0.6296 0.6526 0.6896
0.8242 1.0 0.0767 0.3 0.31 0.32 0.33 0.34 0.35 0.36 0.37 0.38 0.39 0.4 0.41 0.42 0.43 0.44 0.45 0.46 0.47 0.48 0.49 0.686 0.7643 0.7367 0.7274 0.7804 0.7712 0.739 0.7758 0.7804 0.7436 0.7758 0.8034 0.7689 0.7828 0.8242 0.7828 0.7873 0.8541 0.8103 0.7873 0.5889 0.5681 0.5889 0.6259 0.5936 0.5936 0.6329 0.5981 0.5866 0.6374 0.612 0.5981 0.6537 0.6329 0.6143 0.6652 0.6583 0.6398 0.6769 0.6861 0.5464 0.5557 0.618 0.5811 0.5696 0.6341 0.6019 0.5834 0.6433 0.618 0.588 0.6388 0.6341 0.6111 0.6549 0.6664 0.6296 0.6526 0.6896 0.6457
0.7942 1.0 0.2613 0.31 0.32 0.33 0.34 0.35 0.36 0.37 0.38 0.39 0.4 0.41 0.42 0.43 0.44 0.45 0.46 0.47 0.48 0.49 0.5 0.7643 0.7367 0.7274 0.7804 0.7712 0.739 0.7758 0.7804 0.7436 0.7758 0.8034 0.7689 0.7828 0.8242 0.7828 0.7873 0.8541 0.8103 0.7873 0.8657 0.5681 0.5889 0.6259 0.5936 0.5936 0.6329 0.5981 0.5866 0.6374 0.612 0.5981 0.6537 0.6329 0.6143 0.6652 0.6583 0.6398 0.6769 0.6861 0.6513 0.5557 0.618 0.5811 0.5696 0.6341 0.6019 0.5834 0.6433 0.618 0.588 0.6388 0.6341 0.6111 0.6549 0.6664 0.6296 0.6526 0.6896 0.6457 0.6503
0.8564 1.0 0.1383 0.32 0.33 0.34 0.35 0.36 0.37 0.38 0.39 0.4 0.41 0.42 0.43 0.44 0.45 0.46 0.47 0.48 0.49 0.5 0.51 0.7367 0.7274 0.7804 0.7712 0.739 0.7758 0.7804 0.7436 0.7758 0.8034 0.7689 0.7828 0.8242 0.7828 0.7873 0.8541 0.8103 0.7873 0.8657 0.8242 0.5889 0.6259 0.5936 0.5936 0.6329 0.5981 0.5866 0.6374 0.612 0.5981 0.6537 0.6329 0.6143 0.6652 0.6583 0.6398 0.6769 0.6861 0.6513 0.6722 0.618 0.5811 0.5696 0.6341 0.6019 0.5834 0.6433 0.618 0.588 0.6388 0.6341 0.6111 0.6549 0.6664 0.6296 0.6526 0.6896 0.6457 0.6503 0.7102
0.8427 1.0 0.1 0.33 0.34 0.35 0.36 0.37 0.38 0.39 0.4 0.41 0.42 0.43 0.44 0.45 0.46 0.47 0.48 0.49 0.5 0.51 0.52 0.7274 0.7804 0.7712 0.739 0.7758 0.7804 0.7436 0.7758 0.8034 0.7689 0.7828 0.8242 0.7828 0.7873 0.8541 0.8103 0.7873 0.8657 0.8242 0.7942 0.6259 0.5936 0.5936 0.6329 0.5981 0.5866 0.6374 0.612 0.5981 0.6537 0.6329 0.6143 0.6652 0.6583 0.6398 0.6769 0.6861 0.6513 0.6722 0.7047 0.5811 0.5696 0.6341 0.6019 0.5834 0.6433 0.618 0.588 0.6388 0.6341 0.6111 0.6549 0.6664 0.6296 0.6526 0.6896 0.6457 0.6503 0.7102 0.6596
0.7966 1.0 0.2073 0.34 0.35 0.36 0.37 0.38 0.39 0.4 0.41 0.42 0.43 0.44 0.45 0.46 0.47 0.48 0.49 0.5 0.51 0.52 0.53 0.7804 0.7712 0.739 0.7758 0.7804 0.7436 0.7758 0.8034 0.7689 0.7828 0.8242 0.7828 0.7873 0.8541 0.8103 0.7873 0.8657 0.8242 0.7942 0.8564 0.5936 0.5936 0.6329 0.5981 0.5866 0.6374 0.612 0.5981 0.6537 0.6329 0.6143 0.6652 0.6583 0.6398 0.6769 0.6861 0.6513 0.6722 0.7047 0.6652 0.5696 0.6341 0.6019 0.5834 0.6433 0.618 0.588 0.6388 0.6341 0.6111 0.6549 0.6664 0.6296 0.6526 0.6896 0.6457 0.6503 0.7102 0.6596 0.6388
0.8357 1.0 0.0457 0.35 0.36 0.37 0.38 0.39 0.4 0.41 0.42 0.43 0.44 0.45 0.46 0.47 0.48 0.49 0.5 0.51 0.52 0.53 0.54 0.7712 0.739 0.7758 0.7804 0.7436 0.7758 0.8034 0.7689 0.7828 0.8242 0.7828 0.7873 0.8541 0.8103 0.7873 0.8657 0.8242 0.7942 0.8564 0.8427 0.5936 0.6329 0.5981 0.5866 0.6374 0.612 0.5981 0.6537 0.6329 0.6143 0.6652 0.6583 0.6398 0.6769 0.6861 0.6513 0.6722 0.7047 0.6652 0.663 0.6341 0.6019 0.5834 0.6433 0.618 0.588 0.6388 0.6341 0.6111 0.6549 0.6664 0.6296 0.6526 0.6896 0.6457 0.6503 0.7102 0.6596 0.6388 0.7102
0.8427 1.0 0.1537 0.36 0.37 0.38 0.39 0.4 0.41 0.42 0.43 0.44 0.45 0.46 0.47 0.48 0.49 0.5 0.51 0.52 0.53 0.54 0.55 0.739 0.7758 0.7804 0.7436 0.7758 0.8034 0.7689 0.7828 0.8242 0.7828 0.7873 0.8541 0.8103 0.7873 0.8657 0.8242 0.7942 0.8564 0.8427 0.7966 0.6329 0.5981 0.5866 0.6374 0.612 0.5981 0.6537 0.6329 0.6143 0.6652 0.6583 0.6398 0.6769 0.6861 0.6513 0.6722 0.7047 0.6652 0.663 0.7186 0.6019 0.5834 0.6433 0.618 0.588 0.6388 0.6341 0.6111 0.6549 0.6664 0.6296 0.6526 0.6896 0.6457 0.6503 0.7102 0.6596 0.6388 0.7102 0.6688
0.7942 1.0 0.1303 0.37 0.38 0.39 0.4 0.41 0.42 0.43 0.44 0.45 0.46 0.47 0.48 0.49 0.5 0.51 0.52 0.53 0.54 0.55 0.56 0.7758 0.7804 0.7436 0.7758 0.8034 0.7689 0.7828 0.8242 0.7828 0.7873 0.8541 0.8103 0.7873 0.8657 0.8242 0.7942 0.8564 0.8427 0.7966 0.8357 0.5981 0.5866 0.6374 0.612 0.5981 0.6537 0.6329 0.6143 0.6652 0.6583 0.6398 0.6769 0.6861 0.6513 0.6722 0.7047 0.6652 0.663 0.7186 0.6722 0.5834 0.6433 0.618 0.588 0.6388 0.6341 0.6111 0.6549 0.6664 0.6296 0.6526 0.6896 0.6457 0.6503 0.7102 0.6596 0.6388 0.7102 0.6688 0.6319
0.7942 1.0 0.0233 0.38 0.39 0.4 0.41 0.42 0.43 0.44 0.45 0.46 0.47 0.48 0.49 0.5 0.51 0.52 0.53 0.54 0.55 0.56 0.57 0.7804 0.7436 0.7758 0.8034 0.7689 0.7828 0.8242 0.7828 0.7873 0.8541 0.8103 0.7873 0.8657 0.8242 0.7942 0.8564 0.8427 0.7966 0.8357 0.8427 0.5866 0.6374 0.612 0.5981 0.6537 0.6329 0.6143 0.6652 0.6583 0.6398 0.6769 0.6861 0.6513 0.6722 0.7047 0.6652 0.663 0.7186 0.6722 0.6468 0.6433 0.618 0.588 0.6388 0.6341 0.6111 0.6549 0.6664 0.6296 0.6526 0.6896 0.6457 0.6503 0.7102 0.6596 0.6388 0.7102 0.6688 0.6319 0.6872
0.8449 1.0 0.1617 0.39 0.4 0.41 0.42 0.43 0.44 0.45 0.46 0.47 0.48 0.49 0.5 0.51 0.52 0.53 0.54 0.55 0.56 0.57 0.58 0.7436 0.7758 0.8034 0.7689 0.7828 0.8242 0.7828 0.7873 0.8541 0.8103 0.7873 0.8657 0.8242 0.7942 0.8564 0.8427 0.7966 0.8357 0.8427 0.7942 0.6374 0.612 0.5981 0.6537 0.6329 0.6143 0.6652 0.6583 0.6398 0.6769 0.6861 0.6513 0.6722 0.7047 0.6652 0.663 0.7186 0.6722 0.6468 0.7047 0.618 0.588 0.6388 0.6341 0.6111 0.6549 0.6664 0.6296 0.6526 0.6896 0.6457 0.6503 0.7102 0.6596 0.6388 0.7102 0.6688 0.6319 0.6872 0.671
0.7966 1.0 0.0 0.4 0.41 0.42 0.43 0.44 0.45 0.46 0.47 0.48 0.49 0.5 0.51 0.52 0.53 0.54 0.55 0.56 0.57 0.58 0.59 0.7758 0.8034 0.7689 0.7828 0.8242 0.7828 0.7873 0.8541 0.8103 0.7873 0.8657 0.8242 0.7942 0.8564 0.8427 0.7966 0.8357 0.8427 0.7942 0.7942 0.612 0.5981 0.6537 0.6329 0.6143 0.6652 0.6583 0.6398 0.6769 0.6861 0.6513 0.6722 0.7047 0.6652 0.663 0.7186 0.6722 0.6468 0.7047 0.6746 0.588 0.6388 0.6341 0.6111 0.6549 0.6664 0.6296 0.6526 0.6896 0.6457 0.6503 0.7102 0.6596 0.6388 0.7102 0.6688 0.6319 0.6872 0.671 0.6296
0.7689 1.0 0.169 0.41 0.42 0.43 0.44 0.45 0.46 0.47 0.48 0.49 0.5 0.51 0.52 0.53 0.54 0.55 0.56 0.57 0.58 0.59 0.6 0.8034 0.7689 0.7828 0.8242 0.7828 0.7873 0.8541 0.8103 0.7873 0.8657 0.8242 0.7942 0.8564 0.8427 0.7966 0.8357 0.8427 0.7942 0.7942 0.8449 0.5981 0.6537 0.6329 0.6143 0.6652 0.6583 0.6398 0.6769 0.6861 0.6513 0.6722 0.7047 0.6652 0.663 0.7186 0.6722 0.6468 0.7047 0.6746 0.6398 0.6388 0.6341 0.6111 0.6549 0.6664 0.6296 0.6526 0.6896 0.6457 0.6503 0.7102 0.6596 0.6388 0.7102 0.6688 0.6319 0.6872 0.671 0.6296 0.6503
0.8173 1.0 0.161 0.42 0.43 0.44 0.45 0.46 0.47 0.48 0.49 0.5 0.51 0.52 0.53 0.54 0.55 0.56 0.57 0.58 0.59 0.6 0.61 0.7689 0.7828 0.8242 0.7828 0.7873 0.8541 0.8103 0.7873 0.8657 0.8242 0.7942 0.8564 0.8427 0.7966 0.8357 0.8427 0.7942 0.7942 0.8449 0.7966 0.6537 0.6329 0.6143 0.6652 0.6583 0.6398 0.6769 0.6861 0.6513 0.6722 0.7047 0.6652 0.663 0.7186 0.6722 0.6468 0.7047 0.6746 0.6398 0.6861 0.6341 0.6111 0.6549 0.6664 0.6296 0.6526 0.6896 0.6457 0.6503 0.7102 0.6596 0.6388 0.7102 0.6688 0.6319 0.6872 0.671 0.6296 0.6503 0.6688
0.7897 1.0 0.0923 0.43 0.44 0.45 0.46 0.47 0.48 0.49 0.5 0.51 0.52 0.53 0.54 0.55 0.56 0.57 0.58 0.59 0.6 0.61 0.62 0.7828 0.8242 0.7828 0.7873 0.8541 0.8103 0.7873 0.8657 0.8242 0.7942 0.8564 0.8427 0.7966 0.8357 0.8427 0.7942 0.7942 0.8449 0.7966 0.7689 0.6329 0.6143 0.6652 0.6583 0.6398 0.6769 0.6861 0.6513 0.6722 0.7047 0.6652 0.663 0.7186 0.6722 0.6468 0.7047 0.6746 0.6398 0.6861 0.6746 0.6111 0.6549 0.6664 0.6296 0.6526 0.6896 0.6457 0.6503 0.7102 0.6596 0.6388 0.7102 0.6688 0.6319 0.6872 0.671 0.6296 0.6503 0.6688 0.6296
0.7574 1.0 0.1613 0.44 0.45 0.46 0.47 0.48 0.49 0.5 0.51 0.52 0.53 0.54 0.55 0.56 0.57 0.58 0.59 0.6 0.61 0.62 0.63 0.8242 0.7828 0.7873 0.8541 0.8103 0.7873 0.8657 0.8242 0.7942 0.8564 0.8427 0.7966 0.8357 0.8427 0.7942 0.7942 0.8449 0.7966 0.7689 0.8173 0.6143 0.6652 0.6583 0.6398 0.6769 0.6861 0.6513 0.6722 0.7047 0.6652 0.663 0.7186 0.6722 0.6468 0.7047 0.6746 0.6398 0.6861 0.6746 0.6398 0.6549 0.6664 0.6296 0.6526 0.6896 0.6457 0.6503 0.7102 0.6596 0.6388 0.7102 0.6688 0.6319 0.6872 0.671 0.6296 0.6503 0.6688 0.6296 0.6249
0.792 1.0 0.092 0.45 0.46 0.47 0.48 0.49 0.5 0.51 0.52 0.53 0.54 0.55 0.56 0.57 0.58 0.59 0.6 0.61 0.62 0.63 0.64 0.7828 0.7873 0.8541 0.8103 0.7873 0.8657 0.8242 0.7942 0.8564 0.8427 0.7966 0.8357 0.8427 0.7942 0.7942 0.8449 0.7966 0.7689 0.8173 0.7897 0.6652 0.6583 0.6398 0.6769 0.6861 0.6513 0.6722 0.7047 0.6652 0.663 0.7186 0.6722 0.6468 0.7047 0.6746 0.6398 0.6861 0.6746 0.6398 0.6513 0.6664 0.6296 0.6526 0.6896 0.6457 0.6503 0.7102 0.6596 0.6388 0.7102 0.6688 0.6319 0.6872 0.671 0.6296 0.6503 0.6688 0.6296 0.6249 0.6526
0.7689 1.0 0.1077 0.46 0.47 0.48 0.49 0.5 0.51 0.52 0.53 0.54 0.55 0.56 0.57 0.58 0.59 0.6 0.61 0.62 0.63 0.64 0.65 0.7873 0.8541 0.8103 0.7873 0.8657 0.8242 0.7942 0.8564 0.8427 0.7966 0.8357 0.8427 0.7942 0.7942 0.8449 0.7966 0.7689 0.8173 0.7897 0.7574 0.6583 0.6398 0.6769 0.6861 0.6513 0.6722 0.7047 0.6652 0.663 0.7186 0.6722 0.6468 0.7047 0.6746 0.6398 0.6861 0.6746 0.6398 0.6513 0.6791 0.6296 0.6526 0.6896 0.6457 0.6503 0.7102 0.6596 0.6388 0.7102 0.6688 0.6319 0.6872 0.671 0.6296 0.6503 0.6688 0.6296 0.6249 0.6526 0.6203
0.7482 1.0 0.1153 0.47 0.48 0.49 0.5 0.51 0.52 0.53 0.54 0.55 0.56 0.57 0.58 0.59 0.6 0.61 0.62 0.63 0.64 0.65 0.66 0.8541 0.8103 0.7873 0.8657 0.8242 0.7942 0.8564 0.8427 0.7966 0.8357 0.8427 0.7942 0.7942 0.8449 0.7966 0.7689 0.8173 0.7897 0.7574 0.792 0.6398 0.6769 0.6861 0.6513 0.6722 0.7047 0.6652 0.663 0.7186 0.6722 0.6468 0.7047 0.6746 0.6398 0.6861 0.6746 0.6398 0.6513 0.6791 0.6421 0.6526 0.6896 0.6457 0.6503 0.7102 0.6596 0.6388 0.7102 0.6688 0.6319 0.6872 0.671 0.6296 0.6503 0.6688 0.6296 0.6249 0.6526 0.6203 0.5972
0.7251 1.0 0.077 0.48 0.49 0.5 0.51 0.52 0.53 0.54 0.55 0.56 0.57 0.58 0.59 0.6 0.61 0.62 0.63 0.64 0.65 0.66 0.67 0.8103 0.7873 0.8657 0.8242 0.7942 0.8564 0.8427 0.7966 0.8357 0.8427 0.7942 0.7942 0.8449 0.7966 0.7689 0.8173 0.7897 0.7574 0.792 0.7689 0.6769 0.6861 0.6513 0.6722 0.7047 0.6652 0.663 0.7186 0.6722 0.6468 0.7047 0.6746 0.6398 0.6861 0.6746 0.6398 0.6513 0.6791 0.6421 0.6306 0.6896 0.6457 0.6503 0.7102 0.6596 0.6388 0.7102 0.6688 0.6319 0.6872 0.671 0.6296 0.6503 0.6688 0.6296 0.6249 0.6526 0.6203 0.5972 0.6341
0.7067 1.0 0.069 0.49 0.5 0.51 0.52 0.53 0.54 0.55 0.56 0.57 0.58 0.59 0.6 0.61 0.62 0.63 0.64 0.65 0.66 0.67 0.68 0.7873 0.8657 0.8242 0.7942 0.8564 0.8427 0.7966 0.8357 0.8427 0.7942 0.7942 0.8449 0.7966 0.7689 0.8173 0.7897 0.7574 0.792 0.7689 0.7482 0.6861 0.6513 0.6722 0.7047 0.6652 0.663 0.7186 0.6722 0.6468 0.7047 0.6746 0.6398 0.6861 0.6746 0.6398 0.6513 0.6791 0.6421 0.6306 0.656 0.6457 0.6503 0.7102 0.6596 0.6388 0.7102 0.6688 0.6319 0.6872 0.671 0.6296 0.6503 0.6688 0.6296 0.6249 0.6526 0.6203 0.5972 0.6341 0.618
0.6929 1.0 0.077 0.5 0.51 0.52 0.53 0.54 0.55 0.56 0.57 0.58 0.59 0.6 0.61 0.62 0.63 0.64 0.65 0.66 0.67 0.68 0.69 0.8657 0.8242 0.7942 0.8564 0.8427 0.7966 0.8357 0.8427 0.7942 0.7942 0.8449 0.7966 0.7689 0.8173 0.7897 0.7574 0.792 0.7689 0.7482 0.7251 0.6513 0.6722 0.7047 0.6652 0.663 0.7186 0.6722 0.6468 0.7047 0.6746 0.6398 0.6861 0.6746 0.6398 0.6513 0.6791 0.6421 0.6306 0.656 0.6468 0.6503 0.7102 0.6596 0.6388 0.7102 0.6688 0.6319 0.6872 0.671 0.6296 0.6503 0.6688 0.6296 0.6249 0.6526 0.6203 0.5972 0.6341 0.618 0.5996
0.6744 1.0 0.0613 0.51 0.52 0.53 0.54 0.55 0.56 0.57 0.58 0.59 0.6 0.61 0.62 0.63 0.64 0.65 0.66 0.67 0.68 0.69 0.7 0.8242 0.7942 0.8564 0.8427 0.7966 0.8357 0.8427 0.7942 0.7942 0.8449 0.7966 0.7689 0.8173 0.7897 0.7574 0.792 0.7689 0.7482 0.7251 0.7067 0.6722 0.7047 0.6652 0.663 0.7186 0.6722 0.6468 0.7047 0.6746 0.6398 0.6861 0.6746 0.6398 0.6513 0.6791 0.6421 0.6306 0.656 0.6468 0.619 0.7102 0.6596 0.6388 0.7102 0.6688 0.6319 0.6872 0.671 0.6296 0.6503 0.6688 0.6296 0.6249 0.6526 0.6203 0.5972 0.6341 0.618 0.5996 0.5788
0.6538 1.0 0.046 0.52 0.53 0.54 0.55 0.56 0.57 0.58 0.59 0.6 0.61 0.62 0.63 0.64 0.65 0.66 0.67 0.68 0.69 0.7 0.71 0.7942 0.8564 0.8427 0.7966 0.8357 0.8427 0.7942 0.7942 0.8449 0.7966 0.7689 0.8173 0.7897 0.7574 0.792 0.7689 0.7482 0.7251 0.7067 0.6929 0.7047 0.6652 0.663 0.7186 0.6722 0.6468 0.7047 0.6746 0.6398 0.6861 0.6746 0.6398 0.6513 0.6791 0.6421 0.6306 0.656 0.6468 0.619 0.5889 0.6596 0.6388 0.7102 0.6688 0.6319 0.6872 0.671 0.6296 0.6503 0.6688 0.6296 0.6249 0.6526 0.6203 0.5972 0.6341 0.618 0.5996 0.5788 0.5649
0.6491 1.0 0.0617 0.53 0.54 0.55 0.56 0.57 0.58 0.59 0.6 0.61 0.62 0.63 0.64 0.65 0.66 0.67 0.68 0.69 0.7 0.71 0.72 0.8564 0.8427 0.7966 0.8357 0.8427 0.7942 0.7942 0.8449 0.7966 0.7689 0.8173 0.7897 0.7574 0.792 0.7689 0.7482 0.7251 0.7067 0.6929 0.6744 0.6652 0.663 0.7186 0.6722 0.6468 0.7047 0.6746 0.6398 0.6861 0.6746 0.6398 0.6513 0.6791 0.6421 0.6306 0.656 0.6468 0.619 0.5889 0.5727 0.6388 0.7102 0.6688 0.6319 0.6872 0.671 0.6296 0.6503 0.6688 0.6296 0.6249 0.6526 0.6203 0.5972 0.6341 0.618 0.5996 0.5788 0.5649 0.5557
0.6353 1.0 0.0687 0.54 0.55 0.56 0.57 0.58 0.59 0.6 0.61 0.62 0.63 0.64 0.65 0.66 0.67 0.68 0.69 0.7 0.71 0.72 0.73 0.8427 0.7966 0.8357 0.8427 0.7942 0.7942 0.8449 0.7966 0.7689 0.8173 0.7897 0.7574 0.792 0.7689 0.7482 0.7251 0.7067 0.6929 0.6744 0.6538 0.663 0.7186 0.6722 0.6468 0.7047 0.6746 0.6398 0.6861 0.6746 0.6398 0.6513 0.6791 0.6421 0.6306 0.656 0.6468 0.619 0.5889 0.5727 0.5588 0.7102 0.6688 0.6319 0.6872 0.671 0.6296 0.6503 0.6688 0.6296 0.6249 0.6526 0.6203 0.5972 0.6341 0.618 0.5996 0.5788 0.5649 0.5557 0.5327
0.6123 1.0 0.0157 0.55 0.56 0.57 0.58 0.59 0.6 0.61 0.62 0.63 0.64 0.65 0.66 0.67 0.68 0.69 0.7 0.71 0.72 0.73 0.74 0.7966 0.8357 0.8427 0.7942 0.7942 0.8449 0.7966 0.7689 0.8173 0.7897 0.7574 0.792 0.7689 0.7482 0.7251 0.7067 0.6929 0.6744 0.6538 0.6491 0.7186 0.6722 0.6468 0.7047 0.6746 0.6398 0.6861 0.6746 0.6398 0.6513 0.6791 0.6421 0.6306 0.656 0.6468 0.619 0.5889 0.5727 0.5588 0.531 0.6688 0.6319 0.6872 0.671 0.6296 0.6503 0.6688 0.6296 0.6249 0.6526 0.6203 0.5972 0.6341 0.618 0.5996 0.5788 0.5649 0.5557 0.5327 0.5166
0.61 1.0 0.046 0.56 0.57 0.58 0.59 0.6 0.61 0.62 0.63 0.64 0.65 0.66 0.67 0.68 0.69 0.7 0.71 0.72 0.73 0.74 0.75 0.8357 0.8427 0.7942 0.7942 0.8449 0.7966 0.7689 0.8173 0.7897 0.7574 0.792 0.7689 0.7482 0.7251 0.7067 0.6929 0.6744 0.6538 0.6491 0.6353 0.6722 0.6468 0.7047 0.6746 0.6398 0.6861 0.6746 0.6398 0.6513 0.6791 0.6421 0.6306 0.656 0.6468 0.619 0.5889 0.5727 0.5588 0.531 0.5148 0.6319 0.6872 0.671 0.6296 0.6503 0.6688 0.6296 0.6249 0.6526 0.6203 0.5972 0.6341 0.618 0.5996 0.5788 0.5649 0.5557 0.5327 0.5166 0.5119
0.6008 1.0 0.0767 0.57 0.58 0.59 0.6 0.61 0.62 0.63 0.64 0.65 0.66 0.67 0.68 0.69 0.7 0.71 0.72 0.73 0.74 0.75 0.76 0.8427 0.7942 0.7942 0.8449 0.7966 0.7689 0.8173 0.7897 0.7574 0.792 0.7689 0.7482 0.7251 0.7067 0.6929 0.6744 0.6538 0.6491 0.6353 0.6123 0.6468 0.7047 0.6746 0.6398 0.6861 0.6746 0.6398 0.6513 0.6791 0.6421 0.6306 0.656 0.6468 0.619 0.5889 0.5727 0.5588 0.531 0.5148 0.5079 0.6872 0.671 0.6296 0.6503 0.6688 0.6296 0.6249 0.6526 0.6203 0.5972 0.6341 0.618 0.5996 0.5788 0.5649 0.5557 0.5327 0.5166 0.5119 0.4911
0.5778 1.0 0.0077 0.58 0.59 0.6 0.61 0.62 0.63 0.64 0.65 0.66 0.67 0.68 0.69 0.7 0.71 0.72 0.73 0.74 0.75 0.76 0.77 0.7942 0.7942 0.8449 0.7966 0.7689 0.8173 0.7897 0.7574 0.792 0.7689 0.7482 0.7251 0.7067 0.6929 0.6744 0.6538 0.6491 0.6353 0.6123 0.61 0.7047 0.6746 0.6398 0.6861 0.6746 0.6398 0.6513 0.6791 0.6421 0.6306 0.656 0.6468 0.619 0.5889 0.5727 0.5588 0.531 0.5148 0.5079 0.4848 0.671 0.6296 0.6503 0.6688 0.6296 0.6249 0.6526 0.6203 0.5972 0.6341 0.618 0.5996 0.5788 0.5649 0.5557 0.5327 0.5166 0.5119 0.4911 0.4727
0.5708 1.0 0.0307 0.59 0.6 0.61 0.62 0.63 0.64 0.65 0.66 0.67 0.68 0.69 0.7 0.71 0.72 0.73 0.74 0.75 0.76 0.77 0.78 0.7942 0.8449 0.7966 0.7689 0.8173 0.7897 0.7574 0.792 0.7689 0.7482 0.7251 0.7067 0.6929 0.6744 0.6538 0.6491 0.6353 0.6123 0.61 0.6008 0.6746 0.6398 0.6861 0.6746 0.6398 0.6513 0.6791 0.6421 0.6306 0.656 0.6468 0.619 0.5889 0.5727 0.5588 0.531 0.5148 0.5079 0.4848 0.4686 0.6296 0.6503 0.6688 0.6296 0.6249 0.6526 0.6203 0.5972 0.6341 0.618 0.5996 0.5788 0.5649 0.5557 0.5327 0.5166 0.5119 0.4911 0.4727 0.4727
0.5662 1.0 0.0767 0.6 0.61 0.62 0.63 0.64 0.65 0.66 0.67 0.68 0.69 0.7 0.71 0.72 0.73 0.74 0.75 0.76 0.77 0.78 0.79 0.8449 0.7966 0.7689 0.8173 0.7897 0.7574 0.792 0.7689 0.7482 0.7251 0.7067 0.6929 0.6744 0.6538 0.6491 0.6353 0.6123 0.61 0.6008 0.5778 0.6398 0.6861 0.6746 0.6398 0.6513 0.6791 0.6421 0.6306 0.656 0.6468 0.619 0.5889 0.5727 0.5588 0.531 0.5148 0.5079 0.4848 0.4686 0.4662 0.6503 0.6688 0.6296 0.6249 0.6526 0.6203 0.5972 0.6341 0.618 0.5996 0.5788 0.5649 0.5557 0.5327 0.5166 0.5119 0.4911 0.4727 0.4727 0.4566
0.5454 1.0 0.0233 0.61 0.62 0.63 0.64 0.65 0.66 0.67 0.68 0.69 0.7 0.71 0.72 0.73 0.74 0.75 0.76 0.77 0.78 0.79 0.8 0.7966 0.7689 0.8173 0.7897 0.7574 0.792 0.7689 0.7482 0.7251 0.7067 0.6929 0.6744 0.6538 0.6491 0.6353 0.6123 0.61 0.6008 0.5778 0.5708 0.6861 0.6746 0.6398 0.6513 0.6791 0.6421 0.6306 0.656 0.6468 0.619 0.5889 0.5727 0.5588 0.531 0.5148 0.5079 0.4848 0.4686 0.4662 0.4477 0.6688 0.6296 0.6249 0.6526 0.6203 0.5972 0.6341 0.618 0.5996 0.5788 0.5649 0.5557 0.5327 0.5166 0.5119 0.4911 0.4727 0.4727 0.4566 0.4381
0.5362 1.0 0.0153 0.62 0.63 0.64 0.65 0.66 0.67 0.68 0.69 0.7 0.71 0.72 0.73 0.74 0.75 0.76 0.77 0.78 0.79 0.8 0.81 0.7689 0.8173 0.7897 0.7574 0.792 0.7689 0.7482 0.7251 0.7067 0.6929 0.6744 0.6538 0.6491 0.6353 0.6123 0.61 0.6008 0.5778 0.5708 0.5662 0.6746 0.6398 0.6513 0.6791 0.6421 0.6306 0.656 0.6468 0.619 0.5889 0.5727 0.5588 0.531 0.5148 0.5079 0.4848 0.4686 0.4662 0.4477 0.4292 0.6296 0.6249 0.6526 0.6203 0.5972 0.6341 0.618 0.5996 0.5788 0.5649 0.5557 0.5327 0.5166 0.5119 0.4911 0.4727 0.4727 0.4566 0.4381 0.4334
0.534 1.0 0.0693 0.63 0.64 0.65 0.66 0.67 0.68 0.69 0.7 0.71 0.72 0.73 0.74 0.75 0.76 0.77 0.78 0.79 0.8 0.81 0.82 0.8173 0.7897 0.7574 0.792 0.7689 0.7482 0.7251 0.7067 0.6929 0.6744 0.6538 0.6491 0.6353 0.6123 0.61 0.6008 0.5778 0.5708 0.5662 0.5454 0.6398 0.6513 0.6791 0.6421 0.6306 0.656 0.6468 0.619 0.5889 0.5727 0.5588 0.531 0.5148 0.5079 0.4848 0.4686 0.4662 0.4477 0.4292 0.4246 0.6249 0.6526 0.6203 0.5972 0.6341 0.618 0.5996 0.5788 0.5649 0.5557 0.5327 0.5166 0.5119 0.4911 0.4727 0.4727 0.4566 0.4381 0.4334 0.4242
0.5179 1.0 0.0307 0.64 0.65 0.66 0.67 0.68 0.69 0.7 0.71 0.72 0.73 0.74 0.75 0.76 0.77 0.78 0.79 0.8 0.81 0.82 0.83 0.7897 0.7574 0.792 0.7689 0.7482 0.7251 0.7067 0.6929 0.6744 0.6538 0.6491 0.6353 0.6123 0.61 0.6008 0.5778 0.5708 0.5662 0.5454 0.5362 0.6513 0.6791 0.6421 0.6306 0.656 0.6468 0.619 0.5889 0.5727 0.5588 0.531 0.5148 0.5079 0.4848 0.4686 0.4662 0.4477 0.4292 0.4246 0.413 0.6526 0.6203 0.5972 0.6341 0.618 0.5996 0.5788 0.5649 0.5557 0.5327 0.5166 0.5119 0.4911 0.4727 0.4727 0.4566 0.4381 0.4334 0.4242 0.4034
0.504 1.0 0.0073 0.65 0.66 0.67 0.68 0.69 0.7 0.71 0.72 0.73 0.74 0.75 0.76 0.77 0.78 0.79 0.8 0.81 0.82 0.83 0.84 0.7574 0.792 0.7689 0.7482 0.7251 0.7067 0.6929 0.6744 0.6538 0.6491 0.6353 0.6123 0.61 0.6008 0.5778 0.5708 0.5662 0.5454 0.5362 0.534 0.6791 0.6421 0.6306 0.656 0.6468 0.619 0.5889 0.5727 0.5588 0.531 0.5148 0.5079 0.4848 0.4686 0.4662 0.4477 0.4292 0.4246 0.413 0.3944 0.6203 0.5972 0.6341 0.618 0.5996 0.5788 0.5649 0.5557 0.5327 0.5166 0.5119 0.4911 0.4727 0.4727 0.4566 0.4381 0.4334 0.4242 0.4034 0.3966
0.5018 1.0 0.0537 0.66 0.67 0.68 0.69 0.7 0.71 0.72 0.73 0.74 0.75 0.76 0.77 0.78 0.79 0.8 0.81 0.82 0.83 0.84 0.85 0.792 0.7689 0.7482 0.7251 0.7067 0.6929 0.6744 0.6538 0.6491 0.6353 0.6123 0.61 0.6008 0.5778 0.5708 0.5662 0.5454 0.5362 0.534 0.5179 0.6421 0.6306 0.656 0.6468 0.619 0.5889 0.5727 0.5588 0.531 0.5148 0.5079 0.4848 0.4686 0.4662 0.4477 0.4292 0.4246 0.413 0.3944 0.3899 0.5972 0.6341 0.618 0.5996 0.5788 0.5649 0.5557 0.5327 0.5166 0.5119 0.4911 0.4727 0.4727 0.4566 0.4381 0.4334 0.4242 0.4034 0.3966 0.3966
0.4902 1.0 0.0463 0.67 0.68 0.69 0.7 0.71 0.72 0.73 0.74 0.75 0.76 0.77 0.78 0.79 0.8 0.81 0.82 0.83 0.84 0.85 0.86 0.7689 0.7482 0.7251 0.7067 0.6929 0.6744 0.6538 0.6491 0.6353 0.6123 0.61 0.6008 0.5778 0.5708 0.5662 0.5454 0.5362 0.534 0.5179 0.504 0.6306 0.656 0.6468 0.619 0.5889 0.5727 0.5588 0.531 0.5148 0.5079 0.4848 0.4686 0.4662 0.4477 0.4292 0.4246 0.413 0.3944 0.3899 0.3806 0.6341 0.618 0.5996 0.5788 0.5649 0.5557 0.5327 0.5166 0.5119 0.4911 0.4727 0.4727 0.4566 0.4381 0.4334 0.4242 0.4034 0.3966 0.3966 0.3758
0.4763 1.0 0.0073 0.68 0.69 0.7 0.71 0.72 0.73 0.74 0.75 0.76 0.77 0.78 0.79 0.8 0.81 0.82 0.83 0.84 0.85 0.86 0.87 0.7482 0.7251 0.7067 0.6929 0.6744 0.6538 0.6491 0.6353 0.6123 0.61 0.6008 0.5778 0.5708 0.5662 0.5454 0.5362 0.534 0.5179 0.504 0.5018 0.656 0.6468 0.619 0.5889 0.5727 0.5588 0.531 0.5148 0.5079 0.4848 0.4686 0.4662 0.4477 0.4292 0.4246 0.413 0.3944 0.3899 0.3806 0.3644 0.618 0.5996 0.5788 0.5649 0.5557 0.5327 0.5166 0.5119 0.4911 0.4727 0.4727 0.4566 0.4381 0.4334 0.4242 0.4034 0.3966 0.3966 0.3758 0.3689
0.4718 1.0 0.0387 0.69 0.7 0.71 0.72 0.73 0.74 0.75 0.76 0.77 0.78 0.79 0.8 0.81 0.82 0.83 0.84 0.85 0.86 0.87 0.88 0.7251 0.7067 0.6929 0.6744 0.6538 0.6491 0.6353 0.6123 0.61 0.6008 0.5778 0.5708 0.5662 0.5454 0.5362 0.534 0.5179 0.504 0.5018 0.4902 0.6468 0.619 0.5889 0.5727 0.5588 0.531 0.5148 0.5079 0.4848 0.4686 0.4662 0.4477 0.4292 0.4246 0.413 0.3944 0.3899 0.3806 0.3644 0.3551 0.5996 0.5788 0.5649 0.5557 0.5327 0.5166 0.5119 0.4911 0.4727 0.4727 0.4566 0.4381 0.4334 0.4242 0.4034 0.3966 0.3966 0.3758 0.3689 0.3642
0.4602 1.0 0.0463 0.7 0.71 0.72 0.73 0.74 0.75 0.76 0.77 0.78 0.79 0.8 0.81 0.82 0.83 0.84 0.85 0.86 0.87 0.88 0.89 0.7067 0.6929 0.6744 0.6538 0.6491 0.6353 0.6123 0.61 0.6008 0.5778 0.5708 0.5662 0.5454 0.5362 0.534 0.5179 0.504 0.5018 0.4902 0.4763 0.619 0.5889 0.5727 0.5588 0.531 0.5148 0.5079 0.4848 0.4686 0.4662 0.4477 0.4292 0.4246 0.413 0.3944 0.3899 0.3806 0.3644 0.3551 0.3506 0.5788 0.5649 0.5557 0.5327 0.5166 0.5119 0.4911 0.4727 0.4727 0.4566 0.4381 0.4334 0.4242 0.4034 0.3966 0.3966 0.3758 0.3689 0.3642 0.3504
0.4464 1.0 0.015 0.71 0.72 0.73 0.74 0.75 0.76 0.77 0.78 0.79 0.8 0.81 0.82 0.83 0.84 0.85 0.86 0.87 0.88 0.89 0.9 0.6929 0.6744 0.6538 0.6491 0.6353 0.6123 0.61 0.6008 0.5778 0.5708 0.5662 0.5454 0.5362 0.534 0.5179 0.504 0.5018 0.4902 0.4763 0.4718 0.5889 0.5727 0.5588 0.531 0.5148 0.5079 0.4848 0.4686 0.4662 0.4477 0.4292 0.4246 0.413 0.3944 0.3899 0.3806 0.3644 0.3551 0.3506 0.3343 0.5649 0.5557 0.5327 0.5166 0.5119 0.4911 0.4727 0.4727 0.4566 0.4381 0.4334 0.4242 0.4034 0.3966 0.3966 0.3758 0.3689 0.3642 0.3504 0.3366
0.4396 1.0 0.0387 0.72 0.73 0.74 0.75 0.76 0.77 0.78 0.79 0.8 0.81 0.82 0.83 0.84 0.85 0.86 0.87 0.88 0.89 0.9 0.91 0.6744 0.6538 0.6491 0.6353 0.6123 0.61 0.6008 0.5778 0.5708 0.5662 0.5454 0.5362 0.534 0.5179 0.504 0.5018 0.4902 0.4763 0.4718 0.4602 0.5727 0.5588 0.531 0.5148 0.5079 0.4848 0.4686 0.4662 0.4477 0.4292 0.4246 0.413 0.3944 0.3899 0.3806 0.3644 0.3551 0.3506 0.3343 0.325 0.5557 0.5327 0.5166 0.5119 0.4911 0.4727 0.4727 0.4566 0.4381 0.4334 0.4242 0.4034 0.3966 0.3966 0.3758 0.3689 0.3642 0.3504 0.3366 0.332
0.4327 1.0 0.046 0.73 0.74 0.75 0.76 0.77 0.78 0.79 0.8 0.81 0.82 0.83 0.84 0.85 0.86 0.87 0.88 0.89 0.9 0.91 0.92 0.6538 0.6491 0.6353 0.6123 0.61 0.6008 0.5778 0.5708 0.5662 0.5454 0.5362 0.534 0.5179 0.504 0.5018 0.4902 0.4763 0.4718 0.4602 0.4464 0.5588 0.531 0.5148 0.5079 0.4848 0.4686 0.4662 0.4477 0.4292 0.4246 0.413 0.3944 0.3899 0.3806 0.3644 0.3551 0.3506 0.3343 0.325 0.3181 0.5327 0.5166 0.5119 0.4911 0.4727 0.4727 0.4566 0.4381 0.4334 0.4242 0.4034 0.3966 0.3966 0.3758 0.3689 0.3642 0.3504 0.3366 0.332 0.3204
0.4211 1.0 0.0227 0.74 0.75 0.76 0.77 0.78 0.79 0.8 0.81 0.82 0.83 0.84 0.85 0.86 0.87 0.88 0.89 0.9 0.91 0.92 0.93 0.6491 0.6353 0.6123 0.61 0.6008 0.5778 0.5708 0.5662 0.5454 0.5362 0.534 0.5179 0.504 0.5018 0.4902 0.4763 0.4718 0.4602 0.4464 0.4396 0.531 0.5148 0.5079 0.4848 0.4686 0.4662 0.4477 0.4292 0.4246 0.413 0.3944 0.3899 0.3806 0.3644 0.3551 0.3506 0.3343 0.325 0.3181 0.3066 0.5166 0.5119 0.4911 0.4727 0.4727 0.4566 0.4381 0.4334 0.4242 0.4034 0.3966 0.3966 0.3758 0.3689 0.3642 0.3504 0.3366 0.332 0.3204 0.3089
0.4142 1.0 0.023 0.75 0.76 0.77 0.78 0.79 0.8 0.81 0.82 0.83 0.84 0.85 0.86 0.87 0.88 0.89 0.9 0.91 0.92 0.93 0.94 0.6353 0.6123 0.61 0.6008 0.5778 0.5708 0.5662 0.5454 0.5362 0.534 0.5179 0.504 0.5018 0.4902 0.4763 0.4718 0.4602 0.4464 0.4396 0.4327 0.5148 0.5079 0.4848 0.4686 0.4662 0.4477 0.4292 0.4246 0.413 0.3944 0.3899 0.3806 0.3644 0.3551 0.3506 0.3343 0.325 0.3181 0.3066 0.2972 0.5119 0.4911 0.4727 0.4727 0.4566 0.4381 0.4334 0.4242 0.4034 0.3966 0.3966 0.3758 0.3689 0.3642 0.3504 0.3366 0.332 0.3204 0.3089 0.3043
0.4096 1.0 0.0387 0.76 0.77 0.78 0.79 0.8 0.81 0.82 0.83 0.84 0.85 0.86 0.87 0.88 0.89 0.9 0.91 0.92 0.93 0.94 0.95 0.6123 0.61 0.6008 0.5778 0.5708 0.5662 0.5454 0.5362 0.534 0.5179 0.504 0.5018 0.4902 0.4763 0.4718 0.4602 0.4464 0.4396 0.4327 0.4211 0.5079 0.4848 0.4686 0.4662 0.4477 0.4292 0.4246 0.413 0.3944 0.3899 0.3806 0.3644 0.3551 0.3506 0.3343 0.325 0.3181 0.3066 0.2972 0.2927 0.4911 0.4727 0.4727 0.4566 0.4381 0.4334 0.4242 0.4034 0.3966 0.3966 0.3758 0.3689 0.3642 0.3504 0.3366 0.332 0.3204 0.3089 0.3043 0.2951
0.3981 1.0 0.023 0.77 0.78 0.79 0.8 0.81 0.82 0.83 0.84 0.85 0.86 0.87 0.88 0.89 0.9 0.91 0.92 0.93 0.94 0.95 0.96 0.61 0.6008 0.5778 0.5708 0.5662 0.5454 0.5362 0.534 0.5179 0.504 0.5018 0.4902 0.4763 0.4718 0.4602 0.4464 0.4396 0.4327 0.4211 0.4142 0.4848 0.4686 0.4662 0.4477 0.4292 0.4246 0.413 0.3944 0.3899 0.3806 0.3644 0.3551 0.3506 0.3343 0.325 0.3181 0.3066 0.2972 0.2927 0.2833 0.4727 0.4727 0.4566 0.4381 0.4334 0.4242 0.4034 0.3966 0.3966 0.3758 0.3689 0.3642 0.3504 0.3366 0.332 0.3204 0.3089 0.3043 0.2951 0.2836
0.4027 1.0 0.0153 0.78 0.79 0.8 0.81 0.82 0.83 0.84 0.85 0.86 0.87 0.88 0.89 0.9 0.91 0.92 0.93 0.94 0.95 0.96 0.97 0.6008 0.5778 0.5708 0.5662 0.5454 0.5362 0.534 0.5179 0.504 0.5018 0.4902 0.4763 0.4718 0.4602 0.4464 0.4396 0.4327 0.4211 0.4142 0.4096 0.4686 0.4662 0.4477 0.4292 0.4246 0.413 0.3944 0.3899 0.3806 0.3644 0.3551 0.3506 0.3343 0.325 0.3181 0.3066 0.2972 0.2927 0.2833 0.2741 0.4727 0.4566 0.4381 0.4334 0.4242 0.4034 0.3966 0.3966 0.3758 0.3689 0.3642 0.3504 0.3366 0.332 0.3204 0.3089 0.3043 0.2951 0.2836 0.2789
0.4027 1.0 0.0383 0.79 0.8 0.81 0.82 0.83 0.84 0.85 0.86 0.87 0.88 0.89 0.9 0.91 0.92 0.93 0.94 0.95 0.96 0.97 0.0 0.5778 0.5708 0.5662 0.5454 0.5362 0.534 0.5179 0.504 0.5018 0.4902 0.4763 0.4718 0.4602 0.4464 0.4396 0.4327 0.4211 0.4142 0.4096 0.3981 0.4662 0.4477 0.4292 0.4246 0.413 0.3944 0.3899 0.3806 0.3644 0.3551 0.3506 0.3343 0.325 0.3181 0.3066 0.2972 0.2927 0.2833 0.2741 0.2672 0.4566 0.4381 0.4334 0.4242 0.4034 0.3966 0.3966 0.3758 0.3689 0.3642 0.3504 0.3366 0.332 0.3204 0.3089 0.3043 0.2951 0.2836 0.2789 0.2697
0.3981 1.0 0.0153 0.8 0.81 0.82 0.83 0.84 0.85 0.86 0.87 0.88 0.89 0.9 0.91 0.92 0.93 0.94 0.95 0.96 0.97 0.0 0.01 0.5708 0.5662 0.5454 0.5362 0.534 0.5179 0.504 0.5018 0.4902 0.4763 0.4718 0.4602 0.4464 0.4396 0.4327 0.4211 0.4142 0.4096 0.3981 0.4027 0.4477 0.4292 0.4246 0.413 0.3944 0.3899 0.3806 0.3644 0.3551 0.3506 0.3343 0.325 0.3181 0.3066 0.2972 0.2927 0.2833 0.2741 0.2672 0.2579 0.4381 0.4334 0.4242 0.4034 0.3966 0.3966 0.3758 0.3689 0.3642 0.3504 0.3366 0.332 0.3204 0.3089 0.3043 0.2951 0.2836 0.2789 0.2697 0.272
0.4971 1.0 0.0 0.81 0.82 0.83 0.84 0.85 0.86 0.87 0.88 0.89 0.9 0.91 0.92 0.93 0.94 0.95 0.96 0.97 0.0 0.01 0.02 0.5662 0.5454 0.5362 0.534 0.5179 0.504 0.5018 0.4902 0.4763 0.4718 0.4602 0.4464 0.4396 0.4327 0.4211 0.4142 0.4096 0.3981 0.4027 0.4027 0.4292 0.4246 0.413 0.3944 0.3899 0.3806 0.3644 0.3551 0.3506 0.3343 0.325 0.3181 0.3066 0.2972 0.2927 0.2833 0.2741 0.2672 0.2579 0.2996 0.4334 0.4242 0.4034 0.3966 0.3966 0.3758 0.3689 0.3642 0.3504 0.3366 0.332 0.3204 0.3089 0.3043 0.2951 0.2836 0.2789 0.2697 0.272 0.3458
0.4926 1.0 0.0153 0.82 0.83 0.84 0.85 0.86 0.87 0.88 0.89 0.9 0.91 0.92 0.93 0.94 0.95 0.96 0.97 0.0 0.01 0.02 0.03 0.5454 0.5362 0.534 0.5179 0.504 0.5018 0.4902 0.4763 0.4718 0.4602 0.4464 0.4396 0.4327 0.4211 0.4142 0.4096 0.3981 0.4027 0.4027 0.3981 0.4246 0.413 0.3944 0.3899 0.3806 0.3644 0.3551 0.3506 0.3343 0.325 0.3181 0.3066 0.2972 0.2927 0.2833 0.2741 0.2672 0.2579 0.2996 0.332 0.4242 0.4034 0.3966 0.3966 0.3758 0.3689 0.3642 0.3504 0.3366 0.332 0.3204 0.3089 0.3043 0.2951 0.2836 0.2789 0.2697 0.272 0.3458 0.3158
0.4694 1.0 0.33 0.83 0.84 0.85 0.86 0.87 0.88 0.89 0.9 0.91 0.92 0.93 0.94 0.95 0.96 0.97 0.0 0.01 0.02 0.03 0.04 0.5362 0.534 0.5179 0.504 0.5018 0.4902 0.4763 0.4718 0.4602 0.4464 0.4396 0.4327 0.4211 0.4142 0.4096 0.3981 0.4027 0.4027 0.3981 0.4971 0.413 0.3944 0.3899 0.3806 0.3644 0.3551 0.3506 0.3343 0.325 0.3181 0.3066 0.2972 0.2927 0.2833 0.2741 0.2672 0.2579 0.2996 0.332 0.3089 0.4034 0.3966 0.3966 0.3758 0.3689 0.3642 0.3504 0.3366 0.332 0.3204 0.3089 0.3043 0.2951 0.2836 0.2789 0.2697 0.272 0.3458 0.3158 0.3158
0.5432 1.0 0.015 0.84 0.85 0.86 0.87 0.88 0.89 0.9 0.91 0.92 0.93 0.94 0.95 0.96 0.97 0.0 0.01 0.02 0.03 0.04 0.05 0.534 0.5179 0.504 0.5018 0.4902 0.4763 0.4718 0.4602 0.4464 0.4396 0.4327 0.4211 0.4142 0.4096 0.3981 0.4027 0.4027 0.3981 0.4971 0.4926 0.3944 0.3899 0.3806 0.3644 0.3551 0.3506 0.3343 0.325 0.3181 0.3066 0.2972 0.2927 0.2833 0.2741 0.2672 0.2579 0.2996 0.332 0.3089 0.332 0.3966 0.3966 0.3758 0.3689 0.3642 0.3504 0.3366 0.332 0.3204 0.3089 0.3043 0.2951 0.2836 0.2789 0.2697 0.272 0.3458 0.3158 0.3158 0.3966
0.5547 1.0 0.0773 0.85 0.86 0.87 0.88 0.89 0.9 0.91 0.92 0.93 0.94 0.95 0.96 0.97 0.0 0.01 0.02 0.03 0.04 0.05 0.06 0.5179 0.504 0.5018 0.4902 0.4763 0.4718 0.4602 0.4464 0.4396 0.4327 0.4211 0.4142 0.4096 0.3981 0.4027 0.4027 0.3981 0.4971 0.4926 0.4694 0.3899 0.3806 0.3644 0.3551 0.3506 0.3343 0.325 0.3181 0.3066 0.2972 0.2927 0.2833 0.2741 0.2672 0.2579 0.2996 0.332 0.3089 0.332 0.3829 0.3966 0.3758 0.3689 0.3642 0.3504 0.3366 0.332 0.3204 0.3089 0.3043 0.2951 0.2836 0.2789 0.2697 0.272 0.3458 0.3158 0.3158 0.3966 0.362
0.5179 1.0 0.246 0.86 0.87 0.88 0.89 0.9 0.91 0.92 0.93 0.94 0.95 0.96 0.97 0.0 0.01 0.02 0.03 0.04 0.05 0.06 0.07 0.504 0.5018 0.4902 0.4763 0.4718 0.4602 0.4464 0.4396 0.4327 0.4211 0.4142 0.4096 0.3981 0.4027 0.4027 0.3981 0.4971 0.4926 0.4694 0.5432 0.3806 0.3644 0.3551 0.3506 0.3343 0.325 0.3181 0.3066 0.2972 0.2927 0.2833 0.2741 0.2672 0.2579 0.2996 0.332 0.3089 0.332 0.3829 0.3528 0.3758 0.3689 0.3642 0.3504 0.3366 0.332 0.3204 0.3089 0.3043 0.2951 0.2836 0.2789 0.2697 0.272 0.3458 0.3158 0.3158 0.3966 0.362 0.3412
0.5593 1.0 0.0383 0.87 0.88 0.89 0.9 0.91 0.92 0.93 0.94 0.95 0.96 0.97 0.0 0.01 0.02 0.03 0.04 0.05 0.06 0.07 0.08 0.5018 0.4902 0.4763 0.4718 0.4602 0.4464 0.4396 0.4327 0.4211 0.4142 0.4096 0.3981 0.4027 0.4027 0.3981 0.4971 0.4926 0.4694 0.5432 0.5547 0.3644 0.3551 0.3506 0.3343 0.325 0.3181 0.3066 0.2972 0.2927 0.2833 0.2741 0.2672 0.2579 0.2996 0.332 0.3089 0.332 0.3829 0.3528 0.3506 0.3689 0.3642 0.3504 0.3366 0.332 0.3204 0.3089 0.3043 0.2951 0.2836 0.2789 0.2697 0.272 0.3458 0.3158 0.3158 0.3966 0.362 0.3412 0.4242
0.5984 1.0 0.1227 0.88 0.89 0.9 0.91 0.92 0.93 0.94 0.95 0.96 0.97 0.0 0.01 0.02 0.03 0.04 0.05 0.06 0.07 0.08 0.09 0.4902 0.4763 0.4718 0.4602 0.4464 0.4396 0.4327 0.4211 0.4142 0.4096 0.3981 0.4027 0.4027 0.3981 0.4971 0.4926 0.4694 0.5432 0.5547 0.5179 0.3551 0.3506 0.3343 0.325 0.3181 0.3066 0.2972 0.2927 0.2833 0.2741 0.2672 0.2579 0.2996 0.332 0.3089 0.332 0.3829 0.3528 0.3506 0.4246 0.3642 0.3504 0.3366 0.332 0.3204 0.3089 0.3043 0.2951 0.2836 0.2789 0.2697 0.272 0.3458 0.3158 0.3158 0.3966 0.362 0.3412 0.4242 0.4012
0.557 1.0 0.138 0.89 0.9 0.91 0.92 0.93 0.94 0.95 0.96 0.97 0.0 0.01 0.02 0.03 0.04 0.05 0.06 0.07 0.08 0.09 0.1 0.4763 0.4718 0.4602 0.4464 0.4396 0.4327 0.4211 0.4142 0.4096 0.3981 0.4027 0.4027 0.3981 0.4971 0.4926 0.4694 0.5432 0.5547 0.5179 0.5593 0.3506 0.3343 0.325 0.3181 0.3066 0.2972 0.2927 0.2833 0.2741 0.2672 0.2579 0.2996 0.332 0.3089 0.332 0.3829 0.3528 0.3506 0.4246 0.3921 0.3504 0.3366 0.332 0.3204 0.3089 0.3043 0.2951 0.2836 0.2789 0.2697 0.272 0.3458 0.3158 0.3158 0.3966 0.362 0.3412 0.4242 0.4012 0.3712
0.5639 1.0 0.1303 0.9 0.91 0.92 0.93 0.94 0.95 0.96 0.97 0.0 0.01 0.02 0.03 0.04 0.05 0.06 0.07 0.08 0.09 0.1 0.11 0.4718 0.4602 0.4464 0.4396 0.4327 0.4211 0.4142 0.4096 0.3981 0.4027 0.4027 0.3981 0.4971 0.4926 0.4694 0.5432 0.5547 0.5179 0.5593 0.5984 0.3343 0.325 0.3181 0.3066 0.2972 0.2927 0.2833 0.2741 0.2672 0.2579 0.2996 0.332 0.3089 0.332 0.3829 0.3528 0.3506 0.4246 0.3921 0.369 0.3366 0.332 0.3204 0.3089 0.3043 0.2951 0.2836 0.2789 0.2697 0.272 0.3458 0.3158 0.3158 0.3966 0.362 0.3412 0.4242 0.4012 0.3712 0.4311
0.6377 1.0 0.138 0.91 0.92 0.93 0.94 0.95 0.96 0.97 0.0 0.01 0.02 0.03 0.04 0.05 0.06 0.07 0.08 0.09 0.1 0.11 0.12 0.4602 0.4464 0.4396 0.4327 0.4211 0.4142 0.4096 0.3981 0.4027 0.4027 0.3981 0.4971 0.4926 0.4694 0.5432 0.5547 0.5179 0.5593 0.5984 0.557 0.325 0.3181 0.3066 0.2972 0.2927 0.2833 0.2741 0.2672 0.2579 0.2996 0.332 0.3089 0.332 0.3829 0.3528 0.3506 0.4246 0.3921 0.369 0.4431 0.332 0.3204 0.3089 0.3043 0.2951 0.2836 0.2789 0.2697 0.272 0.3458 0.3158 0.3158 0.3966 0.362 0.3412 0.4242 0.4012 0.3712 0.4311 0.4358
0.5961 1.0 0.023 0.92 0.93 0.94 0.95 0.96 0.97 0.0 0.01 0.02 0.03 0.04 0.05 0.06 0.07 0.08 0.09 0.1 0.11 0.12 0.13 0.4464 0.4396 0.4327 0.4211 0.4142 0.4096 0.3981 0.4027 0.4027 0.3981 0.4971 0.4926 0.4694 0.5432 0.5547 0.5179 0.5593 0.5984 0.557 0.5639 0.3181 0.3066 0.2972 0.2927 0.2833 0.2741 0.2672 0.2579 0.2996 0.332 0.3089 0.332 0.3829 0.3528 0.3506 0.4246 0.3921 0.369 0.4431 0.4316 0.3204 0.3089 0.3043 0.2951 0.2836 0.2789 0.2697 0.272 0.3458 0.3158 0.3158 0.3966 0.362 0.3412 0.4242 0.4012 0.3712 0.4311 0.4358 0.3989
0.5731 1.0 0.246 0.93 0.94 0.95 0.96 0.97 0.0 0.01 0.02 0.03 0.04 0.05 0.06 0.07 0.08 0.09 0.1 0.11 0.12 0.13 0.14 0.4396 0.4327 0.4211 0.4142 0.4096 0.3981 0.4027 0.4027 0.3981 0.4971 0.4926 0.4694 0.5432 0.5547 0.5179 0.5593 0.5984 0.557 0.5639 0.6377 0.3066 0.2972 0.2927 0.2833 0.2741 0.2672 0.2579 0.2996 0.332 0.3089 0.332 0.3829 0.3528 0.3506 0.4246 0.3921 0.369 0.4431 0.4316 0.4014 0.3089 0.3043 0.2951 0.2836 0.2789 0.2697 0.272 0.3458 0.3158 0.3158 0.3966 0.362 0.3412 0.4242 0.4012 0.3712 0.4311 0.4358 0.3989 0.4266
0.6538 1.0 0.1387 0.94 0.95 0.96 0.97 0.0 0.01 0.02 0.03 0.04 0.05 0.06 0.07 0.08 0.09 0.1 0.11 0.12 0.13 0.14 0.15 0.4327 0.4211 0.4142 0.4096 0.3981 0.4027 0.4027 0.3981 0.4971 0.4926 0.4694 0.5432 0.5547 0.5179 0.5593 0.5984 0.557 0.5639 0.6377 0.5961 0.2972 0.2927 0.2833 0.2741 0.2672 0.2579 0.2996 0.332 0.3089 0.332 0.3829 0.3528 0.3506 0.4246 0.3921 0.369 0.4431 0.4316 0.4014 0.4523 0.3043 0.2951 0.2836 0.2789 0.2697 0.272 0.3458 0.3158 0.3158 0.3966 0.362 0.3412 0.4242 0.4012 0.3712 0.4311 0.4358 0.3989 0.4266 0.4727
0.6284 1.0 0.0767 0.95 0.96 0.97 0.0 0.01 0.02 0.03 0.04 0.05 0.06 0.07 0.08 0.09 0.1 0.11 0.12 0.13 0.14 0.15 0.16 0.4211 0.4142 0.4096 0.3981 0.4027 0.4027 0.3981 0.4971 0.4926 0.4694 0.5432 0.5547 0.5179 0.5593 0.5984 0.557 0.5639 0.6377 0.5961 0.5731 0.2927 0.2833 0.2741 0.2672 0.2579 0.2996 0.332 0.3089 0.332 0.3829 0.3528 0.3506 0.4246 0.3921 0.369 0.4431 0.4316 0.4014 0.4523 0.4778 0.2951 0.2836 0.2789 0.2697 0.272 0.3458 0.3158 0.3158 0.3966 0.362 0.3412 0.4242 0.4012 0.3712 0.4311 0.4358 0.3989 0.4266 0.4727 0.4334
0.5984 1.0 0.269 0.96 0.97 0.0 0.01 0.02 0.03 0.04 0.05 0.06 0.07 0.08 0.09 0.1 0.11 0.12 0.13 0.14 0.15 0.16 0.17 0.4142 0.4096 0.3981 0.4027 0.4027 0.3981 0.4971 0.4926 0.4694 0.5432 0.5547 0.5179 0.5593 0.5984 0.557 0.5639 0.6377 0.5961 0.5731 0.6538 0.2833 0.2741 0.2672 0.2579 0.2996 0.332 0.3089 0.332 0.3829 0.3528 0.3506 0.4246 0.3921 0.369 0.4431 0.4316 0.4014 0.4523 0.4778 0.4431 0.2836 0.2789 0.2697 0.272 0.3458 0.3158 0.3158 0.3966 0.362 0.3412 0.4242 0.4012 0.3712 0.4311 0.4358 0.3989 0.4266 0.4727 0.4334 0.4266
0.6307 1.0 0.0847 0.97 0.0 0.01 0.02 0.03 0.04 0.05 0.06 0.07 0.08 0.09 0.1 0.11 0.12 0.13 0.14 0.15 0.16 0.17 0.18 0.4096 0.3981 0.4027 0.4027 0.3981 0.4971 0.4926 0.4694 0.5432 0.5547 0.5179 0.5593 0.5984 0.557 0.5639 0.6377 0.5961 0.5731 0.6538 0.6284 0.2741 0.2672 0.2579 0.2996 0.332 0.3089 0.332 0.3829 0.3528 0.3506 0.4246 0.3921 0.369 0.4431 0.4316 0.4014 0.4523 0.4778 0.4431 0.457 0.2789 0.2697 0.272 0.3458 0.3158 0.3158 0.3966 0.362 0.3412 0.4242 0.4012 0.3712 0.4311 0.4358 0.3989 0.4266 0.4727 0.4334 0.4266 0.4958
0.6538 1.0 0.1 0.0 0.01 0.02 0.03 0.04 0.05 0.06 0.07 0.08 0.09 0.1 0.11 0.12 0.13 0.14 0.15 0.16 0.17 0.18 0.19 0.3981 0.4027 0.4027 0.3981 0.4971 0.4926 0.4694 0.5432 0.5547 0.5179 0.5593 0.5984 0.557 0.5639 0.6377 0.5961 0.5731 0.6538 0.6284 0.5984 0.2672 0.2579 0.2996 0.332 0.3089 0.332 0.3829 0.3528 0.3506 0.4246 0.3921 0.369 0.4431 0.4316 0.4014 0.4523 0.4778 0.4431 0.457 0.5079 0.2697 0.272 0.3458 0.3158 0.3158 0.3966 0.362 0.3412 0.4242 0.4012 0.3712 0.4311 0.4358 0.3989 0.4266 0.4727 0.4334 0.4266 0.4958 0.4658
0.6214 1.0 0.1077 0.01 0.02 0.03 0.04 0.05 0.06 0.07 0.08 0.09 0.1 0.11 0.12 0.13 0.14 0.15 0.16 0.17 0.18 0.19 0.2 0.4027 0.4027 0.3981 0.4971 0.4926 0.4694 0.5432 0.5547 0.5179 0.5593 0.5984 0.557 0.5639 0.6377 0.5961 0.5731 0.6538 0.6284 0.5984 0.6307 0.2579 0.2996 0.332 0.3089 0.332 0.3829 0.3528 0.3506 0.4246 0.3921 0.369 0.4431 0.4316 0.4014 0.4523 0.4778 0.4431 0.457 0.5079 0.4778 0.272 0.3458 0.3158 0.3158 0.3966 0.362 0.3412 0.4242 0.4012 0.3712 0.4311 0.4358 0.3989 0.4266 0.4727 0.4334 0.4266 0.4958 0.4658 0.4496
0.6238 1.0 0.077 0.02 0.03 0.04 0.05 0.06 0.07 0.08 0.09 0.1 0.11 0.12 0.13 0.14 0.15 0.16 0.17 0.18 0.19 0.2 0.21 0.4027 0.3981 0.4971 0.4926 0.4694 0.5432 0.5547 0.5179 0.5593 0.5984 0.557 0.5639 0.6377 0.5961 0.5731 0.6538 0.6284 0.5984 0.6307 0.6538 0.2996 0.332 0.3089 0.332 0.3829 0.3528 0.3506 0.4246 0.3921 0.369 0.4431 0.4316 0.4014 0.4523 0.4778 0.4431 0.457 0.5079 0.4778 0.4686 0.3458 0.3158 0.3158 0.3966 0.362 0.3412 0.4242 0.4012 0.3712 0.4311 0.4358 0.3989 0.4266 0.4727 0.4334 0.4266 0.4958 0.4658 0.4496 0.4819
0.6676 1.0 0.108 0.03 0.04 0.05 0.06 0.07 0.08 0.09 0.1 0.11 0.12 0.13 0.14 0.15 0.16 0.17 0.18 0.19 0.2 0.21 0.22 0.3981 0.4971 0.4926 0.4694 0.5432 0.5547 0.5179 0.5593 0.5984 0.557 0.5639 0.6377 0.5961 0.5731 0.6538 0.6284 0.5984 0.6307 0.6538 0.6214 0.332 0.3089 0.332 0.3829 0.3528 0.3506 0.4246 0.3921 0.369 0.4431 0.4316 0.4014 0.4523 0.4778 0.4431 0.457 0.5079 0.4778 0.4686 0.5264 0.3158 0.3158 0.3966 0.362 0.3412 0.4242 0.4012 0.3712 0.4311 0.4358 0.3989 0.4266 0.4727 0.4334 0.4266 0.4958 0.4658 0.4496 0.4819 0.4911
0.6607 1.0 0.008 0.04 0.05 0.06 0.07 0.08 0.09 0.1 0.11 0.12 0.13 0.14 0.15 0.16 0.17 0.18 0.19 0.2 0.21 0.22 0.23 0.4971 0.4926 0.4694 0.5432 0.5547 0.5179 0.5593 0.5984 0.557 0.5639 0.6377 0.5961 0.5731 0.6538 0.6284 0.5984 0.6307 0.6538 0.6214 0.6238 0.3089 0.332 0.3829 0.3528 0.3506 0.4246 0.3921 0.369 0.4431 0.4316 0.4014 0.4523 0.4778 0.4431 0.457 0.5079 0.4778 0.4686 0.5264 0.5126 0.3158 0.3966 0.362 0.3412 0.4242 0.4012 0.3712 0.4311 0.4358 0.3989 0.4266 0.4727 0.4334 0.4266 0.4958 0.4658 0.4496 0.4819 0.4911 0.475
0.6583 1.0 0.146 0.05 0.06 0.07 0.08 0.09 0.1 0.11 0.12 0.13 0.14 0.15 0.16 0.17 0.18 0.19 0.2 0.21 0.22 0.23 0.24 0.4926 0.4694 0.5432 0.5547 0.5179 0.5593 0.5984 0.557 0.5639 0.6377 0.5961 0.5731 0.6538 0.6284 0.5984 0.6307 0.6538 0.6214 0.6238 0.6676 0.332 0.3829 0.3528 0.3506 0.4246 0.3921 0.369 0.4431 0.4316 0.4014 0.4523 0.4778 0.4431 0.457 0.5079 0.4778 0.4686 0.5264 0.5126 0.494 0.3966 0.362 0.3412 0.4242 0.4012 0.3712 0.4311 0.4358 0.3989 0.4266 0.4727 0.4334 0.4266 0.4958 0.4658 0.4496 0.4819 0.4911 0.475 0.4934
0.6976 1.0 0.023 0.06 0.07 0.08 0.09 0.1 0.11 0.12 0.13 0.14 0.15 0.16 0.17 0.18 0.19 0.2 0.21 0.22 0.23 0.24 0.25 0.4694 0.5432 0.5547 0.5179 0.5593 0.5984 0.557 0.5639 0.6377 0.5961 0.5731 0.6538 0.6284 0.5984 0.6307 0.6538 0.6214 0.6238 0.6676 0.6607 0.3829 0.3528 0.3506 0.4246 0.3921 0.369 0.4431 0.4316 0.4014 0.4523 0.4778 0.4431 0.457 0.5079 0.4778 0.4686 0.5264 0.5126 0.494 0.5194 0.362 0.3412 0.4242 0.4012 0.3712 0.4311 0.4358 0.3989 0.4266 0.4727 0.4334 0.4266 0.4958 0.4658 0.4496 0.4819 0.4911 0.475 0.4934 0.5303
0.7229 1.0 0.008 0.07 0.08 0.09 0.1 0.11 0.12 0.13 0.14 0.15 0.16 0.17 0.18 0.19 0.2 0.21 0.22 0.23 0.24 0.25 0.26 0.5432 0.5547 0.5179 0.5593 0.5984 0.557 0.5639 0.6377 0.5961 0.5731 0.6538 0.6284 0.5984 0.6307 0.6538 0.6214 0.6238 0.6676 0.6607 0.6583 0.3528 0.3506 0.4246 0.3921 0.369 0.4431 0.4316 0.4014 0.4523 0.4778 0.4431 0.457 0.5079 0.4778 0.4686 0.5264 0.5126 0.494 0.5194 0.575 0.3412 0.4242 0.4012 0.3712 0.4311 0.4358 0.3989 0.4266 0.4727 0.4334 0.4266 0.4958 0.4658 0.4496 0.4819 0.4911 0.475 0.4934 0.5303 0.5096
0.6998 1.0 0.131 0.08 0.09 0.1 0.11 0.12 0.13 0.14 0.15 0.16 0.17 0.18 0.19 0.2 0.21 0.22 0.23 0.24 0.25 0.26 0.27 0.5547 0.5179 0.5593 0.5984 0.557 0.5639 0.6377 0.5961 0.5731 0.6538 0.6284 0.5984 0.6307 0.6538 0.6214 0.6238 0.6676 0.6607 0.6583 0.6976 0.3506 0.4246 0.3921 0.369 0.4431 0.4316 0.4014 0.4523 0.4778 0.4431 0.457 0.5079 0.4778 0.4686 0.5264 0.5126 0.494 0.5194 0.575 0.5426 0.4242 0.4012 0.3712 0.4311 0.4358 0.3989 0.4266 0.4727 0.4334 0.4266 0.4958 0.4658 0.4496 0.4819 0.4911 0.475 0.4934 0.5303 0.5096 0.5166
0.7067 1.0 0.0843 0.09 0.1 0.11 0.12 0.13 0.14 0.15 0.16 0.17 0.18 0.19 0.2 0.21 0.22 0.23 0.24 0.25 0.26 0.27 0.28 0.5179 0.5593 0.5984 0.557 0.5639 0.6377 0.5961 0.5731 0.6538 0.6284 0.5984 0.6307 0.6538 0.6214 0.6238 0.6676 0.6607 0.6583 0.6976 0.7229 0.4246 0.3921 0.369 0.4431 0.4316 0.4014 0.4523 0.4778 0.4431 0.457 0.5079 0.4778 0.4686 0.5264 0.5126 0.494 0.5194 0.575 0.5426 0.5426 0.4012 0.3712 0.4311 0.4358 0.3989 0.4266 0.4727 0.4334 0.4266 0.4958 0.4658 0.4496 0.4819 0.4911 0.475 0.4934 0.5303 0.5096 0.5166 0.5627
0.7736 1.0 0.077 0.1 0.11 0.12 0.13 0.14 0.15 0.16 0.17 0.18 0.19 0.2 0.21 0.22 0.23 0.24 0.25 0.26 0.27 0.28 0.29 0.5593 0.5984 0.557 0.5639 0.6377 0.5961 0.5731 0.6538 0.6284 0.5984 0.6307 0.6538 0.6214 0.6238 0.6676 0.6607 0.6583 0.6976 0.7229 0.6998 0.3921 0.369 0.4431 0.4316 0.4014 0.4523 0.4778 0.4431 0.457 0.5079 0.4778 0.4686 0.5264 0.5126 0.494 0.5194 0.575 0.5426 0.5426 0.5959 0.3712 0.4311 0.4358 0.3989 0.4266 0.4727 0.4334 0.4266 0.4958 0.4658 0.4496 0.4819 0.4911 0.475 0.4934 0.5303 0.5096 0.5166 0.5627 0.5764
0.739 1.0 0.023 0.11 0.12 0.13 0.14 0.15 0.16 0.17 0.18 0.19 0.2 0.21 0.22 0.23 0.24 0.25 0.26 0.27 0.28 0.29 0.3 0.5984 0.557 0.5639 0.6377 0.5961 0.5731 0.6538 0.6284 0.5984 0.6307 0.6538 0.6214 0.6238 0.6676 0.6607 0.6583 0.6976 0.7229 0.6998 0.7067 0.369 0.4431 0.4316 0.4014 0.4523 0.4778 0.4431 0.457 0.5079 0.4778 0.4686 0.5264 0.5126 0.494 0.5194 0.575 0.5426 0.5426 0.5959 0.5866 0.4311 0.4358 0.3989 0.4266 0.4727 0.4334 0.4266 0.4958 0.4658 0.4496 0.4819 0.4911 0.475 0.4934 0.5303 0.5096 0.5166 0.5627 0.5764 0.5557
0.7298 1.0 0.223 0.12 0.13 0.14 0.15 0.16 0.17 0.18 0.19 0.2 0.21 0.22 0.23 0.24 0.25 0.26 0.27 0.28 0.29 0.3 0.31 0.557 0.5639 0.6377 0.5961 0.5731 0.6538 0.6284 0.5984 0.6307 0.6538 0.6214 0.6238 0.6676 0.6607 0.6583 0.6976 0.7229 0.6998 0.7067 0.7736 0.4431 0.4316 0.4014 0.4523 0.4778 0.4431 0.457 0.5079 0.4778 0.4686 0.5264 0.5126 0.494 0.5194 0.575 0.5426 0.5426 0.5959 0.5866 0.575 0.4358 0.3989 0.4266 0.4727 0.4334 0.4266 0.4958 0.4658 0.4496 0.4819 0.4911 0.475 0.4934 0.5303 0.5096 0.5166 0.5627 0.5764 0.5557 0.5811
0.792 1.0 0.1153 0.13 0.14 0.15 0.16 0.17 0.18 0.19 0.2 0.21 0.22 0.23 0.24 0.25 0.26 0.27 0.28 0.29 0.3 0.31 0.32 0.5639 0.6377 0.5961 0.5731 0.6538 0.6284 0.5984 0.6307 0.6538 0.6214 0.6238 0.6676 0.6607 0.6583 0.6976 0.7229 0.6998 0.7067 0.7736 0.739 0.4316 0.4014 0.4523 0.4778 0.4431 0.457 0.5079 0.4778 0.4686 0.5264 0.5126 0.494 0.5194 0.575 0.5426 0.5426 0.5959 0.5866 0.575 0.6028 0.3989 0.4266 0.4727 0.4334 0.4266 0.4958 0.4658 0.4496 0.4819 0.4911 0.475 0.4934 0.5303 0.5096 0.5166 0.5627 0.5764 0.5557 0.5811 0.6226
0.7574 1.0 0.0307 0.14 0.15 0.16 0.17 0.18 0.19 0.2 0.21 0.22 0.23 0.24 0.25 0.26 0.27 0.28 0.29 0.3 0.31 0.32 0.33 0.6377 0.5961 0.5731 0.6538 0.6284 0.5984 0.6307 0.6538 0.6214 0.6238 0.6676 0.6607 0.6583 0.6976 0.7229 0.6998 0.7067 0.7736 0.739 0.7298 0.4014 0.4523 0.4778 0.4431 0.457 0.5079 0.4778 0.4686 0.5264 0.5126 0.494 0.5194 0.575 0.5426 0.5426 0.5959 0.5866 0.575 0.6028 0.612 0.4266 0.4727 0.4334 0.4266 0.4958 0.4658 0.4496 0.4819 0.4911 0.475 0.4934 0.5303 0.5096 0.5166 0.5627 0.5764 0.5557 0.5811 0.6226 0.5857
0.739 1.0 0.2073 0.15 0.16 0.17 0.18 0.19 0.2 0.21 0.22 0.23 0.24 0.25 0.26 0.27 0.28 0.29 0.3 0.31 0.32 0.33 0.34 0.5961 0.5731 0.6538 0.6284 0.5984 0.6307 0.6538 0.6214 0.6238 0.6676 0.6607 0.6583 0.6976 0.7229 0.6998 0.7067 0.7736 0.739 0.7298 0.792 0.4523 0.4778 0.4431 0.457 0.5079 0.4778 0.4686 0.5264 0.5126 0.494 0.5194 0.575 0.5426 0.5426 0.5959 0.5866 0.575 0.6028 0.612 0.5889 0.4727 0.4334 0.4266 0.4958 0.4658 0.4496 0.4819 0.4911 0.475 0.4934 0.5303 0.5096 0.5166 0.5627 0.5764 0.5557 0.5811 0.6226 0.5857 0.5949
0.7966 1.0 0.1153 0.16 0.17 0.18 0.19 0.2 0.21 0.22 0.23 0.24 0.25 0.26 0.27 0.28 0.29 0.3 0.31 0.32 0.33 0.34 0.35 0.5731 0.6538 0.6284 0.5984 0.6307 0.6538 0.6214 0.6238 0.6676 0.6607 0.6583 0.6976 0.7229 0.6998 0.7067 0.7736 0.739 0.7298 0.792 0.7574 0.4778 0.4431 0.457 0.5079 0.4778 0.4686 0.5264 0.5126 0.494 0.5194 0.575 0.5426 0.5426 0.5959 0.5866 0.575 0.6028 0.612 0.5889 0.6028 0.4334 0.4266 0.4958 0.4658 0.4496 0.4819 0.4911 0.475 0.4934 0.5303 0.5096 0.5166 0.5627 0.5764 0.5557 0.5811 0.6226 0.5857 0.5949 0.648
0.7781 1.0 0.0613 0.17 0.18 0.19 0.2 0.21 0.22 0.23 0.24 0.25 0.26 0.27 0.28 0.29 0.3 0.31 0.32 0.33 0.34 0.35 0.36 0.6538 0.6284 0.5984 0.6307 0.6538 0.6214 0.6238 0.6676 0.6607 0.6583 0.6976 0.7229 0.6998 0.7067 0.7736 0.739 0.7298 0.792 0.7574 0.739 0.4431 0.457 0.5079 0.4778 0.4686 0.5264 0.5126 0.494 0.5194 0.575 0.5426 0.5426 0.5959 0.5866 0.575 0.6028 0.612 0.5889 0.6028 0.6259 0.4266 0.4958 0.4658 0.4496 0.4819 0.4911 0.475 0.4934 0.5303 0.5096 0.5166 0.5627 0.5764 0.5557 0.5811 0.6226 0.5857 0.5949 0.648 0.6041
0.7574 1.0 0.192 0.18 0.19 0.2 0.21 0.22 0.23 0.24 0.25 0.26 0.27 0.28 0.29 0.3 0.31 0.32 0.33 0.34 0.35 0.36 0.37 0.6284 0.5984 0.6307 0.6538 0.6214 0.6238 0.6676 0.6607 0.6583 0.6976 0.7229 0.6998 0.7067 0.7736 0.739 0.7298 0.792 0.7574 0.739 0.7966 0.457 0.5079 0.4778 0.4686 0.5264 0.5126 0.494 0.5194 0.575 0.5426 0.5426 0.5959 0.5866 0.575 0.6028 0.612 0.5889 0.6028 0.6259 0.6004 0.4958 0.4658 0.4496 0.4819 0.4911 0.475 0.4934 0.5303 0.5096 0.5166 0.5627 0.5764 0.5557 0.5811 0.6226 0.5857 0.5949 0.648 0.6041 0.5996
0.815 1.0 0.0617 0.19 0.2 0.21 0.22 0.23 0.24 0.25 0.26 0.27 0.28 0.29 0.3 0.31 0.32 0.33 0.34 0.35 0.36 0.37 0.38 0.5984 0.6307 0.6538 0.6214 0.6238 0.6676 0.6607 0.6583 0.6976 0.7229 0.6998 0.7067 0.7736 0.739 0.7298 0.792 0.7574 0.739 0.7966 0.7781 0.5079 0.4778 0.4686 0.5264 0.5126 0.494 0.5194 0.575 0.5426 0.5426 0.5959 0.5866 0.575 0.6028 0.612 0.5889 0.6028 0.6259 0.6004 0.6098 0.4658 0.4496 0.4819 0.4911 0.475 0.4934 0.5303 0.5096 0.5166 0.5627 0.5764 0.5557 0.5811 0.6226 0.5857 0.5949 0.648 0.6041 0.5996 0.6526
0.8058 1.0 0.069 0.2 0.21 0.22 0.23 0.24 0.25 0.26 0.27 0.28 0.29 0.3 0.31 0.32 0.33 0.34 0.35 0.36 0.37 0.38 0.39 0.6307 0.6538 0.6214 0.6238 0.6676 0.6607 0.6583 0.6976 0.7229 0.6998 0.7067 0.7736 0.739 0.7298 0.792 0.7574 0.739 0.7966 0.7781 0.7574 0.4778 0.4686 0.5264 0.5126 0.494 0.5194 0.575 0.5426 0.5426 0.5959 0.5866 0.575 0.6028 0.612 0.5889 0.6028 0.6259 0.6004 0.6098 0.6491 0.4496 0.4819 0.4911 0.475 0.4934 0.5303 0.5096 0.5166 0.5627 0.5764 0.5557 0.5811 0.6226 0.5857 0.5949 0.648 0.6041 0.5996 0.6526 0.6133
0.7781 1.0 0.192 0.21 0.22 0.23 0.24 0.25 0.26 0.27 0.28 0.29 0.3 0.31 0.32 0.33 0.34 0.35 0.36 0.37 0.38 0.39 0.4 0.6538 0.6214 0.6238 0.6676 0.6607 0.6583 0.6976 0.7229 0.6998 0.7067 0.7736 0.739 0.7298 0.792 0.7574 0.739 0.7966 0.7781 0.7574 0.815 0.4686 0.5264 0.5126 0.494 0.5194 0.575 0.5426 0.5426 0.5959 0.5866 0.575 0.6028 0.612 0.5889 0.6028 0.6259 0.6004 0.6098 0.6491 0.6213 0.4819 0.4911 0.475 0.4934 0.5303 0.5096 0.5166 0.5627 0.5764 0.5557 0.5811 0.6226 0.5857 0.5949 0.648 0.6041 0.5996 0.6526 0.6133 0.5972
0.8219 1.0 0.0307 0.22 0.23 0.24 0.25 0.26 0.27 0.28 0.29 0.3 0.31 0.32 0.33 0.34 0.35 0.36 0.37 0.38 0.39 0.4 0.41 0.6214 0.6238 0.6676 0.6607 0.6583 0.6976 0.7229 0.6998 0.7067 0.7736 0.739 0.7298 0.792 0.7574 0.739 0.7966 0.7781 0.7574 0.815 0.8058 0.5264 0.5126 0.494 0.5194 0.575 0.5426 0.5426 0.5959 0.5866 0.575 0.6028 0.612 0.5889 0.6028 0.6259 0.6004 0.6098 0.6491 0.6213 0.6236 0.4911 0.475 0.4934 0.5303 0.5096 0.5166 0.5627 0.5764 0.5557 0.5811 0.6226 0.5857 0.5949 0.648 0.6041 0.5996 0.6526 0.6133 0.5972 0.6641
0.8264 1.0 0.0923 0.23 0.24 0.25 0.26 0.27 0.28 0.29 0.3 0.31 0.32 0.33 0.34 0.35 0.36 0.37 0.38 0.39 0.4 0.41 0.42 0.6238 0.6676 0.6607 0.6583 0.6976 0.7229 0.6998 0.7067 0.7736 0.739 0.7298 0.792 0.7574 0.739 0.7966 0.7781 0.7574 0.815 0.8058 0.7781 0.5126 0.494 0.5194 0.575 0.5426 0.5426 0.5959 0.5866 0.575 0.6028 0.612 0.5889 0.6028 0.6259 0.6004 0.6098 0.6491 0.6213 0.6236 0.6746 0.475 0.4934 0.5303 0.5096 0.5166 0.5627 0.5764 0.5557 0.5811 0.6226 0.5857 0.5949 0.648 0.6041 0.5996 0.6526 0.6133 0.5972 0.6641 0.6319
0.7897 1.0 0.146 0.24 0.25 0.26 0.27 0.28 0.29 0.3 0.31 0.32 0.33 0.34 0.35 0.36 0.37 0.38 0.39 0.4 0.41 0.42 0.43 0.6676 0.6607 0.6583 0.6976 0.7229 0.6998 0.7067 0.7736 0.739 0.7298 0.792 0.7574 0.739 0.7966 0.7781 0.7574 0.815 0.8058 0.7781 0.8219 0.494 0.5194 0.575 0.5426 0.5426 0.5959 0.5866 0.575 0.6028 0.612 0.5889 0.6028 0.6259 0.6004 0.6098 0.6491 0.6213 0.6236 0.6746 0.6421 0.4934 0.5303 0.5096 0.5166 0.5627 0.5764 0.5557 0.5811 0.6226 0.5857 0.5949 0.648 0.6041 0.5996 0.6526 0.6133 0.5972 0.6641 0.6319 0.6157
0.8173 1.0 0.015 0.25 0.26 0.27 0.28 0.29 0.3 0.31 0.32 0.33 0.34 0.35 0.36 0.37 0.38 0.39 0.4 0.41 0.42 0.43 0.44 0.6607 0.6583 0.6976 0.7229 0.6998 0.7067 0.7736 0.739 0.7298 0.792 0.7574 0.739 0.7966 0.7781 0.7574 0.815 0.8058 0.7781 0.8219 0.8264 0.5194 0.575 0.5426 0.5426 0.5959 0.5866 0.575 0.6028 0.612 0.5889 0.6028 0.6259 0.6004 0.6098 0.6491 0.6213 0.6236 0.6746 0.6421 0.6329 0.5303 0.5096 0.5166 0.5627 0.5764 0.5557 0.5811 0.6226 0.5857 0.5949 0.648 0.6041 0.5996 0.6526 0.6133 0.5972 0.6641 0.6319 0.6157 0.6826
0.8472 1.0 0.1223 0.26 0.27 0.28 0.29 0.3 0.31 0.32 0.33 0.34 0.35 0.36 0.37 0.38 0.39 0.4 0.41 0.42 0.43 0.44 0.45 0.6583 0.6976 0.7229 0.6998 0.7067 0.7736 0.739 0.7298 0.792 0.7574 0.739 0.7966 0.7781 0.7574 0.815 0.8058 0.7781 0.8219 0.8264 0.7897 0.575 0.5426 0.5426 0.5959 0.5866 0.575 0.6028 0.612 0.5889 0.6028 0.6259 0.6004 0.6098 0.6491 0.6213 0.6236 0.6746 0.6421 0.6329 0.6884 0.5096 0.5166 0.5627 0.5764 0.5557 0.5811 0.6226 0.5857 0.5949 0.648 0.6041 0.5996 0.6526 0.6133 0.5972 0.6641 0.6319 0.6157 0.6826 0.6641
0.8034 1.0 0.092 0.27 0.28 0.29 0.3 0.31 0.32 0.33 0.34 0.35 0.36 0.37 0.38 0.39 0.4 0.41 0.42 0.43 0.44 0.45 0.46 0.6976 0.7229 0.6998 0.7067 0.7736 0.739 0.7298 0.792 0.7574 0.739 0.7966 0.7781 0.7574 0.815 0.8058 0.7781 0.8219 0.8264 0.7897 0.8173 0.5426 0.5426 0.5959 0.5866 0.575 0.6028 0.612 0.5889 0.6028 0.6259 0.6004 0.6098 0.6491 0.6213 0.6236 0.6746 0.6421 0.6329 0.6884 0.656 0.5166 0.5627 0.5764 0.5557 0.5811 0.6226 0.5857 0.5949 0.648 0.6041 0.5996 0.6526 0.6133 0.5972 0.6641 0.6319 0.6157 0.6826 0.6641 0.6388
0.8173 1.0 0.0997 0.28 0.29 0.3 0.31 0.32 0.33 0.34 0.35 0.36 0.37 0.38 0.39 0.4 0.41 0.42 0.43 0.44 0.45 0.46 0.47 0.7229 0.6998 0.7067 0.7736 0.739 0.7298 0.792 0.7574 0.739 0.7966 0.7781 0.7574 0.815 0.8058 0.7781 0.8219 0.8264 0.7897 0.8173 0.8472 0.5426 0.5959 0.5866 0.575 0.6028 0.612 0.5889 0.6028 0.6259 0.6004 0.6098 0.6491 0.6213 0.6236 0.6746 0.6421 0.6329 0.6884 0.656 0.6421 0.5627 0.5764 0.5557 0.5811 0.6226 0.5857 0.5949 0.648 0.6041 0.5996 0.6526 0.6133 0.5972 0.6641 0.6319 0.6157 0.6826 0.6641 0.6388 0.6941
0.8726 1.0 0.146 0.29 0.3 0.31 0.32 0.33 0.34 0.35 0.36 0.37 0.38 0.39 0.4 0.41 0.42 0.43 0.44 0.45 0.46 0.47 0.48 0.6998 0.7067 0.7736 0.739 0.7298 0.792 0.7574 0.739 0.7966 0.7781 0.7574 0.815 0.8058 0.7781 0.8219 0.8264 0.7897 0.8173 0.8472 0.8034 0.5959 0.5866 0.575 0.6028 0.612 0.5889 0.6028 0.6259 0.6004 0.6098 0.6491 0.6213 0.6236 0.6746 0.6421 0.6329 0.6884 0.656 0.6421 0.7 0.5764 0.5557 0.5811 0.6226 0.5857 0.5949 0.648 0.6041 0.5996 0.6526 0.6133 0.5972 0.6641 0.6319 0.6157 0.6826 0.6641 0.6388 0.6941 0.6872
0.8219 1.0 0.0463 0.3 0.31 0.32 0.33 0.34 0.35 0.36 0.37 0.38 0.39 0.4 0.41 0.42 0.43 0.44 0.45 0.46 0.47 0.48 0.49 0.7067 0.7736 0.739 0.7298 0.792 0.7574 0.739 0.7966 0.7781 0.7574 0.815 0.8058 0.7781 0.8219 0.8264 0.7897 0.8173 0.8472 0.8034 0.8173 0.5866 0.575 0.6028 0.612 0.5889 0.6028 0.6259 0.6004 0.6098 0.6491 0.6213 0.6236 0.6746 0.6421 0.6329 0.6884 0.656 0.6421 0.7 0.6791 0.5557 0.5811 0.6226 0.5857 0.5949 0.648 0.6041 0.5996 0.6526 0.6133 0.5972 0.6641 0.6319 0.6157 0.6826 0.6641 0.6388 0.6941 0.6872 0.648
0.8058 1.0 0.1843 0.31 0.32 0.33 0.34 0.35 0.36 0.37 0.38 0.39 0.4 0.41 0.42 0.43 0.44 0.45 0.46 0.47 0.48 0.49 0.5 0.7736 0.739 0.7298 0.792 0.7574 0.739 0.7966 0.7781 0.7574 0.815 0.8058 0.7781 0.8219 0.8264 0.7897 0.8173 0.8472 0.8034 0.8173 0.8726 0.575 0.6028 0.612 0.5889 0.6028 0.6259 0.6004 0.6098 0.6491 0.6213 0.6236 0.6746 0.6421 0.6329 0.6884 0.656 0.6421 0.7 0.6791 0.656 0.5811 0.6226 0.5857 0.5949 0.648 0.6041 0.5996 0.6526 0.6133 0.5972 0.6641 0.6319 0.6157 0.6826 0.6641 0.6388 0.6941 0.6872 0.648 0.6826
0.8818 1.0 0.169 0.32 0.33 0.34 0.35 0.36 0.37 0.38 0.39 0.4 0.41 0.42 0.43 0.44 0.45 0.46 0.47 0.48 0.49 0.5 0.51 0.739 0.7298 0.792 0.7574 0.739 0.7966 0.7781 0.7574 0.815 0.8058 0.7781 0.8219 0.8264 0.7897 0.8173 0.8472 0.8034 0.8173 0.8726 0.8219 0.6028 0.612 0.5889 0.6028 0.6259 0.6004 0.6098 0.6491 0.6213 0.6236 0.6746 0.6421 0.6329 0.6884 0.656 0.6421 0.7 0.6791 0.656 0.7069 0.6226 0.5857 0.5949 0.648 0.6041 0.5996 0.6526 0.6133 0.5972 0.6641 0.6319 0.6157 0.6826 0.6641 0.6388 0.6941 0.6872 0.648 0.6826 0.7033
0.8288 1.0 0.0537 0.33 0.34 0.35 0.36 0.37 0.38 0.39 0.4 0.41 0.42 0.43 0.44 0.45 0.46 0.47 0.48 0.49 0.5 0.51 0.52 0.7298 0.792 0.7574 0.739 0.7966 0.7781 0.7574 0.815 0.8058 0.7781 0.8219 0.8264 0.7897 0.8173 0.8472 0.8034 0.8173 0.8726 0.8219 0.8058 0.612 0.5889 0.6028 0.6259 0.6004 0.6098 0.6491 0.6213 0.6236 0.6746 0.6421 0.6329 0.6884 0.656 0.6421 0.7 0.6791 0.656 0.7069 0.6977 0.5857 0.5949 0.648 0.6041 0.5996 0.6526 0.6133 0.5972 0.6641 0.6319 0.6157 0.6826 0.6641 0.6388 0.6941 0.6872 0.648 0.6826 0.7033 0.6596
0.7966 1.0 0.2533 0.34 0.35 0.36 0.37 0.38 0.39 0.4 0.41 0.42 0.43 0.44 0.45 0.46 0.47 0.48 0.49 0.5 0.51 0.52 0.53 0.792 0.7574 0.739 0.7966 0.7781 0.7574 0.815 0.8058 0.7781 0.8219 0.8264 0.7897 0.8173 0.8472 0.8034 0.8173 0.8726 0.8219 0.8058 0.8818 0.5889 0.6028 0.6259 0.6004 0.6098 0.6491 0.6213 0.6236 0.6746 0.6421 0.6329 0.6884 0.656 0.6421 0.7 0.6791 0.656 0.7069 0.6977 0.663 0.5949 0.648 0.6041 0.5996 0.6526 0.6133 0.5972 0.6641 0.6319 0.6157 0.6826 0.6641 0.6388 0.6941 0.6872 0.648 0.6826 0.7033 0.6596 0.671
0.8633 1.0 0.1767 0.35 0.36 0.37 0.38 0.39 0.4 0.41 0.42 0.43 0.44 0.45 0.46 0.47 0.48 0.49 0.5 0.51 0.52 0.53 0.54 0.7574 0.739 0.7966 0.7781 0.7574 0.815 0.8058 0.7781 0.8219 0.8264 0.7897 0.8173 0.8472 0.8034 0.8173 0.8726 0.8219 0.8058 0.8818 0.8288 0.6028 0.6259 0.6004 0.6098 0.6491 0.6213 0.6236 0.6746 0.6421 0.6329 0.6884 0.656 0.6421 0.7 0.6791 0.656 0.7069 0.6977 0.663 0.693 0.648 0.6041 0.5996 0.6526 0.6133 0.5972 0.6641 0.6319 0.6157 0.6826 0.6641 0.6388 0.6941 0.6872 0.648 0.6826 0.7033 0.6596 0.671 0.7194
0.8334 1.0 0.1073 0.36 0.37 0.38 0.39 0.4 0.41 0.42 0.43 0.44 0.45 0.46 0.47 0.48 0.49 0.5 0.51 0.52 0.53 0.54 0.55 0.739 0.7966 0.7781 0.7574 0.815 0.8058 0.7781 0.8219 0.8264 0.7897 0.8173 0.8472 0.8034 0.8173 0.8726 0.8219 0.8058 0.8818 0.8288 0.7966 0.6259 0.6004 0.6098 0.6491 0.6213 0.6236 0.6746 0.6421 0.6329 0.6884 0.656 0.6421 0.7 0.6791 0.656 0.7069 0.6977 0.663 0.693 0.7116 0.6041 0.5996 0.6526 0.6133 0.5972 0.6641 0.6319 0.6157 0.6826 0.6641 0.6388 0.6941 0.6872 0.648 0.6826 0.7033 0.6596 0.671 0.7194 0.6641
0.7897 1.0 0.2223 0.37 0.38 0.39 0.4 0.41 0.42 0.43 0.44 0.45 0.46 0.47 0.48 0.49 0.5 0.51 0.52 0.53 0.54 0.55 0.56 0.7966 0.7781 0.7574 0.815 0.8058 0.7781 0.8219 0.8264 0.7897 0.8173 0.8472 0.8034 0.8173 0.8726 0.8219 0.8058 0.8818 0.8288 0.7966 0.8633 0.6004 0.6098 0.6491 0.6213 0.6236 0.6746 0.6421 0.6329 0.6884 0.656 0.6421 0.7 0.6791 0.656 0.7069 0.6977 0.663 0.693 0.7116 0.6652 0.5996 0.6526 0.6133 0.5972 0.6641 0.6319 0.6157 0.6826 0.6641 0.6388 0.6941 0.6872 0.648 0.6826 0.7033 0.6596 0.671 0.7194 0.6641 0.648
0.8357 1.0 0.0997 0.38 0.39 0.4 0.41 0.42 0.43 0.44 0.45 0.46 0.47 0.48 0.49 0.5 0.51 0.52 0.53 0.54 0.55 0.56 0.57 0.7781 0.7574 0.815 0.8058 0.7781 0.8219 0.8264 0.7897 0.8173 0.8472 0.8034 0.8173 0.8726 0.8219 0.8058 0.8818 0.8288 0.7966 0.8633 0.8334 0.6098 0.6491 0.6213 0.6236 0.6746 0.6421 0.6329 0.6884 0.656 0.6421 0.7 0.6791 0.656 0.7069 0.6977 0.663 0.693 0.7116 0.6652 0.6722 0.6526 0.6133 0.5972 0.6641 0.6319 0.6157 0.6826 0.6641 0.6388 0.6941 0.6872 0.648 0.6826 0.7033 0.6596 0.671 0.7194 0.6641 0.648 0.7126
0.8357 1.0 0.1457 0.39 0.4 0.41 0.42 0.43 0.44 0.45 0.46 0.47 0.48 0.49 0.5 0.51 0.52 0.53 0.54 0.55 0.56 0.57 0.58 0.7574 0.815 0.8058 0.7781 0.8219 0.8264 0.7897 0.8173 0.8472 0.8034 0.8173 0.8726 0.8219 0.8058 0.8818 0.8288 0.7966 0.8633 0.8334 0.7897 0.6491 0.6213 0.6236 0.6746 0.6421 0.6329 0.6884 0.656 0.6421 0.7 0.6791 0.656 0.7069 0.6977 0.663 0.693 0.7116 0.6652 0.6722 0.7162 0.6133 0.5972 0.6641 0.6319 0.6157 0.6826 0.6641 0.6388 0.6941 0.6872 0.648 0.6826 0.7033 0.6596 0.671 0.7194 0.6641 0.648 0.7126 0.6641
0.7897 1.0 0.1533 0.4 0.41 0.42 0.43 0.44 0.45 0.46 0.47 0.48 0.49 0.5 0.51 0.52 0.53 0.54 0.55 0.56 0.57 0.58 0.59 0.815 0.8058 0.7781 0.8219 0.8264 0.7897 0.8173 0.8472 0.8034 0.8173 0.8726 0.8219 0.8058 0.8818 0.8288 0.7966 0.8633 0.8334 0.7897 0.8357 0.6213 0.6236 0.6746 0.6421 0.6329 0.6884 0.656 0.6421 0.7 0.6791 0.656 0.7069 0.6977 0.663 0.693 0.7116 0.6652 0.6722 0.7162 0.6652 0.5972 0.6641 0.6319 0.6157 0.6826 0.6641 0.6388 0.6941 0.6872 0.648 0.6826 0.7033 0.6596 0.671 0.7194 0.6641 0.648 0.7126 0.6641 0.6272
0.8058 1.0 0.0 0.41 0.42 0.43 0.44 0.45 0.46 0.47 0.48 0.49 0.5 0.51 0.52 0.53 0.54 0.55 0.56 0.57 0.58 0.59 0.6 0.8058 0.7781 0.8219 0.8264 0.7897 0.8173 0.8472 0.8034 0.8173 0.8726 0.8219 0.8058 0.8818 0.8288 0.7966 0.8633 0.8334 0.7897 0.8357 0.8357 0.6236 0.6746 0.6421 0.6329 0.6884 0.656 0.6421 0.7 0.6791 0.656 0.7069 0.6977 0.663 0.693 0.7116 0.6652 0.6722 0.7162 0.6652 0.6444 0.6641 0.6319 0.6157 0.6826 0.6641 0.6388 0.6941 0.6872 0.648 0.6826 0.7033 0.6596 0.671 0.7194 0.6641 0.648 0.7126 0.6641 0.6272 0.6918
0.8242 1.0 0.1533 0.42 0.43 0.44 0.45 0.46 0.47 0.48 0.49 0.5 0.51 0.52 0.53 0.54 0.55 0.56 0.57 0.58 0.59 0.6 0.61 0.7781 0.8219 0.8264 0.7897 0.8173 0.8472 0.8034 0.8173 0.8726 0.8219 0.8058 0.8818 0.8288 0.7966 0.8633 0.8334 0.7897 0.8357 0.8357 0.7897 0.6746 0.6421 0.6329 0.6884 0.656 0.6421 0.7 0.6791 0.656 0.7069 0.6977 0.663 0.693 0.7116 0.6652 0.6722 0.7162 0.6652 0.6444 0.7069 0.6319 0.6157 0.6826 0.6641 0.6388 0.6941 0.6872 0.648 0.6826 0.7033 0.6596 0.671 0.7194 0.6641 0.648 0.7126 0.6641 0.6272 0.6918 0.6596
0.785 1.0 0.0537 0.43 0.44 0.45 0.46 0.47 0.48 0.49 0.5 0.51 0.52 0.53 0.54 0.55 0.56 0.57 0.58 0.59 0.6 0.61 0.62 0.8219 0.8264 0.7897 0.8173 0.8472 0.8034 0.8173 0.8726 0.8219 0.8058 0.8818 0.8288 0.7966 0.8633 0.8334 0.7897 0.8357 0.8357 0.7897 0.8058 0.6421 0.6329 0.6884 0.656 0.6421 0.7 0.6791 0.656 0.7069 0.6977 0.663 0.693 0.7116 0.6652 0.6722 0.7162 0.6652 0.6444 0.7069 0.6699 0.6157 0.6826 0.6641 0.6388 0.6941 0.6872 0.648 0.6826 0.7033 0.6596 0.671 0.7194 0.6641 0.648 0.7126 0.6641 0.6272 0.6918 0.6596 0.6249
0.7574 1.0 0.0613 0.44 0.45 0.46 0.47 0.48 0.49 0.5 0.51 0.52 0.53 0.54 0.55 0.56 0.57 0.58 0.59 0.6 0.61 0.62 0.63 0.8264 0.7897 0.8173 0.8472 0.8034 0.8173 0.8726 0.8219 0.8058 0.8818 0.8288 0.7966 0.8633 0.8334 0.7897 0.8357 0.8357 0.7897 0.8058 0.8242 0.6329 0.6884 0.656 0.6421 0.7 0.6791 0.656 0.7069 0.6977 0.663 0.693 0.7116 0.6652 0.6722 0.7162 0.6652 0.6444 0.7069 0.6699 0.6374 0.6826 0.6641 0.6388 0.6941 0.6872 0.648 0.6826 0.7033 0.6596 0.671 0.7194 0.6641 0.648 0.7126 0.6641 0.6272 0.6918 0.6596 0.6249 0.6503
0.8103 1.0 0.1307 0.45 0.46 0.47 0.48 0.49 0.5 0.51 0.52 0.53 0.54 0.55 0.56 0.57 0.58 0.59 0.6 0.61 0.62 0.63 0.64 0.7897 0.8173 0.8472 0.8034 0.8173 0.8726 0.8219 0.8058 0.8818 0.8288 0.7966 0.8633 0.8334 0.7897 0.8357 0.8357 0.7897 0.8058 0.8242 0.785 0.6884 0.656 0.6421 0.7 0.6791 0.656 0.7069 0.6977 0.663 0.693 0.7116 0.6652 0.6722 0.7162 0.6652 0.6444 0.7069 0.6699 0.6374 0.6769 0.6641 0.6388 0.6941 0.6872 0.648 0.6826 0.7033 0.6596 0.671 0.7194 0.6641 0.648 0.7126 0.6641 0.6272 0.6918 0.6596 0.6249 0.6503 0.6572
0.7758 1.0 0.092 0.46 0.47 0.48 0.49 0.5 0.51 0.52 0.53 0.54 0.55 0.56 0.57 0.58 0.59 0.6 0.61 0.62 0.63 0.64 0.65 0.8173 0.8472 0.8034 0.8173 0.8726 0.8219 0.8058 0.8818 0.8288 0.7966 0.8633 0.8334 0.7897 0.8357 0.8357 0.7897 0.8058 0.8242 0.785 0.7574 0.656 0.6421 0.7 0.6791 0.656 0.7069 0.6977 0.663 0.693 0.7116 0.6652 0.6722 0.7162 0.6652 0.6444 0.7069 0.6699 0.6374 0.6769 0.6722 0.6388 0.6941 0.6872 0.648 0.6826 0.7033 0.6596 0.671 0.7194 0.6641 0.648 0.7126 0.6641 0.6272 0.6918 0.6596 0.6249 0.6503 0.6572 0.6226
0.7482 1.0 0.1763 0.47 0.48 0.49 0.5 0.51 0.52 0.53 0.54 0.55 0.56 0.57 0.58 0.59 0.6 0.61 0.62 0.63 0.64 0.65 0.66 0.8472 0.8034 0.8173 0.8726 0.8219 0.8058 0.8818 0.8288 0.7966 0.8633 0.8334 0.7897 0.8357 0.8357 0.7897 0.8058 0.8242 0.785 0.7574 0.8103 0.6421 0.7 0.6791 0.656 0.7069 0.6977 0.663 0.693 0.7116 0.6652 0.6722 0.7162 0.6652 0.6444 0.7069 0.6699 0.6374 0.6769 0.6722 0.6398 0.6941 0.6872 0.648 0.6826 0.7033 0.6596 0.671 0.7194 0.6641 0.648 0.7126 0.6641 0.6272 0.6918 0.6596 0.6249 0.6503 0.6572 0.6226 0.6111
0.7229 1.0 0.115 0.48 0.49 0.5 0.51 0.52 0.53 0.54 0.55 0.56 0.57 0.58 0.59 0.6 0.61 0.62 0.63 0.64 0.65 0.66 0.67 0.8034 0.8173 0.8726 0.8219 0.8058 0.8818 0.8288 0.7966 0.8633 0.8334 0.7897 0.8357 0.8357 0.7897 0.8058 0.8242 0.785 0.7574 0.8103 0.7758 0.7 0.6791 0.656 0.7069 0.6977 0.663 0.693 0.7116 0.6652 0.6722 0.7162 0.6652 0.6444 0.7069 0.6699 0.6374 0.6769 0.6722 0.6398 0.6583 0.6872 0.648 0.6826 0.7033 0.6596 0.671 0.7194 0.6641 0.648 0.7126 0.6641 0.6272 0.6918 0.6596 0.6249 0.6503 0.6572 0.6226 0.6111 0.6433
0.7067 1.0 0.092 0.49 0.5 0.51 0.52 0.53 0.54 0.55 0.56 0.57 0.58 0.59 0.6 0.61 0.62 0.63 0.64 0.65 0.66 0.67 0.68 0.8173 0.8726 0.8219 0.8058 0.8818 0.8288 0.7966 0.8633 0.8334 0.7897 0.8357 0.8357 0.7897 0.8058 0.8242 0.785 0.7574 0.8103 0.7758 0.7482 0.6791 0.656 0.7069 0.6977 0.663 0.693 0.7116 0.6652 0.6722 0.7162 0.6652 0.6444 0.7069 0.6699 0.6374 0.6769 0.6722 0.6398 0.6583 0.6652 0.648 0.6826 0.7033 0.6596 0.671 0.7194 0.6641 0.648 0.7126 0.6641 0.6272 0.6918 0.6596 0.6249 0.6503 0.6572 0.6226 0.6111 0.6433 0.618
0.6929 1.0 0.0843 0.5 0.51 0.52 0.53 0.54 0.55 0.56 0.57 0.58 0.59 0.6 0.61 0.62 0.63 0.64 0.65 0.66 0.67 0.68 0.69 0.8726 0.8219 0.8058 0.8818 0.8288 0.7966 0.8633 0.8334 0.7897 0.8357 0.8357 0.7897 0.8058 0.8242 0.785 0.7574 0.8103 0.7758 0.7482 0.7229 0.656 0.7069 0.6977 0.663 0.693 0.7116 0.6652 0.6722 0.7162 0.6652 0.6444 0.7069 0.6699 0.6374 0.6769 0.6722 0.6398 0.6583 0.6652 0.6374 0.6826 0.7033 0.6596 0.671 0.7194 0.6641 0.648 0.7126 0.6641 0.6272 0.6918 0.6596 0.6249 0.6503 0.6572 0.6226 0.6111 0.6433 0.618 0.5949
0.6699 1.0 0.054 0.51 0.52 0.53 0.54 0.55 0.56 0.57 0.58 0.59 0.6 0.61 0.62 0.63 0.64 0.65 0.66 0.67 0.68 0.69 0.7 0.8219 0.8058 0.8818 0.8288 0.7966 0.8633 0.8334 0.7897 0.8357 0.8357 0.7897 0.8058 0.8242 0.785 0.7574 0.8103 0.7758 0.7482 0.7229 0.7067 0.7069 0.6977 0.663 0.693 0.7116 0.6652 0.6722 0.7162 0.6652 0.6444 0.7069 0.6699 0.6374 0.6769 0.6722 0.6398 0.6583 0.6652 0.6374 0.6098 0.7033 0.6596 0.671 0.7194 0.6641 0.648 0.7126 0.6641 0.6272 0.6918 0.6596 0.6249 0.6503 0.6572 0.6226 0.6111 0.6433 0.618 0.5949 0.5742
0.6538 1.0 0.046 0.52 0.53 0.54 0.55 0.56 0.57 0.58 0.59 0.6 0.61 0.62 0.63 0.64 0.65 0.66 0.67 0.68 0.69 0.7 0.71 0.8058 0.8818 0.8288 0.7966 0.8633 0.8334 0.7897 0.8357 0.8357 0.7897 0.8058 0.8242 0.785 0.7574 0.8103 0.7758 0.7482 0.7229 0.7067 0.6929 0.6977 0.663 0.693 0.7116 0.6652 0.6722 0.7162 0.6652 0.6444 0.7069 0.6699 0.6374 0.6769 0.6722 0.6398 0.6583 0.6652 0.6374 0.6098 0.5842 0.6596 0.671 0.7194 0.6641 0.648 0.7126 0.6641 0.6272 0.6918 0.6596 0.6249 0.6503 0.6572 0.6226 0.6111 0.6433 0.618 0.5949 0.5742 0.5627
0.6491 1.0 0.0767 0.53 0.54 0.55 0.56 0.57 0.58 0.59 0.6 0.61 0.62 0.63 0.64 0.65 0.66 0.67 0.68 0.69 0.7 0.71 0.72 0.8818 0.8288 0.7966 0.8633 0.8334 0.7897 0.8357 0.8357 0.7897 0.8058 0.8242 0.785 0.7574 0.8103 0.7758 0.7482 0.7229 0.7067 0.6929 0.6699 0.663 0.693 0.7116 0.6652 0.6722 0.7162 0.6652 0.6444 0.7069 0.6699 0.6374 0.6769 0.6722 0.6398 0.6583 0.6652 0.6374 0.6098 0.5842 0.5703 0.671 0.7194 0.6641 0.648 0.7126 0.6641 0.6272 0.6918 0.6596 0.6249 0.6503 0.6572 0.6226 0.6111 0.6433 0.618 0.5949 0.5742 0.5627 0.5511
0.6284 1.0 0.0537 0.54 0.55 0.56 0.57 0.58 0.59 0.6 0.61 0.62 0.63 0.64 0.65 0.66 0.67 0.68 0.69 0.7 0.71 0.72 0.73 0.8288 0.7966 0.8633 0.8334 0.7897 0.8357 0.8357 0.7897 0.8058 0.8242 0.785 0.7574 0.8103 0.7758 0.7482 0.7229 0.7067 0.6929 0.6699 0.6538 0.693 0.7116 0.6652 0.6722 0.7162 0.6652 0.6444 0.7069 0.6699 0.6374 0.6769 0.6722 0.6398 0.6583 0.6652 0.6374 0.6098 0.5842 0.5703 0.5496 0.7194 0.6641 0.648 0.7126 0.6641 0.6272 0.6918 0.6596 0.6249 0.6503 0.6572 0.6226 0.6111 0.6433 0.618 0.5949 0.5742 0.5627 0.5511 0.528
0.61 1.0 0.0157 0.55 0.56 0.57 0.58 0.59 0.6 0.61 0.62 0.63 0.64 0.65 0.66 0.67 0.68 0.69 0.7 0.71 0.72 0.73 0.74 0.7966 0.8633 0.8334 0.7897 0.8357 0.8357 0.7897 0.8058 0.8242 0.785 0.7574 0.8103 0.7758 0.7482 0.7229 0.7067 0.6929 0.6699 0.6538 0.6491 0.7116 0.6652 0.6722 0.7162 0.6652 0.6444 0.7069 0.6699 0.6374 0.6769 0.6722 0.6398 0.6583 0.6652 0.6374 0.6098 0.5842 0.5703 0.5496 0.5241 0.6641 0.648 0.7126 0.6641 0.6272 0.6918 0.6596 0.6249 0.6503 0.6572 0.6226 0.6111 0.6433 0.618 0.5949 0.5742 0.5627 0.5511 0.528 0.5166
0.6077 1.0 0.069 0.56 0.57 0.58 0.59 0.6 0.61 0.62 0.63 0.64 0.65 0.66 0.67 0.68 0.69 0.7 0.71 0.72 0.73 0.74 0.75 0.8633 0.8334 0.7897 0.8357 0.8357 0.7897 0.8058 0.8242 0.785 0.7574 0.8103 0.7758 0.7482 0.7229 0.7067 0.6929 0.6699 0.6538 0.6491 0.6284 0.6652 0.6722 0.7162 0.6652 0.6444 0.7069 0.6699 0.6374 0.6769 0.6722 0.6398 0.6583 0.6652 0.6374 0.6098 0.5842 0.5703 0.5496 0.5241 0.5171 0.648 0.7126 0.6641 0.6272 0.6918 0.6596 0.6249 0.6503 0.6572 0.6226 0.6111 0.6433 0.618 0.5949 0.5742 0.5627 0.5511 0.528 0.5166 0.5072
0.5892 1.0 0.0613 0.57 0.58 0.59 0.6 0.61 0.62 0.63 0.64 0.65 0.66 0.67 0.68 0.69 0.7 0.71 0.72 0.73 0.74 0.75 0.76 0.8334 0.7897 0.8357 0.8357 0.7897 0.8058 0.8242 0.785 0.7574 0.8103 0.7758 0.7482 0.7229 0.7067 0.6929 0.6699 0.6538 0.6491 0.6284 0.61 0.6722 0.7162 0.6652 0.6444 0.7069 0.6699 0.6374 0.6769 0.6722 0.6398 0.6583 0.6652 0.6374 0.6098 0.5842 0.5703 0.5496 0.5241 0.5171 0.5032 0.7126 0.6641 0.6272 0.6918 0.6596 0.6249 0.6503 0.6572 0.6226 0.6111 0.6433 0.618 0.5949 0.5742 0.5627 0.5511 0.528 0.5166 0.5072 0.4842
0.5686 1.0 0.0077 0.58 0.59 0.6 0.61 0.62 0.63 0.64 0.65 0.66 0.67 0.68 0.69 0.7 0.71 0.72 0.73 0.74 0.75 0.76 0.77 0.7897 0.8357 0.8357 0.7897 0.8058 0.8242 0.785 0.7574 0.8103 0.7758 0.7482 0.7229 0.7067 0.6929 0.6699 0.6538 0.6491 0.6284 0.61 0.6077 0.7162 0.6652 0.6444 0.7069 0.6699 0.6374 0.6769 0.6722 0.6398 0.6583 0.6652 0.6374 0.6098 0.5842 0.5703 0.5496 0.5241 0.5171 0.5032 0.4778 0.6641 0.6272 0.6918 0.6596 0.6249 0.6503 0.6572 0.6226 0.6111 0.6433 0.618 0.5949 0.5742 0.5627 0.5511 0.528 0.5166 0.5072 0.4842 0.4703
0.5662 1.0 0.0617 0.59 0.6 0.61 0.62 0.63 0.64 0.65 0.66 0.67 0.68 0.69 0.7 0.71 0.72 0.73 0.74 0.75 0.76 0.77 0.78 0.8357 0.8357 0.7897 0.8058 0.8242 0.785 0.7574 0.8103 0.7758 0.7482 0.7229 0.7067 0.6929 0.6699 0.6538 0.6491 0.6284 0.61 0.6077 0.5892 0.6652 0.6444 0.7069 0.6699 0.6374 0.6769 0.6722 0.6398 0.6583 0.6652 0.6374 0.6098 0.5842 0.5703 0.5496 0.5241 0.5171 0.5032 0.4778 0.4662 0.6272 0.6918 0.6596 0.6249 0.6503 0.6572 0.6226 0.6111 0.6433 0.618 0.5949 0.5742 0.5627 0.5511 0.528 0.5166 0.5072 0.4842 0.4703 0.4681
0.5547 1.0 0.0687 0.6 0.61 0.62 0.63 0.64 0.65 0.66 0.67 0.68 0.69 0.7 0.71 0.72 0.73 0.74 0.75 0.76 0.77 0.78 0.79 0.8357 0.7897 0.8058 0.8242 0.785 0.7574 0.8103 0.7758 0.7482 0.7229 0.7067 0.6929 0.6699 0.6538 0.6491 0.6284 0.61 0.6077 0.5892 0.5686 0.6444 0.7069 0.6699 0.6374 0.6769 0.6722 0.6398 0.6583 0.6652 0.6374 0.6098 0.5842 0.5703 0.5496 0.5241 0.5171 0.5032 0.4778 0.4662 0.457 0.6918 0.6596 0.6249 0.6503 0.6572 0.6226 0.6111 0.6433 0.618 0.5949 0.5742 0.5627 0.5511 0.528 0.5166 0.5072 0.4842 0.4703 0.4681 0.445
0.534 1.0 0.008 0.61 0.62 0.63 0.64 0.65 0.66 0.67 0.68 0.69 0.7 0.71 0.72 0.73 0.74 0.75 0.76 0.77 0.78 0.79 0.8 0.7897 0.8058 0.8242 0.785 0.7574 0.8103 0.7758 0.7482 0.7229 0.7067 0.6929 0.6699 0.6538 0.6491 0.6284 0.61 0.6077 0.5892 0.5686 0.5662 0.7069 0.6699 0.6374 0.6769 0.6722 0.6398 0.6583 0.6652 0.6374 0.6098 0.5842 0.5703 0.5496 0.5241 0.5171 0.5032 0.4778 0.4662 0.457 0.4361 0.6596 0.6249 0.6503 0.6572 0.6226 0.6111 0.6433 0.618 0.5949 0.5742 0.5627 0.5511 0.528 0.5166 0.5072 0.4842 0.4703 0.4681 0.445 0.4311
0.534 1.0 0.0383 0.62 0.63 0.64 0.65 0.66 0.67 0.68 0.69 0.7 0.71 0.72 0.73 0.74 0.75 0.76 0.77 0.78 0.79 0.8 0.81 0.8058 0.8242 0.785 0.7574 0.8103 0.7758 0.7482 0.7229 0.7067 0.6929 0.6699 0.6538 0.6491 0.6284 0.61 0.6077 0.5892 0.5686 0.5662 0.5547 0.6699 0.6374 0.6769 0.6722 0.6398 0.6583 0.6652 0.6374 0.6098 0.5842 0.5703 0.5496 0.5241 0.5171 0.5032 0.4778 0.4662 0.457 0.4361 0.4246 0.6249 0.6503 0.6572 0.6226 0.6111 0.6433 0.618 0.5949 0.5742 0.5627 0.5511 0.528 0.5166 0.5072 0.4842 0.4703 0.4681 0.445 0.4311 0.4289
0.5271 1.0 0.069 0.63 0.64 0.65 0.66 0.67 0.68 0.69 0.7 0.71 0.72 0.73 0.74 0.75 0.76 0.77 0.78 0.79 0.8 0.81 0.82 0.8242 0.785 0.7574 0.8103 0.7758 0.7482 0.7229 0.7067 0.6929 0.6699 0.6538 0.6491 0.6284 0.61 0.6077 0.5892 0.5686 0.5662 0.5547 0.534 0.6374 0.6769 0.6722 0.6398 0.6583 0.6652 0.6374 0.6098 0.5842 0.5703 0.5496 0.5241 0.5171 0.5032 0.4778 0.4662 0.457 0.4361 0.4246 0.4199 0.6503 0.6572 0.6226 0.6111 0.6433 0.618 0.5949 0.5742 0.5627 0.5511 0.528 0.5166 0.5072 0.4842 0.4703 0.4681 0.445 0.4311 0.4289 0.4127
0.5087 1.0 0.0 0.64 0.65 0.66 0.67 0.68 0.69 0.7 0.71 0.72 0.73 0.74 0.75 0.76 0.77 0.78 0.79 0.8 0.81 0.82 0.83 0.785 0.7574 0.8103 0.7758 0.7482 0.7229 0.7067 0.6929 0.6699 0.6538 0.6491 0.6284 0.61 0.6077 0.5892 0.5686 0.5662 0.5547 0.534 0.534 0.6769 0.6722 0.6398 0.6583 0.6652 0.6374 0.6098 0.5842 0.5703 0.5496 0.5241 0.5171 0.5032 0.4778 0.4662 0.457 0.4361 0.4246 0.4199 0.4014 0.6572 0.6226 0.6111 0.6433 0.618 0.5949 0.5742 0.5627 0.5511 0.528 0.5166 0.5072 0.4842 0.4703 0.4681 0.445 0.4311 0.4289 0.4127 0.3966
0.5018 1.0 0.023 0.65 0.66 0.67 0.68 0.69 0.7 0.71 0.72 0.73 0.74 0.75 0.76 0.77 0.78 0.79 0.8 0.81 0.82 0.83 0.84 0.7574 0.8103 0.7758 0.7482 0.7229 0.7067 0.6929 0.6699 0.6538 0.6491 0.6284 0.61 0.6077 0.5892 0.5686 0.5662 0.5547 0.534 0.534 0.5271 0.6722 0.6398 0.6583 0.6652 0.6374 0.6098 0.5842 0.5703 0.5496 0.5241 0.5171 0.5032 0.4778 0.4662 0.457 0.4361 0.4246 0.4199 0.4014 0.3899 0.6226 0.6111 0.6433 0.618 0.5949 0.5742 0.5627 0.5511 0.528 0.5166 0.5072 0.4842 0.4703 0.4681 0.445 0.4311 0.4289 0.4127 0.3966 0.3989
0.5018 1.0 0.0613 0.66 0.67 0.68 0.69 0.7 0.71 0.72 0.73 0.74 0.75 0.76 0.77 0.78 0.79 0.8 0.81 0.82 0.83 0.84 0.85 0.8103 0.7758 0.7482 0.7229 0.7067 0.6929 0.6699 0.6538 0.6491 0.6284 0.61 0.6077 0.5892 0.5686 0.5662 0.5547 0.534 0.534 0.5271 0.5087 0.6398 0.6583 0.6652 0.6374 0.6098 0.5842 0.5703 0.5496 0.5241 0.5171 0.5032 0.4778 0.4662 0.457 0.4361 0.4246 0.4199 0.4014 0.3899 0.3876 0.6111 0.6433 0.618 0.5949 0.5742 0.5627 0.5511 0.528 0.5166 0.5072 0.4842 0.4703 0.4681 0.445 0.4311 0.4289 0.4127 0.3966 0.3989 0.3897
0.4833 1.0 0.023 0.67 0.68 0.69 0.7 0.71 0.72 0.73 0.74 0.75 0.76 0.77 0.78 0.79 0.8 0.81 0.82 0.83 0.84 0.85 0.86 0.7758 0.7482 0.7229 0.7067 0.6929 0.6699 0.6538 0.6491 0.6284 0.61 0.6077 0.5892 0.5686 0.5662 0.5547 0.534 0.534 0.5271 0.5087 0.5018 0.6583 0.6652 0.6374 0.6098 0.5842 0.5703 0.5496 0.5241 0.5171 0.5032 0.4778 0.4662 0.457 0.4361 0.4246 0.4199 0.4014 0.3899 0.3876 0.3737 0.6433 0.618 0.5949 0.5742 0.5627 0.5511 0.528 0.5166 0.5072 0.4842 0.4703 0.4681 0.445 0.4311 0.4289 0.4127 0.3966 0.3989 0.3897 0.3712
0.4741 1.0 0.0 0.68 0.69 0.7 0.71 0.72 0.73 0.74 0.75 0.76 0.77 0.78 0.79 0.8 0.81 0.82 0.83 0.84 0.85 0.86 0.87 0.7482 0.7229 0.7067 0.6929 0.6699 0.6538 0.6491 0.6284 0.61 0.6077 0.5892 0.5686 0.5662 0.5547 0.534 0.534 0.5271 0.5087 0.5018 0.5018 0.6652 0.6374 0.6098 0.5842 0.5703 0.5496 0.5241 0.5171 0.5032 0.4778 0.4662 0.457 0.4361 0.4246 0.4199 0.4014 0.3899 0.3876 0.3737 0.3598 0.618 0.5949 0.5742 0.5627 0.5511 0.528 0.5166 0.5072 0.4842 0.4703 0.4681 0.445 0.4311 0.4289 0.4127 0.3966 0.3989 0.3897 0.3712 0.3689
0.4718 1.0 0.0617 0.69 0.7 0.71 0.72 0.73 0.74 0.75 0.76 0.77 0.78 0.79 0.8 0.81 0.82 0.83 0.84 0.85 0.86 0.87 0.88 0.7229 0.7067 0.6929 0.6699 0.6538 0.6491 0.6284 0.61 0.6077 0.5892 0.5686 0.5662 0.5547 0.534 0.534 0.5271 0.5087 0.5018 0.5018 0.4833 0.6374 0.6098 0.5842 0.5703 0.5496 0.5241 0.5171 0.5032 0.4778 0.4662 0.457 0.4361 0.4246 0.4199 0.4014 0.3899 0.3876 0.3737 0.3598 0.3574 0.5949 0.5742 0.5627 0.5511 0.528 0.5166 0.5072 0.4842 0.4703 0.4681 0.445 0.4311 0.4289 0.4127 0.3966 0.3989 0.3897 0.3712 0.3689 0.3597
0.458 1.0 0.0307 0.7 0.71 0.72 0.73 0.74 0.75 0.76 0.77 0.78 0.79 0.8 0.81 0.82 0.83 0.84 0.85 0.86 0.87 0.88 0.89 0.7067 0.6929 0.6699 0.6538 0.6491 0.6284 0.61 0.6077 0.5892 0.5686 0.5662 0.5547 0.534 0.534 0.5271 0.5087 0.5018 0.5018 0.4833 0.4741 0.6098 0.5842 0.5703 0.5496 0.5241 0.5171 0.5032 0.4778 0.4662 0.457 0.4361 0.4246 0.4199 0.4014 0.3899 0.3876 0.3737 0.3598 0.3574 0.3459 0.5742 0.5627 0.5511 0.528 0.5166 0.5072 0.4842 0.4703 0.4681 0.445 0.4311 0.4289 0.4127 0.3966 0.3989 0.3897 0.3712 0.3689 0.3597 0.3436
0.4464 1.0 0.0077 0.71 0.72 0.73 0.74 0.75 0.76 0.77 0.78 0.79 0.8 0.81 0.82 0.83 0.84 0.85 0.86 0.87 0.88 0.89 0.9 0.6929 0.6699 0.6538 0.6491 0.6284 0.61 0.6077 0.5892 0.5686 0.5662 0.5547 0.534 0.534 0.5271 0.5087 0.5018 0.5018 0.4833 0.4741 0.4718 0.5842 0.5703 0.5496 0.5241 0.5171 0.5032 0.4778 0.4662 0.457 0.4361 0.4246 0.4199 0.4014 0.3899 0.3876 0.3737 0.3598 0.3574 0.3459 0.332 0.5627 0.5511 0.528 0.5166 0.5072 0.4842 0.4703 0.4681 0.445 0.4311 0.4289 0.4127 0.3966 0.3989 0.3897 0.3712 0.3689 0.3597 0.3436 0.3366
0.4419 1.0 0.046 0.72 0.73 0.74 0.75 0.76 0.77 0.78 0.79 0.8 0.81 0.82 0.83 0.84 0.85 0.86 0.87 0.88 0.89 0.9 0.91 0.6699 0.6538 0.6491 0.6284 0.61 0.6077 0.5892 0.5686 0.5662 0.5547 0.534 0.534 0.5271 0.5087 0.5018 0.5018 0.4833 0.4741 0.4718 0.458 0.5703 0.5496 0.5241 0.5171 0.5032 0.4778 0.4662 0.457 0.4361 0.4246 0.4199 0.4014 0.3899 0.3876 0.3737 0.3598 0.3574 0.3459 0.332 0.325 0.5511 0.528 0.5166 0.5072 0.4842 0.4703 0.4681 0.445 0.4311 0.4289 0.4127 0.3966 0.3989 0.3897 0.3712 0.3689 0.3597 0.3436 0.3366 0.332
0.4327 1.0 0.0387 0.73 0.74 0.75 0.76 0.77 0.78 0.79 0.8 0.81 0.82 0.83 0.84 0.85 0.86 0.87 0.88 0.89 0.9 0.91 0.92 0.6538 0.6491 0.6284 0.61 0.6077 0.5892 0.5686 0.5662 0.5547 0.534 0.534 0.5271 0.5087 0.5018 0.5018 0.4833 0.4741 0.4718 0.458 0.4464 0.5496 0.5241 0.5171 0.5032 0.4778 0.4662 0.457 0.4361 0.4246 0.4199 0.4014 0.3899 0.3876 0.3737 0.3598 0.3574 0.3459 0.332 0.325 0.3181 0.528 0.5166 0.5072 0.4842 0.4703 0.4681 0.445 0.4311 0.4289 0.4127 0.3966 0.3989 0.3897 0.3712 0.3689 0.3597 0.3436 0.3366 0.332 0.3204
0.4234 1.0 0.015 0.74 0.75 0.76 0.77 0.78 0.79 0.8 0.81 0.82 0.83 0.84 0.85 0.86 0.87 0.88 0.89 0.9 0.91 0.92 0.93 0.6491 0.6284 0.61 0.6077 0.5892 0.5686 0.5662 0.5547 0.534 0.534 0.5271 0.5087 0.5018 0.5018 0.4833 0.4741 0.4718 0.458 0.4464 0.4419 0.5241 0.5171 0.5032 0.4778 0.4662 0.457 0.4361 0.4246 0.4199 0.4014 0.3899 0.3876 0.3737 0.3598 0.3574 0.3459 0.332 0.325 0.3181 0.3066 0.5166 0.5072 0.4842 0.4703 0.4681 0.445 0.4311 0.4289 0.4127 0.3966 0.3989 0.3897 0.3712 0.3689 0.3597 0.3436 0.3366 0.332 0.3204 0.3112
0.4142 1.0 0.0307 0.75 0.76 0.77 0.78 0.79 0.8 0.81 0.82 0.83 0.84 0.85 0.86 0.87 0.88 0.89 0.9 0.91 0.92 0.93 0.94 0.6284 0.61 0.6077 0.5892 0.5686 0.5662 0.5547 0.534 0.534 0.5271 0.5087 0.5018 0.5018 0.4833 0.4741 0.4718 0.458 0.4464 0.4419 0.4327 0.5171 0.5032 0.4778 0.4662 0.457 0.4361 0.4246 0.4199 0.4014 0.3899 0.3876 0.3737 0.3598 0.3574 0.3459 0.332 0.325 0.3181 0.3066 0.2996 0.5072 0.4842 0.4703 0.4681 0.445 0.4311 0.4289 0.4127 0.3966 0.3989 0.3897 0.3712 0.3689 0.3597 0.3436 0.3366 0.332 0.3204 0.3112 0.3043
0.4096 1.0 0.031 0.76 0.77 0.78 0.79 0.8 0.81 0.82 0.83 0.84 0.85 0.86 0.87 0.88 0.89 0.9 0.91 0.92 0.93 0.94 0.95 0.61 0.6077 0.5892 0.5686 0.5662 0.5547 0.534 0.534 0.5271 0.5087 0.5018 0.5018 0.4833 0.4741 0.4718 0.458 0.4464 0.4419 0.4327 0.4234 0.5032 0.4778 0.4662 0.457 0.4361 0.4246 0.4199 0.4014 0.3899 0.3876 0.3737 0.3598 0.3574 0.3459 0.332 0.325 0.3181 0.3066 0.2996 0.2903 0.4842 0.4703 0.4681 0.445 0.4311 0.4289 0.4127 0.3966 0.3989 0.3897 0.3712 0.3689 0.3597 0.3436 0.3366 0.332 0.3204 0.3112 0.3043 0.2951
0.3981 1.0 0.0307 0.77 0.78 0.79 0.8 0.81 0.82 0.83 0.84 0.85 0.86 0.87 0.88 0.89 0.9 0.91 0.92 0.93 0.94 0.95 0.96 0.6077 0.5892 0.5686 0.5662 0.5547 0.534 0.534 0.5271 0.5087 0.5018 0.5018 0.4833 0.4741 0.4718 0.458 0.4464 0.4419 0.4327 0.4234 0.4142 0.4778 0.4662 0.457 0.4361 0.4246 0.4199 0.4014 0.3899 0.3876 0.3737 0.3598 0.3574 0.3459 0.332 0.325 0.3181 0.3066 0.2996 0.2903 0.2811 0.4703 0.4681 0.445 0.4311 0.4289 0.4127 0.3966 0.3989 0.3897 0.3712 0.3689 0.3597 0.3436 0.3366 0.332 0.3204 0.3112 0.3043 0.2951 0.2836
0.4166 1.0 0.0153 0.78 0.79 0.8 0.81 0.82 0.83 0.84 0.85 0.86 0.87 0.88 0.89 0.9 0.91 0.92 0.93 0.94 0.95 0.96 0.97 0.5892 0.5686 0.5662 0.5547 0.534 0.534 0.5271 0.5087 0.5018 0.5018 0.4833 0.4741 0.4718 0.458 0.4464 0.4419 0.4327 0.4234 0.4142 0.4096 0.4662 0.457 0.4361 0.4246 0.4199 0.4014 0.3899 0.3876 0.3737 0.3598 0.3574 0.3459 0.332 0.325 0.3181 0.3066 0.2996 0.2903 0.2811 0.2718 0.4681 0.445 0.4311 0.4289 0.4127 0.3966 0.3989 0.3897 0.3712 0.3689 0.3597 0.3436 0.3366 0.332 0.3204 0.3112 0.3043 0.2951 0.2836 0.2789
0.4073 1.0 0.0383 0.79 0.8 0.81 0.82 0.83 0.84 0.85 0.86 0.87 0.88 0.89 0.9 0.91 0.92 0.93 0.94 0.95 0.96 0.97 0.0 0.5686 0.5662 0.5547 0.534 0.534 0.5271 0.5087 0.5018 0.5018 0.4833 0.4741 0.4718 0.458 0.4464 0.4419 0.4327 0.4234 0.4142 0.4096 0.3981 0.457 0.4361 0.4246 0.4199 0.4014 0.3899 0.3876 0.3737 0.3598 0.3574 0.3459 0.332 0.325 0.3181 0.3066 0.2996 0.2903 0.2811 0.2718 0.2672 0.445 0.4311 0.4289 0.4127 0.3966 0.3989 0.3897 0.3712 0.3689 0.3597 0.3436 0.3366 0.332 0.3204 0.3112 0.3043 0.2951 0.2836 0.2789 0.272
0.4327 1.0 0.0617 0.8 0.81 0.82 0.83 0.84 0.85 0.86 0.87 0.88 0.89 0.9 0.91 0.92 0.93 0.94 0.95 0.96 0.97 0.0 0.01 0.5662 0.5547 0.534 0.534 0.5271 0.5087 0.5018 0.5018 0.4833 0.4741 0.4718 0.458 0.4464 0.4419 0.4327 0.4234 0.4142 0.4096 0.3981 0.4166 0.4361 0.4246 0.4199 0.4014 0.3899 0.3876 0.3737 0.3598 0.3574 0.3459 0.332 0.325 0.3181 0.3066 0.2996 0.2903 0.2811 0.2718 0.2672 0.2602 0.4311 0.4289 0.4127 0.3966 0.3989 0.3897 0.3712 0.3689 0.3597 0.3436 0.3366 0.332 0.3204 0.3112 0.3043 0.2951 0.2836 0.2789 0.272 0.3158
0.5156 1.0 0.031 0.81 0.82 0.83 0.84 0.85 0.86 0.87 0.88 0.89 0.9 0.91 0.92 0.93 0.94 0.95 0.96 0.97 0.0 0.01 0.02 0.5547 0.534 0.534 0.5271 0.5087 0.5018 0.5018 0.4833 0.4741 0.4718 0.458 0.4464 0.4419 0.4327 0.4234 0.4142 0.4096 0.3981 0.4166 0.4073 0.4246 0.4199 0.4014 0.3899 0.3876 0.3737 0.3598 0.3574 0.3459 0.332 0.325 0.3181 0.3066 0.2996 0.2903 0.2811 0.2718 0.2672 0.2602 0.3273 0.4289 0.4127 0.3966 0.3989 0.3897 0.3712 0.3689 0.3597 0.3436 0.3366 0.332 0.3204 0.3112 0.3043 0.2951 0.2836 0.2789 0.272 0.3158 0.3389
0.4879 1.0 0.0847 0.82 0.83 0.84 0.85 0.86 0.87 0.88 0.89 0.9 0.91 0.92 0.93 0.94 0.95 0.96 0.97 0.0 0.01 0.02 0.03 0.534 0.534 0.5271 0.5087 0.5018 0.5018 0.4833 0.4741 0.4718 0.458 0.4464 0.4419 0.4327 0.4234 0.4142 0.4096 0.3981 0.4166 0.4073 0.4327 0.4199 0.4014 0.3899 0.3876 0.3737 0.3598 0.3574 0.3459 0.332 0.325 0.3181 0.3066 0.2996 0.2903 0.2811 0.2718 0.2672 0.2602 0.3273 0.325 0.4127 0.3966 0.3989 0.3897 0.3712 0.3689 0.3597 0.3436 0.3366 0.332 0.3204 0.3112 0.3043 0.2951 0.2836 0.2789 0.272 0.3158 0.3389 0.3112
0.481 1.0 0.2763 0.83 0.84 0.85 0.86 0.87 0.88 0.89 0.9 0.91 0.92 0.93 0.94 0.95 0.96 0.97 0.0 0.01 0.02 0.03 0.04 0.534 0.5271 0.5087 0.5018 0.5018 0.4833 0.4741 0.4718 0.458 0.4464 0.4419 0.4327 0.4234 0.4142 0.4096 0.3981 0.4166 0.4073 0.4327 0.5156 0.4014 0.3899 0.3876 0.3737 0.3598 0.3574 0.3459 0.332 0.325 0.3181 0.3066 0.2996 0.2903 0.2811 0.2718 0.2672 0.2602 0.3273 0.325 0.3066 0.3966 0.3989 0.3897 0.3712 0.3689 0.3597 0.3436 0.3366 0.332 0.3204 0.3112 0.3043 0.2951 0.2836 0.2789 0.272 0.3158 0.3389 0.3112 0.355
0.5708 1.0 0.0923 0.84 0.85 0.86 0.87 0.88 0.89 0.9 0.91 0.92 0.93 0.94 0.95 0.96 0.97 0.0 0.01 0.02 0.03 0.04 0.05 0.5271 0.5087 0.5018 0.5018 0.4833 0.4741 0.4718 0.458 0.4464 0.4419 0.4327 0.4234 0.4142 0.4096 0.3981 0.4166 0.4073 0.4327 0.5156 0.4879 0.3899 0.3876 0.3737 0.3598 0.3574 0.3459 0.332 0.325 0.3181 0.3066 0.2996 0.2903 0.2811 0.2718 0.2672 0.2602 0.3273 0.325 0.3066 0.3667 0.3989 0.3897 0.3712 0.3689 0.3597 0.3436 0.3366 0.332 0.3204 0.3112 0.3043 0.2951 0.2836 0.2789 0.272 0.3158 0.3389 0.3112 0.355 0.3919
0.5409 1.0 0.023 0.85 0.86 0.87 0.88 0.89 0.9 0.91 0.92 0.93 0.94 0.95 0.96 0.97 0.0 0.01 0.02 0.03 0.04 0.05 0.06 0.5087 0.5018 0.5018 0.4833 0.4741 0.4718 0.458 0.4464 0.4419 0.4327 0.4234 0.4142 0.4096 0.3981 0.4166 0.4073 0.4327 0.5156 0.4879 0.481 0.3876 0.3737 0.3598 0.3574 0.3459 0.332 0.325 0.3181 0.3066 0.2996 0.2903 0.2811 0.2718 0.2672 0.2602 0.3273 0.325 0.3066 0.3667 0.3737 0.3897 0.3712 0.3689 0.3597 0.3436 0.3366 0.332 0.3204 0.3112 0.3043 0.2951 0.2836 0.2789 0.272 0.3158 0.3389 0.3112 0.355 0.3919 0.355
0.5156 1.0 0.2993 0.86 0.87 0.88 0.89 0.9 0.91 0.92 0.93 0.94 0.95 0.96 0.97 0.0 0.01 0.02 0.03 0.04 0.05 0.06 0.07 0.5018 0.5018 0.4833 0.4741 0.4718 0.458 0.4464 0.4419 0.4327 0.4234 0.4142 0.4096 0.3981 0.4166 0.4073 0.4327 0.5156 0.4879 0.481 0.5708 0.3737 0.3598 0.3574 0.3459 0.332 0.325 0.3181 0.3066 0.2996 0.2903 0.2811 0.2718 0.2672 0.2602 0.3273 0.325 0.3066 0.3667 0.3737 0.3482 0.3712 0.3689 0.3597 0.3436 0.3366 0.332 0.3204 0.3112 0.3043 0.2951 0.2836 0.2789 0.272 0.3158 0.3389 0.3112 0.355 0.3919 0.355 0.3712
0.6008 1.0 0.0997 0.87 0.88 0.89 0.9 0.91 0.92 0.93 0.94 0.95 0.96 0.97 0.0 0.01 0.02 0.03 0.04 0.05 0.06 0.07 0.08 0.5018 0.4833 0.4741 0.4718 0.458 0.4464 0.4419 0.4327 0.4234 0.4142 0.4096 0.3981 0.4166 0.4073 0.4327 0.5156 0.4879 0.481 0.5708 0.5409 0.3598 0.3574 0.3459 0.332 0.325 0.3181 0.3066 0.2996 0.2903 0.2811 0.2718 0.2672 0.2602 0.3273 0.325 0.3066 0.3667 0.3737 0.3482 0.3852 0.3689 0.3597 0.3436 0.3366 0.332 0.3204 0.3112 0.3043 0.2951 0.2836 0.2789 0.272 0.3158 0.3389 0.3112 0.355 0.3919 0.355 0.3712 0.4358
0.5892 1.0 0.0843 0.88 0.89 0.9 0.91 0.92 0.93 0.94 0.95 0.96 0.97 0.0 0.01 0.02 0.03 0.04 0.05 0.06 0.07 0.08 0.09 0.4833 0.4741 0.4718 0.458 0.4464 0.4419 0.4327 0.4234 0.4142 0.4096 0.3981 0.4166 0.4073 0.4327 0.5156 0.4879 0.481 0.5708 0.5409 0.5156 0.3574 0.3459 0.332 0.325 0.3181 0.3066 0.2996 0.2903 0.2811 0.2718 0.2672 0.2602 0.3273 0.325 0.3066 0.3667 0.3737 0.3482 0.3852 0.4199 0.3597 0.3436 0.3366 0.332 0.3204 0.3112 0.3043 0.2951 0.2836 0.2789 0.272 0.3158 0.3389 0.3112 0.355 0.3919 0.355 0.3712 0.4358 0.3919
0.5501 1.0 0.284 0.89 0.9 0.91 0.92 0.93 0.94 0.95 0.96 0.97 0.0 0.01 0.02 0.03 0.04 0.05 0.06 0.07 0.08 0.09 0.1 0.4741 0.4718 0.458 0.4464 0.4419 0.4327 0.4234 0.4142 0.4096 0.3981 0.4166 0.4073 0.4327 0.5156 0.4879 0.481 0.5708 0.5409 0.5156 0.6008 0.3459 0.332 0.325 0.3181 0.3066 0.2996 0.2903 0.2811 0.2718 0.2672 0.2602 0.3273 0.325 0.3066 0.3667 0.3737 0.3482 0.3852 0.4199 0.3852 0.3436 0.3366 0.332 0.3204 0.3112 0.3043 0.2951 0.2836 0.2789 0.272 0.3158 0.3389 0.3112 0.355 0.3919 0.355 0.3712 0.4358 0.3919 0.3758
0.6031 1.0 0.0387 0.9 0.91 0.92 0.93 0.94 0.95 0.96 0.97 0.0 0.01 0.02 0.03 0.04 0.05 0.06 0.07 0.08 0.09 0.1 0.11 0.4718 0.458 0.4464 0.4419 0.4327 0.4234 0.4142 0.4096 0.3981 0.4166 0.4073 0.4327 0.5156 0.4879 0.481 0.5708 0.5409 0.5156 0.6008 0.5892 0.332 0.325 0.3181 0.3066 0.2996 0.2903 0.2811 0.2718 0.2672 0.2602 0.3273 0.325 0.3066 0.3667 0.3737 0.3482 0.3852 0.4199 0.3852 0.3921 0.3366 0.332 0.3204 0.3112 0.3043 0.2951 0.2836 0.2789 0.272 0.3158 0.3389 0.3112 0.355 0.3919 0.355 0.3712 0.4358 0.3919 0.3758 0.4589
0.6284 1.0 0.1303 0.91 0.92 0.93 0.94 0.95 0.96 0.97 0.0 0.01 0.02 0.03 0.04 0.05 0.06 0.07 0.08 0.09 0.1 0.11 0.12 0.458 0.4464 0.4419 0.4327 0.4234 0.4142 0.4096 0.3981 0.4166 0.4073 0.4327 0.5156 0.4879 0.481 0.5708 0.5409 0.5156 0.6008 0.5892 0.5501 0.325 0.3181 0.3066 0.2996 0.2903 0.2811 0.2718 0.2672 0.2602 0.3273 0.325 0.3066 0.3667 0.3737 0.3482 0.3852 0.4199 0.3852 0.3921 0.4593 0.332 0.3204 0.3112 0.3043 0.2951 0.2836 0.2789 0.272 0.3158 0.3389 0.3112 0.355 0.3919 0.355 0.3712 0.4358 0.3919 0.3758 0.4589 0.4242
0.587 1.0 0.1767 0.92 0.93 0.94 0.95 0.96 0.97 0.0 0.01 0.02 0.03 0.04 0.05 0.06 0.07 0.08 0.09 0.1 0.11 0.12 0.13 0.4464 0.4419 0.4327 0.4234 0.4142 0.4096 0.3981 0.4166 0.4073 0.4327 0.5156 0.4879 0.481 0.5708 0.5409 0.5156 0.6008 0.5892 0.5501 0.6031 0.3181 0.3066 0.2996 0.2903 0.2811 0.2718 0.2672 0.2602 0.3273 0.325 0.3066 0.3667 0.3737 0.3482 0.3852 0.4199 0.3852 0.3921 0.4593 0.4222 0.3204 0.3112 0.3043 0.2951 0.2836 0.2789 0.272 0.3158 0.3389 0.3112 0.355 0.3919 0.355 0.3712 0.4358 0.3919 0.3758 0.4589 0.4242 0.3966
0.5916 1.0 0.0843 0.93 0.94 0.95 0.96 0.97 0.0 0.01 0.02 0.03 0.04 0.05 0.06 0.07 0.08 0.09 0.1 0.11 0.12 0.13 0.14 0.4419 0.4327 0.4234 0.4142 0.4096 0.3981 0.4166 0.4073 0.4327 0.5156 0.4879 0.481 0.5708 0.5409 0.5156 0.6008 0.5892 0.5501 0.6031 0.6284 0.3066 0.2996 0.2903 0.2811 0.2718 0.2672 0.2602 0.3273 0.325 0.3066 0.3667 0.3737 0.3482 0.3852 0.4199 0.3852 0.3921 0.4593 0.4222 0.406 0.3112 0.3043 0.2951 0.2836 0.2789 0.272 0.3158 0.3389 0.3112 0.355 0.3919 0.355 0.3712 0.4358 0.3919 0.3758 0.4589 0.4242 0.3966 0.4611
0.6583 1.0 0.138 0.94 0.95 0.96 0.97 0.0 0.01 0.02 0.03 0.04 0.05 0.06 0.07 0.08 0.09 0.1 0.11 0.12 0.13 0.14 0.15 0.4327 0.4234 0.4142 0.4096 0.3981 0.4166 0.4073 0.4327 0.5156 0.4879 0.481 0.5708 0.5409 0.5156 0.6008 0.5892 0.5501 0.6031 0.6284 0.587 0.2996 0.2903 0.2811 0.2718 0.2672 0.2602 0.3273 0.325 0.3066 0.3667 0.3737 0.3482 0.3852 0.4199 0.3852 0.3921 0.4593 0.4222 0.406 0.4801 0.3043 0.2951 0.2836 0.2789 0.272 0.3158 0.3389 0.3112 0.355 0.3919 0.355 0.3712 0.4358 0.3919 0.3758 0.4589 0.4242 0.3966 0.4611 0.4611
0.6192 1.0 0.0153 0.95 0.96 0.97 0.0 0.01 0.02 0.03 0.04 0.05 0.06 0.07 0.08 0.09 0.1 0.11 0.12 0.13 0.14 0.15 0.16 0.4234 0.4142 0.4096 0.3981 0.4166 0.4073 0.4327 0.5156 0.4879 0.481 0.5708 0.5409 0.5156 0.6008 0.5892 0.5501 0.6031 0.6284 0.587 0.5916 0.2903 0.2811 0.2718 0.2672 0.2602 0.3273 0.325 0.3066 0.3667 0.3737 0.3482 0.3852 0.4199 0.3852 0.3921 0.4593 0.4222 0.406 0.4801 0.4639 0.2951 0.2836 0.2789 0.272 0.3158 0.3389 0.3112 0.355 0.3919 0.355 0.3712 0.4358 0.3919 0.3758 0.4589 0.4242 0.3966 0.4611 0.4611 0.4289
0.6008 1.0 0.2223 0.96 0.97 0.0 0.01 0.02 0.03 0.04 0.05 0.06 0.07 0.08 0.09 0.1 0.11 0.12 0.13 0.14 0.15 0.16 0.17 0.4142 0.4096 0.3981 0.4166 0.4073 0.4327 0.5156 0.4879 0.481 0.5708 0.5409 0.5156 0.6008 0.5892 0.5501 0.6031 0.6284 0.587 0.5916 0.6583 0.2811 0.2718 0.2672 0.2602 0.3273 0.325 0.3066 0.3667 0.3737 0.3482 0.3852 0.4199 0.3852 0.3921 0.4593 0.4222 0.406 0.4801 0.4639 0.4384 0.2836 0.2789 0.272 0.3158 0.3389 0.3112 0.355 0.3919 0.355 0.3712 0.4358 0.3919 0.3758 0.4589 0.4242 0.3966 0.4611 0.4611 0.4289 0.4519
