0.0537 0.3151 1.0 0.1378 0.2253 0.193 0.1631 0.2346 0.2322 0.1977 0.2322 0.2599 0.223 0.2138 0.2737 0.246 0.2253 0.2437 0.2713 0.2483 0.2552 0.299 0.2829 0.4083 0.3737 0.406 0.45 0.4107 0.4083 0.4848 0.4547 0.4316 0.4871 0.4917 0.4639 0.4917 0.5126 0.4917 0.4893 0.5333 0.5357 0.5171 0.5357 0.3781 0.385 0.4496 0.4081 0.3897 0.4681 0.4427 0.4173 0.4611 0.4727 0.445 0.4496 0.4888 0.4681 0.4658 0.4934 0.4888 0.4796 0.498 0.5488
0.015 0.3589 1.0 0.2253 0.193 0.1631 0.2346 0.2322 0.1977 0.2322 0.2599 0.223 0.2138 0.2737 0.246 0.2253 0.2437 0.2713 0.2483 0.2552 0.299 0.2829 0.2874 0.3737 0.406 0.45 0.4107 0.4083 0.4848 0.4547 0.4316 0.4871 0.4917 0.4639 0.4917 0.5126 0.4917 0.4893 0.5333 0.5357 0.5171 0.5357 0.582 0.385 0.4496 0.4081 0.3897 0.4681 0.4427 0.4173 0.4611 0.4727 0.445 0.4496 0.4888 0.4681 0.4658 0.4934 0.4888 0.4796 0.498 0.5488 0.5372
0.0923 0.3404 1.0 0.193 0.1631 0.2346 0.2322 0.1977 0.2322 0.2599 0.223 0.2138 0.2737 0.246 0.2253 0.2437 0.2713 0.2483 0.2552 0.299 0.2829 0.2874 0.3151 0.406 0.45 0.4107 0.4083 0.4848 0.4547 0.4316 0.4871 0.4917 0.4639 0.4917 0.5126 0.4917 0.4893 0.5333 0.5357 0.5171 0.5357 0.582 0.5588 0.4496 0.4081 0.3897 0.4681 0.4427 0.4173 0.4611 0.4727 0.445 0.4496 0.4888 0.4681 0.4658 0.4934 0.4888 0.4796 0.498 0.5488 0.5372 0.5464
0.146 0.352 1.0 0.1631 0.2346 0.2322 0.1977 0.2322 0.2599 0.223 0.2138 0.2737 0.246 0.2253 0.2437 0.2713 0.2483 0.2552 0.299 0.2829 0.2874 0.3151 0.3589 0.45 0.4107 0.4083 0.4848 0.4547 0.4316 0.4871 0.4917 0.4639 0.4917 0.5126 0.4917 0.4893 0.5333 0.5357 0.5171 0.5357 0.582 0.5588 0.5681 0.4081 0.3897 0.4681 0.4427 0.4173 0.4611 0.4727 0.445 0.4496 0.4888 0.4681 0.4658 0.4934 0.4888 0.4796 0.498 0.5488 0.5372 0.5464 0.5949
0.0617 0.4211 1.0 0.2346 0.2322 0.1977 0.2322 0.2599 0.223 0.2138 0.2737 0.246 0.2253 0.2437 0.2713 0.2483 0.2552 0.299 0.2829 0.2874 0.3151 0.3589 0.3404 0.4107 0.4083 0.4848 0.4547 0.4316 0.4871 0.4917 0.4639 0.4917 0.5126 0.4917 0.4893 0.5333 0.5357 0.5171 0.5357 0.582 0.5588 0.5681 0.6167 0.3897 0.4681 0.4427 0.4173 0.4611 0.4727 0.445 0.4496 0.4888 0.4681 0.4658 0.4934 0.4888 0.4796 0.498 0.5488 0.5372 0.5464 0.5949 0.6041
0.0387 0.3842 1.0 0.2322 0.1977 0.2322 0.2599 0.223 0.2138 0.2737 0.246 0.2253 0.2437 0.2713 0.2483 0.2552 0.299 0.2829 0.2874 0.3151 0.3589 0.3404 0.352 0.4083 0.4848 0.4547 0.4316 0.4871 0.4917 0.4639 0.4917 0.5126 0.4917 0.4893 0.5333 0.5357 0.5171 0.5357 0.582 0.5588 0.5681 0.6167 0.6143 0.4681 0.4427 0.4173 0.4611 0.4727 0.445 0.4496 0.4888 0.4681 0.4658 0.4934 0.4888 0.4796 0.498 0.5488 0.5372 0.5464 0.5949 0.6041 0.5857
0.2303 0.375 1.0 0.1977 0.2322 0.2599 0.223 0.2138 0.2737 0.246 0.2253 0.2437 0.2713 0.2483 0.2552 0.299 0.2829 0.2874 0.3151 0.3589 0.3404 0.352 0.4211 0.4848 0.4547 0.4316 0.4871 0.4917 0.4639 0.4917 0.5126 0.4917 0.4893 0.5333 0.5357 0.5171 0.5357 0.582 0.5588 0.5681 0.6167 0.6143 0.6051 0.4427 0.4173 0.4611 0.4727 0.445 0.4496 0.4888 0.4681 0.4658 0.4934 0.4888 0.4796 0.498 0.5488 0.5372 0.5464 0.5949 0.6041 0.5857 0.6088
0.123 0.4372 1.0 0.2322 0.2599 0.223 0.2138 0.2737 0.246 0.2253 0.2437 0.2713 0.2483 0.2552 0.299 0.2829 0.2874 0.3151 0.3589 0.3404 0.352 0.4211 0.3842 0.4547 0.4316 0.4871 0.4917 0.4639 0.4917 0.5126 0.4917 0.4893 0.5333 0.5357 0.5171 0.5357 0.582 0.5588 0.5681 0.6167 0.6143 0.6051 0.6329 0.4173 0.4611 0.4727 0.445 0.4496 0.4888 0.4681 0.4658 0.4934 0.4888 0.4796 0.498 0.5488 0.5372 0.5464 0.5949 0.6041 0.5857 0.6088 0.6549
0.0307 0.4072 1.0 0.2599 0.223 0.2138 0.2737 0.246 0.2253 0.2437 0.2713 0.2483 0.2552 0.299 0.2829 0.2874 0.3151 0.3589 0.3404 0.352 0.4211 0.3842 0.375 0.4316 0.4871 0.4917 0.4639 0.4917 0.5126 0.4917 0.4893 0.5333 0.5357 0.5171 0.5357 0.582 0.5588 0.5681 0.6167 0.6143 0.6051 0.6329 0.6444 0.4611 0.4727 0.445 0.4496 0.4888 0.4681 0.4658 0.4934 0.4888 0.4796 0.498 0.5488 0.5372 0.5464 0.5949 0.6041 0.5857 0.6088 0.6549 0.6111
0.2073 0.3842 1.0 0.223 0.2138 0.2737 0.246 0.2253 0.2437 0.2713 0.2483 0.2552 0.299 0.2829 0.2874 0.3151 0.3589 0.3404 0.352 0.4211 0.3842 0.375 0.4372 0.4871 0.4917 0.4639 0.4917 0.5126 0.4917 0.4893 0.5333 0.5357 0.5171 0.5357 0.582 0.5588 0.5681 0.6167 0.6143 0.6051 0.6329 0.6444 0.6167 0.4727 0.445 0.4496 0.4888 0.4681 0.4658 0.4934 0.4888 0.4796 0.498 0.5488 0.5372 0.5464 0.5949 0.6041 0.5857 0.6088 0.6549 0.6111 0.6111
0.1 0.4326 1.0 0.2138 0.2737 0.246 0.2253 0.2437 0.2713 0.2483 0.2552 0.299 0.2829 0.2874 0.3151 0.3589 0.3404 0.352 0.4211 0.3842 0.375 0.4372 0.4072 0.4917 0.4639 0.4917 0.5126 0.4917 0.4893 0.5333 0.5357 0.5171 0.5357 0.582 0.5588 0.5681 0.6167 0.6143 0.6051 0.6329 0.6444 0.6167 0.6236 0.445 0.4496 0.4888 0.4681 0.4658 0.4934 0.4888 0.4796 0.498 0.5488 0.5372 0.5464 0.5949 0.6041 0.5857 0.6088 0.6549 0.6111 0.6111 0.671
0.0767 0.4096 1.0 0.2737 0.246 0.2253 0.2437 0.2713 0.2483 0.2552 0.299 0.2829 0.2874 0.3151 0.3589 0.3404 0.352 0.4211 0.3842 0.375 0.4372 0.4072 0.3842 0.4639 0.4917 0.5126 0.4917 0.4893 0.5333 0.5357 0.5171 0.5357 0.582 0.5588 0.5681 0.6167 0.6143 0.6051 0.6329 0.6444 0.6167 0.6236 0.6468 0.4496 0.4888 0.4681 0.4658 0.4934 0.4888 0.4796 0.498 0.5488 0.5372 0.5464 0.5949 0.6041 0.5857 0.6088 0.6549 0.6111 0.6111 0.671 0.6272
0.1613 0.3819 1.0 0.246 0.2253 0.2437 0.2713 0.2483 0.2552 0.299 0.2829 0.2874 0.3151 0.3589 0.3404 0.352 0.4211 0.3842 0.375 0.4372 0.4072 0.3842 0.4326 0.4917 0.5126 0.4917 0.4893 0.5333 0.5357 0.5171 0.5357 0.582 0.5588 0.5681 0.6167 0.6143 0.6051 0.6329 0.6444 0.6167 0.6236 0.6468 0.6167 0.4888 0.4681 0.4658 0.4934 0.4888 0.4796 0.498 0.5488 0.5372 0.5464 0.5949 0.6041 0.5857 0.6088 0.6549 0.6111 0.6111 0.671 0.6272 0.618
0.0767 0.4233 1.0 0.2253 0.2437 0.2713 0.2483 0.2552 0.299 0.2829 0.2874 0.3151 0.3589 0.3404 0.352 0.4211 0.3842 0.375 0.4372 0.4072 0.3842 0.4326 0.4096 0.5126 0.4917 0.4893 0.5333 0.5357 0.5171 0.5357 0.582 0.5588 0.5681 0.6167 0.6143 0.6051 0.6329 0.6444 0.6167 0.6236 0.6468 0.6167 0.619 0.4681 0.4658 0.4934 0.4888 0.4796 0.498 0.5488 0.5372 0.5464 0.5949 0.6041 0.5857 0.6088 0.6549 0.6111 0.6111 0.671 0.6272 0.618 0.6757
0.0923 0.4142 1.0 0.2437 0.2713 0.2483 0.2552 0.299 0.2829 0.2874 0.3151 0.3589 0.3404 0.352 0.4211 0.3842 0.375 0.4372 0.4072 0.3842 0.4326 0.4096 0.3819 0.4917 0.4893 0.5333 0.5357 0.5171 0.5357 0.582 0.5588 0.5681 0.6167 0.6143 0.6051 0.6329 0.6444 0.6167 0.6236 0.6468 0.6167 0.619 0.6421 0.4658 0.4934 0.4888 0.4796 0.498 0.5488 0.5372 0.5464 0.5949 0.6041 0.5857 0.6088 0.6549 0.6111 0.6111 0.671 0.6272 0.618 0.6757 0.6411
0.138 0.3842 1.0 0.2713 0.2483 0.2552 0.299 0.2829 0.2874 0.3151 0.3589 0.3404 0.352 0.4211 0.3842 0.375 0.4372 0.4072 0.3842 0.4326 0.4096 0.3819 0.4233 0.4893 0.5333 0.5357 0.5171 0.5357 0.582 0.5588 0.5681 0.6167 0.6143 0.6051 0.6329 0.6444 0.6167 0.6236 0.6468 0.6167 0.619 0.6421 0.612 0.4934 0.4888 0.4796 0.498 0.5488 0.5372 0.5464 0.5949 0.6041 0.5857 0.6088 0.6549 0.6111 0.6111 0.671 0.6272 0.618 0.6757 0.6411 0.6249
0.0303 0.4326 1.0 0.2483 0.2552 0.299 0.2829 0.2874 0.3151 0.3589 0.3404 0.352 0.4211 0.3842 0.375 0.4372 0.4072 0.3842 0.4326 0.4096 0.3819 0.4233 0.4142 0.5333 0.5357 0.5171 0.5357 0.582 0.5588 0.5681 0.6167 0.6143 0.6051 0.6329 0.6444 0.6167 0.6236 0.6468 0.6167 0.619 0.6421 0.612 0.619 0.4888 0.4796 0.498 0.5488 0.5372 0.5464 0.5949 0.6041 0.5857 0.6088 0.6549 0.6111 0.6111 0.671 0.6272 0.618 0.6757 0.6411 0.6249 0.6849
0.1 0.4372 1.0 0.2552 0.299 0.2829 0.2874 0.3151 0.3589 0.3404 0.352 0.4211 0.3842 0.375 0.4372 0.4072 0.3842 0.4326 0.4096 0.3819 0.4233 0.4142 0.3842 0.5357 0.5171 0.5357 0.582 0.5588 0.5681 0.6167 0.6143 0.6051 0.6329 0.6444 0.6167 0.6236 0.6468 0.6167 0.619 0.6421 0.612 0.619 0.6537 0.4796 0.498 0.5488 0.5372 0.5464 0.5949 0.6041 0.5857 0.6088 0.6549 0.6111 0.6111 0.671 0.6272 0.618 0.6757 0.6411 0.6249 0.6849 0.6433
0.1613 0.398 1.0 0.299 0.2829 0.2874 0.3151 0.3589 0.3404 0.352 0.4211 0.3842 0.375 0.4372 0.4072 0.3842 0.4326 0.4096 0.3819 0.4233 0.4142 0.3842 0.4326 0.5171 0.5357 0.582 0.5588 0.5681 0.6167 0.6143 0.6051 0.6329 0.6444 0.6167 0.6236 0.6468 0.6167 0.619 0.6421 0.612 0.619 0.6537 0.6259 0.498 0.5488 0.5372 0.5464 0.5949 0.6041 0.5857 0.6088 0.6549 0.6111 0.6111 0.671 0.6272 0.618 0.6757 0.6411 0.6249 0.6849 0.6433 0.6272
0.0153 0.451 1.0 0.2829 0.2874 0.3151 0.3589 0.3404 0.352 0.4211 0.3842 0.375 0.4372 0.4072 0.3842 0.4326 0.4096 0.3819 0.4233 0.4142 0.3842 0.4326 0.4372 0.5357 0.582 0.5588 0.5681 0.6167 0.6143 0.6051 0.6329 0.6444 0.6167 0.6236 0.6468 0.6167 0.619 0.6421 0.612 0.619 0.6537 0.6259 0.6306 0.5488 0.5372 0.5464 0.5949 0.6041 0.5857 0.6088 0.6549 0.6111 0.6111 0.671 0.6272 0.618 0.6757 0.6411 0.6249 0.6849 0.6433 0.6272 0.6849
0.1307 0.4487 1.0 0.2874 0.3151 0.3589 0.3404 0.352 0.4211 0.3842 0.375 0.4372 0.4072 0.3842 0.4326 0.4096 0.3819 0.4233 0.4142 0.3842 0.4326 0.4372 0.398 0.582 0.5588 0.5681 0.6167 0.6143 0.6051 0.6329 0.6444 0.6167 0.6236 0.6468 0.6167 0.619 0.6421 0.612 0.619 0.6537 0.6259 0.6306 0.6791 0.5372 0.5464 0.5949 0.6041 0.5857 0.6088 0.6549 0.6111 0.6111 0.671 0.6272 0.618 0.6757 0.6411 0.6249 0.6849 0.6433 0.6272 0.6849 0.6526
0.1767 0.4072 1.0 0.3151 0.3589 0.3404 0.352 0.4211 0.3842 0.375 0.4372 0.4072 0.3842 0.4326 0.4096 0.3819 0.4233 0.4142 0.3842 0.4326 0.4372 0.398 0.451 0.5588 0.5681 0.6167 0.6143 0.6051 0.6329 0.6444 0.6167 0.6236 0.6468 0.6167 0.619 0.6421 0.612 0.619 0.6537 0.6259 0.6306 0.6791 0.6444 0.5464 0.5949 0.6041 0.5857 0.6088 0.6549 0.6111 0.6111 0.671 0.6272 0.618 0.6757 0.6411 0.6249 0.6849 0.6433 0.6272 0.6849 0.6526 0.6272
0.0077 0.4464 1.0 0.3589 0.3404 0.352 0.4211 0.3842 0.375 0.4372 0.4072 0.3842 0.4326 0.4096 0.3819 0.4233 0.4142 0.3842 0.4326 0.4372 0.398 0.451 0.4487 0.5681 0.6167 0.6143 0.6051 0.6329 0.6444 0.6167 0.6236 0.6468 0.6167 0.619 0.6421 0.612 0.619 0.6537 0.6259 0.6306 0.6791 0.6444 0.6352 0.5949 0.6041 0.5857 0.6088 0.6549 0.6111 0.6111 0.671 0.6272 0.618 0.6757 0.6411 0.6249 0.6849 0.6433 0.6272 0.6849 0.6526 0.6272 0.6988
0.1383 0.474 1.0 0.3404 0.352 0.4211 0.3842 0.375 0.4372 0.4072 0.3842 0.4326 0.4096 0.3819 0.4233 0.4142 0.3842 0.4326 0.4372 0.398 0.451 0.4487 0.4072 0.6167 0.6143 0.6051 0.6329 0.6444 0.6167 0.6236 0.6468 0.6167 0.619 0.6421 0.612 0.619 0.6537 0.6259 0.6306 0.6791 0.6444 0.6352 0.6908 0.6041 0.5857 0.6088 0.6549 0.6111 0.6111 0.671 0.6272 0.618 0.6757 0.6411 0.6249 0.6849 0.6433 0.6272 0.6849 0.6526 0.6272 0.6988 0.678
0.1307 0.4233 1.0 0.352 0.4211 0.3842 0.375 0.4372 0.4072 0.3842 0.4326 0.4096 0.3819 0.4233 0.4142 0.3842 0.4326 0.4372 0.398 0.451 0.4487 0.4072 0.4464 0.6143 0.6051 0.6329 0.6444 0.6167 0.6236 0.6468 0.6167 0.619 0.6421 0.612 0.619 0.6537 0.6259 0.6306 0.6791 0.6444 0.6352 0.6908 0.6607 0.5857 0.6088 0.6549 0.6111 0.6111 0.671 0.6272 0.618 0.6757 0.6411 0.6249 0.6849 0.6433 0.6272 0.6849 0.6526 0.6272 0.6988 0.678 0.6411
0.092 0.4372 1.0 0.4211 0.3842 0.375 0.4372 0.4072 0.3842 0.4326 0.4096 0.3819 0.4233 0.4142 0.3842 0.4326 0.4372 0.398 0.451 0.4487 0.4072 0.4464 0.474 0.6051 0.6329 0.6444 0.6167 0.6236 0.6468 0.6167 0.619 0.6421 0.612 0.619 0.6537 0.6259 0.6306 0.6791 0.6444 0.6352 0.6908 0.6607 0.6444 0.6088 0.6549 0.6111 0.6111 0.671 0.6272 0.618 0.6757 0.6411 0.6249 0.6849 0.6433 0.6272 0.6849 0.6526 0.6272 0.6988 0.678 0.6411 0.7057
0.169 0.4856 1.0 0.3842 0.375 0.4372 0.4072 0.3842 0.4326 0.4096 0.3819 0.4233 0.4142 0.3842 0.4326 0.4372 0.398 0.451 0.4487 0.4072 0.4464 0.474 0.4233 0.6329 0.6444 0.6167 0.6236 0.6468 0.6167 0.619 0.6421 0.612 0.619 0.6537 0.6259 0.6306 0.6791 0.6444 0.6352 0.6908 0.6607 0.6444 0.7092 0.6549 0.6111 0.6111 0.671 0.6272 0.618 0.6757 0.6411 0.6249 0.6849 0.6433 0.6272 0.6849 0.6526 0.6272 0.6988 0.678 0.6411 0.7057 0.6941
0.0463 0.4326 1.0 0.375 0.4372 0.4072 0.3842 0.4326 0.4096 0.3819 0.4233 0.4142 0.3842 0.4326 0.4372 0.398 0.451 0.4487 0.4072 0.4464 0.474 0.4233 0.4372 0.6444 0.6167 0.6236 0.6468 0.6167 0.619 0.6421 0.612 0.619 0.6537 0.6259 0.6306 0.6791 0.6444 0.6352 0.6908 0.6607 0.6444 0.7092 0.6769 0.6111 0.6111 0.671 0.6272 0.618 0.6757 0.6411 0.6249 0.6849 0.6433 0.6272 0.6849 0.6526 0.6272 0.6988 0.678 0.6411 0.7057 0.6941 0.6503
0.1613 0.4211 1.0 0.4372 0.4072 0.3842 0.4326 0.4096 0.3819 0.4233 0.4142 0.3842 0.4326 0.4372 0.398 0.451 0.4487 0.4072 0.4464 0.474 0.4233 0.4372 0.4856 0.6167 0.6236 0.6468 0.6167 0.619 0.6421 0.612 0.619 0.6537 0.6259 0.6306 0.6791 0.6444 0.6352 0.6908 0.6607 0.6444 0.7092 0.6769 0.6468 0.6111 0.671 0.6272 0.618 0.6757 0.6411 0.6249 0.6849 0.6433 0.6272 0.6849 0.6526 0.6272 0.6988 0.678 0.6411 0.7057 0.6941 0.6503 0.6964
0.1767 0.4856 1.0 0.4072 0.3842 0.4326 0.4096 0.3819 0.4233 0.4142 0.3842 0.4326 0.4372 0.398 0.451 0.4487 0.4072 0.4464 0.474 0.4233 0.4372 0.4856 0.4326 0.6236 0.6468 0.6167 0.619 0.6421 0.612 0.619 0.6537 0.6259 0.6306 0.6791 0.6444 0.6352 0.6908 0.6607 0.6444 0.7092 0.6769 0.6468 0.7069 0.671 0.6272 0.618 0.6757 0.6411 0.6249 0.6849 0.6433 0.6272 0.6849 0.6526 0.6272 0.6988 0.678 0.6411 0.7057 0.6941 0.6503 0.6964 0.701
0.0383 0.4349 1.0 0.3842 0.4326 0.4096 0.3819 0.4233 0.4142 0.3842 0.4326 0.4372 0.398 0.451 0.4487 0.4072 0.4464 0.474 0.4233 0.4372 0.4856 0.4326 0.4211 0.6468 0.6167 0.619 0.6421 0.612 0.619 0.6537 0.6259 0.6306 0.6791 0.6444 0.6352 0.6908 0.6607 0.6444 0.7092 0.6769 0.6468 0.7069 0.6884 0.6272 0.618 0.6757 0.6411 0.6249 0.6849 0.6433 0.6272 0.6849 0.6526 0.6272 0.6988 0.678 0.6411 0.7057 0.6941 0.6503 0.6964 0.701 0.6549
0.215 0.4027 1.0 0.4326 0.4096 0.3819 0.4233 0.4142 0.3842 0.4326 0.4372 0.398 0.451 0.4487 0.4072 0.4464 0.474 0.4233 0.4372 0.4856 0.4326 0.4211 0.4856 0.6167 0.619 0.6421 0.612 0.619 0.6537 0.6259 0.6306 0.6791 0.6444 0.6352 0.6908 0.6607 0.6444 0.7092 0.6769 0.6468 0.7069 0.6884 0.6491 0.618 0.6757 0.6411 0.6249 0.6849 0.6433 0.6272 0.6849 0.6526 0.6272 0.6988 0.678 0.6411 0.7057 0.6941 0.6503 0.6964 0.701 0.6549 0.6688
0.169 0.4787 1.0 0.4096 0.3819 0.4233 0.4142 0.3842 0.4326 0.4372 0.398 0.451 0.4487 0.4072 0.4464 0.474 0.4233 0.4372 0.4856 0.4326 0.4211 0.4856 0.4349 0.619 0.6421 0.612 0.619 0.6537 0.6259 0.6306 0.6791 0.6444 0.6352 0.6908 0.6607 0.6444 0.7092 0.6769 0.6468 0.7069 0.6884 0.6491 0.6884 0.6757 0.6411 0.6249 0.6849 0.6433 0.6272 0.6849 0.6526 0.6272 0.6988 0.678 0.6411 0.7057 0.6941 0.6503 0.6964 0.701 0.6549 0.6688 0.701
0.1073 0.4372 1.0 0.3819 0.4233 0.4142 0.3842 0.4326 0.4372 0.398 0.451 0.4487 0.4072 0.4464 0.474 0.4233 0.4372 0.4856 0.4326 0.4211 0.4856 0.4349 0.4027 0.6421 0.612 0.619 0.6537 0.6259 0.6306 0.6791 0.6444 0.6352 0.6908 0.6607 0.6444 0.7092 0.6769 0.6468 0.7069 0.6884 0.6491 0.6884 0.693 0.6411 0.6249 0.6849 0.6433 0.6272 0.6849 0.6526 0.6272 0.6988 0.678 0.6411 0.7057 0.6941 0.6503 0.6964 0.701 0.6549 0.6688 0.701 0.6503
0.2533 0.3958 1.0 0.4233 0.4142 0.3842 0.4326 0.4372 0.398 0.451 0.4487 0.4072 0.4464 0.474 0.4233 0.4372 0.4856 0.4326 0.4211 0.4856 0.4349 0.4027 0.4787 0.612 0.619 0.6537 0.6259 0.6306 0.6791 0.6444 0.6352 0.6908 0.6607 0.6444 0.7092 0.6769 0.6468 0.7069 0.6884 0.6491 0.6884 0.693 0.6513 0.6249 0.6849 0.6433 0.6272 0.6849 0.6526 0.6272 0.6988 0.678 0.6411 0.7057 0.6941 0.6503 0.6964 0.701 0.6549 0.6688 0.701 0.6503 0.6364
0.1383 0.4464 1.0 0.4142 0.3842 0.4326 0.4372 0.398 0.451 0.4487 0.4072 0.4464 0.474 0.4233 0.4372 0.4856 0.4326 0.4211 0.4856 0.4349 0.4027 0.4787 0.4372 0.619 0.6537 0.6259 0.6306 0.6791 0.6444 0.6352 0.6908 0.6607 0.6444 0.7092 0.6769 0.6468 0.7069 0.6884 0.6491 0.6884 0.693 0.6513 0.663 0.6849 0.6433 0.6272 0.6849 0.6526 0.6272 0.6988 0.678 0.6411 0.7057 0.6941 0.6503 0.6964 0.701 0.6549 0.6688 0.701 0.6503 0.6364 0.6964
0.138 0.4326 1.0 0.3842 0.4326 0.4372 0.398 0.451 0.4487 0.4072 0.4464 0.474 0.4233 0.4372 0.4856 0.4326 0.4211 0.4856 0.4349 0.4027 0.4787 0.4372 0.3958 0.6537 0.6259 0.6306 0.6791 0.6444 0.6352 0.6908 0.6607 0.6444 0.7092 0.6769 0.6468 0.7069 0.6884 0.6491 0.6884 0.693 0.6513 0.663 0.6953 0.6433 0.6272 0.6849 0.6526 0.6272 0.6988 0.678 0.6411 0.7057 0.6941 0.6503 0.6964 0.701 0.6549 0.6688 0.701 0.6503 0.6364 0.6964 0.6457
0.1687 0.3934 1.0 0.4326 0.4372 0.398 0.451 0.4487 0.4072 0.4464 0.474 0.4233 0.4372 0.4856 0.4326 0.4211 0.4856 0.4349 0.4027 0.4787 0.4372 0.3958 0.4464 0.6259 0.6306 0.6791 0.6444 0.6352 0.6908 0.6607 0.6444 0.7092 0.6769 0.6468 0.7069 0.6884 0.6491 0.6884 0.693 0.6513 0.663 0.6953 0.6513 0.6272 0.6849 0.6526 0.6272 0.6988 0.678 0.6411 0.7057 0.6941 0.6503 0.6964 0.701 0.6549 0.6688 0.701 0.6503 0.6364 0.6964 0.6457 0.6133
0.046 0.3704 1.0 0.4372 0.398 0.451 0.4487 0.4072 0.4464 0.474 0.4233 0.4372 0.4856 0.4326 0.4211 0.4856 0.4349 0.4027 0.4787 0.4372 0.3958 0.4464 0.4326 0.6306 0.6791 0.6444 0.6352 0.6908 0.6607 0.6444 0.7092 0.6769 0.6468 0.7069 0.6884 0.6491 0.6884 0.693 0.6513 0.663 0.6953 0.6513 0.6421 0.6849 0.6526 0.6272 0.6988 0.678 0.6411 0.7057 0.6941 0.6503 0.6964 0.701 0.6549 0.6688 0.701 0.6503 0.6364 0.6964 0.6457 0.6133 0.671
0.1307 0.3451 1.0 0.398 0.451 0.4487 0.4072 0.4464 0.474 0.4233 0.4372 0.4856 0.4326 0.4211 0.4856 0.4349 0.4027 0.4787 0.4372 0.3958 0.4464 0.4326 0.3934 0.6791 0.6444 0.6352 0.6908 0.6607 0.6444 0.7092 0.6769 0.6468 0.7069 0.6884 0.6491 0.6884 0.693 0.6513 0.663 0.6953 0.6513 0.6421 0.6908 0.6526 0.6272 0.6988 0.678 0.6411 0.7057 0.6941 0.6503 0.6964 0.701 0.6549 0.6688 0.701 0.6503 0.6364 0.6964 0.6457 0.6133 0.671 0.6433
0.0767 0.3289 1.0 0.451 0.4487 0.4072 0.4464 0.474 0.4233 0.4372 0.4856 0.4326 0.4211 0.4856 0.4349 0.4027 0.4787 0.4372 0.3958 0.4464 0.4326 0.3934 0.3704 0.6444 0.6352 0.6908 0.6607 0.6444 0.7092 0.6769 0.6468 0.7069 0.6884 0.6491 0.6884 0.693 0.6513 0.663 0.6953 0.6513 0.6421 0.6908 0.6583 0.6272 0.6988 0.678 0.6411 0.7057 0.6941 0.6503 0.6964 0.701 0.6549 0.6688 0.701 0.6503 0.6364 0.6964 0.6457 0.6133 0.671 0.6433 0.6111
0.0843 0.3036 1.0 0.4487 0.4072 0.4464 0.474 0.4233 0.4372 0.4856 0.4326 0.4211 0.4856 0.4349 0.4027 0.4787 0.4372 0.3958 0.4464 0.4326 0.3934 0.3704 0.3451 0.6352 0.6908 0.6607 0.6444 0.7092 0.6769 0.6468 0.7069 0.6884 0.6491 0.6884 0.693 0.6513 0.663 0.6953 0.6513 0.6421 0.6908 0.6583 0.6236 0.6988 0.678 0.6411 0.7057 0.6941 0.6503 0.6964 0.701 0.6549 0.6688 0.701 0.6503 0.6364 0.6964 0.6457 0.6133 0.671 0.6433 0.6111 0.5857
0.054 0.2852 1.0 0.4072 0.4464 0.474 0.4233 0.4372 0.4856 0.4326 0.4211 0.4856 0.4349 0.4027 0.4787 0.4372 0.3958 0.4464 0.4326 0.3934 0.3704 0.3451 0.3289 0.6908 0.6607 0.6444 0.7092 0.6769 0.6468 0.7069 0.6884 0.6491 0.6884 0.693 0.6513 0.663 0.6953 0.6513 0.6421 0.6908 0.6583 0.6236 0.5936 0.678 0.6411 0.7057 0.6941 0.6503 0.6964 0.701 0.6549 0.6688 0.701 0.6503 0.6364 0.6964 0.6457 0.6133 0.671 0.6433 0.6111 0.5857 0.5719
0.0843 0.2713 1.0 0.4464 0.474 0.4233 0.4372 0.4856 0.4326 0.4211 0.4856 0.4349 0.4027 0.4787 0.4372 0.3958 0.4464 0.4326 0.3934 0.3704 0.3451 0.3289 0.3036 0.6607 0.6444 0.7092 0.6769 0.6468 0.7069 0.6884 0.6491 0.6884 0.693 0.6513 0.663 0.6953 0.6513 0.6421 0.6908 0.6583 0.6236 0.5936 0.5773 0.6411 0.7057 0.6941 0.6503 0.6964 0.701 0.6549 0.6688 0.701 0.6503 0.6364 0.6964 0.6457 0.6133 0.671 0.6433 0.6111 0.5857 0.5719 0.5534
0.0613 0.2529 1.0 0.474 0.4233 0.4372 0.4856 0.4326 0.4211 0.4856 0.4349 0.4027 0.4787 0.4372 0.3958 0.4464 0.4326 0.3934 0.3704 0.3451 0.3289 0.3036 0.2852 0.6444 0.7092 0.6769 0.6468 0.7069 0.6884 0.6491 0.6884 0.693 0.6513 0.663 0.6953 0.6513 0.6421 0.6908 0.6583 0.6236 0.5936 0.5773 0.5564 0.7057 0.6941 0.6503 0.6964 0.701 0.6549 0.6688 0.701 0.6503 0.6364 0.6964 0.6457 0.6133 0.671 0.6433 0.6111 0.5857 0.5719 0.5534 0.5327
0.0463 0.2322 1.0 0.4233 0.4372 0.4856 0.4326 0.4211 0.4856 0.4349 0.4027 0.4787 0.4372 0.3958 0.4464 0.4326 0.3934 0.3704 0.3451 0.3289 0.3036 0.2852 0.2713 0.7092 0.6769 0.6468 0.7069 0.6884 0.6491 0.6884 0.693 0.6513 0.663 0.6953 0.6513 0.6421 0.6908 0.6583 0.6236 0.5936 0.5773 0.5564 0.531 0.6941 0.6503 0.6964 0.701 0.6549 0.6688 0.701 0.6503 0.6364 0.6964 0.6457 0.6133 0.671 0.6433 0.6111 0.5857 0.5719 0.5534 0.5327 0.5166
0.0613 0.2276 1.0 0.4372 0.4856 0.4326 0.4211 0.4856 0.4349 0.4027 0.4787 0.4372 0.3958 0.4464 0.4326 0.3934 0.3704 0.3451 0.3289 0.3036 0.2852 0.2713 0.2529 0.6769 0.6468 0.7069 0.6884 0.6491 0.6884 0.693 0.6513 0.663 0.6953 0.6513 0.6421 0.6908 0.6583 0.6236 0.5936 0.5773 0.5564 0.531 0.5171 0.6503 0.6964 0.701 0.6549 0.6688 0.701 0.6503 0.6364 0.6964 0.6457 0.6133 0.671 0.6433 0.6111 0.5857 0.5719 0.5534 0.5327 0.5166 0.5072
0.069 0.2092 1.0 0.4856 0.4326 0.4211 0.4856 0.4349 0.4027 0.4787 0.4372 0.3958 0.4464 0.4326 0.3934 0.3704 0.3451 0.3289 0.3036 0.2852 0.2713 0.2529 0.2322 0.6468 0.7069 0.6884 0.6491 0.6884 0.693 0.6513 0.663 0.6953 0.6513 0.6421 0.6908 0.6583 0.6236 0.5936 0.5773 0.5564 0.531 0.5171 0.5032 0.6964 0.701 0.6549 0.6688 0.701 0.6503 0.6364 0.6964 0.6457 0.6133 0.671 0.6433 0.6111 0.5857 0.5719 0.5534 0.5327 0.5166 0.5072 0.4866
0.0153 0.1884 1.0 0.4326 0.4211 0.4856 0.4349 0.4027 0.4787 0.4372 0.3958 0.4464 0.4326 0.3934 0.3704 0.3451 0.3289 0.3036 0.2852 0.2713 0.2529 0.2322 0.2276 0.7069 0.6884 0.6491 0.6884 0.693 0.6513 0.663 0.6953 0.6513 0.6421 0.6908 0.6583 0.6236 0.5936 0.5773 0.5564 0.531 0.5171 0.5032 0.4801 0.701 0.6549 0.6688 0.701 0.6503 0.6364 0.6964 0.6457 0.6133 0.671 0.6433 0.6111 0.5857 0.5719 0.5534 0.5327 0.5166 0.5072 0.4866 0.4703
0.0613 0.1838 1.0 0.4211 0.4856 0.4349 0.4027 0.4787 0.4372 0.3958 0.4464 0.4326 0.3934 0.3704 0.3451 0.3289 0.3036 0.2852 0.2713 0.2529 0.2322 0.2276 0.2092 0.6884 0.6491 0.6884 0.693 0.6513 0.663 0.6953 0.6513 0.6421 0.6908 0.6583 0.6236 0.5936 0.5773 0.5564 0.531 0.5171 0.5032 0.4801 0.4662 0.6549 0.6688 0.701 0.6503 0.6364 0.6964 0.6457 0.6133 0.671 0.6433 0.6111 0.5857 0.5719 0.5534 0.5327 0.5166 0.5072 0.4866 0.4703 0.4634
0.0693 0.1747 1.0 0.4856 0.4349 0.4027 0.4787 0.4372 0.3958 0.4464 0.4326 0.3934 0.3704 0.3451 0.3289 0.3036 0.2852 0.2713 0.2529 0.2322 0.2276 0.2092 0.1884 0.6491 0.6884 0.693 0.6513 0.663 0.6953 0.6513 0.6421 0.6908 0.6583 0.6236 0.5936 0.5773 0.5564 0.531 0.5171 0.5032 0.4801 0.4662 0.457 0.6688 0.701 0.6503 0.6364 0.6964 0.6457 0.6133 0.671 0.6433 0.6111 0.5857 0.5719 0.5534 0.5327 0.5166 0.5072 0.4866 0.4703 0.4634 0.445
0.0153 0.1562 1.0 0.4349 0.4027 0.4787 0.4372 0.3958 0.4464 0.4326 0.3934 0.3704 0.3451 0.3289 0.3036 0.2852 0.2713 0.2529 0.2322 0.2276 0.2092 0.1884 0.1838 0.6884 0.693 0.6513 0.663 0.6953 0.6513 0.6421 0.6908 0.6583 0.6236 0.5936 0.5773 0.5564 0.531 0.5171 0.5032 0.4801 0.4662 0.457 0.4361 0.701 0.6503 0.6364 0.6964 0.6457 0.6133 0.671 0.6433 0.6111 0.5857 0.5719 0.5534 0.5327 0.5166 0.5072 0.4866 0.4703 0.4634 0.445 0.4289
0.0303 0.1516 1.0 0.4027 0.4787 0.4372 0.3958 0.4464 0.4326 0.3934 0.3704 0.3451 0.3289 0.3036 0.2852 0.2713 0.2529 0.2322 0.2276 0.2092 0.1884 0.1838 0.1747 0.693 0.6513 0.663 0.6953 0.6513 0.6421 0.6908 0.6583 0.6236 0.5936 0.5773 0.5564 0.531 0.5171 0.5032 0.4801 0.4662 0.457 0.4361 0.4222 0.6503 0.6364 0.6964 0.6457 0.6133 0.671 0.6433 0.6111 0.5857 0.5719 0.5534 0.5327 0.5166 0.5072 0.4866 0.4703 0.4634 0.445 0.4289 0.4289
0.0617 0.1493 1.0 0.4787 0.4372 0.3958 0.4464 0.4326 0.3934 0.3704 0.3451 0.3289 0.3036 0.2852 0.2713 0.2529 0.2322 0.2276 0.2092 0.1884 0.1838 0.1747 0.1562 0.6513 0.663 0.6953 0.6513 0.6421 0.6908 0.6583 0.6236 0.5936 0.5773 0.5564 0.531 0.5171 0.5032 0.4801 0.4662 0.457 0.4361 0.4222 0.4199 0.6364 0.6964 0.6457 0.6133 0.671 0.6433 0.6111 0.5857 0.5719 0.5534 0.5327 0.5166 0.5072 0.4866 0.4703 0.4634 0.445 0.4289 0.4289 0.4127
0.0153 0.1286 1.0 0.4372 0.3958 0.4464 0.4326 0.3934 0.3704 0.3451 0.3289 0.3036 0.2852 0.2713 0.2529 0.2322 0.2276 0.2092 0.1884 0.1838 0.1747 0.1562 0.1516 0.663 0.6953 0.6513 0.6421 0.6908 0.6583 0.6236 0.5936 0.5773 0.5564 0.531 0.5171 0.5032 0.4801 0.4662 0.457 0.4361 0.4222 0.4199 0.4014 0.6964 0.6457 0.6133 0.671 0.6433 0.6111 0.5857 0.5719 0.5534 0.5327 0.5166 0.5072 0.4866 0.4703 0.4634 0.445 0.4289 0.4289 0.4127 0.3966
0.0077 0.124 1.0 0.3958 0.4464 0.4326 0.3934 0.3704 0.3451 0.3289 0.3036 0.2852 0.2713 0.2529 0.2322 0.2276 0.2092 0.1884 0.1838 0.1747 0.1562 0.1516 0.1493 0.6953 0.6513 0.6421 0.6908 0.6583 0.6236 0.5936 0.5773 0.5564 0.531 0.5171 0.5032 0.4801 0.4662 0.457 0.4361 0.4222 0.4199 0.4014 0.3876 0.6457 0.6133 0.671 0.6433 0.6111 0.5857 0.5719 0.5534 0.5327 0.5166 0.5072 0.4866 0.4703 0.4634 0.445 0.4289 0.4289 0.4127 0.3966 0.3966
0.069 0.1217 1.0 0.4464 0.4326 0.3934 0.3704 0.3451 0.3289 0.3036 0.2852 0.2713 0.2529 0.2322 0.2276 0.2092 0.1884 0.1838 0.1747 0.1562 0.1516 0.1493 0.1286 0.6513 0.6421 0.6908 0.6583 0.6236 0.5936 0.5773 0.5564 0.531 0.5171 0.5032 0.4801 0.4662 0.457 0.4361 0.4222 0.4199 0.4014 0.3876 0.3899 0.6133 0.671 0.6433 0.6111 0.5857 0.5719 0.5534 0.5327 0.5166 0.5072 0.4866 0.4703 0.4634 0.445 0.4289 0.4289 0.4127 0.3966 0.3966 0.385
0.0153 0.1056 1.0 0.4326 0.3934 0.3704 0.3451 0.3289 0.3036 0.2852 0.2713 0.2529 0.2322 0.2276 0.2092 0.1884 0.1838 0.1747 0.1562 0.1516 0.1493 0.1286 0.124 0.6421 0.6908 0.6583 0.6236 0.5936 0.5773 0.5564 0.531 0.5171 0.5032 0.4801 0.4662 0.457 0.4361 0.4222 0.4199 0.4014 0.3876 0.3899 0.3737 0.671 0.6433 0.6111 0.5857 0.5719 0.5534 0.5327 0.5166 0.5072 0.4866 0.4703 0.4634 0.445 0.4289 0.4289 0.4127 0.3966 0.3966 0.385 0.3689
0.0077 0.094 1.0 0.3934 0.3704 0.3451 0.3289 0.3036 0.2852 0.2713 0.2529 0.2322 0.2276 0.2092 0.1884 0.1838 0.1747 0.1562 0.1516 0.1493 0.1286 0.124 0.1217 0.6908 0.6583 0.6236 0.5936 0.5773 0.5564 0.531 0.5171 0.5032 0.4801 0.4662 0.457 0.4361 0.4222 0.4199 0.4014 0.3876 0.3899 0.3737 0.3598 0.6433 0.6111 0.5857 0.5719 0.5534 0.5327 0.5166 0.5072 0.4866 0.4703 0.4634 0.445 0.4289 0.4289 0.4127 0.3966 0.3966 0.385 0.3689 0.3666
0.0537 0.0917 1.0 0.3704 0.3451 0.3289 0.3036 0.2852 0.2713 0.2529 0.2322 0.2276 0.2092 0.1884 0.1838 0.1747 0.1562 0.1516 0.1493 0.1286 0.124 0.1217 0.1056 0.6583 0.6236 0.5936 0.5773 0.5564 0.531 0.5171 0.5032 0.4801 0.4662 0.457 0.4361 0.4222 0.4199 0.4014 0.3876 0.3899 0.3737 0.3598 0.3551 0.6111 0.5857 0.5719 0.5534 0.5327 0.5166 0.5072 0.4866 0.4703 0.4634 0.445 0.4289 0.4289 0.4127 0.3966 0.3966 0.385 0.3689 0.3666 0.3597
0.0387 0.0756 1.0 0.3451 0.3289 0.3036 0.2852 0.2713 0.2529 0.2322 0.2276 0.2092 0.1884 0.1838 0.1747 0.1562 0.1516 0.1493 0.1286 0.124 0.1217 0.1056 0.094 0.6236 0.5936 0.5773 0.5564 0.531 0.5171 0.5032 0.4801 0.4662 0.457 0.4361 0.4222 0.4199 0.4014 0.3876 0.3899 0.3737 0.3598 0.3551 0.3436 0.5857 0.5719 0.5534 0.5327 0.5166 0.5072 0.4866 0.4703 0.4634 0.445 0.4289 0.4289 0.4127 0.3966 0.3966 0.385 0.3689 0.3666 0.3597 0.3436
0.0077 0.0663 1.0 0.3289 0.3036 0.2852 0.2713 0.2529 0.2322 0.2276 0.2092 0.1884 0.1838 0.1747 0.1562 0.1516 0.1493 0.1286 0.124 0.1217 0.1056 0.094 0.0917 0.5936 0.5773 0.5564 0.531 0.5171 0.5032 0.4801 0.4662 0.457 0.4361 0.4222 0.4199 0.4014 0.3876 0.3899 0.3737 0.3598 0.3551 0.3436 0.3297 0.5719 0.5534 0.5327 0.5166 0.5072 0.4866 0.4703 0.4634 0.445 0.4289 0.4289 0.4127 0.3966 0.3966 0.385 0.3689 0.3666 0.3597 0.3436 0.3342
0.0537 0.0594 1.0 0.3036 0.2852 0.2713 0.2529 0.2322 0.2276 0.2092 0.1884 0.1838 0.1747 0.1562 0.1516 0.1493 0.1286 0.124 0.1217 0.1056 0.094 0.0917 0.0756 0.5773 0.5564 0.531 0.5171 0.5032 0.4801 0.4662 0.457 0.4361 0.4222 0.4199 0.4014 0.3876 0.3899 0.3737 0.3598 0.3551 0.3436 0.3297 0.3228 0.5534 0.5327 0.5166 0.5072 0.4866 0.4703 0.4634 0.445 0.4289 0.4289 0.4127 0.3966 0.3966 0.385 0.3689 0.3666 0.3597 0.3436 0.3342 0.3273
0.031 0.0502 1.0 0.2852 0.2713 0.2529 0.2322 0.2276 0.2092 0.1884 0.1838 0.1747 0.1562 0.1516 0.1493 0.1286 0.124 0.1217 0.1056 0.094 0.0917 0.0756 0.0663 0.5564 0.531 0.5171 0.5032 0.4801 0.4662 0.457 0.4361 0.4222 0.4199 0.4014 0.3876 0.3899 0.3737 0.3598 0.3551 0.3436 0.3297 0.3228 0.3158 0.5327 0.5166 0.5072 0.4866 0.4703 0.4634 0.445 0.4289 0.4289 0.4127 0.3966 0.3966 0.385 0.3689 0.3666 0.3597 0.3436 0.3342 0.3273 0.3158
0.023 0.041 1.0 0.2713 0.2529 0.2322 0.2276 0.2092 0.1884 0.1838 0.1747 0.1562 0.1516 0.1493 0.1286 0.124 0.1217 0.1056 0.094 0.0917 0.0756 0.0663 0.0594 0.531 0.5171 0.5032 0.4801 0.4662 0.457 0.4361 0.4222 0.4199 0.4014 0.3876 0.3899 0.3737 0.3598 0.3551 0.3436 0.3297 0.3228 0.3158 0.3042 0.5166 0.5072 0.4866 0.4703 0.4634 0.445 0.4289 0.4289 0.4127 0.3966 0.3966 0.385 0.3689 0.3666 0.3597 0.3436 0.3342 0.3273 0.3158 0.3066
0.0307 0.0341 1.0 0.2529 0.2322 0.2276 0.2092 0.1884 0.1838 0.1747 0.1562 0.1516 0.1493 0.1286 0.124 0.1217 0.1056 0.094 0.0917 0.0756 0.0663 0.0594 0.0502 0.5171 0.5032 0.4801 0.4662 0.457 0.4361 0.4222 0.4199 0.4014 0.3876 0.3899 0.3737 0.3598 0.3551 0.3436 0.3297 0.3228 0.3158 0.3042 0.295 0.5072 0.4866 0.4703 0.4634 0.445 0.4289 0.4289 0.4127 0.3966 0.3966 0.385 0.3689 0.3666 0.3597 0.3436 0.3342 0.3273 0.3158 0.3066 0.2997
0.0307 0.0249 1.0 0.2322 0.2276 0.2092 0.1884 0.1838 0.1747 0.1562 0.1516 0.1493 0.1286 0.124 0.1217 0.1056 0.094 0.0917 0.0756 0.0663 0.0594 0.0502 0.041 0.5032 0.4801 0.4662 0.457 0.4361 0.4222 0.4199 0.4014 0.3876 0.3899 0.3737 0.3598 0.3551 0.3436 0.3297 0.3228 0.3158 0.3042 0.295 0.288 0.4866 0.4703 0.4634 0.445 0.4289 0.4289 0.4127 0.3966 0.3966 0.385 0.3689 0.3666 0.3597 0.3436 0.3342 0.3273 0.3158 0.3066 0.2997 0.2881
0.023 0.0157 1.0 0.2276 0.2092 0.1884 0.1838 0.1747 0.1562 0.1516 0.1493 0.1286 0.124 0.1217 0.1056 0.094 0.0917 0.0756 0.0663 0.0594 0.0502 0.041 0.0341 0.4801 0.4662 0.457 0.4361 0.4222 0.4199 0.4014 0.3876 0.3899 0.3737 0.3598 0.3551 0.3436 0.3297 0.3228 0.3158 0.3042 0.295 0.288 0.2788 0.4703 0.4634 0.445 0.4289 0.4289 0.4127 0.3966 0.3966 0.385 0.3689 0.3666 0.3597 0.3436 0.3342 0.3273 0.3158 0.3066 0.2997 0.2881 0.2812
0.0307 0.0111 1.0 0.2092 0.1884 0.1838 0.1747 0.1562 0.1516 0.1493 0.1286 0.124 0.1217 0.1056 0.094 0.0917 0.0756 0.0663 0.0594 0.0502 0.041 0.0341 0.0249 0.4662 0.457 0.4361 0.4222 0.4199 0.4014 0.3876 0.3899 0.3737 0.3598 0.3551 0.3436 0.3297 0.3228 0.3158 0.3042 0.295 0.288 0.2788 0.2694 0.4634 0.445 0.4289 0.4289 0.4127 0.3966 0.3966 0.385 0.3689 0.3666 0.3597 0.3436 0.3342 0.3273 0.3158 0.3066 0.2997 0.2881 0.2812 0.2743
0.0307 0.0064 1.0 0.1884 0.1838 0.1747 0.1562 0.1516 0.1493 0.1286 0.124 0.1217 0.1056 0.094 0.0917 0.0756 0.0663 0.0594 0.0502 0.041 0.0341 0.0249 0.0157 0.457 0.4361 0.4222 0.4199 0.4014 0.3876 0.3899 0.3737 0.3598 0.3551 0.3436 0.3297 0.3228 0.3158 0.3042 0.295 0.288 0.2788 0.2694 0.2626 0.445 0.4289 0.4289 0.4127 0.3966 0.3966 0.385 0.3689 0.3666 0.3597 0.3436 0.3342 0.3273 0.3158 0.3066 0.2997 0.2881 0.2812 0.2743 0.2651
0.0153 0.0618 1.0 0.1838 0.1747 0.1562 0.1516 0.1493 0.1286 0.124 0.1217 0.1056 0.094 0.0917 0.0756 0.0663 0.0594 0.0502 0.041 0.0341 0.0249 0.0157 0.0111 0.4361 0.4222 0.4199 0.4014 0.3876 0.3899 0.3737 0.3598 0.3551 0.3436 0.3297 0.3228 0.3158 0.3042 0.295 0.288 0.2788 0.2694 0.2626 0.2672 0.4289 0.4289 0.4127 0.3966 0.3966 0.385 0.3689 0.3666 0.3597 0.3436 0.3342 0.3273 0.3158 0.3066 0.2997 0.2881 0.2812 0.2743 0.2651 0.2928
0.0157 0.117 1.0 0.1747 0.1562 0.1516 0.1493 0.1286 0.124 0.1217 0.1056 0.094 0.0917 0.0756 0.0663 0.0594 0.0502 0.041 0.0341 0.0249 0.0157 0.0111 0.0064 0.4222 0.4199 0.4014 0.3876 0.3899 0.3737 0.3598 0.3551 0.3436 0.3297 0.3228 0.3158 0.3042 0.295 0.288 0.2788 0.2694 0.2626 0.2672 0.3367 0.4289 0.4127 0.3966 0.3966 0.385 0.3689 0.3666 0.3597 0.3436 0.3342 0.3273 0.3158 0.3066 0.2997 0.2881 0.2812 0.2743 0.2651 0.2928 0.302
0.1847 0.0917 1.0 0.1562 0.1516 0.1493 0.1286 0.124 0.1217 0.1056 0.094 0.0917 0.0756 0.0663 0.0594 0.0502 0.041 0.0341 0.0249 0.0157 0.0111 0.0064 0.0618 0.4199 0.4014 0.3876 0.3899 0.3737 0.3598 0.3551 0.3436 0.3297 0.3228 0.3158 0.3042 0.295 0.288 0.2788 0.2694 0.2626 0.2672 0.3367 0.3158 0.4127 0.3966 0.3966 0.385 0.3689 0.3666 0.3597 0.3436 0.3342 0.3273 0.3158 0.3066 0.2997 0.2881 0.2812 0.2743 0.2651 0.2928 0.302 0.2836
0.184 0.1101 1.0 0.1516 0.1493 0.1286 0.124 0.1217 0.1056 0.094 0.0917 0.0756 0.0663 0.0594 0.0502 0.041 0.0341 0.0249 0.0157 0.0111 0.0064 0.0618 0.117 0.4014 0.3876 0.3899 0.3737 0.3598 0.3551 0.3436 0.3297 0.3228 0.3158 0.3042 0.295 0.288 0.2788 0.2694 0.2626 0.2672 0.3367 0.3158 0.2996 0.3966 0.3966 0.385 0.3689 0.3666 0.3597 0.3436 0.3342 0.3273 0.3158 0.3066 0.2997 0.2881 0.2812 0.2743 0.2651 0.2928 0.302 0.2836 0.3597
0.0843 0.1816 1.0 0.1493 0.1286 0.124 0.1217 0.1056 0.094 0.0917 0.0756 0.0663 0.0594 0.0502 0.041 0.0341 0.0249 0.0157 0.0111 0.0064 0.0618 0.117 0.0917 0.3876 0.3899 0.3737 0.3598 0.3551 0.3436 0.3297 0.3228 0.3158 0.3042 0.295 0.288 0.2788 0.2694 0.2626 0.2672 0.3367 0.3158 0.2996 0.376 0.3966 0.385 0.3689 0.3666 0.3597 0.3436 0.3342 0.3273 0.3158 0.3066 0.2997 0.2881 0.2812 0.2743 0.2651 0.2928 0.302 0.2836 0.3597 0.3689
0.0613 0.1447 1.0 0.1286 0.124 0.1217 0.1056 0.094 0.0917 0.0756 0.0663 0.0594 0.0502 0.041 0.0341 0.0249 0.0157 0.0111 0.0064 0.0618 0.117 0.0917 0.1101 0.3899 0.3737 0.3598 0.3551 0.3436 0.3297 0.3228 0.3158 0.3042 0.295 0.288 0.2788 0.2694 0.2626 0.2672 0.3367 0.3158 0.2996 0.376 0.3598 0.385 0.3689 0.3666 0.3597 0.3436 0.3342 0.3273 0.3158 0.3066 0.2997 0.2881 0.2812 0.2743 0.2651 0.2928 0.302 0.2836 0.3597 0.3689 0.3366
0.2383 0.1331 1.0 0.124 0.1217 0.1056 0.094 0.0917 0.0756 0.0663 0.0594 0.0502 0.041 0.0341 0.0249 0.0157 0.0111 0.0064 0.0618 0.117 0.0917 0.1101 0.1816 0.3737 0.3598 0.3551 0.3436 0.3297 0.3228 0.3158 0.3042 0.295 0.288 0.2788 0.2694 0.2626 0.2672 0.3367 0.3158 0.2996 0.376 0.3598 0.3367 0.3689 0.3666 0.3597 0.3436 0.3342 0.3273 0.3158 0.3066 0.2997 0.2881 0.2812 0.2743 0.2651 0.2928 0.302 0.2836 0.3597 0.3689 0.3366 0.3827
0.123 0.223 1.0 0.1217 0.1056 0.094 0.0917 0.0756 0.0663 0.0594 0.0502 0.041 0.0341 0.0249 0.0157 0.0111 0.0064 0.0618 0.117 0.0917 0.1101 0.1816 0.1447 0.3598 0.3551 0.3436 0.3297 0.3228 0.3158 0.3042 0.295 0.288 0.2788 0.2694 0.2626 0.2672 0.3367 0.3158 0.2996 0.376 0.3598 0.3367 0.3991 0.3666 0.3597 0.3436 0.3342 0.3273 0.3158 0.3066 0.2997 0.2881 0.2812 0.2743 0.2651 0.2928 0.302 0.2836 0.3597 0.3689 0.3366 0.3827 0.4127
0.0387 0.1908 1.0 0.1056 0.094 0.0917 0.0756 0.0663 0.0594 0.0502 0.041 0.0341 0.0249 0.0157 0.0111 0.0064 0.0618 0.117 0.0917 0.1101 0.1816 0.1447 0.1331 0.3551 0.3436 0.3297 0.3228 0.3158 0.3042 0.295 0.288 0.2788 0.2694 0.2626 0.2672 0.3367 0.3158 0.2996 0.376 0.3598 0.3367 0.3991 0.4014 0.3597 0.3436 0.3342 0.3273 0.3158 0.3066 0.2997 0.2881 0.2812 0.2743 0.2651 0.2928 0.302 0.2836 0.3597 0.3689 0.3366 0.3827 0.4127 0.3734
0.2997 0.1584 1.0 0.094 0.0917 0.0756 0.0663 0.0594 0.0502 0.041 0.0341 0.0249 0.0157 0.0111 0.0064 0.0618 0.117 0.0917 0.1101 0.1816 0.1447 0.1331 0.223 0.3436 0.3297 0.3228 0.3158 0.3042 0.295 0.288 0.2788 0.2694 0.2626 0.2672 0.3367 0.3158 0.2996 0.376 0.3598 0.3367 0.3991 0.4014 0.369 0.3436 0.3342 0.3273 0.3158 0.3066 0.2997 0.2881 0.2812 0.2743 0.2651 0.2928 0.302 0.2836 0.3597 0.3689 0.3366 0.3827 0.4127 0.3734 0.385
0.1073 0.2391 1.0 0.0917 0.0756 0.0663 0.0594 0.0502 0.041 0.0341 0.0249 0.0157 0.0111 0.0064 0.0618 0.117 0.0917 0.1101 0.1816 0.1447 0.1331 0.223 0.1908 0.3297 0.3228 0.3158 0.3042 0.295 0.288 0.2788 0.2694 0.2626 0.2672 0.3367 0.3158 0.2996 0.376 0.3598 0.3367 0.3991 0.4014 0.369 0.406 0.3342 0.3273 0.3158 0.3066 0.2997 0.2881 0.2812 0.2743 0.2651 0.2928 0.302 0.2836 0.3597 0.3689 0.3366 0.3827 0.4127 0.3734 0.385 0.4496
0.108 0.2299 1.0 0.0756 0.0663 0.0594 0.0502 0.041 0.0341 0.0249 0.0157 0.0111 0.0064 0.0618 0.117 0.0917 0.1101 0.1816 0.1447 0.1331 0.223 0.1908 0.1584 0.3228 0.3158 0.3042 0.295 0.288 0.2788 0.2694 0.2626 0.2672 0.3367 0.3158 0.2996 0.376 0.3598 0.3367 0.3991 0.4014 0.369 0.406 0.4408 0.3273 0.3158 0.3066 0.2997 0.2881 0.2812 0.2743 0.2651 0.2928 0.302 0.2836 0.3597 0.3689 0.3366 0.3827 0.4127 0.3734 0.385 0.4496 0.4058
0.269 0.193 1.0 0.0663 0.0594 0.0502 0.041 0.0341 0.0249 0.0157 0.0111 0.0064 0.0618 0.117 0.0917 0.1101 0.1816 0.1447 0.1331 0.223 0.1908 0.1584 0.2391 0.3158 0.3042 0.295 0.288 0.2788 0.2694 0.2626 0.2672 0.3367 0.3158 0.2996 0.376 0.3598 0.3367 0.3991 0.4014 0.369 0.406 0.4408 0.4038 0.3158 0.3066 0.2997 0.2881 0.2812 0.2743 0.2651 0.2928 0.302 0.2836 0.3597 0.3689 0.3366 0.3827 0.4127 0.3734 0.385 0.4496 0.4058 0.3897
0.0307 0.2346 1.0 0.0594 0.0502 0.041 0.0341 0.0249 0.0157 0.0111 0.0064 0.0618 0.117 0.0917 0.1101 0.1816 0.1447 0.1331 0.223 0.1908 0.1584 0.2391 0.2299 0.3042 0.295 0.288 0.2788 0.2694 0.2626 0.2672 0.3367 0.3158 0.2996 0.376 0.3598 0.3367 0.3991 0.4014 0.369 0.406 0.4408 0.4038 0.413 0.3066 0.2997 0.2881 0.2812 0.2743 0.2651 0.2928 0.302 0.2836 0.3597 0.3689 0.3366 0.3827 0.4127 0.3734 0.385 0.4496 0.4058 0.3897 0.4703
0.123 0.2668 1.0 0.0502 0.041 0.0341 0.0249 0.0157 0.0111 0.0064 0.0618 0.117 0.0917 0.1101 0.1816 0.1447 0.1331 0.223 0.1908 0.1584 0.2391 0.2299 0.193 0.295 0.288 0.2788 0.2694 0.2626 0.2672 0.3367 0.3158 0.2996 0.376 0.3598 0.3367 0.3991 0.4014 0.369 0.406 0.4408 0.4038 0.413 0.4801 0.2997 0.2881 0.2812 0.2743 0.2651 0.2928 0.302 0.2836 0.3597 0.3689 0.3366 0.3827 0.4127 0.3734 0.385 0.4496 0.4058 0.3897 0.4703 0.4403
0.1387 0.2299 1.0 0.041 0.0341 0.0249 0.0157 0.0111 0.0064 0.0618 0.117 0.0917 0.1101 0.1816 0.1447 0.1331 0.223 0.1908 0.1584 0.2391 0.2299 0.193 0.2346 0.288 0.2788 0.2694 0.2626 0.2672 0.3367 0.3158 0.2996 0.376 0.3598 0.3367 0.3991 0.4014 0.369 0.406 0.4408 0.4038 0.413 0.4801 0.4431 0.2881 0.2812 0.2743 0.2651 0.2928 0.302 0.2836 0.3597 0.3689 0.3366 0.3827 0.4127 0.3734 0.385 0.4496 0.4058 0.3897 0.4703 0.4403 0.415
0.1073 0.2276 1.0 0.0341 0.0249 0.0157 0.0111 0.0064 0.0618 0.117 0.0917 0.1101 0.1816 0.1447 0.1331 0.223 0.1908 0.1584 0.2391 0.2299 0.193 0.2346 0.2668 0.2788 0.2694 0.2626 0.2672 0.3367 0.3158 0.2996 0.376 0.3598 0.3367 0.3991 0.4014 0.369 0.406 0.4408 0.4038 0.413 0.4801 0.4431 0.4292 0.2812 0.2743 0.2651 0.2928 0.302 0.2836 0.3597 0.3689 0.3366 0.3827 0.4127 0.3734 0.385 0.4496 0.4058 0.3897 0.4703 0.4403 0.415 0.4727
0.123 0.2852 1.0 0.0249 0.0157 0.0111 0.0064 0.0618 0.117 0.0917 0.1101 0.1816 0.1447 0.1331 0.223 0.1908 0.1584 0.2391 0.2299 0.193 0.2346 0.2668 0.2299 0.2694 0.2626 0.2672 0.3367 0.3158 0.2996 0.376 0.3598 0.3367 0.3991 0.4014 0.369 0.406 0.4408 0.4038 0.413 0.4801 0.4431 0.4292 0.5032 0.2743 0.2651 0.2928 0.302 0.2836 0.3597 0.3689 0.3366 0.3827 0.4127 0.3734 0.385 0.4496 0.4058 0.3897 0.4703 0.4403 0.415 0.4727 0.475
0.0077 0.2576 1.0 0.0157 0.0111 0.0064 0.0618 0.117 0.0917 0.1101 0.1816 0.1447 0.1331 0.223 0.1908 0.1584 0.2391 0.2299 0.193 0.2346 0.2668 0.2299 0.2276 0.2626 0.2672 0.3367 0.3158 0.2996 0.376 0.3598 0.3367 0.3991 0.4014 0.369 0.406 0.4408 0.4038 0.413 0.4801 0.4431 0.4292 0.5032 0.4848 0.2651 0.2928 0.302 0.2836 0.3597 0.3689 0.3366 0.3827 0.4127 0.3734 0.385 0.4496 0.4058 0.3897 0.4703 0.4403 0.415 0.4727 0.475 0.4496
0.192 0.2391 1.0 0.0111 0.0064 0.0618 0.117 0.0917 0.1101 0.1816 0.1447 0.1331 0.223 0.1908 0.1584 0.2391 0.2299 0.193 0.2346 0.2668 0.2299 0.2276 0.2852 0.2672 0.3367 0.3158 0.2996 0.376 0.3598 0.3367 0.3991 0.4014 0.369 0.406 0.4408 0.4038 0.413 0.4801 0.4431 0.4292 0.5032 0.4848 0.4593 0.2928 0.302 0.2836 0.3597 0.3689 0.3366 0.3827 0.4127 0.3734 0.385 0.4496 0.4058 0.3897 0.4703 0.4403 0.415 0.4727 0.475 0.4496 0.475
0.092 0.2737 1.0 0.0064 0.0618 0.117 0.0917 0.1101 0.1816 0.1447 0.1331 0.223 0.1908 0.1584 0.2391 0.2299 0.193 0.2346 0.2668 0.2299 0.2276 0.2852 0.2576 0.3367 0.3158 0.2996 0.376 0.3598 0.3367 0.3991 0.4014 0.369 0.406 0.4408 0.4038 0.413 0.4801 0.4431 0.4292 0.5032 0.4848 0.4593 0.5056 0.302 0.2836 0.3597 0.3689 0.3366 0.3827 0.4127 0.3734 0.385 0.4496 0.4058 0.3897 0.4703 0.4403 0.415 0.4727 0.475 0.4496 0.475 0.498
0.0617 0.2668 1.0 0.0618 0.117 0.0917 0.1101 0.1816 0.1447 0.1331 0.223 0.1908 0.1584 0.2391 0.2299 0.193 0.2346 0.2668 0.2299 0.2276 0.2852 0.2576 0.2391 0.3158 0.2996 0.376 0.3598 0.3367 0.3991 0.4014 0.369 0.406 0.4408 0.4038 0.413 0.4801 0.4431 0.4292 0.5032 0.4848 0.4593 0.5056 0.5194 0.2836 0.3597 0.3689 0.3366 0.3827 0.4127 0.3734 0.385 0.4496 0.4058 0.3897 0.4703 0.4403 0.415 0.4727 0.475 0.4496 0.475 0.498 0.4703
0.1153 0.2507 1.0 0.117 0.0917 0.1101 0.1816 0.1447 0.1331 0.223 0.1908 0.1584 0.2391 0.2299 0.193 0.2346 0.2668 0.2299 0.2276 0.2852 0.2576 0.2391 0.2737 0.2996 0.376 0.3598 0.3367 0.3991 0.4014 0.369 0.406 0.4408 0.4038 0.413 0.4801 0.4431 0.4292 0.5032 0.4848 0.4593 0.5056 0.5194 0.4893 0.3597 0.3689 0.3366 0.3827 0.4127 0.3734 0.385 0.4496 0.4058 0.3897 0.4703 0.4403 0.415 0.4727 0.475 0.4496 0.475 0.498 0.4703 0.4727
0.023 0.2713 1.0 0.0917 0.1101 0.1816 0.1447 0.1331 0.223 0.1908 0.1584 0.2391 0.2299 0.193 0.2346 0.2668 0.2299 0.2276 0.2852 0.2576 0.2391 0.2737 0.2668 0.376 0.3598 0.3367 0.3991 0.4014 0.369 0.406 0.4408 0.4038 0.413 0.4801 0.4431 0.4292 0.5032 0.4848 0.4593 0.5056 0.5194 0.4893 0.4893 0.3689 0.3366 0.3827 0.4127 0.3734 0.385 0.4496 0.4058 0.3897 0.4703 0.4403 0.415 0.4727 0.475 0.4496 0.475 0.498 0.4703 0.4727 0.5188
0.0537 0.3128 1.0 0.1101 0.1816 0.1447 0.1331 0.223 0.1908 0.1584 0.2391 0.2299 0.193 0.2346 0.2668 0.2299 0.2276 0.2852 0.2576 0.2391 0.2737 0.2668 0.2507 0.3598 0.3367 0.3991 0.4014 0.369 0.406 0.4408 0.4038 0.413 0.4801 0.4431 0.4292 0.5032 0.4848 0.4593 0.5056 0.5194 0.4893 0.4893 0.5449 0.3366 0.3827 0.4127 0.3734 0.385 0.4496 0.4058 0.3897 0.4703 0.4403 0.415 0.4727 0.475 0.4496 0.475 0.498 0.4703 0.4727 0.5188 0.4958
0.0687 0.2852 1.0 0.1816 0.1447 0.1331 0.223 0.1908 0.1584 0.2391 0.2299 0.193 0.2346 0.2668 0.2299 0.2276 0.2852 0.2576 0.2391 0.2737 0.2668 0.2507 0.2713 0.3367 0.3991 0.4014 0.369 0.406 0.4408 0.4038 0.413 0.4801 0.4431 0.4292 0.5032 0.4848 0.4593 0.5056 0.5194 0.4893 0.4893 0.5449 0.5287 0.3827 0.4127 0.3734 0.385 0.4496 0.4058 0.3897 0.4703 0.4403 0.415 0.4727 0.475 0.4496 0.475 0.498 0.4703 0.4727 0.5188 0.4958 0.4888
0.1383 0.2874 1.0 0.1447 0.1331 0.223 0.1908 0.1584 0.2391 0.2299 0.193 0.2346 0.2668 0.2299 0.2276 0.2852 0.2576 0.2391 0.2737 0.2668 0.2507 0.2713 0.3128 0.3991 0.4014 0.369 0.406 0.4408 0.4038 0.413 0.4801 0.4431 0.4292 0.5032 0.4848 0.4593 0.5056 0.5194 0.4893 0.4893 0.5449 0.5287 0.5171 0.4127 0.3734 0.385 0.4496 0.4058 0.3897 0.4703 0.4403 0.415 0.4727 0.475 0.4496 0.475 0.498 0.4703 0.4727 0.5188 0.4958 0.4888 0.5096
0.092 0.3381 1.0 0.1331 0.223 0.1908 0.1584 0.2391 0.2299 0.193 0.2346 0.2668 0.2299 0.2276 0.2852 0.2576 0.2391 0.2737 0.2668 0.2507 0.2713 0.3128 0.2852 0.4014 0.369 0.406 0.4408 0.4038 0.413 0.4801 0.4431 0.4292 0.5032 0.4848 0.4593 0.5056 0.5194 0.4893 0.4893 0.5449 0.5287 0.5171 0.5611 0.3734 0.385 0.4496 0.4058 0.3897 0.4703 0.4403 0.415 0.4727 0.475 0.4496 0.475 0.498 0.4703 0.4727 0.5188 0.4958 0.4888 0.5096 0.5488
0.0073 0.3381 1.0 0.223 0.1908 0.1584 0.2391 0.2299 0.193 0.2346 0.2668 0.2299 0.2276 0.2852 0.2576 0.2391 0.2737 0.2668 0.2507 0.2713 0.3128 0.2852 0.2874 0.369 0.406 0.4408 0.4038 0.413 0.4801 0.4431 0.4292 0.5032 0.4848 0.4593 0.5056 0.5194 0.4893 0.4893 0.5449 0.5287 0.5171 0.5611 0.5727 0.385 0.4496 0.4058 0.3897 0.4703 0.4403 0.415 0.4727 0.475 0.4496 0.475 0.498 0.4703 0.4727 0.5188 0.4958 0.4888 0.5096 0.5488 0.528
0.169 0.3289 1.0 0.1908 0.1584 0.2391 0.2299 0.193 0.2346 0.2668 0.2299 0.2276 0.2852 0.2576 0.2391 0.2737 0.2668 0.2507 0.2713 0.3128 0.2852 0.2874 0.3381 0.406 0.4408 0.4038 0.413 0.4801 0.4431 0.4292 0.5032 0.4848 0.4593 0.5056 0.5194 0.4893 0.4893 0.5449 0.5287 0.5171 0.5611 0.5727 0.5496 0.4496 0.4058 0.3897 0.4703 0.4403 0.415 0.4727 0.475 0.4496 0.475 0.498 0.4703 0.4727 0.5188 0.4958 0.4888 0.5096 0.5488 0.528 0.5419
0.0 0.3681 1.0 0.1584 0.2391 0.2299 0.193 0.2346 0.2668 0.2299 0.2276 0.2852 0.2576 0.2391 0.2737 0.2668 0.2507 0.2713 0.3128 0.2852 0.2874 0.3381 0.3381 0.4408 0.4038 0.413 0.4801 0.4431 0.4292 0.5032 0.4848 0.4593 0.5056 0.5194 0.4893 0.4893 0.5449 0.5287 0.5171 0.5611 0.5727 0.5496 0.5658 0.4058 0.3897 0.4703 0.4403 0.415 0.4727 0.475 0.4496 0.475 0.498 0.4703 0.4727 0.5188 0.4958 0.4888 0.5096 0.5488 0.528 0.5419 0.6088
0.0307 0.4003 1.0 0.2391 0.2299 0.193 0.2346 0.2668 0.2299 0.2276 0.2852 0.2576 0.2391 0.2737 0.2668 0.2507 0.2713 0.3128 0.2852 0.2874 0.3381 0.3381 0.3289 0.4038 0.413 0.4801 0.4431 0.4292 0.5032 0.4848 0.4593 0.5056 0.5194 0.4893 0.4893 0.5449 0.5287 0.5171 0.5611 0.5727 0.5496 0.5658 0.6236 0.3897 0.4703 0.4403 0.415 0.4727 0.475 0.4496 0.475 0.498 0.4703 0.4727 0.5188 0.4958 0.4888 0.5096 0.5488 0.528 0.5419 0.6088 0.5788
0.1307 0.3658 1.0 0.2299 0.193 0.2346 0.2668 0.2299 0.2276 0.2852 0.2576 0.2391 0.2737 0.2668 0.2507 0.2713 0.3128 0.2852 0.2874 0.3381 0.3381 0.3289 0.3681 0.413 0.4801 0.4431 0.4292 0.5032 0.4848 0.4593 0.5056 0.5194 0.4893 0.4893 0.5449 0.5287 0.5171 0.5611 0.5727 0.5496 0.5658 0.6236 0.5912 0.4703 0.4403 0.415 0.4727 0.475 0.4496 0.475 0.498 0.4703 0.4727 0.5188 0.4958 0.4888 0.5096 0.5488 0.528 0.5419 0.6088 0.5788 0.5742
0.1073 0.3797 1.0 0.193 0.2346 0.2668 0.2299 0.2276 0.2852 0.2576 0.2391 0.2737 0.2668 0.2507 0.2713 0.3128 0.2852 0.2874 0.3381 0.3381 0.3289 0.3681 0.4003 0.4801 0.4431 0.4292 0.5032 0.4848 0.4593 0.5056 0.5194 0.4893 0.4893 0.5449 0.5287 0.5171 0.5611 0.5727 0.5496 0.5658 0.6236 0.5912 0.5866 0.4403 0.415 0.4727 0.475 0.4496 0.475 0.498 0.4703 0.4727 0.5188 0.4958 0.4888 0.5096 0.5488 0.528 0.5419 0.6088 0.5788 0.5742 0.6249
0.115 0.4211 1.0 0.2346 0.2668 0.2299 0.2276 0.2852 0.2576 0.2391 0.2737 0.2668 0.2507 0.2713 0.3128 0.2852 0.2874 0.3381 0.3381 0.3289 0.3681 0.4003 0.3658 0.4431 0.4292 0.5032 0.4848 0.4593 0.5056 0.5194 0.4893 0.4893 0.5449 0.5287 0.5171 0.5611 0.5727 0.5496 0.5658 0.6236 0.5912 0.5866 0.6374 0.415 0.4727 0.475 0.4496 0.475 0.498 0.4703 0.4727 0.5188 0.4958 0.4888 0.5096 0.5488 0.528 0.5419 0.6088 0.5788 0.5742 0.6249 0.6203
0.0463 0.3797 1.0 0.2668 0.2299 0.2276 0.2852 0.2576 0.2391 0.2737 0.2668 0.2507 0.2713 0.3128 0.2852 0.2874 0.3381 0.3381 0.3289 0.3681 0.4003 0.3658 0.3797 0.4292 0.5032 0.4848 0.4593 0.5056 0.5194 0.4893 0.4893 0.5449 0.5287 0.5171 0.5611 0.5727 0.5496 0.5658 0.6236 0.5912 0.5866 0.6374 0.612 0.4727 0.475 0.4496 0.475 0.498 0.4703 0.4727 0.5188 0.4958 0.4888 0.5096 0.5488 0.528 0.5419 0.6088 0.5788 0.5742 0.6249 0.6203 0.5972
0.138 0.3842 1.0 0.2299 0.2276 0.2852 0.2576 0.2391 0.2737 0.2668 0.2507 0.2713 0.3128 0.2852 0.2874 0.3381 0.3381 0.3289 0.3681 0.4003 0.3658 0.3797 0.4211 0.5032 0.4848 0.4593 0.5056 0.5194 0.4893 0.4893 0.5449 0.5287 0.5171 0.5611 0.5727 0.5496 0.5658 0.6236 0.5912 0.5866 0.6374 0.612 0.5981 0.475 0.4496 0.475 0.498 0.4703 0.4727 0.5188 0.4958 0.4888 0.5096 0.5488 0.528 0.5419 0.6088 0.5788 0.5742 0.6249 0.6203 0.5972 0.6341
0.138 0.4188 1.0 0.2276 0.2852 0.2576 0.2391 0.2737 0.2668 0.2507 0.2713 0.3128 0.2852 0.2874 0.3381 0.3381 0.3289 0.3681 0.4003 0.3658 0.3797 0.4211 0.3797 0.4848 0.4593 0.5056 0.5194 0.4893 0.4893 0.5449 0.5287 0.5171 0.5611 0.5727 0.5496 0.5658 0.6236 0.5912 0.5866 0.6374 0.612 0.5981 0.6306 0.4496 0.475 0.498 0.4703 0.4727 0.5188 0.4958 0.4888 0.5096 0.5488 0.528 0.5419 0.6088 0.5788 0.5742 0.6249 0.6203 0.5972 0.6341 0.6457
0.015 0.3797 1.0 0.2852 0.2576 0.2391 0.2737 0.2668 0.2507 0.2713 0.3128 0.2852 0.2874 0.3381 0.3381 0.3289 0.3681 0.4003 0.3658 0.3797 0.4211 0.3797 0.3842 0.4593 0.5056 0.5194 0.4893 0.4893 0.5449 0.5287 0.5171 0.5611 0.5727 0.5496 0.5658 0.6236 0.5912 0.5866 0.6374 0.612 0.5981 0.6306 0.612 0.475 0.498 0.4703 0.4727 0.5188 0.4958 0.4888 0.5096 0.5488 0.528 0.5419 0.6088 0.5788 0.5742 0.6249 0.6203 0.5972 0.6341 0.6457 0.6111
0.1153 0.3866 1.0 0.2576 0.2391 0.2737 0.2668 0.2507 0.2713 0.3128 0.2852 0.2874 0.3381 0.3381 0.3289 0.3681 0.4003 0.3658 0.3797 0.4211 0.3797 0.3842 0.4188 0.5056 0.5194 0.4893 0.4893 0.5449 0.5287 0.5171 0.5611 0.5727 0.5496 0.5658 0.6236 0.5912 0.5866 0.6374 0.612 0.5981 0.6306 0.612 0.6004 0.498 0.4703 0.4727 0.5188 0.4958 0.4888 0.5096 0.5488 0.528 0.5419 0.6088 0.5788 0.5742 0.6249 0.6203 0.5972 0.6341 0.6457 0.6111 0.6503
0.1303 0.4257 1.0 0.2391 0.2737 0.2668 0.2507 0.2713 0.3128 0.2852 0.2874 0.3381 0.3381 0.3289 0.3681 0.4003 0.3658 0.3797 0.4211 0.3797 0.3842 0.4188 0.3797 0.5194 0.4893 0.4893 0.5449 0.5287 0.5171 0.5611 0.5727 0.5496 0.5658 0.6236 0.5912 0.5866 0.6374 0.612 0.5981 0.6306 0.612 0.6004 0.6236 0.4703 0.4727 0.5188 0.4958 0.4888 0.5096 0.5488 0.528 0.5419 0.6088 0.5788 0.5742 0.6249 0.6203 0.5972 0.6341 0.6457 0.6111 0.6503 0.6526
0.023 0.3842 1.0 0.2737 0.2668 0.2507 0.2713 0.3128 0.2852 0.2874 0.3381 0.3381 0.3289 0.3681 0.4003 0.3658 0.3797 0.4211 0.3797 0.3842 0.4188 0.3797 0.3866 0.4893 0.4893 0.5449 0.5287 0.5171 0.5611 0.5727 0.5496 0.5658 0.6236 0.5912 0.5866 0.6374 0.612 0.5981 0.6306 0.612 0.6004 0.6236 0.6167 0.4727 0.5188 0.4958 0.4888 0.5096 0.5488 0.528 0.5419 0.6088 0.5788 0.5742 0.6249 0.6203 0.5972 0.6341 0.6457 0.6111 0.6503 0.6526 0.6133
0.1303 0.4003 1.0 0.2668 0.2507 0.2713 0.3128 0.2852 0.2874 0.3381 0.3381 0.3289 0.3681 0.4003 0.3658 0.3797 0.4211 0.3797 0.3842 0.4188 0.3797 0.3866 0.4257 0.4893 0.5449 0.5287 0.5171 0.5611 0.5727 0.5496 0.5658 0.6236 0.5912 0.5866 0.6374 0.612 0.5981 0.6306 0.612 0.6004 0.6236 0.6167 0.6051 0.5188 0.4958 0.4888 0.5096 0.5488 0.528 0.5419 0.6088 0.5788 0.5742 0.6249 0.6203 0.5972 0.6341 0.6457 0.6111 0.6503 0.6526 0.6133 0.648
0.1383 0.4349 1.0 0.2507 0.2713 0.3128 0.2852 0.2874 0.3381 0.3381 0.3289 0.3681 0.4003 0.3658 0.3797 0.4211 0.3797 0.3842 0.4188 0.3797 0.3866 0.4257 0.3842 0.5449 0.5287 0.5171 0.5611 0.5727 0.5496 0.5658 0.6236 0.5912 0.5866 0.6374 0.612 0.5981 0.6306 0.612 0.6004 0.6236 0.6167 0.6051 0.6398 0.4958 0.4888 0.5096 0.5488 0.528 0.5419 0.6088 0.5788 0.5742 0.6249 0.6203 0.5972 0.6341 0.6457 0.6111 0.6503 0.6526 0.6133 0.648 0.6411
0.0537 0.3888 1.0 0.2713 0.3128 0.2852 0.2874 0.3381 0.3381 0.3289 0.3681 0.4003 0.3658 0.3797 0.4211 0.3797 0.3842 0.4188 0.3797 0.3866 0.4257 0.3842 0.4003 0.5287 0.5171 0.5611 0.5727 0.5496 0.5658 0.6236 0.5912 0.5866 0.6374 0.612 0.5981 0.6306 0.612 0.6004 0.6236 0.6167 0.6051 0.6398 0.6259 0.4888 0.5096 0.5488 0.528 0.5419 0.6088 0.5788 0.5742 0.6249 0.6203 0.5972 0.6341 0.6457 0.6111 0.6503 0.6526 0.6133 0.648 0.6411 0.6088
0.1153 0.3958 1.0 0.3128 0.2852 0.2874 0.3381 0.3381 0.3289 0.3681 0.4003 0.3658 0.3797 0.4211 0.3797 0.3842 0.4188 0.3797 0.3866 0.4257 0.3842 0.4003 0.4349 0.5171 0.5611 0.5727 0.5496 0.5658 0.6236 0.5912 0.5866 0.6374 0.612 0.5981 0.6306 0.612 0.6004 0.6236 0.6167 0.6051 0.6398 0.6259 0.6098 0.5096 0.5488 0.528 0.5419 0.6088 0.5788 0.5742 0.6249 0.6203 0.5972 0.6341 0.6457 0.6111 0.6503 0.6526 0.6133 0.648 0.6411 0.6088 0.6457
0.1537 0.4418 1.0 0.2852 0.2874 0.3381 0.3381 0.3289 0.3681 0.4003 0.3658 0.3797 0.4211 0.3797 0.3842 0.4188 0.3797 0.3866 0.4257 0.3842 0.4003 0.4349 0.3888 0.5611 0.5727 0.5496 0.5658 0.6236 0.5912 0.5866 0.6374 0.612 0.5981 0.6306 0.612 0.6004 0.6236 0.6167 0.6051 0.6398 0.6259 0.6098 0.6513 0.5488 0.528 0.5419 0.6088 0.5788 0.5742 0.6249 0.6203 0.5972 0.6341 0.6457 0.6111 0.6503 0.6526 0.6133 0.648 0.6411 0.6088 0.6457 0.6596
0.0233 0.4003 1.0 0.2874 0.3381 0.3381 0.3289 0.3681 0.4003 0.3658 0.3797 0.4211 0.3797 0.3842 0.4188 0.3797 0.3866 0.4257 0.3842 0.4003 0.4349 0.3888 0.3958 0.5727 0.5496 0.5658 0.6236 0.5912 0.5866 0.6374 0.612 0.5981 0.6306 0.612 0.6004 0.6236 0.6167 0.6051 0.6398 0.6259 0.6098 0.6513 0.6329 0.528 0.5419 0.6088 0.5788 0.5742 0.6249 0.6203 0.5972 0.6341 0.6457 0.6111 0.6503 0.6526 0.6133 0.648 0.6411 0.6088 0.6457 0.6596 0.6203
0.1533 0.4072 1.0 0.3381 0.3381 0.3289 0.3681 0.4003 0.3658 0.3797 0.4211 0.3797 0.3842 0.4188 0.3797 0.3866 0.4257 0.3842 0.4003 0.4349 0.3888 0.3958 0.4418 0.5496 0.5658 0.6236 0.5912 0.5866 0.6374 0.612 0.5981 0.6306 0.612 0.6004 0.6236 0.6167 0.6051 0.6398 0.6259 0.6098 0.6513 0.6329 0.612 0.5419 0.6088 0.5788 0.5742 0.6249 0.6203 0.5972 0.6341 0.6457 0.6111 0.6503 0.6526 0.6133 0.648 0.6411 0.6088 0.6457 0.6596 0.6203 0.6688
0.1383 0.4671 1.0 0.3381 0.3289 0.3681 0.4003 0.3658 0.3797 0.4211 0.3797 0.3842 0.4188 0.3797 0.3866 0.4257 0.3842 0.4003 0.4349 0.3888 0.3958 0.4418 0.4003 0.5658 0.6236 0.5912 0.5866 0.6374 0.612 0.5981 0.6306 0.612 0.6004 0.6236 0.6167 0.6051 0.6398 0.6259 0.6098 0.6513 0.6329 0.612 0.663 0.6088 0.5788 0.5742 0.6249 0.6203 0.5972 0.6341 0.6457 0.6111 0.6503 0.6526 0.6133 0.648 0.6411 0.6088 0.6457 0.6596 0.6203 0.6688 0.6757
0.023 0.4188 1.0 0.3289 0.3681 0.4003 0.3658 0.3797 0.4211 0.3797 0.3842 0.4188 0.3797 0.3866 0.4257 0.3842 0.4003 0.4349 0.3888 0.3958 0.4418 0.4003 0.4072 0.6236 0.5912 0.5866 0.6374 0.612 0.5981 0.6306 0.612 0.6004 0.6236 0.6167 0.6051 0.6398 0.6259 0.6098 0.6513 0.6329 0.612 0.663 0.656 0.5788 0.5742 0.6249 0.6203 0.5972 0.6341 0.6457 0.6111 0.6503 0.6526 0.6133 0.648 0.6411 0.6088 0.6457 0.6596 0.6203 0.6688 0.6757 0.6319
0.1997 0.4072 1.0 0.3681 0.4003 0.3658 0.3797 0.4211 0.3797 0.3842 0.4188 0.3797 0.3866 0.4257 0.3842 0.4003 0.4349 0.3888 0.3958 0.4418 0.4003 0.4072 0.4671 0.5912 0.5866 0.6374 0.612 0.5981 0.6306 0.612 0.6004 0.6236 0.6167 0.6051 0.6398 0.6259 0.6098 0.6513 0.6329 0.612 0.663 0.656 0.6282 0.5742 0.6249 0.6203 0.5972 0.6341 0.6457 0.6111 0.6503 0.6526 0.6133 0.648 0.6411 0.6088 0.6457 0.6596 0.6203 0.6688 0.6757 0.6319 0.6688
0.161 0.4832 1.0 0.4003 0.3658 0.3797 0.4211 0.3797 0.3842 0.4188 0.3797 0.3866 0.4257 0.3842 0.4003 0.4349 0.3888 0.3958 0.4418 0.4003 0.4072 0.4671 0.4188 0.5866 0.6374 0.612 0.5981 0.6306 0.612 0.6004 0.6236 0.6167 0.6051 0.6398 0.6259 0.6098 0.6513 0.6329 0.612 0.663 0.656 0.6282 0.6791 0.6249 0.6203 0.5972 0.6341 0.6457 0.6111 0.6503 0.6526 0.6133 0.648 0.6411 0.6088 0.6457 0.6596 0.6203 0.6688 0.6757 0.6319 0.6688 0.6988
0.0387 0.4372 1.0 0.3658 0.3797 0.4211 0.3797 0.3842 0.4188 0.3797 0.3866 0.4257 0.3842 0.4003 0.4349 0.3888 0.3958 0.4418 0.4003 0.4072 0.4671 0.4188 0.4072 0.6374 0.612 0.5981 0.6306 0.612 0.6004 0.6236 0.6167 0.6051 0.6398 0.6259 0.6098 0.6513 0.6329 0.612 0.663 0.656 0.6282 0.6791 0.6769 0.6203 0.5972 0.6341 0.6457 0.6111 0.6503 0.6526 0.6133 0.648 0.6411 0.6088 0.6457 0.6596 0.6203 0.6688 0.6757 0.6319 0.6688 0.6988 0.6503
0.2533 0.405 1.0 0.3797 0.4211 0.3797 0.3842 0.4188 0.3797 0.3866 0.4257 0.3842 0.4003 0.4349 0.3888 0.3958 0.4418 0.4003 0.4072 0.4671 0.4188 0.4072 0.4832 0.612 0.5981 0.6306 0.612 0.6004 0.6236 0.6167 0.6051 0.6398 0.6259 0.6098 0.6513 0.6329 0.612 0.663 0.656 0.6282 0.6791 0.6769 0.6444 0.5972 0.6341 0.6457 0.6111 0.6503 0.6526 0.6133 0.648 0.6411 0.6088 0.6457 0.6596 0.6203 0.6688 0.6757 0.6319 0.6688 0.6988 0.6503 0.6664
0.1533 0.481 1.0 0.4211 0.3797 0.3842 0.4188 0.3797 0.3866 0.4257 0.3842 0.4003 0.4349 0.3888 0.3958 0.4418 0.4003 0.4072 0.4671 0.4188 0.4072 0.4832 0.4372 0.5981 0.6306 0.612 0.6004 0.6236 0.6167 0.6051 0.6398 0.6259 0.6098 0.6513 0.6329 0.612 0.663 0.656 0.6282 0.6791 0.6769 0.6444 0.6838 0.6341 0.6457 0.6111 0.6503 0.6526 0.6133 0.648 0.6411 0.6088 0.6457 0.6596 0.6203 0.6688 0.6757 0.6319 0.6688 0.6988 0.6503 0.6664 0.7126
0.1073 0.4441 1.0 0.3797 0.3842 0.4188 0.3797 0.3866 0.4257 0.3842 0.4003 0.4349 0.3888 0.3958 0.4418 0.4003 0.4072 0.4671 0.4188 0.4072 0.4832 0.4372 0.405 0.6306 0.612 0.6004 0.6236 0.6167 0.6051 0.6398 0.6259 0.6098 0.6513 0.6329 0.612 0.663 0.656 0.6282 0.6791 0.6769 0.6444 0.6838 0.693 0.6457 0.6111 0.6503 0.6526 0.6133 0.648 0.6411 0.6088 0.6457 0.6596 0.6203 0.6688 0.6757 0.6319 0.6688 0.6988 0.6503 0.6664 0.7126 0.6596
0.2533 0.398 1.0 0.3842 0.4188 0.3797 0.3866 0.4257 0.3842 0.4003 0.4349 0.3888 0.3958 0.4418 0.4003 0.4072 0.4671 0.4188 0.4072 0.4832 0.4372 0.405 0.481 0.612 0.6004 0.6236 0.6167 0.6051 0.6398 0.6259 0.6098 0.6513 0.6329 0.612 0.663 0.656 0.6282 0.6791 0.6769 0.6444 0.6838 0.693 0.6513 0.6111 0.6503 0.6526 0.6133 0.648 0.6411 0.6088 0.6457 0.6596 0.6203 0.6688 0.6757 0.6319 0.6688 0.6988 0.6503 0.6664 0.7126 0.6596 0.6549
0.123 0.4718 1.0 0.4188 0.3797 0.3866 0.4257 0.3842 0.4003 0.4349 0.3888 0.3958 0.4418 0.4003 0.4072 0.4671 0.4188 0.4072 0.4832 0.4372 0.405 0.481 0.4441 0.6004 0.6236 0.6167 0.6051 0.6398 0.6259 0.6098 0.6513 0.6329 0.612 0.663 0.656 0.6282 0.6791 0.6769 0.6444 0.6838 0.693 0.6513 0.6722 0.6503 0.6526 0.6133 0.648 0.6411 0.6088 0.6457 0.6596 0.6203 0.6688 0.6757 0.6319 0.6688 0.6988 0.6503 0.6664 0.7126 0.6596 0.6549 0.7126
0.1537 0.4441 1.0 0.3797 0.3866 0.4257 0.3842 0.4003 0.4349 0.3888 0.3958 0.4418 0.4003 0.4072 0.4671 0.4188 0.4072 0.4832 0.4372 0.405 0.481 0.4441 0.398 0.6236 0.6167 0.6051 0.6398 0.6259 0.6098 0.6513 0.6329 0.612 0.663 0.656 0.6282 0.6791 0.6769 0.6444 0.6838 0.693 0.6513 0.6722 0.7 0.6526 0.6133 0.648 0.6411 0.6088 0.6457 0.6596 0.6203 0.6688 0.6757 0.6319 0.6688 0.6988 0.6503 0.6664 0.7126 0.6596 0.6549 0.7126 0.6572
0.246 0.3958 1.0 0.3866 0.4257 0.3842 0.4003 0.4349 0.3888 0.3958 0.4418 0.4003 0.4072 0.4671 0.4188 0.4072 0.4832 0.4372 0.405 0.481 0.4441 0.398 0.4718 0.6167 0.6051 0.6398 0.6259 0.6098 0.6513 0.6329 0.612 0.663 0.656 0.6282 0.6791 0.6769 0.6444 0.6838 0.693 0.6513 0.6722 0.7 0.6537 0.6133 0.648 0.6411 0.6088 0.6457 0.6596 0.6203 0.6688 0.6757 0.6319 0.6688 0.6988 0.6503 0.6664 0.7126 0.6596 0.6549 0.7126 0.6572 0.6319
0.0923 0.4441 1.0 0.4257 0.3842 0.4003 0.4349 0.3888 0.3958 0.4418 0.4003 0.4072 0.4671 0.4188 0.4072 0.4832 0.4372 0.405 0.481 0.4441 0.398 0.4718 0.4441 0.6051 0.6398 0.6259 0.6098 0.6513 0.6329 0.612 0.663 0.656 0.6282 0.6791 0.6769 0.6444 0.6838 0.693 0.6513 0.6722 0.7 0.6537 0.6513 0.648 0.6411 0.6088 0.6457 0.6596 0.6203 0.6688 0.6757 0.6319 0.6688 0.6988 0.6503 0.6664 0.7126 0.6596 0.6549 0.7126 0.6572 0.6319 0.701
0.161 0.4441 1.0 0.3842 0.4003 0.4349 0.3888 0.3958 0.4418 0.4003 0.4072 0.4671 0.4188 0.4072 0.4832 0.4372 0.405 0.481 0.4441 0.398 0.4718 0.4441 0.3958 0.6398 0.6259 0.6098 0.6513 0.6329 0.612 0.663 0.656 0.6282 0.6791 0.6769 0.6444 0.6838 0.693 0.6513 0.6722 0.7 0.6537 0.6513 0.7 0.6411 0.6088 0.6457 0.6596 0.6203 0.6688 0.6757 0.6319 0.6688 0.6988 0.6503 0.6664 0.7126 0.6596 0.6549 0.7126 0.6572 0.6319 0.701 0.6526
0.161 0.3934 1.0 0.4003 0.4349 0.3888 0.3958 0.4418 0.4003 0.4072 0.4671 0.4188 0.4072 0.4832 0.4372 0.405 0.481 0.4441 0.398 0.4718 0.4441 0.3958 0.4441 0.6259 0.6098 0.6513 0.6329 0.612 0.663 0.656 0.6282 0.6791 0.6769 0.6444 0.6838 0.693 0.6513 0.6722 0.7 0.6537 0.6513 0.7 0.6513 0.6088 0.6457 0.6596 0.6203 0.6688 0.6757 0.6319 0.6688 0.6988 0.6503 0.6664 0.7126 0.6596 0.6549 0.7126 0.6572 0.6319 0.701 0.6526 0.6157
0.0 0.4072 1.0 0.4349 0.3888 0.3958 0.4418 0.4003 0.4072 0.4671 0.4188 0.4072 0.4832 0.4372 0.405 0.481 0.4441 0.398 0.4718 0.4441 0.3958 0.4441 0.4441 0.6098 0.6513 0.6329 0.612 0.663 0.656 0.6282 0.6791 0.6769 0.6444 0.6838 0.693 0.6513 0.6722 0.7 0.6537 0.6513 0.7 0.6513 0.6329 0.6457 0.6596 0.6203 0.6688 0.6757 0.6319 0.6688 0.6988 0.6503 0.6664 0.7126 0.6596 0.6549 0.7126 0.6572 0.6319 0.701 0.6526 0.6157 0.6757
0.169 0.4396 1.0 0.3888 0.3958 0.4418 0.4003 0.4072 0.4671 0.4188 0.4072 0.4832 0.4372 0.405 0.481 0.4441 0.398 0.4718 0.4441 0.3958 0.4441 0.4441 0.3934 0.6513 0.6329 0.612 0.663 0.656 0.6282 0.6791 0.6769 0.6444 0.6838 0.693 0.6513 0.6722 0.7 0.6537 0.6513 0.7 0.6513 0.6329 0.6908 0.6596 0.6203 0.6688 0.6757 0.6319 0.6688 0.6988 0.6503 0.6664 0.7126 0.6596 0.6549 0.7126 0.6572 0.6319 0.701 0.6526 0.6157 0.6757 0.6503
0.046 0.3958 1.0 0.3958 0.4418 0.4003 0.4072 0.4671 0.4188 0.4072 0.4832 0.4372 0.405 0.481 0.4441 0.398 0.4718 0.4441 0.3958 0.4441 0.4441 0.3934 0.4072 0.6329 0.612 0.663 0.656 0.6282 0.6791 0.6769 0.6444 0.6838 0.693 0.6513 0.6722 0.7 0.6537 0.6513 0.7 0.6513 0.6329 0.6908 0.6583 0.6203 0.6688 0.6757 0.6319 0.6688 0.6988 0.6503 0.6664 0.7126 0.6596 0.6549 0.7126 0.6572 0.6319 0.701 0.6526 0.6157 0.6757 0.6503 0.6133
0.108 0.3566 1.0 0.4418 0.4003 0.4072 0.4671 0.4188 0.4072 0.4832 0.4372 0.405 0.481 0.4441 0.398 0.4718 0.4441 0.3958 0.4441 0.4441 0.3934 0.4072 0.4396 0.612 0.663 0.656 0.6282 0.6791 0.6769 0.6444 0.6838 0.693 0.6513 0.6722 0.7 0.6537 0.6513 0.7 0.6513 0.6329 0.6908 0.6583 0.6259 0.6688 0.6757 0.6319 0.6688 0.6988 0.6503 0.6664 0.7126 0.6596 0.6549 0.7126 0.6572 0.6319 0.701 0.6526 0.6157 0.6757 0.6503 0.6133 0.6388
0.146 0.3267 1.0 0.4003 0.4072 0.4671 0.4188 0.4072 0.4832 0.4372 0.405 0.481 0.4441 0.398 0.4718 0.4441 0.3958 0.4441 0.4441 0.3934 0.4072 0.4396 0.3958 0.663 0.656 0.6282 0.6791 0.6769 0.6444 0.6838 0.693 0.6513 0.6722 0.7 0.6537 0.6513 0.7 0.6513 0.6329 0.6908 0.6583 0.6259 0.6098 0.6757 0.6319 0.6688 0.6988 0.6503 0.6664 0.7126 0.6596 0.6549 0.7126 0.6572 0.6319 0.701 0.6526 0.6157 0.6757 0.6503 0.6133 0.6388 0.6249
0.1307 0.3059 1.0 0.4072 0.4671 0.4188 0.4072 0.4832 0.4372 0.405 0.481 0.4441 0.398 0.4718 0.4441 0.3958 0.4441 0.4441 0.3934 0.4072 0.4396 0.3958 0.3566 0.656 0.6282 0.6791 0.6769 0.6444 0.6838 0.693 0.6513 0.6722 0.7 0.6537 0.6513 0.7 0.6513 0.6329 0.6908 0.6583 0.6259 0.6098 0.5936 0.6319 0.6688 0.6988 0.6503 0.6664 0.7126 0.6596 0.6549 0.7126 0.6572 0.6319 0.701 0.6526 0.6157 0.6757 0.6503 0.6133 0.6388 0.6249 0.5927
0.0997 0.2829 1.0 0.4671 0.4188 0.4072 0.4832 0.4372 0.405 0.481 0.4441 0.398 0.4718 0.4441 0.3958 0.4441 0.4441 0.3934 0.4072 0.4396 0.3958 0.3566 0.3267 0.6282 0.6791 0.6769 0.6444 0.6838 0.693 0.6513 0.6722 0.7 0.6537 0.6513 0.7 0.6513 0.6329 0.6908 0.6583 0.6259 0.6098 0.5936 0.5703 0.6688 0.6988 0.6503 0.6664 0.7126 0.6596 0.6549 0.7126 0.6572 0.6319 0.701 0.6526 0.6157 0.6757 0.6503 0.6133 0.6388 0.6249 0.5927 0.5649
0.0693 0.2576 1.0 0.4188 0.4072 0.4832 0.4372 0.405 0.481 0.4441 0.398 0.4718 0.4441 0.3958 0.4441 0.4441 0.3934 0.4072 0.4396 0.3958 0.3566 0.3267 0.3059 0.6791 0.6769 0.6444 0.6838 0.693 0.6513 0.6722 0.7 0.6537 0.6513 0.7 0.6513 0.6329 0.6908 0.6583 0.6259 0.6098 0.5936 0.5703 0.5472 0.6988 0.6503 0.6664 0.7126 0.6596 0.6549 0.7126 0.6572 0.6319 0.701 0.6526 0.6157 0.6757 0.6503 0.6133 0.6388 0.6249 0.5927 0.5649 0.5442
0.0767 0.2507 1.0 0.4072 0.4832 0.4372 0.405 0.481 0.4441 0.398 0.4718 0.4441 0.3958 0.4441 0.4441 0.3934 0.4072 0.4396 0.3958 0.3566 0.3267 0.3059 0.2829 0.6769 0.6444 0.6838 0.693 0.6513 0.6722 0.7 0.6537 0.6513 0.7 0.6513 0.6329 0.6908 0.6583 0.6259 0.6098 0.5936 0.5703 0.5472 0.5333 0.6503 0.6664 0.7126 0.6596 0.6549 0.7126 0.6572 0.6319 0.701 0.6526 0.6157 0.6757 0.6503 0.6133 0.6388 0.6249 0.5927 0.5649 0.5442 0.5303
0.0843 0.2299 1.0 0.4832 0.4372 0.405 0.481 0.4441 0.398 0.4718 0.4441 0.3958 0.4441 0.4441 0.3934 0.4072 0.4396 0.3958 0.3566 0.3267 0.3059 0.2829 0.2576 0.6444 0.6838 0.693 0.6513 0.6722 0.7 0.6537 0.6513 0.7 0.6513 0.6329 0.6908 0.6583 0.6259 0.6098 0.5936 0.5703 0.5472 0.5333 0.5194 0.6664 0.7126 0.6596 0.6549 0.7126 0.6572 0.6319 0.701 0.6526 0.6157 0.6757 0.6503 0.6133 0.6388 0.6249 0.5927 0.5649 0.5442 0.5303 0.505
0.023 0.2092 1.0 0.4372 0.405 0.481 0.4441 0.398 0.4718 0.4441 0.3958 0.4441 0.4441 0.3934 0.4072 0.4396 0.3958 0.3566 0.3267 0.3059 0.2829 0.2576 0.2507 0.6838 0.693 0.6513 0.6722 0.7 0.6537 0.6513 0.7 0.6513 0.6329 0.6908 0.6583 0.6259 0.6098 0.5936 0.5703 0.5472 0.5333 0.5194 0.4963 0.7126 0.6596 0.6549 0.7126 0.6572 0.6319 0.701 0.6526 0.6157 0.6757 0.6503 0.6133 0.6388 0.6249 0.5927 0.5649 0.5442 0.5303 0.505 0.4911
0.0693 0.2 1.0 0.405 0.481 0.4441 0.398 0.4718 0.4441 0.3958 0.4441 0.4441 0.3934 0.4072 0.4396 0.3958 0.3566 0.3267 0.3059 0.2829 0.2576 0.2507 0.2299 0.693 0.6513 0.6722 0.7 0.6537 0.6513 0.7 0.6513 0.6329 0.6908 0.6583 0.6259 0.6098 0.5936 0.5703 0.5472 0.5333 0.5194 0.4963 0.4848 0.6596 0.6549 0.7126 0.6572 0.6319 0.701 0.6526 0.6157 0.6757 0.6503 0.6133 0.6388 0.6249 0.5927 0.5649 0.5442 0.5303 0.505 0.4911 0.4796
0.069 0.1861 1.0 0.481 0.4441 0.398 0.4718 0.4441 0.3958 0.4441 0.4441 0.3934 0.4072 0.4396 0.3958 0.3566 0.3267 0.3059 0.2829 0.2576 0.2507 0.2299 0.2092 0.6513 0.6722 0.7 0.6537 0.6513 0.7 0.6513 0.6329 0.6908 0.6583 0.6259 0.6098 0.5936 0.5703 0.5472 0.5333 0.5194 0.4963 0.4848 0.4732 0.6549 0.7126 0.6572 0.6319 0.701 0.6526 0.6157 0.6757 0.6503 0.6133 0.6388 0.6249 0.5927 0.5649 0.5442 0.5303 0.505 0.4911 0.4796 0.4611
0.0307 0.1654 1.0 0.4441 0.398 0.4718 0.4441 0.3958 0.4441 0.4441 0.3934 0.4072 0.4396 0.3958 0.3566 0.3267 0.3059 0.2829 0.2576 0.2507 0.2299 0.2092 0.2 0.6722 0.7 0.6537 0.6513 0.7 0.6513 0.6329 0.6908 0.6583 0.6259 0.6098 0.5936 0.5703 0.5472 0.5333 0.5194 0.4963 0.4848 0.4732 0.45 0.7126 0.6572 0.6319 0.701 0.6526 0.6157 0.6757 0.6503 0.6133 0.6388 0.6249 0.5927 0.5649 0.5442 0.5303 0.505 0.4911 0.4796 0.4611 0.4427
0.0463 0.1631 1.0 0.398 0.4718 0.4441 0.3958 0.4441 0.4441 0.3934 0.4072 0.4396 0.3958 0.3566 0.3267 0.3059 0.2829 0.2576 0.2507 0.2299 0.2092 0.2 0.1861 0.7 0.6537 0.6513 0.7 0.6513 0.6329 0.6908 0.6583 0.6259 0.6098 0.5936 0.5703 0.5472 0.5333 0.5194 0.4963 0.4848 0.4732 0.45 0.4384 0.6572 0.6319 0.701 0.6526 0.6157 0.6757 0.6503 0.6133 0.6388 0.6249 0.5927 0.5649 0.5442 0.5303 0.505 0.4911 0.4796 0.4611 0.4427 0.4403
0.069 0.1562 1.0 0.4718 0.4441 0.3958 0.4441 0.4441 0.3934 0.4072 0.4396 0.3958 0.3566 0.3267 0.3059 0.2829 0.2576 0.2507 0.2299 0.2092 0.2 0.1861 0.1654 0.6537 0.6513 0.7 0.6513 0.6329 0.6908 0.6583 0.6259 0.6098 0.5936 0.5703 0.5472 0.5333 0.5194 0.4963 0.4848 0.4732 0.45 0.4384 0.4316 0.6319 0.701 0.6526 0.6157 0.6757 0.6503 0.6133 0.6388 0.6249 0.5927 0.5649 0.5442 0.5303 0.505 0.4911 0.4796 0.4611 0.4427 0.4403 0.4219
0.0077 0.1378 1.0 0.4441 0.3958 0.4441 0.4441 0.3934 0.4072 0.4396 0.3958 0.3566 0.3267 0.3059 0.2829 0.2576 0.2507 0.2299 0.2092 0.2 0.1861 0.1654 0.1631 0.6513 0.7 0.6513 0.6329 0.6908 0.6583 0.6259 0.6098 0.5936 0.5703 0.5472 0.5333 0.5194 0.4963 0.4848 0.4732 0.45 0.4384 0.4316 0.413 0.701 0.6526 0.6157 0.6757 0.6503 0.6133 0.6388 0.6249 0.5927 0.5649 0.5442 0.5303 0.505 0.4911 0.4796 0.4611 0.4427 0.4403 0.4219 0.4058
0.023 0.1354 1.0 0.3958 0.4441 0.4441 0.3934 0.4072 0.4396 0.3958 0.3566 0.3267 0.3059 0.2829 0.2576 0.2507 0.2299 0.2092 0.2 0.1861 0.1654 0.1631 0.1562 0.7 0.6513 0.6329 0.6908 0.6583 0.6259 0.6098 0.5936 0.5703 0.5472 0.5333 0.5194 0.4963 0.4848 0.4732 0.45 0.4384 0.4316 0.413 0.3991 0.6526 0.6157 0.6757 0.6503 0.6133 0.6388 0.6249 0.5927 0.5649 0.5442 0.5303 0.505 0.4911 0.4796 0.4611 0.4427 0.4403 0.4219 0.4058 0.4081
0.0613 0.1331 1.0 0.4441 0.4441 0.3934 0.4072 0.4396 0.3958 0.3566 0.3267 0.3059 0.2829 0.2576 0.2507 0.2299 0.2092 0.2 0.1861 0.1654 0.1631 0.1562 0.1378 0.6513 0.6329 0.6908 0.6583 0.6259 0.6098 0.5936 0.5703 0.5472 0.5333 0.5194 0.4963 0.4848 0.4732 0.45 0.4384 0.4316 0.413 0.3991 0.4014 0.6157 0.6757 0.6503 0.6133 0.6388 0.6249 0.5927 0.5649 0.5442 0.5303 0.505 0.4911 0.4796 0.4611 0.4427 0.4403 0.4219 0.4058 0.4081 0.3942
0.008 0.1148 1.0 0.4441 0.3934 0.4072 0.4396 0.3958 0.3566 0.3267 0.3059 0.2829 0.2576 0.2507 0.2299 0.2092 0.2 0.1861 0.1654 0.1631 0.1562 0.1378 0.1354 0.6329 0.6908 0.6583 0.6259 0.6098 0.5936 0.5703 0.5472 0.5333 0.5194 0.4963 0.4848 0.4732 0.45 0.4384 0.4316 0.413 0.3991 0.4014 0.3852 0.6757 0.6503 0.6133 0.6388 0.6249 0.5927 0.5649 0.5442 0.5303 0.505 0.4911 0.4796 0.4611 0.4427 0.4403 0.4219 0.4058 0.4081 0.3942 0.3781
0.0077 0.1078 1.0 0.3934 0.4072 0.4396 0.3958 0.3566 0.3267 0.3059 0.2829 0.2576 0.2507 0.2299 0.2092 0.2 0.1861 0.1654 0.1631 0.1562 0.1378 0.1354 0.1331 0.6908 0.6583 0.6259 0.6098 0.5936 0.5703 0.5472 0.5333 0.5194 0.4963 0.4848 0.4732 0.45 0.4384 0.4316 0.413 0.3991 0.4014 0.3852 0.369 0.6503 0.6133 0.6388 0.6249 0.5927 0.5649 0.5442 0.5303 0.505 0.4911 0.4796 0.4611 0.4427 0.4403 0.4219 0.4058 0.4081 0.3942 0.3781 0.3781
0.061 0.1032 1.0 0.4072 0.4396 0.3958 0.3566 0.3267 0.3059 0.2829 0.2576 0.2507 0.2299 0.2092 0.2 0.1861 0.1654 0.1631 0.1562 0.1378 0.1354 0.1331 0.1148 0.6583 0.6259 0.6098 0.5936 0.5703 0.5472 0.5333 0.5194 0.4963 0.4848 0.4732 0.45 0.4384 0.4316 0.413 0.3991 0.4014 0.3852 0.369 0.369 0.6133 0.6388 0.6249 0.5927 0.5649 0.5442 0.5303 0.505 0.4911 0.4796 0.4611 0.4427 0.4403 0.4219 0.4058 0.4081 0.3942 0.3781 0.3781 0.3712
0.0233 0.0894 1.0 0.4396 0.3958 0.3566 0.3267 0.3059 0.2829 0.2576 0.2507 0.2299 0.2092 0.2 0.1861 0.1654 0.1631 0.1562 0.1378 0.1354 0.1331 0.1148 0.1078 0.6259 0.6098 0.5936 0.5703 0.5472 0.5333 0.5194 0.4963 0.4848 0.4732 0.45 0.4384 0.4316 0.413 0.3991 0.4014 0.3852 0.369 0.369 0.3551 0.6388 0.6249 0.5927 0.5649 0.5442 0.5303 0.505 0.4911 0.4796 0.4611 0.4427 0.4403 0.4219 0.4058 0.4081 0.3942 0.3781 0.3781 0.3712 0.3528
0.0153 0.0779 1.0 0.3958 0.3566 0.3267 0.3059 0.2829 0.2576 0.2507 0.2299 0.2092 0.2 0.1861 0.1654 0.1631 0.1562 0.1378 0.1354 0.1331 0.1148 0.1078 0.1032 0.6098 0.5936 0.5703 0.5472 0.5333 0.5194 0.4963 0.4848 0.4732 0.45 0.4384 0.4316 0.413 0.3991 0.4014 0.3852 0.369 0.369 0.3551 0.3389 0.6249 0.5927 0.5649 0.5442 0.5303 0.505 0.4911 0.4796 0.4611 0.4427 0.4403 0.4219 0.4058 0.4081 0.3942 0.3781 0.3781 0.3712 0.3528 0.3481
0.046 0.071 1.0 0.3566 0.3267 0.3059 0.2829 0.2576 0.2507 0.2299 0.2092 0.2 0.1861 0.1654 0.1631 0.1562 0.1378 0.1354 0.1331 0.1148 0.1078 0.1032 0.0894 0.5936 0.5703 0.5472 0.5333 0.5194 0.4963 0.4848 0.4732 0.45 0.4384 0.4316 0.413 0.3991 0.4014 0.3852 0.369 0.369 0.3551 0.3389 0.3367 0.5927 0.5649 0.5442 0.5303 0.505 0.4911 0.4796 0.4611 0.4427 0.4403 0.4219 0.4058 0.4081 0.3942 0.3781 0.3781 0.3712 0.3528 0.3481 0.3389
0.0383 0.0594 1.0 0.3267 0.3059 0.2829 0.2576 0.2507 0.2299 0.2092 0.2 0.1861 0.1654 0.1631 0.1562 0.1378 0.1354 0.1331 0.1148 0.1078 0.1032 0.0894 0.0779 0.5703 0.5472 0.5333 0.5194 0.4963 0.4848 0.4732 0.45 0.4384 0.4316 0.413 0.3991 0.4014 0.3852 0.369 0.369 0.3551 0.3389 0.3367 0.3273 0.5649 0.5442 0.5303 0.505 0.4911 0.4796 0.4611 0.4427 0.4403 0.4219 0.4058 0.4081 0.3942 0.3781 0.3781 0.3712 0.3528 0.3481 0.3389 0.3273
0.023 0.0502 1.0 0.3059 0.2829 0.2576 0.2507 0.2299 0.2092 0.2 0.1861 0.1654 0.1631 0.1562 0.1378 0.1354 0.1331 0.1148 0.1078 0.1032 0.0894 0.0779 0.071 0.5472 0.5333 0.5194 0.4963 0.4848 0.4732 0.45 0.4384 0.4316 0.413 0.3991 0.4014 0.3852 0.369 0.369 0.3551 0.3389 0.3367 0.3273 0.3134 0.5442 0.5303 0.505 0.4911 0.4796 0.4611 0.4427 0.4403 0.4219 0.4058 0.4081 0.3942 0.3781 0.3781 0.3712 0.3528 0.3481 0.3389 0.3273 0.3181
0.0387 0.0457 1.0 0.2829 0.2576 0.2507 0.2299 0.2092 0.2 0.1861 0.1654 0.1631 0.1562 0.1378 0.1354 0.1331 0.1148 0.1078 0.1032 0.0894 0.0779 0.071 0.0594 0.5333 0.5194 0.4963 0.4848 0.4732 0.45 0.4384 0.4316 0.413 0.3991 0.4014 0.3852 0.369 0.369 0.3551 0.3389 0.3367 0.3273 0.3134 0.3066 0.5303 0.505 0.4911 0.4796 0.4611 0.4427 0.4403 0.4219 0.4058 0.4081 0.3942 0.3781 0.3781 0.3712 0.3528 0.3481 0.3389 0.3273 0.3181 0.3112
0.0307 0.0341 1.0 0.2576 0.2507 0.2299 0.2092 0.2 0.1861 0.1654 0.1631 0.1562 0.1378 0.1354 0.1331 0.1148 0.1078 0.1032 0.0894 0.0779 0.071 0.0594 0.0502 0.5194 0.4963 0.4848 0.4732 0.45 0.4384 0.4316 0.413 0.3991 0.4014 0.3852 0.369 0.369 0.3551 0.3389 0.3367 0.3273 0.3134 0.3066 0.2972 0.505 0.4911 0.4796 0.4611 0.4427 0.4403 0.4219 0.4058 0.4081 0.3942 0.3781 0.3781 0.3712 0.3528 0.3481 0.3389 0.3273 0.3181 0.3112 0.2997
0.015 0.0249 1.0 0.2507 0.2299 0.2092 0.2 0.1861 0.1654 0.1631 0.1562 0.1378 0.1354 0.1331 0.1148 0.1078 0.1032 0.0894 0.0779 0.071 0.0594 0.0502 0.0457 0.4963 0.4848 0.4732 0.45 0.4384 0.4316 0.413 0.3991 0.4014 0.3852 0.369 0.369 0.3551 0.3389 0.3367 0.3273 0.3134 0.3066 0.2972 0.2857 0.4911 0.4796 0.4611 0.4427 0.4403 0.4219 0.4058 0.4081 0.3942 0.3781 0.3781 0.3712 0.3528 0.3481 0.3389 0.3273 0.3181 0.3112 0.2997 0.2904
0.0387 0.018 1.0 0.2299 0.2092 0.2 0.1861 0.1654 0.1631 0.1562 0.1378 0.1354 0.1331 0.1148 0.1078 0.1032 0.0894 0.0779 0.071 0.0594 0.0502 0.0457 0.0341 0.4848 0.4732 0.45 0.4384 0.4316 0.413 0.3991 0.4014 0.3852 0.369 0.369 0.3551 0.3389 0.3367 0.3273 0.3134 0.3066 0.2972 0.2857 0.2811 0.4796 0.4611 0.4427 0.4403 0.4219 0.4058 0.4081 0.3942 0.3781 0.3781 0.3712 0.3528 0.3481 0.3389 0.3273 0.3181 0.3112 0.2997 0.2904 0.2859
0.0307 0.0088 1.0 0.2092 0.2 0.1861 0.1654 0.1631 0.1562 0.1378 0.1354 0.1331 0.1148 0.1078 0.1032 0.0894 0.0779 0.071 0.0594 0.0502 0.0457 0.0341 0.0249 0.4732 0.45 0.4384 0.4316 0.413 0.3991 0.4014 0.3852 0.369 0.369 0.3551 0.3389 0.3367 0.3273 0.3134 0.3066 0.2972 0.2857 0.2811 0.2718 0.4611 0.4427 0.4403 0.4219 0.4058 0.4081 0.3942 0.3781 0.3781 0.3712 0.3528 0.3481 0.3389 0.3273 0.3181 0.3112 0.2997 0.2904 0.2859 0.2743
0.023 0.0756 1.0 0.2 0.1861 0.1654 0.1631 0.1562 0.1378 0.1354 0.1331 0.1148 0.1078 0.1032 0.0894 0.0779 0.071 0.0594 0.0502 0.0457 0.0341 0.0249 0.018 0.45 0.4384 0.4316 0.413 0.3991 0.4014 0.3852 0.369 0.369 0.3551 0.3389 0.3367 0.3273 0.3134 0.3066 0.2972 0.2857 0.2811 0.2718 0.2626 0.4427 0.4403 0.4219 0.4058 0.4081 0.3942 0.3781 0.3781 0.3712 0.3528 0.3481 0.3389 0.3273 0.3181 0.3112 0.2997 0.2904 0.2859 0.2743 0.2673
0.0307 0.0963 1.0 0.1861 0.1654 0.1631 0.1562 0.1378 0.1354 0.1331 0.1148 0.1078 0.1032 0.0894 0.0779 0.071 0.0594 0.0502 0.0457 0.0341 0.0249 0.018 0.0088 0.4384 0.4316 0.413 0.3991 0.4014 0.3852 0.369 0.369 0.3551 0.3389 0.3367 0.3273 0.3134 0.3066 0.2972 0.2857 0.2811 0.2718 0.2626 0.2557 0.4403 0.4219 0.4058 0.4081 0.3942 0.3781 0.3781 0.3712 0.3528 0.3481 0.3389 0.3273 0.3181 0.3112 0.2997 0.2904 0.2859 0.2743 0.2673 0.2604
0.2227 0.071 1.0 0.1654 0.1631 0.1562 0.1378 0.1354 0.1331 0.1148 0.1078 0.1032 0.0894 0.0779 0.071 0.0594 0.0502 0.0457 0.0341 0.0249 0.018 0.0088 0.0756 0.4316 0.413 0.3991 0.4014 0.3852 0.369 0.369 0.3551 0.3389 0.3367 0.3273 0.3134 0.3066 0.2972 0.2857 0.2811 0.2718 0.2626 0.2557 0.2487 0.4219 0.4058 0.4081 0.3942 0.3781 0.3781 0.3712 0.3528 0.3481 0.3389 0.3273 0.3181 0.3112 0.2997 0.2904 0.2859 0.2743 0.2673 0.2604 0.2536
0.069 0.117 1.0 0.1631 0.1562 0.1378 0.1354 0.1331 0.1148 0.1078 0.1032 0.0894 0.0779 0.071 0.0594 0.0502 0.0457 0.0341 0.0249 0.018 0.0088 0.0756 0.0963 0.413 0.3991 0.4014 0.3852 0.369 0.369 0.3551 0.3389 0.3367 0.3273 0.3134 0.3066 0.2972 0.2857 0.2811 0.2718 0.2626 0.2557 0.2487 0.2557 0.4058 0.4081 0.3942 0.3781 0.3781 0.3712 0.3528 0.3481 0.3389 0.3273 0.3181 0.3112 0.2997 0.2904 0.2859 0.2743 0.2673 0.2604 0.2536 0.3458
0.0843 0.1584 1.0 0.1562 0.1378 0.1354 0.1331 0.1148 0.1078 0.1032 0.0894 0.0779 0.071 0.0594 0.0502 0.0457 0.0341 0.0249 0.018 0.0088 0.0756 0.0963 0.071 0.3991 0.4014 0.3852 0.369 0.369 0.3551 0.3389 0.3367 0.3273 0.3134 0.3066 0.2972 0.2857 0.2811 0.2718 0.2626 0.2557 0.2487 0.2557 0.3343 0.4081 0.3942 0.3781 0.3781 0.3712 0.3528 0.3481 0.3389 0.3273 0.3181 0.3112 0.2997 0.2904 0.2859 0.2743 0.2673 0.2604 0.2536 0.3458 0.3342
0.1533 0.124 1.0 0.1378 0.1354 0.1331 0.1148 0.1078 0.1032 0.0894 0.0779 0.071 0.0594 0.0502 0.0457 0.0341 0.0249 0.018 0.0088 0.0756 0.0963 0.071 0.117 0.4014 0.3852 0.369 0.369 0.3551 0.3389 0.3367 0.3273 0.3134 0.3066 0.2972 0.2857 0.2811 0.2718 0.2626 0.2557 0.2487 0.2557 0.3343 0.3158 0.3942 0.3781 0.3781 0.3712 0.3528 0.3481 0.3389 0.3273 0.3181 0.3112 0.2997 0.2904 0.2859 0.2743 0.2673 0.2604 0.2536 0.3458 0.3342 0.3112
0.138 0.1378 1.0 0.1354 0.1331 0.1148 0.1078 0.1032 0.0894 0.0779 0.071 0.0594 0.0502 0.0457 0.0341 0.0249 0.018 0.0088 0.0756 0.0963 0.071 0.117 0.1584 0.3852 0.369 0.369 0.3551 0.3389 0.3367 0.3273 0.3134 0.3066 0.2972 0.2857 0.2811 0.2718 0.2626 0.2557 0.2487 0.2557 0.3343 0.3158 0.3042 0.3781 0.3781 0.3712 0.3528 0.3481 0.3389 0.3273 0.3181 0.3112 0.2997 0.2904 0.2859 0.2743 0.2673 0.2604 0.2536 0.3458 0.3342 0.3112 0.3804
0.1147 0.2022 1.0 0.1331 0.1148 0.1078 0.1032 0.0894 0.0779 0.071 0.0594 0.0502 0.0457 0.0341 0.0249 0.018 0.0088 0.0756 0.0963 0.071 0.117 0.1584 0.124 0.369 0.369 0.3551 0.3389 0.3367 0.3273 0.3134 0.3066 0.2972 0.2857 0.2811 0.2718 0.2626 0.2557 0.2487 0.2557 0.3343 0.3158 0.3042 0.3806 0.3781 0.3712 0.3528 0.3481 0.3389 0.3273 0.3181 0.3112 0.2997 0.2904 0.2859 0.2743 0.2673 0.2604 0.2536 0.3458 0.3342 0.3112 0.3804 0.385
0.046 0.1631 1.0 0.1148 0.1078 0.1032 0.0894 0.0779 0.071 0.0594 0.0502 0.0457 0.0341 0.0249 0.018 0.0088 0.0756 0.0963 0.071 0.117 0.1584 0.124 0.1378 0.369 0.3551 0.3389 0.3367 0.3273 0.3134 0.3066 0.2972 0.2857 0.2811 0.2718 0.2626 0.2557 0.2487 0.2557 0.3343 0.3158 0.3042 0.3806 0.3667 0.3712 0.3528 0.3481 0.3389 0.3273 0.3181 0.3112 0.2997 0.2904 0.2859 0.2743 0.2673 0.2604 0.2536 0.3458 0.3342 0.3112 0.3804 0.385 0.3504
0.2147 0.1516 1.0 0.1078 0.1032 0.0894 0.0779 0.071 0.0594 0.0502 0.0457 0.0341 0.0249 0.018 0.0088 0.0756 0.0963 0.071 0.117 0.1584 0.124 0.1378 0.2022 0.3551 0.3389 0.3367 0.3273 0.3134 0.3066 0.2972 0.2857 0.2811 0.2718 0.2626 0.2557 0.2487 0.2557 0.3343 0.3158 0.3042 0.3806 0.3667 0.3412 0.3528 0.3481 0.3389 0.3273 0.3181 0.3112 0.2997 0.2904 0.2859 0.2743 0.2673 0.2604 0.2536 0.3458 0.3342 0.3112 0.3804 0.385 0.3504 0.3942
0.1303 0.2368 1.0 0.1032 0.0894 0.0779 0.071 0.0594 0.0502 0.0457 0.0341 0.0249 0.018 0.0088 0.0756 0.0963 0.071 0.117 0.1584 0.124 0.1378 0.2022 0.1631 0.3389 0.3367 0.3273 0.3134 0.3066 0.2972 0.2857 0.2811 0.2718 0.2626 0.2557 0.2487 0.2557 0.3343 0.3158 0.3042 0.3806 0.3667 0.3412 0.406 0.3481 0.3389 0.3273 0.3181 0.3112 0.2997 0.2904 0.2859 0.2743 0.2673 0.2604 0.2536 0.3458 0.3342 0.3112 0.3804 0.385 0.3504 0.3942 0.4219
0.0383 0.1977 1.0 0.0894 0.0779 0.071 0.0594 0.0502 0.0457 0.0341 0.0249 0.018 0.0088 0.0756 0.0963 0.071 0.117 0.1584 0.124 0.1378 0.2022 0.1631 0.1516 0.3367 0.3273 0.3134 0.3066 0.2972 0.2857 0.2811 0.2718 0.2626 0.2557 0.2487 0.2557 0.3343 0.3158 0.3042 0.3806 0.3667 0.3412 0.406 0.4083 0.3389 0.3273 0.3181 0.3112 0.2997 0.2904 0.2859 0.2743 0.2673 0.2604 0.2536 0.3458 0.3342 0.3112 0.3804 0.385 0.3504 0.3942 0.4219 0.3827
0.284 0.1723 1.0 0.0779 0.071 0.0594 0.0502 0.0457 0.0341 0.0249 0.018 0.0088 0.0756 0.0963 0.071 0.117 0.1584 0.124 0.1378 0.2022 0.1631 0.1516 0.2368 0.3273 0.3134 0.3066 0.2972 0.2857 0.2811 0.2718 0.2626 0.2557 0.2487 0.2557 0.3343 0.3158 0.3042 0.3806 0.3667 0.3412 0.406 0.4083 0.3783 0.3273 0.3181 0.3112 0.2997 0.2904 0.2859 0.2743 0.2673 0.2604 0.2536 0.3458 0.3342 0.3112 0.3804 0.385 0.3504 0.3942 0.4219 0.3827 0.3989
0.1303 0.2529 1.0 0.071 0.0594 0.0502 0.0457 0.0341 0.0249 0.018 0.0088 0.0756 0.0963 0.071 0.117 0.1584 0.124 0.1378 0.2022 0.1631 0.1516 0.2368 0.1977 0.3134 0.3066 0.2972 0.2857 0.2811 0.2718 0.2626 0.2557 0.2487 0.2557 0.3343 0.3158 0.3042 0.3806 0.3667 0.3412 0.406 0.4083 0.3783 0.4177 0.3181 0.3112 0.2997 0.2904 0.2859 0.2743 0.2673 0.2604 0.2536 0.3458 0.3342 0.3112 0.3804 0.385 0.3504 0.3942 0.4219 0.3827 0.3989 0.4542
0.0847 0.2368 1.0 0.0594 0.0502 0.0457 0.0341 0.0249 0.018 0.0088 0.0756 0.0963 0.071 0.117 0.1584 0.124 0.1378 0.2022 0.1631 0.1516 0.2368 0.1977 0.1723 0.3066 0.2972 0.2857 0.2811 0.2718 0.2626 0.2557 0.2487 0.2557 0.3343 0.3158 0.3042 0.3806 0.3667 0.3412 0.406 0.4083 0.3783 0.4177 0.45 0.3112 0.2997 0.2904 0.2859 0.2743 0.2673 0.2604 0.2536 0.3458 0.3342 0.3112 0.3804 0.385 0.3504 0.3942 0.4219 0.3827 0.3989 0.4542 0.4127
0.2687 0.2046 1.0 0.0502 0.0457 0.0341 0.0249 0.018 0.0088 0.0756 0.0963 0.071 0.117 0.1584 0.124 0.1378 0.2022 0.1631 0.1516 0.2368 0.1977 0.1723 0.2529 0.2972 0.2857 0.2811 0.2718 0.2626 0.2557 0.2487 0.2557 0.3343 0.3158 0.3042 0.3806 0.3667 0.3412 0.406 0.4083 0.3783 0.4177 0.45 0.413 0.2997 0.2904 0.2859 0.2743 0.2673 0.2604 0.2536 0.3458 0.3342 0.3112 0.3804 0.385 0.3504 0.3942 0.4219 0.3827 0.3989 0.4542 0.4127 0.4012
0.0537 0.2576 1.0 0.0457 0.0341 0.0249 0.018 0.0088 0.0756 0.0963 0.071 0.117 0.1584 0.124 0.1378 0.2022 0.1631 0.1516 0.2368 0.1977 0.1723 0.2529 0.2368 0.2857 0.2811 0.2718 0.2626 0.2557 0.2487 0.2557 0.3343 0.3158 0.3042 0.3806 0.3667 0.3412 0.406 0.4083 0.3783 0.4177 0.45 0.413 0.4246 0.2904 0.2859 0.2743 0.2673 0.2604 0.2536 0.3458 0.3342 0.3112 0.3804 0.385 0.3504 0.3942 0.4219 0.3827 0.3989 0.4542 0.4127 0.4012 0.4819
0.1073 0.2668 1.0 0.0341 0.0249 0.018 0.0088 0.0756 0.0963 0.071 0.117 0.1584 0.124 0.1378 0.2022 0.1631 0.1516 0.2368 0.1977 0.1723 0.2529 0.2368 0.2046 0.2811 0.2718 0.2626 0.2557 0.2487 0.2557 0.3343 0.3158 0.3042 0.3806 0.3667 0.3412 0.406 0.4083 0.3783 0.4177 0.45 0.413 0.4246 0.4893 0.2859 0.2743 0.2673 0.2604 0.2536 0.3458 0.3342 0.3112 0.3804 0.385 0.3504 0.3942 0.4219 0.3827 0.3989 0.4542 0.4127 0.4012 0.4819 0.445
0.1767 0.2322 1.0 0.0249 0.018 0.0088 0.0756 0.0963 0.071 0.117 0.1584 0.124 0.1378 0.2022 0.1631 0.1516 0.2368 0.1977 0.1723 0.2529 0.2368 0.2046 0.2576 0.2718 0.2626 0.2557 0.2487 0.2557 0.3343 0.3158 0.3042 0.3806 0.3667 0.3412 0.406 0.4083 0.3783 0.4177 0.45 0.413 0.4246 0.4893 0.4523 0.2743 0.2673 0.2604 0.2536 0.3458 0.3342 0.3112 0.3804 0.385 0.3504 0.3942 0.4219 0.3827 0.3989 0.4542 0.4127 0.4012 0.4819 0.445 0.4242
