0.023 0.1503 1.0 0.2333 0.2126 0.2033 0.201 0.1872 0.1711 0.1711 0.1573 0.1434 0.1366 0.1273 0.1158 0.1066 0.102 0.0882 0.0812 0.0743 0.0651 0.0559 0.049 0.4408 0.4361 0.4246 0.406 0.4014 0.3921 0.376 0.369 0.3598 0.3459 0.3367 0.332 0.3181 0.3089 0.3019 0.2927 0.2833 0.2764 0.2672 0.2788 0.4473 0.4381 0.4173 0.4127 0.4081 0.3897 0.3804 0.3781 0.362 0.3504 0.3436 0.3342 0.3204 0.3158 0.3066 0.2973 0.2904 0.2812 0.272 0.2697
0.023 0.1366 1.0 0.2126 0.2033 0.201 0.1872 0.1711 0.1711 0.1573 0.1434 0.1366 0.1273 0.1158 0.1066 0.102 0.0882 0.0812 0.0743 0.0651 0.0559 0.049 0.0559 0.4361 0.4246 0.406 0.4014 0.3921 0.376 0.369 0.3598 0.3459 0.3367 0.332 0.3181 0.3089 0.3019 0.2927 0.2833 0.2764 0.2672 0.2788 0.2996 0.4381 0.4173 0.4127 0.4081 0.3897 0.3804 0.3781 0.362 0.3504 0.3436 0.3342 0.3204 0.3158 0.3066 0.2973 0.2904 0.2812 0.272 0.2697 0.2651
0.3147 0.1158 1.0 0.2033 0.201 0.1872 0.1711 0.1711 0.1573 0.1434 0.1366 0.1273 0.1158 0.1066 0.102 0.0882 0.0812 0.0743 0.0651 0.0559 0.049 0.0559 0.1503 0.4246 0.406 0.4014 0.3921 0.376 0.369 0.3598 0.3459 0.3367 0.332 0.3181 0.3089 0.3019 0.2927 0.2833 0.2764 0.2672 0.2788 0.2996 0.2857 0.4173 0.4127 0.4081 0.3897 0.3804 0.3781 0.362 0.3504 0.3436 0.3342 0.3204 0.3158 0.3066 0.2973 0.2904 0.2812 0.272 0.2697 0.2651 0.2973
0.0457 0.201 1.0 0.201 0.1872 0.1711 0.1711 0.1573 0.1434 0.1366 0.1273 0.1158 0.1066 0.102 0.0882 0.0812 0.0743 0.0651 0.0559 0.049 0.0559 0.1503 0.1366 0.406 0.4014 0.3921 0.376 0.369 0.3598 0.3459 0.3367 0.332 0.3181 0.3089 0.3019 0.2927 0.2833 0.2764 0.2672 0.2788 0.2996 0.2857 0.3204 0.4127 0.4081 0.3897 0.3804 0.3781 0.362 0.3504 0.3436 0.3342 0.3204 0.3158 0.3066 0.2973 0.2904 0.2812 0.272 0.2697 0.2651 0.2973 0.3712
0.0693 0.1964 1.0 0.1872 0.1711 0.1711 0.1573 0.1434 0.1366 0.1273 0.1158 0.1066 0.102 0.0882 0.0812 0.0743 0.0651 0.0559 0.049 0.0559 0.1503 0.1366 0.1158 0.4014 0.3921 0.376 0.369 0.3598 0.3459 0.3367 0.332 0.3181 0.3089 0.3019 0.2927 0.2833 0.2764 0.2672 0.2788 0.2996 0.2857 0.3204 0.3644 0.4081 0.3897 0.3804 0.3781 0.362 0.3504 0.3436 0.3342 0.3204 0.3158 0.3066 0.2973 0.2904 0.2812 0.272 0.2697 0.2651 0.2973 0.3712 0.3412
0.284 0.1642 1.0 0.1711 0.1711 0.1573 0.1434 0.1366 0.1273 0.1158 0.1066 0.102 0.0882 0.0812 0.0743 0.0651 0.0559 0.049 0.0559 0.1503 0.1366 0.1158 0.201 0.3921 0.376 0.369 0.3598 0.3459 0.3367 0.332 0.3181 0.3089 0.3019 0.2927 0.2833 0.2764 0.2672 0.2788 0.2996 0.2857 0.3204 0.3644 0.3389 0.3897 0.3804 0.3781 0.362 0.3504 0.3436 0.3342 0.3204 0.3158 0.3066 0.2973 0.2904 0.2812 0.272 0.2697 0.2651 0.2973 0.3712 0.3412 0.3342
0.0153 0.2149 1.0 0.1711 0.1573 0.1434 0.1366 0.1273 0.1158 0.1066 0.102 0.0882 0.0812 0.0743 0.0651 0.0559 0.049 0.0559 0.1503 0.1366 0.1158 0.201 0.1964 0.376 0.369 0.3598 0.3459 0.3367 0.332 0.3181 0.3089 0.3019 0.2927 0.2833 0.2764 0.2672 0.2788 0.2996 0.2857 0.3204 0.3644 0.3389 0.3436 0.3804 0.3781 0.362 0.3504 0.3436 0.3342 0.3204 0.3158 0.3066 0.2973 0.2904 0.2812 0.272 0.2697 0.2651 0.2973 0.3712 0.3412 0.3342 0.4197
0.1073 0.2426 1.0 0.1573 0.1434 0.1366 0.1273 0.1158 0.1066 0.102 0.0882 0.0812 0.0743 0.0651 0.0559 0.049 0.0559 0.1503 0.1366 0.1158 0.201 0.1964 0.1642 0.369 0.3598 0.3459 0.3367 0.332 0.3181 0.3089 0.3019 0.2927 0.2833 0.2764 0.2672 0.2788 0.2996 0.2857 0.3204 0.3644 0.3389 0.3436 0.4153 0.3781 0.362 0.3504 0.3436 0.3342 0.3204 0.3158 0.3066 0.2973 0.2904 0.2812 0.272 0.2697 0.2651 0.2973 0.3712 0.3412 0.3342 0.4197 0.3873
0.169 0.201 1.0 0.1434 0.1366 0.1273 0.1158 0.1066 0.102 0.0882 0.0812 0.0743 0.0651 0.0559 0.049 0.0559 0.1503 0.1366 0.1158 0.201 0.1964 0.1642 0.2149 0.3598 0.3459 0.3367 0.332 0.3181 0.3089 0.3019 0.2927 0.2833 0.2764 0.2672 0.2788 0.2996 0.2857 0.3204 0.3644 0.3389 0.3436 0.4153 0.3783 0.362 0.3504 0.3436 0.3342 0.3204 0.3158 0.3066 0.2973 0.2904 0.2812 0.272 0.2697 0.2651 0.2973 0.3712 0.3412 0.3342 0.4197 0.3873 0.3597
0.0923 0.2171 1.0 0.1366 0.1273 0.1158 0.1066 0.102 0.0882 0.0812 0.0743 0.0651 0.0559 0.049 0.0559 0.1503 0.1366 0.1158 0.201 0.1964 0.1642 0.2149 0.2426 0.3459 0.3367 0.332 0.3181 0.3089 0.3019 0.2927 0.2833 0.2764 0.2672 0.2788 0.2996 0.2857 0.3204 0.3644 0.3389 0.3436 0.4153 0.3783 0.3644 0.3504 0.3436 0.3342 0.3204 0.3158 0.3066 0.2973 0.2904 0.2812 0.272 0.2697 0.2651 0.2973 0.3712 0.3412 0.3342 0.4197 0.3873 0.3597 0.4311
0.1387 0.2817 1.0 0.1273 0.1158 0.1066 0.102 0.0882 0.0812 0.0743 0.0651 0.0559 0.049 0.0559 0.1503 0.1366 0.1158 0.201 0.1964 0.1642 0.2149 0.2426 0.201 0.3367 0.332 0.3181 0.3089 0.3019 0.2927 0.2833 0.2764 0.2672 0.2788 0.2996 0.2857 0.3204 0.3644 0.3389 0.3436 0.4153 0.3783 0.3644 0.4408 0.3436 0.3342 0.3204 0.3158 0.3066 0.2973 0.2904 0.2812 0.272 0.2697 0.2651 0.2973 0.3712 0.3412 0.3342 0.4197 0.3873 0.3597 0.4311 0.4266
0.0537 0.2402 1.0 0.1158 0.1066 0.102 0.0882 0.0812 0.0743 0.0651 0.0559 0.049 0.0559 0.1503 0.1366 0.1158 0.201 0.1964 0.1642 0.2149 0.2426 0.201 0.2171 0.332 0.3181 0.3089 0.3019 0.2927 0.2833 0.2764 0.2672 0.2788 0.2996 0.2857 0.3204 0.3644 0.3389 0.3436 0.4153 0.3783 0.3644 0.4408 0.4177 0.3342 0.3204 0.3158 0.3066 0.2973 0.2904 0.2812 0.272 0.2697 0.2651 0.2973 0.3712 0.3412 0.3342 0.4197 0.3873 0.3597 0.4311 0.4266 0.3897
0.2153 0.2171 1.0 0.1066 0.102 0.0882 0.0812 0.0743 0.0651 0.0559 0.049 0.0559 0.1503 0.1366 0.1158 0.201 0.1964 0.1642 0.2149 0.2426 0.201 0.2171 0.2817 0.3181 0.3089 0.3019 0.2927 0.2833 0.2764 0.2672 0.2788 0.2996 0.2857 0.3204 0.3644 0.3389 0.3436 0.4153 0.3783 0.3644 0.4408 0.4177 0.3899 0.3204 0.3158 0.3066 0.2973 0.2904 0.2812 0.272 0.2697 0.2651 0.2973 0.3712 0.3412 0.3342 0.4197 0.3873 0.3597 0.4311 0.4266 0.3897 0.4242
0.1383 0.3001 1.0 0.102 0.0882 0.0812 0.0743 0.0651 0.0559 0.049 0.0559 0.1503 0.1366 0.1158 0.201 0.1964 0.1642 0.2149 0.2426 0.201 0.2171 0.2817 0.2402 0.3089 0.3019 0.2927 0.2833 0.2764 0.2672 0.2788 0.2996 0.2857 0.3204 0.3644 0.3389 0.3436 0.4153 0.3783 0.3644 0.4408 0.4177 0.3899 0.4523 0.3158 0.3066 0.2973 0.2904 0.2812 0.272 0.2697 0.2651 0.2973 0.3712 0.3412 0.3342 0.4197 0.3873 0.3597 0.4311 0.4266 0.3897 0.4242 0.4611
0.077 0.2748 1.0 0.0882 0.0812 0.0743 0.0651 0.0559 0.049 0.0559 0.1503 0.1366 0.1158 0.201 0.1964 0.1642 0.2149 0.2426 0.201 0.2171 0.2817 0.2402 0.2171 0.3019 0.2927 0.2833 0.2764 0.2672 0.2788 0.2996 0.2857 0.3204 0.3644 0.3389 0.3436 0.4153 0.3783 0.3644 0.4408 0.4177 0.3899 0.4523 0.4593 0.3066 0.2973 0.2904 0.2812 0.272 0.2697 0.2651 0.2973 0.3712 0.3412 0.3342 0.4197 0.3873 0.3597 0.4311 0.4266 0.3897 0.4242 0.4611 0.4219
0.2767 0.2426 1.0 0.0812 0.0743 0.0651 0.0559 0.049 0.0559 0.1503 0.1366 0.1158 0.201 0.1964 0.1642 0.2149 0.2426 0.201 0.2171 0.2817 0.2402 0.2171 0.3001 0.2927 0.2833 0.2764 0.2672 0.2788 0.2996 0.2857 0.3204 0.3644 0.3389 0.3436 0.4153 0.3783 0.3644 0.4408 0.4177 0.3899 0.4523 0.4593 0.4246 0.2973 0.2904 0.2812 0.272 0.2697 0.2651 0.2973 0.3712 0.3412 0.3342 0.4197 0.3873 0.3597 0.4311 0.4266 0.3897 0.4242 0.4611 0.4219 0.4197
0.0843 0.284 1.0 0.0743 0.0651 0.0559 0.049 0.0559 0.1503 0.1366 0.1158 0.201 0.1964 0.1642 0.2149 0.2426 0.201 0.2171 0.2817 0.2402 0.2171 0.3001 0.2748 0.2833 0.2764 0.2672 0.2788 0.2996 0.2857 0.3204 0.3644 0.3389 0.3436 0.4153 0.3783 0.3644 0.4408 0.4177 0.3899 0.4523 0.4593 0.4246 0.4523 0.2904 0.2812 0.272 0.2697 0.2651 0.2973 0.3712 0.3412 0.3342 0.4197 0.3873 0.3597 0.4311 0.4266 0.3897 0.4242 0.4611 0.4219 0.4197 0.4866
0.1073 0.3001 1.0 0.0651 0.0559 0.049 0.0559 0.1503 0.1366 0.1158 0.201 0.1964 0.1642 0.2149 0.2426 0.201 0.2171 0.2817 0.2402 0.2171 0.3001 0.2748 0.2426 0.2764 0.2672 0.2788 0.2996 0.2857 0.3204 0.3644 0.3389 0.3436 0.4153 0.3783 0.3644 0.4408 0.4177 0.3899 0.4523 0.4593 0.4246 0.4523 0.4987 0.2812 0.272 0.2697 0.2651 0.2973 0.3712 0.3412 0.3342 0.4197 0.3873 0.3597 0.4311 0.4266 0.3897 0.4242 0.4611 0.4219 0.4197 0.4866 0.4542
0.138 0.2679 1.0 0.0559 0.049 0.0559 0.1503 0.1366 0.1158 0.201 0.1964 0.1642 0.2149 0.2426 0.201 0.2171 0.2817 0.2402 0.2171 0.3001 0.2748 0.2426 0.284 0.2672 0.2788 0.2996 0.2857 0.3204 0.3644 0.3389 0.3436 0.4153 0.3783 0.3644 0.4408 0.4177 0.3899 0.4523 0.4593 0.4246 0.4523 0.4987 0.4639 0.272 0.2697 0.2651 0.2973 0.3712 0.3412 0.3342 0.4197 0.3873 0.3597 0.4311 0.4266 0.3897 0.4242 0.4611 0.4219 0.4197 0.4866 0.4542 0.4358
0.0537 0.2679 1.0 0.049 0.0559 0.1503 0.1366 0.1158 0.201 0.1964 0.1642 0.2149 0.2426 0.201 0.2171 0.2817 0.2402 0.2171 0.3001 0.2748 0.2426 0.284 0.3001 0.2788 0.2996 0.2857 0.3204 0.3644 0.3389 0.3436 0.4153 0.3783 0.3644 0.4408 0.4177 0.3899 0.4523 0.4593 0.4246 0.4523 0.4987 0.4639 0.457 0.2697 0.2651 0.2973 0.3712 0.3412 0.3342 0.4197 0.3873 0.3597 0.4311 0.4266 0.3897 0.4242 0.4611 0.4219 0.4197 0.4866 0.4542 0.4358 0.4773
0.1073 0.3186 1.0 0.0559 0.1503 0.1366 0.1158 0.201 0.1964 0.1642 0.2149 0.2426 0.201 0.2171 0.2817 0.2402 0.2171 0.3001 0.2748 0.2426 0.284 0.3001 0.2679 0.2996 0.2857 0.3204 0.3644 0.3389 0.3436 0.4153 0.3783 0.3644 0.4408 0.4177 0.3899 0.4523 0.4593 0.4246 0.4523 0.4987 0.4639 0.457 0.5126 0.2651 0.2973 0.3712 0.3412 0.3342 0.4197 0.3873 0.3597 0.4311 0.4266 0.3897 0.4242 0.4611 0.4219 0.4197 0.4866 0.4542 0.4358 0.4773 0.4819
0.0 0.2978 1.0 0.1503 0.1366 0.1158 0.201 0.1964 0.1642 0.2149 0.2426 0.201 0.2171 0.2817 0.2402 0.2171 0.3001 0.2748 0.2426 0.284 0.3001 0.2679 0.2679 0.2857 0.3204 0.3644 0.3389 0.3436 0.4153 0.3783 0.3644 0.4408 0.4177 0.3899 0.4523 0.4593 0.4246 0.4523 0.4987 0.4639 0.457 0.5126 0.5032 0.2973 0.3712 0.3412 0.3342 0.4197 0.3873 0.3597 0.4311 0.4266 0.3897 0.4242 0.4611 0.4219 0.4197 0.4866 0.4542 0.4358 0.4773 0.4819 0.4634
0.169 0.2909 1.0 0.1366 0.1158 0.201 0.1964 0.1642 0.2149 0.2426 0.201 0.2171 0.2817 0.2402 0.2171 0.3001 0.2748 0.2426 0.284 0.3001 0.2679 0.2679 0.3186 0.3204 0.3644 0.3389 0.3436 0.4153 0.3783 0.3644 0.4408 0.4177 0.3899 0.4523 0.4593 0.4246 0.4523 0.4987 0.4639 0.457 0.5126 0.5032 0.4848 0.3712 0.3412 0.3342 0.4197 0.3873 0.3597 0.4311 0.4266 0.3897 0.4242 0.4611 0.4219 0.4197 0.4866 0.4542 0.4358 0.4773 0.4819 0.4634 0.4773
0.0693 0.3116 1.0 0.1158 0.201 0.1964 0.1642 0.2149 0.2426 0.201 0.2171 0.2817 0.2402 0.2171 0.3001 0.2748 0.2426 0.284 0.3001 0.2679 0.2679 0.3186 0.2978 0.3644 0.3389 0.3436 0.4153 0.3783 0.3644 0.4408 0.4177 0.3899 0.4523 0.4593 0.4246 0.4523 0.4987 0.4639 0.457 0.5126 0.5032 0.4848 0.5126 0.3412 0.3342 0.4197 0.3873 0.3597 0.4311 0.4266 0.3897 0.4242 0.4611 0.4219 0.4197 0.4866 0.4542 0.4358 0.4773 0.4819 0.4634 0.4773 0.5096
0.023 0.3553 1.0 0.201 0.1964 0.1642 0.2149 0.2426 0.201 0.2171 0.2817 0.2402 0.2171 0.3001 0.2748 0.2426 0.284 0.3001 0.2679 0.2679 0.3186 0.2978 0.2909 0.3389 0.3436 0.4153 0.3783 0.3644 0.4408 0.4177 0.3899 0.4523 0.4593 0.4246 0.4523 0.4987 0.4639 0.457 0.5126 0.5032 0.4848 0.5126 0.5496 0.3342 0.4197 0.3873 0.3597 0.4311 0.4266 0.3897 0.4242 0.4611 0.4219 0.4197 0.4866 0.4542 0.4358 0.4773 0.4819 0.4634 0.4773 0.5096 0.4934
0.069 0.33 1.0 0.1964 0.1642 0.2149 0.2426 0.201 0.2171 0.2817 0.2402 0.2171 0.3001 0.2748 0.2426 0.284 0.3001 0.2679 0.2679 0.3186 0.2978 0.2909 0.3116 0.3436 0.4153 0.3783 0.3644 0.4408 0.4177 0.3899 0.4523 0.4593 0.4246 0.4523 0.4987 0.4639 0.457 0.5126 0.5032 0.4848 0.5126 0.5496 0.5194 0.4197 0.3873 0.3597 0.4311 0.4266 0.3897 0.4242 0.4611 0.4219 0.4197 0.4866 0.4542 0.4358 0.4773 0.4819 0.4634 0.4773 0.5096 0.4934 0.498
0.1457 0.3369 1.0 0.1642 0.2149 0.2426 0.201 0.2171 0.2817 0.2402 0.2171 0.3001 0.2748 0.2426 0.284 0.3001 0.2679 0.2679 0.3186 0.2978 0.2909 0.3116 0.3553 0.4153 0.3783 0.3644 0.4408 0.4177 0.3899 0.4523 0.4593 0.4246 0.4523 0.4987 0.4639 0.457 0.5126 0.5032 0.4848 0.5126 0.5496 0.5194 0.5218 0.3873 0.3597 0.4311 0.4266 0.3897 0.4242 0.4611 0.4219 0.4197 0.4866 0.4542 0.4358 0.4773 0.4819 0.4634 0.4773 0.5096 0.4934 0.498 0.5442
0.0843 0.4152 1.0 0.2149 0.2426 0.201 0.2171 0.2817 0.2402 0.2171 0.3001 0.2748 0.2426 0.284 0.3001 0.2679 0.2679 0.3186 0.2978 0.2909 0.3116 0.3553 0.33 0.3783 0.3644 0.4408 0.4177 0.3899 0.4523 0.4593 0.4246 0.4523 0.4987 0.4639 0.457 0.5126 0.5032 0.4848 0.5126 0.5496 0.5194 0.5218 0.575 0.3597 0.4311 0.4266 0.3897 0.4242 0.4611 0.4219 0.4197 0.4866 0.4542 0.4358 0.4773 0.4819 0.4634 0.4773 0.5096 0.4934 0.498 0.5442 0.5534
0.023 0.383 1.0 0.2426 0.201 0.2171 0.2817 0.2402 0.2171 0.3001 0.2748 0.2426 0.284 0.3001 0.2679 0.2679 0.3186 0.2978 0.2909 0.3116 0.3553 0.33 0.3369 0.3644 0.4408 0.4177 0.3899 0.4523 0.4593 0.4246 0.4523 0.4987 0.4639 0.457 0.5126 0.5032 0.4848 0.5126 0.5496 0.5194 0.5218 0.575 0.5773 0.4311 0.4266 0.3897 0.4242 0.4611 0.4219 0.4197 0.4866 0.4542 0.4358 0.4773 0.4819 0.4634 0.4773 0.5096 0.4934 0.498 0.5442 0.5534 0.5396
0.261 0.3784 1.0 0.201 0.2171 0.2817 0.2402 0.2171 0.3001 0.2748 0.2426 0.284 0.3001 0.2679 0.2679 0.3186 0.2978 0.2909 0.3116 0.3553 0.33 0.3369 0.4152 0.4408 0.4177 0.3899 0.4523 0.4593 0.4246 0.4523 0.4987 0.4639 0.457 0.5126 0.5032 0.4848 0.5126 0.5496 0.5194 0.5218 0.575 0.5773 0.5658 0.4266 0.3897 0.4242 0.4611 0.4219 0.4197 0.4866 0.4542 0.4358 0.4773 0.4819 0.4634 0.4773 0.5096 0.4934 0.498 0.5442 0.5534 0.5396 0.5534
0.1073 0.4383 1.0 0.2171 0.2817 0.2402 0.2171 0.3001 0.2748 0.2426 0.284 0.3001 0.2679 0.2679 0.3186 0.2978 0.2909 0.3116 0.3553 0.33 0.3369 0.4152 0.383 0.4177 0.3899 0.4523 0.4593 0.4246 0.4523 0.4987 0.4639 0.457 0.5126 0.5032 0.4848 0.5126 0.5496 0.5194 0.5218 0.575 0.5773 0.5658 0.5936 0.3897 0.4242 0.4611 0.4219 0.4197 0.4866 0.4542 0.4358 0.4773 0.4819 0.4634 0.4773 0.5096 0.4934 0.498 0.5442 0.5534 0.5396 0.5534 0.6133
0.0153 0.4152 1.0 0.2817 0.2402 0.2171 0.3001 0.2748 0.2426 0.284 0.3001 0.2679 0.2679 0.3186 0.2978 0.2909 0.3116 0.3553 0.33 0.3369 0.4152 0.383 0.3784 0.3899 0.4523 0.4593 0.4246 0.4523 0.4987 0.4639 0.457 0.5126 0.5032 0.4848 0.5126 0.5496 0.5194 0.5218 0.575 0.5773 0.5658 0.5936 0.619 0.4242 0.4611 0.4219 0.4197 0.4866 0.4542 0.4358 0.4773 0.4819 0.4634 0.4773 0.5096 0.4934 0.498 0.5442 0.5534 0.5396 0.5534 0.6133 0.5719
0.1997 0.3877 1.0 0.2402 0.2171 0.3001 0.2748 0.2426 0.284 0.3001 0.2679 0.2679 0.3186 0.2978 0.2909 0.3116 0.3553 0.33 0.3369 0.4152 0.383 0.3784 0.4383 0.4523 0.4593 0.4246 0.4523 0.4987 0.4639 0.457 0.5126 0.5032 0.4848 0.5126 0.5496 0.5194 0.5218 0.575 0.5773 0.5658 0.5936 0.619 0.5866 0.4611 0.4219 0.4197 0.4866 0.4542 0.4358 0.4773 0.4819 0.4634 0.4773 0.5096 0.4934 0.498 0.5442 0.5534 0.5396 0.5534 0.6133 0.5719 0.5719
0.077 0.4337 1.0 0.2171 0.3001 0.2748 0.2426 0.284 0.3001 0.2679 0.2679 0.3186 0.2978 0.2909 0.3116 0.3553 0.33 0.3369 0.4152 0.383 0.3784 0.4383 0.4152 0.4593 0.4246 0.4523 0.4987 0.4639 0.457 0.5126 0.5032 0.4848 0.5126 0.5496 0.5194 0.5218 0.575 0.5773 0.5658 0.5936 0.619 0.5866 0.5889 0.4219 0.4197 0.4866 0.4542 0.4358 0.4773 0.4819 0.4634 0.4773 0.5096 0.4934 0.498 0.5442 0.5534 0.5396 0.5534 0.6133 0.5719 0.5719 0.6364
0.0917 0.4313 1.0 0.3001 0.2748 0.2426 0.284 0.3001 0.2679 0.2679 0.3186 0.2978 0.2909 0.3116 0.3553 0.33 0.3369 0.4152 0.383 0.3784 0.4383 0.4152 0.3877 0.4246 0.4523 0.4987 0.4639 0.457 0.5126 0.5032 0.4848 0.5126 0.5496 0.5194 0.5218 0.575 0.5773 0.5658 0.5936 0.619 0.5866 0.5889 0.6259 0.4197 0.4866 0.4542 0.4358 0.4773 0.4819 0.4634 0.4773 0.5096 0.4934 0.498 0.5442 0.5534 0.5396 0.5534 0.6133 0.5719 0.5719 0.6364 0.5996
0.1533 0.3991 1.0 0.2748 0.2426 0.284 0.3001 0.2679 0.2679 0.3186 0.2978 0.2909 0.3116 0.3553 0.33 0.3369 0.4152 0.383 0.3784 0.4383 0.4152 0.3877 0.4337 0.4523 0.4987 0.4639 0.457 0.5126 0.5032 0.4848 0.5126 0.5496 0.5194 0.5218 0.575 0.5773 0.5658 0.5936 0.619 0.5866 0.5889 0.6259 0.5936 0.4866 0.4542 0.4358 0.4773 0.4819 0.4634 0.4773 0.5096 0.4934 0.498 0.5442 0.5534 0.5396 0.5534 0.6133 0.5719 0.5719 0.6364 0.5996 0.5764
0.008 0.436 1.0 0.2426 0.284 0.3001 0.2679 0.2679 0.3186 0.2978 0.2909 0.3116 0.3553 0.33 0.3369 0.4152 0.383 0.3784 0.4383 0.4152 0.3877 0.4337 0.4313 0.4987 0.4639 0.457 0.5126 0.5032 0.4848 0.5126 0.5496 0.5194 0.5218 0.575 0.5773 0.5658 0.5936 0.619 0.5866 0.5889 0.6259 0.5936 0.5912 0.4542 0.4358 0.4773 0.4819 0.4634 0.4773 0.5096 0.4934 0.498 0.5442 0.5534 0.5396 0.5534 0.6133 0.5719 0.5719 0.6364 0.5996 0.5764 0.6341
0.1073 0.4429 1.0 0.284 0.3001 0.2679 0.2679 0.3186 0.2978 0.2909 0.3116 0.3553 0.33 0.3369 0.4152 0.383 0.3784 0.4383 0.4152 0.3877 0.4337 0.4313 0.3991 0.4639 0.457 0.5126 0.5032 0.4848 0.5126 0.5496 0.5194 0.5218 0.575 0.5773 0.5658 0.5936 0.619 0.5866 0.5889 0.6259 0.5936 0.5912 0.6329 0.4358 0.4773 0.4819 0.4634 0.4773 0.5096 0.4934 0.498 0.5442 0.5534 0.5396 0.5534 0.6133 0.5719 0.5719 0.6364 0.5996 0.5764 0.6341 0.6064
0.123 0.413 1.0 0.3001 0.2679 0.2679 0.3186 0.2978 0.2909 0.3116 0.3553 0.33 0.3369 0.4152 0.383 0.3784 0.4383 0.4152 0.3877 0.4337 0.4313 0.3991 0.436 0.457 0.5126 0.5032 0.4848 0.5126 0.5496 0.5194 0.5218 0.575 0.5773 0.5658 0.5936 0.619 0.5866 0.5889 0.6259 0.5936 0.5912 0.6329 0.6028 0.4773 0.4819 0.4634 0.4773 0.5096 0.4934 0.498 0.5442 0.5534 0.5396 0.5534 0.6133 0.5719 0.5719 0.6364 0.5996 0.5764 0.6341 0.6064 0.588
0.023 0.4452 1.0 0.2679 0.2679 0.3186 0.2978 0.2909 0.3116 0.3553 0.33 0.3369 0.4152 0.383 0.3784 0.4383 0.4152 0.3877 0.4337 0.4313 0.3991 0.436 0.4429 0.5126 0.5032 0.4848 0.5126 0.5496 0.5194 0.5218 0.575 0.5773 0.5658 0.5936 0.619 0.5866 0.5889 0.6259 0.5936 0.5912 0.6329 0.6028 0.5959 0.4819 0.4634 0.4773 0.5096 0.4934 0.498 0.5442 0.5534 0.5396 0.5534 0.6133 0.5719 0.5719 0.6364 0.5996 0.5764 0.6341 0.6064 0.588 0.6503
0.0997 0.4706 1.0 0.2679 0.3186 0.2978 0.2909 0.3116 0.3553 0.33 0.3369 0.4152 0.383 0.3784 0.4383 0.4152 0.3877 0.4337 0.4313 0.3991 0.436 0.4429 0.413 0.5032 0.4848 0.5126 0.5496 0.5194 0.5218 0.575 0.5773 0.5658 0.5936 0.619 0.5866 0.5889 0.6259 0.5936 0.5912 0.6329 0.6028 0.5959 0.6491 0.4634 0.4773 0.5096 0.4934 0.498 0.5442 0.5534 0.5396 0.5534 0.6133 0.5719 0.5719 0.6364 0.5996 0.5764 0.6341 0.6064 0.588 0.6503 0.6272
0.1073 0.4337 1.0 0.3186 0.2978 0.2909 0.3116 0.3553 0.33 0.3369 0.4152 0.383 0.3784 0.4383 0.4152 0.3877 0.4337 0.4313 0.3991 0.436 0.4429 0.413 0.4452 0.4848 0.5126 0.5496 0.5194 0.5218 0.575 0.5773 0.5658 0.5936 0.619 0.5866 0.5889 0.6259 0.5936 0.5912 0.6329 0.6028 0.5959 0.6491 0.6282 0.4773 0.5096 0.4934 0.498 0.5442 0.5534 0.5396 0.5534 0.6133 0.5719 0.5719 0.6364 0.5996 0.5764 0.6341 0.6064 0.588 0.6503 0.6272 0.6019
0.0847 0.4476 1.0 0.2978 0.2909 0.3116 0.3553 0.33 0.3369 0.4152 0.383 0.3784 0.4383 0.4152 0.3877 0.4337 0.4313 0.3991 0.436 0.4429 0.413 0.4452 0.4706 0.5126 0.5496 0.5194 0.5218 0.575 0.5773 0.5658 0.5936 0.619 0.5866 0.5889 0.6259 0.5936 0.5912 0.6329 0.6028 0.5959 0.6491 0.6282 0.612 0.5096 0.4934 0.498 0.5442 0.5534 0.5396 0.5534 0.6133 0.5719 0.5719 0.6364 0.5996 0.5764 0.6341 0.6064 0.588 0.6503 0.6272 0.6019 0.6572
0.123 0.5028 1.0 0.2909 0.3116 0.3553 0.33 0.3369 0.4152 0.383 0.3784 0.4383 0.4152 0.3877 0.4337 0.4313 0.3991 0.436 0.4429 0.413 0.4452 0.4706 0.4337 0.5496 0.5194 0.5218 0.575 0.5773 0.5658 0.5936 0.619 0.5866 0.5889 0.6259 0.5936 0.5912 0.6329 0.6028 0.5959 0.6491 0.6282 0.612 0.6676 0.4934 0.498 0.5442 0.5534 0.5396 0.5534 0.6133 0.5719 0.5719 0.6364 0.5996 0.5764 0.6341 0.6064 0.588 0.6503 0.6272 0.6019 0.6572 0.6572
0.0463 0.459 1.0 0.3116 0.3553 0.33 0.3369 0.4152 0.383 0.3784 0.4383 0.4152 0.3877 0.4337 0.4313 0.3991 0.436 0.4429 0.413 0.4452 0.4706 0.4337 0.4476 0.5194 0.5218 0.575 0.5773 0.5658 0.5936 0.619 0.5866 0.5889 0.6259 0.5936 0.5912 0.6329 0.6028 0.5959 0.6491 0.6282 0.612 0.6676 0.6491 0.498 0.5442 0.5534 0.5396 0.5534 0.6133 0.5719 0.5719 0.6364 0.5996 0.5764 0.6341 0.6064 0.588 0.6503 0.6272 0.6019 0.6572 0.6572 0.6272
0.184 0.4476 1.0 0.3553 0.33 0.3369 0.4152 0.383 0.3784 0.4383 0.4152 0.3877 0.4337 0.4313 0.3991 0.436 0.4429 0.413 0.4452 0.4706 0.4337 0.4476 0.5028 0.5218 0.575 0.5773 0.5658 0.5936 0.619 0.5866 0.5889 0.6259 0.5936 0.5912 0.6329 0.6028 0.5959 0.6491 0.6282 0.612 0.6676 0.6491 0.6352 0.5442 0.5534 0.5396 0.5534 0.6133 0.5719 0.5719 0.6364 0.5996 0.5764 0.6341 0.6064 0.588 0.6503 0.6272 0.6019 0.6572 0.6572 0.6272 0.6641
0.146 0.5212 1.0 0.33 0.3369 0.4152 0.383 0.3784 0.4383 0.4152 0.3877 0.4337 0.4313 0.3991 0.436 0.4429 0.413 0.4452 0.4706 0.4337 0.4476 0.5028 0.459 0.575 0.5773 0.5658 0.5936 0.619 0.5866 0.5889 0.6259 0.5936 0.5912 0.6329 0.6028 0.5959 0.6491 0.6282 0.612 0.6676 0.6491 0.6352 0.6838 0.5534 0.5396 0.5534 0.6133 0.5719 0.5719 0.6364 0.5996 0.5764 0.6341 0.6064 0.588 0.6503 0.6272 0.6019 0.6572 0.6572 0.6272 0.6641 0.6826
0.038 0.4798 1.0 0.3369 0.4152 0.383 0.3784 0.4383 0.4152 0.3877 0.4337 0.4313 0.3991 0.436 0.4429 0.413 0.4452 0.4706 0.4337 0.4476 0.5028 0.459 0.4476 0.5773 0.5658 0.5936 0.619 0.5866 0.5889 0.6259 0.5936 0.5912 0.6329 0.6028 0.5959 0.6491 0.6282 0.612 0.6676 0.6491 0.6352 0.6838 0.6791 0.5396 0.5534 0.6133 0.5719 0.5719 0.6364 0.5996 0.5764 0.6341 0.6064 0.588 0.6503 0.6272 0.6019 0.6572 0.6572 0.6272 0.6641 0.6826 0.6457
0.2453 0.4521 1.0 0.4152 0.383 0.3784 0.4383 0.4152 0.3877 0.4337 0.4313 0.3991 0.436 0.4429 0.413 0.4452 0.4706 0.4337 0.4476 0.5028 0.459 0.4476 0.5212 0.5658 0.5936 0.619 0.5866 0.5889 0.6259 0.5936 0.5912 0.6329 0.6028 0.5959 0.6491 0.6282 0.612 0.6676 0.6491 0.6352 0.6838 0.6791 0.6513 0.5534 0.6133 0.5719 0.5719 0.6364 0.5996 0.5764 0.6341 0.6064 0.588 0.6503 0.6272 0.6019 0.6572 0.6572 0.6272 0.6641 0.6826 0.6457 0.6596
0.138 0.5212 1.0 0.383 0.3784 0.4383 0.4152 0.3877 0.4337 0.4313 0.3991 0.436 0.4429 0.413 0.4452 0.4706 0.4337 0.4476 0.5028 0.459 0.4476 0.5212 0.4798 0.5936 0.619 0.5866 0.5889 0.6259 0.5936 0.5912 0.6329 0.6028 0.5959 0.6491 0.6282 0.612 0.6676 0.6491 0.6352 0.6838 0.6791 0.6513 0.6838 0.6133 0.5719 0.5719 0.6364 0.5996 0.5764 0.6341 0.6064 0.588 0.6503 0.6272 0.6019 0.6572 0.6572 0.6272 0.6641 0.6826 0.6457 0.6596 0.708
0.0923 0.4912 1.0 0.3784 0.4383 0.4152 0.3877 0.4337 0.4313 0.3991 0.436 0.4429 0.413 0.4452 0.4706 0.4337 0.4476 0.5028 0.459 0.4476 0.5212 0.4798 0.4521 0.619 0.5866 0.5889 0.6259 0.5936 0.5912 0.6329 0.6028 0.5959 0.6491 0.6282 0.612 0.6676 0.6491 0.6352 0.6838 0.6791 0.6513 0.6838 0.7023 0.5719 0.5719 0.6364 0.5996 0.5764 0.6341 0.6064 0.588 0.6503 0.6272 0.6019 0.6572 0.6572 0.6272 0.6641 0.6826 0.6457 0.6596 0.708 0.6572
0.2303 0.4521 1.0 0.4383 0.4152 0.3877 0.4337 0.4313 0.3991 0.436 0.4429 0.413 0.4452 0.4706 0.4337 0.4476 0.5028 0.459 0.4476 0.5212 0.4798 0.4521 0.5212 0.5866 0.5889 0.6259 0.5936 0.5912 0.6329 0.6028 0.5959 0.6491 0.6282 0.612 0.6676 0.6491 0.6352 0.6838 0.6791 0.6513 0.6838 0.7023 0.6652 0.5719 0.6364 0.5996 0.5764 0.6341 0.6064 0.588 0.6503 0.6272 0.6019 0.6572 0.6572 0.6272 0.6641 0.6826 0.6457 0.6596 0.708 0.6572 0.648
0.1 0.4982 1.0 0.4152 0.3877 0.4337 0.4313 0.3991 0.436 0.4429 0.413 0.4452 0.4706 0.4337 0.4476 0.5028 0.459 0.4476 0.5212 0.4798 0.4521 0.5212 0.4912 0.5889 0.6259 0.5936 0.5912 0.6329 0.6028 0.5959 0.6491 0.6282 0.612 0.6676 0.6491 0.6352 0.6838 0.6791 0.6513 0.6838 0.7023 0.6652 0.6722 0.6364 0.5996 0.5764 0.6341 0.6064 0.588 0.6503 0.6272 0.6019 0.6572 0.6572 0.6272 0.6641 0.6826 0.6457 0.6596 0.708 0.6572 0.648 0.7149
0.1303 0.5004 1.0 0.3877 0.4337 0.4313 0.3991 0.436 0.4429 0.413 0.4452 0.4706 0.4337 0.4476 0.5028 0.459 0.4476 0.5212 0.4798 0.4521 0.5212 0.4912 0.4521 0.6259 0.5936 0.5912 0.6329 0.6028 0.5959 0.6491 0.6282 0.612 0.6676 0.6491 0.6352 0.6838 0.6791 0.6513 0.6838 0.7023 0.6652 0.6722 0.7186 0.5996 0.5764 0.6341 0.6064 0.588 0.6503 0.6272 0.6019 0.6572 0.6572 0.6272 0.6641 0.6826 0.6457 0.6596 0.708 0.6572 0.648 0.7149 0.6688
0.1537 0.4544 1.0 0.4337 0.4313 0.3991 0.436 0.4429 0.413 0.4452 0.4706 0.4337 0.4476 0.5028 0.459 0.4476 0.5212 0.4798 0.4521 0.5212 0.4912 0.4521 0.4982 0.5936 0.5912 0.6329 0.6028 0.5959 0.6491 0.6282 0.612 0.6676 0.6491 0.6352 0.6838 0.6791 0.6513 0.6838 0.7023 0.6652 0.6722 0.7186 0.6722 0.5764 0.6341 0.6064 0.588 0.6503 0.6272 0.6019 0.6572 0.6572 0.6272 0.6641 0.6826 0.6457 0.6596 0.708 0.6572 0.648 0.7149 0.6688 0.6341
0.0073 0.4682 1.0 0.4313 0.3991 0.436 0.4429 0.413 0.4452 0.4706 0.4337 0.4476 0.5028 0.459 0.4476 0.5212 0.4798 0.4521 0.5212 0.4912 0.4521 0.4982 0.5004 0.5912 0.6329 0.6028 0.5959 0.6491 0.6282 0.612 0.6676 0.6491 0.6352 0.6838 0.6791 0.6513 0.6838 0.7023 0.6652 0.6722 0.7186 0.6722 0.6513 0.6341 0.6064 0.588 0.6503 0.6272 0.6019 0.6572 0.6572 0.6272 0.6641 0.6826 0.6457 0.6596 0.708 0.6572 0.648 0.7149 0.6688 0.6341 0.6988
0.1533 0.4936 1.0 0.3991 0.436 0.4429 0.413 0.4452 0.4706 0.4337 0.4476 0.5028 0.459 0.4476 0.5212 0.4798 0.4521 0.5212 0.4912 0.4521 0.4982 0.5004 0.4544 0.6329 0.6028 0.5959 0.6491 0.6282 0.612 0.6676 0.6491 0.6352 0.6838 0.6791 0.6513 0.6838 0.7023 0.6652 0.6722 0.7186 0.6722 0.6513 0.7162 0.6064 0.588 0.6503 0.6272 0.6019 0.6572 0.6572 0.6272 0.6641 0.6826 0.6457 0.6596 0.708 0.6572 0.648 0.7149 0.6688 0.6341 0.6988 0.6664
0.046 0.4498 1.0 0.436 0.4429 0.413 0.4452 0.4706 0.4337 0.4476 0.5028 0.459 0.4476 0.5212 0.4798 0.4521 0.5212 0.4912 0.4521 0.4982 0.5004 0.4544 0.4682 0.6028 0.5959 0.6491 0.6282 0.612 0.6676 0.6491 0.6352 0.6838 0.6791 0.6513 0.6838 0.7023 0.6652 0.6722 0.7186 0.6722 0.6513 0.7162 0.6746 0.588 0.6503 0.6272 0.6019 0.6572 0.6572 0.6272 0.6641 0.6826 0.6457 0.6596 0.708 0.6572 0.648 0.7149 0.6688 0.6341 0.6988 0.6664 0.6319
0.0847 0.4221 1.0 0.4429 0.413 0.4452 0.4706 0.4337 0.4476 0.5028 0.459 0.4476 0.5212 0.4798 0.4521 0.5212 0.4912 0.4521 0.4982 0.5004 0.4544 0.4682 0.4936 0.5959 0.6491 0.6282 0.612 0.6676 0.6491 0.6352 0.6838 0.6791 0.6513 0.6838 0.7023 0.6652 0.6722 0.7186 0.6722 0.6513 0.7162 0.6746 0.6421 0.6503 0.6272 0.6019 0.6572 0.6572 0.6272 0.6641 0.6826 0.6457 0.6596 0.708 0.6572 0.648 0.7149 0.6688 0.6341 0.6988 0.6664 0.6319 0.6572
0.146 0.4774 1.0 0.413 0.4452 0.4706 0.4337 0.4476 0.5028 0.459 0.4476 0.5212 0.4798 0.4521 0.5212 0.4912 0.4521 0.4982 0.5004 0.4544 0.4682 0.4936 0.4498 0.6491 0.6282 0.612 0.6676 0.6491 0.6352 0.6838 0.6791 0.6513 0.6838 0.7023 0.6652 0.6722 0.7186 0.6722 0.6513 0.7162 0.6746 0.6421 0.6884 0.6272 0.6019 0.6572 0.6572 0.6272 0.6641 0.6826 0.6457 0.6596 0.708 0.6572 0.648 0.7149 0.6688 0.6341 0.6988 0.6664 0.6319 0.6572 0.6688
0.0923 0.4452 1.0 0.4452 0.4706 0.4337 0.4476 0.5028 0.459 0.4476 0.5212 0.4798 0.4521 0.5212 0.4912 0.4521 0.4982 0.5004 0.4544 0.4682 0.4936 0.4498 0.4221 0.6282 0.612 0.6676 0.6491 0.6352 0.6838 0.6791 0.6513 0.6838 0.7023 0.6652 0.6722 0.7186 0.6722 0.6513 0.7162 0.6746 0.6421 0.6884 0.6769 0.6019 0.6572 0.6572 0.6272 0.6641 0.6826 0.6457 0.6596 0.708 0.6572 0.648 0.7149 0.6688 0.6341 0.6988 0.6664 0.6319 0.6572 0.6688 0.6296
0.1843 0.4152 1.0 0.4706 0.4337 0.4476 0.5028 0.459 0.4476 0.5212 0.4798 0.4521 0.5212 0.4912 0.4521 0.4982 0.5004 0.4544 0.4682 0.4936 0.4498 0.4221 0.4774 0.612 0.6676 0.6491 0.6352 0.6838 0.6791 0.6513 0.6838 0.7023 0.6652 0.6722 0.7186 0.6722 0.6513 0.7162 0.6746 0.6421 0.6884 0.6769 0.6421 0.6572 0.6572 0.6272 0.6641 0.6826 0.6457 0.6596 0.708 0.6572 0.648 0.7149 0.6688 0.6341 0.6988 0.6664 0.6319 0.6572 0.6688 0.6296 0.6272
0.1073 0.4429 1.0 0.4337 0.4476 0.5028 0.459 0.4476 0.5212 0.4798 0.4521 0.5212 0.4912 0.4521 0.4982 0.5004 0.4544 0.4682 0.4936 0.4498 0.4221 0.4774 0.4452 0.6676 0.6491 0.6352 0.6838 0.6791 0.6513 0.6838 0.7023 0.6652 0.6722 0.7186 0.6722 0.6513 0.7162 0.6746 0.6421 0.6884 0.6769 0.6421 0.6652 0.6572 0.6272 0.6641 0.6826 0.6457 0.6596 0.708 0.6572 0.648 0.7149 0.6688 0.6341 0.6988 0.6664 0.6319 0.6572 0.6688 0.6296 0.6272 0.648
0.1 0.4221 1.0 0.4476 0.5028 0.459 0.4476 0.5212 0.4798 0.4521 0.5212 0.4912 0.4521 0.4982 0.5004 0.4544 0.4682 0.4936 0.4498 0.4221 0.4774 0.4452 0.4152 0.6491 0.6352 0.6838 0.6791 0.6513 0.6838 0.7023 0.6652 0.6722 0.7186 0.6722 0.6513 0.7162 0.6746 0.6421 0.6884 0.6769 0.6421 0.6652 0.6769 0.6272 0.6641 0.6826 0.6457 0.6596 0.708 0.6572 0.648 0.7149 0.6688 0.6341 0.6988 0.6664 0.6319 0.6572 0.6688 0.6296 0.6272 0.648 0.6226
0.0923 0.4038 1.0 0.5028 0.459 0.4476 0.5212 0.4798 0.4521 0.5212 0.4912 0.4521 0.4982 0.5004 0.4544 0.4682 0.4936 0.4498 0.4221 0.4774 0.4452 0.4152 0.4429 0.6352 0.6838 0.6791 0.6513 0.6838 0.7023 0.6652 0.6722 0.7186 0.6722 0.6513 0.7162 0.6746 0.6421 0.6884 0.6769 0.6421 0.6652 0.6769 0.6444 0.6641 0.6826 0.6457 0.6596 0.708 0.6572 0.648 0.7149 0.6688 0.6341 0.6988 0.6664 0.6319 0.6572 0.6688 0.6296 0.6272 0.648 0.6226 0.5996
0.0693 0.383 1.0 0.459 0.4476 0.5212 0.4798 0.4521 0.5212 0.4912 0.4521 0.4982 0.5004 0.4544 0.4682 0.4936 0.4498 0.4221 0.4774 0.4452 0.4152 0.4429 0.4221 0.6838 0.6791 0.6513 0.6838 0.7023 0.6652 0.6722 0.7186 0.6722 0.6513 0.7162 0.6746 0.6421 0.6884 0.6769 0.6421 0.6652 0.6769 0.6444 0.6329 0.6826 0.6457 0.6596 0.708 0.6572 0.648 0.7149 0.6688 0.6341 0.6988 0.6664 0.6319 0.6572 0.6688 0.6296 0.6272 0.648 0.6226 0.5996 0.6364
0.061 0.3784 1.0 0.4476 0.5212 0.4798 0.4521 0.5212 0.4912 0.4521 0.4982 0.5004 0.4544 0.4682 0.4936 0.4498 0.4221 0.4774 0.4452 0.4152 0.4429 0.4221 0.4038 0.6791 0.6513 0.6838 0.7023 0.6652 0.6722 0.7186 0.6722 0.6513 0.7162 0.6746 0.6421 0.6884 0.6769 0.6421 0.6652 0.6769 0.6444 0.6329 0.6537 0.6457 0.6596 0.708 0.6572 0.648 0.7149 0.6688 0.6341 0.6988 0.6664 0.6319 0.6572 0.6688 0.6296 0.6272 0.648 0.6226 0.5996 0.6364 0.6203
0.0693 0.3669 1.0 0.5212 0.4798 0.4521 0.5212 0.4912 0.4521 0.4982 0.5004 0.4544 0.4682 0.4936 0.4498 0.4221 0.4774 0.4452 0.4152 0.4429 0.4221 0.4038 0.383 0.6513 0.6838 0.7023 0.6652 0.6722 0.7186 0.6722 0.6513 0.7162 0.6746 0.6421 0.6884 0.6769 0.6421 0.6652 0.6769 0.6444 0.6329 0.6537 0.6491 0.6596 0.708 0.6572 0.648 0.7149 0.6688 0.6341 0.6988 0.6664 0.6319 0.6572 0.6688 0.6296 0.6272 0.648 0.6226 0.5996 0.6364 0.6203 0.6019
0.0153 0.3439 1.0 0.4798 0.4521 0.5212 0.4912 0.4521 0.4982 0.5004 0.4544 0.4682 0.4936 0.4498 0.4221 0.4774 0.4452 0.4152 0.4429 0.4221 0.4038 0.383 0.3784 0.6838 0.7023 0.6652 0.6722 0.7186 0.6722 0.6513 0.7162 0.6746 0.6421 0.6884 0.6769 0.6421 0.6652 0.6769 0.6444 0.6329 0.6537 0.6491 0.6213 0.708 0.6572 0.648 0.7149 0.6688 0.6341 0.6988 0.6664 0.6319 0.6572 0.6688 0.6296 0.6272 0.648 0.6226 0.5996 0.6364 0.6203 0.6019 0.5834
0.0383 0.3208 1.0 0.4521 0.5212 0.4912 0.4521 0.4982 0.5004 0.4544 0.4682 0.4936 0.4498 0.4221 0.4774 0.4452 0.4152 0.4429 0.4221 0.4038 0.383 0.3784 0.3669 0.7023 0.6652 0.6722 0.7186 0.6722 0.6513 0.7162 0.6746 0.6421 0.6884 0.6769 0.6421 0.6652 0.6769 0.6444 0.6329 0.6537 0.6491 0.6213 0.5959 0.6572 0.648 0.7149 0.6688 0.6341 0.6988 0.6664 0.6319 0.6572 0.6688 0.6296 0.6272 0.648 0.6226 0.5996 0.6364 0.6203 0.6019 0.5834 0.5696
0.0767 0.3162 1.0 0.5212 0.4912 0.4521 0.4982 0.5004 0.4544 0.4682 0.4936 0.4498 0.4221 0.4774 0.4452 0.4152 0.4429 0.4221 0.4038 0.383 0.3784 0.3669 0.3439 0.6652 0.6722 0.7186 0.6722 0.6513 0.7162 0.6746 0.6421 0.6884 0.6769 0.6421 0.6652 0.6769 0.6444 0.6329 0.6537 0.6491 0.6213 0.5959 0.5797 0.648 0.7149 0.6688 0.6341 0.6988 0.6664 0.6319 0.6572 0.6688 0.6296 0.6272 0.648 0.6226 0.5996 0.6364 0.6203 0.6019 0.5834 0.5696 0.5649
0.077 0.3001 1.0 0.4912 0.4521 0.4982 0.5004 0.4544 0.4682 0.4936 0.4498 0.4221 0.4774 0.4452 0.4152 0.4429 0.4221 0.4038 0.383 0.3784 0.3669 0.3439 0.3208 0.6722 0.7186 0.6722 0.6513 0.7162 0.6746 0.6421 0.6884 0.6769 0.6421 0.6652 0.6769 0.6444 0.6329 0.6537 0.6491 0.6213 0.5959 0.5797 0.5634 0.7149 0.6688 0.6341 0.6988 0.6664 0.6319 0.6572 0.6688 0.6296 0.6272 0.648 0.6226 0.5996 0.6364 0.6203 0.6019 0.5834 0.5696 0.5649 0.5419
0.0153 0.277 1.0 0.4521 0.4982 0.5004 0.4544 0.4682 0.4936 0.4498 0.4221 0.4774 0.4452 0.4152 0.4429 0.4221 0.4038 0.383 0.3784 0.3669 0.3439 0.3208 0.3162 0.7186 0.6722 0.6513 0.7162 0.6746 0.6421 0.6884 0.6769 0.6421 0.6652 0.6769 0.6444 0.6329 0.6537 0.6491 0.6213 0.5959 0.5797 0.5634 0.538 0.6688 0.6341 0.6988 0.6664 0.6319 0.6572 0.6688 0.6296 0.6272 0.648 0.6226 0.5996 0.6364 0.6203 0.6019 0.5834 0.5696 0.5649 0.5419 0.5258
0.0537 0.2748 1.0 0.4982 0.5004 0.4544 0.4682 0.4936 0.4498 0.4221 0.4774 0.4452 0.4152 0.4429 0.4221 0.4038 0.383 0.3784 0.3669 0.3439 0.3208 0.3162 0.3001 0.6722 0.6513 0.7162 0.6746 0.6421 0.6884 0.6769 0.6421 0.6652 0.6769 0.6444 0.6329 0.6537 0.6491 0.6213 0.5959 0.5797 0.5634 0.538 0.5241 0.6341 0.6988 0.6664 0.6319 0.6572 0.6688 0.6296 0.6272 0.648 0.6226 0.5996 0.6364 0.6203 0.6019 0.5834 0.5696 0.5649 0.5419 0.5258 0.5234
0.077 0.2656 1.0 0.5004 0.4544 0.4682 0.4936 0.4498 0.4221 0.4774 0.4452 0.4152 0.4429 0.4221 0.4038 0.383 0.3784 0.3669 0.3439 0.3208 0.3162 0.3001 0.277 0.6513 0.7162 0.6746 0.6421 0.6884 0.6769 0.6421 0.6652 0.6769 0.6444 0.6329 0.6537 0.6491 0.6213 0.5959 0.5797 0.5634 0.538 0.5241 0.5171 0.6988 0.6664 0.6319 0.6572 0.6688 0.6296 0.6272 0.648 0.6226 0.5996 0.6364 0.6203 0.6019 0.5834 0.5696 0.5649 0.5419 0.5258 0.5234 0.5027
0.0073 0.2426 1.0 0.4544 0.4682 0.4936 0.4498 0.4221 0.4774 0.4452 0.4152 0.4429 0.4221 0.4038 0.383 0.3784 0.3669 0.3439 0.3208 0.3162 0.3001 0.277 0.2748 0.7162 0.6746 0.6421 0.6884 0.6769 0.6421 0.6652 0.6769 0.6444 0.6329 0.6537 0.6491 0.6213 0.5959 0.5797 0.5634 0.538 0.5241 0.5171 0.494 0.6664 0.6319 0.6572 0.6688 0.6296 0.6272 0.648 0.6226 0.5996 0.6364 0.6203 0.6019 0.5834 0.5696 0.5649 0.5419 0.5258 0.5234 0.5027 0.4819
0.0307 0.2333 1.0 0.4682 0.4936 0.4498 0.4221 0.4774 0.4452 0.4152 0.4429 0.4221 0.4038 0.383 0.3784 0.3669 0.3439 0.3208 0.3162 0.3001 0.277 0.2748 0.2656 0.6746 0.6421 0.6884 0.6769 0.6421 0.6652 0.6769 0.6444 0.6329 0.6537 0.6491 0.6213 0.5959 0.5797 0.5634 0.538 0.5241 0.5171 0.494 0.4754 0.6319 0.6572 0.6688 0.6296 0.6272 0.648 0.6226 0.5996 0.6364 0.6203 0.6019 0.5834 0.5696 0.5649 0.5419 0.5258 0.5234 0.5027 0.4819 0.4819
0.0767 0.2287 1.0 0.4936 0.4498 0.4221 0.4774 0.4452 0.4152 0.4429 0.4221 0.4038 0.383 0.3784 0.3669 0.3439 0.3208 0.3162 0.3001 0.277 0.2748 0.2656 0.2426 0.6421 0.6884 0.6769 0.6421 0.6652 0.6769 0.6444 0.6329 0.6537 0.6491 0.6213 0.5959 0.5797 0.5634 0.538 0.5241 0.5171 0.494 0.4754 0.4732 0.6572 0.6688 0.6296 0.6272 0.648 0.6226 0.5996 0.6364 0.6203 0.6019 0.5834 0.5696 0.5649 0.5419 0.5258 0.5234 0.5027 0.4819 0.4819 0.4658
0.031 0.208 1.0 0.4498 0.4221 0.4774 0.4452 0.4152 0.4429 0.4221 0.4038 0.383 0.3784 0.3669 0.3439 0.3208 0.3162 0.3001 0.277 0.2748 0.2656 0.2426 0.2333 0.6884 0.6769 0.6421 0.6652 0.6769 0.6444 0.6329 0.6537 0.6491 0.6213 0.5959 0.5797 0.5634 0.538 0.5241 0.5171 0.494 0.4754 0.4732 0.4547 0.6688 0.6296 0.6272 0.648 0.6226 0.5996 0.6364 0.6203 0.6019 0.5834 0.5696 0.5649 0.5419 0.5258 0.5234 0.5027 0.4819 0.4819 0.4658 0.445
0.0153 0.1964 1.0 0.4221 0.4774 0.4452 0.4152 0.4429 0.4221 0.4038 0.383 0.3784 0.3669 0.3439 0.3208 0.3162 0.3001 0.277 0.2748 0.2656 0.2426 0.2333 0.2287 0.6769 0.6421 0.6652 0.6769 0.6444 0.6329 0.6537 0.6491 0.6213 0.5959 0.5797 0.5634 0.538 0.5241 0.5171 0.494 0.4754 0.4732 0.4547 0.4361 0.6296 0.6272 0.648 0.6226 0.5996 0.6364 0.6203 0.6019 0.5834 0.5696 0.5649 0.5419 0.5258 0.5234 0.5027 0.4819 0.4819 0.4658 0.445 0.4403
0.069 0.1964 1.0 0.4774 0.4452 0.4152 0.4429 0.4221 0.4038 0.383 0.3784 0.3669 0.3439 0.3208 0.3162 0.3001 0.277 0.2748 0.2656 0.2426 0.2333 0.2287 0.208 0.6421 0.6652 0.6769 0.6444 0.6329 0.6537 0.6491 0.6213 0.5959 0.5797 0.5634 0.538 0.5241 0.5171 0.494 0.4754 0.4732 0.4547 0.4361 0.4316 0.6272 0.648 0.6226 0.5996 0.6364 0.6203 0.6019 0.5834 0.5696 0.5649 0.5419 0.5258 0.5234 0.5027 0.4819 0.4819 0.4658 0.445 0.4403 0.4311
0.0387 0.1803 1.0 0.4452 0.4152 0.4429 0.4221 0.4038 0.383 0.3784 0.3669 0.3439 0.3208 0.3162 0.3001 0.277 0.2748 0.2656 0.2426 0.2333 0.2287 0.208 0.1964 0.6652 0.6769 0.6444 0.6329 0.6537 0.6491 0.6213 0.5959 0.5797 0.5634 0.538 0.5241 0.5171 0.494 0.4754 0.4732 0.4547 0.4361 0.4316 0.4199 0.648 0.6226 0.5996 0.6364 0.6203 0.6019 0.5834 0.5696 0.5649 0.5419 0.5258 0.5234 0.5027 0.4819 0.4819 0.4658 0.445 0.4403 0.4311 0.4127
