0.0077 0.36 0.0 0.3553 0.3439 0.3484 0.3323 0.3208 0.3186 0.307 0.2932 0.2886 0.2771 0.2656 0.2587 0.2518 0.2402 0.2356 0.2287 0.2563 0.3347 0.307 0.3093 0.3876 0.3783 0.3598 0.3574 0.3506 0.3343 0.3273 0.3204 0.3089 0.2996 0.2903 0.2811 0.2718 0.2672 0.2579 0.2649 0.2741 0.2626 0.3343 0.3367 0.3919 0.3712 0.3666 0.3642 0.3481 0.3366 0.3366 0.3204 0.3112 0.3043 0.2928 0.2836 0.2789 0.2697 0.2604 0.2559 0.2489 0.3112 0.3481 0.3204
0.2763 0.3416 0.0 0.3439 0.3484 0.3323 0.3208 0.3186 0.307 0.2932 0.2886 0.2771 0.2656 0.2587 0.2518 0.2402 0.2356 0.2287 0.2563 0.3347 0.307 0.3093 0.3922 0.3783 0.3598 0.3574 0.3506 0.3343 0.3273 0.3204 0.3089 0.2996 0.2903 0.2811 0.2718 0.2672 0.2579 0.2649 0.2741 0.2626 0.3343 0.3367 0.3158 0.3712 0.3666 0.3642 0.3481 0.3366 0.3366 0.3204 0.3112 0.3043 0.2928 0.2836 0.2789 0.2697 0.2604 0.2559 0.2489 0.3112 0.3481 0.3204 0.3528
0.1073 0.4314 0.0 0.3484 0.3323 0.3208 0.3186 0.307 0.2932 0.2886 0.2771 0.2656 0.2587 0.2518 0.2402 0.2356 0.2287 0.2563 0.3347 0.307 0.3093 0.3922 0.36 0.3598 0.3574 0.3506 0.3343 0.3273 0.3204 0.3089 0.2996 0.2903 0.2811 0.2718 0.2672 0.2579 0.2649 0.2741 0.2626 0.3343 0.3367 0.3158 0.3667 0.3666 0.3642 0.3481 0.3366 0.3366 0.3204 0.3112 0.3043 0.2928 0.2836 0.2789 0.2697 0.2604 0.2559 0.2489 0.3112 0.3481 0.3204 0.3528 0.4012
0.0613 0.4014 0.0 0.3323 0.3208 0.3186 0.307 0.2932 0.2886 0.2771 0.2656 0.2587 0.2518 0.2402 0.2356 0.2287 0.2563 0.3347 0.307 0.3093 0.3922 0.36 0.3416 0.3574 0.3506 0.3343 0.3273 0.3204 0.3089 0.2996 0.2903 0.2811 0.2718 0.2672 0.2579 0.2649 0.2741 0.2626 0.3343 0.3367 0.3158 0.3667 0.3852 0.3642 0.3481 0.3366 0.3366 0.3204 0.3112 0.3043 0.2928 0.2836 0.2789 0.2697 0.2604 0.2559 0.2489 0.3112 0.3481 0.3204 0.3528 0.4012 0.362
0.2993 0.3692 0.0 0.3208 0.3186 0.307 0.2932 0.2886 0.2771 0.2656 0.2587 0.2518 0.2402 0.2356 0.2287 0.2563 0.3347 0.307 0.3093 0.3922 0.36 0.3416 0.4314 0.3506 0.3343 0.3273 0.3204 0.3089 0.2996 0.2903 0.2811 0.2718 0.2672 0.2579 0.2649 0.2741 0.2626 0.3343 0.3367 0.3158 0.3667 0.3852 0.3574 0.3481 0.3366 0.3366 0.3204 0.3112 0.3043 0.2928 0.2836 0.2789 0.2697 0.2604 0.2559 0.2489 0.3112 0.3481 0.3204 0.3528 0.4012 0.362 0.3642
0.1 0.4452 0.0 0.3186 0.307 0.2932 0.2886 0.2771 0.2656 0.2587 0.2518 0.2402 0.2356 0.2287 0.2563 0.3347 0.307 0.3093 0.3922 0.36 0.3416 0.4314 0.4014 0.3343 0.3273 0.3204 0.3089 0.2996 0.2903 0.2811 0.2718 0.2672 0.2579 0.2649 0.2741 0.2626 0.3343 0.3367 0.3158 0.3667 0.3852 0.3574 0.3829 0.3366 0.3366 0.3204 0.3112 0.3043 0.2928 0.2836 0.2789 0.2697 0.2604 0.2559 0.2489 0.3112 0.3481 0.3204 0.3528 0.4012 0.362 0.3642 0.4403
0.1073 0.4406 0.0 0.307 0.2932 0.2886 0.2771 0.2656 0.2587 0.2518 0.2402 0.2356 0.2287 0.2563 0.3347 0.307 0.3093 0.3922 0.36 0.3416 0.4314 0.4014 0.3692 0.3273 0.3204 0.3089 0.2996 0.2903 0.2811 0.2718 0.2672 0.2579 0.2649 0.2741 0.2626 0.3343 0.3367 0.3158 0.3667 0.3852 0.3574 0.3829 0.4269 0.3366 0.3204 0.3112 0.3043 0.2928 0.2836 0.2789 0.2697 0.2604 0.2559 0.2489 0.3112 0.3481 0.3204 0.3528 0.4012 0.362 0.3642 0.4403 0.3966
0.2533 0.4014 0.0 0.2932 0.2886 0.2771 0.2656 0.2587 0.2518 0.2402 0.2356 0.2287 0.2563 0.3347 0.307 0.3093 0.3922 0.36 0.3416 0.4314 0.4014 0.3692 0.4452 0.3204 0.3089 0.2996 0.2903 0.2811 0.2718 0.2672 0.2579 0.2649 0.2741 0.2626 0.3343 0.3367 0.3158 0.3667 0.3852 0.3574 0.3829 0.4269 0.3944 0.3204 0.3112 0.3043 0.2928 0.2836 0.2789 0.2697 0.2604 0.2559 0.2489 0.3112 0.3481 0.3204 0.3528 0.4012 0.362 0.3642 0.4403 0.3966 0.3781
0.0153 0.4476 0.0 0.2886 0.2771 0.2656 0.2587 0.2518 0.2402 0.2356 0.2287 0.2563 0.3347 0.307 0.3093 0.3922 0.36 0.3416 0.4314 0.4014 0.3692 0.4452 0.4406 0.3089 0.2996 0.2903 0.2811 0.2718 0.2672 0.2579 0.2649 0.2741 0.2626 0.3343 0.3367 0.3158 0.3667 0.3852 0.3574 0.3829 0.4269 0.3944 0.3944 0.3112 0.3043 0.2928 0.2836 0.2789 0.2697 0.2604 0.2559 0.2489 0.3112 0.3481 0.3204 0.3528 0.4012 0.362 0.3642 0.4403 0.3966 0.3781 0.4589
0.1307 0.4798 0.0 0.2771 0.2656 0.2587 0.2518 0.2402 0.2356 0.2287 0.2563 0.3347 0.307 0.3093 0.3922 0.36 0.3416 0.4314 0.4014 0.3692 0.4452 0.4406 0.4014 0.2996 0.2903 0.2811 0.2718 0.2672 0.2579 0.2649 0.2741 0.2626 0.3343 0.3367 0.3158 0.3667 0.3852 0.3574 0.3829 0.4269 0.3944 0.3944 0.4639 0.3043 0.2928 0.2836 0.2789 0.2697 0.2604 0.2559 0.2489 0.3112 0.3481 0.3204 0.3528 0.4012 0.362 0.3642 0.4403 0.3966 0.3781 0.4589 0.4289
0.154 0.4406 0.0 0.2656 0.2587 0.2518 0.2402 0.2356 0.2287 0.2563 0.3347 0.307 0.3093 0.3922 0.36 0.3416 0.4314 0.4014 0.3692 0.4452 0.4406 0.4014 0.4476 0.2903 0.2811 0.2718 0.2672 0.2579 0.2649 0.2741 0.2626 0.3343 0.3367 0.3158 0.3667 0.3852 0.3574 0.3829 0.4269 0.3944 0.3944 0.4639 0.4269 0.2928 0.2836 0.2789 0.2697 0.2604 0.2559 0.2489 0.3112 0.3481 0.3204 0.3528 0.4012 0.362 0.3642 0.4403 0.3966 0.3781 0.4589 0.4289 0.4012
0.1073 0.4429 0.0 0.2587 0.2518 0.2402 0.2356 0.2287 0.2563 0.3347 0.307 0.3093 0.3922 0.36 0.3416 0.4314 0.4014 0.3692 0.4452 0.4406 0.4014 0.4476 0.4798 0.2811 0.2718 0.2672 0.2579 0.2649 0.2741 0.2626 0.3343 0.3367 0.3158 0.3667 0.3852 0.3574 0.3829 0.4269 0.3944 0.3944 0.4639 0.4269 0.413 0.2836 0.2789 0.2697 0.2604 0.2559 0.2489 0.3112 0.3481 0.3204 0.3528 0.4012 0.362 0.3642 0.4403 0.3966 0.3781 0.4589 0.4289 0.4012 0.4634
0.1307 0.5051 0.0 0.2518 0.2402 0.2356 0.2287 0.2563 0.3347 0.307 0.3093 0.3922 0.36 0.3416 0.4314 0.4014 0.3692 0.4452 0.4406 0.4014 0.4476 0.4798 0.4406 0.2718 0.2672 0.2579 0.2649 0.2741 0.2626 0.3343 0.3367 0.3158 0.3667 0.3852 0.3574 0.3829 0.4269 0.3944 0.3944 0.4639 0.4269 0.413 0.4893 0.2789 0.2697 0.2604 0.2559 0.2489 0.3112 0.3481 0.3204 0.3528 0.4012 0.362 0.3642 0.4403 0.3966 0.3781 0.4589 0.4289 0.4012 0.4634 0.4634
0.0077 0.4706 0.0 0.2402 0.2356 0.2287 0.2563 0.3347 0.307 0.3093 0.3922 0.36 0.3416 0.4314 0.4014 0.3692 0.4452 0.4406 0.4014 0.4476 0.4798 0.4406 0.4429 0.2672 0.2579 0.2649 0.2741 0.2626 0.3343 0.3367 0.3158 0.3667 0.3852 0.3574 0.3829 0.4269 0.3944 0.3944 0.4639 0.4269 0.413 0.4893 0.4662 0.2697 0.2604 0.2559 0.2489 0.3112 0.3481 0.3204 0.3528 0.4012 0.362 0.3642 0.4403 0.3966 0.3781 0.4589 0.4289 0.4012 0.4634 0.4634 0.4358
0.2073 0.4544 0.0 0.2356 0.2287 0.2563 0.3347 0.307 0.3093 0.3922 0.36 0.3416 0.4314 0.4014 0.3692 0.4452 0.4406 0.4014 0.4476 0.4798 0.4406 0.4429 0.5051 0.2579 0.2649 0.2741 0.2626 0.3343 0.3367 0.3158 0.3667 0.3852 0.3574 0.3829 0.4269 0.3944 0.3944 0.4639 0.4269 0.413 0.4893 0.4662 0.4431 0.2604 0.2559 0.2489 0.3112 0.3481 0.3204 0.3528 0.4012 0.362 0.3642 0.4403 0.3966 0.3781 0.4589 0.4289 0.4012 0.4634 0.4634 0.4358 0.4658
0.115 0.5051 0.0 0.2287 0.2563 0.3347 0.307 0.3093 0.3922 0.36 0.3416 0.4314 0.4014 0.3692 0.4452 0.4406 0.4014 0.4476 0.4798 0.4406 0.4429 0.5051 0.4706 0.2649 0.2741 0.2626 0.3343 0.3367 0.3158 0.3667 0.3852 0.3574 0.3829 0.4269 0.3944 0.3944 0.4639 0.4269 0.413 0.4893 0.4662 0.4431 0.494 0.2559 0.2489 0.3112 0.3481 0.3204 0.3528 0.4012 0.362 0.3642 0.4403 0.3966 0.3781 0.4589 0.4289 0.4012 0.4634 0.4634 0.4358 0.4658 0.4911
0.054 0.489 0.0 0.2563 0.3347 0.307 0.3093 0.3922 0.36 0.3416 0.4314 0.4014 0.3692 0.4452 0.4406 0.4014 0.4476 0.4798 0.4406 0.4429 0.5051 0.4706 0.4544 0.2741 0.2626 0.3343 0.3367 0.3158 0.3667 0.3852 0.3574 0.3829 0.4269 0.3944 0.3944 0.4639 0.4269 0.413 0.4893 0.4662 0.4431 0.494 0.5032 0.2489 0.3112 0.3481 0.3204 0.3528 0.4012 0.362 0.3642 0.4403 0.3966 0.3781 0.4589 0.4289 0.4012 0.4634 0.4634 0.4358 0.4658 0.4911 0.4589
0.169 0.4751 0.0 0.3347 0.307 0.3093 0.3922 0.36 0.3416 0.4314 0.4014 0.3692 0.4452 0.4406 0.4014 0.4476 0.4798 0.4406 0.4429 0.5051 0.4706 0.4544 0.5051 0.2626 0.3343 0.3367 0.3158 0.3667 0.3852 0.3574 0.3829 0.4269 0.3944 0.3944 0.4639 0.4269 0.413 0.4893 0.4662 0.4431 0.494 0.5032 0.4732 0.3112 0.3481 0.3204 0.3528 0.4012 0.362 0.3642 0.4403 0.3966 0.3781 0.4589 0.4289 0.4012 0.4634 0.4634 0.4358 0.4658 0.4911 0.4589 0.4658
0.0537 0.5143 0.0 0.307 0.3093 0.3922 0.36 0.3416 0.4314 0.4014 0.3692 0.4452 0.4406 0.4014 0.4476 0.4798 0.4406 0.4429 0.5051 0.4706 0.4544 0.5051 0.489 0.3343 0.3367 0.3158 0.3667 0.3852 0.3574 0.3829 0.4269 0.3944 0.3944 0.4639 0.4269 0.413 0.4893 0.4662 0.4431 0.494 0.5032 0.4732 0.4893 0.3481 0.3204 0.3528 0.4012 0.362 0.3642 0.4403 0.3966 0.3781 0.4589 0.4289 0.4012 0.4634 0.4634 0.4358 0.4658 0.4911 0.4589 0.4658 0.5211
0.0463 0.5397 0.0 0.3093 0.3922 0.36 0.3416 0.4314 0.4014 0.3692 0.4452 0.4406 0.4014 0.4476 0.4798 0.4406 0.4429 0.5051 0.4706 0.4544 0.5051 0.489 0.4751 0.3367 0.3158 0.3667 0.3852 0.3574 0.3829 0.4269 0.3944 0.3944 0.4639 0.4269 0.413 0.4893 0.4662 0.4431 0.494 0.5032 0.4732 0.4893 0.5472 0.3204 0.3528 0.4012 0.362 0.3642 0.4403 0.3966 0.3781 0.4589 0.4289 0.4012 0.4634 0.4634 0.4358 0.4658 0.4911 0.4589 0.4658 0.5211 0.4911
0.1307 0.512 0.0 0.3922 0.36 0.3416 0.4314 0.4014 0.3692 0.4452 0.4406 0.4014 0.4476 0.4798 0.4406 0.4429 0.5051 0.4706 0.4544 0.5051 0.489 0.4751 0.5143 0.3158 0.3667 0.3852 0.3574 0.3829 0.4269 0.3944 0.3944 0.4639 0.4269 0.413 0.4893 0.4662 0.4431 0.494 0.5032 0.4732 0.4893 0.5472 0.5171 0.3528 0.4012 0.362 0.3642 0.4403 0.3966 0.3781 0.4589 0.4289 0.4012 0.4634 0.4634 0.4358 0.4658 0.4911 0.4589 0.4658 0.5211 0.4911 0.4888
0.0847 0.5212 0.0 0.36 0.3416 0.4314 0.4014 0.3692 0.4452 0.4406 0.4014 0.4476 0.4798 0.4406 0.4429 0.5051 0.4706 0.4544 0.5051 0.489 0.4751 0.5143 0.5397 0.3667 0.3852 0.3574 0.3829 0.4269 0.3944 0.3944 0.4639 0.4269 0.413 0.4893 0.4662 0.4431 0.494 0.5032 0.4732 0.4893 0.5472 0.5171 0.5148 0.4012 0.362 0.3642 0.4403 0.3966 0.3781 0.4589 0.4289 0.4012 0.4634 0.4634 0.4358 0.4658 0.4911 0.4589 0.4658 0.5211 0.4911 0.4888 0.5258
0.0923 0.5811 0.0 0.3416 0.4314 0.4014 0.3692 0.4452 0.4406 0.4014 0.4476 0.4798 0.4406 0.4429 0.5051 0.4706 0.4544 0.5051 0.489 0.4751 0.5143 0.5397 0.512 0.3852 0.3574 0.3829 0.4269 0.3944 0.3944 0.4639 0.4269 0.413 0.4893 0.4662 0.4431 0.494 0.5032 0.4732 0.4893 0.5472 0.5171 0.5148 0.5727 0.362 0.3642 0.4403 0.3966 0.3781 0.4589 0.4289 0.4012 0.4634 0.4634 0.4358 0.4658 0.4911 0.4589 0.4658 0.5211 0.4911 0.4888 0.5258 0.5396
0.0307 0.5558 0.0 0.4314 0.4014 0.3692 0.4452 0.4406 0.4014 0.4476 0.4798 0.4406 0.4429 0.5051 0.4706 0.4544 0.5051 0.489 0.4751 0.5143 0.5397 0.512 0.5212 0.3574 0.3829 0.4269 0.3944 0.3944 0.4639 0.4269 0.413 0.4893 0.4662 0.4431 0.494 0.5032 0.4732 0.4893 0.5472 0.5171 0.5148 0.5727 0.5588 0.3642 0.4403 0.3966 0.3781 0.4589 0.4289 0.4012 0.4634 0.4634 0.4358 0.4658 0.4911 0.4589 0.4658 0.5211 0.4911 0.4888 0.5258 0.5396 0.5258
0.1997 0.5442 0.0 0.4014 0.3692 0.4452 0.4406 0.4014 0.4476 0.4798 0.4406 0.4429 0.5051 0.4706 0.4544 0.5051 0.489 0.4751 0.5143 0.5397 0.512 0.5212 0.5811 0.3829 0.4269 0.3944 0.3944 0.4639 0.4269 0.413 0.4893 0.4662 0.4431 0.494 0.5032 0.4732 0.4893 0.5472 0.5171 0.5148 0.5727 0.5588 0.5472 0.4403 0.3966 0.3781 0.4589 0.4289 0.4012 0.4634 0.4634 0.4358 0.4658 0.4911 0.4589 0.4658 0.5211 0.4911 0.4888 0.5258 0.5396 0.5258 0.5511
0.0843 0.6088 0.0 0.3692 0.4452 0.4406 0.4014 0.4476 0.4798 0.4406 0.4429 0.5051 0.4706 0.4544 0.5051 0.489 0.4751 0.5143 0.5397 0.512 0.5212 0.5811 0.5558 0.4269 0.3944 0.3944 0.4639 0.4269 0.413 0.4893 0.4662 0.4431 0.494 0.5032 0.4732 0.4893 0.5472 0.5171 0.5148 0.5727 0.5588 0.5472 0.5773 0.3966 0.3781 0.4589 0.4289 0.4012 0.4634 0.4634 0.4358 0.4658 0.4911 0.4589 0.4658 0.5211 0.4911 0.4888 0.5258 0.5396 0.5258 0.5511 0.6019
0.0387 0.5927 0.0 0.4452 0.4406 0.4014 0.4476 0.4798 0.4406 0.4429 0.5051 0.4706 0.4544 0.5051 0.489 0.4751 0.5143 0.5397 0.512 0.5212 0.5811 0.5558 0.5442 0.3944 0.3944 0.4639 0.4269 0.413 0.4893 0.4662 0.4431 0.494 0.5032 0.4732 0.4893 0.5472 0.5171 0.5148 0.5727 0.5588 0.5472 0.5773 0.6051 0.3781 0.4589 0.4289 0.4012 0.4634 0.4634 0.4358 0.4658 0.4911 0.4589 0.4658 0.5211 0.4911 0.4888 0.5258 0.5396 0.5258 0.5511 0.6019 0.5649
0.2153 0.5719 0.0 0.4406 0.4014 0.4476 0.4798 0.4406 0.4429 0.5051 0.4706 0.4544 0.5051 0.489 0.4751 0.5143 0.5397 0.512 0.5212 0.5811 0.5558 0.5442 0.6088 0.3944 0.4639 0.4269 0.413 0.4893 0.4662 0.4431 0.494 0.5032 0.4732 0.4893 0.5472 0.5171 0.5148 0.5727 0.5588 0.5472 0.5773 0.6051 0.575 0.4589 0.4289 0.4012 0.4634 0.4634 0.4358 0.4658 0.4911 0.4589 0.4658 0.5211 0.4911 0.4888 0.5258 0.5396 0.5258 0.5511 0.6019 0.5649 0.5649
0.0537 0.6157 0.0 0.4014 0.4476 0.4798 0.4406 0.4429 0.5051 0.4706 0.4544 0.5051 0.489 0.4751 0.5143 0.5397 0.512 0.5212 0.5811 0.5558 0.5442 0.6088 0.5927 0.4639 0.4269 0.413 0.4893 0.4662 0.4431 0.494 0.5032 0.4732 0.4893 0.5472 0.5171 0.5148 0.5727 0.5588 0.5472 0.5773 0.6051 0.575 0.5842 0.4289 0.4012 0.4634 0.4634 0.4358 0.4658 0.4911 0.4589 0.4658 0.5211 0.4911 0.4888 0.5258 0.5396 0.5258 0.5511 0.6019 0.5649 0.5649 0.6319
0.0693 0.6088 0.0 0.4476 0.4798 0.4406 0.4429 0.5051 0.4706 0.4544 0.5051 0.489 0.4751 0.5143 0.5397 0.512 0.5212 0.5811 0.5558 0.5442 0.6088 0.5927 0.5719 0.4269 0.413 0.4893 0.4662 0.4431 0.494 0.5032 0.4732 0.4893 0.5472 0.5171 0.5148 0.5727 0.5588 0.5472 0.5773 0.6051 0.575 0.5842 0.6236 0.4012 0.4634 0.4634 0.4358 0.4658 0.4911 0.4589 0.4658 0.5211 0.4911 0.4888 0.5258 0.5396 0.5258 0.5511 0.6019 0.5649 0.5649 0.6319 0.5927
0.146 0.5811 0.0 0.4798 0.4406 0.4429 0.5051 0.4706 0.4544 0.5051 0.489 0.4751 0.5143 0.5397 0.512 0.5212 0.5811 0.5558 0.5442 0.6088 0.5927 0.5719 0.6157 0.413 0.4893 0.4662 0.4431 0.494 0.5032 0.4732 0.4893 0.5472 0.5171 0.5148 0.5727 0.5588 0.5472 0.5773 0.6051 0.575 0.5842 0.6236 0.5866 0.4634 0.4634 0.4358 0.4658 0.4911 0.4589 0.4658 0.5211 0.4911 0.4888 0.5258 0.5396 0.5258 0.5511 0.6019 0.5649 0.5649 0.6319 0.5927 0.5788
0.023 0.6157 0.0 0.4406 0.4429 0.5051 0.4706 0.4544 0.5051 0.489 0.4751 0.5143 0.5397 0.512 0.5212 0.5811 0.5558 0.5442 0.6088 0.5927 0.5719 0.6157 0.6088 0.4893 0.4662 0.4431 0.494 0.5032 0.4732 0.4893 0.5472 0.5171 0.5148 0.5727 0.5588 0.5472 0.5773 0.6051 0.575 0.5842 0.6236 0.5866 0.582 0.4634 0.4358 0.4658 0.4911 0.4589 0.4658 0.5211 0.4911 0.4888 0.5258 0.5396 0.5258 0.5511 0.6019 0.5649 0.5649 0.6319 0.5927 0.5788 0.6364
0.0923 0.6157 0.0 0.4429 0.5051 0.4706 0.4544 0.5051 0.489 0.4751 0.5143 0.5397 0.512 0.5212 0.5811 0.5558 0.5442 0.6088 0.5927 0.5719 0.6157 0.6088 0.5811 0.4662 0.4431 0.494 0.5032 0.4732 0.4893 0.5472 0.5171 0.5148 0.5727 0.5588 0.5472 0.5773 0.6051 0.575 0.5842 0.6236 0.5866 0.582 0.619 0.4358 0.4658 0.4911 0.4589 0.4658 0.5211 0.4911 0.4888 0.5258 0.5396 0.5258 0.5511 0.6019 0.5649 0.5649 0.6319 0.5927 0.5788 0.6364 0.5996
0.1153 0.5834 0.0 0.5051 0.4706 0.4544 0.5051 0.489 0.4751 0.5143 0.5397 0.512 0.5212 0.5811 0.5558 0.5442 0.6088 0.5927 0.5719 0.6157 0.6088 0.5811 0.6157 0.4431 0.494 0.5032 0.4732 0.4893 0.5472 0.5171 0.5148 0.5727 0.5588 0.5472 0.5773 0.6051 0.575 0.5842 0.6236 0.5866 0.582 0.619 0.5889 0.4658 0.4911 0.4589 0.4658 0.5211 0.4911 0.4888 0.5258 0.5396 0.5258 0.5511 0.6019 0.5649 0.5649 0.6319 0.5927 0.5788 0.6364 0.5996 0.5788
0.0 0.6249 0.0 0.4706 0.4544 0.5051 0.489 0.4751 0.5143 0.5397 0.512 0.5212 0.5811 0.5558 0.5442 0.6088 0.5927 0.5719 0.6157 0.6088 0.5811 0.6157 0.6157 0.494 0.5032 0.4732 0.4893 0.5472 0.5171 0.5148 0.5727 0.5588 0.5472 0.5773 0.6051 0.575 0.5842 0.6236 0.5866 0.582 0.619 0.5889 0.5866 0.4911 0.4589 0.4658 0.5211 0.4911 0.4888 0.5258 0.5396 0.5258 0.5511 0.6019 0.5649 0.5649 0.6319 0.5927 0.5788 0.6364 0.5996 0.5788 0.6249
0.1077 0.6019 0.0 0.4544 0.5051 0.489 0.4751 0.5143 0.5397 0.512 0.5212 0.5811 0.5558 0.5442 0.6088 0.5927 0.5719 0.6157 0.6088 0.5811 0.6157 0.6157 0.5834 0.5032 0.4732 0.4893 0.5472 0.5171 0.5148 0.5727 0.5588 0.5472 0.5773 0.6051 0.575 0.5842 0.6236 0.5866 0.582 0.619 0.5889 0.5866 0.6167 0.4589 0.4658 0.5211 0.4911 0.4888 0.5258 0.5396 0.5258 0.5511 0.6019 0.5649 0.5649 0.6319 0.5927 0.5788 0.6364 0.5996 0.5788 0.6249 0.5972
0.1383 0.5766 0.0 0.5051 0.489 0.4751 0.5143 0.5397 0.512 0.5212 0.5811 0.5558 0.5442 0.6088 0.5927 0.5719 0.6157 0.6088 0.5811 0.6157 0.6157 0.5834 0.6249 0.4732 0.4893 0.5472 0.5171 0.5148 0.5727 0.5588 0.5472 0.5773 0.6051 0.575 0.5842 0.6236 0.5866 0.582 0.619 0.5889 0.5866 0.6167 0.5889 0.4658 0.5211 0.4911 0.4888 0.5258 0.5396 0.5258 0.5511 0.6019 0.5649 0.5649 0.6319 0.5927 0.5788 0.6364 0.5996 0.5788 0.6249 0.5972 0.5834
0.0767 0.6226 0.0 0.489 0.4751 0.5143 0.5397 0.512 0.5212 0.5811 0.5558 0.5442 0.6088 0.5927 0.5719 0.6157 0.6088 0.5811 0.6157 0.6157 0.5834 0.6249 0.6019 0.4893 0.5472 0.5171 0.5148 0.5727 0.5588 0.5472 0.5773 0.6051 0.575 0.5842 0.6236 0.5866 0.582 0.619 0.5889 0.5866 0.6167 0.5889 0.5889 0.5211 0.4911 0.4888 0.5258 0.5396 0.5258 0.5511 0.6019 0.5649 0.5649 0.6319 0.5927 0.5788 0.6364 0.5996 0.5788 0.6249 0.5972 0.5834 0.6411
0.0843 0.6157 0.0 0.4751 0.5143 0.5397 0.512 0.5212 0.5811 0.5558 0.5442 0.6088 0.5927 0.5719 0.6157 0.6088 0.5811 0.6157 0.6157 0.5834 0.6249 0.6019 0.5766 0.5472 0.5171 0.5148 0.5727 0.5588 0.5472 0.5773 0.6051 0.575 0.5842 0.6236 0.5866 0.582 0.619 0.5889 0.5866 0.6167 0.5889 0.5889 0.612 0.4911 0.4888 0.5258 0.5396 0.5258 0.5511 0.6019 0.5649 0.5649 0.6319 0.5927 0.5788 0.6364 0.5996 0.5788 0.6249 0.5972 0.5834 0.6411 0.6111
0.1533 0.588 0.0 0.5143 0.5397 0.512 0.5212 0.5811 0.5558 0.5442 0.6088 0.5927 0.5719 0.6157 0.6088 0.5811 0.6157 0.6157 0.5834 0.6249 0.6019 0.5766 0.6226 0.5171 0.5148 0.5727 0.5588 0.5472 0.5773 0.6051 0.575 0.5842 0.6236 0.5866 0.582 0.619 0.5889 0.5866 0.6167 0.5889 0.5889 0.612 0.5912 0.4888 0.5258 0.5396 0.5258 0.5511 0.6019 0.5649 0.5649 0.6319 0.5927 0.5788 0.6364 0.5996 0.5788 0.6249 0.5972 0.5834 0.6411 0.6111 0.5996
0.023 0.641 0.0 0.5397 0.512 0.5212 0.5811 0.5558 0.5442 0.6088 0.5927 0.5719 0.6157 0.6088 0.5811 0.6157 0.6157 0.5834 0.6249 0.6019 0.5766 0.6226 0.6157 0.5148 0.5727 0.5588 0.5472 0.5773 0.6051 0.575 0.5842 0.6236 0.5866 0.582 0.619 0.5889 0.5866 0.6167 0.5889 0.5889 0.612 0.5912 0.6004 0.5258 0.5396 0.5258 0.5511 0.6019 0.5649 0.5649 0.6319 0.5927 0.5788 0.6364 0.5996 0.5788 0.6249 0.5972 0.5834 0.6411 0.6111 0.5996 0.6503
0.0923 0.6318 0.0 0.512 0.5212 0.5811 0.5558 0.5442 0.6088 0.5927 0.5719 0.6157 0.6088 0.5811 0.6157 0.6157 0.5834 0.6249 0.6019 0.5766 0.6226 0.6157 0.588 0.5727 0.5588 0.5472 0.5773 0.6051 0.575 0.5842 0.6236 0.5866 0.582 0.619 0.5889 0.5866 0.6167 0.5889 0.5889 0.612 0.5912 0.6004 0.6352 0.5396 0.5258 0.5511 0.6019 0.5649 0.5649 0.6319 0.5927 0.5788 0.6364 0.5996 0.5788 0.6249 0.5972 0.5834 0.6411 0.6111 0.5996 0.6503 0.6203
0.1767 0.5972 0.0 0.5212 0.5811 0.5558 0.5442 0.6088 0.5927 0.5719 0.6157 0.6088 0.5811 0.6157 0.6157 0.5834 0.6249 0.6019 0.5766 0.6226 0.6157 0.588 0.641 0.5588 0.5472 0.5773 0.6051 0.575 0.5842 0.6236 0.5866 0.582 0.619 0.5889 0.5866 0.6167 0.5889 0.5889 0.612 0.5912 0.6004 0.6352 0.6074 0.5258 0.5511 0.6019 0.5649 0.5649 0.6319 0.5927 0.5788 0.6364 0.5996 0.5788 0.6249 0.5972 0.5834 0.6411 0.6111 0.5996 0.6503 0.6203 0.6088
0.0307 0.6594 0.0 0.5811 0.5558 0.5442 0.6088 0.5927 0.5719 0.6157 0.6088 0.5811 0.6157 0.6157 0.5834 0.6249 0.6019 0.5766 0.6226 0.6157 0.588 0.641 0.6318 0.5472 0.5773 0.6051 0.575 0.5842 0.6236 0.5866 0.582 0.619 0.5889 0.5866 0.6167 0.5889 0.5889 0.612 0.5912 0.6004 0.6352 0.6074 0.612 0.5511 0.6019 0.5649 0.5649 0.6319 0.5927 0.5788 0.6364 0.5996 0.5788 0.6249 0.5972 0.5834 0.6411 0.6111 0.5996 0.6503 0.6203 0.6088 0.678
0.1153 0.6594 0.0 0.5558 0.5442 0.6088 0.5927 0.5719 0.6157 0.6088 0.5811 0.6157 0.6157 0.5834 0.6249 0.6019 0.5766 0.6226 0.6157 0.588 0.641 0.6318 0.5972 0.5773 0.6051 0.575 0.5842 0.6236 0.5866 0.582 0.619 0.5889 0.5866 0.6167 0.5889 0.5889 0.612 0.5912 0.6004 0.6352 0.6074 0.612 0.663 0.6019 0.5649 0.5649 0.6319 0.5927 0.5788 0.6364 0.5996 0.5788 0.6249 0.5972 0.5834 0.6411 0.6111 0.5996 0.6503 0.6203 0.6088 0.678 0.6411
0.2073 0.618 0.0 0.5442 0.6088 0.5927 0.5719 0.6157 0.6088 0.5811 0.6157 0.6157 0.5834 0.6249 0.6019 0.5766 0.6226 0.6157 0.588 0.641 0.6318 0.5972 0.6594 0.6051 0.575 0.5842 0.6236 0.5866 0.582 0.619 0.5889 0.5866 0.6167 0.5889 0.5889 0.612 0.5912 0.6004 0.6352 0.6074 0.612 0.663 0.6329 0.5649 0.5649 0.6319 0.5927 0.5788 0.6364 0.5996 0.5788 0.6249 0.5972 0.5834 0.6411 0.6111 0.5996 0.6503 0.6203 0.6088 0.678 0.6411 0.6157
0.0 0.664 0.0 0.6088 0.5927 0.5719 0.6157 0.6088 0.5811 0.6157 0.6157 0.5834 0.6249 0.6019 0.5766 0.6226 0.6157 0.588 0.641 0.6318 0.5972 0.6594 0.6594 0.575 0.5842 0.6236 0.5866 0.582 0.619 0.5889 0.5866 0.6167 0.5889 0.5889 0.612 0.5912 0.6004 0.6352 0.6074 0.612 0.663 0.6329 0.6259 0.5649 0.6319 0.5927 0.5788 0.6364 0.5996 0.5788 0.6249 0.5972 0.5834 0.6411 0.6111 0.5996 0.6503 0.6203 0.6088 0.678 0.6411 0.6157 0.6918
0.138 0.6824 0.0 0.5927 0.5719 0.6157 0.6088 0.5811 0.6157 0.6157 0.5834 0.6249 0.6019 0.5766 0.6226 0.6157 0.588 0.641 0.6318 0.5972 0.6594 0.6594 0.618 0.5842 0.6236 0.5866 0.582 0.619 0.5889 0.5866 0.6167 0.5889 0.5889 0.612 0.5912 0.6004 0.6352 0.6074 0.612 0.663 0.6329 0.6259 0.6861 0.6319 0.5927 0.5788 0.6364 0.5996 0.5788 0.6249 0.5972 0.5834 0.6411 0.6111 0.5996 0.6503 0.6203 0.6088 0.678 0.6411 0.6157 0.6918 0.6664
0.1533 0.6341 0.0 0.5719 0.6157 0.6088 0.5811 0.6157 0.6157 0.5834 0.6249 0.6019 0.5766 0.6226 0.6157 0.588 0.641 0.6318 0.5972 0.6594 0.6594 0.618 0.664 0.6236 0.5866 0.582 0.619 0.5889 0.5866 0.6167 0.5889 0.5889 0.612 0.5912 0.6004 0.6352 0.6074 0.612 0.663 0.6329 0.6259 0.6861 0.6537 0.5927 0.5788 0.6364 0.5996 0.5788 0.6249 0.5972 0.5834 0.6411 0.6111 0.5996 0.6503 0.6203 0.6088 0.678 0.6411 0.6157 0.6918 0.6664 0.6296
0.0613 0.6571 0.0 0.6157 0.6088 0.5811 0.6157 0.6157 0.5834 0.6249 0.6019 0.5766 0.6226 0.6157 0.588 0.641 0.6318 0.5972 0.6594 0.6594 0.618 0.664 0.6824 0.5866 0.582 0.619 0.5889 0.5866 0.6167 0.5889 0.5889 0.612 0.5912 0.6004 0.6352 0.6074 0.612 0.663 0.6329 0.6259 0.6861 0.6537 0.6374 0.5788 0.6364 0.5996 0.5788 0.6249 0.5972 0.5834 0.6411 0.6111 0.5996 0.6503 0.6203 0.6088 0.678 0.6411 0.6157 0.6918 0.6664 0.6296 0.701
0.161 0.6917 0.0 0.6088 0.5811 0.6157 0.6157 0.5834 0.6249 0.6019 0.5766 0.6226 0.6157 0.588 0.641 0.6318 0.5972 0.6594 0.6594 0.618 0.664 0.6824 0.6341 0.582 0.619 0.5889 0.5866 0.6167 0.5889 0.5889 0.612 0.5912 0.6004 0.6352 0.6074 0.612 0.663 0.6329 0.6259 0.6861 0.6537 0.6374 0.7047 0.6364 0.5996 0.5788 0.6249 0.5972 0.5834 0.6411 0.6111 0.5996 0.6503 0.6203 0.6088 0.678 0.6411 0.6157 0.6918 0.6664 0.6296 0.701 0.6802
0.0767 0.641 0.0 0.5811 0.6157 0.6157 0.5834 0.6249 0.6019 0.5766 0.6226 0.6157 0.588 0.641 0.6318 0.5972 0.6594 0.6594 0.618 0.664 0.6824 0.6341 0.6571 0.619 0.5889 0.5866 0.6167 0.5889 0.5889 0.612 0.5912 0.6004 0.6352 0.6074 0.612 0.663 0.6329 0.6259 0.6861 0.6537 0.6374 0.7047 0.6676 0.5996 0.5788 0.6249 0.5972 0.5834 0.6411 0.6111 0.5996 0.6503 0.6203 0.6088 0.678 0.6411 0.6157 0.6918 0.6664 0.6296 0.701 0.6802 0.6388
0.1153 0.641 0.0 0.6157 0.6157 0.5834 0.6249 0.6019 0.5766 0.6226 0.6157 0.588 0.641 0.6318 0.5972 0.6594 0.6594 0.618 0.664 0.6824 0.6341 0.6571 0.6917 0.5889 0.5866 0.6167 0.5889 0.5889 0.612 0.5912 0.6004 0.6352 0.6074 0.612 0.663 0.6329 0.6259 0.6861 0.6537 0.6374 0.7047 0.6676 0.6374 0.5788 0.6249 0.5972 0.5834 0.6411 0.6111 0.5996 0.6503 0.6203 0.6088 0.678 0.6411 0.6157 0.6918 0.6664 0.6296 0.701 0.6802 0.6388 0.6896
0.169 0.641 1.0 0.6157 0.5834 0.6249 0.6019 0.5766 0.6226 0.6157 0.588 0.641 0.6318 0.5972 0.6594 0.6594 0.618 0.664 0.6824 0.6341 0.6571 0.6917 0.641 0.5866 0.6167 0.5889 0.5889 0.612 0.5912 0.6004 0.6352 0.6074 0.612 0.663 0.6329 0.6259 0.6861 0.6537 0.6374 0.7047 0.6676 0.6374 0.7023 0.6249 0.5972 0.5834 0.6411 0.6111 0.5996 0.6503 0.6203 0.6088 0.678 0.6411 0.6157 0.6918 0.6664 0.6296 0.701 0.6802 0.6388 0.6896 0.6849
0.0 0.641 1.0 0.5834 0.6249 0.6019 0.5766 0.6226 0.6157 0.588 0.641 0.6318 0.5972 0.6594 0.6594 0.618 0.664 0.6824 0.6341 0.6571 0.6917 0.641 0.641 0.6167 0.5889 0.5889 0.612 0.5912 0.6004 0.6352 0.6074 0.612 0.663 0.6329 0.6259 0.6861 0.6537 0.6374 0.7047 0.6676 0.6374 0.7023 0.6746 0.5972 0.5834 0.6411 0.6111 0.5996 0.6503 0.6203 0.6088 0.678 0.6411 0.6157 0.6918 0.6664 0.6296 0.701 0.6802 0.6388 0.6896 0.6849 0.6364
0.0 0.641 1.0 0.6249 0.6019 0.5766 0.6226 0.6157 0.588 0.641 0.6318 0.5972 0.6594 0.6594 0.618 0.664 0.6824 0.6341 0.6571 0.6917 0.641 0.641 0.641 0.5889 0.5889 0.612 0.5912 0.6004 0.6352 0.6074 0.612 0.663 0.6329 0.6259 0.6861 0.6537 0.6374 0.7047 0.6676 0.6374 0.7023 0.6746 0.6352 0.5834 0.6411 0.6111 0.5996 0.6503 0.6203 0.6088 0.678 0.6411 0.6157 0.6918 0.6664 0.6296 0.701 0.6802 0.6388 0.6896 0.6849 0.6364 0.6641
0.0 0.641 1.0 0.6019 0.5766 0.6226 0.6157 0.588 0.641 0.6318 0.5972 0.6594 0.6594 0.618 0.664 0.6824 0.6341 0.6571 0.6917 0.641 0.641 0.641 0.641 0.5889 0.612 0.5912 0.6004 0.6352 0.6074 0.612 0.663 0.6329 0.6259 0.6861 0.6537 0.6374 0.7047 0.6676 0.6374 0.7023 0.6746 0.6352 0.6861 0.6411 0.6111 0.5996 0.6503 0.6203 0.6088 0.678 0.6411 0.6157 0.6918 0.6664 0.6296 0.701 0.6802 0.6388 0.6896 0.6849 0.6364 0.6641 0.6826
0.0 0.641 1.0 0.5766 0.6226 0.6157 0.588 0.641 0.6318 0.5972 0.6594 0.6594 0.618 0.664 0.6824 0.6341 0.6571 0.6917 0.641 0.641 0.641 0.641 0.641 0.612 0.5912 0.6004 0.6352 0.6074 0.612 0.663 0.6329 0.6259 0.6861 0.6537 0.6374 0.7047 0.6676 0.6374 0.7023 0.6746 0.6352 0.6861 0.6769 0.6111 0.5996 0.6503 0.6203 0.6088 0.678 0.6411 0.6157 0.6918 0.6664 0.6296 0.701 0.6802 0.6388 0.6896 0.6849 0.6364 0.6641 0.6826 0.6341
0.0 0.641 1.0 0.6226 0.6157 0.588 0.641 0.6318 0.5972 0.6594 0.6594 0.618 0.664 0.6824 0.6341 0.6571 0.6917 0.641 0.641 0.641 0.641 0.641 0.641 0.5912 0.6004 0.6352 0.6074 0.612 0.663 0.6329 0.6259 0.6861 0.6537 0.6374 0.7047 0.6676 0.6374 0.7023 0.6746 0.6352 0.6861 0.6769 0.6329 0.5996 0.6503 0.6203 0.6088 0.678 0.6411 0.6157 0.6918 0.6664 0.6296 0.701 0.6802 0.6388 0.6896 0.6849 0.6364 0.6641 0.6826 0.6341 0.6388
0.0 0.641 1.0 0.6157 0.588 0.641 0.6318 0.5972 0.6594 0.6594 0.618 0.664 0.6824 0.6341 0.6571 0.6917 0.641 0.641 0.641 0.641 0.641 0.641 0.641 0.6004 0.6352 0.6074 0.612 0.663 0.6329 0.6259 0.6861 0.6537 0.6374 0.7047 0.6676 0.6374 0.7023 0.6746 0.6352 0.6861 0.6769 0.6329 0.663 0.6503 0.6203 0.6088 0.678 0.6411 0.6157 0.6918 0.6664 0.6296 0.701 0.6802 0.6388 0.6896 0.6849 0.6364 0.6641 0.6826 0.6341 0.6388 0.6757
0.0 0.641 1.0 0.588 0.641 0.6318 0.5972 0.6594 0.6594 0.618 0.664 0.6824 0.6341 0.6571 0.6917 0.641 0.641 0.641 0.641 0.641 0.641 0.641 0.641 0.6352 0.6074 0.612 0.663 0.6329 0.6259 0.6861 0.6537 0.6374 0.7047 0.6676 0.6374 0.7023 0.6746 0.6352 0.6861 0.6769 0.6329 0.663 0.6791 0.6203 0.6088 0.678 0.6411 0.6157 0.6918 0.6664 0.6296 0.701 0.6802 0.6388 0.6896 0.6849 0.6364 0.6641 0.6826 0.6341 0.6388 0.6757 0.6296
0.0 0.641 1.0 0.641 0.6318 0.5972 0.6594 0.6594 0.618 0.664 0.6824 0.6341 0.6571 0.6917 0.641 0.641 0.641 0.641 0.641 0.641 0.641 0.641 0.641 0.6074 0.612 0.663 0.6329 0.6259 0.6861 0.6537 0.6374 0.7047 0.6676 0.6374 0.7023 0.6746 0.6352 0.6861 0.6769 0.6329 0.663 0.6791 0.6352 0.6088 0.678 0.6411 0.6157 0.6918 0.6664 0.6296 0.701 0.6802 0.6388 0.6896 0.6849 0.6364 0.6641 0.6826 0.6341 0.6388 0.6757 0.6296 0.6064
0.0 0.641 1.0 0.6318 0.5972 0.6594 0.6594 0.618 0.664 0.6824 0.6341 0.6571 0.6917 0.641 0.641 0.641 0.641 0.641 0.641 0.641 0.641 0.641 0.641 0.612 0.663 0.6329 0.6259 0.6861 0.6537 0.6374 0.7047 0.6676 0.6374 0.7023 0.6746 0.6352 0.6861 0.6769 0.6329 0.663 0.6791 0.6352 0.6398 0.678 0.6411 0.6157 0.6918 0.6664 0.6296 0.701 0.6802 0.6388 0.6896 0.6849 0.6364 0.6641 0.6826 0.6341 0.6388 0.6757 0.6296 0.6064 0.6733
0.0 0.641 1.0 0.5972 0.6594 0.6594 0.618 0.664 0.6824 0.6341 0.6571 0.6917 0.641 0.641 0.641 0.641 0.641 0.641 0.641 0.641 0.641 0.641 0.641 0.663 0.6329 0.6259 0.6861 0.6537 0.6374 0.7047 0.6676 0.6374 0.7023 0.6746 0.6352 0.6861 0.6769 0.6329 0.663 0.6791 0.6352 0.6398 0.6769 0.6411 0.6157 0.6918 0.6664 0.6296 0.701 0.6802 0.6388 0.6896 0.6849 0.6364 0.6641 0.6826 0.6341 0.6388 0.6757 0.6296 0.6064 0.6733 0.6296
0.0 0.641 1.0 0.6594 0.6594 0.618 0.664 0.6824 0.6341 0.6571 0.6917 0.641 0.641 0.641 0.641 0.641 0.641 0.641 0.641 0.641 0.641 0.641 0.641 0.6329 0.6259 0.6861 0.6537 0.6374 0.7047 0.6676 0.6374 0.7023 0.6746 0.6352 0.6861 0.6769 0.6329 0.663 0.6791 0.6352 0.6398 0.6769 0.6374 0.6157 0.6918 0.6664 0.6296 0.701 0.6802 0.6388 0.6896 0.6849 0.6364 0.6641 0.6826 0.6341 0.6388 0.6757 0.6296 0.6064 0.6733 0.6296 0.5949
0.0 0.641 1.0 0.6594 0.618 0.664 0.6824 0.6341 0.6571 0.6917 0.641 0.641 0.641 0.641 0.641 0.641 0.641 0.641 0.641 0.641 0.641 0.641 0.641 0.6259 0.6861 0.6537 0.6374 0.7047 0.6676 0.6374 0.7023 0.6746 0.6352 0.6861 0.6769 0.6329 0.663 0.6791 0.6352 0.6398 0.6769 0.6374 0.6004 0.6918 0.6664 0.6296 0.701 0.6802 0.6388 0.6896 0.6849 0.6364 0.6641 0.6826 0.6341 0.6388 0.6757 0.6296 0.6064 0.6733 0.6296 0.5949 0.5719
0.0 0.641 1.0 0.618 0.664 0.6824 0.6341 0.6571 0.6917 0.641 0.641 0.641 0.641 0.641 0.641 0.641 0.641 0.641 0.641 0.641 0.641 0.641 0.641 0.6861 0.6537 0.6374 0.7047 0.6676 0.6374 0.7023 0.6746 0.6352 0.6861 0.6769 0.6329 0.663 0.6791 0.6352 0.6398 0.6769 0.6374 0.6004 0.5773 0.6664 0.6296 0.701 0.6802 0.6388 0.6896 0.6849 0.6364 0.6641 0.6826 0.6341 0.6388 0.6757 0.6296 0.6064 0.6733 0.6296 0.5949 0.5719 0.5557
0.0 0.641 1.0 0.664 0.6824 0.6341 0.6571 0.6917 0.641 0.641 0.641 0.641 0.641 0.641 0.641 0.641 0.641 0.641 0.641 0.641 0.641 0.641 0.641 0.6537 0.6374 0.7047 0.6676 0.6374 0.7023 0.6746 0.6352 0.6861 0.6769 0.6329 0.663 0.6791 0.6352 0.6398 0.6769 0.6374 0.6004 0.5773 0.5564 0.6296 0.701 0.6802 0.6388 0.6896 0.6849 0.6364 0.6641 0.6826 0.6341 0.6388 0.6757 0.6296 0.6064 0.6733 0.6296 0.5949 0.5719 0.5557 0.5327
0.0 0.641 1.0 0.6824 0.6341 0.6571 0.6917 0.641 0.641 0.641 0.641 0.641 0.641 0.641 0.641 0.641 0.641 0.641 0.641 0.641 0.641 0.641 0.641 0.6374 0.7047 0.6676 0.6374 0.7023 0.6746 0.6352 0.6861 0.6769 0.6329 0.663 0.6791 0.6352 0.6398 0.6769 0.6374 0.6004 0.5773 0.5564 0.531 0.701 0.6802 0.6388 0.6896 0.6849 0.6364 0.6641 0.6826 0.6341 0.6388 0.6757 0.6296 0.6064 0.6733 0.6296 0.5949 0.5719 0.5557 0.5327 0.5119
0.0 0.641 1.0 0.6341 0.6571 0.6917 0.641 0.641 0.641 0.641 0.641 0.641 0.641 0.641 0.641 0.641 0.641 0.641 0.641 0.641 0.641 0.641 0.641 0.7047 0.6676 0.6374 0.7023 0.6746 0.6352 0.6861 0.6769 0.6329 0.663 0.6791 0.6352 0.6398 0.6769 0.6374 0.6004 0.5773 0.5564 0.531 0.5102 0.6802 0.6388 0.6896 0.6849 0.6364 0.6641 0.6826 0.6341 0.6388 0.6757 0.6296 0.6064 0.6733 0.6296 0.5949 0.5719 0.5557 0.5327 0.5119 0.5003
0.0 0.641 1.0 0.6571 0.6917 0.641 0.641 0.641 0.641 0.641 0.641 0.641 0.641 0.641 0.641 0.641 0.641 0.641 0.641 0.641 0.641 0.641 0.641 0.6676 0.6374 0.7023 0.6746 0.6352 0.6861 0.6769 0.6329 0.663 0.6791 0.6352 0.6398 0.6769 0.6374 0.6004 0.5773 0.5564 0.531 0.5102 0.4963 0.6388 0.6896 0.6849 0.6364 0.6641 0.6826 0.6341 0.6388 0.6757 0.6296 0.6064 0.6733 0.6296 0.5949 0.5719 0.5557 0.5327 0.5119 0.5003 0.4842
0.0 0.641 1.0 0.6917 0.641 0.641 0.641 0.641 0.641 0.641 0.641 0.641 0.641 0.641 0.641 0.641 0.641 0.641 0.641 0.641 0.641 0.641 0.641 0.6374 0.7023 0.6746 0.6352 0.6861 0.6769 0.6329 0.663 0.6791 0.6352 0.6398 0.6769 0.6374 0.6004 0.5773 0.5564 0.531 0.5102 0.4963 0.4778 0.6896 0.6849 0.6364 0.6641 0.6826 0.6341 0.6388 0.6757 0.6296 0.6064 0.6733 0.6296 0.5949 0.5719 0.5557 0.5327 0.5119 0.5003 0.4842 0.4634
0.0 0.641 1.0 0.641 0.641 0.641 0.641 0.641 0.641 0.641 0.641 0.641 0.641 0.641 0.641 0.641 0.641 0.641 0.641 0.641 0.641 0.641 0.641 0.7023 0.6746 0.6352 0.6861 0.6769 0.6329 0.663 0.6791 0.6352 0.6398 0.6769 0.6374 0.6004 0.5773 0.5564 0.531 0.5102 0.4963 0.4778 0.457 0.6849 0.6364 0.6641 0.6826 0.6341 0.6388 0.6757 0.6296 0.6064 0.6733 0.6296 0.5949 0.5719 0.5557 0.5327 0.5119 0.5003 0.4842 0.4634 0.4566
0.0 0.641 1.0 0.641 0.641 0.641 0.641 0.641 0.641 0.641 0.641 0.641 0.641 0.641 0.641 0.641 0.641 0.641 0.641 0.641 0.641 0.641 0.641 0.6746 0.6352 0.6861 0.6769 0.6329 0.663 0.6791 0.6352 0.6398 0.6769 0.6374 0.6004 0.5773 0.5564 0.531 0.5102 0.4963 0.4778 0.457 0.4523 0.6364 0.6641 0.6826 0.6341 0.6388 0.6757 0.6296 0.6064 0.6733 0.6296 0.5949 0.5719 0.5557 0.5327 0.5119 0.5003 0.4842 0.4634 0.4566 0.445
0.0 0.641 1.0 0.641 0.641 0.641 0.641 0.641 0.641 0.641 0.641 0.641 0.641 0.641 0.641 0.641 0.641 0.641 0.641 0.641 0.641 0.641 0.641 0.6352 0.6861 0.6769 0.6329 0.663 0.6791 0.6352 0.6398 0.6769 0.6374 0.6004 0.5773 0.5564 0.531 0.5102 0.4963 0.4778 0.457 0.4523 0.4384 0.6641 0.6826 0.6341 0.6388 0.6757 0.6296 0.6064 0.6733 0.6296 0.5949 0.5719 0.5557 0.5327 0.5119 0.5003 0.4842 0.4634 0.4566 0.445 0.4242
0.0 0.641 1.0 0.641 0.641 0.641 0.641 0.641 0.641 0.641 0.641 0.641 0.641 0.641 0.641 0.641 0.641 0.641 0.641 0.641 0.641 0.641 0.641 0.6861 0.6769 0.6329 0.663 0.6791 0.6352 0.6398 0.6769 0.6374 0.6004 0.5773 0.5564 0.531 0.5102 0.4963 0.4778 0.457 0.4523 0.4384 0.4177 0.6826 0.6341 0.6388 0.6757 0.6296 0.6064 0.6733 0.6296 0.5949 0.5719 0.5557 0.5327 0.5119 0.5003 0.4842 0.4634 0.4566 0.445 0.4242 0.4197
0.0 0.3716 1.0 0.641 0.641 0.641 0.641 0.641 0.641 0.641 0.641 0.641 0.641 0.641 0.641 0.641 0.641 0.641 0.641 0.641 0.641 0.641 0.641 0.6769 0.6329 0.663 0.6791 0.6352 0.6398 0.6769 0.6374 0.6004 0.5773 0.5564 0.531 0.5102 0.4963 0.4778 0.457 0.4523 0.4384 0.4177 0.4177 0.6341 0.6388 0.6757 0.6296 0.6064 0.6733 0.6296 0.5949 0.5719 0.5557 0.5327 0.5119 0.5003 0.4842 0.4634 0.4566 0.445 0.4242 0.4197 0.415
0.0 0.3553 1.0 0.641 0.641 0.641 0.641 0.641 0.641 0.641 0.641 0.641 0.641 0.641 0.641 0.641 0.641 0.641 0.641 0.641 0.641 0.641 0.641 0.6329 0.663 0.6791 0.6352 0.6398 0.6769 0.6374 0.6004 0.5773 0.5564 0.531 0.5102 0.4963 0.4778 0.457 0.4523 0.4384 0.4177 0.4177 0.406 0.6388 0.6757 0.6296 0.6064 0.6733 0.6296 0.5949 0.5719 0.5557 0.5327 0.5119 0.5003 0.4842 0.4634 0.4566 0.445 0.4242 0.4197 0.415 0.3966
0.898 0.3416 0.0 0.641 0.641 0.641 0.641 0.641 0.641 0.641 0.641 0.641 0.641 0.641 0.641 0.641 0.641 0.641 0.641 0.641 0.641 0.641 0.3716 0.663 0.6791 0.6352 0.6398 0.6769 0.6374 0.6004 0.5773 0.5564 0.531 0.5102 0.4963 0.4778 0.457 0.4523 0.4384 0.4177 0.4177 0.406 0.3876 0.6757 0.6296 0.6064 0.6733 0.6296 0.5949 0.5719 0.5557 0.5327 0.5119 0.5003 0.4842 0.4634 0.4566 0.445 0.4242 0.4197 0.415 0.3966 0.3873
0.0543 0.3439 0.0 0.641 0.641 0.641 0.641 0.641 0.641 0.641 0.641 0.641 0.641 0.641 0.641 0.641 0.641 0.641 0.641 0.641 0.641 0.3716 0.3553 0.6791 0.6352 0.6398 0.6769 0.6374 0.6004 0.5773 0.5564 0.531 0.5102 0.4963 0.4778 0.457 0.4523 0.4384 0.4177 0.4177 0.406 0.3876 0.3829 0.6296 0.6064 0.6733 0.6296 0.5949 0.5719 0.5557 0.5327 0.5119 0.5003 0.4842 0.4634 0.4566 0.445 0.4242 0.4197 0.415 0.3966 0.3873 0.3873
0.0457 0.33 0.0 0.641 0.641 0.641 0.641 0.641 0.641 0.641 0.641 0.641 0.641 0.641 0.641 0.641 0.641 0.641 0.641 0.641 0.3716 0.3553 0.3416 0.6352 0.6398 0.6769 0.6374 0.6004 0.5773 0.5564 0.531 0.5102 0.4963 0.4778 0.457 0.4523 0.4384 0.4177 0.4177 0.406 0.3876 0.3829 0.3783 0.6064 0.6733 0.6296 0.5949 0.5719 0.5557 0.5327 0.5119 0.5003 0.4842 0.4634 0.4566 0.445 0.4242 0.4197 0.415 0.3966 0.3873 0.3873 0.3712
0.0077 0.3162 0.0 0.641 0.641 0.641 0.641 0.641 0.641 0.641 0.641 0.641 0.641 0.641 0.641 0.641 0.641 0.641 0.641 0.3716 0.3553 0.3416 0.3439 0.6398 0.6769 0.6374 0.6004 0.5773 0.5564 0.531 0.5102 0.4963 0.4778 0.457 0.4523 0.4384 0.4177 0.4177 0.406 0.3876 0.3829 0.3783 0.3598 0.6733 0.6296 0.5949 0.5719 0.5557 0.5327 0.5119 0.5003 0.4842 0.4634 0.4566 0.445 0.4242 0.4197 0.415 0.3966 0.3873 0.3873 0.3712 0.3597
