0.4083 0.0 0.069 0.59 0.6 0.61 0.62 0.63 0.64 0.65 0.66 0.67 0.68 0.69 0.7 0.71 0.72 0.73 0.74 0.75 0.76 0.77 0.78 0.6687 0.6732 0.6341 0.6202 0.664 0.6294 0.6019 0.6618 0.6341 0.5996 0.5811 0.5627 0.5397 0.5167 0.5051 0.4867 0.4637 0.4568 0.4429 0.4222 0.6722 0.6444 0.6953 0.6722 0.6374 0.6769 0.6814 0.6444 0.663 0.6884 0.6491 0.6143 0.5912 0.5703 0.5449 0.5264 0.5148 0.4893 0.4732 0.4662 0.6272 0.671 0.6618 0.6272 0.6549 0.6526 0.6249 0.6157 0.6411 0.6226 0.5972 0.5811 0.5696 0.5488 0.528 0.5211 0.5003 0.4796 0.475 0.4589
0.3877 0.0 0.0233 0.6 0.61 0.62 0.63 0.64 0.65 0.66 0.67 0.68 0.69 0.7 0.71 0.72 0.73 0.74 0.75 0.76 0.77 0.78 0.79 0.6732 0.6341 0.6202 0.664 0.6294 0.6019 0.6618 0.6341 0.5996 0.5811 0.5627 0.5397 0.5167 0.5051 0.4867 0.4637 0.4568 0.4429 0.4222 0.4152 0.6444 0.6953 0.6722 0.6374 0.6769 0.6814 0.6444 0.663 0.6884 0.6491 0.6143 0.5912 0.5703 0.5449 0.5264 0.5148 0.4893 0.4732 0.4662 0.4454 0.671 0.6618 0.6272 0.6549 0.6526 0.6249 0.6157 0.6411 0.6226 0.5972 0.5811 0.5696 0.5488 0.528 0.5211 0.5003 0.4796 0.475 0.4589 0.4381
0.3807 0.0 0.023 0.61 0.62 0.63 0.64 0.65 0.66 0.67 0.68 0.69 0.7 0.71 0.72 0.73 0.74 0.75 0.76 0.77 0.78 0.79 0.8 0.6341 0.6202 0.664 0.6294 0.6019 0.6618 0.6341 0.5996 0.5811 0.5627 0.5397 0.5167 0.5051 0.4867 0.4637 0.4568 0.4429 0.4222 0.4152 0.4083 0.6953 0.6722 0.6374 0.6769 0.6814 0.6444 0.663 0.6884 0.6491 0.6143 0.5912 0.5703 0.5449 0.5264 0.5148 0.4893 0.4732 0.4662 0.4454 0.4292 0.6618 0.6272 0.6549 0.6526 0.6249 0.6157 0.6411 0.6226 0.5972 0.5811 0.5696 0.5488 0.528 0.5211 0.5003 0.4796 0.475 0.4589 0.4381 0.4358
0.3784 0.0 0.0687 0.62 0.63 0.64 0.65 0.66 0.67 0.68 0.69 0.7 0.71 0.72 0.73 0.74 0.75 0.76 0.77 0.78 0.79 0.8 0.81 0.6202 0.664 0.6294 0.6019 0.6618 0.6341 0.5996 0.5811 0.5627 0.5397 0.5167 0.5051 0.4867 0.4637 0.4568 0.4429 0.4222 0.4152 0.4083 0.3877 0.6722 0.6374 0.6769 0.6814 0.6444 0.663 0.6884 0.6491 0.6143 0.5912 0.5703 0.5449 0.5264 0.5148 0.4893 0.4732 0.4662 0.4454 0.4292 0.4269 0.6272 0.6549 0.6526 0.6249 0.6157 0.6411 0.6226 0.5972 0.5811 0.5696 0.5488 0.528 0.5211 0.5003 0.4796 0.475 0.4589 0.4381 0.4358 0.4242
0.36 0.0 0.0233 0.63 0.64 0.65 0.66 0.67 0.68 0.69 0.7 0.71 0.72 0.73 0.74 0.75 0.76 0.77 0.78 0.79 0.8 0.81 0.82 0.664 0.6294 0.6019 0.6618 0.6341 0.5996 0.5811 0.5627 0.5397 0.5167 0.5051 0.4867 0.4637 0.4568 0.4429 0.4222 0.4152 0.4083 0.3877 0.3807 0.6374 0.6769 0.6814 0.6444 0.663 0.6884 0.6491 0.6143 0.5912 0.5703 0.5449 0.5264 0.5148 0.4893 0.4732 0.4662 0.4454 0.4292 0.4269 0.4107 0.6549 0.6526 0.6249 0.6157 0.6411 0.6226 0.5972 0.5811 0.5696 0.5488 0.528 0.5211 0.5003 0.4796 0.475 0.4589 0.4381 0.4358 0.4242 0.4034
0.3484 0.0 0.0077 0.64 0.65 0.66 0.67 0.68 0.69 0.7 0.71 0.72 0.73 0.74 0.75 0.76 0.77 0.78 0.79 0.8 0.81 0.82 0.83 0.6294 0.6019 0.6618 0.6341 0.5996 0.5811 0.5627 0.5397 0.5167 0.5051 0.4867 0.4637 0.4568 0.4429 0.4222 0.4152 0.4083 0.3877 0.3807 0.3784 0.6769 0.6814 0.6444 0.663 0.6884 0.6491 0.6143 0.5912 0.5703 0.5449 0.5264 0.5148 0.4893 0.4732 0.4662 0.4454 0.4292 0.4269 0.4107 0.3944 0.6526 0.6249 0.6157 0.6411 0.6226 0.5972 0.5811 0.5696 0.5488 0.528 0.5211 0.5003 0.4796 0.475 0.4589 0.4381 0.4358 0.4242 0.4034 0.4012
0.3508 0.0 0.0613 0.65 0.66 0.67 0.68 0.69 0.7 0.71 0.72 0.73 0.74 0.75 0.76 0.77 0.78 0.79 0.8 0.81 0.82 0.83 0.84 0.6019 0.6618 0.6341 0.5996 0.5811 0.5627 0.5397 0.5167 0.5051 0.4867 0.4637 0.4568 0.4429 0.4222 0.4152 0.4083 0.3877 0.3807 0.3784 0.36 0.6814 0.6444 0.663 0.6884 0.6491 0.6143 0.5912 0.5703 0.5449 0.5264 0.5148 0.4893 0.4732 0.4662 0.4454 0.4292 0.4269 0.4107 0.3944 0.3899 0.6249 0.6157 0.6411 0.6226 0.5972 0.5811 0.5696 0.5488 0.528 0.5211 0.5003 0.4796 0.475 0.4589 0.4381 0.4358 0.4242 0.4034 0.4012 0.3966
0.3347 0.0 0.0387 0.66 0.67 0.68 0.69 0.7 0.71 0.72 0.73 0.74 0.75 0.76 0.77 0.78 0.79 0.8 0.81 0.82 0.83 0.84 0.85 0.6618 0.6341 0.5996 0.5811 0.5627 0.5397 0.5167 0.5051 0.4867 0.4637 0.4568 0.4429 0.4222 0.4152 0.4083 0.3877 0.3807 0.3784 0.36 0.3484 0.6444 0.663 0.6884 0.6491 0.6143 0.5912 0.5703 0.5449 0.5264 0.5148 0.4893 0.4732 0.4662 0.4454 0.4292 0.4269 0.4107 0.3944 0.3899 0.3806 0.6157 0.6411 0.6226 0.5972 0.5811 0.5696 0.5488 0.528 0.5211 0.5003 0.4796 0.475 0.4589 0.4381 0.4358 0.4242 0.4034 0.4012 0.3966 0.3781
0.3231 0.0 0.008 0.67 0.68 0.69 0.7 0.71 0.72 0.73 0.74 0.75 0.76 0.77 0.78 0.79 0.8 0.81 0.82 0.83 0.84 0.85 0.86 0.6341 0.5996 0.5811 0.5627 0.5397 0.5167 0.5051 0.4867 0.4637 0.4568 0.4429 0.4222 0.4152 0.4083 0.3877 0.3807 0.3784 0.36 0.3484 0.3508 0.663 0.6884 0.6491 0.6143 0.5912 0.5703 0.5449 0.5264 0.5148 0.4893 0.4732 0.4662 0.4454 0.4292 0.4269 0.4107 0.3944 0.3899 0.3806 0.3667 0.6411 0.6226 0.5972 0.5811 0.5696 0.5488 0.528 0.5211 0.5003 0.4796 0.475 0.4589 0.4381 0.4358 0.4242 0.4034 0.4012 0.3966 0.3781 0.3734
0.3231 0.0 0.0537 0.68 0.69 0.7 0.71 0.72 0.73 0.74 0.75 0.76 0.77 0.78 0.79 0.8 0.81 0.82 0.83 0.84 0.85 0.86 0.87 0.5996 0.5811 0.5627 0.5397 0.5167 0.5051 0.4867 0.4637 0.4568 0.4429 0.4222 0.4152 0.4083 0.3877 0.3807 0.3784 0.36 0.3484 0.3508 0.3347 0.6884 0.6491 0.6143 0.5912 0.5703 0.5449 0.5264 0.5148 0.4893 0.4732 0.4662 0.4454 0.4292 0.4269 0.4107 0.3944 0.3899 0.3806 0.3667 0.3598 0.6226 0.5972 0.5811 0.5696 0.5488 0.528 0.5211 0.5003 0.4796 0.475 0.4589 0.4381 0.4358 0.4242 0.4034 0.4012 0.3966 0.3781 0.3734 0.3666
0.3093 0.0 0.0387 0.69 0.7 0.71 0.72 0.73 0.74 0.75 0.76 0.77 0.78 0.79 0.8 0.81 0.82 0.83 0.84 0.85 0.86 0.87 0.88 0.5811 0.5627 0.5397 0.5167 0.5051 0.4867 0.4637 0.4568 0.4429 0.4222 0.4152 0.4083 0.3877 0.3807 0.3784 0.36 0.3484 0.3508 0.3347 0.3231 0.6491 0.6143 0.5912 0.5703 0.5449 0.5264 0.5148 0.4893 0.4732 0.4662 0.4454 0.4292 0.4269 0.4107 0.3944 0.3899 0.3806 0.3667 0.3598 0.3528 0.5972 0.5811 0.5696 0.5488 0.528 0.5211 0.5003 0.4796 0.475 0.4589 0.4381 0.4358 0.4242 0.4034 0.4012 0.3966 0.3781 0.3734 0.3666 0.3504
0.3399 0.0 0.0 0.7 0.71 0.72 0.73 0.74 0.75 0.76 0.77 0.78 0.79 0.8 0.81 0.82 0.83 0.84 0.85 0.86 0.87 0.88 0.89 0.5627 0.5397 0.5167 0.5051 0.4867 0.4637 0.4568 0.4429 0.4222 0.4152 0.4083 0.3877 0.3807 0.3784 0.36 0.3484 0.3508 0.3347 0.3231 0.3231 0.6143 0.5912 0.5703 0.5449 0.5264 0.5148 0.4893 0.4732 0.4662 0.4454 0.4292 0.4269 0.4107 0.3944 0.3899 0.3806 0.3667 0.3598 0.3528 0.3389 0.5811 0.5696 0.5488 0.528 0.5211 0.5003 0.4796 0.475 0.4589 0.4381 0.4358 0.4242 0.4034 0.4012 0.3966 0.3781 0.3734 0.3666 0.3504 0.3436
0.3464 0.0 0.046 0.71 0.72 0.73 0.74 0.75 0.76 0.77 0.78 0.79 0.8 0.81 0.82 0.83 0.84 0.85 0.86 0.87 0.88 0.89 0.9 0.5397 0.5167 0.5051 0.4867 0.4637 0.4568 0.4429 0.4222 0.4152 0.4083 0.3877 0.3807 0.3784 0.36 0.3484 0.3508 0.3347 0.3231 0.3231 0.3093 0.5912 0.5703 0.5449 0.5264 0.5148 0.4893 0.4732 0.4662 0.4454 0.4292 0.4269 0.4107 0.3944 0.3899 0.3806 0.3667 0.3598 0.3528 0.3389 0.3297 0.5696 0.5488 0.528 0.5211 0.5003 0.4796 0.475 0.4589 0.4381 0.4358 0.4242 0.4034 0.4012 0.3966 0.3781 0.3734 0.3666 0.3504 0.3436 0.3389
0.3461 1.0 0.102 0.72 0.73 0.74 0.75 0.76 0.77 0.78 0.79 0.8 0.81 0.82 0.83 0.84 0.85 0.86 0.87 0.88 0.89 0.9 0.91 0.5167 0.5051 0.4867 0.4637 0.4568 0.4429 0.4222 0.4152 0.4083 0.3877 0.3807 0.3784 0.36 0.3484 0.3508 0.3347 0.3231 0.3231 0.3093 0.3399 0.5703 0.5449 0.5264 0.5148 0.4893 0.4732 0.4662 0.4454 0.4292 0.4269 0.4107 0.3944 0.3899 0.3806 0.3667 0.3598 0.3528 0.3389 0.3297 0.325 0.5488 0.528 0.5211 0.5003 0.4796 0.475 0.4589 0.4381 0.4358 0.4242 0.4034 0.4012 0.3966 0.3781 0.3734 0.3666 0.3504 0.3436 0.3389 0.325
0.3476 1.0 0.0217 0.73 0.74 0.75 0.76 0.77 0.78 0.79 0.8 0.81 0.82 0.83 0.84 0.85 0.86 0.87 0.88 0.89 0.9 0.91 0.92 0.5051 0.4867 0.4637 0.4568 0.4429 0.4222 0.4152 0.4083 0.3877 0.3807 0.3784 0.36 0.3484 0.3508 0.3347 0.3231 0.3231 0.3093 0.3399 0.3464 0.5449 0.5264 0.5148 0.4893 0.4732 0.4662 0.4454 0.4292 0.4269 0.4107 0.3944 0.3899 0.3806 0.3667 0.3598 0.3528 0.3389 0.3297 0.325 0.3111 0.528 0.5211 0.5003 0.4796 0.475 0.4589 0.4381 0.4358 0.4242 0.4034 0.4012 0.3966 0.3781 0.3734 0.3666 0.3504 0.3436 0.3389 0.325 0.3158
0.3498 1.0 0.001 0.74 0.75 0.76 0.77 0.78 0.79 0.8 0.81 0.82 0.83 0.84 0.85 0.86 0.87 0.88 0.89 0.9 0.91 0.92 0.93 0.4867 0.4637 0.4568 0.4429 0.4222 0.4152 0.4083 0.3877 0.3807 0.3784 0.36 0.3484 0.3508 0.3347 0.3231 0.3231 0.3093 0.3399 0.3464 0.3461 0.5264 0.5148 0.4893 0.4732 0.4662 0.4454 0.4292 0.4269 0.4107 0.3944 0.3899 0.3806 0.3667 0.3598 0.3528 0.3389 0.3297 0.325 0.3111 0.3042 0.5211 0.5003 0.4796 0.475 0.4589 0.4381 0.4358 0.4242 0.4034 0.4012 0.3966 0.3781 0.3734 0.3666 0.3504 0.3436 0.3389 0.325 0.3158 0.3089
0.3472 1.0 0.005 0.75 0.76 0.77 0.78 0.79 0.8 0.81 0.82 0.83 0.84 0.85 0.86 0.87 0.88 0.89 0.9 0.91 0.92 0.93 0.94 0.4637 0.4568 0.4429 0.4222 0.4152 0.4083 0.3877 0.3807 0.3784 0.36 0.3484 0.3508 0.3347 0.3231 0.3231 0.3093 0.3399 0.3464 0.3461 0.3476 0.5148 0.4893 0.4732 0.4662 0.4454 0.4292 0.4269 0.4107 0.3944 0.3899 0.3806 0.3667 0.3598 0.3528 0.3389 0.3297 0.325 0.3111 0.3042 0.295 0.5003 0.4796 0.475 0.4589 0.4381 0.4358 0.4242 0.4034 0.4012 0.3966 0.3781 0.3734 0.3666 0.3504 0.3436 0.3389 0.325 0.3158 0.3089 0.2973
0.3439 1.0 0.0073 0.76 0.77 0.78 0.79 0.8 0.81 0.82 0.83 0.84 0.85 0.86 0.87 0.88 0.89 0.9 0.91 0.92 0.93 0.94 0.95 0.4568 0.4429 0.4222 0.4152 0.4083 0.3877 0.3807 0.3784 0.36 0.3484 0.3508 0.3347 0.3231 0.3231 0.3093 0.3399 0.3464 0.3461 0.3476 0.3498 0.4893 0.4732 0.4662 0.4454 0.4292 0.4269 0.4107 0.3944 0.3899 0.3806 0.3667 0.3598 0.3528 0.3389 0.3297 0.325 0.3111 0.3042 0.295 0.2857 0.4796 0.475 0.4589 0.4381 0.4358 0.4242 0.4034 0.4012 0.3966 0.3781 0.3734 0.3666 0.3504 0.3436 0.3389 0.325 0.3158 0.3089 0.2973 0.2881
0.3347 1.0 0.0087 0.77 0.78 0.79 0.8 0.81 0.82 0.83 0.84 0.85 0.86 0.87 0.88 0.89 0.9 0.91 0.92 0.93 0.94 0.95 0.96 0.4429 0.4222 0.4152 0.4083 0.3877 0.3807 0.3784 0.36 0.3484 0.3508 0.3347 0.3231 0.3231 0.3093 0.3399 0.3464 0.3461 0.3476 0.3498 0.3472 0.4732 0.4662 0.4454 0.4292 0.4269 0.4107 0.3944 0.3899 0.3806 0.3667 0.3598 0.3528 0.3389 0.3297 0.325 0.3111 0.3042 0.295 0.2857 0.2788 0.475 0.4589 0.4381 0.4358 0.4242 0.4034 0.4012 0.3966 0.3781 0.3734 0.3666 0.3504 0.3436 0.3389 0.325 0.3158 0.3089 0.2973 0.2881 0.2836
0.3266 1.0 0.011 0.78 0.79 0.8 0.81 0.82 0.83 0.84 0.85 0.86 0.87 0.88 0.89 0.9 0.91 0.92 0.93 0.94 0.95 0.96 0.97 0.4222 0.4152 0.4083 0.3877 0.3807 0.3784 0.36 0.3484 0.3508 0.3347 0.3231 0.3231 0.3093 0.3399 0.3464 0.3461 0.3476 0.3498 0.3472 0.3439 0.4662 0.4454 0.4292 0.4269 0.4107 0.3944 0.3899 0.3806 0.3667 0.3598 0.3528 0.3389 0.3297 0.325 0.3111 0.3042 0.295 0.2857 0.2788 0.2694 0.4589 0.4381 0.4358 0.4242 0.4034 0.4012 0.3966 0.3781 0.3734 0.3666 0.3504 0.3436 0.3389 0.325 0.3158 0.3089 0.2973 0.2881 0.2836 0.2743
0.3637 1.0 0.0307 0.79 0.8 0.81 0.82 0.83 0.84 0.85 0.86 0.87 0.88 0.89 0.9 0.91 0.92 0.93 0.94 0.95 0.96 0.97 0.0 0.4152 0.4083 0.3877 0.3807 0.3784 0.36 0.3484 0.3508 0.3347 0.3231 0.3231 0.3093 0.3399 0.3464 0.3461 0.3476 0.3498 0.3472 0.3439 0.3347 0.4454 0.4292 0.4269 0.4107 0.3944 0.3899 0.3806 0.3667 0.3598 0.3528 0.3389 0.3297 0.325 0.3111 0.3042 0.295 0.2857 0.2788 0.2694 0.2626 0.4381 0.4358 0.4242 0.4034 0.4012 0.3966 0.3781 0.3734 0.3666 0.3504 0.3436 0.3389 0.325 0.3158 0.3089 0.2973 0.2881 0.2836 0.2743 0.2651
0.419 1.0 0.027 0.8 0.81 0.82 0.83 0.84 0.85 0.86 0.87 0.88 0.89 0.9 0.91 0.92 0.93 0.94 0.95 0.96 0.97 0.0 0.01 0.4083 0.3877 0.3807 0.3784 0.36 0.3484 0.3508 0.3347 0.3231 0.3231 0.3093 0.3399 0.3464 0.3461 0.3476 0.3498 0.3472 0.3439 0.3347 0.3266 0.4292 0.4269 0.4107 0.3944 0.3899 0.3806 0.3667 0.3598 0.3528 0.3389 0.3297 0.325 0.3111 0.3042 0.295 0.2857 0.2788 0.2694 0.2626 0.3089 0.4358 0.4242 0.4034 0.4012 0.3966 0.3781 0.3734 0.3666 0.3504 0.3436 0.3389 0.325 0.3158 0.3089 0.2973 0.2881 0.2836 0.2743 0.2651 0.272
0.3807 1.0 0.1237 0.81 0.82 0.83 0.84 0.85 0.86 0.87 0.88 0.89 0.9 0.91 0.92 0.93 0.94 0.95 0.96 0.97 0.0 0.01 0.02 0.3877 0.3807 0.3784 0.36 0.3484 0.3508 0.3347 0.3231 0.3231 0.3093 0.3399 0.3464 0.3461 0.3476 0.3498 0.3472 0.3439 0.3347 0.3266 0.3637 0.4269 0.4107 0.3944 0.3899 0.3806 0.3667 0.3598 0.3528 0.3389 0.3297 0.325 0.3111 0.3042 0.295 0.2857 0.2788 0.2694 0.2626 0.3089 0.3019 0.4242 0.4034 0.4012 0.3966 0.3781 0.3734 0.3666 0.3504 0.3436 0.3389 0.325 0.3158 0.3089 0.2973 0.2881 0.2836 0.2743 0.2651 0.272 0.2673
0.3763 1.0 0.1843 0.82 0.83 0.84 0.85 0.86 0.87 0.88 0.89 0.9 0.91 0.92 0.93 0.94 0.95 0.96 0.97 0.0 0.01 0.02 0.03 0.3807 0.3784 0.36 0.3484 0.3508 0.3347 0.3231 0.3231 0.3093 0.3399 0.3464 0.3461 0.3476 0.3498 0.3472 0.3439 0.3347 0.3266 0.3637 0.419 0.4107 0.3944 0.3899 0.3806 0.3667 0.3598 0.3528 0.3389 0.3297 0.325 0.3111 0.3042 0.295 0.2857 0.2788 0.2694 0.2626 0.3089 0.3019 0.288 0.4034 0.4012 0.3966 0.3781 0.3734 0.3666 0.3504 0.3436 0.3389 0.325 0.3158 0.3089 0.2973 0.2881 0.2836 0.2743 0.2651 0.272 0.2673 0.3342
0.4038 1.0 0.1277 0.83 0.84 0.85 0.86 0.87 0.88 0.89 0.9 0.91 0.92 0.93 0.94 0.95 0.96 0.97 0.0 0.01 0.02 0.03 0.04 0.3784 0.36 0.3484 0.3508 0.3347 0.3231 0.3231 0.3093 0.3399 0.3464 0.3461 0.3476 0.3498 0.3472 0.3439 0.3347 0.3266 0.3637 0.419 0.3807 0.3944 0.3899 0.3806 0.3667 0.3598 0.3528 0.3389 0.3297 0.325 0.3111 0.3042 0.295 0.2857 0.2788 0.2694 0.2626 0.3089 0.3019 0.288 0.3574 0.4012 0.3966 0.3781 0.3734 0.3666 0.3504 0.3436 0.3389 0.325 0.3158 0.3089 0.2973 0.2881 0.2836 0.2743 0.2651 0.272 0.2673 0.3342 0.362
0.3716 1.0 0.0147 0.84 0.85 0.86 0.87 0.88 0.89 0.9 0.91 0.92 0.93 0.94 0.95 0.96 0.97 0.0 0.01 0.02 0.03 0.04 0.05 0.36 0.3484 0.3508 0.3347 0.3231 0.3231 0.3093 0.3399 0.3464 0.3461 0.3476 0.3498 0.3472 0.3439 0.3347 0.3266 0.3637 0.419 0.3807 0.3763 0.3899 0.3806 0.3667 0.3598 0.3528 0.3389 0.3297 0.325 0.3111 0.3042 0.295 0.2857 0.2788 0.2694 0.2626 0.3089 0.3019 0.288 0.3574 0.3528 0.3966 0.3781 0.3734 0.3666 0.3504 0.3436 0.3389 0.325 0.3158 0.3089 0.2973 0.2881 0.2836 0.2743 0.2651 0.272 0.2673 0.3342 0.362 0.332
0.3508 0.0 0.0917 0.85 0.86 0.87 0.88 0.89 0.9 0.91 0.92 0.93 0.94 0.95 0.96 0.97 0.0 0.01 0.02 0.03 0.04 0.05 0.06 0.3484 0.3508 0.3347 0.3231 0.3231 0.3093 0.3399 0.3464 0.3461 0.3476 0.3498 0.3472 0.3439 0.3347 0.3266 0.3637 0.419 0.3807 0.3763 0.4038 0.3806 0.3667 0.3598 0.3528 0.3389 0.3297 0.325 0.3111 0.3042 0.295 0.2857 0.2788 0.2694 0.2626 0.3089 0.3019 0.288 0.3574 0.3528 0.3297 0.3781 0.3734 0.3666 0.3504 0.3436 0.3389 0.325 0.3158 0.3089 0.2973 0.2881 0.2836 0.2743 0.2651 0.272 0.2673 0.3342 0.362 0.332 0.3689
0.4406 0.0 0.1073 0.86 0.87 0.88 0.89 0.9 0.91 0.92 0.93 0.94 0.95 0.96 0.97 0.0 0.01 0.02 0.03 0.04 0.05 0.06 0.07 0.3508 0.3347 0.3231 0.3231 0.3093 0.3399 0.3464 0.3461 0.3476 0.3498 0.3472 0.3439 0.3347 0.3266 0.3637 0.419 0.3807 0.3763 0.4038 0.3716 0.3667 0.3598 0.3528 0.3389 0.3297 0.325 0.3111 0.3042 0.295 0.2857 0.2788 0.2694 0.2626 0.3089 0.3019 0.288 0.3574 0.3528 0.3297 0.3852 0.3734 0.3666 0.3504 0.3436 0.3389 0.325 0.3158 0.3089 0.2973 0.2881 0.2836 0.2743 0.2651 0.272 0.2673 0.3342 0.362 0.332 0.3689 0.4173
0.4176 0.0 0.0693 0.87 0.88 0.89 0.9 0.91 0.92 0.93 0.94 0.95 0.96 0.97 0.0 0.01 0.02 0.03 0.04 0.05 0.06 0.07 0.08 0.3347 0.3231 0.3231 0.3093 0.3399 0.3464 0.3461 0.3476 0.3498 0.3472 0.3439 0.3347 0.3266 0.3637 0.419 0.3807 0.3763 0.4038 0.3716 0.3508 0.3598 0.3528 0.3389 0.3297 0.325 0.3111 0.3042 0.295 0.2857 0.2788 0.2694 0.2626 0.3089 0.3019 0.288 0.3574 0.3528 0.3297 0.3852 0.4014 0.3666 0.3504 0.3436 0.3389 0.325 0.3158 0.3089 0.2973 0.2881 0.2836 0.2743 0.2651 0.272 0.2673 0.3342 0.362 0.332 0.3689 0.4173 0.3758
0.383 0.0 0.2993 0.88 0.89 0.9 0.91 0.92 0.93 0.94 0.95 0.96 0.97 0.0 0.01 0.02 0.03 0.04 0.05 0.06 0.07 0.08 0.09 0.3231 0.3231 0.3093 0.3399 0.3464 0.3461 0.3476 0.3498 0.3472 0.3439 0.3347 0.3266 0.3637 0.419 0.3807 0.3763 0.4038 0.3716 0.3508 0.4406 0.3528 0.3389 0.3297 0.325 0.3111 0.3042 0.295 0.2857 0.2788 0.2694 0.2626 0.3089 0.3019 0.288 0.3574 0.3528 0.3297 0.3852 0.4014 0.3713 0.3504 0.3436 0.3389 0.325 0.3158 0.3089 0.2973 0.2881 0.2836 0.2743 0.2651 0.272 0.2673 0.3342 0.362 0.332 0.3689 0.4173 0.3758 0.3758
0.4498 0.0 0.0767 0.89 0.9 0.91 0.92 0.93 0.94 0.95 0.96 0.97 0.0 0.01 0.02 0.03 0.04 0.05 0.06 0.07 0.08 0.09 0.1 0.3231 0.3093 0.3399 0.3464 0.3461 0.3476 0.3498 0.3472 0.3439 0.3347 0.3266 0.3637 0.419 0.3807 0.3763 0.4038 0.3716 0.3508 0.4406 0.4176 0.3389 0.3297 0.325 0.3111 0.3042 0.295 0.2857 0.2788 0.2694 0.2626 0.3089 0.3019 0.288 0.3574 0.3528 0.3297 0.3852 0.4014 0.3713 0.3921 0.3436 0.3389 0.325 0.3158 0.3089 0.2973 0.2881 0.2836 0.2743 0.2651 0.272 0.2673 0.3342 0.362 0.332 0.3689 0.4173 0.3758 0.3758 0.4496
0.4521 0.0 0.1153 0.9 0.91 0.92 0.93 0.94 0.95 0.96 0.97 0.0 0.01 0.02 0.03 0.04 0.05 0.06 0.07 0.08 0.09 0.1 0.11 0.3093 0.3399 0.3464 0.3461 0.3476 0.3498 0.3472 0.3439 0.3347 0.3266 0.3637 0.419 0.3807 0.3763 0.4038 0.3716 0.3508 0.4406 0.4176 0.383 0.3297 0.325 0.3111 0.3042 0.295 0.2857 0.2788 0.2694 0.2626 0.3089 0.3019 0.288 0.3574 0.3528 0.3297 0.3852 0.4014 0.3713 0.3921 0.4454 0.3389 0.325 0.3158 0.3089 0.2973 0.2881 0.2836 0.2743 0.2651 0.272 0.2673 0.3342 0.362 0.332 0.3689 0.4173 0.3758 0.3758 0.4496 0.4081
0.413 0.0 0.2227 0.91 0.92 0.93 0.94 0.95 0.96 0.97 0.0 0.01 0.02 0.03 0.04 0.05 0.06 0.07 0.08 0.09 0.1 0.11 0.12 0.3399 0.3464 0.3461 0.3476 0.3498 0.3472 0.3439 0.3347 0.3266 0.3637 0.419 0.3807 0.3763 0.4038 0.3716 0.3508 0.4406 0.4176 0.383 0.4498 0.325 0.3111 0.3042 0.295 0.2857 0.2788 0.2694 0.2626 0.3089 0.3019 0.288 0.3574 0.3528 0.3297 0.3852 0.4014 0.3713 0.3921 0.4454 0.406 0.325 0.3158 0.3089 0.2973 0.2881 0.2836 0.2743 0.2651 0.272 0.2673 0.3342 0.362 0.332 0.3689 0.4173 0.3758 0.3758 0.4496 0.4081 0.3827
0.4429 0.0 0.0077 0.92 0.93 0.94 0.95 0.96 0.97 0.0 0.01 0.02 0.03 0.04 0.05 0.06 0.07 0.08 0.09 0.1 0.11 0.12 0.13 0.3464 0.3461 0.3476 0.3498 0.3472 0.3439 0.3347 0.3266 0.3637 0.419 0.3807 0.3763 0.4038 0.3716 0.3508 0.4406 0.4176 0.383 0.4498 0.4521 0.3111 0.3042 0.295 0.2857 0.2788 0.2694 0.2626 0.3089 0.3019 0.288 0.3574 0.3528 0.3297 0.3852 0.4014 0.3713 0.3921 0.4454 0.406 0.3991 0.3158 0.3089 0.2973 0.2881 0.2836 0.2743 0.2651 0.272 0.2673 0.3342 0.362 0.332 0.3689 0.4173 0.3758 0.3758 0.4496 0.4081 0.3827 0.4611
0.4798 0.0 0.1303 0.93 0.94 0.95 0.96 0.97 0.0 0.01 0.02 0.03 0.04 0.05 0.06 0.07 0.08 0.09 0.1 0.11 0.12 0.13 0.14 0.3461 0.3476 0.3498 0.3472 0.3439 0.3347 0.3266 0.3637 0.419 0.3807 0.3763 0.4038 0.3716 0.3508 0.4406 0.4176 0.383 0.4498 0.4521 0.413 0.3042 0.295 0.2857 0.2788 0.2694 0.2626 0.3089 0.3019 0.288 0.3574 0.3528 0.3297 0.3852 0.4014 0.3713 0.3921 0.4454 0.406 0.3991 0.4732 0.3089 0.2973 0.2881 0.2836 0.2743 0.2651 0.272 0.2673 0.3342 0.362 0.332 0.3689 0.4173 0.3758 0.3758 0.4496 0.4081 0.3827 0.4611 0.4381
0.4406 0.0 0.0997 0.94 0.95 0.96 0.97 0.0 0.01 0.02 0.03 0.04 0.05 0.06 0.07 0.08 0.09 0.1 0.11 0.12 0.13 0.14 0.15 0.3476 0.3498 0.3472 0.3439 0.3347 0.3266 0.3637 0.419 0.3807 0.3763 0.4038 0.3716 0.3508 0.4406 0.4176 0.383 0.4498 0.4521 0.413 0.4429 0.295 0.2857 0.2788 0.2694 0.2626 0.3089 0.3019 0.288 0.3574 0.3528 0.3297 0.3852 0.4014 0.3713 0.3921 0.4454 0.406 0.3991 0.4732 0.4431 0.2973 0.2881 0.2836 0.2743 0.2651 0.272 0.2673 0.3342 0.362 0.332 0.3689 0.4173 0.3758 0.3758 0.4496 0.4081 0.3827 0.4611 0.4381 0.4081
0.4314 0.0 0.123 0.95 0.96 0.97 0.0 0.01 0.02 0.03 0.04 0.05 0.06 0.07 0.08 0.09 0.1 0.11 0.12 0.13 0.14 0.15 0.16 0.3498 0.3472 0.3439 0.3347 0.3266 0.3637 0.419 0.3807 0.3763 0.4038 0.3716 0.3508 0.4406 0.4176 0.383 0.4498 0.4521 0.413 0.4429 0.4798 0.2857 0.2788 0.2694 0.2626 0.3089 0.3019 0.288 0.3574 0.3528 0.3297 0.3852 0.4014 0.3713 0.3921 0.4454 0.406 0.3991 0.4732 0.4431 0.4199 0.2881 0.2836 0.2743 0.2651 0.272 0.2673 0.3342 0.362 0.332 0.3689 0.4173 0.3758 0.3758 0.4496 0.4081 0.3827 0.4611 0.4381 0.4081 0.4496
0.4936 0.0 0.1307 0.96 0.97 0.0 0.01 0.02 0.03 0.04 0.05 0.06 0.07 0.08 0.09 0.1 0.11 0.12 0.13 0.14 0.15 0.16 0.17 0.3472 0.3439 0.3347 0.3266 0.3637 0.419 0.3807 0.3763 0.4038 0.3716 0.3508 0.4406 0.4176 0.383 0.4498 0.4521 0.413 0.4429 0.4798 0.4406 0.2788 0.2694 0.2626 0.3089 0.3019 0.288 0.3574 0.3528 0.3297 0.3852 0.4014 0.3713 0.3921 0.4454 0.406 0.3991 0.4732 0.4431 0.4199 0.4778 0.2836 0.2743 0.2651 0.272 0.2673 0.3342 0.362 0.332 0.3689 0.4173 0.3758 0.3758 0.4496 0.4081 0.3827 0.4611 0.4381 0.4081 0.4496 0.4681
0.4637 0.0 0.0307 0.97 0.0 0.01 0.02 0.03 0.04 0.05 0.06 0.07 0.08 0.09 0.1 0.11 0.12 0.13 0.14 0.15 0.16 0.17 0.18 0.3439 0.3347 0.3266 0.3637 0.419 0.3807 0.3763 0.4038 0.3716 0.3508 0.4406 0.4176 0.383 0.4498 0.4521 0.413 0.4429 0.4798 0.4406 0.4314 0.2694 0.2626 0.3089 0.3019 0.288 0.3574 0.3528 0.3297 0.3852 0.4014 0.3713 0.3921 0.4454 0.406 0.3991 0.4732 0.4431 0.4199 0.4778 0.4848 0.2743 0.2651 0.272 0.2673 0.3342 0.362 0.332 0.3689 0.4173 0.3758 0.3758 0.4496 0.4081 0.3827 0.4611 0.4381 0.4081 0.4496 0.4681 0.4381
0.4476 0.0 0.2073 0.0 0.01 0.02 0.03 0.04 0.05 0.06 0.07 0.08 0.09 0.1 0.11 0.12 0.13 0.14 0.15 0.16 0.17 0.18 0.19 0.3347 0.3266 0.3637 0.419 0.3807 0.3763 0.4038 0.3716 0.3508 0.4406 0.4176 0.383 0.4498 0.4521 0.413 0.4429 0.4798 0.4406 0.4314 0.4936 0.2626 0.3089 0.3019 0.288 0.3574 0.3528 0.3297 0.3852 0.4014 0.3713 0.3921 0.4454 0.406 0.3991 0.4732 0.4431 0.4199 0.4778 0.4848 0.4547 0.2651 0.272 0.2673 0.3342 0.362 0.332 0.3689 0.4173 0.3758 0.3758 0.4496 0.4081 0.3827 0.4611 0.4381 0.4081 0.4496 0.4681 0.4381 0.4403
0.4867 0.0 0.0997 0.01 0.02 0.03 0.04 0.05 0.06 0.07 0.08 0.09 0.1 0.11 0.12 0.13 0.14 0.15 0.16 0.17 0.18 0.19 0.2 0.3266 0.3637 0.419 0.3807 0.3763 0.4038 0.3716 0.3508 0.4406 0.4176 0.383 0.4498 0.4521 0.413 0.4429 0.4798 0.4406 0.4314 0.4936 0.4637 0.3089 0.3019 0.288 0.3574 0.3528 0.3297 0.3852 0.4014 0.3713 0.3921 0.4454 0.406 0.3991 0.4732 0.4431 0.4199 0.4778 0.4848 0.4547 0.4801 0.272 0.2673 0.3342 0.362 0.332 0.3689 0.4173 0.3758 0.3758 0.4496 0.4081 0.3827 0.4611 0.4381 0.4081 0.4496 0.4681 0.4381 0.4403 0.4934
0.5097 0.0 0.0537 0.02 0.03 0.04 0.05 0.06 0.07 0.08 0.09 0.1 0.11 0.12 0.13 0.14 0.15 0.16 0.17 0.18 0.19 0.2 0.21 0.3637 0.419 0.3807 0.3763 0.4038 0.3716 0.3508 0.4406 0.4176 0.383 0.4498 0.4521 0.413 0.4429 0.4798 0.4406 0.4314 0.4936 0.4637 0.4476 0.3019 0.288 0.3574 0.3528 0.3297 0.3852 0.4014 0.3713 0.3921 0.4454 0.406 0.3991 0.4732 0.4431 0.4199 0.4778 0.4848 0.4547 0.4801 0.5194 0.2673 0.3342 0.362 0.332 0.3689 0.4173 0.3758 0.3758 0.4496 0.4081 0.3827 0.4611 0.4381 0.4081 0.4496 0.4681 0.4381 0.4403 0.4934 0.4658
0.4867 0.0 0.1303 0.03 0.04 0.05 0.06 0.07 0.08 0.09 0.1 0.11 0.12 0.13 0.14 0.15 0.16 0.17 0.18 0.19 0.2 0.21 0.22 0.419 0.3807 0.3763 0.4038 0.3716 0.3508 0.4406 0.4176 0.383 0.4498 0.4521 0.413 0.4429 0.4798 0.4406 0.4314 0.4936 0.4637 0.4476 0.4867 0.288 0.3574 0.3528 0.3297 0.3852 0.4014 0.3713 0.3921 0.4454 0.406 0.3991 0.4732 0.4431 0.4199 0.4778 0.4848 0.4547 0.4801 0.5194 0.4963 0.3342 0.362 0.332 0.3689 0.4173 0.3758 0.3758 0.4496 0.4081 0.3827 0.4611 0.4381 0.4081 0.4496 0.4681 0.4381 0.4403 0.4934 0.4658 0.4658
0.4982 0.0 0.0767 0.04 0.05 0.06 0.07 0.08 0.09 0.1 0.11 0.12 0.13 0.14 0.15 0.16 0.17 0.18 0.19 0.2 0.21 0.22 0.23 0.3807 0.3763 0.4038 0.3716 0.3508 0.4406 0.4176 0.383 0.4498 0.4521 0.413 0.4429 0.4798 0.4406 0.4314 0.4936 0.4637 0.4476 0.4867 0.5097 0.3574 0.3528 0.3297 0.3852 0.4014 0.3713 0.3921 0.4454 0.406 0.3991 0.4732 0.4431 0.4199 0.4778 0.4848 0.4547 0.4801 0.5194 0.4963 0.4963 0.362 0.332 0.3689 0.4173 0.3758 0.3758 0.4496 0.4081 0.3827 0.4611 0.4381 0.4081 0.4496 0.4681 0.4381 0.4403 0.4934 0.4658 0.4658 0.4958
0.5489 0.0 0.0767 0.05 0.06 0.07 0.08 0.09 0.1 0.11 0.12 0.13 0.14 0.15 0.16 0.17 0.18 0.19 0.2 0.21 0.22 0.23 0.24 0.3763 0.4038 0.3716 0.3508 0.4406 0.4176 0.383 0.4498 0.4521 0.413 0.4429 0.4798 0.4406 0.4314 0.4936 0.4637 0.4476 0.4867 0.5097 0.4867 0.3528 0.3297 0.3852 0.4014 0.3713 0.3921 0.4454 0.406 0.3991 0.4732 0.4431 0.4199 0.4778 0.4848 0.4547 0.4801 0.5194 0.4963 0.4963 0.5472 0.332 0.3689 0.4173 0.3758 0.3758 0.4496 0.4081 0.3827 0.4611 0.4381 0.4081 0.4496 0.4681 0.4381 0.4403 0.4934 0.4658 0.4658 0.4958 0.5211
0.5489 0.0 0.0383 0.06 0.07 0.08 0.09 0.1 0.11 0.12 0.13 0.14 0.15 0.16 0.17 0.18 0.19 0.2 0.21 0.22 0.23 0.24 0.25 0.4038 0.3716 0.3508 0.4406 0.4176 0.383 0.4498 0.4521 0.413 0.4429 0.4798 0.4406 0.4314 0.4936 0.4637 0.4476 0.4867 0.5097 0.4867 0.4982 0.3297 0.3852 0.4014 0.3713 0.3921 0.4454 0.406 0.3991 0.4732 0.4431 0.4199 0.4778 0.4848 0.4547 0.4801 0.5194 0.4963 0.4963 0.5472 0.5519 0.3689 0.4173 0.3758 0.3758 0.4496 0.4081 0.3827 0.4611 0.4381 0.4081 0.4496 0.4681 0.4381 0.4403 0.4934 0.4658 0.4658 0.4958 0.5211 0.5072
0.5442 0.0 0.169 0.07 0.08 0.09 0.1 0.11 0.12 0.13 0.14 0.15 0.16 0.17 0.18 0.19 0.2 0.21 0.22 0.23 0.24 0.25 0.26 0.3716 0.3508 0.4406 0.4176 0.383 0.4498 0.4521 0.413 0.4429 0.4798 0.4406 0.4314 0.4936 0.4637 0.4476 0.4867 0.5097 0.4867 0.4982 0.5489 0.3852 0.4014 0.3713 0.3921 0.4454 0.406 0.3991 0.4732 0.4431 0.4199 0.4778 0.4848 0.4547 0.4801 0.5194 0.4963 0.4963 0.5472 0.5519 0.5357 0.4173 0.3758 0.3758 0.4496 0.4081 0.3827 0.4611 0.4381 0.4081 0.4496 0.4681 0.4381 0.4403 0.4934 0.4658 0.4658 0.4958 0.5211 0.5072 0.5258
0.5903 0.0 0.0 0.08 0.09 0.1 0.11 0.12 0.13 0.14 0.15 0.16 0.17 0.18 0.19 0.2 0.21 0.22 0.23 0.24 0.25 0.26 0.27 0.3508 0.4406 0.4176 0.383 0.4498 0.4521 0.413 0.4429 0.4798 0.4406 0.4314 0.4936 0.4637 0.4476 0.4867 0.5097 0.4867 0.4982 0.5489 0.5489 0.4014 0.3713 0.3921 0.4454 0.406 0.3991 0.4732 0.4431 0.4199 0.4778 0.4848 0.4547 0.4801 0.5194 0.4963 0.4963 0.5472 0.5519 0.5357 0.5542 0.3758 0.3758 0.4496 0.4081 0.3827 0.4611 0.4381 0.4081 0.4496 0.4681 0.4381 0.4403 0.4934 0.4658 0.4658 0.4958 0.5211 0.5072 0.5258 0.5788
0.6088 0.0 0.0157 0.09 0.1 0.11 0.12 0.13 0.14 0.15 0.16 0.17 0.18 0.19 0.2 0.21 0.22 0.23 0.24 0.25 0.26 0.27 0.28 0.4406 0.4176 0.383 0.4498 0.4521 0.413 0.4429 0.4798 0.4406 0.4314 0.4936 0.4637 0.4476 0.4867 0.5097 0.4867 0.4982 0.5489 0.5489 0.5442 0.3713 0.3921 0.4454 0.406 0.3991 0.4732 0.4431 0.4199 0.4778 0.4848 0.4547 0.4801 0.5194 0.4963 0.4963 0.5472 0.5519 0.5357 0.5542 0.6143 0.3758 0.4496 0.4081 0.3827 0.4611 0.4381 0.4081 0.4496 0.4681 0.4381 0.4403 0.4934 0.4658 0.4658 0.4958 0.5211 0.5072 0.5258 0.5788 0.5557
0.5834 0.0 0.1537 0.1 0.11 0.12 0.13 0.14 0.15 0.16 0.17 0.18 0.19 0.2 0.21 0.22 0.23 0.24 0.25 0.26 0.27 0.28 0.29 0.4176 0.383 0.4498 0.4521 0.413 0.4429 0.4798 0.4406 0.4314 0.4936 0.4637 0.4476 0.4867 0.5097 0.4867 0.4982 0.5489 0.5489 0.5442 0.5903 0.3921 0.4454 0.406 0.3991 0.4732 0.4431 0.4199 0.4778 0.4848 0.4547 0.4801 0.5194 0.4963 0.4963 0.5472 0.5519 0.5357 0.5542 0.6143 0.582 0.4496 0.4081 0.3827 0.4611 0.4381 0.4081 0.4496 0.4681 0.4381 0.4403 0.4934 0.4658 0.4658 0.4958 0.5211 0.5072 0.5258 0.5788 0.5557 0.5557
0.5972 0.0 0.0617 0.11 0.12 0.13 0.14 0.15 0.16 0.17 0.18 0.19 0.2 0.21 0.22 0.23 0.24 0.25 0.26 0.27 0.28 0.29 0.3 0.383 0.4498 0.4521 0.413 0.4429 0.4798 0.4406 0.4314 0.4936 0.4637 0.4476 0.4867 0.5097 0.4867 0.4982 0.5489 0.5489 0.5442 0.5903 0.6088 0.4454 0.406 0.3991 0.4732 0.4431 0.4199 0.4778 0.4848 0.4547 0.4801 0.5194 0.4963 0.4963 0.5472 0.5519 0.5357 0.5542 0.6143 0.582 0.5797 0.4081 0.3827 0.4611 0.4381 0.4081 0.4496 0.4681 0.4381 0.4403 0.4934 0.4658 0.4658 0.4958 0.5211 0.5072 0.5258 0.5788 0.5557 0.5557 0.6111
0.6387 0.0 0.0847 0.12 0.13 0.14 0.15 0.16 0.17 0.18 0.19 0.2 0.21 0.22 0.23 0.24 0.25 0.26 0.27 0.28 0.29 0.3 0.31 0.4498 0.4521 0.413 0.4429 0.4798 0.4406 0.4314 0.4936 0.4637 0.4476 0.4867 0.5097 0.4867 0.4982 0.5489 0.5489 0.5442 0.5903 0.6088 0.5834 0.406 0.3991 0.4732 0.4431 0.4199 0.4778 0.4848 0.4547 0.4801 0.5194 0.4963 0.4963 0.5472 0.5519 0.5357 0.5542 0.6143 0.582 0.5797 0.6374 0.3827 0.4611 0.4381 0.4081 0.4496 0.4681 0.4381 0.4403 0.4934 0.4658 0.4658 0.4958 0.5211 0.5072 0.5258 0.5788 0.5557 0.5557 0.6111 0.6041
0.5949 0.0 0.046 0.13 0.14 0.15 0.16 0.17 0.18 0.19 0.2 0.21 0.22 0.23 0.24 0.25 0.26 0.27 0.28 0.29 0.3 0.31 0.32 0.4521 0.413 0.4429 0.4798 0.4406 0.4314 0.4936 0.4637 0.4476 0.4867 0.5097 0.4867 0.4982 0.5489 0.5489 0.5442 0.5903 0.6088 0.5834 0.5972 0.3991 0.4732 0.4431 0.4199 0.4778 0.4848 0.4547 0.4801 0.5194 0.4963 0.4963 0.5472 0.5519 0.5357 0.5542 0.6143 0.582 0.5797 0.6374 0.6074 0.4611 0.4381 0.4081 0.4496 0.4681 0.4381 0.4403 0.4934 0.4658 0.4658 0.4958 0.5211 0.5072 0.5258 0.5788 0.5557 0.5557 0.6111 0.6041 0.5834
0.5972 0.0 0.1383 0.14 0.15 0.16 0.17 0.18 0.19 0.2 0.21 0.22 0.23 0.24 0.25 0.26 0.27 0.28 0.29 0.3 0.31 0.32 0.33 0.413 0.4429 0.4798 0.4406 0.4314 0.4936 0.4637 0.4476 0.4867 0.5097 0.4867 0.4982 0.5489 0.5489 0.5442 0.5903 0.6088 0.5834 0.5972 0.6387 0.4732 0.4431 0.4199 0.4778 0.4848 0.4547 0.4801 0.5194 0.4963 0.4963 0.5472 0.5519 0.5357 0.5542 0.6143 0.582 0.5797 0.6374 0.6074 0.5912 0.4381 0.4081 0.4496 0.4681 0.4381 0.4403 0.4934 0.4658 0.4658 0.4958 0.5211 0.5072 0.5258 0.5788 0.5557 0.5557 0.6111 0.6041 0.5834 0.6226
0.6502 0.0 0.146 0.15 0.16 0.17 0.18 0.19 0.2 0.21 0.22 0.23 0.24 0.25 0.26 0.27 0.28 0.29 0.3 0.31 0.32 0.33 0.34 0.4429 0.4798 0.4406 0.4314 0.4936 0.4637 0.4476 0.4867 0.5097 0.4867 0.4982 0.5489 0.5489 0.5442 0.5903 0.6088 0.5834 0.5972 0.6387 0.5949 0.4431 0.4199 0.4778 0.4848 0.4547 0.4801 0.5194 0.4963 0.4963 0.5472 0.5519 0.5357 0.5542 0.6143 0.582 0.5797 0.6374 0.6074 0.5912 0.6236 0.4081 0.4496 0.4681 0.4381 0.4403 0.4934 0.4658 0.4658 0.4958 0.5211 0.5072 0.5258 0.5788 0.5557 0.5557 0.6111 0.6041 0.5834 0.6226 0.6319
0.6041 0.0 0.0077 0.16 0.17 0.18 0.19 0.2 0.21 0.22 0.23 0.24 0.25 0.26 0.27 0.28 0.29 0.3 0.31 0.32 0.33 0.34 0.35 0.4798 0.4406 0.4314 0.4936 0.4637 0.4476 0.4867 0.5097 0.4867 0.4982 0.5489 0.5489 0.5442 0.5903 0.6088 0.5834 0.5972 0.6387 0.5949 0.5972 0.4199 0.4778 0.4848 0.4547 0.4801 0.5194 0.4963 0.4963 0.5472 0.5519 0.5357 0.5542 0.6143 0.582 0.5797 0.6374 0.6074 0.5912 0.6236 0.6143 0.4496 0.4681 0.4381 0.4403 0.4934 0.4658 0.4658 0.4958 0.5211 0.5072 0.5258 0.5788 0.5557 0.5557 0.6111 0.6041 0.5834 0.6226 0.6319 0.5927
0.5903 0.0 0.1767 0.17 0.18 0.19 0.2 0.21 0.22 0.23 0.24 0.25 0.26 0.27 0.28 0.29 0.3 0.31 0.32 0.33 0.34 0.35 0.36 0.4406 0.4314 0.4936 0.4637 0.4476 0.4867 0.5097 0.4867 0.4982 0.5489 0.5489 0.5442 0.5903 0.6088 0.5834 0.5972 0.6387 0.5949 0.5972 0.6502 0.4778 0.4848 0.4547 0.4801 0.5194 0.4963 0.4963 0.5472 0.5519 0.5357 0.5542 0.6143 0.582 0.5797 0.6374 0.6074 0.5912 0.6236 0.6143 0.5936 0.4681 0.4381 0.4403 0.4934 0.4658 0.4658 0.4958 0.5211 0.5072 0.5258 0.5788 0.5557 0.5557 0.6111 0.6041 0.5834 0.6226 0.6319 0.5927 0.6133
0.6479 0.0 0.1537 0.18 0.19 0.2 0.21 0.22 0.23 0.24 0.25 0.26 0.27 0.28 0.29 0.3 0.31 0.32 0.33 0.34 0.35 0.36 0.37 0.4314 0.4936 0.4637 0.4476 0.4867 0.5097 0.4867 0.4982 0.5489 0.5489 0.5442 0.5903 0.6088 0.5834 0.5972 0.6387 0.5949 0.5972 0.6502 0.6041 0.4848 0.4547 0.4801 0.5194 0.4963 0.4963 0.5472 0.5519 0.5357 0.5542 0.6143 0.582 0.5797 0.6374 0.6074 0.5912 0.6236 0.6143 0.5936 0.6259 0.4381 0.4403 0.4934 0.4658 0.4658 0.4958 0.5211 0.5072 0.5258 0.5788 0.5557 0.5557 0.6111 0.6041 0.5834 0.6226 0.6319 0.5927 0.6133 0.6388
0.6133 0.0 0.046 0.19 0.2 0.21 0.22 0.23 0.24 0.25 0.26 0.27 0.28 0.29 0.3 0.31 0.32 0.33 0.34 0.35 0.36 0.37 0.38 0.4936 0.4637 0.4476 0.4867 0.5097 0.4867 0.4982 0.5489 0.5489 0.5442 0.5903 0.6088 0.5834 0.5972 0.6387 0.5949 0.5972 0.6502 0.6041 0.5903 0.4547 0.4801 0.5194 0.4963 0.4963 0.5472 0.5519 0.5357 0.5542 0.6143 0.582 0.5797 0.6374 0.6074 0.5912 0.6236 0.6143 0.5936 0.6259 0.612 0.4403 0.4934 0.4658 0.4658 0.4958 0.5211 0.5072 0.5258 0.5788 0.5557 0.5557 0.6111 0.6041 0.5834 0.6226 0.6319 0.5927 0.6133 0.6388 0.5996
0.6041 0.0 0.192 0.2 0.21 0.22 0.23 0.24 0.25 0.26 0.27 0.28 0.29 0.3 0.31 0.32 0.33 0.34 0.35 0.36 0.37 0.38 0.39 0.4637 0.4476 0.4867 0.5097 0.4867 0.4982 0.5489 0.5489 0.5442 0.5903 0.6088 0.5834 0.5972 0.6387 0.5949 0.5972 0.6502 0.6041 0.5903 0.6479 0.4801 0.5194 0.4963 0.4963 0.5472 0.5519 0.5357 0.5542 0.6143 0.582 0.5797 0.6374 0.6074 0.5912 0.6236 0.6143 0.5936 0.6259 0.612 0.5959 0.4934 0.4658 0.4658 0.4958 0.5211 0.5072 0.5258 0.5788 0.5557 0.5557 0.6111 0.6041 0.5834 0.6226 0.6319 0.5927 0.6133 0.6388 0.5996 0.6249
0.6663 0.0 0.1153 0.21 0.22 0.23 0.24 0.25 0.26 0.27 0.28 0.29 0.3 0.31 0.32 0.33 0.34 0.35 0.36 0.37 0.38 0.39 0.4 0.4476 0.4867 0.5097 0.4867 0.4982 0.5489 0.5489 0.5442 0.5903 0.6088 0.5834 0.5972 0.6387 0.5949 0.5972 0.6502 0.6041 0.5903 0.6479 0.6133 0.5194 0.4963 0.4963 0.5472 0.5519 0.5357 0.5542 0.6143 0.582 0.5797 0.6374 0.6074 0.5912 0.6236 0.6143 0.5936 0.6259 0.612 0.5959 0.6329 0.4658 0.4658 0.4958 0.5211 0.5072 0.5258 0.5788 0.5557 0.5557 0.6111 0.6041 0.5834 0.6226 0.6319 0.5927 0.6133 0.6388 0.5996 0.6249 0.648
0.6294 0.0 0.0307 0.22 0.23 0.24 0.25 0.26 0.27 0.28 0.29 0.3 0.31 0.32 0.33 0.34 0.35 0.36 0.37 0.38 0.39 0.4 0.41 0.4867 0.5097 0.4867 0.4982 0.5489 0.5489 0.5442 0.5903 0.6088 0.5834 0.5972 0.6387 0.5949 0.5972 0.6502 0.6041 0.5903 0.6479 0.6133 0.6041 0.4963 0.4963 0.5472 0.5519 0.5357 0.5542 0.6143 0.582 0.5797 0.6374 0.6074 0.5912 0.6236 0.6143 0.5936 0.6259 0.612 0.5959 0.6329 0.6329 0.4658 0.4958 0.5211 0.5072 0.5258 0.5788 0.5557 0.5557 0.6111 0.6041 0.5834 0.6226 0.6319 0.5927 0.6133 0.6388 0.5996 0.6249 0.648 0.6111
0.611 0.0 0.2073 0.23 0.24 0.25 0.26 0.27 0.28 0.29 0.3 0.31 0.32 0.33 0.34 0.35 0.36 0.37 0.38 0.39 0.4 0.41 0.42 0.5097 0.4867 0.4982 0.5489 0.5489 0.5442 0.5903 0.6088 0.5834 0.5972 0.6387 0.5949 0.5972 0.6502 0.6041 0.5903 0.6479 0.6133 0.6041 0.6663 0.4963 0.5472 0.5519 0.5357 0.5542 0.6143 0.582 0.5797 0.6374 0.6074 0.5912 0.6236 0.6143 0.5936 0.6259 0.612 0.5959 0.6329 0.6329 0.6098 0.4958 0.5211 0.5072 0.5258 0.5788 0.5557 0.5557 0.6111 0.6041 0.5834 0.6226 0.6319 0.5927 0.6133 0.6388 0.5996 0.6249 0.648 0.6111 0.6319
0.6824 0.0 0.123 0.24 0.25 0.26 0.27 0.28 0.29 0.3 0.31 0.32 0.33 0.34 0.35 0.36 0.37 0.38 0.39 0.4 0.41 0.42 0.43 0.4867 0.4982 0.5489 0.5489 0.5442 0.5903 0.6088 0.5834 0.5972 0.6387 0.5949 0.5972 0.6502 0.6041 0.5903 0.6479 0.6133 0.6041 0.6663 0.6294 0.5472 0.5519 0.5357 0.5542 0.6143 0.582 0.5797 0.6374 0.6074 0.5912 0.6236 0.6143 0.5936 0.6259 0.612 0.5959 0.6329 0.6329 0.6098 0.6398 0.5211 0.5072 0.5258 0.5788 0.5557 0.5557 0.6111 0.6041 0.5834 0.6226 0.6319 0.5927 0.6133 0.6388 0.5996 0.6249 0.648 0.6111 0.6319 0.6733
0.6526 0.0 0.0613 0.25 0.26 0.27 0.28 0.29 0.3 0.31 0.32 0.33 0.34 0.35 0.36 0.37 0.38 0.39 0.4 0.41 0.42 0.43 0.44 0.4982 0.5489 0.5489 0.5442 0.5903 0.6088 0.5834 0.5972 0.6387 0.5949 0.5972 0.6502 0.6041 0.5903 0.6479 0.6133 0.6041 0.6663 0.6294 0.611 0.5519 0.5357 0.5542 0.6143 0.582 0.5797 0.6374 0.6074 0.5912 0.6236 0.6143 0.5936 0.6259 0.612 0.5959 0.6329 0.6329 0.6098 0.6398 0.6607 0.5072 0.5258 0.5788 0.5557 0.5557 0.6111 0.6041 0.5834 0.6226 0.6319 0.5927 0.6133 0.6388 0.5996 0.6249 0.648 0.6111 0.6319 0.6733 0.6319
0.6249 0.0 0.238 0.26 0.27 0.28 0.29 0.3 0.31 0.32 0.33 0.34 0.35 0.36 0.37 0.38 0.39 0.4 0.41 0.42 0.43 0.44 0.45 0.5489 0.5489 0.5442 0.5903 0.6088 0.5834 0.5972 0.6387 0.5949 0.5972 0.6502 0.6041 0.5903 0.6479 0.6133 0.6041 0.6663 0.6294 0.611 0.6824 0.5357 0.5542 0.6143 0.582 0.5797 0.6374 0.6074 0.5912 0.6236 0.6143 0.5936 0.6259 0.612 0.5959 0.6329 0.6329 0.6098 0.6398 0.6607 0.6329 0.5258 0.5788 0.5557 0.5557 0.6111 0.6041 0.5834 0.6226 0.6319 0.5927 0.6133 0.6388 0.5996 0.6249 0.648 0.6111 0.6319 0.6733 0.6319 0.6341
0.6917 0.0 0.0993 0.27 0.28 0.29 0.3 0.31 0.32 0.33 0.34 0.35 0.36 0.37 0.38 0.39 0.4 0.41 0.42 0.43 0.44 0.45 0.46 0.5489 0.5442 0.5903 0.6088 0.5834 0.5972 0.6387 0.5949 0.5972 0.6502 0.6041 0.5903 0.6479 0.6133 0.6041 0.6663 0.6294 0.611 0.6824 0.6526 0.5542 0.6143 0.582 0.5797 0.6374 0.6074 0.5912 0.6236 0.6143 0.5936 0.6259 0.612 0.5959 0.6329 0.6329 0.6098 0.6398 0.6607 0.6329 0.6468 0.5788 0.5557 0.5557 0.6111 0.6041 0.5834 0.6226 0.6319 0.5927 0.6133 0.6388 0.5996 0.6249 0.648 0.6111 0.6319 0.6733 0.6319 0.6341 0.6964
0.6824 0.0 0.0923 0.28 0.29 0.3 0.31 0.32 0.33 0.34 0.35 0.36 0.37 0.38 0.39 0.4 0.41 0.42 0.43 0.44 0.45 0.46 0.47 0.5442 0.5903 0.6088 0.5834 0.5972 0.6387 0.5949 0.5972 0.6502 0.6041 0.5903 0.6479 0.6133 0.6041 0.6663 0.6294 0.611 0.6824 0.6526 0.6249 0.6143 0.582 0.5797 0.6374 0.6074 0.5912 0.6236 0.6143 0.5936 0.6259 0.612 0.5959 0.6329 0.6329 0.6098 0.6398 0.6607 0.6329 0.6468 0.6884 0.5557 0.5557 0.6111 0.6041 0.5834 0.6226 0.6319 0.5927 0.6133 0.6388 0.5996 0.6249 0.648 0.6111 0.6319 0.6733 0.6319 0.6341 0.6964 0.6549
0.6433 0.0 0.2227 0.29 0.3 0.31 0.32 0.33 0.34 0.35 0.36 0.37 0.38 0.39 0.4 0.41 0.42 0.43 0.44 0.45 0.46 0.47 0.48 0.5903 0.6088 0.5834 0.5972 0.6387 0.5949 0.5972 0.6502 0.6041 0.5903 0.6479 0.6133 0.6041 0.6663 0.6294 0.611 0.6824 0.6526 0.6249 0.6917 0.582 0.5797 0.6374 0.6074 0.5912 0.6236 0.6143 0.5936 0.6259 0.612 0.5959 0.6329 0.6329 0.6098 0.6398 0.6607 0.6329 0.6468 0.6884 0.6583 0.5557 0.6111 0.6041 0.5834 0.6226 0.6319 0.5927 0.6133 0.6388 0.5996 0.6249 0.648 0.6111 0.6319 0.6733 0.6319 0.6341 0.6964 0.6549 0.6341
0.6893 0.0 0.031 0.3 0.31 0.32 0.33 0.34 0.35 0.36 0.37 0.38 0.39 0.4 0.41 0.42 0.43 0.44 0.45 0.46 0.47 0.48 0.49 0.6088 0.5834 0.5972 0.6387 0.5949 0.5972 0.6502 0.6041 0.5903 0.6479 0.6133 0.6041 0.6663 0.6294 0.611 0.6824 0.6526 0.6249 0.6917 0.6824 0.5797 0.6374 0.6074 0.5912 0.6236 0.6143 0.5936 0.6259 0.612 0.5959 0.6329 0.6329 0.6098 0.6398 0.6607 0.6329 0.6468 0.6884 0.6583 0.6583 0.6111 0.6041 0.5834 0.6226 0.6319 0.5927 0.6133 0.6388 0.5996 0.6249 0.648 0.6111 0.6319 0.6733 0.6319 0.6341 0.6964 0.6549 0.6341 0.7102
0.7009 0.0 0.1303 0.31 0.32 0.33 0.34 0.35 0.36 0.37 0.38 0.39 0.4 0.41 0.42 0.43 0.44 0.45 0.46 0.47 0.48 0.49 0.5 0.5834 0.5972 0.6387 0.5949 0.5972 0.6502 0.6041 0.5903 0.6479 0.6133 0.6041 0.6663 0.6294 0.611 0.6824 0.6526 0.6249 0.6917 0.6824 0.6433 0.6374 0.6074 0.5912 0.6236 0.6143 0.5936 0.6259 0.612 0.5959 0.6329 0.6329 0.6098 0.6398 0.6607 0.6329 0.6468 0.6884 0.6583 0.6583 0.7162 0.6041 0.5834 0.6226 0.6319 0.5927 0.6133 0.6388 0.5996 0.6249 0.648 0.6111 0.6319 0.6733 0.6319 0.6341 0.6964 0.6549 0.6341 0.7102 0.6757
0.6526 0.0 0.1533 0.32 0.33 0.34 0.35 0.36 0.37 0.38 0.39 0.4 0.41 0.42 0.43 0.44 0.45 0.46 0.47 0.48 0.49 0.5 0.51 0.5972 0.6387 0.5949 0.5972 0.6502 0.6041 0.5903 0.6479 0.6133 0.6041 0.6663 0.6294 0.611 0.6824 0.6526 0.6249 0.6917 0.6824 0.6433 0.6893 0.6074 0.5912 0.6236 0.6143 0.5936 0.6259 0.612 0.5959 0.6329 0.6329 0.6098 0.6398 0.6607 0.6329 0.6468 0.6884 0.6583 0.6583 0.7162 0.6769 0.5834 0.6226 0.6319 0.5927 0.6133 0.6388 0.5996 0.6249 0.648 0.6111 0.6319 0.6733 0.6319 0.6341 0.6964 0.6549 0.6341 0.7102 0.6757 0.6411
0.6663 0.0 0.0387 0.33 0.34 0.35 0.36 0.37 0.38 0.39 0.4 0.41 0.42 0.43 0.44 0.45 0.46 0.47 0.48 0.49 0.5 0.51 0.52 0.6387 0.5949 0.5972 0.6502 0.6041 0.5903 0.6479 0.6133 0.6041 0.6663 0.6294 0.611 0.6824 0.6526 0.6249 0.6917 0.6824 0.6433 0.6893 0.7009 0.5912 0.6236 0.6143 0.5936 0.6259 0.612 0.5959 0.6329 0.6329 0.6098 0.6398 0.6607 0.6329 0.6468 0.6884 0.6583 0.6583 0.7162 0.6769 0.6583 0.6226 0.6319 0.5927 0.6133 0.6388 0.5996 0.6249 0.648 0.6111 0.6319 0.6733 0.6319 0.6341 0.6964 0.6549 0.6341 0.7102 0.6757 0.6411 0.7057
0.7032 0.0 0.161 0.34 0.35 0.36 0.37 0.38 0.39 0.4 0.41 0.42 0.43 0.44 0.45 0.46 0.47 0.48 0.49 0.5 0.51 0.52 0.53 0.5949 0.5972 0.6502 0.6041 0.5903 0.6479 0.6133 0.6041 0.6663 0.6294 0.611 0.6824 0.6526 0.6249 0.6917 0.6824 0.6433 0.6893 0.7009 0.6526 0.6236 0.6143 0.5936 0.6259 0.612 0.5959 0.6329 0.6329 0.6098 0.6398 0.6607 0.6329 0.6468 0.6884 0.6583 0.6583 0.7162 0.6769 0.6583 0.7231 0.6319 0.5927 0.6133 0.6388 0.5996 0.6249 0.648 0.6111 0.6319 0.6733 0.6319 0.6341 0.6964 0.6549 0.6341 0.7102 0.6757 0.6411 0.7057 0.6826
0.6548 0.0 0.0457 0.35 0.36 0.37 0.38 0.39 0.4 0.41 0.42 0.43 0.44 0.45 0.46 0.47 0.48 0.49 0.5 0.51 0.52 0.53 0.54 0.5972 0.6502 0.6041 0.5903 0.6479 0.6133 0.6041 0.6663 0.6294 0.611 0.6824 0.6526 0.6249 0.6917 0.6824 0.6433 0.6893 0.7009 0.6526 0.6663 0.6143 0.5936 0.6259 0.612 0.5959 0.6329 0.6329 0.6098 0.6398 0.6607 0.6329 0.6468 0.6884 0.6583 0.6583 0.7162 0.6769 0.6583 0.7231 0.6861 0.5927 0.6133 0.6388 0.5996 0.6249 0.648 0.6111 0.6319 0.6733 0.6319 0.6341 0.6964 0.6549 0.6341 0.7102 0.6757 0.6411 0.7057 0.6826 0.6457
0.6318 0.0 0.123 0.36 0.37 0.38 0.39 0.4 0.41 0.42 0.43 0.44 0.45 0.46 0.47 0.48 0.49 0.5 0.51 0.52 0.53 0.54 0.55 0.6502 0.6041 0.5903 0.6479 0.6133 0.6041 0.6663 0.6294 0.611 0.6824 0.6526 0.6249 0.6917 0.6824 0.6433 0.6893 0.7009 0.6526 0.6663 0.7032 0.5936 0.6259 0.612 0.5959 0.6329 0.6329 0.6098 0.6398 0.6607 0.6329 0.6468 0.6884 0.6583 0.6583 0.7162 0.6769 0.6583 0.7231 0.6861 0.6537 0.6133 0.6388 0.5996 0.6249 0.648 0.6111 0.6319 0.6733 0.6319 0.6341 0.6964 0.6549 0.6341 0.7102 0.6757 0.6411 0.7057 0.6826 0.6457 0.678
0.6986 0.0 0.1613 0.37 0.38 0.39 0.4 0.41 0.42 0.43 0.44 0.45 0.46 0.47 0.48 0.49 0.5 0.51 0.52 0.53 0.54 0.55 0.56 0.6041 0.5903 0.6479 0.6133 0.6041 0.6663 0.6294 0.611 0.6824 0.6526 0.6249 0.6917 0.6824 0.6433 0.6893 0.7009 0.6526 0.6663 0.7032 0.6548 0.6259 0.612 0.5959 0.6329 0.6329 0.6098 0.6398 0.6607 0.6329 0.6468 0.6884 0.6583 0.6583 0.7162 0.6769 0.6583 0.7231 0.6861 0.6537 0.7023 0.6388 0.5996 0.6249 0.648 0.6111 0.6319 0.6733 0.6319 0.6341 0.6964 0.6549 0.6341 0.7102 0.6757 0.6411 0.7057 0.6826 0.6457 0.678 0.6872
0.6548 0.0 0.0767 0.38 0.39 0.4 0.41 0.42 0.43 0.44 0.45 0.46 0.47 0.48 0.49 0.5 0.51 0.52 0.53 0.54 0.55 0.56 0.57 0.5903 0.6479 0.6133 0.6041 0.6663 0.6294 0.611 0.6824 0.6526 0.6249 0.6917 0.6824 0.6433 0.6893 0.7009 0.6526 0.6663 0.7032 0.6548 0.6318 0.612 0.5959 0.6329 0.6329 0.6098 0.6398 0.6607 0.6329 0.6468 0.6884 0.6583 0.6583 0.7162 0.6769 0.6583 0.7231 0.6861 0.6537 0.7023 0.6908 0.5996 0.6249 0.648 0.6111 0.6319 0.6733 0.6319 0.6341 0.6964 0.6549 0.6341 0.7102 0.6757 0.6411 0.7057 0.6826 0.6457 0.678 0.6872 0.6433
0.6202 0.0 0.2227 0.39 0.4 0.41 0.42 0.43 0.44 0.45 0.46 0.47 0.48 0.49 0.5 0.51 0.52 0.53 0.54 0.55 0.56 0.57 0.58 0.6479 0.6133 0.6041 0.6663 0.6294 0.611 0.6824 0.6526 0.6249 0.6917 0.6824 0.6433 0.6893 0.7009 0.6526 0.6663 0.7032 0.6548 0.6318 0.6986 0.5959 0.6329 0.6329 0.6098 0.6398 0.6607 0.6329 0.6468 0.6884 0.6583 0.6583 0.7162 0.6769 0.6583 0.7231 0.6861 0.6537 0.7023 0.6908 0.6513 0.6249 0.648 0.6111 0.6319 0.6733 0.6319 0.6341 0.6964 0.6549 0.6341 0.7102 0.6757 0.6411 0.7057 0.6826 0.6457 0.678 0.6872 0.6433 0.648
0.6594 0.0 0.146 0.4 0.41 0.42 0.43 0.44 0.45 0.46 0.47 0.48 0.49 0.5 0.51 0.52 0.53 0.54 0.55 0.56 0.57 0.58 0.59 0.6133 0.6041 0.6663 0.6294 0.611 0.6824 0.6526 0.6249 0.6917 0.6824 0.6433 0.6893 0.7009 0.6526 0.6663 0.7032 0.6548 0.6318 0.6986 0.6548 0.6329 0.6329 0.6098 0.6398 0.6607 0.6329 0.6468 0.6884 0.6583 0.6583 0.7162 0.6769 0.6583 0.7231 0.6861 0.6537 0.7023 0.6908 0.6513 0.6814 0.648 0.6111 0.6319 0.6733 0.6319 0.6341 0.6964 0.6549 0.6341 0.7102 0.6757 0.6411 0.7057 0.6826 0.6457 0.678 0.6872 0.6433 0.648 0.678
0.6387 0.0 0.1153 0.41 0.42 0.43 0.44 0.45 0.46 0.47 0.48 0.49 0.5 0.51 0.52 0.53 0.54 0.55 0.56 0.57 0.58 0.59 0.6 0.6041 0.6663 0.6294 0.611 0.6824 0.6526 0.6249 0.6917 0.6824 0.6433 0.6893 0.7009 0.6526 0.6663 0.7032 0.6548 0.6318 0.6986 0.6548 0.6202 0.6329 0.6098 0.6398 0.6607 0.6329 0.6468 0.6884 0.6583 0.6583 0.7162 0.6769 0.6583 0.7231 0.6861 0.6537 0.7023 0.6908 0.6513 0.6814 0.6908 0.6111 0.6319 0.6733 0.6319 0.6341 0.6964 0.6549 0.6341 0.7102 0.6757 0.6411 0.7057 0.6826 0.6457 0.678 0.6872 0.6433 0.648 0.678 0.6411
0.6088 0.0 0.1307 0.42 0.43 0.44 0.45 0.46 0.47 0.48 0.49 0.5 0.51 0.52 0.53 0.54 0.55 0.56 0.57 0.58 0.59 0.6 0.61 0.6663 0.6294 0.611 0.6824 0.6526 0.6249 0.6917 0.6824 0.6433 0.6893 0.7009 0.6526 0.6663 0.7032 0.6548 0.6318 0.6986 0.6548 0.6202 0.6594 0.6098 0.6398 0.6607 0.6329 0.6468 0.6884 0.6583 0.6583 0.7162 0.6769 0.6583 0.7231 0.6861 0.6537 0.7023 0.6908 0.6513 0.6814 0.6908 0.6537 0.6319 0.6733 0.6319 0.6341 0.6964 0.6549 0.6341 0.7102 0.6757 0.6411 0.7057 0.6826 0.6457 0.678 0.6872 0.6433 0.648 0.678 0.6411 0.6133
