0.1687 0.6971 1.0 0.529 0.5589 0.6072 0.5658 0.5636 0.6441 0.605 0.5773 0.6557 0.6396 0.6096 0.6418 0.6671 0.6326 0.628 0.6787 0.6671 0.6533 0.6718 0.7224 0.4199 0.3899 0.3644 0.4361 0.4292 0.3991 0.4408 0.4732 0.4384 0.4454 0.5079 0.4801 0.4639 0.5126 0.5194 0.4963 0.5126 0.5588 0.531 0.5287 0.3989 0.3689 0.4219 0.4358 0.3966 0.4127 0.4703 0.4289 0.4197 0.4911 0.4658 0.445 0.475 0.4958 0.4727 0.4796 0.5142 0.505 0.505 0.5464
0.092 0.7754 1.0 0.5589 0.6072 0.5658 0.5636 0.6441 0.605 0.5773 0.6557 0.6396 0.6096 0.6418 0.6671 0.6326 0.628 0.6787 0.6671 0.6533 0.6718 0.7224 0.6948 0.3899 0.3644 0.4361 0.4292 0.3991 0.4408 0.4732 0.4384 0.4454 0.5079 0.4801 0.4639 0.5126 0.5194 0.4963 0.5126 0.5588 0.531 0.5287 0.5727 0.3689 0.4219 0.4358 0.3966 0.4127 0.4703 0.4289 0.4197 0.4911 0.4658 0.445 0.475 0.4958 0.4727 0.4796 0.5142 0.505 0.505 0.5464 0.5672
0.0077 0.7478 1.0 0.6072 0.5658 0.5636 0.6441 0.605 0.5773 0.6557 0.6396 0.6096 0.6418 0.6671 0.6326 0.628 0.6787 0.6671 0.6533 0.6718 0.7224 0.6948 0.6971 0.3644 0.4361 0.4292 0.3991 0.4408 0.4732 0.4384 0.4454 0.5079 0.4801 0.4639 0.5126 0.5194 0.4963 0.5126 0.5588 0.531 0.5287 0.5727 0.5889 0.4219 0.4358 0.3966 0.4127 0.4703 0.4289 0.4197 0.4911 0.4658 0.445 0.475 0.4958 0.4727 0.4796 0.5142 0.505 0.505 0.5464 0.5672 0.5464
0.261 0.7386 1.0 0.5658 0.5636 0.6441 0.605 0.5773 0.6557 0.6396 0.6096 0.6418 0.6671 0.6326 0.628 0.6787 0.6671 0.6533 0.6718 0.7224 0.6948 0.6971 0.7754 0.4361 0.4292 0.3991 0.4408 0.4732 0.4384 0.4454 0.5079 0.4801 0.4639 0.5126 0.5194 0.4963 0.5126 0.5588 0.531 0.5287 0.5727 0.5889 0.5681 0.4358 0.3966 0.4127 0.4703 0.4289 0.4197 0.4911 0.4658 0.445 0.475 0.4958 0.4727 0.4796 0.5142 0.505 0.505 0.5464 0.5672 0.5464 0.5557
0.092 0.7916 1.0 0.5636 0.6441 0.605 0.5773 0.6557 0.6396 0.6096 0.6418 0.6671 0.6326 0.628 0.6787 0.6671 0.6533 0.6718 0.7224 0.6948 0.6971 0.7754 0.7478 0.4292 0.3991 0.4408 0.4732 0.4384 0.4454 0.5079 0.4801 0.4639 0.5126 0.5194 0.4963 0.5126 0.5588 0.531 0.5287 0.5727 0.5889 0.5681 0.5889 0.3966 0.4127 0.4703 0.4289 0.4197 0.4911 0.4658 0.445 0.475 0.4958 0.4727 0.4796 0.5142 0.505 0.505 0.5464 0.5672 0.5464 0.5557 0.618
0.0307 0.7823 1.0 0.6441 0.605 0.5773 0.6557 0.6396 0.6096 0.6418 0.6671 0.6326 0.628 0.6787 0.6671 0.6533 0.6718 0.7224 0.6948 0.6971 0.7754 0.7478 0.7386 0.3991 0.4408 0.4732 0.4384 0.4454 0.5079 0.4801 0.4639 0.5126 0.5194 0.4963 0.5126 0.5588 0.531 0.5287 0.5727 0.5889 0.5681 0.5889 0.6259 0.4127 0.4703 0.4289 0.4197 0.4911 0.4658 0.445 0.475 0.4958 0.4727 0.4796 0.5142 0.505 0.505 0.5464 0.5672 0.5464 0.5557 0.618 0.5811
0.1767 0.7501 1.0 0.605 0.5773 0.6557 0.6396 0.6096 0.6418 0.6671 0.6326 0.628 0.6787 0.6671 0.6533 0.6718 0.7224 0.6948 0.6971 0.7754 0.7478 0.7386 0.7916 0.4408 0.4732 0.4384 0.4454 0.5079 0.4801 0.4639 0.5126 0.5194 0.4963 0.5126 0.5588 0.531 0.5287 0.5727 0.5889 0.5681 0.5889 0.6259 0.5936 0.4703 0.4289 0.4197 0.4911 0.4658 0.445 0.475 0.4958 0.4727 0.4796 0.5142 0.505 0.505 0.5464 0.5672 0.5464 0.5557 0.618 0.5811 0.5696
0.031 0.7869 1.0 0.5773 0.6557 0.6396 0.6096 0.6418 0.6671 0.6326 0.628 0.6787 0.6671 0.6533 0.6718 0.7224 0.6948 0.6971 0.7754 0.7478 0.7386 0.7916 0.7823 0.4732 0.4384 0.4454 0.5079 0.4801 0.4639 0.5126 0.5194 0.4963 0.5126 0.5588 0.531 0.5287 0.5727 0.5889 0.5681 0.5889 0.6259 0.5936 0.5936 0.4289 0.4197 0.4911 0.4658 0.445 0.475 0.4958 0.4727 0.4796 0.5142 0.505 0.505 0.5464 0.5672 0.5464 0.5557 0.618 0.5811 0.5696 0.6341
0.1073 0.7916 1.0 0.6557 0.6396 0.6096 0.6418 0.6671 0.6326 0.628 0.6787 0.6671 0.6533 0.6718 0.7224 0.6948 0.6971 0.7754 0.7478 0.7386 0.7916 0.7823 0.7501 0.4384 0.4454 0.5079 0.4801 0.4639 0.5126 0.5194 0.4963 0.5126 0.5588 0.531 0.5287 0.5727 0.5889 0.5681 0.5889 0.6259 0.5936 0.5936 0.6329 0.4197 0.4911 0.4658 0.445 0.475 0.4958 0.4727 0.4796 0.5142 0.505 0.505 0.5464 0.5672 0.5464 0.5557 0.618 0.5811 0.5696 0.6341 0.6019
0.1227 0.7547 1.0 0.6396 0.6096 0.6418 0.6671 0.6326 0.628 0.6787 0.6671 0.6533 0.6718 0.7224 0.6948 0.6971 0.7754 0.7478 0.7386 0.7916 0.7823 0.7501 0.7869 0.4454 0.5079 0.4801 0.4639 0.5126 0.5194 0.4963 0.5126 0.5588 0.531 0.5287 0.5727 0.5889 0.5681 0.5889 0.6259 0.5936 0.5936 0.6329 0.5981 0.4911 0.4658 0.445 0.475 0.4958 0.4727 0.4796 0.5142 0.505 0.505 0.5464 0.5672 0.5464 0.5557 0.618 0.5811 0.5696 0.6341 0.6019 0.5834
0.0157 0.7869 1.0 0.6096 0.6418 0.6671 0.6326 0.628 0.6787 0.6671 0.6533 0.6718 0.7224 0.6948 0.6971 0.7754 0.7478 0.7386 0.7916 0.7823 0.7501 0.7869 0.7916 0.5079 0.4801 0.4639 0.5126 0.5194 0.4963 0.5126 0.5588 0.531 0.5287 0.5727 0.5889 0.5681 0.5889 0.6259 0.5936 0.5936 0.6329 0.5981 0.5866 0.4658 0.445 0.475 0.4958 0.4727 0.4796 0.5142 0.505 0.505 0.5464 0.5672 0.5464 0.5557 0.618 0.5811 0.5696 0.6341 0.6019 0.5834 0.6433
0.123 0.8146 1.0 0.6418 0.6671 0.6326 0.628 0.6787 0.6671 0.6533 0.6718 0.7224 0.6948 0.6971 0.7754 0.7478 0.7386 0.7916 0.7823 0.7501 0.7869 0.7916 0.7547 0.4801 0.4639 0.5126 0.5194 0.4963 0.5126 0.5588 0.531 0.5287 0.5727 0.5889 0.5681 0.5889 0.6259 0.5936 0.5936 0.6329 0.5981 0.5866 0.6374 0.445 0.475 0.4958 0.4727 0.4796 0.5142 0.505 0.505 0.5464 0.5672 0.5464 0.5557 0.618 0.5811 0.5696 0.6341 0.6019 0.5834 0.6433 0.618
0.1073 0.78 1.0 0.6671 0.6326 0.628 0.6787 0.6671 0.6533 0.6718 0.7224 0.6948 0.6971 0.7754 0.7478 0.7386 0.7916 0.7823 0.7501 0.7869 0.7916 0.7547 0.7869 0.4639 0.5126 0.5194 0.4963 0.5126 0.5588 0.531 0.5287 0.5727 0.5889 0.5681 0.5889 0.6259 0.5936 0.5936 0.6329 0.5981 0.5866 0.6374 0.612 0.475 0.4958 0.4727 0.4796 0.5142 0.505 0.505 0.5464 0.5672 0.5464 0.5557 0.618 0.5811 0.5696 0.6341 0.6019 0.5834 0.6433 0.618 0.588
0.0923 0.7939 1.0 0.6326 0.628 0.6787 0.6671 0.6533 0.6718 0.7224 0.6948 0.6971 0.7754 0.7478 0.7386 0.7916 0.7823 0.7501 0.7869 0.7916 0.7547 0.7869 0.8146 0.5126 0.5194 0.4963 0.5126 0.5588 0.531 0.5287 0.5727 0.5889 0.5681 0.5889 0.6259 0.5936 0.5936 0.6329 0.5981 0.5866 0.6374 0.612 0.5981 0.4958 0.4727 0.4796 0.5142 0.505 0.505 0.5464 0.5672 0.5464 0.5557 0.618 0.5811 0.5696 0.6341 0.6019 0.5834 0.6433 0.618 0.588 0.6388
0.1153 0.8353 1.0 0.628 0.6787 0.6671 0.6533 0.6718 0.7224 0.6948 0.6971 0.7754 0.7478 0.7386 0.7916 0.7823 0.7501 0.7869 0.7916 0.7547 0.7869 0.8146 0.78 0.5194 0.4963 0.5126 0.5588 0.531 0.5287 0.5727 0.5889 0.5681 0.5889 0.6259 0.5936 0.5936 0.6329 0.5981 0.5866 0.6374 0.612 0.5981 0.6537 0.4727 0.4796 0.5142 0.505 0.505 0.5464 0.5672 0.5464 0.5557 0.618 0.5811 0.5696 0.6341 0.6019 0.5834 0.6433 0.618 0.588 0.6388 0.6341
0.0463 0.7939 1.0 0.6787 0.6671 0.6533 0.6718 0.7224 0.6948 0.6971 0.7754 0.7478 0.7386 0.7916 0.7823 0.7501 0.7869 0.7916 0.7547 0.7869 0.8146 0.78 0.7939 0.4963 0.5126 0.5588 0.531 0.5287 0.5727 0.5889 0.5681 0.5889 0.6259 0.5936 0.5936 0.6329 0.5981 0.5866 0.6374 0.612 0.5981 0.6537 0.6329 0.4796 0.5142 0.505 0.505 0.5464 0.5672 0.5464 0.5557 0.618 0.5811 0.5696 0.6341 0.6019 0.5834 0.6433 0.618 0.588 0.6388 0.6341 0.6111
0.138 0.7984 1.0 0.6671 0.6533 0.6718 0.7224 0.6948 0.6971 0.7754 0.7478 0.7386 0.7916 0.7823 0.7501 0.7869 0.7916 0.7547 0.7869 0.8146 0.78 0.7939 0.8353 0.5126 0.5588 0.531 0.5287 0.5727 0.5889 0.5681 0.5889 0.6259 0.5936 0.5936 0.6329 0.5981 0.5866 0.6374 0.612 0.5981 0.6537 0.6329 0.6143 0.5142 0.505 0.505 0.5464 0.5672 0.5464 0.5557 0.618 0.5811 0.5696 0.6341 0.6019 0.5834 0.6433 0.618 0.588 0.6388 0.6341 0.6111 0.6549
0.138 0.8652 1.0 0.6533 0.6718 0.7224 0.6948 0.6971 0.7754 0.7478 0.7386 0.7916 0.7823 0.7501 0.7869 0.7916 0.7547 0.7869 0.8146 0.78 0.7939 0.8353 0.7939 0.5588 0.531 0.5287 0.5727 0.5889 0.5681 0.5889 0.6259 0.5936 0.5936 0.6329 0.5981 0.5866 0.6374 0.612 0.5981 0.6537 0.6329 0.6143 0.6652 0.505 0.505 0.5464 0.5672 0.5464 0.5557 0.618 0.5811 0.5696 0.6341 0.6019 0.5834 0.6433 0.618 0.588 0.6388 0.6341 0.6111 0.6549 0.6664
0.015 0.8214 1.0 0.6718 0.7224 0.6948 0.6971 0.7754 0.7478 0.7386 0.7916 0.7823 0.7501 0.7869 0.7916 0.7547 0.7869 0.8146 0.78 0.7939 0.8353 0.7939 0.7984 0.531 0.5287 0.5727 0.5889 0.5681 0.5889 0.6259 0.5936 0.5936 0.6329 0.5981 0.5866 0.6374 0.612 0.5981 0.6537 0.6329 0.6143 0.6652 0.6583 0.505 0.5464 0.5672 0.5464 0.5557 0.618 0.5811 0.5696 0.6341 0.6019 0.5834 0.6433 0.618 0.588 0.6388 0.6341 0.6111 0.6549 0.6664 0.6296
0.2227 0.7984 1.0 0.7224 0.6948 0.6971 0.7754 0.7478 0.7386 0.7916 0.7823 0.7501 0.7869 0.7916 0.7547 0.7869 0.8146 0.78 0.7939 0.8353 0.7939 0.7984 0.8652 0.5287 0.5727 0.5889 0.5681 0.5889 0.6259 0.5936 0.5936 0.6329 0.5981 0.5866 0.6374 0.612 0.5981 0.6537 0.6329 0.6143 0.6652 0.6583 0.6398 0.5464 0.5672 0.5464 0.5557 0.618 0.5811 0.5696 0.6341 0.6019 0.5834 0.6433 0.618 0.588 0.6388 0.6341 0.6111 0.6549 0.6664 0.6296 0.6526
0.146 0.8768 1.0 0.6948 0.6971 0.7754 0.7478 0.7386 0.7916 0.7823 0.7501 0.7869 0.7916 0.7547 0.7869 0.8146 0.78 0.7939 0.8353 0.7939 0.7984 0.8652 0.8214 0.5727 0.5889 0.5681 0.5889 0.6259 0.5936 0.5936 0.6329 0.5981 0.5866 0.6374 0.612 0.5981 0.6537 0.6329 0.6143 0.6652 0.6583 0.6398 0.6769 0.5672 0.5464 0.5557 0.618 0.5811 0.5696 0.6341 0.6019 0.5834 0.6433 0.618 0.588 0.6388 0.6341 0.6111 0.6549 0.6664 0.6296 0.6526 0.6896
0.0767 0.8353 1.0 0.6971 0.7754 0.7478 0.7386 0.7916 0.7823 0.7501 0.7869 0.7916 0.7547 0.7869 0.8146 0.78 0.7939 0.8353 0.7939 0.7984 0.8652 0.8214 0.7984 0.5889 0.5681 0.5889 0.6259 0.5936 0.5936 0.6329 0.5981 0.5866 0.6374 0.612 0.5981 0.6537 0.6329 0.6143 0.6652 0.6583 0.6398 0.6769 0.6861 0.5464 0.5557 0.618 0.5811 0.5696 0.6341 0.6019 0.5834 0.6433 0.618 0.588 0.6388 0.6341 0.6111 0.6549 0.6664 0.6296 0.6526 0.6896 0.6457
0.2613 0.8053 1.0 0.7754 0.7478 0.7386 0.7916 0.7823 0.7501 0.7869 0.7916 0.7547 0.7869 0.8146 0.78 0.7939 0.8353 0.7939 0.7984 0.8652 0.8214 0.7984 0.8768 0.5681 0.5889 0.6259 0.5936 0.5936 0.6329 0.5981 0.5866 0.6374 0.612 0.5981 0.6537 0.6329 0.6143 0.6652 0.6583 0.6398 0.6769 0.6861 0.6513 0.5557 0.618 0.5811 0.5696 0.6341 0.6019 0.5834 0.6433 0.618 0.588 0.6388 0.6341 0.6111 0.6549 0.6664 0.6296 0.6526 0.6896 0.6457 0.6503
0.1383 0.8676 1.0 0.7478 0.7386 0.7916 0.7823 0.7501 0.7869 0.7916 0.7547 0.7869 0.8146 0.78 0.7939 0.8353 0.7939 0.7984 0.8652 0.8214 0.7984 0.8768 0.8353 0.5889 0.6259 0.5936 0.5936 0.6329 0.5981 0.5866 0.6374 0.612 0.5981 0.6537 0.6329 0.6143 0.6652 0.6583 0.6398 0.6769 0.6861 0.6513 0.6722 0.618 0.5811 0.5696 0.6341 0.6019 0.5834 0.6433 0.618 0.588 0.6388 0.6341 0.6111 0.6549 0.6664 0.6296 0.6526 0.6896 0.6457 0.6503 0.7102
0.1 0.8538 1.0 0.7386 0.7916 0.7823 0.7501 0.7869 0.7916 0.7547 0.7869 0.8146 0.78 0.7939 0.8353 0.7939 0.7984 0.8652 0.8214 0.7984 0.8768 0.8353 0.8053 0.6259 0.5936 0.5936 0.6329 0.5981 0.5866 0.6374 0.612 0.5981 0.6537 0.6329 0.6143 0.6652 0.6583 0.6398 0.6769 0.6861 0.6513 0.6722 0.7047 0.5811 0.5696 0.6341 0.6019 0.5834 0.6433 0.618 0.588 0.6388 0.6341 0.6111 0.6549 0.6664 0.6296 0.6526 0.6896 0.6457 0.6503 0.7102 0.6596
0.2077 0.8077 1.0 0.7916 0.7823 0.7501 0.7869 0.7916 0.7547 0.7869 0.8146 0.78 0.7939 0.8353 0.7939 0.7984 0.8652 0.8214 0.7984 0.8768 0.8353 0.8053 0.8676 0.5936 0.5936 0.6329 0.5981 0.5866 0.6374 0.612 0.5981 0.6537 0.6329 0.6143 0.6652 0.6583 0.6398 0.6769 0.6861 0.6513 0.6722 0.7047 0.6652 0.5696 0.6341 0.6019 0.5834 0.6433 0.618 0.588 0.6388 0.6341 0.6111 0.6549 0.6664 0.6296 0.6526 0.6896 0.6457 0.6503 0.7102 0.6596 0.6388
0.046 0.8468 1.0 0.7823 0.7501 0.7869 0.7916 0.7547 0.7869 0.8146 0.78 0.7939 0.8353 0.7939 0.7984 0.8652 0.8214 0.7984 0.8768 0.8353 0.8053 0.8676 0.8538 0.5936 0.6329 0.5981 0.5866 0.6374 0.612 0.5981 0.6537 0.6329 0.6143 0.6652 0.6583 0.6398 0.6769 0.6861 0.6513 0.6722 0.7047 0.6652 0.663 0.6341 0.6019 0.5834 0.6433 0.618 0.588 0.6388 0.6341 0.6111 0.6549 0.6664 0.6296 0.6526 0.6896 0.6457 0.6503 0.7102 0.6596 0.6388 0.7102
0.1537 0.8538 1.0 0.7501 0.7869 0.7916 0.7547 0.7869 0.8146 0.78 0.7939 0.8353 0.7939 0.7984 0.8652 0.8214 0.7984 0.8768 0.8353 0.8053 0.8676 0.8538 0.8077 0.6329 0.5981 0.5866 0.6374 0.612 0.5981 0.6537 0.6329 0.6143 0.6652 0.6583 0.6398 0.6769 0.6861 0.6513 0.6722 0.7047 0.6652 0.663 0.7186 0.6019 0.5834 0.6433 0.618 0.588 0.6388 0.6341 0.6111 0.6549 0.6664 0.6296 0.6526 0.6896 0.6457 0.6503 0.7102 0.6596 0.6388 0.7102 0.6688
0.1303 0.8053 1.0 0.7869 0.7916 0.7547 0.7869 0.8146 0.78 0.7939 0.8353 0.7939 0.7984 0.8652 0.8214 0.7984 0.8768 0.8353 0.8053 0.8676 0.8538 0.8077 0.8468 0.5981 0.5866 0.6374 0.612 0.5981 0.6537 0.6329 0.6143 0.6652 0.6583 0.6398 0.6769 0.6861 0.6513 0.6722 0.7047 0.6652 0.663 0.7186 0.6722 0.5834 0.6433 0.618 0.588 0.6388 0.6341 0.6111 0.6549 0.6664 0.6296 0.6526 0.6896 0.6457 0.6503 0.7102 0.6596 0.6388 0.7102 0.6688 0.6319
0.0233 0.8053 1.0 0.7916 0.7547 0.7869 0.8146 0.78 0.7939 0.8353 0.7939 0.7984 0.8652 0.8214 0.7984 0.8768 0.8353 0.8053 0.8676 0.8538 0.8077 0.8468 0.8538 0.5866 0.6374 0.612 0.5981 0.6537 0.6329 0.6143 0.6652 0.6583 0.6398 0.6769 0.6861 0.6513 0.6722 0.7047 0.6652 0.663 0.7186 0.6722 0.6468 0.6433 0.618 0.588 0.6388 0.6341 0.6111 0.6549 0.6664 0.6296 0.6526 0.6896 0.6457 0.6503 0.7102 0.6596 0.6388 0.7102 0.6688 0.6319 0.6872
0.1617 0.856 1.0 0.7547 0.7869 0.8146 0.78 0.7939 0.8353 0.7939 0.7984 0.8652 0.8214 0.7984 0.8768 0.8353 0.8053 0.8676 0.8538 0.8077 0.8468 0.8538 0.8053 0.6374 0.612 0.5981 0.6537 0.6329 0.6143 0.6652 0.6583 0.6398 0.6769 0.6861 0.6513 0.6722 0.7047 0.6652 0.663 0.7186 0.6722 0.6468 0.7047 0.618 0.588 0.6388 0.6341 0.6111 0.6549 0.6664 0.6296 0.6526 0.6896 0.6457 0.6503 0.7102 0.6596 0.6388 0.7102 0.6688 0.6319 0.6872 0.671
0.0 0.8077 1.0 0.7869 0.8146 0.78 0.7939 0.8353 0.7939 0.7984 0.8652 0.8214 0.7984 0.8768 0.8353 0.8053 0.8676 0.8538 0.8077 0.8468 0.8538 0.8053 0.8053 0.612 0.5981 0.6537 0.6329 0.6143 0.6652 0.6583 0.6398 0.6769 0.6861 0.6513 0.6722 0.7047 0.6652 0.663 0.7186 0.6722 0.6468 0.7047 0.6746 0.588 0.6388 0.6341 0.6111 0.6549 0.6664 0.6296 0.6526 0.6896 0.6457 0.6503 0.7102 0.6596 0.6388 0.7102 0.6688 0.6319 0.6872 0.671 0.6296
0.169 0.78 1.0 0.8146 0.78 0.7939 0.8353 0.7939 0.7984 0.8652 0.8214 0.7984 0.8768 0.8353 0.8053 0.8676 0.8538 0.8077 0.8468 0.8538 0.8053 0.8053 0.856 0.5981 0.6537 0.6329 0.6143 0.6652 0.6583 0.6398 0.6769 0.6861 0.6513 0.6722 0.7047 0.6652 0.663 0.7186 0.6722 0.6468 0.7047 0.6746 0.6398 0.6388 0.6341 0.6111 0.6549 0.6664 0.6296 0.6526 0.6896 0.6457 0.6503 0.7102 0.6596 0.6388 0.7102 0.6688 0.6319 0.6872 0.671 0.6296 0.6503
0.161 0.8284 1.0 0.78 0.7939 0.8353 0.7939 0.7984 0.8652 0.8214 0.7984 0.8768 0.8353 0.8053 0.8676 0.8538 0.8077 0.8468 0.8538 0.8053 0.8053 0.856 0.8077 0.6537 0.6329 0.6143 0.6652 0.6583 0.6398 0.6769 0.6861 0.6513 0.6722 0.7047 0.6652 0.663 0.7186 0.6722 0.6468 0.7047 0.6746 0.6398 0.6861 0.6341 0.6111 0.6549 0.6664 0.6296 0.6526 0.6896 0.6457 0.6503 0.7102 0.6596 0.6388 0.7102 0.6688 0.6319 0.6872 0.671 0.6296 0.6503 0.6688
0.0923 0.8008 1.0 0.7939 0.8353 0.7939 0.7984 0.8652 0.8214 0.7984 0.8768 0.8353 0.8053 0.8676 0.8538 0.8077 0.8468 0.8538 0.8053 0.8053 0.856 0.8077 0.78 0.6329 0.6143 0.6652 0.6583 0.6398 0.6769 0.6861 0.6513 0.6722 0.7047 0.6652 0.663 0.7186 0.6722 0.6468 0.7047 0.6746 0.6398 0.6861 0.6746 0.6111 0.6549 0.6664 0.6296 0.6526 0.6896 0.6457 0.6503 0.7102 0.6596 0.6388 0.7102 0.6688 0.6319 0.6872 0.671 0.6296 0.6503 0.6688 0.6296
0.1613 0.7686 1.0 0.8353 0.7939 0.7984 0.8652 0.8214 0.7984 0.8768 0.8353 0.8053 0.8676 0.8538 0.8077 0.8468 0.8538 0.8053 0.8053 0.856 0.8077 0.78 0.8284 0.6143 0.6652 0.6583 0.6398 0.6769 0.6861 0.6513 0.6722 0.7047 0.6652 0.663 0.7186 0.6722 0.6468 0.7047 0.6746 0.6398 0.6861 0.6746 0.6398 0.6549 0.6664 0.6296 0.6526 0.6896 0.6457 0.6503 0.7102 0.6596 0.6388 0.7102 0.6688 0.6319 0.6872 0.671 0.6296 0.6503 0.6688 0.6296 0.6249
0.092 0.8031 1.0 0.7939 0.7984 0.8652 0.8214 0.7984 0.8768 0.8353 0.8053 0.8676 0.8538 0.8077 0.8468 0.8538 0.8053 0.8053 0.856 0.8077 0.78 0.8284 0.8008 0.6652 0.6583 0.6398 0.6769 0.6861 0.6513 0.6722 0.7047 0.6652 0.663 0.7186 0.6722 0.6468 0.7047 0.6746 0.6398 0.6861 0.6746 0.6398 0.6513 0.6664 0.6296 0.6526 0.6896 0.6457 0.6503 0.7102 0.6596 0.6388 0.7102 0.6688 0.6319 0.6872 0.671 0.6296 0.6503 0.6688 0.6296 0.6249 0.6526
0.1073 0.78 1.0 0.7984 0.8652 0.8214 0.7984 0.8768 0.8353 0.8053 0.8676 0.8538 0.8077 0.8468 0.8538 0.8053 0.8053 0.856 0.8077 0.78 0.8284 0.8008 0.7686 0.6583 0.6398 0.6769 0.6861 0.6513 0.6722 0.7047 0.6652 0.663 0.7186 0.6722 0.6468 0.7047 0.6746 0.6398 0.6861 0.6746 0.6398 0.6513 0.6791 0.6296 0.6526 0.6896 0.6457 0.6503 0.7102 0.6596 0.6388 0.7102 0.6688 0.6319 0.6872 0.671 0.6296 0.6503 0.6688 0.6296 0.6249 0.6526 0.6203
0.115 0.7593 1.0 0.8652 0.8214 0.7984 0.8768 0.8353 0.8053 0.8676 0.8538 0.8077 0.8468 0.8538 0.8053 0.8053 0.856 0.8077 0.78 0.8284 0.8008 0.7686 0.8031 0.6398 0.6769 0.6861 0.6513 0.6722 0.7047 0.6652 0.663 0.7186 0.6722 0.6468 0.7047 0.6746 0.6398 0.6861 0.6746 0.6398 0.6513 0.6791 0.6421 0.6526 0.6896 0.6457 0.6503 0.7102 0.6596 0.6388 0.7102 0.6688 0.6319 0.6872 0.671 0.6296 0.6503 0.6688 0.6296 0.6249 0.6526 0.6203 0.5972
0.077 0.7362 1.0 0.8214 0.7984 0.8768 0.8353 0.8053 0.8676 0.8538 0.8077 0.8468 0.8538 0.8053 0.8053 0.856 0.8077 0.78 0.8284 0.8008 0.7686 0.8031 0.78 0.6769 0.6861 0.6513 0.6722 0.7047 0.6652 0.663 0.7186 0.6722 0.6468 0.7047 0.6746 0.6398 0.6861 0.6746 0.6398 0.6513 0.6791 0.6421 0.6306 0.6896 0.6457 0.6503 0.7102 0.6596 0.6388 0.7102 0.6688 0.6319 0.6872 0.671 0.6296 0.6503 0.6688 0.6296 0.6249 0.6526 0.6203 0.5972 0.6341
0.069 0.7178 1.0 0.7984 0.8768 0.8353 0.8053 0.8676 0.8538 0.8077 0.8468 0.8538 0.8053 0.8053 0.856 0.8077 0.78 0.8284 0.8008 0.7686 0.8031 0.78 0.7593 0.6861 0.6513 0.6722 0.7047 0.6652 0.663 0.7186 0.6722 0.6468 0.7047 0.6746 0.6398 0.6861 0.6746 0.6398 0.6513 0.6791 0.6421 0.6306 0.656 0.6457 0.6503 0.7102 0.6596 0.6388 0.7102 0.6688 0.6319 0.6872 0.671 0.6296 0.6503 0.6688 0.6296 0.6249 0.6526 0.6203 0.5972 0.6341 0.618
0.077 0.704 1.0 0.8768 0.8353 0.8053 0.8676 0.8538 0.8077 0.8468 0.8538 0.8053 0.8053 0.856 0.8077 0.78 0.8284 0.8008 0.7686 0.8031 0.78 0.7593 0.7362 0.6513 0.6722 0.7047 0.6652 0.663 0.7186 0.6722 0.6468 0.7047 0.6746 0.6398 0.6861 0.6746 0.6398 0.6513 0.6791 0.6421 0.6306 0.656 0.6468 0.6503 0.7102 0.6596 0.6388 0.7102 0.6688 0.6319 0.6872 0.671 0.6296 0.6503 0.6688 0.6296 0.6249 0.6526 0.6203 0.5972 0.6341 0.618 0.5996
0.0613 0.6856 1.0 0.8353 0.8053 0.8676 0.8538 0.8077 0.8468 0.8538 0.8053 0.8053 0.856 0.8077 0.78 0.8284 0.8008 0.7686 0.8031 0.78 0.7593 0.7362 0.7178 0.6722 0.7047 0.6652 0.663 0.7186 0.6722 0.6468 0.7047 0.6746 0.6398 0.6861 0.6746 0.6398 0.6513 0.6791 0.6421 0.6306 0.656 0.6468 0.619 0.7102 0.6596 0.6388 0.7102 0.6688 0.6319 0.6872 0.671 0.6296 0.6503 0.6688 0.6296 0.6249 0.6526 0.6203 0.5972 0.6341 0.618 0.5996 0.5788
0.046 0.6649 1.0 0.8053 0.8676 0.8538 0.8077 0.8468 0.8538 0.8053 0.8053 0.856 0.8077 0.78 0.8284 0.8008 0.7686 0.8031 0.78 0.7593 0.7362 0.7178 0.704 0.7047 0.6652 0.663 0.7186 0.6722 0.6468 0.7047 0.6746 0.6398 0.6861 0.6746 0.6398 0.6513 0.6791 0.6421 0.6306 0.656 0.6468 0.619 0.5889 0.6596 0.6388 0.7102 0.6688 0.6319 0.6872 0.671 0.6296 0.6503 0.6688 0.6296 0.6249 0.6526 0.6203 0.5972 0.6341 0.618 0.5996 0.5788 0.5649
0.0613 0.6602 1.0 0.8676 0.8538 0.8077 0.8468 0.8538 0.8053 0.8053 0.856 0.8077 0.78 0.8284 0.8008 0.7686 0.8031 0.78 0.7593 0.7362 0.7178 0.704 0.6856 0.6652 0.663 0.7186 0.6722 0.6468 0.7047 0.6746 0.6398 0.6861 0.6746 0.6398 0.6513 0.6791 0.6421 0.6306 0.656 0.6468 0.619 0.5889 0.5727 0.6388 0.7102 0.6688 0.6319 0.6872 0.671 0.6296 0.6503 0.6688 0.6296 0.6249 0.6526 0.6203 0.5972 0.6341 0.618 0.5996 0.5788 0.5649 0.5557
0.069 0.6464 1.0 0.8538 0.8077 0.8468 0.8538 0.8053 0.8053 0.856 0.8077 0.78 0.8284 0.8008 0.7686 0.8031 0.78 0.7593 0.7362 0.7178 0.704 0.6856 0.6649 0.663 0.7186 0.6722 0.6468 0.7047 0.6746 0.6398 0.6861 0.6746 0.6398 0.6513 0.6791 0.6421 0.6306 0.656 0.6468 0.619 0.5889 0.5727 0.5588 0.7102 0.6688 0.6319 0.6872 0.671 0.6296 0.6503 0.6688 0.6296 0.6249 0.6526 0.6203 0.5972 0.6341 0.618 0.5996 0.5788 0.5649 0.5557 0.5327
0.0157 0.6234 1.0 0.8077 0.8468 0.8538 0.8053 0.8053 0.856 0.8077 0.78 0.8284 0.8008 0.7686 0.8031 0.78 0.7593 0.7362 0.7178 0.704 0.6856 0.6649 0.6602 0.7186 0.6722 0.6468 0.7047 0.6746 0.6398 0.6861 0.6746 0.6398 0.6513 0.6791 0.6421 0.6306 0.656 0.6468 0.619 0.5889 0.5727 0.5588 0.531 0.6688 0.6319 0.6872 0.671 0.6296 0.6503 0.6688 0.6296 0.6249 0.6526 0.6203 0.5972 0.6341 0.618 0.5996 0.5788 0.5649 0.5557 0.5327 0.5166
0.046 0.6211 1.0 0.8468 0.8538 0.8053 0.8053 0.856 0.8077 0.78 0.8284 0.8008 0.7686 0.8031 0.78 0.7593 0.7362 0.7178 0.704 0.6856 0.6649 0.6602 0.6464 0.6722 0.6468 0.7047 0.6746 0.6398 0.6861 0.6746 0.6398 0.6513 0.6791 0.6421 0.6306 0.656 0.6468 0.619 0.5889 0.5727 0.5588 0.531 0.5148 0.6319 0.6872 0.671 0.6296 0.6503 0.6688 0.6296 0.6249 0.6526 0.6203 0.5972 0.6341 0.618 0.5996 0.5788 0.5649 0.5557 0.5327 0.5166 0.5119
0.0767 0.6119 1.0 0.8538 0.8053 0.8053 0.856 0.8077 0.78 0.8284 0.8008 0.7686 0.8031 0.78 0.7593 0.7362 0.7178 0.704 0.6856 0.6649 0.6602 0.6464 0.6234 0.6468 0.7047 0.6746 0.6398 0.6861 0.6746 0.6398 0.6513 0.6791 0.6421 0.6306 0.656 0.6468 0.619 0.5889 0.5727 0.5588 0.531 0.5148 0.5079 0.6872 0.671 0.6296 0.6503 0.6688 0.6296 0.6249 0.6526 0.6203 0.5972 0.6341 0.618 0.5996 0.5788 0.5649 0.5557 0.5327 0.5166 0.5119 0.4911
0.0077 0.5889 1.0 0.8053 0.8053 0.856 0.8077 0.78 0.8284 0.8008 0.7686 0.8031 0.78 0.7593 0.7362 0.7178 0.704 0.6856 0.6649 0.6602 0.6464 0.6234 0.6211 0.7047 0.6746 0.6398 0.6861 0.6746 0.6398 0.6513 0.6791 0.6421 0.6306 0.656 0.6468 0.619 0.5889 0.5727 0.5588 0.531 0.5148 0.5079 0.4848 0.671 0.6296 0.6503 0.6688 0.6296 0.6249 0.6526 0.6203 0.5972 0.6341 0.618 0.5996 0.5788 0.5649 0.5557 0.5327 0.5166 0.5119 0.4911 0.4727
0.0307 0.5819 1.0 0.8053 0.856 0.8077 0.78 0.8284 0.8008 0.7686 0.8031 0.78 0.7593 0.7362 0.7178 0.704 0.6856 0.6649 0.6602 0.6464 0.6234 0.6211 0.6119 0.6746 0.6398 0.6861 0.6746 0.6398 0.6513 0.6791 0.6421 0.6306 0.656 0.6468 0.619 0.5889 0.5727 0.5588 0.531 0.5148 0.5079 0.4848 0.4686 0.6296 0.6503 0.6688 0.6296 0.6249 0.6526 0.6203 0.5972 0.6341 0.618 0.5996 0.5788 0.5649 0.5557 0.5327 0.5166 0.5119 0.4911 0.4727 0.4727
0.0767 0.5773 1.0 0.856 0.8077 0.78 0.8284 0.8008 0.7686 0.8031 0.78 0.7593 0.7362 0.7178 0.704 0.6856 0.6649 0.6602 0.6464 0.6234 0.6211 0.6119 0.5889 0.6398 0.6861 0.6746 0.6398 0.6513 0.6791 0.6421 0.6306 0.656 0.6468 0.619 0.5889 0.5727 0.5588 0.531 0.5148 0.5079 0.4848 0.4686 0.4662 0.6503 0.6688 0.6296 0.6249 0.6526 0.6203 0.5972 0.6341 0.618 0.5996 0.5788 0.5649 0.5557 0.5327 0.5166 0.5119 0.4911 0.4727 0.4727 0.4566
0.0233 0.5566 1.0 0.8077 0.78 0.8284 0.8008 0.7686 0.8031 0.78 0.7593 0.7362 0.7178 0.704 0.6856 0.6649 0.6602 0.6464 0.6234 0.6211 0.6119 0.5889 0.5819 0.6861 0.6746 0.6398 0.6513 0.6791 0.6421 0.6306 0.656 0.6468 0.619 0.5889 0.5727 0.5588 0.531 0.5148 0.5079 0.4848 0.4686 0.4662 0.4477 0.6688 0.6296 0.6249 0.6526 0.6203 0.5972 0.6341 0.618 0.5996 0.5788 0.5649 0.5557 0.5327 0.5166 0.5119 0.4911 0.4727 0.4727 0.4566 0.4381
0.0153 0.5473 1.0 0.78 0.8284 0.8008 0.7686 0.8031 0.78 0.7593 0.7362 0.7178 0.704 0.6856 0.6649 0.6602 0.6464 0.6234 0.6211 0.6119 0.5889 0.5819 0.5773 0.6746 0.6398 0.6513 0.6791 0.6421 0.6306 0.656 0.6468 0.619 0.5889 0.5727 0.5588 0.531 0.5148 0.5079 0.4848 0.4686 0.4662 0.4477 0.4292 0.6296 0.6249 0.6526 0.6203 0.5972 0.6341 0.618 0.5996 0.5788 0.5649 0.5557 0.5327 0.5166 0.5119 0.4911 0.4727 0.4727 0.4566 0.4381 0.4334
0.069 0.5451 1.0 0.8284 0.8008 0.7686 0.8031 0.78 0.7593 0.7362 0.7178 0.704 0.6856 0.6649 0.6602 0.6464 0.6234 0.6211 0.6119 0.5889 0.5819 0.5773 0.5566 0.6398 0.6513 0.6791 0.6421 0.6306 0.656 0.6468 0.619 0.5889 0.5727 0.5588 0.531 0.5148 0.5079 0.4848 0.4686 0.4662 0.4477 0.4292 0.4246 0.6249 0.6526 0.6203 0.5972 0.6341 0.618 0.5996 0.5788 0.5649 0.5557 0.5327 0.5166 0.5119 0.4911 0.4727 0.4727 0.4566 0.4381 0.4334 0.4242
0.031 0.529 1.0 0.8008 0.7686 0.8031 0.78 0.7593 0.7362 0.7178 0.704 0.6856 0.6649 0.6602 0.6464 0.6234 0.6211 0.6119 0.5889 0.5819 0.5773 0.5566 0.5473 0.6513 0.6791 0.6421 0.6306 0.656 0.6468 0.619 0.5889 0.5727 0.5588 0.531 0.5148 0.5079 0.4848 0.4686 0.4662 0.4477 0.4292 0.4246 0.413 0.6526 0.6203 0.5972 0.6341 0.618 0.5996 0.5788 0.5649 0.5557 0.5327 0.5166 0.5119 0.4911 0.4727 0.4727 0.4566 0.4381 0.4334 0.4242 0.4034
0.0073 0.5151 1.0 0.7686 0.8031 0.78 0.7593 0.7362 0.7178 0.704 0.6856 0.6649 0.6602 0.6464 0.6234 0.6211 0.6119 0.5889 0.5819 0.5773 0.5566 0.5473 0.5451 0.6791 0.6421 0.6306 0.656 0.6468 0.619 0.5889 0.5727 0.5588 0.531 0.5148 0.5079 0.4848 0.4686 0.4662 0.4477 0.4292 0.4246 0.413 0.3944 0.6203 0.5972 0.6341 0.618 0.5996 0.5788 0.5649 0.5557 0.5327 0.5166 0.5119 0.4911 0.4727 0.4727 0.4566 0.4381 0.4334 0.4242 0.4034 0.3966
0.0537 0.5129 1.0 0.8031 0.78 0.7593 0.7362 0.7178 0.704 0.6856 0.6649 0.6602 0.6464 0.6234 0.6211 0.6119 0.5889 0.5819 0.5773 0.5566 0.5473 0.5451 0.529 0.6421 0.6306 0.656 0.6468 0.619 0.5889 0.5727 0.5588 0.531 0.5148 0.5079 0.4848 0.4686 0.4662 0.4477 0.4292 0.4246 0.413 0.3944 0.3899 0.5972 0.6341 0.618 0.5996 0.5788 0.5649 0.5557 0.5327 0.5166 0.5119 0.4911 0.4727 0.4727 0.4566 0.4381 0.4334 0.4242 0.4034 0.3966 0.3966
0.0463 0.5013 1.0 0.78 0.7593 0.7362 0.7178 0.704 0.6856 0.6649 0.6602 0.6464 0.6234 0.6211 0.6119 0.5889 0.5819 0.5773 0.5566 0.5473 0.5451 0.529 0.5151 0.6306 0.656 0.6468 0.619 0.5889 0.5727 0.5588 0.531 0.5148 0.5079 0.4848 0.4686 0.4662 0.4477 0.4292 0.4246 0.413 0.3944 0.3899 0.3806 0.6341 0.618 0.5996 0.5788 0.5649 0.5557 0.5327 0.5166 0.5119 0.4911 0.4727 0.4727 0.4566 0.4381 0.4334 0.4242 0.4034 0.3966 0.3966 0.3758
0.0073 0.4874 1.0 0.7593 0.7362 0.7178 0.704 0.6856 0.6649 0.6602 0.6464 0.6234 0.6211 0.6119 0.5889 0.5819 0.5773 0.5566 0.5473 0.5451 0.529 0.5151 0.5129 0.656 0.6468 0.619 0.5889 0.5727 0.5588 0.531 0.5148 0.5079 0.4848 0.4686 0.4662 0.4477 0.4292 0.4246 0.413 0.3944 0.3899 0.3806 0.3644 0.618 0.5996 0.5788 0.5649 0.5557 0.5327 0.5166 0.5119 0.4911 0.4727 0.4727 0.4566 0.4381 0.4334 0.4242 0.4034 0.3966 0.3966 0.3758 0.3689
0.0387 0.4829 1.0 0.7362 0.7178 0.704 0.6856 0.6649 0.6602 0.6464 0.6234 0.6211 0.6119 0.5889 0.5819 0.5773 0.5566 0.5473 0.5451 0.529 0.5151 0.5129 0.5013 0.6468 0.619 0.5889 0.5727 0.5588 0.531 0.5148 0.5079 0.4848 0.4686 0.4662 0.4477 0.4292 0.4246 0.413 0.3944 0.3899 0.3806 0.3644 0.3551 0.5996 0.5788 0.5649 0.5557 0.5327 0.5166 0.5119 0.4911 0.4727 0.4727 0.4566 0.4381 0.4334 0.4242 0.4034 0.3966 0.3966 0.3758 0.3689 0.3642
0.0463 0.4713 1.0 0.7178 0.704 0.6856 0.6649 0.6602 0.6464 0.6234 0.6211 0.6119 0.5889 0.5819 0.5773 0.5566 0.5473 0.5451 0.529 0.5151 0.5129 0.5013 0.4874 0.619 0.5889 0.5727 0.5588 0.531 0.5148 0.5079 0.4848 0.4686 0.4662 0.4477 0.4292 0.4246 0.413 0.3944 0.3899 0.3806 0.3644 0.3551 0.3506 0.5788 0.5649 0.5557 0.5327 0.5166 0.5119 0.4911 0.4727 0.4727 0.4566 0.4381 0.4334 0.4242 0.4034 0.3966 0.3966 0.3758 0.3689 0.3642 0.3504
0.015 0.4576 1.0 0.704 0.6856 0.6649 0.6602 0.6464 0.6234 0.6211 0.6119 0.5889 0.5819 0.5773 0.5566 0.5473 0.5451 0.529 0.5151 0.5129 0.5013 0.4874 0.4829 0.5889 0.5727 0.5588 0.531 0.5148 0.5079 0.4848 0.4686 0.4662 0.4477 0.4292 0.4246 0.413 0.3944 0.3899 0.3806 0.3644 0.3551 0.3506 0.3343 0.5649 0.5557 0.5327 0.5166 0.5119 0.4911 0.4727 0.4727 0.4566 0.4381 0.4334 0.4242 0.4034 0.3966 0.3966 0.3758 0.3689 0.3642 0.3504 0.3366
0.0387 0.4507 1.0 0.6856 0.6649 0.6602 0.6464 0.6234 0.6211 0.6119 0.5889 0.5819 0.5773 0.5566 0.5473 0.5451 0.529 0.5151 0.5129 0.5013 0.4874 0.4829 0.4713 0.5727 0.5588 0.531 0.5148 0.5079 0.4848 0.4686 0.4662 0.4477 0.4292 0.4246 0.413 0.3944 0.3899 0.3806 0.3644 0.3551 0.3506 0.3343 0.325 0.5557 0.5327 0.5166 0.5119 0.4911 0.4727 0.4727 0.4566 0.4381 0.4334 0.4242 0.4034 0.3966 0.3966 0.3758 0.3689 0.3642 0.3504 0.3366 0.332
0.0457 0.4438 1.0 0.6649 0.6602 0.6464 0.6234 0.6211 0.6119 0.5889 0.5819 0.5773 0.5566 0.5473 0.5451 0.529 0.5151 0.5129 0.5013 0.4874 0.4829 0.4713 0.4576 0.5588 0.531 0.5148 0.5079 0.4848 0.4686 0.4662 0.4477 0.4292 0.4246 0.413 0.3944 0.3899 0.3806 0.3644 0.3551 0.3506 0.3343 0.325 0.3181 0.5327 0.5166 0.5119 0.4911 0.4727 0.4727 0.4566 0.4381 0.4334 0.4242 0.4034 0.3966 0.3966 0.3758 0.3689 0.3642 0.3504 0.3366 0.332 0.3204
0.023 0.4322 1.0 0.6602 0.6464 0.6234 0.6211 0.6119 0.5889 0.5819 0.5773 0.5566 0.5473 0.5451 0.529 0.5151 0.5129 0.5013 0.4874 0.4829 0.4713 0.4576 0.4507 0.531 0.5148 0.5079 0.4848 0.4686 0.4662 0.4477 0.4292 0.4246 0.413 0.3944 0.3899 0.3806 0.3644 0.3551 0.3506 0.3343 0.325 0.3181 0.3066 0.5166 0.5119 0.4911 0.4727 0.4727 0.4566 0.4381 0.4334 0.4242 0.4034 0.3966 0.3966 0.3758 0.3689 0.3642 0.3504 0.3366 0.332 0.3204 0.3089
0.023 0.4253 1.0 0.6464 0.6234 0.6211 0.6119 0.5889 0.5819 0.5773 0.5566 0.5473 0.5451 0.529 0.5151 0.5129 0.5013 0.4874 0.4829 0.4713 0.4576 0.4507 0.4438 0.5148 0.5079 0.4848 0.4686 0.4662 0.4477 0.4292 0.4246 0.413 0.3944 0.3899 0.3806 0.3644 0.3551 0.3506 0.3343 0.325 0.3181 0.3066 0.2972 0.5119 0.4911 0.4727 0.4727 0.4566 0.4381 0.4334 0.4242 0.4034 0.3966 0.3966 0.3758 0.3689 0.3642 0.3504 0.3366 0.332 0.3204 0.3089 0.3043
0.0387 0.4207 1.0 0.6234 0.6211 0.6119 0.5889 0.5819 0.5773 0.5566 0.5473 0.5451 0.529 0.5151 0.5129 0.5013 0.4874 0.4829 0.4713 0.4576 0.4507 0.4438 0.4322 0.5079 0.4848 0.4686 0.4662 0.4477 0.4292 0.4246 0.413 0.3944 0.3899 0.3806 0.3644 0.3551 0.3506 0.3343 0.325 0.3181 0.3066 0.2972 0.2927 0.4911 0.4727 0.4727 0.4566 0.4381 0.4334 0.4242 0.4034 0.3966 0.3966 0.3758 0.3689 0.3642 0.3504 0.3366 0.332 0.3204 0.3089 0.3043 0.2951
0.023 0.4092 1.0 0.6211 0.6119 0.5889 0.5819 0.5773 0.5566 0.5473 0.5451 0.529 0.5151 0.5129 0.5013 0.4874 0.4829 0.4713 0.4576 0.4507 0.4438 0.4322 0.4253 0.4848 0.4686 0.4662 0.4477 0.4292 0.4246 0.413 0.3944 0.3899 0.3806 0.3644 0.3551 0.3506 0.3343 0.325 0.3181 0.3066 0.2972 0.2927 0.2833 0.4727 0.4727 0.4566 0.4381 0.4334 0.4242 0.4034 0.3966 0.3966 0.3758 0.3689 0.3642 0.3504 0.3366 0.332 0.3204 0.3089 0.3043 0.2951 0.2836
0.0153 0.4138 1.0 0.6119 0.5889 0.5819 0.5773 0.5566 0.5473 0.5451 0.529 0.5151 0.5129 0.5013 0.4874 0.4829 0.4713 0.4576 0.4507 0.4438 0.4322 0.4253 0.4207 0.4686 0.4662 0.4477 0.4292 0.4246 0.413 0.3944 0.3899 0.3806 0.3644 0.3551 0.3506 0.3343 0.325 0.3181 0.3066 0.2972 0.2927 0.2833 0.2741 0.4727 0.4566 0.4381 0.4334 0.4242 0.4034 0.3966 0.3966 0.3758 0.3689 0.3642 0.3504 0.3366 0.332 0.3204 0.3089 0.3043 0.2951 0.2836 0.2789
0.0383 0.4138 1.0 0.5889 0.5819 0.5773 0.5566 0.5473 0.5451 0.529 0.5151 0.5129 0.5013 0.4874 0.4829 0.4713 0.4576 0.4507 0.4438 0.4322 0.4253 0.4207 0.4092 0.4662 0.4477 0.4292 0.4246 0.413 0.3944 0.3899 0.3806 0.3644 0.3551 0.3506 0.3343 0.325 0.3181 0.3066 0.2972 0.2927 0.2833 0.2741 0.2672 0.4566 0.4381 0.4334 0.4242 0.4034 0.3966 0.3966 0.3758 0.3689 0.3642 0.3504 0.3366 0.332 0.3204 0.3089 0.3043 0.2951 0.2836 0.2789 0.2697
0.0153 0.4092 1.0 0.5819 0.5773 0.5566 0.5473 0.5451 0.529 0.5151 0.5129 0.5013 0.4874 0.4829 0.4713 0.4576 0.4507 0.4438 0.4322 0.4253 0.4207 0.4092 0.4138 0.4477 0.4292 0.4246 0.413 0.3944 0.3899 0.3806 0.3644 0.3551 0.3506 0.3343 0.325 0.3181 0.3066 0.2972 0.2927 0.2833 0.2741 0.2672 0.2579 0.4381 0.4334 0.4242 0.4034 0.3966 0.3966 0.3758 0.3689 0.3642 0.3504 0.3366 0.332 0.3204 0.3089 0.3043 0.2951 0.2836 0.2789 0.2697 0.272
0.0 0.5082 1.0 0.5773 0.5566 0.5473 0.5451 0.529 0.5151 0.5129 0.5013 0.4874 0.4829 0.4713 0.4576 0.4507 0.4438 0.4322 0.4253 0.4207 0.4092 0.4138 0.4138 0.4292 0.4246 0.413 0.3944 0.3899 0.3806 0.3644 0.3551 0.3506 0.3343 0.325 0.3181 0.3066 0.2972 0.2927 0.2833 0.2741 0.2672 0.2579 0.2996 0.4334 0.4242 0.4034 0.3966 0.3966 0.3758 0.3689 0.3642 0.3504 0.3366 0.332 0.3204 0.3089 0.3043 0.2951 0.2836 0.2789 0.2697 0.272 0.3458
0.0153 0.5037 1.0 0.5566 0.5473 0.5451 0.529 0.5151 0.5129 0.5013 0.4874 0.4829 0.4713 0.4576 0.4507 0.4438 0.4322 0.4253 0.4207 0.4092 0.4138 0.4138 0.4092 0.4246 0.413 0.3944 0.3899 0.3806 0.3644 0.3551 0.3506 0.3343 0.325 0.3181 0.3066 0.2972 0.2927 0.2833 0.2741 0.2672 0.2579 0.2996 0.332 0.4242 0.4034 0.3966 0.3966 0.3758 0.3689 0.3642 0.3504 0.3366 0.332 0.3204 0.3089 0.3043 0.2951 0.2836 0.2789 0.2697 0.272 0.3458 0.3158
0.33 0.4806 1.0 0.5473 0.5451 0.529 0.5151 0.5129 0.5013 0.4874 0.4829 0.4713 0.4576 0.4507 0.4438 0.4322 0.4253 0.4207 0.4092 0.4138 0.4138 0.4092 0.5082 0.413 0.3944 0.3899 0.3806 0.3644 0.3551 0.3506 0.3343 0.325 0.3181 0.3066 0.2972 0.2927 0.2833 0.2741 0.2672 0.2579 0.2996 0.332 0.3089 0.4034 0.3966 0.3966 0.3758 0.3689 0.3642 0.3504 0.3366 0.332 0.3204 0.3089 0.3043 0.2951 0.2836 0.2789 0.2697 0.272 0.3458 0.3158 0.3158
0.015 0.5543 1.0 0.5451 0.529 0.5151 0.5129 0.5013 0.4874 0.4829 0.4713 0.4576 0.4507 0.4438 0.4322 0.4253 0.4207 0.4092 0.4138 0.4138 0.4092 0.5082 0.5037 0.3944 0.3899 0.3806 0.3644 0.3551 0.3506 0.3343 0.325 0.3181 0.3066 0.2972 0.2927 0.2833 0.2741 0.2672 0.2579 0.2996 0.332 0.3089 0.332 0.3966 0.3966 0.3758 0.3689 0.3642 0.3504 0.3366 0.332 0.3204 0.3089 0.3043 0.2951 0.2836 0.2789 0.2697 0.272 0.3458 0.3158 0.3158 0.3966
0.077 0.5658 1.0 0.529 0.5151 0.5129 0.5013 0.4874 0.4829 0.4713 0.4576 0.4507 0.4438 0.4322 0.4253 0.4207 0.4092 0.4138 0.4138 0.4092 0.5082 0.5037 0.4806 0.3899 0.3806 0.3644 0.3551 0.3506 0.3343 0.325 0.3181 0.3066 0.2972 0.2927 0.2833 0.2741 0.2672 0.2579 0.2996 0.332 0.3089 0.332 0.3829 0.3966 0.3758 0.3689 0.3642 0.3504 0.3366 0.332 0.3204 0.3089 0.3043 0.2951 0.2836 0.2789 0.2697 0.272 0.3458 0.3158 0.3158 0.3966 0.362
0.2457 0.529 1.0 0.5151 0.5129 0.5013 0.4874 0.4829 0.4713 0.4576 0.4507 0.4438 0.4322 0.4253 0.4207 0.4092 0.4138 0.4138 0.4092 0.5082 0.5037 0.4806 0.5543 0.3806 0.3644 0.3551 0.3506 0.3343 0.325 0.3181 0.3066 0.2972 0.2927 0.2833 0.2741 0.2672 0.2579 0.2996 0.332 0.3089 0.332 0.3829 0.3528 0.3758 0.3689 0.3642 0.3504 0.3366 0.332 0.3204 0.3089 0.3043 0.2951 0.2836 0.2789 0.2697 0.272 0.3458 0.3158 0.3158 0.3966 0.362 0.3412
0.0383 0.5704 1.0 0.5129 0.5013 0.4874 0.4829 0.4713 0.4576 0.4507 0.4438 0.4322 0.4253 0.4207 0.4092 0.4138 0.4138 0.4092 0.5082 0.5037 0.4806 0.5543 0.5658 0.3644 0.3551 0.3506 0.3343 0.325 0.3181 0.3066 0.2972 0.2927 0.2833 0.2741 0.2672 0.2579 0.2996 0.332 0.3089 0.332 0.3829 0.3528 0.3506 0.3689 0.3642 0.3504 0.3366 0.332 0.3204 0.3089 0.3043 0.2951 0.2836 0.2789 0.2697 0.272 0.3458 0.3158 0.3158 0.3966 0.362 0.3412 0.4242
0.1227 0.6096 1.0 0.5013 0.4874 0.4829 0.4713 0.4576 0.4507 0.4438 0.4322 0.4253 0.4207 0.4092 0.4138 0.4138 0.4092 0.5082 0.5037 0.4806 0.5543 0.5658 0.529 0.3551 0.3506 0.3343 0.325 0.3181 0.3066 0.2972 0.2927 0.2833 0.2741 0.2672 0.2579 0.2996 0.332 0.3089 0.332 0.3829 0.3528 0.3506 0.4246 0.3642 0.3504 0.3366 0.332 0.3204 0.3089 0.3043 0.2951 0.2836 0.2789 0.2697 0.272 0.3458 0.3158 0.3158 0.3966 0.362 0.3412 0.4242 0.4012
0.138 0.5681 1.0 0.4874 0.4829 0.4713 0.4576 0.4507 0.4438 0.4322 0.4253 0.4207 0.4092 0.4138 0.4138 0.4092 0.5082 0.5037 0.4806 0.5543 0.5658 0.529 0.5704 0.3506 0.3343 0.325 0.3181 0.3066 0.2972 0.2927 0.2833 0.2741 0.2672 0.2579 0.2996 0.332 0.3089 0.332 0.3829 0.3528 0.3506 0.4246 0.3921 0.3504 0.3366 0.332 0.3204 0.3089 0.3043 0.2951 0.2836 0.2789 0.2697 0.272 0.3458 0.3158 0.3158 0.3966 0.362 0.3412 0.4242 0.4012 0.3712
0.1307 0.575 1.0 0.4829 0.4713 0.4576 0.4507 0.4438 0.4322 0.4253 0.4207 0.4092 0.4138 0.4138 0.4092 0.5082 0.5037 0.4806 0.5543 0.5658 0.529 0.5704 0.6096 0.3343 0.325 0.3181 0.3066 0.2972 0.2927 0.2833 0.2741 0.2672 0.2579 0.2996 0.332 0.3089 0.332 0.3829 0.3528 0.3506 0.4246 0.3921 0.369 0.3366 0.332 0.3204 0.3089 0.3043 0.2951 0.2836 0.2789 0.2697 0.272 0.3458 0.3158 0.3158 0.3966 0.362 0.3412 0.4242 0.4012 0.3712 0.4311
0.1383 0.6488 1.0 0.4713 0.4576 0.4507 0.4438 0.4322 0.4253 0.4207 0.4092 0.4138 0.4138 0.4092 0.5082 0.5037 0.4806 0.5543 0.5658 0.529 0.5704 0.6096 0.5681 0.325 0.3181 0.3066 0.2972 0.2927 0.2833 0.2741 0.2672 0.2579 0.2996 0.332 0.3089 0.332 0.3829 0.3528 0.3506 0.4246 0.3921 0.369 0.4431 0.332 0.3204 0.3089 0.3043 0.2951 0.2836 0.2789 0.2697 0.272 0.3458 0.3158 0.3158 0.3966 0.362 0.3412 0.4242 0.4012 0.3712 0.4311 0.4358
0.023 0.6072 1.0 0.4576 0.4507 0.4438 0.4322 0.4253 0.4207 0.4092 0.4138 0.4138 0.4092 0.5082 0.5037 0.4806 0.5543 0.5658 0.529 0.5704 0.6096 0.5681 0.575 0.3181 0.3066 0.2972 0.2927 0.2833 0.2741 0.2672 0.2579 0.2996 0.332 0.3089 0.332 0.3829 0.3528 0.3506 0.4246 0.3921 0.369 0.4431 0.4316 0.3204 0.3089 0.3043 0.2951 0.2836 0.2789 0.2697 0.272 0.3458 0.3158 0.3158 0.3966 0.362 0.3412 0.4242 0.4012 0.3712 0.4311 0.4358 0.3989
0.246 0.5842 1.0 0.4507 0.4438 0.4322 0.4253 0.4207 0.4092 0.4138 0.4138 0.4092 0.5082 0.5037 0.4806 0.5543 0.5658 0.529 0.5704 0.6096 0.5681 0.575 0.6488 0.3066 0.2972 0.2927 0.2833 0.2741 0.2672 0.2579 0.2996 0.332 0.3089 0.332 0.3829 0.3528 0.3506 0.4246 0.3921 0.369 0.4431 0.4316 0.4014 0.3089 0.3043 0.2951 0.2836 0.2789 0.2697 0.272 0.3458 0.3158 0.3158 0.3966 0.362 0.3412 0.4242 0.4012 0.3712 0.4311 0.4358 0.3989 0.4266
0.1387 0.6649 1.0 0.4438 0.4322 0.4253 0.4207 0.4092 0.4138 0.4138 0.4092 0.5082 0.5037 0.4806 0.5543 0.5658 0.529 0.5704 0.6096 0.5681 0.575 0.6488 0.6072 0.2972 0.2927 0.2833 0.2741 0.2672 0.2579 0.2996 0.332 0.3089 0.332 0.3829 0.3528 0.3506 0.4246 0.3921 0.369 0.4431 0.4316 0.4014 0.4523 0.3043 0.2951 0.2836 0.2789 0.2697 0.272 0.3458 0.3158 0.3158 0.3966 0.362 0.3412 0.4242 0.4012 0.3712 0.4311 0.4358 0.3989 0.4266 0.4727
0.0767 0.6396 1.0 0.4322 0.4253 0.4207 0.4092 0.4138 0.4138 0.4092 0.5082 0.5037 0.4806 0.5543 0.5658 0.529 0.5704 0.6096 0.5681 0.575 0.6488 0.6072 0.5842 0.2927 0.2833 0.2741 0.2672 0.2579 0.2996 0.332 0.3089 0.332 0.3829 0.3528 0.3506 0.4246 0.3921 0.369 0.4431 0.4316 0.4014 0.4523 0.4778 0.2951 0.2836 0.2789 0.2697 0.272 0.3458 0.3158 0.3158 0.3966 0.362 0.3412 0.4242 0.4012 0.3712 0.4311 0.4358 0.3989 0.4266 0.4727 0.4334
0.269 0.6096 1.0 0.4253 0.4207 0.4092 0.4138 0.4138 0.4092 0.5082 0.5037 0.4806 0.5543 0.5658 0.529 0.5704 0.6096 0.5681 0.575 0.6488 0.6072 0.5842 0.6649 0.2833 0.2741 0.2672 0.2579 0.2996 0.332 0.3089 0.332 0.3829 0.3528 0.3506 0.4246 0.3921 0.369 0.4431 0.4316 0.4014 0.4523 0.4778 0.4431 0.2836 0.2789 0.2697 0.272 0.3458 0.3158 0.3158 0.3966 0.362 0.3412 0.4242 0.4012 0.3712 0.4311 0.4358 0.3989 0.4266 0.4727 0.4334 0.4266
0.0843 0.6418 1.0 0.4207 0.4092 0.4138 0.4138 0.4092 0.5082 0.5037 0.4806 0.5543 0.5658 0.529 0.5704 0.6096 0.5681 0.575 0.6488 0.6072 0.5842 0.6649 0.6396 0.2741 0.2672 0.2579 0.2996 0.332 0.3089 0.332 0.3829 0.3528 0.3506 0.4246 0.3921 0.369 0.4431 0.4316 0.4014 0.4523 0.4778 0.4431 0.457 0.2789 0.2697 0.272 0.3458 0.3158 0.3158 0.3966 0.362 0.3412 0.4242 0.4012 0.3712 0.4311 0.4358 0.3989 0.4266 0.4727 0.4334 0.4266 0.4958
0.1 0.6649 1.0 0.4092 0.4138 0.4138 0.4092 0.5082 0.5037 0.4806 0.5543 0.5658 0.529 0.5704 0.6096 0.5681 0.575 0.6488 0.6072 0.5842 0.6649 0.6396 0.6096 0.2672 0.2579 0.2996 0.332 0.3089 0.332 0.3829 0.3528 0.3506 0.4246 0.3921 0.369 0.4431 0.4316 0.4014 0.4523 0.4778 0.4431 0.457 0.5079 0.2697 0.272 0.3458 0.3158 0.3158 0.3966 0.362 0.3412 0.4242 0.4012 0.3712 0.4311 0.4358 0.3989 0.4266 0.4727 0.4334 0.4266 0.4958 0.4658
0.1073 0.6326 1.0 0.4138 0.4138 0.4092 0.5082 0.5037 0.4806 0.5543 0.5658 0.529 0.5704 0.6096 0.5681 0.575 0.6488 0.6072 0.5842 0.6649 0.6396 0.6096 0.6418 0.2579 0.2996 0.332 0.3089 0.332 0.3829 0.3528 0.3506 0.4246 0.3921 0.369 0.4431 0.4316 0.4014 0.4523 0.4778 0.4431 0.457 0.5079 0.4778 0.272 0.3458 0.3158 0.3158 0.3966 0.362 0.3412 0.4242 0.4012 0.3712 0.4311 0.4358 0.3989 0.4266 0.4727 0.4334 0.4266 0.4958 0.4658 0.4496
0.077 0.6349 1.0 0.4138 0.4092 0.5082 0.5037 0.4806 0.5543 0.5658 0.529 0.5704 0.6096 0.5681 0.575 0.6488 0.6072 0.5842 0.6649 0.6396 0.6096 0.6418 0.6649 0.2996 0.332 0.3089 0.332 0.3829 0.3528 0.3506 0.4246 0.3921 0.369 0.4431 0.4316 0.4014 0.4523 0.4778 0.4431 0.457 0.5079 0.4778 0.4686 0.3458 0.3158 0.3158 0.3966 0.362 0.3412 0.4242 0.4012 0.3712 0.4311 0.4358 0.3989 0.4266 0.4727 0.4334 0.4266 0.4958 0.4658 0.4496 0.4819
0.1077 0.6787 1.0 0.4092 0.5082 0.5037 0.4806 0.5543 0.5658 0.529 0.5704 0.6096 0.5681 0.575 0.6488 0.6072 0.5842 0.6649 0.6396 0.6096 0.6418 0.6649 0.6326 0.332 0.3089 0.332 0.3829 0.3528 0.3506 0.4246 0.3921 0.369 0.4431 0.4316 0.4014 0.4523 0.4778 0.4431 0.457 0.5079 0.4778 0.4686 0.5264 0.3158 0.3158 0.3966 0.362 0.3412 0.4242 0.4012 0.3712 0.4311 0.4358 0.3989 0.4266 0.4727 0.4334 0.4266 0.4958 0.4658 0.4496 0.4819 0.4911
0.0077 0.6718 1.0 0.5082 0.5037 0.4806 0.5543 0.5658 0.529 0.5704 0.6096 0.5681 0.575 0.6488 0.6072 0.5842 0.6649 0.6396 0.6096 0.6418 0.6649 0.6326 0.6349 0.3089 0.332 0.3829 0.3528 0.3506 0.4246 0.3921 0.369 0.4431 0.4316 0.4014 0.4523 0.4778 0.4431 0.457 0.5079 0.4778 0.4686 0.5264 0.5126 0.3158 0.3966 0.362 0.3412 0.4242 0.4012 0.3712 0.4311 0.4358 0.3989 0.4266 0.4727 0.4334 0.4266 0.4958 0.4658 0.4496 0.4819 0.4911 0.475
0.146 0.6694 1.0 0.5037 0.4806 0.5543 0.5658 0.529 0.5704 0.6096 0.5681 0.575 0.6488 0.6072 0.5842 0.6649 0.6396 0.6096 0.6418 0.6649 0.6326 0.6349 0.6787 0.332 0.3829 0.3528 0.3506 0.4246 0.3921 0.369 0.4431 0.4316 0.4014 0.4523 0.4778 0.4431 0.457 0.5079 0.4778 0.4686 0.5264 0.5126 0.494 0.3966 0.362 0.3412 0.4242 0.4012 0.3712 0.4311 0.4358 0.3989 0.4266 0.4727 0.4334 0.4266 0.4958 0.4658 0.4496 0.4819 0.4911 0.475 0.4934
0.023 0.7087 1.0 0.4806 0.5543 0.5658 0.529 0.5704 0.6096 0.5681 0.575 0.6488 0.6072 0.5842 0.6649 0.6396 0.6096 0.6418 0.6649 0.6326 0.6349 0.6787 0.6718 0.3829 0.3528 0.3506 0.4246 0.3921 0.369 0.4431 0.4316 0.4014 0.4523 0.4778 0.4431 0.457 0.5079 0.4778 0.4686 0.5264 0.5126 0.494 0.5194 0.362 0.3412 0.4242 0.4012 0.3712 0.4311 0.4358 0.3989 0.4266 0.4727 0.4334 0.4266 0.4958 0.4658 0.4496 0.4819 0.4911 0.475 0.4934 0.5303
0.008 0.734 1.0 0.5543 0.5658 0.529 0.5704 0.6096 0.5681 0.575 0.6488 0.6072 0.5842 0.6649 0.6396 0.6096 0.6418 0.6649 0.6326 0.6349 0.6787 0.6718 0.6694 0.3528 0.3506 0.4246 0.3921 0.369 0.4431 0.4316 0.4014 0.4523 0.4778 0.4431 0.457 0.5079 0.4778 0.4686 0.5264 0.5126 0.494 0.5194 0.575 0.3412 0.4242 0.4012 0.3712 0.4311 0.4358 0.3989 0.4266 0.4727 0.4334 0.4266 0.4958 0.4658 0.4496 0.4819 0.4911 0.475 0.4934 0.5303 0.5096
0.131 0.7109 1.0 0.5658 0.529 0.5704 0.6096 0.5681 0.575 0.6488 0.6072 0.5842 0.6649 0.6396 0.6096 0.6418 0.6649 0.6326 0.6349 0.6787 0.6718 0.6694 0.7087 0.3506 0.4246 0.3921 0.369 0.4431 0.4316 0.4014 0.4523 0.4778 0.4431 0.457 0.5079 0.4778 0.4686 0.5264 0.5126 0.494 0.5194 0.575 0.5426 0.4242 0.4012 0.3712 0.4311 0.4358 0.3989 0.4266 0.4727 0.4334 0.4266 0.4958 0.4658 0.4496 0.4819 0.4911 0.475 0.4934 0.5303 0.5096 0.5166
0.0843 0.7178 1.0 0.529 0.5704 0.6096 0.5681 0.575 0.6488 0.6072 0.5842 0.6649 0.6396 0.6096 0.6418 0.6649 0.6326 0.6349 0.6787 0.6718 0.6694 0.7087 0.734 0.4246 0.3921 0.369 0.4431 0.4316 0.4014 0.4523 0.4778 0.4431 0.457 0.5079 0.4778 0.4686 0.5264 0.5126 0.494 0.5194 0.575 0.5426 0.5426 0.4012 0.3712 0.4311 0.4358 0.3989 0.4266 0.4727 0.4334 0.4266 0.4958 0.4658 0.4496 0.4819 0.4911 0.475 0.4934 0.5303 0.5096 0.5166 0.5627
0.077 0.7847 1.0 0.5704 0.6096 0.5681 0.575 0.6488 0.6072 0.5842 0.6649 0.6396 0.6096 0.6418 0.6649 0.6326 0.6349 0.6787 0.6718 0.6694 0.7087 0.734 0.7109 0.3921 0.369 0.4431 0.4316 0.4014 0.4523 0.4778 0.4431 0.457 0.5079 0.4778 0.4686 0.5264 0.5126 0.494 0.5194 0.575 0.5426 0.5426 0.5959 0.3712 0.4311 0.4358 0.3989 0.4266 0.4727 0.4334 0.4266 0.4958 0.4658 0.4496 0.4819 0.4911 0.475 0.4934 0.5303 0.5096 0.5166 0.5627 0.5764
0.023 0.7501 1.0 0.6096 0.5681 0.575 0.6488 0.6072 0.5842 0.6649 0.6396 0.6096 0.6418 0.6649 0.6326 0.6349 0.6787 0.6718 0.6694 0.7087 0.734 0.7109 0.7178 0.369 0.4431 0.4316 0.4014 0.4523 0.4778 0.4431 0.457 0.5079 0.4778 0.4686 0.5264 0.5126 0.494 0.5194 0.575 0.5426 0.5426 0.5959 0.5866 0.4311 0.4358 0.3989 0.4266 0.4727 0.4334 0.4266 0.4958 0.4658 0.4496 0.4819 0.4911 0.475 0.4934 0.5303 0.5096 0.5166 0.5627 0.5764 0.5557
0.223 0.7409 1.0 0.5681 0.575 0.6488 0.6072 0.5842 0.6649 0.6396 0.6096 0.6418 0.6649 0.6326 0.6349 0.6787 0.6718 0.6694 0.7087 0.734 0.7109 0.7178 0.7847 0.4431 0.4316 0.4014 0.4523 0.4778 0.4431 0.457 0.5079 0.4778 0.4686 0.5264 0.5126 0.494 0.5194 0.575 0.5426 0.5426 0.5959 0.5866 0.575 0.4358 0.3989 0.4266 0.4727 0.4334 0.4266 0.4958 0.4658 0.4496 0.4819 0.4911 0.475 0.4934 0.5303 0.5096 0.5166 0.5627 0.5764 0.5557 0.5811
0.1153 0.8031 1.0 0.575 0.6488 0.6072 0.5842 0.6649 0.6396 0.6096 0.6418 0.6649 0.6326 0.6349 0.6787 0.6718 0.6694 0.7087 0.734 0.7109 0.7178 0.7847 0.7501 0.4316 0.4014 0.4523 0.4778 0.4431 0.457 0.5079 0.4778 0.4686 0.5264 0.5126 0.494 0.5194 0.575 0.5426 0.5426 0.5959 0.5866 0.575 0.6028 0.3989 0.4266 0.4727 0.4334 0.4266 0.4958 0.4658 0.4496 0.4819 0.4911 0.475 0.4934 0.5303 0.5096 0.5166 0.5627 0.5764 0.5557 0.5811 0.6226
0.0307 0.7686 1.0 0.6488 0.6072 0.5842 0.6649 0.6396 0.6096 0.6418 0.6649 0.6326 0.6349 0.6787 0.6718 0.6694 0.7087 0.734 0.7109 0.7178 0.7847 0.7501 0.7409 0.4014 0.4523 0.4778 0.4431 0.457 0.5079 0.4778 0.4686 0.5264 0.5126 0.494 0.5194 0.575 0.5426 0.5426 0.5959 0.5866 0.575 0.6028 0.612 0.4266 0.4727 0.4334 0.4266 0.4958 0.4658 0.4496 0.4819 0.4911 0.475 0.4934 0.5303 0.5096 0.5166 0.5627 0.5764 0.5557 0.5811 0.6226 0.5857
0.2073 0.7501 1.0 0.6072 0.5842 0.6649 0.6396 0.6096 0.6418 0.6649 0.6326 0.6349 0.6787 0.6718 0.6694 0.7087 0.734 0.7109 0.7178 0.7847 0.7501 0.7409 0.8031 0.4523 0.4778 0.4431 0.457 0.5079 0.4778 0.4686 0.5264 0.5126 0.494 0.5194 0.575 0.5426 0.5426 0.5959 0.5866 0.575 0.6028 0.612 0.5889 0.4727 0.4334 0.4266 0.4958 0.4658 0.4496 0.4819 0.4911 0.475 0.4934 0.5303 0.5096 0.5166 0.5627 0.5764 0.5557 0.5811 0.6226 0.5857 0.5949
0.115 0.8077 1.0 0.5842 0.6649 0.6396 0.6096 0.6418 0.6649 0.6326 0.6349 0.6787 0.6718 0.6694 0.7087 0.734 0.7109 0.7178 0.7847 0.7501 0.7409 0.8031 0.7686 0.4778 0.4431 0.457 0.5079 0.4778 0.4686 0.5264 0.5126 0.494 0.5194 0.575 0.5426 0.5426 0.5959 0.5866 0.575 0.6028 0.612 0.5889 0.6028 0.4334 0.4266 0.4958 0.4658 0.4496 0.4819 0.4911 0.475 0.4934 0.5303 0.5096 0.5166 0.5627 0.5764 0.5557 0.5811 0.6226 0.5857 0.5949 0.648
0.0617 0.7892 1.0 0.6649 0.6396 0.6096 0.6418 0.6649 0.6326 0.6349 0.6787 0.6718 0.6694 0.7087 0.734 0.7109 0.7178 0.7847 0.7501 0.7409 0.8031 0.7686 0.7501 0.4431 0.457 0.5079 0.4778 0.4686 0.5264 0.5126 0.494 0.5194 0.575 0.5426 0.5426 0.5959 0.5866 0.575 0.6028 0.612 0.5889 0.6028 0.6259 0.4266 0.4958 0.4658 0.4496 0.4819 0.4911 0.475 0.4934 0.5303 0.5096 0.5166 0.5627 0.5764 0.5557 0.5811 0.6226 0.5857 0.5949 0.648 0.6041
0.192 0.7686 1.0 0.6396 0.6096 0.6418 0.6649 0.6326 0.6349 0.6787 0.6718 0.6694 0.7087 0.734 0.7109 0.7178 0.7847 0.7501 0.7409 0.8031 0.7686 0.7501 0.8077 0.457 0.5079 0.4778 0.4686 0.5264 0.5126 0.494 0.5194 0.575 0.5426 0.5426 0.5959 0.5866 0.575 0.6028 0.612 0.5889 0.6028 0.6259 0.6004 0.4958 0.4658 0.4496 0.4819 0.4911 0.475 0.4934 0.5303 0.5096 0.5166 0.5627 0.5764 0.5557 0.5811 0.6226 0.5857 0.5949 0.648 0.6041 0.5996
0.0617 0.8261 1.0 0.6096 0.6418 0.6649 0.6326 0.6349 0.6787 0.6718 0.6694 0.7087 0.734 0.7109 0.7178 0.7847 0.7501 0.7409 0.8031 0.7686 0.7501 0.8077 0.7892 0.5079 0.4778 0.4686 0.5264 0.5126 0.494 0.5194 0.575 0.5426 0.5426 0.5959 0.5866 0.575 0.6028 0.612 0.5889 0.6028 0.6259 0.6004 0.6098 0.4658 0.4496 0.4819 0.4911 0.475 0.4934 0.5303 0.5096 0.5166 0.5627 0.5764 0.5557 0.5811 0.6226 0.5857 0.5949 0.648 0.6041 0.5996 0.6526
0.0687 0.8169 1.0 0.6418 0.6649 0.6326 0.6349 0.6787 0.6718 0.6694 0.7087 0.734 0.7109 0.7178 0.7847 0.7501 0.7409 0.8031 0.7686 0.7501 0.8077 0.7892 0.7686 0.4778 0.4686 0.5264 0.5126 0.494 0.5194 0.575 0.5426 0.5426 0.5959 0.5866 0.575 0.6028 0.612 0.5889 0.6028 0.6259 0.6004 0.6098 0.6491 0.4496 0.4819 0.4911 0.475 0.4934 0.5303 0.5096 0.5166 0.5627 0.5764 0.5557 0.5811 0.6226 0.5857 0.5949 0.648 0.6041 0.5996 0.6526 0.6133
0.1917 0.7892 1.0 0.6649 0.6326 0.6349 0.6787 0.6718 0.6694 0.7087 0.734 0.7109 0.7178 0.7847 0.7501 0.7409 0.8031 0.7686 0.7501 0.8077 0.7892 0.7686 0.8261 0.4686 0.5264 0.5126 0.494 0.5194 0.575 0.5426 0.5426 0.5959 0.5866 0.575 0.6028 0.612 0.5889 0.6028 0.6259 0.6004 0.6098 0.6491 0.6213 0.4819 0.4911 0.475 0.4934 0.5303 0.5096 0.5166 0.5627 0.5764 0.5557 0.5811 0.6226 0.5857 0.5949 0.648 0.6041 0.5996 0.6526 0.6133 0.5972
0.0307 0.833 1.0 0.6326 0.6349 0.6787 0.6718 0.6694 0.7087 0.734 0.7109 0.7178 0.7847 0.7501 0.7409 0.8031 0.7686 0.7501 0.8077 0.7892 0.7686 0.8261 0.8169 0.5264 0.5126 0.494 0.5194 0.575 0.5426 0.5426 0.5959 0.5866 0.575 0.6028 0.612 0.5889 0.6028 0.6259 0.6004 0.6098 0.6491 0.6213 0.6236 0.4911 0.475 0.4934 0.5303 0.5096 0.5166 0.5627 0.5764 0.5557 0.5811 0.6226 0.5857 0.5949 0.648 0.6041 0.5996 0.6526 0.6133 0.5972 0.6641
0.0923 0.8376 1.0 0.6349 0.6787 0.6718 0.6694 0.7087 0.734 0.7109 0.7178 0.7847 0.7501 0.7409 0.8031 0.7686 0.7501 0.8077 0.7892 0.7686 0.8261 0.8169 0.7892 0.5126 0.494 0.5194 0.575 0.5426 0.5426 0.5959 0.5866 0.575 0.6028 0.612 0.5889 0.6028 0.6259 0.6004 0.6098 0.6491 0.6213 0.6236 0.6746 0.475 0.4934 0.5303 0.5096 0.5166 0.5627 0.5764 0.5557 0.5811 0.6226 0.5857 0.5949 0.648 0.6041 0.5996 0.6526 0.6133 0.5972 0.6641 0.6319
0.146 0.8008 1.0 0.6787 0.6718 0.6694 0.7087 0.734 0.7109 0.7178 0.7847 0.7501 0.7409 0.8031 0.7686 0.7501 0.8077 0.7892 0.7686 0.8261 0.8169 0.7892 0.833 0.494 0.5194 0.575 0.5426 0.5426 0.5959 0.5866 0.575 0.6028 0.612 0.5889 0.6028 0.6259 0.6004 0.6098 0.6491 0.6213 0.6236 0.6746 0.6421 0.4934 0.5303 0.5096 0.5166 0.5627 0.5764 0.5557 0.5811 0.6226 0.5857 0.5949 0.648 0.6041 0.5996 0.6526 0.6133 0.5972 0.6641 0.6319 0.6157
0.0153 0.8284 1.0 0.6718 0.6694 0.7087 0.734 0.7109 0.7178 0.7847 0.7501 0.7409 0.8031 0.7686 0.7501 0.8077 0.7892 0.7686 0.8261 0.8169 0.7892 0.833 0.8376 0.5194 0.575 0.5426 0.5426 0.5959 0.5866 0.575 0.6028 0.612 0.5889 0.6028 0.6259 0.6004 0.6098 0.6491 0.6213 0.6236 0.6746 0.6421 0.6329 0.5303 0.5096 0.5166 0.5627 0.5764 0.5557 0.5811 0.6226 0.5857 0.5949 0.648 0.6041 0.5996 0.6526 0.6133 0.5972 0.6641 0.6319 0.6157 0.6826
0.1227 0.8583 1.0 0.6694 0.7087 0.734 0.7109 0.7178 0.7847 0.7501 0.7409 0.8031 0.7686 0.7501 0.8077 0.7892 0.7686 0.8261 0.8169 0.7892 0.833 0.8376 0.8008 0.575 0.5426 0.5426 0.5959 0.5866 0.575 0.6028 0.612 0.5889 0.6028 0.6259 0.6004 0.6098 0.6491 0.6213 0.6236 0.6746 0.6421 0.6329 0.6884 0.5096 0.5166 0.5627 0.5764 0.5557 0.5811 0.6226 0.5857 0.5949 0.648 0.6041 0.5996 0.6526 0.6133 0.5972 0.6641 0.6319 0.6157 0.6826 0.6641
0.092 0.8146 1.0 0.7087 0.734 0.7109 0.7178 0.7847 0.7501 0.7409 0.8031 0.7686 0.7501 0.8077 0.7892 0.7686 0.8261 0.8169 0.7892 0.833 0.8376 0.8008 0.8284 0.5426 0.5426 0.5959 0.5866 0.575 0.6028 0.612 0.5889 0.6028 0.6259 0.6004 0.6098 0.6491 0.6213 0.6236 0.6746 0.6421 0.6329 0.6884 0.656 0.5166 0.5627 0.5764 0.5557 0.5811 0.6226 0.5857 0.5949 0.648 0.6041 0.5996 0.6526 0.6133 0.5972 0.6641 0.6319 0.6157 0.6826 0.6641 0.6388
0.0997 0.8284 1.0 0.734 0.7109 0.7178 0.7847 0.7501 0.7409 0.8031 0.7686 0.7501 0.8077 0.7892 0.7686 0.8261 0.8169 0.7892 0.833 0.8376 0.8008 0.8284 0.8583 0.5426 0.5959 0.5866 0.575 0.6028 0.612 0.5889 0.6028 0.6259 0.6004 0.6098 0.6491 0.6213 0.6236 0.6746 0.6421 0.6329 0.6884 0.656 0.6421 0.5627 0.5764 0.5557 0.5811 0.6226 0.5857 0.5949 0.648 0.6041 0.5996 0.6526 0.6133 0.5972 0.6641 0.6319 0.6157 0.6826 0.6641 0.6388 0.6941
0.1457 0.8837 1.0 0.7109 0.7178 0.7847 0.7501 0.7409 0.8031 0.7686 0.7501 0.8077 0.7892 0.7686 0.8261 0.8169 0.7892 0.833 0.8376 0.8008 0.8284 0.8583 0.8146 0.5959 0.5866 0.575 0.6028 0.612 0.5889 0.6028 0.6259 0.6004 0.6098 0.6491 0.6213 0.6236 0.6746 0.6421 0.6329 0.6884 0.656 0.6421 0.7 0.5764 0.5557 0.5811 0.6226 0.5857 0.5949 0.648 0.6041 0.5996 0.6526 0.6133 0.5972 0.6641 0.6319 0.6157 0.6826 0.6641 0.6388 0.6941 0.6872
0.046 0.833 1.0 0.7178 0.7847 0.7501 0.7409 0.8031 0.7686 0.7501 0.8077 0.7892 0.7686 0.8261 0.8169 0.7892 0.833 0.8376 0.8008 0.8284 0.8583 0.8146 0.8284 0.5866 0.575 0.6028 0.612 0.5889 0.6028 0.6259 0.6004 0.6098 0.6491 0.6213 0.6236 0.6746 0.6421 0.6329 0.6884 0.656 0.6421 0.7 0.6791 0.5557 0.5811 0.6226 0.5857 0.5949 0.648 0.6041 0.5996 0.6526 0.6133 0.5972 0.6641 0.6319 0.6157 0.6826 0.6641 0.6388 0.6941 0.6872 0.648
0.1843 0.8169 1.0 0.7847 0.7501 0.7409 0.8031 0.7686 0.7501 0.8077 0.7892 0.7686 0.8261 0.8169 0.7892 0.833 0.8376 0.8008 0.8284 0.8583 0.8146 0.8284 0.8837 0.575 0.6028 0.612 0.5889 0.6028 0.6259 0.6004 0.6098 0.6491 0.6213 0.6236 0.6746 0.6421 0.6329 0.6884 0.656 0.6421 0.7 0.6791 0.656 0.5811 0.6226 0.5857 0.5949 0.648 0.6041 0.5996 0.6526 0.6133 0.5972 0.6641 0.6319 0.6157 0.6826 0.6641 0.6388 0.6941 0.6872 0.648 0.6826
0.169 0.8929 1.0 0.7501 0.7409 0.8031 0.7686 0.7501 0.8077 0.7892 0.7686 0.8261 0.8169 0.7892 0.833 0.8376 0.8008 0.8284 0.8583 0.8146 0.8284 0.8837 0.833 0.6028 0.612 0.5889 0.6028 0.6259 0.6004 0.6098 0.6491 0.6213 0.6236 0.6746 0.6421 0.6329 0.6884 0.656 0.6421 0.7 0.6791 0.656 0.7069 0.6226 0.5857 0.5949 0.648 0.6041 0.5996 0.6526 0.6133 0.5972 0.6641 0.6319 0.6157 0.6826 0.6641 0.6388 0.6941 0.6872 0.648 0.6826 0.7033
0.0537 0.8399 1.0 0.7409 0.8031 0.7686 0.7501 0.8077 0.7892 0.7686 0.8261 0.8169 0.7892 0.833 0.8376 0.8008 0.8284 0.8583 0.8146 0.8284 0.8837 0.833 0.8169 0.612 0.5889 0.6028 0.6259 0.6004 0.6098 0.6491 0.6213 0.6236 0.6746 0.6421 0.6329 0.6884 0.656 0.6421 0.7 0.6791 0.656 0.7069 0.6977 0.5857 0.5949 0.648 0.6041 0.5996 0.6526 0.6133 0.5972 0.6641 0.6319 0.6157 0.6826 0.6641 0.6388 0.6941 0.6872 0.648 0.6826 0.7033 0.6596
0.2533 0.8077 1.0 0.8031 0.7686 0.7501 0.8077 0.7892 0.7686 0.8261 0.8169 0.7892 0.833 0.8376 0.8008 0.8284 0.8583 0.8146 0.8284 0.8837 0.833 0.8169 0.8929 0.5889 0.6028 0.6259 0.6004 0.6098 0.6491 0.6213 0.6236 0.6746 0.6421 0.6329 0.6884 0.656 0.6421 0.7 0.6791 0.656 0.7069 0.6977 0.663 0.5949 0.648 0.6041 0.5996 0.6526 0.6133 0.5972 0.6641 0.6319 0.6157 0.6826 0.6641 0.6388 0.6941 0.6872 0.648 0.6826 0.7033 0.6596 0.671
0.1767 0.8744 1.0 0.7686 0.7501 0.8077 0.7892 0.7686 0.8261 0.8169 0.7892 0.833 0.8376 0.8008 0.8284 0.8583 0.8146 0.8284 0.8837 0.833 0.8169 0.8929 0.8399 0.6028 0.6259 0.6004 0.6098 0.6491 0.6213 0.6236 0.6746 0.6421 0.6329 0.6884 0.656 0.6421 0.7 0.6791 0.656 0.7069 0.6977 0.663 0.693 0.648 0.6041 0.5996 0.6526 0.6133 0.5972 0.6641 0.6319 0.6157 0.6826 0.6641 0.6388 0.6941 0.6872 0.648 0.6826 0.7033 0.6596 0.671 0.7194
0.1073 0.8446 1.0 0.7501 0.8077 0.7892 0.7686 0.8261 0.8169 0.7892 0.833 0.8376 0.8008 0.8284 0.8583 0.8146 0.8284 0.8837 0.833 0.8169 0.8929 0.8399 0.8077 0.6259 0.6004 0.6098 0.6491 0.6213 0.6236 0.6746 0.6421 0.6329 0.6884 0.656 0.6421 0.7 0.6791 0.656 0.7069 0.6977 0.663 0.693 0.7116 0.6041 0.5996 0.6526 0.6133 0.5972 0.6641 0.6319 0.6157 0.6826 0.6641 0.6388 0.6941 0.6872 0.648 0.6826 0.7033 0.6596 0.671 0.7194 0.6641
0.2223 0.8008 1.0 0.8077 0.7892 0.7686 0.8261 0.8169 0.7892 0.833 0.8376 0.8008 0.8284 0.8583 0.8146 0.8284 0.8837 0.833 0.8169 0.8929 0.8399 0.8077 0.8744 0.6004 0.6098 0.6491 0.6213 0.6236 0.6746 0.6421 0.6329 0.6884 0.656 0.6421 0.7 0.6791 0.656 0.7069 0.6977 0.663 0.693 0.7116 0.6652 0.5996 0.6526 0.6133 0.5972 0.6641 0.6319 0.6157 0.6826 0.6641 0.6388 0.6941 0.6872 0.648 0.6826 0.7033 0.6596 0.671 0.7194 0.6641 0.648
0.0993 0.8468 1.0 0.7892 0.7686 0.8261 0.8169 0.7892 0.833 0.8376 0.8008 0.8284 0.8583 0.8146 0.8284 0.8837 0.833 0.8169 0.8929 0.8399 0.8077 0.8744 0.8446 0.6098 0.6491 0.6213 0.6236 0.6746 0.6421 0.6329 0.6884 0.656 0.6421 0.7 0.6791 0.656 0.7069 0.6977 0.663 0.693 0.7116 0.6652 0.6722 0.6526 0.6133 0.5972 0.6641 0.6319 0.6157 0.6826 0.6641 0.6388 0.6941 0.6872 0.648 0.6826 0.7033 0.6596 0.671 0.7194 0.6641 0.648 0.7126
0.146 0.8468 1.0 0.7686 0.8261 0.8169 0.7892 0.833 0.8376 0.8008 0.8284 0.8583 0.8146 0.8284 0.8837 0.833 0.8169 0.8929 0.8399 0.8077 0.8744 0.8446 0.8008 0.6491 0.6213 0.6236 0.6746 0.6421 0.6329 0.6884 0.656 0.6421 0.7 0.6791 0.656 0.7069 0.6977 0.663 0.693 0.7116 0.6652 0.6722 0.7162 0.6133 0.5972 0.6641 0.6319 0.6157 0.6826 0.6641 0.6388 0.6941 0.6872 0.648 0.6826 0.7033 0.6596 0.671 0.7194 0.6641 0.648 0.7126 0.6641
0.1533 0.8008 1.0 0.8261 0.8169 0.7892 0.833 0.8376 0.8008 0.8284 0.8583 0.8146 0.8284 0.8837 0.833 0.8169 0.8929 0.8399 0.8077 0.8744 0.8446 0.8008 0.8468 0.6213 0.6236 0.6746 0.6421 0.6329 0.6884 0.656 0.6421 0.7 0.6791 0.656 0.7069 0.6977 0.663 0.693 0.7116 0.6652 0.6722 0.7162 0.6652 0.5972 0.6641 0.6319 0.6157 0.6826 0.6641 0.6388 0.6941 0.6872 0.648 0.6826 0.7033 0.6596 0.671 0.7194 0.6641 0.648 0.7126 0.6641 0.6272
0.0 0.8169 1.0 0.8169 0.7892 0.833 0.8376 0.8008 0.8284 0.8583 0.8146 0.8284 0.8837 0.833 0.8169 0.8929 0.8399 0.8077 0.8744 0.8446 0.8008 0.8468 0.8468 0.6236 0.6746 0.6421 0.6329 0.6884 0.656 0.6421 0.7 0.6791 0.656 0.7069 0.6977 0.663 0.693 0.7116 0.6652 0.6722 0.7162 0.6652 0.6444 0.6641 0.6319 0.6157 0.6826 0.6641 0.6388 0.6941 0.6872 0.648 0.6826 0.7033 0.6596 0.671 0.7194 0.6641 0.648 0.7126 0.6641 0.6272 0.6918
0.1533 0.8353 1.0 0.7892 0.833 0.8376 0.8008 0.8284 0.8583 0.8146 0.8284 0.8837 0.833 0.8169 0.8929 0.8399 0.8077 0.8744 0.8446 0.8008 0.8468 0.8468 0.8008 0.6746 0.6421 0.6329 0.6884 0.656 0.6421 0.7 0.6791 0.656 0.7069 0.6977 0.663 0.693 0.7116 0.6652 0.6722 0.7162 0.6652 0.6444 0.7069 0.6319 0.6157 0.6826 0.6641 0.6388 0.6941 0.6872 0.648 0.6826 0.7033 0.6596 0.671 0.7194 0.6641 0.648 0.7126 0.6641 0.6272 0.6918 0.6596
0.0537 0.7961 1.0 0.833 0.8376 0.8008 0.8284 0.8583 0.8146 0.8284 0.8837 0.833 0.8169 0.8929 0.8399 0.8077 0.8744 0.8446 0.8008 0.8468 0.8468 0.8008 0.8169 0.6421 0.6329 0.6884 0.656 0.6421 0.7 0.6791 0.656 0.7069 0.6977 0.663 0.693 0.7116 0.6652 0.6722 0.7162 0.6652 0.6444 0.7069 0.6699 0.6157 0.6826 0.6641 0.6388 0.6941 0.6872 0.648 0.6826 0.7033 0.6596 0.671 0.7194 0.6641 0.648 0.7126 0.6641 0.6272 0.6918 0.6596 0.6249
0.0613 0.7686 1.0 0.8376 0.8008 0.8284 0.8583 0.8146 0.8284 0.8837 0.833 0.8169 0.8929 0.8399 0.8077 0.8744 0.8446 0.8008 0.8468 0.8468 0.8008 0.8169 0.8353 0.6329 0.6884 0.656 0.6421 0.7 0.6791 0.656 0.7069 0.6977 0.663 0.693 0.7116 0.6652 0.6722 0.7162 0.6652 0.6444 0.7069 0.6699 0.6374 0.6826 0.6641 0.6388 0.6941 0.6872 0.648 0.6826 0.7033 0.6596 0.671 0.7194 0.6641 0.648 0.7126 0.6641 0.6272 0.6918 0.6596 0.6249 0.6503
0.1307 0.8214 1.0 0.8008 0.8284 0.8583 0.8146 0.8284 0.8837 0.833 0.8169 0.8929 0.8399 0.8077 0.8744 0.8446 0.8008 0.8468 0.8468 0.8008 0.8169 0.8353 0.7961 0.6884 0.656 0.6421 0.7 0.6791 0.656 0.7069 0.6977 0.663 0.693 0.7116 0.6652 0.6722 0.7162 0.6652 0.6444 0.7069 0.6699 0.6374 0.6769 0.6641 0.6388 0.6941 0.6872 0.648 0.6826 0.7033 0.6596 0.671 0.7194 0.6641 0.648 0.7126 0.6641 0.6272 0.6918 0.6596 0.6249 0.6503 0.6572
0.0917 0.7869 1.0 0.8284 0.8583 0.8146 0.8284 0.8837 0.833 0.8169 0.8929 0.8399 0.8077 0.8744 0.8446 0.8008 0.8468 0.8468 0.8008 0.8169 0.8353 0.7961 0.7686 0.656 0.6421 0.7 0.6791 0.656 0.7069 0.6977 0.663 0.693 0.7116 0.6652 0.6722 0.7162 0.6652 0.6444 0.7069 0.6699 0.6374 0.6769 0.6722 0.6388 0.6941 0.6872 0.648 0.6826 0.7033 0.6596 0.671 0.7194 0.6641 0.648 0.7126 0.6641 0.6272 0.6918 0.6596 0.6249 0.6503 0.6572 0.6226
0.176 0.7593 1.0 0.8583 0.8146 0.8284 0.8837 0.833 0.8169 0.8929 0.8399 0.8077 0.8744 0.8446 0.8008 0.8468 0.8468 0.8008 0.8169 0.8353 0.7961 0.7686 0.8214 0.6421 0.7 0.6791 0.656 0.7069 0.6977 0.663 0.693 0.7116 0.6652 0.6722 0.7162 0.6652 0.6444 0.7069 0.6699 0.6374 0.6769 0.6722 0.6398 0.6941 0.6872 0.648 0.6826 0.7033 0.6596 0.671 0.7194 0.6641 0.648 0.7126 0.6641 0.6272 0.6918 0.6596 0.6249 0.6503 0.6572 0.6226 0.6111
0.115 0.734 1.0 0.8146 0.8284 0.8837 0.833 0.8169 0.8929 0.8399 0.8077 0.8744 0.8446 0.8008 0.8468 0.8468 0.8008 0.8169 0.8353 0.7961 0.7686 0.8214 0.7869 0.7 0.6791 0.656 0.7069 0.6977 0.663 0.693 0.7116 0.6652 0.6722 0.7162 0.6652 0.6444 0.7069 0.6699 0.6374 0.6769 0.6722 0.6398 0.6583 0.6872 0.648 0.6826 0.7033 0.6596 0.671 0.7194 0.6641 0.648 0.7126 0.6641 0.6272 0.6918 0.6596 0.6249 0.6503 0.6572 0.6226 0.6111 0.6433
0.092 0.7178 1.0 0.8284 0.8837 0.833 0.8169 0.8929 0.8399 0.8077 0.8744 0.8446 0.8008 0.8468 0.8468 0.8008 0.8169 0.8353 0.7961 0.7686 0.8214 0.7869 0.7593 0.6791 0.656 0.7069 0.6977 0.663 0.693 0.7116 0.6652 0.6722 0.7162 0.6652 0.6444 0.7069 0.6699 0.6374 0.6769 0.6722 0.6398 0.6583 0.6652 0.648 0.6826 0.7033 0.6596 0.671 0.7194 0.6641 0.648 0.7126 0.6641 0.6272 0.6918 0.6596 0.6249 0.6503 0.6572 0.6226 0.6111 0.6433 0.618
0.0843 0.704 1.0 0.8837 0.833 0.8169 0.8929 0.8399 0.8077 0.8744 0.8446 0.8008 0.8468 0.8468 0.8008 0.8169 0.8353 0.7961 0.7686 0.8214 0.7869 0.7593 0.734 0.656 0.7069 0.6977 0.663 0.693 0.7116 0.6652 0.6722 0.7162 0.6652 0.6444 0.7069 0.6699 0.6374 0.6769 0.6722 0.6398 0.6583 0.6652 0.6374 0.6826 0.7033 0.6596 0.671 0.7194 0.6641 0.648 0.7126 0.6641 0.6272 0.6918 0.6596 0.6249 0.6503 0.6572 0.6226 0.6111 0.6433 0.618 0.5949
0.054 0.681 1.0 0.833 0.8169 0.8929 0.8399 0.8077 0.8744 0.8446 0.8008 0.8468 0.8468 0.8008 0.8169 0.8353 0.7961 0.7686 0.8214 0.7869 0.7593 0.734 0.7178 0.7069 0.6977 0.663 0.693 0.7116 0.6652 0.6722 0.7162 0.6652 0.6444 0.7069 0.6699 0.6374 0.6769 0.6722 0.6398 0.6583 0.6652 0.6374 0.6098 0.7033 0.6596 0.671 0.7194 0.6641 0.648 0.7126 0.6641 0.6272 0.6918 0.6596 0.6249 0.6503 0.6572 0.6226 0.6111 0.6433 0.618 0.5949 0.5742
0.046 0.6649 1.0 0.8169 0.8929 0.8399 0.8077 0.8744 0.8446 0.8008 0.8468 0.8468 0.8008 0.8169 0.8353 0.7961 0.7686 0.8214 0.7869 0.7593 0.734 0.7178 0.704 0.6977 0.663 0.693 0.7116 0.6652 0.6722 0.7162 0.6652 0.6444 0.7069 0.6699 0.6374 0.6769 0.6722 0.6398 0.6583 0.6652 0.6374 0.6098 0.5842 0.6596 0.671 0.7194 0.6641 0.648 0.7126 0.6641 0.6272 0.6918 0.6596 0.6249 0.6503 0.6572 0.6226 0.6111 0.6433 0.618 0.5949 0.5742 0.5627
0.0767 0.6602 1.0 0.8929 0.8399 0.8077 0.8744 0.8446 0.8008 0.8468 0.8468 0.8008 0.8169 0.8353 0.7961 0.7686 0.8214 0.7869 0.7593 0.734 0.7178 0.704 0.681 0.663 0.693 0.7116 0.6652 0.6722 0.7162 0.6652 0.6444 0.7069 0.6699 0.6374 0.6769 0.6722 0.6398 0.6583 0.6652 0.6374 0.6098 0.5842 0.5703 0.671 0.7194 0.6641 0.648 0.7126 0.6641 0.6272 0.6918 0.6596 0.6249 0.6503 0.6572 0.6226 0.6111 0.6433 0.618 0.5949 0.5742 0.5627 0.5511
0.0537 0.6396 1.0 0.8399 0.8077 0.8744 0.8446 0.8008 0.8468 0.8468 0.8008 0.8169 0.8353 0.7961 0.7686 0.8214 0.7869 0.7593 0.734 0.7178 0.704 0.681 0.6649 0.693 0.7116 0.6652 0.6722 0.7162 0.6652 0.6444 0.7069 0.6699 0.6374 0.6769 0.6722 0.6398 0.6583 0.6652 0.6374 0.6098 0.5842 0.5703 0.5496 0.7194 0.6641 0.648 0.7126 0.6641 0.6272 0.6918 0.6596 0.6249 0.6503 0.6572 0.6226 0.6111 0.6433 0.618 0.5949 0.5742 0.5627 0.5511 0.528
0.0157 0.6211 1.0 0.8077 0.8744 0.8446 0.8008 0.8468 0.8468 0.8008 0.8169 0.8353 0.7961 0.7686 0.8214 0.7869 0.7593 0.734 0.7178 0.704 0.681 0.6649 0.6602 0.7116 0.6652 0.6722 0.7162 0.6652 0.6444 0.7069 0.6699 0.6374 0.6769 0.6722 0.6398 0.6583 0.6652 0.6374 0.6098 0.5842 0.5703 0.5496 0.5241 0.6641 0.648 0.7126 0.6641 0.6272 0.6918 0.6596 0.6249 0.6503 0.6572 0.6226 0.6111 0.6433 0.618 0.5949 0.5742 0.5627 0.5511 0.528 0.5166
0.0687 0.6188 1.0 0.8744 0.8446 0.8008 0.8468 0.8468 0.8008 0.8169 0.8353 0.7961 0.7686 0.8214 0.7869 0.7593 0.734 0.7178 0.704 0.681 0.6649 0.6602 0.6396 0.6652 0.6722 0.7162 0.6652 0.6444 0.7069 0.6699 0.6374 0.6769 0.6722 0.6398 0.6583 0.6652 0.6374 0.6098 0.5842 0.5703 0.5496 0.5241 0.5171 0.648 0.7126 0.6641 0.6272 0.6918 0.6596 0.6249 0.6503 0.6572 0.6226 0.6111 0.6433 0.618 0.5949 0.5742 0.5627 0.5511 0.528 0.5166 0.5072
0.0617 0.6003 1.0 0.8446 0.8008 0.8468 0.8468 0.8008 0.8169 0.8353 0.7961 0.7686 0.8214 0.7869 0.7593 0.734 0.7178 0.704 0.681 0.6649 0.6602 0.6396 0.6211 0.6722 0.7162 0.6652 0.6444 0.7069 0.6699 0.6374 0.6769 0.6722 0.6398 0.6583 0.6652 0.6374 0.6098 0.5842 0.5703 0.5496 0.5241 0.5171 0.5032 0.7126 0.6641 0.6272 0.6918 0.6596 0.6249 0.6503 0.6572 0.6226 0.6111 0.6433 0.618 0.5949 0.5742 0.5627 0.5511 0.528 0.5166 0.5072 0.4842
0.0077 0.5797 1.0 0.8008 0.8468 0.8468 0.8008 0.8169 0.8353 0.7961 0.7686 0.8214 0.7869 0.7593 0.734 0.7178 0.704 0.681 0.6649 0.6602 0.6396 0.6211 0.6188 0.7162 0.6652 0.6444 0.7069 0.6699 0.6374 0.6769 0.6722 0.6398 0.6583 0.6652 0.6374 0.6098 0.5842 0.5703 0.5496 0.5241 0.5171 0.5032 0.4778 0.6641 0.6272 0.6918 0.6596 0.6249 0.6503 0.6572 0.6226 0.6111 0.6433 0.618 0.5949 0.5742 0.5627 0.5511 0.528 0.5166 0.5072 0.4842 0.4703
0.0617 0.5773 1.0 0.8468 0.8468 0.8008 0.8169 0.8353 0.7961 0.7686 0.8214 0.7869 0.7593 0.734 0.7178 0.704 0.681 0.6649 0.6602 0.6396 0.6211 0.6188 0.6003 0.6652 0.6444 0.7069 0.6699 0.6374 0.6769 0.6722 0.6398 0.6583 0.6652 0.6374 0.6098 0.5842 0.5703 0.5496 0.5241 0.5171 0.5032 0.4778 0.4662 0.6272 0.6918 0.6596 0.6249 0.6503 0.6572 0.6226 0.6111 0.6433 0.618 0.5949 0.5742 0.5627 0.5511 0.528 0.5166 0.5072 0.4842 0.4703 0.4681
0.0687 0.5658 1.0 0.8468 0.8008 0.8169 0.8353 0.7961 0.7686 0.8214 0.7869 0.7593 0.734 0.7178 0.704 0.681 0.6649 0.6602 0.6396 0.6211 0.6188 0.6003 0.5797 0.6444 0.7069 0.6699 0.6374 0.6769 0.6722 0.6398 0.6583 0.6652 0.6374 0.6098 0.5842 0.5703 0.5496 0.5241 0.5171 0.5032 0.4778 0.4662 0.457 0.6918 0.6596 0.6249 0.6503 0.6572 0.6226 0.6111 0.6433 0.618 0.5949 0.5742 0.5627 0.5511 0.528 0.5166 0.5072 0.4842 0.4703 0.4681 0.445
0.008 0.5451 1.0 0.8008 0.8169 0.8353 0.7961 0.7686 0.8214 0.7869 0.7593 0.734 0.7178 0.704 0.681 0.6649 0.6602 0.6396 0.6211 0.6188 0.6003 0.5797 0.5773 0.7069 0.6699 0.6374 0.6769 0.6722 0.6398 0.6583 0.6652 0.6374 0.6098 0.5842 0.5703 0.5496 0.5241 0.5171 0.5032 0.4778 0.4662 0.457 0.4361 0.6596 0.6249 0.6503 0.6572 0.6226 0.6111 0.6433 0.618 0.5949 0.5742 0.5627 0.5511 0.528 0.5166 0.5072 0.4842 0.4703 0.4681 0.445 0.4311
0.0383 0.5451 1.0 0.8169 0.8353 0.7961 0.7686 0.8214 0.7869 0.7593 0.734 0.7178 0.704 0.681 0.6649 0.6602 0.6396 0.6211 0.6188 0.6003 0.5797 0.5773 0.5658 0.6699 0.6374 0.6769 0.6722 0.6398 0.6583 0.6652 0.6374 0.6098 0.5842 0.5703 0.5496 0.5241 0.5171 0.5032 0.4778 0.4662 0.457 0.4361 0.4246 0.6249 0.6503 0.6572 0.6226 0.6111 0.6433 0.618 0.5949 0.5742 0.5627 0.5511 0.528 0.5166 0.5072 0.4842 0.4703 0.4681 0.445 0.4311 0.4289
0.069 0.5382 1.0 0.8353 0.7961 0.7686 0.8214 0.7869 0.7593 0.734 0.7178 0.704 0.681 0.6649 0.6602 0.6396 0.6211 0.6188 0.6003 0.5797 0.5773 0.5658 0.5451 0.6374 0.6769 0.6722 0.6398 0.6583 0.6652 0.6374 0.6098 0.5842 0.5703 0.5496 0.5241 0.5171 0.5032 0.4778 0.4662 0.457 0.4361 0.4246 0.4199 0.6503 0.6572 0.6226 0.6111 0.6433 0.618 0.5949 0.5742 0.5627 0.5511 0.528 0.5166 0.5072 0.4842 0.4703 0.4681 0.445 0.4311 0.4289 0.4127
0.0 0.5198 1.0 0.7961 0.7686 0.8214 0.7869 0.7593 0.734 0.7178 0.704 0.681 0.6649 0.6602 0.6396 0.6211 0.6188 0.6003 0.5797 0.5773 0.5658 0.5451 0.5451 0.6769 0.6722 0.6398 0.6583 0.6652 0.6374 0.6098 0.5842 0.5703 0.5496 0.5241 0.5171 0.5032 0.4778 0.4662 0.457 0.4361 0.4246 0.4199 0.4014 0.6572 0.6226 0.6111 0.6433 0.618 0.5949 0.5742 0.5627 0.5511 0.528 0.5166 0.5072 0.4842 0.4703 0.4681 0.445 0.4311 0.4289 0.4127 0.3966
0.023 0.5129 1.0 0.7686 0.8214 0.7869 0.7593 0.734 0.7178 0.704 0.681 0.6649 0.6602 0.6396 0.6211 0.6188 0.6003 0.5797 0.5773 0.5658 0.5451 0.5451 0.5382 0.6722 0.6398 0.6583 0.6652 0.6374 0.6098 0.5842 0.5703 0.5496 0.5241 0.5171 0.5032 0.4778 0.4662 0.457 0.4361 0.4246 0.4199 0.4014 0.3899 0.6226 0.6111 0.6433 0.618 0.5949 0.5742 0.5627 0.5511 0.528 0.5166 0.5072 0.4842 0.4703 0.4681 0.445 0.4311 0.4289 0.4127 0.3966 0.3989
0.0613 0.5129 1.0 0.8214 0.7869 0.7593 0.734 0.7178 0.704 0.681 0.6649 0.6602 0.6396 0.6211 0.6188 0.6003 0.5797 0.5773 0.5658 0.5451 0.5451 0.5382 0.5198 0.6398 0.6583 0.6652 0.6374 0.6098 0.5842 0.5703 0.5496 0.5241 0.5171 0.5032 0.4778 0.4662 0.457 0.4361 0.4246 0.4199 0.4014 0.3899 0.3876 0.6111 0.6433 0.618 0.5949 0.5742 0.5627 0.5511 0.528 0.5166 0.5072 0.4842 0.4703 0.4681 0.445 0.4311 0.4289 0.4127 0.3966 0.3989 0.3897
0.023 0.4944 1.0 0.7869 0.7593 0.734 0.7178 0.704 0.681 0.6649 0.6602 0.6396 0.6211 0.6188 0.6003 0.5797 0.5773 0.5658 0.5451 0.5451 0.5382 0.5198 0.5129 0.6583 0.6652 0.6374 0.6098 0.5842 0.5703 0.5496 0.5241 0.5171 0.5032 0.4778 0.4662 0.457 0.4361 0.4246 0.4199 0.4014 0.3899 0.3876 0.3737 0.6433 0.618 0.5949 0.5742 0.5627 0.5511 0.528 0.5166 0.5072 0.4842 0.4703 0.4681 0.445 0.4311 0.4289 0.4127 0.3966 0.3989 0.3897 0.3712
0.0 0.4852 1.0 0.7593 0.734 0.7178 0.704 0.681 0.6649 0.6602 0.6396 0.6211 0.6188 0.6003 0.5797 0.5773 0.5658 0.5451 0.5451 0.5382 0.5198 0.5129 0.5129 0.6652 0.6374 0.6098 0.5842 0.5703 0.5496 0.5241 0.5171 0.5032 0.4778 0.4662 0.457 0.4361 0.4246 0.4199 0.4014 0.3899 0.3876 0.3737 0.3598 0.618 0.5949 0.5742 0.5627 0.5511 0.528 0.5166 0.5072 0.4842 0.4703 0.4681 0.445 0.4311 0.4289 0.4127 0.3966 0.3989 0.3897 0.3712 0.3689
0.0617 0.4829 1.0 0.734 0.7178 0.704 0.681 0.6649 0.6602 0.6396 0.6211 0.6188 0.6003 0.5797 0.5773 0.5658 0.5451 0.5451 0.5382 0.5198 0.5129 0.5129 0.4944 0.6374 0.6098 0.5842 0.5703 0.5496 0.5241 0.5171 0.5032 0.4778 0.4662 0.457 0.4361 0.4246 0.4199 0.4014 0.3899 0.3876 0.3737 0.3598 0.3574 0.5949 0.5742 0.5627 0.5511 0.528 0.5166 0.5072 0.4842 0.4703 0.4681 0.445 0.4311 0.4289 0.4127 0.3966 0.3989 0.3897 0.3712 0.3689 0.3597
0.0307 0.4691 1.0 0.7178 0.704 0.681 0.6649 0.6602 0.6396 0.6211 0.6188 0.6003 0.5797 0.5773 0.5658 0.5451 0.5451 0.5382 0.5198 0.5129 0.5129 0.4944 0.4852 0.6098 0.5842 0.5703 0.5496 0.5241 0.5171 0.5032 0.4778 0.4662 0.457 0.4361 0.4246 0.4199 0.4014 0.3899 0.3876 0.3737 0.3598 0.3574 0.3459 0.5742 0.5627 0.5511 0.528 0.5166 0.5072 0.4842 0.4703 0.4681 0.445 0.4311 0.4289 0.4127 0.3966 0.3989 0.3897 0.3712 0.3689 0.3597 0.3436
0.0077 0.4576 1.0 0.704 0.681 0.6649 0.6602 0.6396 0.6211 0.6188 0.6003 0.5797 0.5773 0.5658 0.5451 0.5451 0.5382 0.5198 0.5129 0.5129 0.4944 0.4852 0.4829 0.5842 0.5703 0.5496 0.5241 0.5171 0.5032 0.4778 0.4662 0.457 0.4361 0.4246 0.4199 0.4014 0.3899 0.3876 0.3737 0.3598 0.3574 0.3459 0.332 0.5627 0.5511 0.528 0.5166 0.5072 0.4842 0.4703 0.4681 0.445 0.4311 0.4289 0.4127 0.3966 0.3989 0.3897 0.3712 0.3689 0.3597 0.3436 0.3366
0.046 0.453 1.0 0.681 0.6649 0.6602 0.6396 0.6211 0.6188 0.6003 0.5797 0.5773 0.5658 0.5451 0.5451 0.5382 0.5198 0.5129 0.5129 0.4944 0.4852 0.4829 0.4691 0.5703 0.5496 0.5241 0.5171 0.5032 0.4778 0.4662 0.457 0.4361 0.4246 0.4199 0.4014 0.3899 0.3876 0.3737 0.3598 0.3574 0.3459 0.332 0.325 0.5511 0.528 0.5166 0.5072 0.4842 0.4703 0.4681 0.445 0.4311 0.4289 0.4127 0.3966 0.3989 0.3897 0.3712 0.3689 0.3597 0.3436 0.3366 0.332
0.0383 0.4438 1.0 0.6649 0.6602 0.6396 0.6211 0.6188 0.6003 0.5797 0.5773 0.5658 0.5451 0.5451 0.5382 0.5198 0.5129 0.5129 0.4944 0.4852 0.4829 0.4691 0.4576 0.5496 0.5241 0.5171 0.5032 0.4778 0.4662 0.457 0.4361 0.4246 0.4199 0.4014 0.3899 0.3876 0.3737 0.3598 0.3574 0.3459 0.332 0.325 0.3181 0.528 0.5166 0.5072 0.4842 0.4703 0.4681 0.445 0.4311 0.4289 0.4127 0.3966 0.3989 0.3897 0.3712 0.3689 0.3597 0.3436 0.3366 0.332 0.3204
0.0153 0.4346 1.0 0.6602 0.6396 0.6211 0.6188 0.6003 0.5797 0.5773 0.5658 0.5451 0.5451 0.5382 0.5198 0.5129 0.5129 0.4944 0.4852 0.4829 0.4691 0.4576 0.453 0.5241 0.5171 0.5032 0.4778 0.4662 0.457 0.4361 0.4246 0.4199 0.4014 0.3899 0.3876 0.3737 0.3598 0.3574 0.3459 0.332 0.325 0.3181 0.3066 0.5166 0.5072 0.4842 0.4703 0.4681 0.445 0.4311 0.4289 0.4127 0.3966 0.3989 0.3897 0.3712 0.3689 0.3597 0.3436 0.3366 0.332 0.3204 0.3112
0.0307 0.4253 1.0 0.6396 0.6211 0.6188 0.6003 0.5797 0.5773 0.5658 0.5451 0.5451 0.5382 0.5198 0.5129 0.5129 0.4944 0.4852 0.4829 0.4691 0.4576 0.453 0.4438 0.5171 0.5032 0.4778 0.4662 0.457 0.4361 0.4246 0.4199 0.4014 0.3899 0.3876 0.3737 0.3598 0.3574 0.3459 0.332 0.325 0.3181 0.3066 0.2996 0.5072 0.4842 0.4703 0.4681 0.445 0.4311 0.4289 0.4127 0.3966 0.3989 0.3897 0.3712 0.3689 0.3597 0.3436 0.3366 0.332 0.3204 0.3112 0.3043
0.0307 0.4207 1.0 0.6211 0.6188 0.6003 0.5797 0.5773 0.5658 0.5451 0.5451 0.5382 0.5198 0.5129 0.5129 0.4944 0.4852 0.4829 0.4691 0.4576 0.453 0.4438 0.4346 0.5032 0.4778 0.4662 0.457 0.4361 0.4246 0.4199 0.4014 0.3899 0.3876 0.3737 0.3598 0.3574 0.3459 0.332 0.325 0.3181 0.3066 0.2996 0.2903 0.4842 0.4703 0.4681 0.445 0.4311 0.4289 0.4127 0.3966 0.3989 0.3897 0.3712 0.3689 0.3597 0.3436 0.3366 0.332 0.3204 0.3112 0.3043 0.2951
0.031 0.4092 1.0 0.6188 0.6003 0.5797 0.5773 0.5658 0.5451 0.5451 0.5382 0.5198 0.5129 0.5129 0.4944 0.4852 0.4829 0.4691 0.4576 0.453 0.4438 0.4346 0.4253 0.4778 0.4662 0.457 0.4361 0.4246 0.4199 0.4014 0.3899 0.3876 0.3737 0.3598 0.3574 0.3459 0.332 0.325 0.3181 0.3066 0.2996 0.2903 0.2811 0.4703 0.4681 0.445 0.4311 0.4289 0.4127 0.3966 0.3989 0.3897 0.3712 0.3689 0.3597 0.3436 0.3366 0.332 0.3204 0.3112 0.3043 0.2951 0.2836
0.0153 0.4277 1.0 0.6003 0.5797 0.5773 0.5658 0.5451 0.5451 0.5382 0.5198 0.5129 0.5129 0.4944 0.4852 0.4829 0.4691 0.4576 0.453 0.4438 0.4346 0.4253 0.4207 0.4662 0.457 0.4361 0.4246 0.4199 0.4014 0.3899 0.3876 0.3737 0.3598 0.3574 0.3459 0.332 0.325 0.3181 0.3066 0.2996 0.2903 0.2811 0.2718 0.4681 0.445 0.4311 0.4289 0.4127 0.3966 0.3989 0.3897 0.3712 0.3689 0.3597 0.3436 0.3366 0.332 0.3204 0.3112 0.3043 0.2951 0.2836 0.2789
0.0383 0.4184 1.0 0.5797 0.5773 0.5658 0.5451 0.5451 0.5382 0.5198 0.5129 0.5129 0.4944 0.4852 0.4829 0.4691 0.4576 0.453 0.4438 0.4346 0.4253 0.4207 0.4092 0.457 0.4361 0.4246 0.4199 0.4014 0.3899 0.3876 0.3737 0.3598 0.3574 0.3459 0.332 0.325 0.3181 0.3066 0.2996 0.2903 0.2811 0.2718 0.2672 0.445 0.4311 0.4289 0.4127 0.3966 0.3989 0.3897 0.3712 0.3689 0.3597 0.3436 0.3366 0.332 0.3204 0.3112 0.3043 0.2951 0.2836 0.2789 0.272
0.0617 0.4438 1.0 0.5773 0.5658 0.5451 0.5451 0.5382 0.5198 0.5129 0.5129 0.4944 0.4852 0.4829 0.4691 0.4576 0.453 0.4438 0.4346 0.4253 0.4207 0.4092 0.4277 0.4361 0.4246 0.4199 0.4014 0.3899 0.3876 0.3737 0.3598 0.3574 0.3459 0.332 0.325 0.3181 0.3066 0.2996 0.2903 0.2811 0.2718 0.2672 0.2602 0.4311 0.4289 0.4127 0.3966 0.3989 0.3897 0.3712 0.3689 0.3597 0.3436 0.3366 0.332 0.3204 0.3112 0.3043 0.2951 0.2836 0.2789 0.272 0.3158
0.031 0.5267 1.0 0.5658 0.5451 0.5451 0.5382 0.5198 0.5129 0.5129 0.4944 0.4852 0.4829 0.4691 0.4576 0.453 0.4438 0.4346 0.4253 0.4207 0.4092 0.4277 0.4184 0.4246 0.4199 0.4014 0.3899 0.3876 0.3737 0.3598 0.3574 0.3459 0.332 0.325 0.3181 0.3066 0.2996 0.2903 0.2811 0.2718 0.2672 0.2602 0.3273 0.4289 0.4127 0.3966 0.3989 0.3897 0.3712 0.3689 0.3597 0.3436 0.3366 0.332 0.3204 0.3112 0.3043 0.2951 0.2836 0.2789 0.272 0.3158 0.3389
0.0847 0.499 1.0 0.5451 0.5451 0.5382 0.5198 0.5129 0.5129 0.4944 0.4852 0.4829 0.4691 0.4576 0.453 0.4438 0.4346 0.4253 0.4207 0.4092 0.4277 0.4184 0.4438 0.4199 0.4014 0.3899 0.3876 0.3737 0.3598 0.3574 0.3459 0.332 0.325 0.3181 0.3066 0.2996 0.2903 0.2811 0.2718 0.2672 0.2602 0.3273 0.325 0.4127 0.3966 0.3989 0.3897 0.3712 0.3689 0.3597 0.3436 0.3366 0.332 0.3204 0.3112 0.3043 0.2951 0.2836 0.2789 0.272 0.3158 0.3389 0.3112
0.2763 0.4921 1.0 0.5451 0.5382 0.5198 0.5129 0.5129 0.4944 0.4852 0.4829 0.4691 0.4576 0.453 0.4438 0.4346 0.4253 0.4207 0.4092 0.4277 0.4184 0.4438 0.5267 0.4014 0.3899 0.3876 0.3737 0.3598 0.3574 0.3459 0.332 0.325 0.3181 0.3066 0.2996 0.2903 0.2811 0.2718 0.2672 0.2602 0.3273 0.325 0.3066 0.3966 0.3989 0.3897 0.3712 0.3689 0.3597 0.3436 0.3366 0.332 0.3204 0.3112 0.3043 0.2951 0.2836 0.2789 0.272 0.3158 0.3389 0.3112 0.355
0.0923 0.5819 1.0 0.5382 0.5198 0.5129 0.5129 0.4944 0.4852 0.4829 0.4691 0.4576 0.453 0.4438 0.4346 0.4253 0.4207 0.4092 0.4277 0.4184 0.4438 0.5267 0.499 0.3899 0.3876 0.3737 0.3598 0.3574 0.3459 0.332 0.325 0.3181 0.3066 0.2996 0.2903 0.2811 0.2718 0.2672 0.2602 0.3273 0.325 0.3066 0.3667 0.3989 0.3897 0.3712 0.3689 0.3597 0.3436 0.3366 0.332 0.3204 0.3112 0.3043 0.2951 0.2836 0.2789 0.272 0.3158 0.3389 0.3112 0.355 0.3919
0.023 0.552 1.0 0.5198 0.5129 0.5129 0.4944 0.4852 0.4829 0.4691 0.4576 0.453 0.4438 0.4346 0.4253 0.4207 0.4092 0.4277 0.4184 0.4438 0.5267 0.499 0.4921 0.3876 0.3737 0.3598 0.3574 0.3459 0.332 0.325 0.3181 0.3066 0.2996 0.2903 0.2811 0.2718 0.2672 0.2602 0.3273 0.325 0.3066 0.3667 0.3737 0.3897 0.3712 0.3689 0.3597 0.3436 0.3366 0.332 0.3204 0.3112 0.3043 0.2951 0.2836 0.2789 0.272 0.3158 0.3389 0.3112 0.355 0.3919 0.355
0.2993 0.5267 1.0 0.5129 0.5129 0.4944 0.4852 0.4829 0.4691 0.4576 0.453 0.4438 0.4346 0.4253 0.4207 0.4092 0.4277 0.4184 0.4438 0.5267 0.499 0.4921 0.5819 0.3737 0.3598 0.3574 0.3459 0.332 0.325 0.3181 0.3066 0.2996 0.2903 0.2811 0.2718 0.2672 0.2602 0.3273 0.325 0.3066 0.3667 0.3737 0.3482 0.3712 0.3689 0.3597 0.3436 0.3366 0.332 0.3204 0.3112 0.3043 0.2951 0.2836 0.2789 0.272 0.3158 0.3389 0.3112 0.355 0.3919 0.355 0.3712
0.0997 0.6119 1.0 0.5129 0.4944 0.4852 0.4829 0.4691 0.4576 0.453 0.4438 0.4346 0.4253 0.4207 0.4092 0.4277 0.4184 0.4438 0.5267 0.499 0.4921 0.5819 0.552 0.3598 0.3574 0.3459 0.332 0.325 0.3181 0.3066 0.2996 0.2903 0.2811 0.2718 0.2672 0.2602 0.3273 0.325 0.3066 0.3667 0.3737 0.3482 0.3852 0.3689 0.3597 0.3436 0.3366 0.332 0.3204 0.3112 0.3043 0.2951 0.2836 0.2789 0.272 0.3158 0.3389 0.3112 0.355 0.3919 0.355 0.3712 0.4358
0.0843 0.6003 1.0 0.4944 0.4852 0.4829 0.4691 0.4576 0.453 0.4438 0.4346 0.4253 0.4207 0.4092 0.4277 0.4184 0.4438 0.5267 0.499 0.4921 0.5819 0.552 0.5267 0.3574 0.3459 0.332 0.325 0.3181 0.3066 0.2996 0.2903 0.2811 0.2718 0.2672 0.2602 0.3273 0.325 0.3066 0.3667 0.3737 0.3482 0.3852 0.4199 0.3597 0.3436 0.3366 0.332 0.3204 0.3112 0.3043 0.2951 0.2836 0.2789 0.272 0.3158 0.3389 0.3112 0.355 0.3919 0.355 0.3712 0.4358 0.3919
0.284 0.5612 1.0 0.4852 0.4829 0.4691 0.4576 0.453 0.4438 0.4346 0.4253 0.4207 0.4092 0.4277 0.4184 0.4438 0.5267 0.499 0.4921 0.5819 0.552 0.5267 0.6119 0.3459 0.332 0.325 0.3181 0.3066 0.2996 0.2903 0.2811 0.2718 0.2672 0.2602 0.3273 0.325 0.3066 0.3667 0.3737 0.3482 0.3852 0.4199 0.3852 0.3436 0.3366 0.332 0.3204 0.3112 0.3043 0.2951 0.2836 0.2789 0.272 0.3158 0.3389 0.3112 0.355 0.3919 0.355 0.3712 0.4358 0.3919 0.3758
0.0387 0.6142 1.0 0.4829 0.4691 0.4576 0.453 0.4438 0.4346 0.4253 0.4207 0.4092 0.4277 0.4184 0.4438 0.5267 0.499 0.4921 0.5819 0.552 0.5267 0.6119 0.6003 0.332 0.325 0.3181 0.3066 0.2996 0.2903 0.2811 0.2718 0.2672 0.2602 0.3273 0.325 0.3066 0.3667 0.3737 0.3482 0.3852 0.4199 0.3852 0.3921 0.3366 0.332 0.3204 0.3112 0.3043 0.2951 0.2836 0.2789 0.272 0.3158 0.3389 0.3112 0.355 0.3919 0.355 0.3712 0.4358 0.3919 0.3758 0.4589
0.1303 0.6396 1.0 0.4691 0.4576 0.453 0.4438 0.4346 0.4253 0.4207 0.4092 0.4277 0.4184 0.4438 0.5267 0.499 0.4921 0.5819 0.552 0.5267 0.6119 0.6003 0.5612 0.325 0.3181 0.3066 0.2996 0.2903 0.2811 0.2718 0.2672 0.2602 0.3273 0.325 0.3066 0.3667 0.3737 0.3482 0.3852 0.4199 0.3852 0.3921 0.4593 0.332 0.3204 0.3112 0.3043 0.2951 0.2836 0.2789 0.272 0.3158 0.3389 0.3112 0.355 0.3919 0.355 0.3712 0.4358 0.3919 0.3758 0.4589 0.4242
0.1767 0.5981 1.0 0.4576 0.453 0.4438 0.4346 0.4253 0.4207 0.4092 0.4277 0.4184 0.4438 0.5267 0.499 0.4921 0.5819 0.552 0.5267 0.6119 0.6003 0.5612 0.6142 0.3181 0.3066 0.2996 0.2903 0.2811 0.2718 0.2672 0.2602 0.3273 0.325 0.3066 0.3667 0.3737 0.3482 0.3852 0.4199 0.3852 0.3921 0.4593 0.4222 0.3204 0.3112 0.3043 0.2951 0.2836 0.2789 0.272 0.3158 0.3389 0.3112 0.355 0.3919 0.355 0.3712 0.4358 0.3919 0.3758 0.4589 0.4242 0.3966
0.0847 0.6027 1.0 0.453 0.4438 0.4346 0.4253 0.4207 0.4092 0.4277 0.4184 0.4438 0.5267 0.499 0.4921 0.5819 0.552 0.5267 0.6119 0.6003 0.5612 0.6142 0.6396 0.3066 0.2996 0.2903 0.2811 0.2718 0.2672 0.2602 0.3273 0.325 0.3066 0.3667 0.3737 0.3482 0.3852 0.4199 0.3852 0.3921 0.4593 0.4222 0.406 0.3112 0.3043 0.2951 0.2836 0.2789 0.272 0.3158 0.3389 0.3112 0.355 0.3919 0.355 0.3712 0.4358 0.3919 0.3758 0.4589 0.4242 0.3966 0.4611
0.1383 0.6694 1.0 0.4438 0.4346 0.4253 0.4207 0.4092 0.4277 0.4184 0.4438 0.5267 0.499 0.4921 0.5819 0.552 0.5267 0.6119 0.6003 0.5612 0.6142 0.6396 0.5981 0.2996 0.2903 0.2811 0.2718 0.2672 0.2602 0.3273 0.325 0.3066 0.3667 0.3737 0.3482 0.3852 0.4199 0.3852 0.3921 0.4593 0.4222 0.406 0.4801 0.3043 0.2951 0.2836 0.2789 0.272 0.3158 0.3389 0.3112 0.355 0.3919 0.355 0.3712 0.4358 0.3919 0.3758 0.4589 0.4242 0.3966 0.4611 0.4611
0.0153 0.6303 1.0 0.4346 0.4253 0.4207 0.4092 0.4277 0.4184 0.4438 0.5267 0.499 0.4921 0.5819 0.552 0.5267 0.6119 0.6003 0.5612 0.6142 0.6396 0.5981 0.6027 0.2903 0.2811 0.2718 0.2672 0.2602 0.3273 0.325 0.3066 0.3667 0.3737 0.3482 0.3852 0.4199 0.3852 0.3921 0.4593 0.4222 0.406 0.4801 0.4639 0.2951 0.2836 0.2789 0.272 0.3158 0.3389 0.3112 0.355 0.3919 0.355 0.3712 0.4358 0.3919 0.3758 0.4589 0.4242 0.3966 0.4611 0.4611 0.4289
0.2223 0.6119 1.0 0.4253 0.4207 0.4092 0.4277 0.4184 0.4438 0.5267 0.499 0.4921 0.5819 0.552 0.5267 0.6119 0.6003 0.5612 0.6142 0.6396 0.5981 0.6027 0.6694 0.2811 0.2718 0.2672 0.2602 0.3273 0.325 0.3066 0.3667 0.3737 0.3482 0.3852 0.4199 0.3852 0.3921 0.4593 0.4222 0.406 0.4801 0.4639 0.4384 0.2836 0.2789 0.272 0.3158 0.3389 0.3112 0.355 0.3919 0.355 0.3712 0.4358 0.3919 0.3758 0.4589 0.4242 0.3966 0.4611 0.4611 0.4289 0.4519
