0.8249 1.0 0.2533 0.32 0.33 0.34 0.35 0.36 0.37 0.38 0.39 0.4 0.41 0.42 0.43 0.44 0.45 0.46 0.47 0.48 0.49 0.5 0.51 0.7534 0.8226 0.7857 0.7673 0.8226 0.7927 0.7742 0.8272 0.7949 0.7788 0.8226 0.7949 0.7811 0.8479 0.811 0.7903 0.8663 0.8387 0.8088 0.8848 0.5981 0.5727 0.5936 0.6051 0.5773 0.5842 0.6051 0.5797 0.5981 0.6028 0.582 0.6028 0.619 0.5959 0.6213 0.6374 0.6167 0.6444 0.6676 0.6374 0.5649 0.5742 0.6272 0.5834 0.5857 0.6296 0.5857 0.588 0.6296 0.5927 0.6064 0.6433 0.6019 0.6111 0.6641 0.6226 0.6319 0.6872 0.6457 0.6433
0.894 1.0 0.0693 0.33 0.34 0.35 0.36 0.37 0.38 0.39 0.4 0.41 0.42 0.43 0.44 0.45 0.46 0.47 0.48 0.49 0.5 0.51 0.52 0.8226 0.7857 0.7673 0.8226 0.7927 0.7742 0.8272 0.7949 0.7788 0.8226 0.7949 0.7811 0.8479 0.811 0.7903 0.8663 0.8387 0.8088 0.8848 0.864 0.5727 0.5936 0.6051 0.5773 0.5842 0.6051 0.5797 0.5981 0.6028 0.582 0.6028 0.619 0.5959 0.6213 0.6374 0.6167 0.6444 0.6676 0.6374 0.656 0.5742 0.6272 0.5834 0.5857 0.6296 0.5857 0.588 0.6296 0.5927 0.6064 0.6433 0.6019 0.6111 0.6641 0.6226 0.6319 0.6872 0.6457 0.6433 0.7102
0.8779 1.0 0.1303 0.34 0.35 0.36 0.37 0.38 0.39 0.4 0.41 0.42 0.43 0.44 0.45 0.46 0.47 0.48 0.49 0.5 0.51 0.52 0.53 0.7857 0.7673 0.8226 0.7927 0.7742 0.8272 0.7949 0.7788 0.8226 0.7949 0.7811 0.8479 0.811 0.7903 0.8663 0.8387 0.8088 0.8848 0.864 0.8249 0.5936 0.6051 0.5773 0.5842 0.6051 0.5797 0.5981 0.6028 0.582 0.6028 0.619 0.5959 0.6213 0.6374 0.6167 0.6444 0.6676 0.6374 0.656 0.6953 0.6272 0.5834 0.5857 0.6296 0.5857 0.588 0.6296 0.5927 0.6064 0.6433 0.6019 0.6111 0.6641 0.6226 0.6319 0.6872 0.6457 0.6433 0.7102 0.6641
0.8318 1.0 0.2303 0.35 0.36 0.37 0.38 0.39 0.4 0.41 0.42 0.43 0.44 0.45 0.46 0.47 0.48 0.49 0.5 0.51 0.52 0.53 0.54 0.7673 0.8226 0.7927 0.7742 0.8272 0.7949 0.7788 0.8226 0.7949 0.7811 0.8479 0.811 0.7903 0.8663 0.8387 0.8088 0.8848 0.864 0.8249 0.894 0.6051 0.5773 0.5842 0.6051 0.5797 0.5981 0.6028 0.582 0.6028 0.619 0.5959 0.6213 0.6374 0.6167 0.6444 0.6676 0.6374 0.656 0.6953 0.656 0.5834 0.5857 0.6296 0.5857 0.588 0.6296 0.5927 0.6064 0.6433 0.6019 0.6111 0.6641 0.6226 0.6319 0.6872 0.6457 0.6433 0.7102 0.6641 0.6411
0.8824 1.0 0.0537 0.36 0.37 0.38 0.39 0.4 0.41 0.42 0.43 0.44 0.45 0.46 0.47 0.48 0.49 0.5 0.51 0.52 0.53 0.54 0.55 0.8226 0.7927 0.7742 0.8272 0.7949 0.7788 0.8226 0.7949 0.7811 0.8479 0.811 0.7903 0.8663 0.8387 0.8088 0.8848 0.864 0.8249 0.894 0.8779 0.5773 0.5842 0.6051 0.5797 0.5981 0.6028 0.582 0.6028 0.619 0.5959 0.6213 0.6374 0.6167 0.6444 0.6676 0.6374 0.656 0.6953 0.656 0.6537 0.5857 0.6296 0.5857 0.588 0.6296 0.5927 0.6064 0.6433 0.6019 0.6111 0.6641 0.6226 0.6319 0.6872 0.6457 0.6433 0.7102 0.6641 0.6411 0.7172
0.8824 1.0 0.1537 0.37 0.38 0.39 0.4 0.41 0.42 0.43 0.44 0.45 0.46 0.47 0.48 0.49 0.5 0.51 0.52 0.53 0.54 0.55 0.56 0.7927 0.7742 0.8272 0.7949 0.7788 0.8226 0.7949 0.7811 0.8479 0.811 0.7903 0.8663 0.8387 0.8088 0.8848 0.864 0.8249 0.894 0.8779 0.8318 0.5842 0.6051 0.5797 0.5981 0.6028 0.582 0.6028 0.619 0.5959 0.6213 0.6374 0.6167 0.6444 0.6676 0.6374 0.656 0.6953 0.656 0.6537 0.7116 0.6296 0.5857 0.588 0.6296 0.5927 0.6064 0.6433 0.6019 0.6111 0.6641 0.6226 0.6319 0.6872 0.6457 0.6433 0.7102 0.6641 0.6411 0.7172 0.671
0.8341 1.0 0.1687 0.38 0.39 0.4 0.41 0.42 0.43 0.44 0.45 0.46 0.47 0.48 0.49 0.5 0.51 0.52 0.53 0.54 0.55 0.56 0.57 0.7742 0.8272 0.7949 0.7788 0.8226 0.7949 0.7811 0.8479 0.811 0.7903 0.8663 0.8387 0.8088 0.8848 0.864 0.8249 0.894 0.8779 0.8318 0.8824 0.6051 0.5797 0.5981 0.6028 0.582 0.6028 0.619 0.5959 0.6213 0.6374 0.6167 0.6444 0.6676 0.6374 0.656 0.6953 0.656 0.6537 0.7116 0.6676 0.5857 0.588 0.6296 0.5927 0.6064 0.6433 0.6019 0.6111 0.6641 0.6226 0.6319 0.6872 0.6457 0.6433 0.7102 0.6641 0.6411 0.7172 0.671 0.6341
0.8594 1.0 0.0 0.39 0.4 0.41 0.42 0.43 0.44 0.45 0.46 0.47 0.48 0.49 0.5 0.51 0.52 0.53 0.54 0.55 0.56 0.57 0.58 0.8272 0.7949 0.7788 0.8226 0.7949 0.7811 0.8479 0.811 0.7903 0.8663 0.8387 0.8088 0.8848 0.864 0.8249 0.894 0.8779 0.8318 0.8824 0.8824 0.5797 0.5981 0.6028 0.582 0.6028 0.619 0.5959 0.6213 0.6374 0.6167 0.6444 0.6676 0.6374 0.656 0.6953 0.656 0.6537 0.7116 0.6676 0.6468 0.588 0.6296 0.5927 0.6064 0.6433 0.6019 0.6111 0.6641 0.6226 0.6319 0.6872 0.6457 0.6433 0.7102 0.6641 0.6411 0.7172 0.671 0.6341 0.701
0.8871 1.0 0.161 0.4 0.41 0.42 0.43 0.44 0.45 0.46 0.47 0.48 0.49 0.5 0.51 0.52 0.53 0.54 0.55 0.56 0.57 0.58 0.59 0.7949 0.7788 0.8226 0.7949 0.7811 0.8479 0.811 0.7903 0.8663 0.8387 0.8088 0.8848 0.864 0.8249 0.894 0.8779 0.8318 0.8824 0.8824 0.8341 0.5981 0.6028 0.582 0.6028 0.619 0.5959 0.6213 0.6374 0.6167 0.6444 0.6676 0.6374 0.656 0.6953 0.656 0.6537 0.7116 0.6676 0.6468 0.7092 0.6296 0.5927 0.6064 0.6433 0.6019 0.6111 0.6641 0.6226 0.6319 0.6872 0.6457 0.6433 0.7102 0.6641 0.6411 0.7172 0.671 0.6341 0.701 0.671
0.8341 1.0 0.0843 0.41 0.42 0.43 0.44 0.45 0.46 0.47 0.48 0.49 0.5 0.51 0.52 0.53 0.54 0.55 0.56 0.57 0.58 0.59 0.6 0.7788 0.8226 0.7949 0.7811 0.8479 0.811 0.7903 0.8663 0.8387 0.8088 0.8848 0.864 0.8249 0.894 0.8779 0.8318 0.8824 0.8824 0.8341 0.8594 0.6028 0.582 0.6028 0.619 0.5959 0.6213 0.6374 0.6167 0.6444 0.6676 0.6374 0.656 0.6953 0.656 0.6537 0.7116 0.6676 0.6468 0.7092 0.6676 0.5927 0.6064 0.6433 0.6019 0.6111 0.6641 0.6226 0.6319 0.6872 0.6457 0.6433 0.7102 0.6641 0.6411 0.7172 0.671 0.6341 0.701 0.671 0.6272
0.8318 1.0 0.0923 0.42 0.43 0.44 0.45 0.46 0.47 0.48 0.49 0.5 0.51 0.52 0.53 0.54 0.55 0.56 0.57 0.58 0.59 0.6 0.61 0.8226 0.7949 0.7811 0.8479 0.811 0.7903 0.8663 0.8387 0.8088 0.8848 0.864 0.8249 0.894 0.8779 0.8318 0.8824 0.8824 0.8341 0.8594 0.8871 0.582 0.6028 0.619 0.5959 0.6213 0.6374 0.6167 0.6444 0.6676 0.6374 0.656 0.6953 0.656 0.6537 0.7116 0.6676 0.6468 0.7092 0.6676 0.6329 0.6064 0.6433 0.6019 0.6111 0.6641 0.6226 0.6319 0.6872 0.6457 0.6433 0.7102 0.6641 0.6411 0.7172 0.671 0.6341 0.701 0.671 0.6272 0.678
0.8824 1.0 0.1767 0.43 0.44 0.45 0.46 0.47 0.48 0.49 0.5 0.51 0.52 0.53 0.54 0.55 0.56 0.57 0.58 0.59 0.6 0.61 0.62 0.7949 0.7811 0.8479 0.811 0.7903 0.8663 0.8387 0.8088 0.8848 0.864 0.8249 0.894 0.8779 0.8318 0.8824 0.8824 0.8341 0.8594 0.8871 0.8341 0.6028 0.619 0.5959 0.6213 0.6374 0.6167 0.6444 0.6676 0.6374 0.656 0.6953 0.656 0.6537 0.7116 0.6676 0.6468 0.7092 0.6676 0.6329 0.693 0.6433 0.6019 0.6111 0.6641 0.6226 0.6319 0.6872 0.6457 0.6433 0.7102 0.6641 0.6411 0.7172 0.671 0.6341 0.701 0.671 0.6272 0.678 0.6664
0.8387 1.0 0.0077 0.44 0.45 0.46 0.47 0.48 0.49 0.5 0.51 0.52 0.53 0.54 0.55 0.56 0.57 0.58 0.59 0.6 0.61 0.62 0.63 0.7811 0.8479 0.811 0.7903 0.8663 0.8387 0.8088 0.8848 0.864 0.8249 0.894 0.8779 0.8318 0.8824 0.8824 0.8341 0.8594 0.8871 0.8341 0.8318 0.619 0.5959 0.6213 0.6374 0.6167 0.6444 0.6676 0.6374 0.656 0.6953 0.656 0.6537 0.7116 0.6676 0.6468 0.7092 0.6676 0.6329 0.693 0.6699 0.6019 0.6111 0.6641 0.6226 0.6319 0.6872 0.6457 0.6433 0.7102 0.6641 0.6411 0.7172 0.671 0.6341 0.701 0.671 0.6272 0.678 0.6664 0.6249
0.8133 1.0 0.1687 0.45 0.46 0.47 0.48 0.49 0.5 0.51 0.52 0.53 0.54 0.55 0.56 0.57 0.58 0.59 0.6 0.61 0.62 0.63 0.64 0.8479 0.811 0.7903 0.8663 0.8387 0.8088 0.8848 0.864 0.8249 0.894 0.8779 0.8318 0.8824 0.8824 0.8341 0.8594 0.8871 0.8341 0.8318 0.8824 0.5959 0.6213 0.6374 0.6167 0.6444 0.6676 0.6374 0.656 0.6953 0.656 0.6537 0.7116 0.6676 0.6468 0.7092 0.6676 0.6329 0.693 0.6699 0.6282 0.6111 0.6641 0.6226 0.6319 0.6872 0.6457 0.6433 0.7102 0.6641 0.6411 0.7172 0.671 0.6341 0.701 0.671 0.6272 0.678 0.6664 0.6249 0.6411
0.8687 1.0 0.1457 0.46 0.47 0.48 0.49 0.5 0.51 0.52 0.53 0.54 0.55 0.56 0.57 0.58 0.59 0.6 0.61 0.62 0.63 0.64 0.65 0.811 0.7903 0.8663 0.8387 0.8088 0.8848 0.864 0.8249 0.894 0.8779 0.8318 0.8824 0.8824 0.8341 0.8594 0.8871 0.8341 0.8318 0.8824 0.8387 0.6213 0.6374 0.6167 0.6444 0.6676 0.6374 0.656 0.6953 0.656 0.6537 0.7116 0.6676 0.6468 0.7092 0.6676 0.6329 0.693 0.6699 0.6282 0.6791 0.6641 0.6226 0.6319 0.6872 0.6457 0.6433 0.7102 0.6641 0.6411 0.7172 0.671 0.6341 0.701 0.671 0.6272 0.678 0.6664 0.6249 0.6411 0.6641
0.8318 1.0 0.0847 0.47 0.48 0.49 0.5 0.51 0.52 0.53 0.54 0.55 0.56 0.57 0.58 0.59 0.6 0.61 0.62 0.63 0.64 0.65 0.66 0.7903 0.8663 0.8387 0.8088 0.8848 0.864 0.8249 0.894 0.8779 0.8318 0.8824 0.8824 0.8341 0.8594 0.8871 0.8341 0.8318 0.8824 0.8387 0.8133 0.6374 0.6167 0.6444 0.6676 0.6374 0.656 0.6953 0.656 0.6537 0.7116 0.6676 0.6468 0.7092 0.6676 0.6329 0.693 0.6699 0.6282 0.6791 0.6699 0.6226 0.6319 0.6872 0.6457 0.6433 0.7102 0.6641 0.6411 0.7172 0.671 0.6341 0.701 0.671 0.6272 0.678 0.6664 0.6249 0.6411 0.6641 0.6226
0.7903 1.0 0.1847 0.48 0.49 0.5 0.51 0.52 0.53 0.54 0.55 0.56 0.57 0.58 0.59 0.6 0.61 0.62 0.63 0.64 0.65 0.66 0.67 0.8663 0.8387 0.8088 0.8848 0.864 0.8249 0.894 0.8779 0.8318 0.8824 0.8824 0.8341 0.8594 0.8871 0.8341 0.8318 0.8824 0.8387 0.8133 0.8687 0.6167 0.6444 0.6676 0.6374 0.656 0.6953 0.656 0.6537 0.7116 0.6676 0.6468 0.7092 0.6676 0.6329 0.693 0.6699 0.6282 0.6791 0.6699 0.6306 0.6319 0.6872 0.6457 0.6433 0.7102 0.6641 0.6411 0.7172 0.671 0.6341 0.701 0.671 0.6272 0.678 0.6664 0.6249 0.6411 0.6641 0.6226 0.6157
0.7603 1.0 0.123 0.49 0.5 0.51 0.52 0.53 0.54 0.55 0.56 0.57 0.58 0.59 0.6 0.61 0.62 0.63 0.64 0.65 0.66 0.67 0.68 0.8387 0.8088 0.8848 0.864 0.8249 0.894 0.8779 0.8318 0.8824 0.8824 0.8341 0.8594 0.8871 0.8341 0.8318 0.8824 0.8387 0.8133 0.8687 0.8318 0.6444 0.6676 0.6374 0.656 0.6953 0.656 0.6537 0.7116 0.6676 0.6468 0.7092 0.6676 0.6329 0.693 0.6699 0.6282 0.6791 0.6699 0.6306 0.6537 0.6872 0.6457 0.6433 0.7102 0.6641 0.6411 0.7172 0.671 0.6341 0.701 0.671 0.6272 0.678 0.6664 0.6249 0.6411 0.6641 0.6226 0.6157 0.6664
0.7442 1.0 0.1383 0.5 0.51 0.52 0.53 0.54 0.55 0.56 0.57 0.58 0.59 0.6 0.61 0.62 0.63 0.64 0.65 0.66 0.67 0.68 0.69 0.8088 0.8848 0.864 0.8249 0.894 0.8779 0.8318 0.8824 0.8824 0.8341 0.8594 0.8871 0.8341 0.8318 0.8824 0.8387 0.8133 0.8687 0.8318 0.7903 0.6676 0.6374 0.656 0.6953 0.656 0.6537 0.7116 0.6676 0.6468 0.7092 0.6676 0.6329 0.693 0.6699 0.6282 0.6791 0.6699 0.6306 0.6537 0.6652 0.6457 0.6433 0.7102 0.6641 0.6411 0.7172 0.671 0.6341 0.701 0.671 0.6272 0.678 0.6664 0.6249 0.6411 0.6641 0.6226 0.6157 0.6664 0.6272
0.7236 1.0 0.1 0.51 0.52 0.53 0.54 0.55 0.56 0.57 0.58 0.59 0.6 0.61 0.62 0.63 0.64 0.65 0.66 0.67 0.68 0.69 0.7 0.8848 0.864 0.8249 0.894 0.8779 0.8318 0.8824 0.8824 0.8341 0.8594 0.8871 0.8341 0.8318 0.8824 0.8387 0.8133 0.8687 0.8318 0.7903 0.7603 0.6374 0.656 0.6953 0.656 0.6537 0.7116 0.6676 0.6468 0.7092 0.6676 0.6329 0.693 0.6699 0.6282 0.6791 0.6699 0.6306 0.6537 0.6652 0.6306 0.6433 0.7102 0.6641 0.6411 0.7172 0.671 0.6341 0.701 0.671 0.6272 0.678 0.6664 0.6249 0.6411 0.6641 0.6226 0.6157 0.6664 0.6272 0.5949
0.7004 1.0 0.0537 0.52 0.53 0.54 0.55 0.56 0.57 0.58 0.59 0.6 0.61 0.62 0.63 0.64 0.65 0.66 0.67 0.68 0.69 0.7 0.71 0.864 0.8249 0.894 0.8779 0.8318 0.8824 0.8824 0.8341 0.8594 0.8871 0.8341 0.8318 0.8824 0.8387 0.8133 0.8687 0.8318 0.7903 0.7603 0.7442 0.656 0.6953 0.656 0.6537 0.7116 0.6676 0.6468 0.7092 0.6676 0.6329 0.693 0.6699 0.6282 0.6791 0.6699 0.6306 0.6537 0.6652 0.6306 0.5936 0.7102 0.6641 0.6411 0.7172 0.671 0.6341 0.701 0.671 0.6272 0.678 0.6664 0.6249 0.6411 0.6641 0.6226 0.6157 0.6664 0.6272 0.5949 0.5719
0.689 1.0 0.0687 0.53 0.54 0.55 0.56 0.57 0.58 0.59 0.6 0.61 0.62 0.63 0.64 0.65 0.66 0.67 0.68 0.69 0.7 0.71 0.72 0.8249 0.894 0.8779 0.8318 0.8824 0.8824 0.8341 0.8594 0.8871 0.8341 0.8318 0.8824 0.8387 0.8133 0.8687 0.8318 0.7903 0.7603 0.7442 0.7236 0.6953 0.656 0.6537 0.7116 0.6676 0.6468 0.7092 0.6676 0.6329 0.693 0.6699 0.6282 0.6791 0.6699 0.6306 0.6537 0.6652 0.6306 0.5936 0.5727 0.6641 0.6411 0.7172 0.671 0.6341 0.701 0.671 0.6272 0.678 0.6664 0.6249 0.6411 0.6641 0.6226 0.6157 0.6664 0.6272 0.5949 0.5719 0.5534
0.6706 1.0 0.0773 0.54 0.55 0.56 0.57 0.58 0.59 0.6 0.61 0.62 0.63 0.64 0.65 0.66 0.67 0.68 0.69 0.7 0.71 0.72 0.73 0.894 0.8779 0.8318 0.8824 0.8824 0.8341 0.8594 0.8871 0.8341 0.8318 0.8824 0.8387 0.8133 0.8687 0.8318 0.7903 0.7603 0.7442 0.7236 0.7004 0.656 0.6537 0.7116 0.6676 0.6468 0.7092 0.6676 0.6329 0.693 0.6699 0.6282 0.6791 0.6699 0.6306 0.6537 0.6652 0.6306 0.5936 0.5727 0.5542 0.6411 0.7172 0.671 0.6341 0.701 0.671 0.6272 0.678 0.6664 0.6249 0.6411 0.6641 0.6226 0.6157 0.6664 0.6272 0.5949 0.5719 0.5534 0.5327
0.6498 1.0 0.038 0.55 0.56 0.57 0.58 0.59 0.6 0.61 0.62 0.63 0.64 0.65 0.66 0.67 0.68 0.69 0.7 0.71 0.72 0.73 0.74 0.8779 0.8318 0.8824 0.8824 0.8341 0.8594 0.8871 0.8341 0.8318 0.8824 0.8387 0.8133 0.8687 0.8318 0.7903 0.7603 0.7442 0.7236 0.7004 0.689 0.6537 0.7116 0.6676 0.6468 0.7092 0.6676 0.6329 0.693 0.6699 0.6282 0.6791 0.6699 0.6306 0.6537 0.6652 0.6306 0.5936 0.5727 0.5542 0.5264 0.7172 0.671 0.6341 0.701 0.671 0.6272 0.678 0.6664 0.6249 0.6411 0.6641 0.6226 0.6157 0.6664 0.6272 0.5949 0.5719 0.5534 0.5327 0.5119
0.6406 1.0 0.0613 0.56 0.57 0.58 0.59 0.6 0.61 0.62 0.63 0.64 0.65 0.66 0.67 0.68 0.69 0.7 0.71 0.72 0.73 0.74 0.75 0.8318 0.8824 0.8824 0.8341 0.8594 0.8871 0.8341 0.8318 0.8824 0.8387 0.8133 0.8687 0.8318 0.7903 0.7603 0.7442 0.7236 0.7004 0.689 0.6706 0.7116 0.6676 0.6468 0.7092 0.6676 0.6329 0.693 0.6699 0.6282 0.6791 0.6699 0.6306 0.6537 0.6652 0.6306 0.5936 0.5727 0.5542 0.5264 0.5102 0.671 0.6341 0.701 0.671 0.6272 0.678 0.6664 0.6249 0.6411 0.6641 0.6226 0.6157 0.6664 0.6272 0.5949 0.5719 0.5534 0.5327 0.5119 0.5003
0.6291 1.0 0.0693 0.57 0.58 0.59 0.6 0.61 0.62 0.63 0.64 0.65 0.66 0.67 0.68 0.69 0.7 0.71 0.72 0.73 0.74 0.75 0.76 0.8824 0.8824 0.8341 0.8594 0.8871 0.8341 0.8318 0.8824 0.8387 0.8133 0.8687 0.8318 0.7903 0.7603 0.7442 0.7236 0.7004 0.689 0.6706 0.6498 0.6676 0.6468 0.7092 0.6676 0.6329 0.693 0.6699 0.6282 0.6791 0.6699 0.6306 0.6537 0.6652 0.6306 0.5936 0.5727 0.5542 0.5264 0.5102 0.4987 0.6341 0.701 0.671 0.6272 0.678 0.6664 0.6249 0.6411 0.6641 0.6226 0.6157 0.6664 0.6272 0.5949 0.5719 0.5534 0.5327 0.5119 0.5003 0.4842
0.6083 1.0 0.0307 0.58 0.59 0.6 0.61 0.62 0.63 0.64 0.65 0.66 0.67 0.68 0.69 0.7 0.71 0.72 0.73 0.74 0.75 0.76 0.77 0.8824 0.8341 0.8594 0.8871 0.8341 0.8318 0.8824 0.8387 0.8133 0.8687 0.8318 0.7903 0.7603 0.7442 0.7236 0.7004 0.689 0.6706 0.6498 0.6406 0.6468 0.7092 0.6676 0.6329 0.693 0.6699 0.6282 0.6791 0.6699 0.6306 0.6537 0.6652 0.6306 0.5936 0.5727 0.5542 0.5264 0.5102 0.4987 0.4754 0.701 0.671 0.6272 0.678 0.6664 0.6249 0.6411 0.6641 0.6226 0.6157 0.6664 0.6272 0.5949 0.5719 0.5534 0.5327 0.5119 0.5003 0.4842 0.4634
0.6014 1.0 0.0383 0.59 0.6 0.61 0.62 0.63 0.64 0.65 0.66 0.67 0.68 0.69 0.7 0.71 0.72 0.73 0.74 0.75 0.76 0.77 0.78 0.8341 0.8594 0.8871 0.8341 0.8318 0.8824 0.8387 0.8133 0.8687 0.8318 0.7903 0.7603 0.7442 0.7236 0.7004 0.689 0.6706 0.6498 0.6406 0.6291 0.7092 0.6676 0.6329 0.693 0.6699 0.6282 0.6791 0.6699 0.6306 0.6537 0.6652 0.6306 0.5936 0.5727 0.5542 0.5264 0.5102 0.4987 0.4754 0.4593 0.671 0.6272 0.678 0.6664 0.6249 0.6411 0.6641 0.6226 0.6157 0.6664 0.6272 0.5949 0.5719 0.5534 0.5327 0.5119 0.5003 0.4842 0.4634 0.4589
0.5991 1.0 0.0693 0.6 0.61 0.62 0.63 0.64 0.65 0.66 0.67 0.68 0.69 0.7 0.71 0.72 0.73 0.74 0.75 0.76 0.77 0.78 0.79 0.8594 0.8871 0.8341 0.8318 0.8824 0.8387 0.8133 0.8687 0.8318 0.7903 0.7603 0.7442 0.7236 0.7004 0.689 0.6706 0.6498 0.6406 0.6291 0.6083 0.6676 0.6329 0.693 0.6699 0.6282 0.6791 0.6699 0.6306 0.6537 0.6652 0.6306 0.5936 0.5727 0.5542 0.5264 0.5102 0.4987 0.4754 0.4593 0.4547 0.6272 0.678 0.6664 0.6249 0.6411 0.6641 0.6226 0.6157 0.6664 0.6272 0.5949 0.5719 0.5534 0.5327 0.5119 0.5003 0.4842 0.4634 0.4589 0.445
0.5807 1.0 0.023 0.61 0.62 0.63 0.64 0.65 0.66 0.67 0.68 0.69 0.7 0.71 0.72 0.73 0.74 0.75 0.76 0.77 0.78 0.79 0.8 0.8871 0.8341 0.8318 0.8824 0.8387 0.8133 0.8687 0.8318 0.7903 0.7603 0.7442 0.7236 0.7004 0.689 0.6706 0.6498 0.6406 0.6291 0.6083 0.6014 0.6329 0.693 0.6699 0.6282 0.6791 0.6699 0.6306 0.6537 0.6652 0.6306 0.5936 0.5727 0.5542 0.5264 0.5102 0.4987 0.4754 0.4593 0.4547 0.4384 0.678 0.6664 0.6249 0.6411 0.6641 0.6226 0.6157 0.6664 0.6272 0.5949 0.5719 0.5534 0.5327 0.5119 0.5003 0.4842 0.4634 0.4589 0.445 0.4266
0.5716 1.0 0.0077 0.62 0.63 0.64 0.65 0.66 0.67 0.68 0.69 0.7 0.71 0.72 0.73 0.74 0.75 0.76 0.77 0.78 0.79 0.8 0.81 0.8341 0.8318 0.8824 0.8387 0.8133 0.8687 0.8318 0.7903 0.7603 0.7442 0.7236 0.7004 0.689 0.6706 0.6498 0.6406 0.6291 0.6083 0.6014 0.5991 0.693 0.6699 0.6282 0.6791 0.6699 0.6306 0.6537 0.6652 0.6306 0.5936 0.5727 0.5542 0.5264 0.5102 0.4987 0.4754 0.4593 0.4547 0.4384 0.4199 0.6664 0.6249 0.6411 0.6641 0.6226 0.6157 0.6664 0.6272 0.5949 0.5719 0.5534 0.5327 0.5119 0.5003 0.4842 0.4634 0.4589 0.445 0.4266 0.4242
0.5738 1.0 0.0613 0.63 0.64 0.65 0.66 0.67 0.68 0.69 0.7 0.71 0.72 0.73 0.74 0.75 0.76 0.77 0.78 0.79 0.8 0.81 0.82 0.8318 0.8824 0.8387 0.8133 0.8687 0.8318 0.7903 0.7603 0.7442 0.7236 0.7004 0.689 0.6706 0.6498 0.6406 0.6291 0.6083 0.6014 0.5991 0.5807 0.6699 0.6282 0.6791 0.6699 0.6306 0.6537 0.6652 0.6306 0.5936 0.5727 0.5542 0.5264 0.5102 0.4987 0.4754 0.4593 0.4547 0.4384 0.4199 0.4222 0.6249 0.6411 0.6641 0.6226 0.6157 0.6664 0.6272 0.5949 0.5719 0.5534 0.5327 0.5119 0.5003 0.4842 0.4634 0.4589 0.445 0.4266 0.4242 0.4173
0.5553 1.0 0.0303 0.64 0.65 0.66 0.67 0.68 0.69 0.7 0.71 0.72 0.73 0.74 0.75 0.76 0.77 0.78 0.79 0.8 0.81 0.82 0.83 0.8824 0.8387 0.8133 0.8687 0.8318 0.7903 0.7603 0.7442 0.7236 0.7004 0.689 0.6706 0.6498 0.6406 0.6291 0.6083 0.6014 0.5991 0.5807 0.5716 0.6282 0.6791 0.6699 0.6306 0.6537 0.6652 0.6306 0.5936 0.5727 0.5542 0.5264 0.5102 0.4987 0.4754 0.4593 0.4547 0.4384 0.4199 0.4222 0.4083 0.6411 0.6641 0.6226 0.6157 0.6664 0.6272 0.5949 0.5719 0.5534 0.5327 0.5119 0.5003 0.4842 0.4634 0.4589 0.445 0.4266 0.4242 0.4173 0.3966
0.5416 1.0 0.0073 0.65 0.66 0.67 0.68 0.69 0.7 0.71 0.72 0.73 0.74 0.75 0.76 0.77 0.78 0.79 0.8 0.81 0.82 0.83 0.84 0.8387 0.8133 0.8687 0.8318 0.7903 0.7603 0.7442 0.7236 0.7004 0.689 0.6706 0.6498 0.6406 0.6291 0.6083 0.6014 0.5991 0.5807 0.5716 0.5738 0.6791 0.6699 0.6306 0.6537 0.6652 0.6306 0.5936 0.5727 0.5542 0.5264 0.5102 0.4987 0.4754 0.4593 0.4547 0.4384 0.4199 0.4222 0.4083 0.3899 0.6641 0.6226 0.6157 0.6664 0.6272 0.5949 0.5719 0.5534 0.5327 0.5119 0.5003 0.4842 0.4634 0.4589 0.445 0.4266 0.4242 0.4173 0.3966 0.3942
0.5439 1.0 0.0617 0.66 0.67 0.68 0.69 0.7 0.71 0.72 0.73 0.74 0.75 0.76 0.77 0.78 0.79 0.8 0.81 0.82 0.83 0.84 0.85 0.8133 0.8687 0.8318 0.7903 0.7603 0.7442 0.7236 0.7004 0.689 0.6706 0.6498 0.6406 0.6291 0.6083 0.6014 0.5991 0.5807 0.5716 0.5738 0.5553 0.6699 0.6306 0.6537 0.6652 0.6306 0.5936 0.5727 0.5542 0.5264 0.5102 0.4987 0.4754 0.4593 0.4547 0.4384 0.4199 0.4222 0.4083 0.3899 0.3852 0.6226 0.6157 0.6664 0.6272 0.5949 0.5719 0.5534 0.5327 0.5119 0.5003 0.4842 0.4634 0.4589 0.445 0.4266 0.4242 0.4173 0.3966 0.3942 0.3897
0.53 1.0 0.0457 0.67 0.68 0.69 0.7 0.71 0.72 0.73 0.74 0.75 0.76 0.77 0.78 0.79 0.8 0.81 0.82 0.83 0.84 0.85 0.86 0.8687 0.8318 0.7903 0.7603 0.7442 0.7236 0.7004 0.689 0.6706 0.6498 0.6406 0.6291 0.6083 0.6014 0.5991 0.5807 0.5716 0.5738 0.5553 0.5416 0.6306 0.6537 0.6652 0.6306 0.5936 0.5727 0.5542 0.5264 0.5102 0.4987 0.4754 0.4593 0.4547 0.4384 0.4199 0.4222 0.4083 0.3899 0.3852 0.3783 0.6157 0.6664 0.6272 0.5949 0.5719 0.5534 0.5327 0.5119 0.5003 0.4842 0.4634 0.4589 0.445 0.4266 0.4242 0.4173 0.3966 0.3942 0.3897 0.3712
0.5162 1.0 0.0077 0.68 0.69 0.7 0.71 0.72 0.73 0.74 0.75 0.76 0.77 0.78 0.79 0.8 0.81 0.82 0.83 0.84 0.85 0.86 0.87 0.8318 0.7903 0.7603 0.7442 0.7236 0.7004 0.689 0.6706 0.6498 0.6406 0.6291 0.6083 0.6014 0.5991 0.5807 0.5716 0.5738 0.5553 0.5416 0.5439 0.6537 0.6652 0.6306 0.5936 0.5727 0.5542 0.5264 0.5102 0.4987 0.4754 0.4593 0.4547 0.4384 0.4199 0.4222 0.4083 0.3899 0.3852 0.3783 0.3598 0.6664 0.6272 0.5949 0.5719 0.5534 0.5327 0.5119 0.5003 0.4842 0.4634 0.4589 0.445 0.4266 0.4242 0.4173 0.3966 0.3942 0.3897 0.3712 0.3642
0.5139 1.0 0.0463 0.69 0.7 0.71 0.72 0.73 0.74 0.75 0.76 0.77 0.78 0.79 0.8 0.81 0.82 0.83 0.84 0.85 0.86 0.87 0.88 0.7903 0.7603 0.7442 0.7236 0.7004 0.689 0.6706 0.6498 0.6406 0.6291 0.6083 0.6014 0.5991 0.5807 0.5716 0.5738 0.5553 0.5416 0.5439 0.53 0.6652 0.6306 0.5936 0.5727 0.5542 0.5264 0.5102 0.4987 0.4754 0.4593 0.4547 0.4384 0.4199 0.4222 0.4083 0.3899 0.3852 0.3783 0.3598 0.3551 0.6272 0.5949 0.5719 0.5534 0.5327 0.5119 0.5003 0.4842 0.4634 0.4589 0.445 0.4266 0.4242 0.4173 0.3966 0.3942 0.3897 0.3712 0.3642 0.3597
0.5047 1.0 0.046 0.7 0.71 0.72 0.73 0.74 0.75 0.76 0.77 0.78 0.79 0.8 0.81 0.82 0.83 0.84 0.85 0.86 0.87 0.88 0.89 0.7603 0.7442 0.7236 0.7004 0.689 0.6706 0.6498 0.6406 0.6291 0.6083 0.6014 0.5991 0.5807 0.5716 0.5738 0.5553 0.5416 0.5439 0.53 0.5162 0.6306 0.5936 0.5727 0.5542 0.5264 0.5102 0.4987 0.4754 0.4593 0.4547 0.4384 0.4199 0.4222 0.4083 0.3899 0.3852 0.3783 0.3598 0.3551 0.3482 0.5949 0.5719 0.5534 0.5327 0.5119 0.5003 0.4842 0.4634 0.4589 0.445 0.4266 0.4242 0.4173 0.3966 0.3942 0.3897 0.3712 0.3642 0.3597 0.3458
0.4909 1.0 0.0077 0.71 0.72 0.73 0.74 0.75 0.76 0.77 0.78 0.79 0.8 0.81 0.82 0.83 0.84 0.85 0.86 0.87 0.88 0.89 0.9 0.7442 0.7236 0.7004 0.689 0.6706 0.6498 0.6406 0.6291 0.6083 0.6014 0.5991 0.5807 0.5716 0.5738 0.5553 0.5416 0.5439 0.53 0.5162 0.5139 0.5936 0.5727 0.5542 0.5264 0.5102 0.4987 0.4754 0.4593 0.4547 0.4384 0.4199 0.4222 0.4083 0.3899 0.3852 0.3783 0.3598 0.3551 0.3482 0.332 0.5719 0.5534 0.5327 0.5119 0.5003 0.4842 0.4634 0.4589 0.445 0.4266 0.4242 0.4173 0.3966 0.3942 0.3897 0.3712 0.3642 0.3597 0.3458 0.3342
0.4863 1.0 0.0307 0.72 0.73 0.74 0.75 0.76 0.77 0.78 0.79 0.8 0.81 0.82 0.83 0.84 0.85 0.86 0.87 0.88 0.89 0.9 0.91 0.7236 0.7004 0.689 0.6706 0.6498 0.6406 0.6291 0.6083 0.6014 0.5991 0.5807 0.5716 0.5738 0.5553 0.5416 0.5439 0.53 0.5162 0.5139 0.5047 0.5727 0.5542 0.5264 0.5102 0.4987 0.4754 0.4593 0.4547 0.4384 0.4199 0.4222 0.4083 0.3899 0.3852 0.3783 0.3598 0.3551 0.3482 0.332 0.325 0.5534 0.5327 0.5119 0.5003 0.4842 0.4634 0.4589 0.445 0.4266 0.4242 0.4173 0.3966 0.3942 0.3897 0.3712 0.3642 0.3597 0.3458 0.3342 0.332
0.4771 1.0 0.046 0.73 0.74 0.75 0.76 0.77 0.78 0.79 0.8 0.81 0.82 0.83 0.84 0.85 0.86 0.87 0.88 0.89 0.9 0.91 0.92 0.7004 0.689 0.6706 0.6498 0.6406 0.6291 0.6083 0.6014 0.5991 0.5807 0.5716 0.5738 0.5553 0.5416 0.5439 0.53 0.5162 0.5139 0.5047 0.4909 0.5542 0.5264 0.5102 0.4987 0.4754 0.4593 0.4547 0.4384 0.4199 0.4222 0.4083 0.3899 0.3852 0.3783 0.3598 0.3551 0.3482 0.332 0.325 0.3181 0.5327 0.5119 0.5003 0.4842 0.4634 0.4589 0.445 0.4266 0.4242 0.4173 0.3966 0.3942 0.3897 0.3712 0.3642 0.3597 0.3458 0.3342 0.332 0.3181
0.4656 1.0 0.0153 0.74 0.75 0.76 0.77 0.78 0.79 0.8 0.81 0.82 0.83 0.84 0.85 0.86 0.87 0.88 0.89 0.9 0.91 0.92 0.93 0.689 0.6706 0.6498 0.6406 0.6291 0.6083 0.6014 0.5991 0.5807 0.5716 0.5738 0.5553 0.5416 0.5439 0.53 0.5162 0.5139 0.5047 0.4909 0.4863 0.5264 0.5102 0.4987 0.4754 0.4593 0.4547 0.4384 0.4199 0.4222 0.4083 0.3899 0.3852 0.3783 0.3598 0.3551 0.3482 0.332 0.325 0.3181 0.3066 0.5119 0.5003 0.4842 0.4634 0.4589 0.445 0.4266 0.4242 0.4173 0.3966 0.3942 0.3897 0.3712 0.3642 0.3597 0.3458 0.3342 0.332 0.3181 0.3089
0.4587 1.0 0.0307 0.75 0.76 0.77 0.78 0.79 0.8 0.81 0.82 0.83 0.84 0.85 0.86 0.87 0.88 0.89 0.9 0.91 0.92 0.93 0.94 0.6706 0.6498 0.6406 0.6291 0.6083 0.6014 0.5991 0.5807 0.5716 0.5738 0.5553 0.5416 0.5439 0.53 0.5162 0.5139 0.5047 0.4909 0.4863 0.4771 0.5102 0.4987 0.4754 0.4593 0.4547 0.4384 0.4199 0.4222 0.4083 0.3899 0.3852 0.3783 0.3598 0.3551 0.3482 0.332 0.325 0.3181 0.3066 0.2972 0.5003 0.4842 0.4634 0.4589 0.445 0.4266 0.4242 0.4173 0.3966 0.3942 0.3897 0.3712 0.3642 0.3597 0.3458 0.3342 0.332 0.3181 0.3089 0.302
0.4494 1.0 0.0383 0.76 0.77 0.78 0.79 0.8 0.81 0.82 0.83 0.84 0.85 0.86 0.87 0.88 0.89 0.9 0.91 0.92 0.93 0.94 0.95 0.6498 0.6406 0.6291 0.6083 0.6014 0.5991 0.5807 0.5716 0.5738 0.5553 0.5416 0.5439 0.53 0.5162 0.5139 0.5047 0.4909 0.4863 0.4771 0.4656 0.4987 0.4754 0.4593 0.4547 0.4384 0.4199 0.4222 0.4083 0.3899 0.3852 0.3783 0.3598 0.3551 0.3482 0.332 0.325 0.3181 0.3066 0.2972 0.2903 0.4842 0.4634 0.4589 0.445 0.4266 0.4242 0.4173 0.3966 0.3942 0.3897 0.3712 0.3642 0.3597 0.3458 0.3342 0.332 0.3181 0.3089 0.302 0.2928
0.4379 1.0 0.023 0.77 0.78 0.79 0.8 0.81 0.82 0.83 0.84 0.85 0.86 0.87 0.88 0.89 0.9 0.91 0.92 0.93 0.94 0.95 0.96 0.6406 0.6291 0.6083 0.6014 0.5991 0.5807 0.5716 0.5738 0.5553 0.5416 0.5439 0.53 0.5162 0.5139 0.5047 0.4909 0.4863 0.4771 0.4656 0.4587 0.4754 0.4593 0.4547 0.4384 0.4199 0.4222 0.4083 0.3899 0.3852 0.3783 0.3598 0.3551 0.3482 0.332 0.325 0.3181 0.3066 0.2972 0.2903 0.2811 0.4634 0.4589 0.445 0.4266 0.4242 0.4173 0.3966 0.3942 0.3897 0.3712 0.3642 0.3597 0.3458 0.3342 0.332 0.3181 0.3089 0.302 0.2928 0.2812
0.4402 1.0 0.031 0.78 0.79 0.8 0.81 0.82 0.83 0.84 0.85 0.86 0.87 0.88 0.89 0.9 0.91 0.92 0.93 0.94 0.95 0.96 0.97 0.6291 0.6083 0.6014 0.5991 0.5807 0.5716 0.5738 0.5553 0.5416 0.5439 0.53 0.5162 0.5139 0.5047 0.4909 0.4863 0.4771 0.4656 0.4587 0.4494 0.4593 0.4547 0.4384 0.4199 0.4222 0.4083 0.3899 0.3852 0.3783 0.3598 0.3551 0.3482 0.332 0.325 0.3181 0.3066 0.2972 0.2903 0.2811 0.2694 0.4589 0.445 0.4266 0.4242 0.4173 0.3966 0.3942 0.3897 0.3712 0.3642 0.3597 0.3458 0.3342 0.332 0.3181 0.3089 0.302 0.2928 0.2812 0.2743
0.4333 1.0 0.0383 0.79 0.8 0.81 0.82 0.83 0.84 0.85 0.86 0.87 0.88 0.89 0.9 0.91 0.92 0.93 0.94 0.95 0.96 0.97 0.0 0.6083 0.6014 0.5991 0.5807 0.5716 0.5738 0.5553 0.5416 0.5439 0.53 0.5162 0.5139 0.5047 0.4909 0.4863 0.4771 0.4656 0.4587 0.4494 0.4379 0.4547 0.4384 0.4199 0.4222 0.4083 0.3899 0.3852 0.3783 0.3598 0.3551 0.3482 0.332 0.325 0.3181 0.3066 0.2972 0.2903 0.2811 0.2694 0.2649 0.445 0.4266 0.4242 0.4173 0.3966 0.3942 0.3897 0.3712 0.3642 0.3597 0.3458 0.3342 0.332 0.3181 0.3089 0.302 0.2928 0.2812 0.2743 0.2673
0.4679 1.0 0.0077 0.8 0.81 0.82 0.83 0.84 0.85 0.86 0.87 0.88 0.89 0.9 0.91 0.92 0.93 0.94 0.95 0.96 0.97 0.0 0.01 0.6014 0.5991 0.5807 0.5716 0.5738 0.5553 0.5416 0.5439 0.53 0.5162 0.5139 0.5047 0.4909 0.4863 0.4771 0.4656 0.4587 0.4494 0.4379 0.4402 0.4384 0.4199 0.4222 0.4083 0.3899 0.3852 0.3783 0.3598 0.3551 0.3482 0.332 0.325 0.3181 0.3066 0.2972 0.2903 0.2811 0.2694 0.2649 0.2557 0.4266 0.4242 0.4173 0.3966 0.3942 0.3897 0.3712 0.3642 0.3597 0.3458 0.3342 0.332 0.3181 0.3089 0.302 0.2928 0.2812 0.2743 0.2673 0.2859
0.5416 1.0 0.023 0.81 0.82 0.83 0.84 0.85 0.86 0.87 0.88 0.89 0.9 0.91 0.92 0.93 0.94 0.95 0.96 0.97 0.0 0.01 0.02 0.5991 0.5807 0.5716 0.5738 0.5553 0.5416 0.5439 0.53 0.5162 0.5139 0.5047 0.4909 0.4863 0.4771 0.4656 0.4587 0.4494 0.4379 0.4402 0.4333 0.4199 0.4222 0.4083 0.3899 0.3852 0.3783 0.3598 0.3551 0.3482 0.332 0.325 0.3181 0.3066 0.2972 0.2903 0.2811 0.2694 0.2649 0.2557 0.325 0.4242 0.4173 0.3966 0.3942 0.3897 0.3712 0.3642 0.3597 0.3458 0.3342 0.332 0.3181 0.3089 0.302 0.2928 0.2812 0.2743 0.2673 0.2859 0.3112
0.5139 1.0 0.1153 0.82 0.83 0.84 0.85 0.86 0.87 0.88 0.89 0.9 0.91 0.92 0.93 0.94 0.95 0.96 0.97 0.0 0.01 0.02 0.03 0.5807 0.5716 0.5738 0.5553 0.5416 0.5439 0.53 0.5162 0.5139 0.5047 0.4909 0.4863 0.4771 0.4656 0.4587 0.4494 0.4379 0.4402 0.4333 0.4679 0.4222 0.4083 0.3899 0.3852 0.3783 0.3598 0.3551 0.3482 0.332 0.325 0.3181 0.3066 0.2972 0.2903 0.2811 0.2694 0.2649 0.2557 0.325 0.3134 0.4173 0.3966 0.3942 0.3897 0.3712 0.3642 0.3597 0.3458 0.3342 0.332 0.3181 0.3089 0.302 0.2928 0.2812 0.2743 0.2673 0.2859 0.3112 0.2904
0.5231 1.0 0.2457 0.83 0.84 0.85 0.86 0.87 0.88 0.89 0.9 0.91 0.92 0.93 0.94 0.95 0.96 0.97 0.0 0.01 0.02 0.03 0.04 0.5716 0.5738 0.5553 0.5416 0.5439 0.53 0.5162 0.5139 0.5047 0.4909 0.4863 0.4771 0.4656 0.4587 0.4494 0.4379 0.4402 0.4333 0.4679 0.5416 0.4083 0.3899 0.3852 0.3783 0.3598 0.3551 0.3482 0.332 0.325 0.3181 0.3066 0.2972 0.2903 0.2811 0.2694 0.2649 0.2557 0.325 0.3134 0.2972 0.3966 0.3942 0.3897 0.3712 0.3642 0.3597 0.3458 0.3342 0.332 0.3181 0.3089 0.302 0.2928 0.2812 0.2743 0.2673 0.2859 0.3112 0.2904 0.3504
0.606 1.0 0.0923 0.84 0.85 0.86 0.87 0.88 0.89 0.9 0.91 0.92 0.93 0.94 0.95 0.96 0.97 0.0 0.01 0.02 0.03 0.04 0.05 0.5738 0.5553 0.5416 0.5439 0.53 0.5162 0.5139 0.5047 0.4909 0.4863 0.4771 0.4656 0.4587 0.4494 0.4379 0.4402 0.4333 0.4679 0.5416 0.5139 0.3899 0.3852 0.3783 0.3598 0.3551 0.3482 0.332 0.325 0.3181 0.3066 0.2972 0.2903 0.2811 0.2694 0.2649 0.2557 0.325 0.3134 0.2972 0.3621 0.3942 0.3897 0.3712 0.3642 0.3597 0.3458 0.3342 0.332 0.3181 0.3089 0.302 0.2928 0.2812 0.2743 0.2673 0.2859 0.3112 0.2904 0.3504 0.3734
0.5716 1.0 0.0307 0.85 0.86 0.87 0.88 0.89 0.9 0.91 0.92 0.93 0.94 0.95 0.96 0.97 0.0 0.01 0.02 0.03 0.04 0.05 0.06 0.5553 0.5416 0.5439 0.53 0.5162 0.5139 0.5047 0.4909 0.4863 0.4771 0.4656 0.4587 0.4494 0.4379 0.4402 0.4333 0.4679 0.5416 0.5139 0.5231 0.3852 0.3783 0.3598 0.3551 0.3482 0.332 0.325 0.3181 0.3066 0.2972 0.2903 0.2811 0.2694 0.2649 0.2557 0.325 0.3134 0.2972 0.3621 0.3621 0.3897 0.3712 0.3642 0.3597 0.3458 0.3342 0.332 0.3181 0.3089 0.302 0.2928 0.2812 0.2743 0.2673 0.2859 0.3112 0.2904 0.3504 0.3734 0.3412
0.5531 1.0 0.2763 0.86 0.87 0.88 0.89 0.9 0.91 0.92 0.93 0.94 0.95 0.96 0.97 0.0 0.01 0.02 0.03 0.04 0.05 0.06 0.07 0.5416 0.5439 0.53 0.5162 0.5139 0.5047 0.4909 0.4863 0.4771 0.4656 0.4587 0.4494 0.4379 0.4402 0.4333 0.4679 0.5416 0.5139 0.5231 0.606 0.3783 0.3598 0.3551 0.3482 0.332 0.325 0.3181 0.3066 0.2972 0.2903 0.2811 0.2694 0.2649 0.2557 0.325 0.3134 0.2972 0.3621 0.3621 0.3367 0.3712 0.3642 0.3597 0.3458 0.3342 0.332 0.3181 0.3089 0.302 0.2928 0.2812 0.2743 0.2673 0.2859 0.3112 0.2904 0.3504 0.3734 0.3412 0.3734
0.6452 1.0 0.1147 0.87 0.88 0.89 0.9 0.91 0.92 0.93 0.94 0.95 0.96 0.97 0.0 0.01 0.02 0.03 0.04 0.05 0.06 0.07 0.08 0.5439 0.53 0.5162 0.5139 0.5047 0.4909 0.4863 0.4771 0.4656 0.4587 0.4494 0.4379 0.4402 0.4333 0.4679 0.5416 0.5139 0.5231 0.606 0.5716 0.3598 0.3551 0.3482 0.332 0.325 0.3181 0.3066 0.2972 0.2903 0.2811 0.2694 0.2649 0.2557 0.325 0.3134 0.2972 0.3621 0.3621 0.3367 0.3852 0.3642 0.3597 0.3458 0.3342 0.332 0.3181 0.3089 0.302 0.2928 0.2812 0.2743 0.2673 0.2859 0.3112 0.2904 0.3504 0.3734 0.3412 0.3734 0.4197
0.6152 1.0 0.0617 0.88 0.89 0.9 0.91 0.92 0.93 0.94 0.95 0.96 0.97 0.0 0.01 0.02 0.03 0.04 0.05 0.06 0.07 0.08 0.09 0.53 0.5162 0.5139 0.5047 0.4909 0.4863 0.4771 0.4656 0.4587 0.4494 0.4379 0.4402 0.4333 0.4679 0.5416 0.5139 0.5231 0.606 0.5716 0.5531 0.3551 0.3482 0.332 0.325 0.3181 0.3066 0.2972 0.2903 0.2811 0.2694 0.2649 0.2557 0.325 0.3134 0.2972 0.3621 0.3621 0.3367 0.3852 0.406 0.3597 0.3458 0.3342 0.332 0.3181 0.3089 0.302 0.2928 0.2812 0.2743 0.2673 0.2859 0.3112 0.2904 0.3504 0.3734 0.3412 0.3734 0.4197 0.3804
0.5807 1.0 0.307 0.89 0.9 0.91 0.92 0.93 0.94 0.95 0.96 0.97 0.0 0.01 0.02 0.03 0.04 0.05 0.06 0.07 0.08 0.09 0.1 0.5162 0.5139 0.5047 0.4909 0.4863 0.4771 0.4656 0.4587 0.4494 0.4379 0.4402 0.4333 0.4679 0.5416 0.5139 0.5231 0.606 0.5716 0.5531 0.6452 0.3482 0.332 0.325 0.3181 0.3066 0.2972 0.2903 0.2811 0.2694 0.2649 0.2557 0.325 0.3134 0.2972 0.3621 0.3621 0.3367 0.3852 0.406 0.3737 0.3458 0.3342 0.332 0.3181 0.3089 0.302 0.2928 0.2812 0.2743 0.2673 0.2859 0.3112 0.2904 0.3504 0.3734 0.3412 0.3734 0.4197 0.3804 0.3804
0.6544 1.0 0.1 0.9 0.91 0.92 0.93 0.94 0.95 0.96 0.97 0.0 0.01 0.02 0.03 0.04 0.05 0.06 0.07 0.08 0.09 0.1 0.11 0.5139 0.5047 0.4909 0.4863 0.4771 0.4656 0.4587 0.4494 0.4379 0.4402 0.4333 0.4679 0.5416 0.5139 0.5231 0.606 0.5716 0.5531 0.6452 0.6152 0.332 0.325 0.3181 0.3066 0.2972 0.2903 0.2811 0.2694 0.2649 0.2557 0.325 0.3134 0.2972 0.3621 0.3621 0.3367 0.3852 0.406 0.3737 0.4014 0.3342 0.332 0.3181 0.3089 0.302 0.2928 0.2812 0.2743 0.2673 0.2859 0.3112 0.2904 0.3504 0.3734 0.3412 0.3734 0.4197 0.3804 0.3804 0.4542
0.6544 1.0 0.115 0.91 0.92 0.93 0.94 0.95 0.96 0.97 0.0 0.01 0.02 0.03 0.04 0.05 0.06 0.07 0.08 0.09 0.1 0.11 0.12 0.5047 0.4909 0.4863 0.4771 0.4656 0.4587 0.4494 0.4379 0.4402 0.4333 0.4679 0.5416 0.5139 0.5231 0.606 0.5716 0.5531 0.6452 0.6152 0.5807 0.325 0.3181 0.3066 0.2972 0.2903 0.2811 0.2694 0.2649 0.2557 0.325 0.3134 0.2972 0.3621 0.3621 0.3367 0.3852 0.406 0.3737 0.4014 0.4454 0.332 0.3181 0.3089 0.302 0.2928 0.2812 0.2743 0.2673 0.2859 0.3112 0.2904 0.3504 0.3734 0.3412 0.3734 0.4197 0.3804 0.3804 0.4542 0.4104
0.6176 1.0 0.2457 0.92 0.93 0.94 0.95 0.96 0.97 0.0 0.01 0.02 0.03 0.04 0.05 0.06 0.07 0.08 0.09 0.1 0.11 0.12 0.13 0.4909 0.4863 0.4771 0.4656 0.4587 0.4494 0.4379 0.4402 0.4333 0.4679 0.5416 0.5139 0.5231 0.606 0.5716 0.5531 0.6452 0.6152 0.5807 0.6544 0.3181 0.3066 0.2972 0.2903 0.2811 0.2694 0.2649 0.2557 0.325 0.3134 0.2972 0.3621 0.3621 0.3367 0.3852 0.406 0.3737 0.4014 0.4454 0.406 0.3181 0.3089 0.302 0.2928 0.2812 0.2743 0.2673 0.2859 0.3112 0.2904 0.3504 0.3734 0.3412 0.3734 0.4197 0.3804 0.3804 0.4542 0.4104 0.3897
0.6521 1.0 0.0 0.93 0.94 0.95 0.96 0.97 0.0 0.01 0.02 0.03 0.04 0.05 0.06 0.07 0.08 0.09 0.1 0.11 0.12 0.13 0.14 0.4863 0.4771 0.4656 0.4587 0.4494 0.4379 0.4402 0.4333 0.4679 0.5416 0.5139 0.5231 0.606 0.5716 0.5531 0.6452 0.6152 0.5807 0.6544 0.6544 0.3066 0.2972 0.2903 0.2811 0.2694 0.2649 0.2557 0.325 0.3134 0.2972 0.3621 0.3621 0.3367 0.3852 0.406 0.3737 0.4014 0.4454 0.406 0.4107 0.3089 0.302 0.2928 0.2812 0.2743 0.2673 0.2859 0.3112 0.2904 0.3504 0.3734 0.3412 0.3734 0.4197 0.3804 0.3804 0.4542 0.4104 0.3897 0.4681
0.6821 1.0 0.1227 0.94 0.95 0.96 0.97 0.0 0.01 0.02 0.03 0.04 0.05 0.06 0.07 0.08 0.09 0.1 0.11 0.12 0.13 0.14 0.15 0.4771 0.4656 0.4587 0.4494 0.4379 0.4402 0.4333 0.4679 0.5416 0.5139 0.5231 0.606 0.5716 0.5531 0.6452 0.6152 0.5807 0.6544 0.6544 0.6176 0.2972 0.2903 0.2811 0.2694 0.2649 0.2557 0.325 0.3134 0.2972 0.3621 0.3621 0.3367 0.3852 0.406 0.3737 0.4014 0.4454 0.406 0.4107 0.4801 0.302 0.2928 0.2812 0.2743 0.2673 0.2859 0.3112 0.2904 0.3504 0.3734 0.3412 0.3734 0.4197 0.3804 0.3804 0.4542 0.4104 0.3897 0.4681 0.4381
0.6452 1.0 0.115 0.95 0.96 0.97 0.0 0.01 0.02 0.03 0.04 0.05 0.06 0.07 0.08 0.09 0.1 0.11 0.12 0.13 0.14 0.15 0.16 0.4656 0.4587 0.4494 0.4379 0.4402 0.4333 0.4679 0.5416 0.5139 0.5231 0.606 0.5716 0.5531 0.6452 0.6152 0.5807 0.6544 0.6544 0.6176 0.6521 0.2903 0.2811 0.2694 0.2649 0.2557 0.325 0.3134 0.2972 0.3621 0.3621 0.3367 0.3852 0.406 0.3737 0.4014 0.4454 0.406 0.4107 0.4801 0.4431 0.2928 0.2812 0.2743 0.2673 0.2859 0.3112 0.2904 0.3504 0.3734 0.3412 0.3734 0.4197 0.3804 0.3804 0.4542 0.4104 0.3897 0.4681 0.4381 0.415
0.6521 1.0 0.1 0.96 0.97 0.0 0.01 0.02 0.03 0.04 0.05 0.06 0.07 0.08 0.09 0.1 0.11 0.12 0.13 0.14 0.15 0.16 0.17 0.4587 0.4494 0.4379 0.4402 0.4333 0.4679 0.5416 0.5139 0.5231 0.606 0.5716 0.5531 0.6452 0.6152 0.5807 0.6544 0.6544 0.6176 0.6521 0.6821 0.2811 0.2694 0.2649 0.2557 0.325 0.3134 0.2972 0.3621 0.3621 0.3367 0.3852 0.406 0.3737 0.4014 0.4454 0.406 0.4107 0.4801 0.4431 0.4246 0.2812 0.2743 0.2673 0.2859 0.3112 0.2904 0.3504 0.3734 0.3412 0.3734 0.4197 0.3804 0.3804 0.4542 0.4104 0.3897 0.4681 0.4381 0.415 0.4703
0.7028 1.0 0.123 0.97 0.0 0.01 0.02 0.03 0.04 0.05 0.06 0.07 0.08 0.09 0.1 0.11 0.12 0.13 0.14 0.15 0.16 0.17 0.18 0.4494 0.4379 0.4402 0.4333 0.4679 0.5416 0.5139 0.5231 0.606 0.5716 0.5531 0.6452 0.6152 0.5807 0.6544 0.6544 0.6176 0.6521 0.6821 0.6452 0.2694 0.2649 0.2557 0.325 0.3134 0.2972 0.3621 0.3621 0.3367 0.3852 0.406 0.3737 0.4014 0.4454 0.406 0.4107 0.4801 0.4431 0.4246 0.494 0.2743 0.2673 0.2859 0.3112 0.2904 0.3504 0.3734 0.3412 0.3734 0.4197 0.3804 0.3804 0.4542 0.4104 0.3897 0.4681 0.4381 0.415 0.4703 0.4658
0.6682 1.0 0.023 0.0 0.01 0.02 0.03 0.04 0.05 0.06 0.07 0.08 0.09 0.1 0.11 0.12 0.13 0.14 0.15 0.16 0.17 0.18 0.19 0.4379 0.4402 0.4333 0.4679 0.5416 0.5139 0.5231 0.606 0.5716 0.5531 0.6452 0.6152 0.5807 0.6544 0.6544 0.6176 0.6521 0.6821 0.6452 0.6521 0.2649 0.2557 0.325 0.3134 0.2972 0.3621 0.3621 0.3367 0.3852 0.406 0.3737 0.4014 0.4454 0.406 0.4107 0.4801 0.4431 0.4246 0.494 0.4801 0.2673 0.2859 0.3112 0.2904 0.3504 0.3734 0.3412 0.3734 0.4197 0.3804 0.3804 0.4542 0.4104 0.3897 0.4681 0.4381 0.415 0.4703 0.4658 0.4403
0.6613 1.0 0.169 0.01 0.02 0.03 0.04 0.05 0.06 0.07 0.08 0.09 0.1 0.11 0.12 0.13 0.14 0.15 0.16 0.17 0.18 0.19 0.2 0.4402 0.4333 0.4679 0.5416 0.5139 0.5231 0.606 0.5716 0.5531 0.6452 0.6152 0.5807 0.6544 0.6544 0.6176 0.6521 0.6821 0.6452 0.6521 0.7028 0.2557 0.325 0.3134 0.2972 0.3621 0.3621 0.3367 0.3852 0.406 0.3737 0.4014 0.4454 0.406 0.4107 0.4801 0.4431 0.4246 0.494 0.4801 0.4593 0.2859 0.3112 0.2904 0.3504 0.3734 0.3412 0.3734 0.4197 0.3804 0.3804 0.4542 0.4104 0.3897 0.4681 0.4381 0.415 0.4703 0.4658 0.4403 0.4634
0.7074 1.0 0.1153 0.02 0.03 0.04 0.05 0.06 0.07 0.08 0.09 0.1 0.11 0.12 0.13 0.14 0.15 0.16 0.17 0.18 0.19 0.2 0.21 0.4333 0.4679 0.5416 0.5139 0.5231 0.606 0.5716 0.5531 0.6452 0.6152 0.5807 0.6544 0.6544 0.6176 0.6521 0.6821 0.6452 0.6521 0.7028 0.6682 0.325 0.3134 0.2972 0.3621 0.3621 0.3367 0.3852 0.406 0.3737 0.4014 0.4454 0.406 0.4107 0.4801 0.4431 0.4246 0.494 0.4801 0.4593 0.4963 0.3112 0.2904 0.3504 0.3734 0.3412 0.3734 0.4197 0.3804 0.3804 0.4542 0.4104 0.3897 0.4681 0.4381 0.415 0.4703 0.4658 0.4403 0.4634 0.505
0.7097 1.0 0.023 0.03 0.04 0.05 0.06 0.07 0.08 0.09 0.1 0.11 0.12 0.13 0.14 0.15 0.16 0.17 0.18 0.19 0.2 0.21 0.22 0.4679 0.5416 0.5139 0.5231 0.606 0.5716 0.5531 0.6452 0.6152 0.5807 0.6544 0.6544 0.6176 0.6521 0.6821 0.6452 0.6521 0.7028 0.6682 0.6613 0.3134 0.2972 0.3621 0.3621 0.3367 0.3852 0.406 0.3737 0.4014 0.4454 0.406 0.4107 0.4801 0.4431 0.4246 0.494 0.4801 0.4593 0.4963 0.5264 0.2904 0.3504 0.3734 0.3412 0.3734 0.4197 0.3804 0.3804 0.4542 0.4104 0.3897 0.4681 0.4381 0.415 0.4703 0.4658 0.4403 0.4634 0.505 0.4773
0.6936 1.0 0.1537 0.04 0.05 0.06 0.07 0.08 0.09 0.1 0.11 0.12 0.13 0.14 0.15 0.16 0.17 0.18 0.19 0.2 0.21 0.22 0.23 0.5416 0.5139 0.5231 0.606 0.5716 0.5531 0.6452 0.6152 0.5807 0.6544 0.6544 0.6176 0.6521 0.6821 0.6452 0.6521 0.7028 0.6682 0.6613 0.7074 0.2972 0.3621 0.3621 0.3367 0.3852 0.406 0.3737 0.4014 0.4454 0.406 0.4107 0.4801 0.4431 0.4246 0.494 0.4801 0.4593 0.4963 0.5264 0.4963 0.3504 0.3734 0.3412 0.3734 0.4197 0.3804 0.3804 0.4542 0.4104 0.3897 0.4681 0.4381 0.415 0.4703 0.4658 0.4403 0.4634 0.505 0.4773 0.4773
0.7212 1.0 0.0077 0.05 0.06 0.07 0.08 0.09 0.1 0.11 0.12 0.13 0.14 0.15 0.16 0.17 0.18 0.19 0.2 0.21 0.22 0.23 0.24 0.5139 0.5231 0.606 0.5716 0.5531 0.6452 0.6152 0.5807 0.6544 0.6544 0.6176 0.6521 0.6821 0.6452 0.6521 0.7028 0.6682 0.6613 0.7074 0.7097 0.3621 0.3621 0.3367 0.3852 0.406 0.3737 0.4014 0.4454 0.406 0.4107 0.4801 0.4431 0.4246 0.494 0.4801 0.4593 0.4963 0.5264 0.4963 0.5056 0.3734 0.3412 0.3734 0.4197 0.3804 0.3804 0.4542 0.4104 0.3897 0.4681 0.4381 0.415 0.4703 0.4658 0.4403 0.4634 0.505 0.4773 0.4773 0.5211
0.7581 1.0 0.0537 0.06 0.07 0.08 0.09 0.1 0.11 0.12 0.13 0.14 0.15 0.16 0.17 0.18 0.19 0.2 0.21 0.22 0.23 0.24 0.25 0.5231 0.606 0.5716 0.5531 0.6452 0.6152 0.5807 0.6544 0.6544 0.6176 0.6521 0.6821 0.6452 0.6521 0.7028 0.6682 0.6613 0.7074 0.7097 0.6936 0.3621 0.3367 0.3852 0.406 0.3737 0.4014 0.4454 0.406 0.4107 0.4801 0.4431 0.4246 0.494 0.4801 0.4593 0.4963 0.5264 0.4963 0.5056 0.5658 0.3412 0.3734 0.4197 0.3804 0.3804 0.4542 0.4104 0.3897 0.4681 0.4381 0.415 0.4703 0.4658 0.4403 0.4634 0.505 0.4773 0.4773 0.5211 0.505
0.7304 1.0 0.092 0.07 0.08 0.09 0.1 0.11 0.12 0.13 0.14 0.15 0.16 0.17 0.18 0.19 0.2 0.21 0.22 0.23 0.24 0.25 0.26 0.606 0.5716 0.5531 0.6452 0.6152 0.5807 0.6544 0.6544 0.6176 0.6521 0.6821 0.6452 0.6521 0.7028 0.6682 0.6613 0.7074 0.7097 0.6936 0.7212 0.3367 0.3852 0.406 0.3737 0.4014 0.4454 0.406 0.4107 0.4801 0.4431 0.4246 0.494 0.4801 0.4593 0.4963 0.5264 0.4963 0.5056 0.5658 0.5357 0.3734 0.4197 0.3804 0.3804 0.4542 0.4104 0.3897 0.4681 0.4381 0.415 0.4703 0.4658 0.4403 0.4634 0.505 0.4773 0.4773 0.5211 0.505 0.505
0.7397 1.0 0.123 0.08 0.09 0.1 0.11 0.12 0.13 0.14 0.15 0.16 0.17 0.18 0.19 0.2 0.21 0.22 0.23 0.24 0.25 0.26 0.27 0.5716 0.5531 0.6452 0.6152 0.5807 0.6544 0.6544 0.6176 0.6521 0.6821 0.6452 0.6521 0.7028 0.6682 0.6613 0.7074 0.7097 0.6936 0.7212 0.7581 0.3852 0.406 0.3737 0.4014 0.4454 0.406 0.4107 0.4801 0.4431 0.4246 0.494 0.4801 0.4593 0.4963 0.5264 0.4963 0.5056 0.5658 0.5357 0.531 0.4197 0.3804 0.3804 0.4542 0.4104 0.3897 0.4681 0.4381 0.415 0.4703 0.4658 0.4403 0.4634 0.505 0.4773 0.4773 0.5211 0.505 0.505 0.5419
0.8088 1.0 0.0923 0.09 0.1 0.11 0.12 0.13 0.14 0.15 0.16 0.17 0.18 0.19 0.2 0.21 0.22 0.23 0.24 0.25 0.26 0.27 0.28 0.5531 0.6452 0.6152 0.5807 0.6544 0.6544 0.6176 0.6521 0.6821 0.6452 0.6521 0.7028 0.6682 0.6613 0.7074 0.7097 0.6936 0.7212 0.7581 0.7304 0.406 0.3737 0.4014 0.4454 0.406 0.4107 0.4801 0.4431 0.4246 0.494 0.4801 0.4593 0.4963 0.5264 0.4963 0.5056 0.5658 0.5357 0.531 0.5797 0.3804 0.3804 0.4542 0.4104 0.3897 0.4681 0.4381 0.415 0.4703 0.4658 0.4403 0.4634 0.505 0.4773 0.4773 0.5211 0.505 0.505 0.5419 0.5696
0.7788 1.0 0.031 0.1 0.11 0.12 0.13 0.14 0.15 0.16 0.17 0.18 0.19 0.2 0.21 0.22 0.23 0.24 0.25 0.26 0.27 0.28 0.29 0.6452 0.6152 0.5807 0.6544 0.6544 0.6176 0.6521 0.6821 0.6452 0.6521 0.7028 0.6682 0.6613 0.7074 0.7097 0.6936 0.7212 0.7581 0.7304 0.7397 0.3737 0.4014 0.4454 0.406 0.4107 0.4801 0.4431 0.4246 0.494 0.4801 0.4593 0.4963 0.5264 0.4963 0.5056 0.5658 0.5357 0.531 0.5797 0.582 0.3804 0.4542 0.4104 0.3897 0.4681 0.4381 0.415 0.4703 0.4658 0.4403 0.4634 0.505 0.4773 0.4773 0.5211 0.505 0.505 0.5419 0.5696 0.5464
0.7719 1.0 0.2303 0.11 0.12 0.13 0.14 0.15 0.16 0.17 0.18 0.19 0.2 0.21 0.22 0.23 0.24 0.25 0.26 0.27 0.28 0.29 0.3 0.6152 0.5807 0.6544 0.6544 0.6176 0.6521 0.6821 0.6452 0.6521 0.7028 0.6682 0.6613 0.7074 0.7097 0.6936 0.7212 0.7581 0.7304 0.7397 0.8088 0.4014 0.4454 0.406 0.4107 0.4801 0.4431 0.4246 0.494 0.4801 0.4593 0.4963 0.5264 0.4963 0.5056 0.5658 0.5357 0.531 0.5797 0.582 0.5681 0.4542 0.4104 0.3897 0.4681 0.4381 0.415 0.4703 0.4658 0.4403 0.4634 0.505 0.4773 0.4773 0.5211 0.505 0.505 0.5419 0.5696 0.5464 0.5696
0.8341 1.0 0.1 0.12 0.13 0.14 0.15 0.16 0.17 0.18 0.19 0.2 0.21 0.22 0.23 0.24 0.25 0.26 0.27 0.28 0.29 0.3 0.31 0.5807 0.6544 0.6544 0.6176 0.6521 0.6821 0.6452 0.6521 0.7028 0.6682 0.6613 0.7074 0.7097 0.6936 0.7212 0.7581 0.7304 0.7397 0.8088 0.7788 0.4454 0.406 0.4107 0.4801 0.4431 0.4246 0.494 0.4801 0.4593 0.4963 0.5264 0.4963 0.5056 0.5658 0.5357 0.531 0.5797 0.582 0.5681 0.5959 0.4104 0.3897 0.4681 0.4381 0.415 0.4703 0.4658 0.4403 0.4634 0.505 0.4773 0.4773 0.5211 0.505 0.505 0.5419 0.5696 0.5464 0.5696 0.6226
0.8064 1.0 0.023 0.13 0.14 0.15 0.16 0.17 0.18 0.19 0.2 0.21 0.22 0.23 0.24 0.25 0.26 0.27 0.28 0.29 0.3 0.31 0.32 0.6544 0.6544 0.6176 0.6521 0.6821 0.6452 0.6521 0.7028 0.6682 0.6613 0.7074 0.7097 0.6936 0.7212 0.7581 0.7304 0.7397 0.8088 0.7788 0.7719 0.406 0.4107 0.4801 0.4431 0.4246 0.494 0.4801 0.4593 0.4963 0.5264 0.4963 0.5056 0.5658 0.5357 0.531 0.5797 0.582 0.5681 0.5959 0.6167 0.3897 0.4681 0.4381 0.415 0.4703 0.4658 0.4403 0.4634 0.505 0.4773 0.4773 0.5211 0.505 0.505 0.5419 0.5696 0.5464 0.5696 0.6226 0.5834
0.7857 1.0 0.2073 0.14 0.15 0.16 0.17 0.18 0.19 0.2 0.21 0.22 0.23 0.24 0.25 0.26 0.27 0.28 0.29 0.3 0.31 0.32 0.33 0.6544 0.6176 0.6521 0.6821 0.6452 0.6521 0.7028 0.6682 0.6613 0.7074 0.7097 0.6936 0.7212 0.7581 0.7304 0.7397 0.8088 0.7788 0.7719 0.8341 0.4107 0.4801 0.4431 0.4246 0.494 0.4801 0.4593 0.4963 0.5264 0.4963 0.5056 0.5658 0.5357 0.531 0.5797 0.582 0.5681 0.5959 0.6167 0.5889 0.4681 0.4381 0.415 0.4703 0.4658 0.4403 0.4634 0.505 0.4773 0.4773 0.5211 0.505 0.505 0.5419 0.5696 0.5464 0.5696 0.6226 0.5834 0.588
0.8387 1.0 0.0923 0.15 0.16 0.17 0.18 0.19 0.2 0.21 0.22 0.23 0.24 0.25 0.26 0.27 0.28 0.29 0.3 0.31 0.32 0.33 0.34 0.6176 0.6521 0.6821 0.6452 0.6521 0.7028 0.6682 0.6613 0.7074 0.7097 0.6936 0.7212 0.7581 0.7304 0.7397 0.8088 0.7788 0.7719 0.8341 0.8064 0.4801 0.4431 0.4246 0.494 0.4801 0.4593 0.4963 0.5264 0.4963 0.5056 0.5658 0.5357 0.531 0.5797 0.582 0.5681 0.5959 0.6167 0.5889 0.5959 0.4381 0.415 0.4703 0.4658 0.4403 0.4634 0.505 0.4773 0.4773 0.5211 0.505 0.505 0.5419 0.5696 0.5464 0.5696 0.6226 0.5834 0.588 0.6433
0.8133 1.0 0.069 0.16 0.17 0.18 0.19 0.2 0.21 0.22 0.23 0.24 0.25 0.26 0.27 0.28 0.29 0.3 0.31 0.32 0.33 0.34 0.35 0.6521 0.6821 0.6452 0.6521 0.7028 0.6682 0.6613 0.7074 0.7097 0.6936 0.7212 0.7581 0.7304 0.7397 0.8088 0.7788 0.7719 0.8341 0.8064 0.7857 0.4431 0.4246 0.494 0.4801 0.4593 0.4963 0.5264 0.4963 0.5056 0.5658 0.5357 0.531 0.5797 0.582 0.5681 0.5959 0.6167 0.5889 0.5959 0.6282 0.415 0.4703 0.4658 0.4403 0.4634 0.505 0.4773 0.4773 0.5211 0.505 0.505 0.5419 0.5696 0.5464 0.5696 0.6226 0.5834 0.588 0.6433 0.5972
0.788 1.0 0.1767 0.17 0.18 0.19 0.2 0.21 0.22 0.23 0.24 0.25 0.26 0.27 0.28 0.29 0.3 0.31 0.32 0.33 0.34 0.35 0.36 0.6821 0.6452 0.6521 0.7028 0.6682 0.6613 0.7074 0.7097 0.6936 0.7212 0.7581 0.7304 0.7397 0.8088 0.7788 0.7719 0.8341 0.8064 0.7857 0.8387 0.4246 0.494 0.4801 0.4593 0.4963 0.5264 0.4963 0.5056 0.5658 0.5357 0.531 0.5797 0.582 0.5681 0.5959 0.6167 0.5889 0.5959 0.6282 0.5959 0.4703 0.4658 0.4403 0.4634 0.505 0.4773 0.4773 0.5211 0.505 0.505 0.5419 0.5696 0.5464 0.5696 0.6226 0.5834 0.588 0.6433 0.5972 0.5857
0.8318 1.0 0.0847 0.18 0.19 0.2 0.21 0.22 0.23 0.24 0.25 0.26 0.27 0.28 0.29 0.3 0.31 0.32 0.33 0.34 0.35 0.36 0.37 0.6452 0.6521 0.7028 0.6682 0.6613 0.7074 0.7097 0.6936 0.7212 0.7581 0.7304 0.7397 0.8088 0.7788 0.7719 0.8341 0.8064 0.7857 0.8387 0.8133 0.494 0.4801 0.4593 0.4963 0.5264 0.4963 0.5056 0.5658 0.5357 0.531 0.5797 0.582 0.5681 0.5959 0.6167 0.5889 0.5959 0.6282 0.5959 0.6004 0.4658 0.4403 0.4634 0.505 0.4773 0.4773 0.5211 0.505 0.505 0.5419 0.5696 0.5464 0.5696 0.6226 0.5834 0.588 0.6433 0.5972 0.5857 0.6364
0.811 1.0 0.0843 0.19 0.2 0.21 0.22 0.23 0.24 0.25 0.26 0.27 0.28 0.29 0.3 0.31 0.32 0.33 0.34 0.35 0.36 0.37 0.38 0.6521 0.7028 0.6682 0.6613 0.7074 0.7097 0.6936 0.7212 0.7581 0.7304 0.7397 0.8088 0.7788 0.7719 0.8341 0.8064 0.7857 0.8387 0.8133 0.788 0.4801 0.4593 0.4963 0.5264 0.4963 0.5056 0.5658 0.5357 0.531 0.5797 0.582 0.5681 0.5959 0.6167 0.5889 0.5959 0.6282 0.5959 0.6004 0.6167 0.4403 0.4634 0.505 0.4773 0.4773 0.5211 0.505 0.505 0.5419 0.5696 0.5464 0.5696 0.6226 0.5834 0.588 0.6433 0.5972 0.5857 0.6364 0.6019
0.7903 1.0 0.146 0.2 0.21 0.22 0.23 0.24 0.25 0.26 0.27 0.28 0.29 0.3 0.31 0.32 0.33 0.34 0.35 0.36 0.37 0.38 0.39 0.7028 0.6682 0.6613 0.7074 0.7097 0.6936 0.7212 0.7581 0.7304 0.7397 0.8088 0.7788 0.7719 0.8341 0.8064 0.7857 0.8387 0.8133 0.788 0.8318 0.4593 0.4963 0.5264 0.4963 0.5056 0.5658 0.5357 0.531 0.5797 0.582 0.5681 0.5959 0.6167 0.5889 0.5959 0.6282 0.5959 0.6004 0.6167 0.5889 0.4634 0.505 0.4773 0.4773 0.5211 0.505 0.505 0.5419 0.5696 0.5464 0.5696 0.6226 0.5834 0.588 0.6433 0.5972 0.5857 0.6364 0.6019 0.5996
0.8456 1.0 0.0693 0.21 0.22 0.23 0.24 0.25 0.26 0.27 0.28 0.29 0.3 0.31 0.32 0.33 0.34 0.35 0.36 0.37 0.38 0.39 0.4 0.6682 0.6613 0.7074 0.7097 0.6936 0.7212 0.7581 0.7304 0.7397 0.8088 0.7788 0.7719 0.8341 0.8064 0.7857 0.8387 0.8133 0.788 0.8318 0.811 0.4963 0.5264 0.4963 0.5056 0.5658 0.5357 0.531 0.5797 0.582 0.5681 0.5959 0.6167 0.5889 0.5959 0.6282 0.5959 0.6004 0.6167 0.5889 0.6004 0.505 0.4773 0.4773 0.5211 0.505 0.505 0.5419 0.5696 0.5464 0.5696 0.6226 0.5834 0.588 0.6433 0.5972 0.5857 0.6364 0.6019 0.5996 0.6503
0.818 1.0 0.069 0.22 0.23 0.24 0.25 0.26 0.27 0.28 0.29 0.3 0.31 0.32 0.33 0.34 0.35 0.36 0.37 0.38 0.39 0.4 0.41 0.6613 0.7074 0.7097 0.6936 0.7212 0.7581 0.7304 0.7397 0.8088 0.7788 0.7719 0.8341 0.8064 0.7857 0.8387 0.8133 0.788 0.8318 0.811 0.7903 0.5264 0.4963 0.5056 0.5658 0.5357 0.531 0.5797 0.582 0.5681 0.5959 0.6167 0.5889 0.5959 0.6282 0.5959 0.6004 0.6167 0.5889 0.6004 0.6282 0.4773 0.4773 0.5211 0.505 0.505 0.5419 0.5696 0.5464 0.5696 0.6226 0.5834 0.588 0.6433 0.5972 0.5857 0.6364 0.6019 0.5996 0.6503 0.6088
0.7927 1.0 0.1843 0.23 0.24 0.25 0.26 0.27 0.28 0.29 0.3 0.31 0.32 0.33 0.34 0.35 0.36 0.37 0.38 0.39 0.4 0.41 0.42 0.7074 0.7097 0.6936 0.7212 0.7581 0.7304 0.7397 0.8088 0.7788 0.7719 0.8341 0.8064 0.7857 0.8387 0.8133 0.788 0.8318 0.811 0.7903 0.8456 0.4963 0.5056 0.5658 0.5357 0.531 0.5797 0.582 0.5681 0.5959 0.6167 0.5889 0.5959 0.6282 0.5959 0.6004 0.6167 0.5889 0.6004 0.6282 0.6028 0.4773 0.5211 0.505 0.505 0.5419 0.5696 0.5464 0.5696 0.6226 0.5834 0.588 0.6433 0.5972 0.5857 0.6364 0.6019 0.5996 0.6503 0.6088 0.6041
0.8594 1.0 0.092 0.24 0.25 0.26 0.27 0.28 0.29 0.3 0.31 0.32 0.33 0.34 0.35 0.36 0.37 0.38 0.39 0.4 0.41 0.42 0.43 0.7097 0.6936 0.7212 0.7581 0.7304 0.7397 0.8088 0.7788 0.7719 0.8341 0.8064 0.7857 0.8387 0.8133 0.788 0.8318 0.811 0.7903 0.8456 0.818 0.5056 0.5658 0.5357 0.531 0.5797 0.582 0.5681 0.5959 0.6167 0.5889 0.5959 0.6282 0.5959 0.6004 0.6167 0.5889 0.6004 0.6282 0.6028 0.612 0.5211 0.505 0.505 0.5419 0.5696 0.5464 0.5696 0.6226 0.5834 0.588 0.6433 0.5972 0.5857 0.6364 0.6019 0.5996 0.6503 0.6088 0.6041 0.6618
0.841 1.0 0.0843 0.25 0.26 0.27 0.28 0.29 0.3 0.31 0.32 0.33 0.34 0.35 0.36 0.37 0.38 0.39 0.4 0.41 0.42 0.43 0.44 0.6936 0.7212 0.7581 0.7304 0.7397 0.8088 0.7788 0.7719 0.8341 0.8064 0.7857 0.8387 0.8133 0.788 0.8318 0.811 0.7903 0.8456 0.818 0.7927 0.5658 0.5357 0.531 0.5797 0.582 0.5681 0.5959 0.6167 0.5889 0.5959 0.6282 0.5959 0.6004 0.6167 0.5889 0.6004 0.6282 0.6028 0.612 0.6398 0.505 0.505 0.5419 0.5696 0.5464 0.5696 0.6226 0.5834 0.588 0.6433 0.5972 0.5857 0.6364 0.6019 0.5996 0.6503 0.6088 0.6041 0.6618 0.6249
0.8088 1.0 0.2223 0.26 0.27 0.28 0.29 0.3 0.31 0.32 0.33 0.34 0.35 0.36 0.37 0.38 0.39 0.4 0.41 0.42 0.43 0.44 0.45 0.7212 0.7581 0.7304 0.7397 0.8088 0.7788 0.7719 0.8341 0.8064 0.7857 0.8387 0.8133 0.788 0.8318 0.811 0.7903 0.8456 0.818 0.7927 0.8594 0.5357 0.531 0.5797 0.582 0.5681 0.5959 0.6167 0.5889 0.5959 0.6282 0.5959 0.6004 0.6167 0.5889 0.6004 0.6282 0.6028 0.612 0.6398 0.6167 0.505 0.5419 0.5696 0.5464 0.5696 0.6226 0.5834 0.588 0.6433 0.5972 0.5857 0.6364 0.6019 0.5996 0.6503 0.6088 0.6041 0.6618 0.6249 0.6203
0.8756 1.0 0.0613 0.27 0.28 0.29 0.3 0.31 0.32 0.33 0.34 0.35 0.36 0.37 0.38 0.39 0.4 0.41 0.42 0.43 0.44 0.45 0.46 0.7581 0.7304 0.7397 0.8088 0.7788 0.7719 0.8341 0.8064 0.7857 0.8387 0.8133 0.788 0.8318 0.811 0.7903 0.8456 0.818 0.7927 0.8594 0.841 0.531 0.5797 0.582 0.5681 0.5959 0.6167 0.5889 0.5959 0.6282 0.5959 0.6004 0.6167 0.5889 0.6004 0.6282 0.6028 0.612 0.6398 0.6167 0.6329 0.5419 0.5696 0.5464 0.5696 0.6226 0.5834 0.588 0.6433 0.5972 0.5857 0.6364 0.6019 0.5996 0.6503 0.6088 0.6041 0.6618 0.6249 0.6203 0.6826
0.8687 1.0 0.1073 0.28 0.29 0.3 0.31 0.32 0.33 0.34 0.35 0.36 0.37 0.38 0.39 0.4 0.41 0.42 0.43 0.44 0.45 0.46 0.47 0.7304 0.7397 0.8088 0.7788 0.7719 0.8341 0.8064 0.7857 0.8387 0.8133 0.788 0.8318 0.811 0.7903 0.8456 0.818 0.7927 0.8594 0.841 0.8088 0.5797 0.582 0.5681 0.5959 0.6167 0.5889 0.5959 0.6282 0.5959 0.6004 0.6167 0.5889 0.6004 0.6282 0.6028 0.612 0.6398 0.6167 0.6329 0.6676 0.5696 0.5464 0.5696 0.6226 0.5834 0.588 0.6433 0.5972 0.5857 0.6364 0.6019 0.5996 0.6503 0.6088 0.6041 0.6618 0.6249 0.6203 0.6826 0.648
0.8294 1.0 0.2227 0.29 0.3 0.31 0.32 0.33 0.34 0.35 0.36 0.37 0.38 0.39 0.4 0.41 0.42 0.43 0.44 0.45 0.46 0.47 0.48 0.7397 0.8088 0.7788 0.7719 0.8341 0.8064 0.7857 0.8387 0.8133 0.788 0.8318 0.811 0.7903 0.8456 0.818 0.7927 0.8594 0.841 0.8088 0.8756 0.582 0.5681 0.5959 0.6167 0.5889 0.5959 0.6282 0.5959 0.6004 0.6167 0.5889 0.6004 0.6282 0.6028 0.612 0.6398 0.6167 0.6329 0.6676 0.6398 0.5464 0.5696 0.6226 0.5834 0.588 0.6433 0.5972 0.5857 0.6364 0.6019 0.5996 0.6503 0.6088 0.6041 0.6618 0.6249 0.6203 0.6826 0.648 0.6341
0.8893 1.0 0.023 0.3 0.31 0.32 0.33 0.34 0.35 0.36 0.37 0.38 0.39 0.4 0.41 0.42 0.43 0.44 0.45 0.46 0.47 0.48 0.49 0.8088 0.7788 0.7719 0.8341 0.8064 0.7857 0.8387 0.8133 0.788 0.8318 0.811 0.7903 0.8456 0.818 0.7927 0.8594 0.841 0.8088 0.8756 0.8687 0.5681 0.5959 0.6167 0.5889 0.5959 0.6282 0.5959 0.6004 0.6167 0.5889 0.6004 0.6282 0.6028 0.612 0.6398 0.6167 0.6329 0.6676 0.6398 0.6491 0.5696 0.6226 0.5834 0.588 0.6433 0.5972 0.5857 0.6364 0.6019 0.5996 0.6503 0.6088 0.6041 0.6618 0.6249 0.6203 0.6826 0.648 0.6341 0.7057
0.8917 1.0 0.131 0.31 0.32 0.33 0.34 0.35 0.36 0.37 0.38 0.39 0.4 0.41 0.42 0.43 0.44 0.45 0.46 0.47 0.48 0.49 0.5 0.7788 0.7719 0.8341 0.8064 0.7857 0.8387 0.8133 0.788 0.8318 0.811 0.7903 0.8456 0.818 0.7927 0.8594 0.841 0.8088 0.8756 0.8687 0.8294 0.5959 0.6167 0.5889 0.5959 0.6282 0.5959 0.6004 0.6167 0.5889 0.6004 0.6282 0.6028 0.612 0.6398 0.6167 0.6329 0.6676 0.6398 0.6491 0.7 0.6226 0.5834 0.588 0.6433 0.5972 0.5857 0.6364 0.6019 0.5996 0.6503 0.6088 0.6041 0.6618 0.6249 0.6203 0.6826 0.648 0.6341 0.7057 0.671
0.8479 1.0 0.1997 0.32 0.33 0.34 0.35 0.36 0.37 0.38 0.39 0.4 0.41 0.42 0.43 0.44 0.45 0.46 0.47 0.48 0.49 0.5 0.51 0.7719 0.8341 0.8064 0.7857 0.8387 0.8133 0.788 0.8318 0.811 0.7903 0.8456 0.818 0.7927 0.8594 0.841 0.8088 0.8756 0.8687 0.8294 0.8893 0.6167 0.5889 0.5959 0.6282 0.5959 0.6004 0.6167 0.5889 0.6004 0.6282 0.6028 0.612 0.6398 0.6167 0.6329 0.6676 0.6398 0.6491 0.7 0.6676 0.5834 0.588 0.6433 0.5972 0.5857 0.6364 0.6019 0.5996 0.6503 0.6088 0.6041 0.6618 0.6249 0.6203 0.6826 0.648 0.6341 0.7057 0.671 0.6433
0.8801 1.0 0.008 0.33 0.34 0.35 0.36 0.37 0.38 0.39 0.4 0.41 0.42 0.43 0.44 0.45 0.46 0.47 0.48 0.49 0.5 0.51 0.52 0.8341 0.8064 0.7857 0.8387 0.8133 0.788 0.8318 0.811 0.7903 0.8456 0.818 0.7927 0.8594 0.841 0.8088 0.8756 0.8687 0.8294 0.8893 0.8917 0.5889 0.5959 0.6282 0.5959 0.6004 0.6167 0.5889 0.6004 0.6282 0.6028 0.612 0.6398 0.6167 0.6329 0.6676 0.6398 0.6491 0.7 0.6676 0.656 0.588 0.6433 0.5972 0.5857 0.6364 0.6019 0.5996 0.6503 0.6088 0.6041 0.6618 0.6249 0.6203 0.6826 0.648 0.6341 0.7057 0.671 0.6433 0.7172
0.9009 1.0 0.146 0.34 0.35 0.36 0.37 0.38 0.39 0.4 0.41 0.42 0.43 0.44 0.45 0.46 0.47 0.48 0.49 0.5 0.51 0.52 0.53 0.8064 0.7857 0.8387 0.8133 0.788 0.8318 0.811 0.7903 0.8456 0.818 0.7927 0.8594 0.841 0.8088 0.8756 0.8687 0.8294 0.8893 0.8917 0.8479 0.5959 0.6282 0.5959 0.6004 0.6167 0.5889 0.6004 0.6282 0.6028 0.612 0.6398 0.6167 0.6329 0.6676 0.6398 0.6491 0.7 0.6676 0.656 0.7208 0.6433 0.5972 0.5857 0.6364 0.6019 0.5996 0.6503 0.6088 0.6041 0.6618 0.6249 0.6203 0.6826 0.648 0.6341 0.7057 0.671 0.6433 0.7172 0.6872
0.8526 1.0 0.1073 0.35 0.36 0.37 0.38 0.39 0.4 0.41 0.42 0.43 0.44 0.45 0.46 0.47 0.48 0.49 0.5 0.51 0.52 0.53 0.54 0.7857 0.8387 0.8133 0.788 0.8318 0.811 0.7903 0.8456 0.818 0.7927 0.8594 0.841 0.8088 0.8756 0.8687 0.8294 0.8893 0.8917 0.8479 0.8801 0.6282 0.5959 0.6004 0.6167 0.5889 0.6004 0.6282 0.6028 0.612 0.6398 0.6167 0.6329 0.6676 0.6398 0.6491 0.7 0.6676 0.656 0.7208 0.6814 0.5972 0.5857 0.6364 0.6019 0.5996 0.6503 0.6088 0.6041 0.6618 0.6249 0.6203 0.6826 0.648 0.6341 0.7057 0.671 0.6433 0.7172 0.6872 0.648
0.8594 1.0 0.0693 0.36 0.37 0.38 0.39 0.4 0.41 0.42 0.43 0.44 0.45 0.46 0.47 0.48 0.49 0.5 0.51 0.52 0.53 0.54 0.55 0.8387 0.8133 0.788 0.8318 0.811 0.7903 0.8456 0.818 0.7927 0.8594 0.841 0.8088 0.8756 0.8687 0.8294 0.8893 0.8917 0.8479 0.8801 0.9009 0.5959 0.6004 0.6167 0.5889 0.6004 0.6282 0.6028 0.612 0.6398 0.6167 0.6329 0.6676 0.6398 0.6491 0.7 0.6676 0.656 0.7208 0.6814 0.6537 0.5857 0.6364 0.6019 0.5996 0.6503 0.6088 0.6041 0.6618 0.6249 0.6203 0.6826 0.648 0.6341 0.7057 0.671 0.6433 0.7172 0.6872 0.648 0.7057
0.9078 1.0 0.161 0.37 0.38 0.39 0.4 0.41 0.42 0.43 0.44 0.45 0.46 0.47 0.48 0.49 0.5 0.51 0.52 0.53 0.54 0.55 0.56 0.8133 0.788 0.8318 0.811 0.7903 0.8456 0.818 0.7927 0.8594 0.841 0.8088 0.8756 0.8687 0.8294 0.8893 0.8917 0.8479 0.8801 0.9009 0.8526 0.6004 0.6167 0.5889 0.6004 0.6282 0.6028 0.612 0.6398 0.6167 0.6329 0.6676 0.6398 0.6491 0.7 0.6676 0.656 0.7208 0.6814 0.6537 0.7208 0.6364 0.6019 0.5996 0.6503 0.6088 0.6041 0.6618 0.6249 0.6203 0.6826 0.648 0.6341 0.7057 0.671 0.6433 0.7172 0.6872 0.648 0.7057 0.6918
0.8526 1.0 0.0227 0.38 0.39 0.4 0.41 0.42 0.43 0.44 0.45 0.46 0.47 0.48 0.49 0.5 0.51 0.52 0.53 0.54 0.55 0.56 0.57 0.788 0.8318 0.811 0.7903 0.8456 0.818 0.7927 0.8594 0.841 0.8088 0.8756 0.8687 0.8294 0.8893 0.8917 0.8479 0.8801 0.9009 0.8526 0.8594 0.6167 0.5889 0.6004 0.6282 0.6028 0.612 0.6398 0.6167 0.6329 0.6676 0.6398 0.6491 0.7 0.6676 0.656 0.7208 0.6814 0.6537 0.7208 0.6861 0.6019 0.5996 0.6503 0.6088 0.6041 0.6618 0.6249 0.6203 0.6826 0.648 0.6341 0.7057 0.671 0.6433 0.7172 0.6872 0.648 0.7057 0.6918 0.6457
0.8364 1.0 0.1613 0.39 0.4 0.41 0.42 0.43 0.44 0.45 0.46 0.47 0.48 0.49 0.5 0.51 0.52 0.53 0.54 0.55 0.56 0.57 0.58 0.8318 0.811 0.7903 0.8456 0.818 0.7927 0.8594 0.841 0.8088 0.8756 0.8687 0.8294 0.8893 0.8917 0.8479 0.8801 0.9009 0.8526 0.8594 0.9078 0.5889 0.6004 0.6282 0.6028 0.612 0.6398 0.6167 0.6329 0.6676 0.6398 0.6491 0.7 0.6676 0.656 0.7208 0.6814 0.6537 0.7208 0.6861 0.6491 0.5996 0.6503 0.6088 0.6041 0.6618 0.6249 0.6203 0.6826 0.648 0.6341 0.7057 0.671 0.6433 0.7172 0.6872 0.648 0.7057 0.6918 0.6457 0.6802
0.8917 1.0 0.184 0.4 0.41 0.42 0.43 0.44 0.45 0.46 0.47 0.48 0.49 0.5 0.51 0.52 0.53 0.54 0.55 0.56 0.57 0.58 0.59 0.811 0.7903 0.8456 0.818 0.7927 0.8594 0.841 0.8088 0.8756 0.8687 0.8294 0.8893 0.8917 0.8479 0.8801 0.9009 0.8526 0.8594 0.9078 0.8526 0.6004 0.6282 0.6028 0.612 0.6398 0.6167 0.6329 0.6676 0.6398 0.6491 0.7 0.6676 0.656 0.7208 0.6814 0.6537 0.7208 0.6861 0.6491 0.7047 0.6503 0.6088 0.6041 0.6618 0.6249 0.6203 0.6826 0.648 0.6341 0.7057 0.671 0.6433 0.7172 0.6872 0.648 0.7057 0.6918 0.6457 0.6802 0.6849
0.8502 1.0 0.054 0.41 0.42 0.43 0.44 0.45 0.46 0.47 0.48 0.49 0.5 0.51 0.52 0.53 0.54 0.55 0.56 0.57 0.58 0.59 0.6 0.7903 0.8456 0.818 0.7927 0.8594 0.841 0.8088 0.8756 0.8687 0.8294 0.8893 0.8917 0.8479 0.8801 0.9009 0.8526 0.8594 0.9078 0.8526 0.8364 0.6282 0.6028 0.612 0.6398 0.6167 0.6329 0.6676 0.6398 0.6491 0.7 0.6676 0.656 0.7208 0.6814 0.6537 0.7208 0.6861 0.6491 0.7047 0.6861 0.6088 0.6041 0.6618 0.6249 0.6203 0.6826 0.648 0.6341 0.7057 0.671 0.6433 0.7172 0.6872 0.648 0.7057 0.6918 0.6457 0.6802 0.6849 0.6411
0.8133 1.0 0.1843 0.42 0.43 0.44 0.45 0.46 0.47 0.48 0.49 0.5 0.51 0.52 0.53 0.54 0.55 0.56 0.57 0.58 0.59 0.6 0.61 0.8456 0.818 0.7927 0.8594 0.841 0.8088 0.8756 0.8687 0.8294 0.8893 0.8917 0.8479 0.8801 0.9009 0.8526 0.8594 0.9078 0.8526 0.8364 0.8917 0.6028 0.612 0.6398 0.6167 0.6329 0.6676 0.6398 0.6491 0.7 0.6676 0.656 0.7208 0.6814 0.6537 0.7208 0.6861 0.6491 0.7047 0.6861 0.6491 0.6041 0.6618 0.6249 0.6203 0.6826 0.648 0.6341 0.7057 0.671 0.6433 0.7172 0.6872 0.648 0.7057 0.6918 0.6457 0.6802 0.6849 0.6411 0.6457
0.8663 1.0 0.1383 0.43 0.44 0.45 0.46 0.47 0.48 0.49 0.5 0.51 0.52 0.53 0.54 0.55 0.56 0.57 0.58 0.59 0.6 0.61 0.62 0.818 0.7927 0.8594 0.841 0.8088 0.8756 0.8687 0.8294 0.8893 0.8917 0.8479 0.8801 0.9009 0.8526 0.8594 0.9078 0.8526 0.8364 0.8917 0.8502 0.612 0.6398 0.6167 0.6329 0.6676 0.6398 0.6491 0.7 0.6676 0.656 0.7208 0.6814 0.6537 0.7208 0.6861 0.6491 0.7047 0.6861 0.6491 0.6769 0.6618 0.6249 0.6203 0.6826 0.648 0.6341 0.7057 0.671 0.6433 0.7172 0.6872 0.648 0.7057 0.6918 0.6457 0.6802 0.6849 0.6411 0.6457 0.6849
0.8479 1.0 0.123 0.44 0.45 0.46 0.47 0.48 0.49 0.5 0.51 0.52 0.53 0.54 0.55 0.56 0.57 0.58 0.59 0.6 0.61 0.62 0.63 0.7927 0.8594 0.841 0.8088 0.8756 0.8687 0.8294 0.8893 0.8917 0.8479 0.8801 0.9009 0.8526 0.8594 0.9078 0.8526 0.8364 0.8917 0.8502 0.8133 0.6398 0.6167 0.6329 0.6676 0.6398 0.6491 0.7 0.6676 0.656 0.7208 0.6814 0.6537 0.7208 0.6861 0.6491 0.7047 0.6861 0.6491 0.6769 0.6861 0.6249 0.6203 0.6826 0.648 0.6341 0.7057 0.671 0.6433 0.7172 0.6872 0.648 0.7057 0.6918 0.6457 0.6802 0.6849 0.6411 0.6457 0.6849 0.6388
0.8064 1.0 0.1767 0.45 0.46 0.47 0.48 0.49 0.5 0.51 0.52 0.53 0.54 0.55 0.56 0.57 0.58 0.59 0.6 0.61 0.62 0.63 0.64 0.8594 0.841 0.8088 0.8756 0.8687 0.8294 0.8893 0.8917 0.8479 0.8801 0.9009 0.8526 0.8594 0.9078 0.8526 0.8364 0.8917 0.8502 0.8133 0.8663 0.6167 0.6329 0.6676 0.6398 0.6491 0.7 0.6676 0.656 0.7208 0.6814 0.6537 0.7208 0.6861 0.6491 0.7047 0.6861 0.6491 0.6769 0.6861 0.6468 0.6203 0.6826 0.648 0.6341 0.7057 0.671 0.6433 0.7172 0.6872 0.648 0.7057 0.6918 0.6457 0.6802 0.6849 0.6411 0.6457 0.6849 0.6388 0.6249
0.8502 1.0 0.0613 0.46 0.47 0.48 0.49 0.5 0.51 0.52 0.53 0.54 0.55 0.56 0.57 0.58 0.59 0.6 0.61 0.62 0.63 0.64 0.65 0.841 0.8088 0.8756 0.8687 0.8294 0.8893 0.8917 0.8479 0.8801 0.9009 0.8526 0.8594 0.9078 0.8526 0.8364 0.8917 0.8502 0.8133 0.8663 0.8479 0.6329 0.6676 0.6398 0.6491 0.7 0.6676 0.656 0.7208 0.6814 0.6537 0.7208 0.6861 0.6491 0.7047 0.6861 0.6491 0.6769 0.6861 0.6468 0.6491 0.6826 0.648 0.6341 0.7057 0.671 0.6433 0.7172 0.6872 0.648 0.7057 0.6918 0.6457 0.6802 0.6849 0.6411 0.6457 0.6849 0.6388 0.6249 0.6733
0.8526 1.0 0.1383 0.47 0.48 0.49 0.5 0.51 0.52 0.53 0.54 0.55 0.56 0.57 0.58 0.59 0.6 0.61 0.62 0.63 0.64 0.65 0.66 0.8088 0.8756 0.8687 0.8294 0.8893 0.8917 0.8479 0.8801 0.9009 0.8526 0.8594 0.9078 0.8526 0.8364 0.8917 0.8502 0.8133 0.8663 0.8479 0.8064 0.6676 0.6398 0.6491 0.7 0.6676 0.656 0.7208 0.6814 0.6537 0.7208 0.6861 0.6491 0.7047 0.6861 0.6491 0.6769 0.6861 0.6468 0.6491 0.693 0.648 0.6341 0.7057 0.671 0.6433 0.7172 0.6872 0.648 0.7057 0.6918 0.6457 0.6802 0.6849 0.6411 0.6457 0.6849 0.6388 0.6249 0.6733 0.6341
0.8064 1.0 0.146 0.48 0.49 0.5 0.51 0.52 0.53 0.54 0.55 0.56 0.57 0.58 0.59 0.6 0.61 0.62 0.63 0.64 0.65 0.66 0.67 0.8756 0.8687 0.8294 0.8893 0.8917 0.8479 0.8801 0.9009 0.8526 0.8594 0.9078 0.8526 0.8364 0.8917 0.8502 0.8133 0.8663 0.8479 0.8064 0.8502 0.6398 0.6491 0.7 0.6676 0.656 0.7208 0.6814 0.6537 0.7208 0.6861 0.6491 0.7047 0.6861 0.6491 0.6769 0.6861 0.6468 0.6491 0.693 0.6537 0.6341 0.7057 0.671 0.6433 0.7172 0.6872 0.648 0.7057 0.6918 0.6457 0.6802 0.6849 0.6411 0.6457 0.6849 0.6388 0.6249 0.6733 0.6341 0.6088
0.7742 1.0 0.008 0.49 0.5 0.51 0.52 0.53 0.54 0.55 0.56 0.57 0.58 0.59 0.6 0.61 0.62 0.63 0.64 0.65 0.66 0.67 0.68 0.8687 0.8294 0.8893 0.8917 0.8479 0.8801 0.9009 0.8526 0.8594 0.9078 0.8526 0.8364 0.8917 0.8502 0.8133 0.8663 0.8479 0.8064 0.8502 0.8526 0.6491 0.7 0.6676 0.656 0.7208 0.6814 0.6537 0.7208 0.6861 0.6491 0.7047 0.6861 0.6491 0.6769 0.6861 0.6468 0.6491 0.693 0.6537 0.6398 0.7057 0.671 0.6433 0.7172 0.6872 0.648 0.7057 0.6918 0.6457 0.6802 0.6849 0.6411 0.6457 0.6849 0.6388 0.6249 0.6733 0.6341 0.6088 0.6549
0.7534 1.0 0.154 0.5 0.51 0.52 0.53 0.54 0.55 0.56 0.57 0.58 0.59 0.6 0.61 0.62 0.63 0.64 0.65 0.66 0.67 0.68 0.69 0.8294 0.8893 0.8917 0.8479 0.8801 0.9009 0.8526 0.8594 0.9078 0.8526 0.8364 0.8917 0.8502 0.8133 0.8663 0.8479 0.8064 0.8502 0.8526 0.8064 0.7 0.6676 0.656 0.7208 0.6814 0.6537 0.7208 0.6861 0.6491 0.7047 0.6861 0.6491 0.6769 0.6861 0.6468 0.6491 0.693 0.6537 0.6398 0.6329 0.671 0.6433 0.7172 0.6872 0.648 0.7057 0.6918 0.6457 0.6802 0.6849 0.6411 0.6457 0.6849 0.6388 0.6249 0.6733 0.6341 0.6088 0.6549 0.6296
0.7304 1.0 0.1073 0.51 0.52 0.53 0.54 0.55 0.56 0.57 0.58 0.59 0.6 0.61 0.62 0.63 0.64 0.65 0.66 0.67 0.68 0.69 0.7 0.8893 0.8917 0.8479 0.8801 0.9009 0.8526 0.8594 0.9078 0.8526 0.8364 0.8917 0.8502 0.8133 0.8663 0.8479 0.8064 0.8502 0.8526 0.8064 0.7742 0.6676 0.656 0.7208 0.6814 0.6537 0.7208 0.6861 0.6491 0.7047 0.6861 0.6491 0.6769 0.6861 0.6468 0.6491 0.693 0.6537 0.6398 0.6329 0.6098 0.6433 0.7172 0.6872 0.648 0.7057 0.6918 0.6457 0.6802 0.6849 0.6411 0.6457 0.6849 0.6388 0.6249 0.6733 0.6341 0.6088 0.6549 0.6296 0.5996
0.7051 1.0 0.0693 0.52 0.53 0.54 0.55 0.56 0.57 0.58 0.59 0.6 0.61 0.62 0.63 0.64 0.65 0.66 0.67 0.68 0.69 0.7 0.71 0.8917 0.8479 0.8801 0.9009 0.8526 0.8594 0.9078 0.8526 0.8364 0.8917 0.8502 0.8133 0.8663 0.8479 0.8064 0.8502 0.8526 0.8064 0.7742 0.7534 0.656 0.7208 0.6814 0.6537 0.7208 0.6861 0.6491 0.7047 0.6861 0.6491 0.6769 0.6861 0.6468 0.6491 0.693 0.6537 0.6398 0.6329 0.6098 0.582 0.7172 0.6872 0.648 0.7057 0.6918 0.6457 0.6802 0.6849 0.6411 0.6457 0.6849 0.6388 0.6249 0.6733 0.6341 0.6088 0.6549 0.6296 0.5996 0.5719
0.6913 1.0 0.0767 0.53 0.54 0.55 0.56 0.57 0.58 0.59 0.6 0.61 0.62 0.63 0.64 0.65 0.66 0.67 0.68 0.69 0.7 0.71 0.72 0.8479 0.8801 0.9009 0.8526 0.8594 0.9078 0.8526 0.8364 0.8917 0.8502 0.8133 0.8663 0.8479 0.8064 0.8502 0.8526 0.8064 0.7742 0.7534 0.7304 0.7208 0.6814 0.6537 0.7208 0.6861 0.6491 0.7047 0.6861 0.6491 0.6769 0.6861 0.6468 0.6491 0.693 0.6537 0.6398 0.6329 0.6098 0.582 0.5611 0.6872 0.648 0.7057 0.6918 0.6457 0.6802 0.6849 0.6411 0.6457 0.6849 0.6388 0.6249 0.6733 0.6341 0.6088 0.6549 0.6296 0.5996 0.5719 0.558
0.6798 1.0 0.0843 0.54 0.55 0.56 0.57 0.58 0.59 0.6 0.61 0.62 0.63 0.64 0.65 0.66 0.67 0.68 0.69 0.7 0.71 0.72 0.73 0.8801 0.9009 0.8526 0.8594 0.9078 0.8526 0.8364 0.8917 0.8502 0.8133 0.8663 0.8479 0.8064 0.8502 0.8526 0.8064 0.7742 0.7534 0.7304 0.7051 0.6814 0.6537 0.7208 0.6861 0.6491 0.7047 0.6861 0.6491 0.6769 0.6861 0.6468 0.6491 0.693 0.6537 0.6398 0.6329 0.6098 0.582 0.5611 0.5472 0.648 0.7057 0.6918 0.6457 0.6802 0.6849 0.6411 0.6457 0.6849 0.6388 0.6249 0.6733 0.6341 0.6088 0.6549 0.6296 0.5996 0.5719 0.558 0.5372
0.6568 1.0 0.046 0.55 0.56 0.57 0.58 0.59 0.6 0.61 0.62 0.63 0.64 0.65 0.66 0.67 0.68 0.69 0.7 0.71 0.72 0.73 0.74 0.9009 0.8526 0.8594 0.9078 0.8526 0.8364 0.8917 0.8502 0.8133 0.8663 0.8479 0.8064 0.8502 0.8526 0.8064 0.7742 0.7534 0.7304 0.7051 0.6913 0.6537 0.7208 0.6861 0.6491 0.7047 0.6861 0.6491 0.6769 0.6861 0.6468 0.6491 0.693 0.6537 0.6398 0.6329 0.6098 0.582 0.5611 0.5472 0.5287 0.7057 0.6918 0.6457 0.6802 0.6849 0.6411 0.6457 0.6849 0.6388 0.6249 0.6733 0.6341 0.6088 0.6549 0.6296 0.5996 0.5719 0.558 0.5372 0.5166
0.6429 1.0 0.0383 0.56 0.57 0.58 0.59 0.6 0.61 0.62 0.63 0.64 0.65 0.66 0.67 0.68 0.69 0.7 0.71 0.72 0.73 0.74 0.75 0.8526 0.8594 0.9078 0.8526 0.8364 0.8917 0.8502 0.8133 0.8663 0.8479 0.8064 0.8502 0.8526 0.8064 0.7742 0.7534 0.7304 0.7051 0.6913 0.6798 0.7208 0.6861 0.6491 0.7047 0.6861 0.6491 0.6769 0.6861 0.6468 0.6491 0.693 0.6537 0.6398 0.6329 0.6098 0.582 0.5611 0.5472 0.5287 0.5079 0.6918 0.6457 0.6802 0.6849 0.6411 0.6457 0.6849 0.6388 0.6249 0.6733 0.6341 0.6088 0.6549 0.6296 0.5996 0.5719 0.558 0.5372 0.5166 0.5072
0.6406 1.0 0.0767 0.57 0.58 0.59 0.6 0.61 0.62 0.63 0.64 0.65 0.66 0.67 0.68 0.69 0.7 0.71 0.72 0.73 0.74 0.75 0.76 0.8594 0.9078 0.8526 0.8364 0.8917 0.8502 0.8133 0.8663 0.8479 0.8064 0.8502 0.8526 0.8064 0.7742 0.7534 0.7304 0.7051 0.6913 0.6798 0.6568 0.6861 0.6491 0.7047 0.6861 0.6491 0.6769 0.6861 0.6468 0.6491 0.693 0.6537 0.6398 0.6329 0.6098 0.582 0.5611 0.5472 0.5287 0.5079 0.501 0.6457 0.6802 0.6849 0.6411 0.6457 0.6849 0.6388 0.6249 0.6733 0.6341 0.6088 0.6549 0.6296 0.5996 0.5719 0.558 0.5372 0.5166 0.5072 0.4911
0.6199 1.0 0.0463 0.58 0.59 0.6 0.61 0.62 0.63 0.64 0.65 0.66 0.67 0.68 0.69 0.7 0.71 0.72 0.73 0.74 0.75 0.76 0.77 0.9078 0.8526 0.8364 0.8917 0.8502 0.8133 0.8663 0.8479 0.8064 0.8502 0.8526 0.8064 0.7742 0.7534 0.7304 0.7051 0.6913 0.6798 0.6568 0.6429 0.6491 0.7047 0.6861 0.6491 0.6769 0.6861 0.6468 0.6491 0.693 0.6537 0.6398 0.6329 0.6098 0.582 0.5611 0.5472 0.5287 0.5079 0.501 0.4824 0.6802 0.6849 0.6411 0.6457 0.6849 0.6388 0.6249 0.6733 0.6341 0.6088 0.6549 0.6296 0.5996 0.5719 0.558 0.5372 0.5166 0.5072 0.4911 0.4681
0.606 1.0 0.0077 0.59 0.6 0.61 0.62 0.63 0.64 0.65 0.66 0.67 0.68 0.69 0.7 0.71 0.72 0.73 0.74 0.75 0.76 0.77 0.78 0.8526 0.8364 0.8917 0.8502 0.8133 0.8663 0.8479 0.8064 0.8502 0.8526 0.8064 0.7742 0.7534 0.7304 0.7051 0.6913 0.6798 0.6568 0.6429 0.6406 0.7047 0.6861 0.6491 0.6769 0.6861 0.6468 0.6491 0.693 0.6537 0.6398 0.6329 0.6098 0.582 0.5611 0.5472 0.5287 0.5079 0.501 0.4824 0.4639 0.6849 0.6411 0.6457 0.6849 0.6388 0.6249 0.6733 0.6341 0.6088 0.6549 0.6296 0.5996 0.5719 0.558 0.5372 0.5166 0.5072 0.4911 0.4681 0.4634
0.6083 1.0 0.069 0.6 0.61 0.62 0.63 0.64 0.65 0.66 0.67 0.68 0.69 0.7 0.71 0.72 0.73 0.74 0.75 0.76 0.77 0.78 0.79 0.8364 0.8917 0.8502 0.8133 0.8663 0.8479 0.8064 0.8502 0.8526 0.8064 0.7742 0.7534 0.7304 0.7051 0.6913 0.6798 0.6568 0.6429 0.6406 0.6199 0.6861 0.6491 0.6769 0.6861 0.6468 0.6491 0.693 0.6537 0.6398 0.6329 0.6098 0.582 0.5611 0.5472 0.5287 0.5079 0.501 0.4824 0.4639 0.4593 0.6411 0.6457 0.6849 0.6388 0.6249 0.6733 0.6341 0.6088 0.6549 0.6296 0.5996 0.5719 0.558 0.5372 0.5166 0.5072 0.4911 0.4681 0.4634 0.4542
0.5922 1.0 0.0463 0.61 0.62 0.63 0.64 0.65 0.66 0.67 0.68 0.69 0.7 0.71 0.72 0.73 0.74 0.75 0.76 0.77 0.78 0.79 0.8 0.8917 0.8502 0.8133 0.8663 0.8479 0.8064 0.8502 0.8526 0.8064 0.7742 0.7534 0.7304 0.7051 0.6913 0.6798 0.6568 0.6429 0.6406 0.6199 0.606 0.6491 0.6769 0.6861 0.6468 0.6491 0.693 0.6537 0.6398 0.6329 0.6098 0.582 0.5611 0.5472 0.5287 0.5079 0.501 0.4824 0.4639 0.4593 0.4477 0.6457 0.6849 0.6388 0.6249 0.6733 0.6341 0.6088 0.6549 0.6296 0.5996 0.5719 0.558 0.5372 0.5166 0.5072 0.4911 0.4681 0.4634 0.4542 0.4358
0.5761 1.0 0.0077 0.62 0.63 0.64 0.65 0.66 0.67 0.68 0.69 0.7 0.71 0.72 0.73 0.74 0.75 0.76 0.77 0.78 0.79 0.8 0.81 0.8502 0.8133 0.8663 0.8479 0.8064 0.8502 0.8526 0.8064 0.7742 0.7534 0.7304 0.7051 0.6913 0.6798 0.6568 0.6429 0.6406 0.6199 0.606 0.6083 0.6769 0.6861 0.6468 0.6491 0.693 0.6537 0.6398 0.6329 0.6098 0.582 0.5611 0.5472 0.5287 0.5079 0.501 0.4824 0.4639 0.4593 0.4477 0.4269 0.6849 0.6388 0.6249 0.6733 0.6341 0.6088 0.6549 0.6296 0.5996 0.5719 0.558 0.5372 0.5166 0.5072 0.4911 0.4681 0.4634 0.4542 0.4358 0.4266
0.5784 1.0 0.0537 0.63 0.64 0.65 0.66 0.67 0.68 0.69 0.7 0.71 0.72 0.73 0.74 0.75 0.76 0.77 0.78 0.79 0.8 0.81 0.82 0.8133 0.8663 0.8479 0.8064 0.8502 0.8526 0.8064 0.7742 0.7534 0.7304 0.7051 0.6913 0.6798 0.6568 0.6429 0.6406 0.6199 0.606 0.6083 0.5922 0.6861 0.6468 0.6491 0.693 0.6537 0.6398 0.6329 0.6098 0.582 0.5611 0.5472 0.5287 0.5079 0.501 0.4824 0.4639 0.4593 0.4477 0.4269 0.4246 0.6388 0.6249 0.6733 0.6341 0.6088 0.6549 0.6296 0.5996 0.5719 0.558 0.5372 0.5166 0.5072 0.4911 0.4681 0.4634 0.4542 0.4358 0.4266 0.4266
0.5646 1.0 0.0537 0.64 0.65 0.66 0.67 0.68 0.69 0.7 0.71 0.72 0.73 0.74 0.75 0.76 0.77 0.78 0.79 0.8 0.81 0.82 0.83 0.8663 0.8479 0.8064 0.8502 0.8526 0.8064 0.7742 0.7534 0.7304 0.7051 0.6913 0.6798 0.6568 0.6429 0.6406 0.6199 0.606 0.6083 0.5922 0.5761 0.6468 0.6491 0.693 0.6537 0.6398 0.6329 0.6098 0.582 0.5611 0.5472 0.5287 0.5079 0.501 0.4824 0.4639 0.4593 0.4477 0.4269 0.4246 0.4153 0.6249 0.6733 0.6341 0.6088 0.6549 0.6296 0.5996 0.5719 0.558 0.5372 0.5166 0.5072 0.4911 0.4681 0.4634 0.4542 0.4358 0.4266 0.4266 0.4058
0.5462 1.0 0.0077 0.65 0.66 0.67 0.68 0.69 0.7 0.71 0.72 0.73 0.74 0.75 0.76 0.77 0.78 0.79 0.8 0.81 0.82 0.83 0.84 0.8479 0.8064 0.8502 0.8526 0.8064 0.7742 0.7534 0.7304 0.7051 0.6913 0.6798 0.6568 0.6429 0.6406 0.6199 0.606 0.6083 0.5922 0.5761 0.5784 0.6491 0.693 0.6537 0.6398 0.6329 0.6098 0.582 0.5611 0.5472 0.5287 0.5079 0.501 0.4824 0.4639 0.4593 0.4477 0.4269 0.4246 0.4153 0.3968 0.6733 0.6341 0.6088 0.6549 0.6296 0.5996 0.5719 0.558 0.5372 0.5166 0.5072 0.4911 0.4681 0.4634 0.4542 0.4358 0.4266 0.4266 0.4058 0.3966
0.5462 1.0 0.046 0.66 0.67 0.68 0.69 0.7 0.71 0.72 0.73 0.74 0.75 0.76 0.77 0.78 0.79 0.8 0.81 0.82 0.83 0.84 0.85 0.8064 0.8502 0.8526 0.8064 0.7742 0.7534 0.7304 0.7051 0.6913 0.6798 0.6568 0.6429 0.6406 0.6199 0.606 0.6083 0.5922 0.5761 0.5784 0.5646 0.693 0.6537 0.6398 0.6329 0.6098 0.582 0.5611 0.5472 0.5287 0.5079 0.501 0.4824 0.4639 0.4593 0.4477 0.4269 0.4246 0.4153 0.3968 0.3876 0.6341 0.6088 0.6549 0.6296 0.5996 0.5719 0.558 0.5372 0.5166 0.5072 0.4911 0.4681 0.4634 0.4542 0.4358 0.4266 0.4266 0.4058 0.3966 0.3942
0.5347 1.0 0.0613 0.67 0.68 0.69 0.7 0.71 0.72 0.73 0.74 0.75 0.76 0.77 0.78 0.79 0.8 0.81 0.82 0.83 0.84 0.85 0.86 0.8502 0.8526 0.8064 0.7742 0.7534 0.7304 0.7051 0.6913 0.6798 0.6568 0.6429 0.6406 0.6199 0.606 0.6083 0.5922 0.5761 0.5784 0.5646 0.5462 0.6537 0.6398 0.6329 0.6098 0.582 0.5611 0.5472 0.5287 0.5079 0.501 0.4824 0.4639 0.4593 0.4477 0.4269 0.4246 0.4153 0.3968 0.3876 0.3829 0.6088 0.6549 0.6296 0.5996 0.5719 0.558 0.5372 0.5166 0.5072 0.4911 0.4681 0.4634 0.4542 0.4358 0.4266 0.4266 0.4058 0.3966 0.3942 0.3758
0.5186 1.0 0.0 0.68 0.69 0.7 0.71 0.72 0.73 0.74 0.75 0.76 0.77 0.78 0.79 0.8 0.81 0.82 0.83 0.84 0.85 0.86 0.87 0.8526 0.8064 0.7742 0.7534 0.7304 0.7051 0.6913 0.6798 0.6568 0.6429 0.6406 0.6199 0.606 0.6083 0.5922 0.5761 0.5784 0.5646 0.5462 0.5462 0.6398 0.6329 0.6098 0.582 0.5611 0.5472 0.5287 0.5079 0.501 0.4824 0.4639 0.4593 0.4477 0.4269 0.4246 0.4153 0.3968 0.3876 0.3829 0.3644 0.6549 0.6296 0.5996 0.5719 0.558 0.5372 0.5166 0.5072 0.4911 0.4681 0.4634 0.4542 0.4358 0.4266 0.4266 0.4058 0.3966 0.3942 0.3758 0.3642
0.5139 1.0 0.0383 0.69 0.7 0.71 0.72 0.73 0.74 0.75 0.76 0.77 0.78 0.79 0.8 0.81 0.82 0.83 0.84 0.85 0.86 0.87 0.88 0.8064 0.7742 0.7534 0.7304 0.7051 0.6913 0.6798 0.6568 0.6429 0.6406 0.6199 0.606 0.6083 0.5922 0.5761 0.5784 0.5646 0.5462 0.5462 0.5347 0.6329 0.6098 0.582 0.5611 0.5472 0.5287 0.5079 0.501 0.4824 0.4639 0.4593 0.4477 0.4269 0.4246 0.4153 0.3968 0.3876 0.3829 0.3644 0.3551 0.6296 0.5996 0.5719 0.558 0.5372 0.5166 0.5072 0.4911 0.4681 0.4634 0.4542 0.4358 0.4266 0.4266 0.4058 0.3966 0.3942 0.3758 0.3642 0.362
0.507 1.0 0.0537 0.7 0.71 0.72 0.73 0.74 0.75 0.76 0.77 0.78 0.79 0.8 0.81 0.82 0.83 0.84 0.85 0.86 0.87 0.88 0.89 0.7742 0.7534 0.7304 0.7051 0.6913 0.6798 0.6568 0.6429 0.6406 0.6199 0.606 0.6083 0.5922 0.5761 0.5784 0.5646 0.5462 0.5462 0.5347 0.5186 0.6098 0.582 0.5611 0.5472 0.5287 0.5079 0.501 0.4824 0.4639 0.4593 0.4477 0.4269 0.4246 0.4153 0.3968 0.3876 0.3829 0.3644 0.3551 0.3506 0.5996 0.5719 0.558 0.5372 0.5166 0.5072 0.4911 0.4681 0.4634 0.4542 0.4358 0.4266 0.4266 0.4058 0.3966 0.3942 0.3758 0.3642 0.362 0.3504
0.4909 1.0 0.0157 0.71 0.72 0.73 0.74 0.75 0.76 0.77 0.78 0.79 0.8 0.81 0.82 0.83 0.84 0.85 0.86 0.87 0.88 0.89 0.9 0.7534 0.7304 0.7051 0.6913 0.6798 0.6568 0.6429 0.6406 0.6199 0.606 0.6083 0.5922 0.5761 0.5784 0.5646 0.5462 0.5462 0.5347 0.5186 0.5139 0.582 0.5611 0.5472 0.5287 0.5079 0.501 0.4824 0.4639 0.4593 0.4477 0.4269 0.4246 0.4153 0.3968 0.3876 0.3829 0.3644 0.3551 0.3506 0.3367 0.5719 0.558 0.5372 0.5166 0.5072 0.4911 0.4681 0.4634 0.4542 0.4358 0.4266 0.4266 0.4058 0.3966 0.3942 0.3758 0.3642 0.362 0.3504 0.3366
0.4863 1.0 0.023 0.72 0.73 0.74 0.75 0.76 0.77 0.78 0.79 0.8 0.81 0.82 0.83 0.84 0.85 0.86 0.87 0.88 0.89 0.9 0.91 0.7304 0.7051 0.6913 0.6798 0.6568 0.6429 0.6406 0.6199 0.606 0.6083 0.5922 0.5761 0.5784 0.5646 0.5462 0.5462 0.5347 0.5186 0.5139 0.507 0.5611 0.5472 0.5287 0.5079 0.501 0.4824 0.4639 0.4593 0.4477 0.4269 0.4246 0.4153 0.3968 0.3876 0.3829 0.3644 0.3551 0.3506 0.3367 0.325 0.558 0.5372 0.5166 0.5072 0.4911 0.4681 0.4634 0.4542 0.4358 0.4266 0.4266 0.4058 0.3966 0.3942 0.3758 0.3642 0.362 0.3504 0.3366 0.3342
0.4771 1.0 0.0537 0.73 0.74 0.75 0.76 0.77 0.78 0.79 0.8 0.81 0.82 0.83 0.84 0.85 0.86 0.87 0.88 0.89 0.9 0.91 0.92 0.7051 0.6913 0.6798 0.6568 0.6429 0.6406 0.6199 0.606 0.6083 0.5922 0.5761 0.5784 0.5646 0.5462 0.5462 0.5347 0.5186 0.5139 0.507 0.4909 0.5472 0.5287 0.5079 0.501 0.4824 0.4639 0.4593 0.4477 0.4269 0.4246 0.4153 0.3968 0.3876 0.3829 0.3644 0.3551 0.3506 0.3367 0.325 0.3204 0.5372 0.5166 0.5072 0.4911 0.4681 0.4634 0.4542 0.4358 0.4266 0.4266 0.4058 0.3966 0.3942 0.3758 0.3642 0.362 0.3504 0.3366 0.3342 0.3204
0.4679 1.0 0.0153 0.74 0.75 0.76 0.77 0.78 0.79 0.8 0.81 0.82 0.83 0.84 0.85 0.86 0.87 0.88 0.89 0.9 0.91 0.92 0.93 0.6913 0.6798 0.6568 0.6429 0.6406 0.6199 0.606 0.6083 0.5922 0.5761 0.5784 0.5646 0.5462 0.5462 0.5347 0.5186 0.5139 0.507 0.4909 0.4863 0.5287 0.5079 0.501 0.4824 0.4639 0.4593 0.4477 0.4269 0.4246 0.4153 0.3968 0.3876 0.3829 0.3644 0.3551 0.3506 0.3367 0.325 0.3204 0.3089 0.5166 0.5072 0.4911 0.4681 0.4634 0.4542 0.4358 0.4266 0.4266 0.4058 0.3966 0.3942 0.3758 0.3642 0.362 0.3504 0.3366 0.3342 0.3204 0.3112
0.4587 1.0 0.0307 0.75 0.76 0.77 0.78 0.79 0.8 0.81 0.82 0.83 0.84 0.85 0.86 0.87 0.88 0.89 0.9 0.91 0.92 0.93 0.94 0.6798 0.6568 0.6429 0.6406 0.6199 0.606 0.6083 0.5922 0.5761 0.5784 0.5646 0.5462 0.5462 0.5347 0.5186 0.5139 0.507 0.4909 0.4863 0.4771 0.5079 0.501 0.4824 0.4639 0.4593 0.4477 0.4269 0.4246 0.4153 0.3968 0.3876 0.3829 0.3644 0.3551 0.3506 0.3367 0.325 0.3204 0.3089 0.2996 0.5072 0.4911 0.4681 0.4634 0.4542 0.4358 0.4266 0.4266 0.4058 0.3966 0.3942 0.3758 0.3642 0.362 0.3504 0.3366 0.3342 0.3204 0.3112 0.3043
0.4518 1.0 0.0307 0.76 0.77 0.78 0.79 0.8 0.81 0.82 0.83 0.84 0.85 0.86 0.87 0.88 0.89 0.9 0.91 0.92 0.93 0.94 0.95 0.6568 0.6429 0.6406 0.6199 0.606 0.6083 0.5922 0.5761 0.5784 0.5646 0.5462 0.5462 0.5347 0.5186 0.5139 0.507 0.4909 0.4863 0.4771 0.4679 0.501 0.4824 0.4639 0.4593 0.4477 0.4269 0.4246 0.4153 0.3968 0.3876 0.3829 0.3644 0.3551 0.3506 0.3367 0.325 0.3204 0.3089 0.2996 0.2927 0.4911 0.4681 0.4634 0.4542 0.4358 0.4266 0.4266 0.4058 0.3966 0.3942 0.3758 0.3642 0.362 0.3504 0.3366 0.3342 0.3204 0.3112 0.3043 0.2951
0.4426 1.0 0.0307 0.77 0.78 0.79 0.8 0.81 0.82 0.83 0.84 0.85 0.86 0.87 0.88 0.89 0.9 0.91 0.92 0.93 0.94 0.95 0.96 0.6429 0.6406 0.6199 0.606 0.6083 0.5922 0.5761 0.5784 0.5646 0.5462 0.5462 0.5347 0.5186 0.5139 0.507 0.4909 0.4863 0.4771 0.4679 0.4587 0.4824 0.4639 0.4593 0.4477 0.4269 0.4246 0.4153 0.3968 0.3876 0.3829 0.3644 0.3551 0.3506 0.3367 0.325 0.3204 0.3089 0.2996 0.2927 0.2833 0.4681 0.4634 0.4542 0.4358 0.4266 0.4266 0.4058 0.3966 0.3942 0.3758 0.3642 0.362 0.3504 0.3366 0.3342 0.3204 0.3112 0.3043 0.2951 0.2859
0.4863 1.0 0.023 0.78 0.79 0.8 0.81 0.82 0.83 0.84 0.85 0.86 0.87 0.88 0.89 0.9 0.91 0.92 0.93 0.94 0.95 0.96 0.97 0.6406 0.6199 0.606 0.6083 0.5922 0.5761 0.5784 0.5646 0.5462 0.5462 0.5347 0.5186 0.5139 0.507 0.4909 0.4863 0.4771 0.4679 0.4587 0.4518 0.4639 0.4593 0.4477 0.4269 0.4246 0.4153 0.3968 0.3876 0.3829 0.3644 0.3551 0.3506 0.3367 0.325 0.3204 0.3089 0.2996 0.2927 0.2833 0.2741 0.4634 0.4542 0.4358 0.4266 0.4266 0.4058 0.3966 0.3942 0.3758 0.3642 0.362 0.3504 0.3366 0.3342 0.3204 0.3112 0.3043 0.2951 0.2859 0.2789
0.4701 1.0 0.0307 0.79 0.8 0.81 0.82 0.83 0.84 0.85 0.86 0.87 0.88 0.89 0.9 0.91 0.92 0.93 0.94 0.95 0.96 0.97 0.0 0.6199 0.606 0.6083 0.5922 0.5761 0.5784 0.5646 0.5462 0.5462 0.5347 0.5186 0.5139 0.507 0.4909 0.4863 0.4771 0.4679 0.4587 0.4518 0.4426 0.4593 0.4477 0.4269 0.4246 0.4153 0.3968 0.3876 0.3829 0.3644 0.3551 0.3506 0.3367 0.325 0.3204 0.3089 0.2996 0.2927 0.2833 0.2741 0.2672 0.4542 0.4358 0.4266 0.4266 0.4058 0.3966 0.3942 0.3758 0.3642 0.362 0.3504 0.3366 0.3342 0.3204 0.3112 0.3043 0.2951 0.2859 0.2789 0.2697
0.484 1.0 0.1457 0.8 0.81 0.82 0.83 0.84 0.85 0.86 0.87 0.88 0.89 0.9 0.91 0.92 0.93 0.94 0.95 0.96 0.97 0.0 0.01 0.606 0.6083 0.5922 0.5761 0.5784 0.5646 0.5462 0.5462 0.5347 0.5186 0.5139 0.507 0.4909 0.4863 0.4771 0.4679 0.4587 0.4518 0.4426 0.4863 0.4477 0.4269 0.4246 0.4153 0.3968 0.3876 0.3829 0.3644 0.3551 0.3506 0.3367 0.325 0.3204 0.3089 0.2996 0.2927 0.2833 0.2741 0.2672 0.2579 0.4358 0.4266 0.4266 0.4058 0.3966 0.3942 0.3758 0.3642 0.362 0.3504 0.3366 0.3342 0.3204 0.3112 0.3043 0.2951 0.2859 0.2789 0.2697 0.3181
0.5716 1.0 0.054 0.81 0.82 0.83 0.84 0.85 0.86 0.87 0.88 0.89 0.9 0.91 0.92 0.93 0.94 0.95 0.96 0.97 0.0 0.01 0.02 0.6083 0.5922 0.5761 0.5784 0.5646 0.5462 0.5462 0.5347 0.5186 0.5139 0.507 0.4909 0.4863 0.4771 0.4679 0.4587 0.4518 0.4426 0.4863 0.4701 0.4269 0.4246 0.4153 0.3968 0.3876 0.3829 0.3644 0.3551 0.3506 0.3367 0.325 0.3204 0.3089 0.2996 0.2927 0.2833 0.2741 0.2672 0.2579 0.3204 0.4266 0.4266 0.4058 0.3966 0.3942 0.3758 0.3642 0.362 0.3504 0.3366 0.3342 0.3204 0.3112 0.3043 0.2951 0.2859 0.2789 0.2697 0.3181 0.3504
0.5416 1.0 0.0463 0.82 0.83 0.84 0.85 0.86 0.87 0.88 0.89 0.9 0.91 0.92 0.93 0.94 0.95 0.96 0.97 0.0 0.01 0.02 0.03 0.5922 0.5761 0.5784 0.5646 0.5462 0.5462 0.5347 0.5186 0.5139 0.507 0.4909 0.4863 0.4771 0.4679 0.4587 0.4518 0.4426 0.4863 0.4701 0.484 0.4246 0.4153 0.3968 0.3876 0.3829 0.3644 0.3551 0.3506 0.3367 0.325 0.3204 0.3089 0.2996 0.2927 0.2833 0.2741 0.2672 0.2579 0.3204 0.3228 0.4266 0.4058 0.3966 0.3942 0.3758 0.3642 0.362 0.3504 0.3366 0.3342 0.3204 0.3112 0.3043 0.2951 0.2859 0.2789 0.2697 0.3181 0.3504 0.3181
0.5323 1.0 0.292 0.83 0.84 0.85 0.86 0.87 0.88 0.89 0.9 0.91 0.92 0.93 0.94 0.95 0.96 0.97 0.0 0.01 0.02 0.03 0.04 0.5761 0.5784 0.5646 0.5462 0.5462 0.5347 0.5186 0.5139 0.507 0.4909 0.4863 0.4771 0.4679 0.4587 0.4518 0.4426 0.4863 0.4701 0.484 0.5716 0.4153 0.3968 0.3876 0.3829 0.3644 0.3551 0.3506 0.3367 0.325 0.3204 0.3089 0.2996 0.2927 0.2833 0.2741 0.2672 0.2579 0.3204 0.3228 0.3089 0.4058 0.3966 0.3942 0.3758 0.3642 0.362 0.3504 0.3366 0.3342 0.3204 0.3112 0.3043 0.2951 0.2859 0.2789 0.2697 0.3181 0.3504 0.3181 0.355
0.6199 1.0 0.1 0.84 0.85 0.86 0.87 0.88 0.89 0.9 0.91 0.92 0.93 0.94 0.95 0.96 0.97 0.0 0.01 0.02 0.03 0.04 0.05 0.5784 0.5646 0.5462 0.5462 0.5347 0.5186 0.5139 0.507 0.4909 0.4863 0.4771 0.4679 0.4587 0.4518 0.4426 0.4863 0.4701 0.484 0.5716 0.5416 0.3968 0.3876 0.3829 0.3644 0.3551 0.3506 0.3367 0.325 0.3204 0.3089 0.2996 0.2927 0.2833 0.2741 0.2672 0.2579 0.3204 0.3228 0.3089 0.3644 0.3966 0.3942 0.3758 0.3642 0.362 0.3504 0.3366 0.3342 0.3204 0.3112 0.3043 0.2951 0.2859 0.2789 0.2697 0.3181 0.3504 0.3181 0.355 0.3989
0.5899 1.0 0.031 0.85 0.86 0.87 0.88 0.89 0.9 0.91 0.92 0.93 0.94 0.95 0.96 0.97 0.0 0.01 0.02 0.03 0.04 0.05 0.06 0.5646 0.5462 0.5462 0.5347 0.5186 0.5139 0.507 0.4909 0.4863 0.4771 0.4679 0.4587 0.4518 0.4426 0.4863 0.4701 0.484 0.5716 0.5416 0.5323 0.3876 0.3829 0.3644 0.3551 0.3506 0.3367 0.325 0.3204 0.3089 0.2996 0.2927 0.2833 0.2741 0.2672 0.2579 0.3204 0.3228 0.3089 0.3644 0.376 0.3942 0.3758 0.3642 0.362 0.3504 0.3366 0.3342 0.3204 0.3112 0.3043 0.2951 0.2859 0.2789 0.2697 0.3181 0.3504 0.3181 0.355 0.3989 0.3597
0.5623 1.0 0.292 0.86 0.87 0.88 0.89 0.9 0.91 0.92 0.93 0.94 0.95 0.96 0.97 0.0 0.01 0.02 0.03 0.04 0.05 0.06 0.07 0.5462 0.5462 0.5347 0.5186 0.5139 0.507 0.4909 0.4863 0.4771 0.4679 0.4587 0.4518 0.4426 0.4863 0.4701 0.484 0.5716 0.5416 0.5323 0.6199 0.3829 0.3644 0.3551 0.3506 0.3367 0.325 0.3204 0.3089 0.2996 0.2927 0.2833 0.2741 0.2672 0.2579 0.3204 0.3228 0.3089 0.3644 0.376 0.3506 0.3758 0.3642 0.362 0.3504 0.3366 0.3342 0.3204 0.3112 0.3043 0.2951 0.2859 0.2789 0.2697 0.3181 0.3504 0.3181 0.355 0.3989 0.3597 0.3734
0.6498 1.0 0.1 0.87 0.88 0.89 0.9 0.91 0.92 0.93 0.94 0.95 0.96 0.97 0.0 0.01 0.02 0.03 0.04 0.05 0.06 0.07 0.08 0.5462 0.5347 0.5186 0.5139 0.507 0.4909 0.4863 0.4771 0.4679 0.4587 0.4518 0.4426 0.4863 0.4701 0.484 0.5716 0.5416 0.5323 0.6199 0.5899 0.3644 0.3551 0.3506 0.3367 0.325 0.3204 0.3089 0.2996 0.2927 0.2833 0.2741 0.2672 0.2579 0.3204 0.3228 0.3089 0.3644 0.376 0.3506 0.3876 0.3642 0.362 0.3504 0.3366 0.3342 0.3204 0.3112 0.3043 0.2951 0.2859 0.2789 0.2697 0.3181 0.3504 0.3181 0.355 0.3989 0.3597 0.3734 0.4381
0.6337 1.0 0.092 0.88 0.89 0.9 0.91 0.92 0.93 0.94 0.95 0.96 0.97 0.0 0.01 0.02 0.03 0.04 0.05 0.06 0.07 0.08 0.09 0.5347 0.5186 0.5139 0.507 0.4909 0.4863 0.4771 0.4679 0.4587 0.4518 0.4426 0.4863 0.4701 0.484 0.5716 0.5416 0.5323 0.6199 0.5899 0.5623 0.3551 0.3506 0.3367 0.325 0.3204 0.3089 0.2996 0.2927 0.2833 0.2741 0.2672 0.2579 0.3204 0.3228 0.3089 0.3644 0.376 0.3506 0.3876 0.4222 0.362 0.3504 0.3366 0.3342 0.3204 0.3112 0.3043 0.2951 0.2859 0.2789 0.2697 0.3181 0.3504 0.3181 0.355 0.3989 0.3597 0.3734 0.4381 0.3942
0.5969 1.0 0.2917 0.89 0.9 0.91 0.92 0.93 0.94 0.95 0.96 0.97 0.0 0.01 0.02 0.03 0.04 0.05 0.06 0.07 0.08 0.09 0.1 0.5186 0.5139 0.507 0.4909 0.4863 0.4771 0.4679 0.4587 0.4518 0.4426 0.4863 0.4701 0.484 0.5716 0.5416 0.5323 0.6199 0.5899 0.5623 0.6498 0.3506 0.3367 0.325 0.3204 0.3089 0.2996 0.2927 0.2833 0.2741 0.2672 0.2579 0.3204 0.3228 0.3089 0.3644 0.376 0.3506 0.3876 0.4222 0.3876 0.3504 0.3366 0.3342 0.3204 0.3112 0.3043 0.2951 0.2859 0.2789 0.2697 0.3181 0.3504 0.3181 0.355 0.3989 0.3597 0.3734 0.4381 0.3942 0.3804
0.6544 1.0 0.0537 0.9 0.91 0.92 0.93 0.94 0.95 0.96 0.97 0.0 0.01 0.02 0.03 0.04 0.05 0.06 0.07 0.08 0.09 0.1 0.11 0.5139 0.507 0.4909 0.4863 0.4771 0.4679 0.4587 0.4518 0.4426 0.4863 0.4701 0.484 0.5716 0.5416 0.5323 0.6199 0.5899 0.5623 0.6498 0.6337 0.3367 0.325 0.3204 0.3089 0.2996 0.2927 0.2833 0.2741 0.2672 0.2579 0.3204 0.3228 0.3089 0.3644 0.376 0.3506 0.3876 0.4222 0.3876 0.3991 0.3366 0.3342 0.3204 0.3112 0.3043 0.2951 0.2859 0.2789 0.2697 0.3181 0.3504 0.3181 0.355 0.3989 0.3597 0.3734 0.4381 0.3942 0.3804 0.4611
0.6659 1.0 0.1227 0.91 0.92 0.93 0.94 0.95 0.96 0.97 0.0 0.01 0.02 0.03 0.04 0.05 0.06 0.07 0.08 0.09 0.1 0.11 0.12 0.507 0.4909 0.4863 0.4771 0.4679 0.4587 0.4518 0.4426 0.4863 0.4701 0.484 0.5716 0.5416 0.5323 0.6199 0.5899 0.5623 0.6498 0.6337 0.5969 0.325 0.3204 0.3089 0.2996 0.2927 0.2833 0.2741 0.2672 0.2579 0.3204 0.3228 0.3089 0.3644 0.376 0.3506 0.3876 0.4222 0.3876 0.3991 0.4593 0.3342 0.3204 0.3112 0.3043 0.2951 0.2859 0.2789 0.2697 0.3181 0.3504 0.3181 0.355 0.3989 0.3597 0.3734 0.4381 0.3942 0.3804 0.4611 0.4242
0.6268 1.0 0.1917 0.92 0.93 0.94 0.95 0.96 0.97 0.0 0.01 0.02 0.03 0.04 0.05 0.06 0.07 0.08 0.09 0.1 0.11 0.12 0.13 0.4909 0.4863 0.4771 0.4679 0.4587 0.4518 0.4426 0.4863 0.4701 0.484 0.5716 0.5416 0.5323 0.6199 0.5899 0.5623 0.6498 0.6337 0.5969 0.6544 0.3204 0.3089 0.2996 0.2927 0.2833 0.2741 0.2672 0.2579 0.3204 0.3228 0.3089 0.3644 0.376 0.3506 0.3876 0.4222 0.3876 0.3991 0.4593 0.4222 0.3204 0.3112 0.3043 0.2951 0.2859 0.2789 0.2697 0.3181 0.3504 0.3181 0.355 0.3989 0.3597 0.3734 0.4381 0.3942 0.3804 0.4611 0.4242 0.3966
0.6406 1.0 0.0383 0.93 0.94 0.95 0.96 0.97 0.0 0.01 0.02 0.03 0.04 0.05 0.06 0.07 0.08 0.09 0.1 0.11 0.12 0.13 0.14 0.4863 0.4771 0.4679 0.4587 0.4518 0.4426 0.4863 0.4701 0.484 0.5716 0.5416 0.5323 0.6199 0.5899 0.5623 0.6498 0.6337 0.5969 0.6544 0.6659 0.3089 0.2996 0.2927 0.2833 0.2741 0.2672 0.2579 0.3204 0.3228 0.3089 0.3644 0.376 0.3506 0.3876 0.4222 0.3876 0.3991 0.4593 0.4222 0.413 0.3112 0.3043 0.2951 0.2859 0.2789 0.2697 0.3181 0.3504 0.3181 0.355 0.3989 0.3597 0.3734 0.4381 0.3942 0.3804 0.4611 0.4242 0.3966 0.4658
0.689 1.0 0.1303 0.94 0.95 0.96 0.97 0.0 0.01 0.02 0.03 0.04 0.05 0.06 0.07 0.08 0.09 0.1 0.11 0.12 0.13 0.14 0.15 0.4771 0.4679 0.4587 0.4518 0.4426 0.4863 0.4701 0.484 0.5716 0.5416 0.5323 0.6199 0.5899 0.5623 0.6498 0.6337 0.5969 0.6544 0.6659 0.6268 0.2996 0.2927 0.2833 0.2741 0.2672 0.2579 0.3204 0.3228 0.3089 0.3644 0.376 0.3506 0.3876 0.4222 0.3876 0.3991 0.4593 0.4222 0.413 0.4848 0.3043 0.2951 0.2859 0.2789 0.2697 0.3181 0.3504 0.3181 0.355 0.3989 0.3597 0.3734 0.4381 0.3942 0.3804 0.4611 0.4242 0.3966 0.4658 0.4519
0.6521 1.0 0.046 0.95 0.96 0.97 0.0 0.01 0.02 0.03 0.04 0.05 0.06 0.07 0.08 0.09 0.1 0.11 0.12 0.13 0.14 0.15 0.16 0.4679 0.4587 0.4518 0.4426 0.4863 0.4701 0.484 0.5716 0.5416 0.5323 0.6199 0.5899 0.5623 0.6498 0.6337 0.5969 0.6544 0.6659 0.6268 0.6406 0.2927 0.2833 0.2741 0.2672 0.2579 0.3204 0.3228 0.3089 0.3644 0.376 0.3506 0.3876 0.4222 0.3876 0.3991 0.4593 0.4222 0.413 0.4848 0.457 0.2951 0.2859 0.2789 0.2697 0.3181 0.3504 0.3181 0.355 0.3989 0.3597 0.3734 0.4381 0.3942 0.3804 0.4611 0.4242 0.3966 0.4658 0.4519 0.4242
0.6429 1.0 0.1613 0.96 0.97 0.0 0.01 0.02 0.03 0.04 0.05 0.06 0.07 0.08 0.09 0.1 0.11 0.12 0.13 0.14 0.15 0.16 0.17 0.4587 0.4518 0.4426 0.4863 0.4701 0.484 0.5716 0.5416 0.5323 0.6199 0.5899 0.5623 0.6498 0.6337 0.5969 0.6544 0.6659 0.6268 0.6406 0.689 0.2833 0.2741 0.2672 0.2579 0.3204 0.3228 0.3089 0.3644 0.376 0.3506 0.3876 0.4222 0.3876 0.3991 0.4593 0.4222 0.413 0.4848 0.457 0.4338 0.2859 0.2789 0.2697 0.3181 0.3504 0.3181 0.355 0.3989 0.3597 0.3734 0.4381 0.3942 0.3804 0.4611 0.4242 0.3966 0.4658 0.4519 0.4242 0.4589
0.689 1.0 0.123 0.97 0.0 0.01 0.02 0.03 0.04 0.05 0.06 0.07 0.08 0.09 0.1 0.11 0.12 0.13 0.14 0.15 0.16 0.17 0.18 0.4518 0.4426 0.4863 0.4701 0.484 0.5716 0.5416 0.5323 0.6199 0.5899 0.5623 0.6498 0.6337 0.5969 0.6544 0.6659 0.6268 0.6406 0.689 0.6521 0.2741 0.2672 0.2579 0.3204 0.3228 0.3089 0.3644 0.376 0.3506 0.3876 0.4222 0.3876 0.3991 0.4593 0.4222 0.413 0.4848 0.457 0.4338 0.4987 0.2789 0.2697 0.3181 0.3504 0.3181 0.355 0.3989 0.3597 0.3734 0.4381 0.3942 0.3804 0.4611 0.4242 0.3966 0.4658 0.4519 0.4242 0.4589 0.4727
0.6706 1.0 0.0307 0.0 0.01 0.02 0.03 0.04 0.05 0.06 0.07 0.08 0.09 0.1 0.11 0.12 0.13 0.14 0.15 0.16 0.17 0.18 0.19 0.4426 0.4863 0.4701 0.484 0.5716 0.5416 0.5323 0.6199 0.5899 0.5623 0.6498 0.6337 0.5969 0.6544 0.6659 0.6268 0.6406 0.689 0.6521 0.6429 0.2672 0.2579 0.3204 0.3228 0.3089 0.3644 0.376 0.3506 0.3876 0.4222 0.3876 0.3991 0.4593 0.4222 0.413 0.4848 0.457 0.4338 0.4987 0.4917 0.2697 0.3181 0.3504 0.3181 0.355 0.3989 0.3597 0.3734 0.4381 0.3942 0.3804 0.4611 0.4242 0.3966 0.4658 0.4519 0.4242 0.4589 0.4727 0.4473
0.659 1.0 0.1537 0.01 0.02 0.03 0.04 0.05 0.06 0.07 0.08 0.09 0.1 0.11 0.12 0.13 0.14 0.15 0.16 0.17 0.18 0.19 0.2 0.4863 0.4701 0.484 0.5716 0.5416 0.5323 0.6199 0.5899 0.5623 0.6498 0.6337 0.5969 0.6544 0.6659 0.6268 0.6406 0.689 0.6521 0.6429 0.689 0.2579 0.3204 0.3228 0.3089 0.3644 0.376 0.3506 0.3876 0.4222 0.3876 0.3991 0.4593 0.4222 0.413 0.4848 0.457 0.4338 0.4987 0.4917 0.4639 0.3181 0.3504 0.3181 0.355 0.3989 0.3597 0.3734 0.4381 0.3942 0.3804 0.4611 0.4242 0.3966 0.4658 0.4519 0.4242 0.4589 0.4727 0.4473 0.4589
0.6982 1.0 0.0613 0.02 0.03 0.04 0.05 0.06 0.07 0.08 0.09 0.1 0.11 0.12 0.13 0.14 0.15 0.16 0.17 0.18 0.19 0.2 0.21 0.4701 0.484 0.5716 0.5416 0.5323 0.6199 0.5899 0.5623 0.6498 0.6337 0.5969 0.6544 0.6659 0.6268 0.6406 0.689 0.6521 0.6429 0.689 0.6706 0.3204 0.3228 0.3089 0.3644 0.376 0.3506 0.3876 0.4222 0.3876 0.3991 0.4593 0.4222 0.413 0.4848 0.457 0.4338 0.4987 0.4917 0.4639 0.4824 0.3504 0.3181 0.355 0.3989 0.3597 0.3734 0.4381 0.3942 0.3804 0.4611 0.4242 0.3966 0.4658 0.4519 0.4242 0.4589 0.4727 0.4473 0.4589 0.5003
0.7143 1.0 0.0387 0.03 0.04 0.05 0.06 0.07 0.08 0.09 0.1 0.11 0.12 0.13 0.14 0.15 0.16 0.17 0.18 0.19 0.2 0.21 0.22 0.484 0.5716 0.5416 0.5323 0.6199 0.5899 0.5623 0.6498 0.6337 0.5969 0.6544 0.6659 0.6268 0.6406 0.689 0.6521 0.6429 0.689 0.6706 0.659 0.3228 0.3089 0.3644 0.376 0.3506 0.3876 0.4222 0.3876 0.3991 0.4593 0.4222 0.413 0.4848 0.457 0.4338 0.4987 0.4917 0.4639 0.4824 0.5357 0.3181 0.355 0.3989 0.3597 0.3734 0.4381 0.3942 0.3804 0.4611 0.4242 0.3966 0.4658 0.4519 0.4242 0.4589 0.4727 0.4473 0.4589 0.5003 0.4727
0.6936 1.0 0.1307 0.04 0.05 0.06 0.07 0.08 0.09 0.1 0.11 0.12 0.13 0.14 0.15 0.16 0.17 0.18 0.19 0.2 0.21 0.22 0.23 0.5716 0.5416 0.5323 0.6199 0.5899 0.5623 0.6498 0.6337 0.5969 0.6544 0.6659 0.6268 0.6406 0.689 0.6521 0.6429 0.689 0.6706 0.659 0.6982 0.3089 0.3644 0.376 0.3506 0.3876 0.4222 0.3876 0.3991 0.4593 0.4222 0.413 0.4848 0.457 0.4338 0.4987 0.4917 0.4639 0.4824 0.5357 0.5056 0.355 0.3989 0.3597 0.3734 0.4381 0.3942 0.3804 0.4611 0.4242 0.3966 0.4658 0.4519 0.4242 0.4589 0.4727 0.4473 0.4589 0.5003 0.4727 0.475
0.7051 1.0 0.0537 0.05 0.06 0.07 0.08 0.09 0.1 0.11 0.12 0.13 0.14 0.15 0.16 0.17 0.18 0.19 0.2 0.21 0.22 0.23 0.24 0.5416 0.5323 0.6199 0.5899 0.5623 0.6498 0.6337 0.5969 0.6544 0.6659 0.6268 0.6406 0.689 0.6521 0.6429 0.689 0.6706 0.659 0.6982 0.7143 0.3644 0.376 0.3506 0.3876 0.4222 0.3876 0.3991 0.4593 0.4222 0.413 0.4848 0.457 0.4338 0.4987 0.4917 0.4639 0.4824 0.5357 0.5056 0.5032 0.3989 0.3597 0.3734 0.4381 0.3942 0.3804 0.4611 0.4242 0.3966 0.4658 0.4519 0.4242 0.4589 0.4727 0.4473 0.4589 0.5003 0.4727 0.475 0.5119
0.7696 1.0 0.069 0.06 0.07 0.08 0.09 0.1 0.11 0.12 0.13 0.14 0.15 0.16 0.17 0.18 0.19 0.2 0.21 0.22 0.23 0.24 0.25 0.5323 0.6199 0.5899 0.5623 0.6498 0.6337 0.5969 0.6544 0.6659 0.6268 0.6406 0.689 0.6521 0.6429 0.689 0.6706 0.659 0.6982 0.7143 0.6936 0.376 0.3506 0.3876 0.4222 0.3876 0.3991 0.4593 0.4222 0.413 0.4848 0.457 0.4338 0.4987 0.4917 0.4639 0.4824 0.5357 0.5056 0.5032 0.5588 0.3597 0.3734 0.4381 0.3942 0.3804 0.4611 0.4242 0.3966 0.4658 0.4519 0.4242 0.4589 0.4727 0.4473 0.4589 0.5003 0.4727 0.475 0.5119 0.5258
0.742 1.0 0.0383 0.07 0.08 0.09 0.1 0.11 0.12 0.13 0.14 0.15 0.16 0.17 0.18 0.19 0.2 0.21 0.22 0.23 0.24 0.25 0.26 0.6199 0.5899 0.5623 0.6498 0.6337 0.5969 0.6544 0.6659 0.6268 0.6406 0.689 0.6521 0.6429 0.689 0.6706 0.659 0.6982 0.7143 0.6936 0.7051 0.3506 0.3876 0.4222 0.3876 0.3991 0.4593 0.4222 0.413 0.4848 0.457 0.4338 0.4987 0.4917 0.4639 0.4824 0.5357 0.5056 0.5032 0.5588 0.5472 0.3734 0.4381 0.3942 0.3804 0.4611 0.4242 0.3966 0.4658 0.4519 0.4242 0.4589 0.4727 0.4473 0.4589 0.5003 0.4727 0.475 0.5119 0.5258 0.5142
0.735 1.0 0.215 0.08 0.09 0.1 0.11 0.12 0.13 0.14 0.15 0.16 0.17 0.18 0.19 0.2 0.21 0.22 0.23 0.24 0.25 0.26 0.27 0.5899 0.5623 0.6498 0.6337 0.5969 0.6544 0.6659 0.6268 0.6406 0.689 0.6521 0.6429 0.689 0.6706 0.659 0.6982 0.7143 0.6936 0.7051 0.7696 0.3876 0.4222 0.3876 0.3991 0.4593 0.4222 0.413 0.4848 0.457 0.4338 0.4987 0.4917 0.4639 0.4824 0.5357 0.5056 0.5032 0.5588 0.5472 0.538 0.4381 0.3942 0.3804 0.4611 0.4242 0.3966 0.4658 0.4519 0.4242 0.4589 0.4727 0.4473 0.4589 0.5003 0.4727 0.475 0.5119 0.5258 0.5142 0.5419
0.8041 1.0 0.092 0.09 0.1 0.11 0.12 0.13 0.14 0.15 0.16 0.17 0.18 0.19 0.2 0.21 0.22 0.23 0.24 0.25 0.26 0.27 0.28 0.5623 0.6498 0.6337 0.5969 0.6544 0.6659 0.6268 0.6406 0.689 0.6521 0.6429 0.689 0.6706 0.659 0.6982 0.7143 0.6936 0.7051 0.7696 0.742 0.4222 0.3876 0.3991 0.4593 0.4222 0.413 0.4848 0.457 0.4338 0.4987 0.4917 0.4639 0.4824 0.5357 0.5056 0.5032 0.5588 0.5472 0.538 0.5703 0.3942 0.3804 0.4611 0.4242 0.3966 0.4658 0.4519 0.4242 0.4589 0.4727 0.4473 0.4589 0.5003 0.4727 0.475 0.5119 0.5258 0.5142 0.5419 0.588
0.7834 1.0 0.0233 0.1 0.11 0.12 0.13 0.14 0.15 0.16 0.17 0.18 0.19 0.2 0.21 0.22 0.23 0.24 0.25 0.26 0.27 0.28 0.29 0.6498 0.6337 0.5969 0.6544 0.6659 0.6268 0.6406 0.689 0.6521 0.6429 0.689 0.6706 0.659 0.6982 0.7143 0.6936 0.7051 0.7696 0.742 0.735 0.3876 0.3991 0.4593 0.4222 0.413 0.4848 0.457 0.4338 0.4987 0.4917 0.4639 0.4824 0.5357 0.5056 0.5032 0.5588 0.5472 0.538 0.5703 0.5959 0.3804 0.4611 0.4242 0.3966 0.4658 0.4519 0.4242 0.4589 0.4727 0.4473 0.4589 0.5003 0.4727 0.475 0.5119 0.5258 0.5142 0.5419 0.588 0.5534
0.7696 1.0 0.2303 0.11 0.12 0.13 0.14 0.15 0.16 0.17 0.18 0.19 0.2 0.21 0.22 0.23 0.24 0.25 0.26 0.27 0.28 0.29 0.3 0.6337 0.5969 0.6544 0.6659 0.6268 0.6406 0.689 0.6521 0.6429 0.689 0.6706 0.659 0.6982 0.7143 0.6936 0.7051 0.7696 0.742 0.735 0.8041 0.3991 0.4593 0.4222 0.413 0.4848 0.457 0.4338 0.4987 0.4917 0.4639 0.4824 0.5357 0.5056 0.5032 0.5588 0.5472 0.538 0.5703 0.5959 0.5681 0.4611 0.4242 0.3966 0.4658 0.4519 0.4242 0.4589 0.4727 0.4473 0.4589 0.5003 0.4727 0.475 0.5119 0.5258 0.5142 0.5419 0.588 0.5534 0.558
0.8249 1.0 0.069 0.12 0.13 0.14 0.15 0.16 0.17 0.18 0.19 0.2 0.21 0.22 0.23 0.24 0.25 0.26 0.27 0.28 0.29 0.3 0.31 0.5969 0.6544 0.6659 0.6268 0.6406 0.689 0.6521 0.6429 0.689 0.6706 0.659 0.6982 0.7143 0.6936 0.7051 0.7696 0.742 0.735 0.8041 0.7834 0.4593 0.4222 0.413 0.4848 0.457 0.4338 0.4987 0.4917 0.4639 0.4824 0.5357 0.5056 0.5032 0.5588 0.5472 0.538 0.5703 0.5959 0.5681 0.582 0.4242 0.3966 0.4658 0.4519 0.4242 0.4589 0.4727 0.4473 0.4589 0.5003 0.4727 0.475 0.5119 0.5258 0.5142 0.5419 0.588 0.5534 0.558 0.6226
0.8133 1.0 0.046 0.13 0.14 0.15 0.16 0.17 0.18 0.19 0.2 0.21 0.22 0.23 0.24 0.25 0.26 0.27 0.28 0.29 0.3 0.31 0.32 0.6544 0.6659 0.6268 0.6406 0.689 0.6521 0.6429 0.689 0.6706 0.659 0.6982 0.7143 0.6936 0.7051 0.7696 0.742 0.735 0.8041 0.7834 0.7696 0.4222 0.413 0.4848 0.457 0.4338 0.4987 0.4917 0.4639 0.4824 0.5357 0.5056 0.5032 0.5588 0.5472 0.538 0.5703 0.5959 0.5681 0.582 0.6213 0.3966 0.4658 0.4519 0.4242 0.4589 0.4727 0.4473 0.4589 0.5003 0.4727 0.475 0.5119 0.5258 0.5142 0.5419 0.588 0.5534 0.558 0.6226 0.5834
0.7857 1.0 0.1843 0.14 0.15 0.16 0.17 0.18 0.19 0.2 0.21 0.22 0.23 0.24 0.25 0.26 0.27 0.28 0.29 0.3 0.31 0.32 0.33 0.6659 0.6268 0.6406 0.689 0.6521 0.6429 0.689 0.6706 0.659 0.6982 0.7143 0.6936 0.7051 0.7696 0.742 0.735 0.8041 0.7834 0.7696 0.8249 0.413 0.4848 0.457 0.4338 0.4987 0.4917 0.4639 0.4824 0.5357 0.5056 0.5032 0.5588 0.5472 0.538 0.5703 0.5959 0.5681 0.582 0.6213 0.5866 0.4658 0.4519 0.4242 0.4589 0.4727 0.4473 0.4589 0.5003 0.4727 0.475 0.5119 0.5258 0.5142 0.5419 0.588 0.5534 0.558 0.6226 0.5834 0.5719
0.8294 1.0 0.0387 0.15 0.16 0.17 0.18 0.19 0.2 0.21 0.22 0.23 0.24 0.25 0.26 0.27 0.28 0.29 0.3 0.31 0.32 0.33 0.34 0.6268 0.6406 0.689 0.6521 0.6429 0.689 0.6706 0.659 0.6982 0.7143 0.6936 0.7051 0.7696 0.742 0.735 0.8041 0.7834 0.7696 0.8249 0.8133 0.4848 0.457 0.4338 0.4987 0.4917 0.4639 0.4824 0.5357 0.5056 0.5032 0.5588 0.5472 0.538 0.5703 0.5959 0.5681 0.582 0.6213 0.5866 0.5889 0.4519 0.4242 0.4589 0.4727 0.4473 0.4589 0.5003 0.4727 0.475 0.5119 0.5258 0.5142 0.5419 0.588 0.5534 0.558 0.6226 0.5834 0.5719 0.6296
0.8157 1.0 0.092 0.16 0.17 0.18 0.19 0.2 0.21 0.22 0.23 0.24 0.25 0.26 0.27 0.28 0.29 0.3 0.31 0.32 0.33 0.34 0.35 0.6406 0.689 0.6521 0.6429 0.689 0.6706 0.659 0.6982 0.7143 0.6936 0.7051 0.7696 0.742 0.735 0.8041 0.7834 0.7696 0.8249 0.8133 0.7857 0.457 0.4338 0.4987 0.4917 0.4639 0.4824 0.5357 0.5056 0.5032 0.5588 0.5472 0.538 0.5703 0.5959 0.5681 0.582 0.6213 0.5866 0.5889 0.6213 0.4242 0.4589 0.4727 0.4473 0.4589 0.5003 0.4727 0.475 0.5119 0.5258 0.5142 0.5419 0.588 0.5534 0.558 0.6226 0.5834 0.5719 0.6296 0.5972
0.7903 1.0 0.1457 0.17 0.18 0.19 0.2 0.21 0.22 0.23 0.24 0.25 0.26 0.27 0.28 0.29 0.3 0.31 0.32 0.33 0.34 0.35 0.36 0.689 0.6521 0.6429 0.689 0.6706 0.659 0.6982 0.7143 0.6936 0.7051 0.7696 0.742 0.735 0.8041 0.7834 0.7696 0.8249 0.8133 0.7857 0.8294 0.4338 0.4987 0.4917 0.4639 0.4824 0.5357 0.5056 0.5032 0.5588 0.5472 0.538 0.5703 0.5959 0.5681 0.582 0.6213 0.5866 0.5889 0.6213 0.5912 0.4589 0.4727 0.4473 0.4589 0.5003 0.4727 0.475 0.5119 0.5258 0.5142 0.5419 0.588 0.5534 0.558 0.6226 0.5834 0.5719 0.6296 0.5972 0.588
0.841 1.0 0.0457 0.18 0.19 0.2 0.21 0.22 0.23 0.24 0.25 0.26 0.27 0.28 0.29 0.3 0.31 0.32 0.33 0.34 0.35 0.36 0.37 0.6521 0.6429 0.689 0.6706 0.659 0.6982 0.7143 0.6936 0.7051 0.7696 0.742 0.735 0.8041 0.7834 0.7696 0.8249 0.8133 0.7857 0.8294 0.8157 0.4987 0.4917 0.4639 0.4824 0.5357 0.5056 0.5032 0.5588 0.5472 0.538 0.5703 0.5959 0.5681 0.582 0.6213 0.5866 0.5889 0.6213 0.5912 0.5959 0.4727 0.4473 0.4589 0.5003 0.4727 0.475 0.5119 0.5258 0.5142 0.5419 0.588 0.5534 0.558 0.6226 0.5834 0.5719 0.6296 0.5972 0.588 0.6457
0.8226 1.0 0.0847 0.19 0.2 0.21 0.22 0.23 0.24 0.25 0.26 0.27 0.28 0.29 0.3 0.31 0.32 0.33 0.34 0.35 0.36 0.37 0.38 0.6429 0.689 0.6706 0.659 0.6982 0.7143 0.6936 0.7051 0.7696 0.742 0.735 0.8041 0.7834 0.7696 0.8249 0.8133 0.7857 0.8294 0.8157 0.7903 0.4917 0.4639 0.4824 0.5357 0.5056 0.5032 0.5588 0.5472 0.538 0.5703 0.5959 0.5681 0.582 0.6213 0.5866 0.5889 0.6213 0.5912 0.5959 0.6306 0.4473 0.4589 0.5003 0.4727 0.475 0.5119 0.5258 0.5142 0.5419 0.588 0.5534 0.558 0.6226 0.5834 0.5719 0.6296 0.5972 0.588 0.6457 0.6088
0.7927 1.0 0.169 0.2 0.21 0.22 0.23 0.24 0.25 0.26 0.27 0.28 0.29 0.3 0.31 0.32 0.33 0.34 0.35 0.36 0.37 0.38 0.39 0.689 0.6706 0.659 0.6982 0.7143 0.6936 0.7051 0.7696 0.742 0.735 0.8041 0.7834 0.7696 0.8249 0.8133 0.7857 0.8294 0.8157 0.7903 0.841 0.4639 0.4824 0.5357 0.5056 0.5032 0.5588 0.5472 0.538 0.5703 0.5959 0.5681 0.582 0.6213 0.5866 0.5889 0.6213 0.5912 0.5959 0.6306 0.6051 0.4589 0.5003 0.4727 0.475 0.5119 0.5258 0.5142 0.5419 0.588 0.5534 0.558 0.6226 0.5834 0.5719 0.6296 0.5972 0.588 0.6457 0.6088 0.5949
0.8456 1.0 0.0613 0.21 0.22 0.23 0.24 0.25 0.26 0.27 0.28 0.29 0.3 0.31 0.32 0.33 0.34 0.35 0.36 0.37 0.38 0.39 0.4 0.6706 0.659 0.6982 0.7143 0.6936 0.7051 0.7696 0.742 0.735 0.8041 0.7834 0.7696 0.8249 0.8133 0.7857 0.8294 0.8157 0.7903 0.841 0.8226 0.4824 0.5357 0.5056 0.5032 0.5588 0.5472 0.538 0.5703 0.5959 0.5681 0.582 0.6213 0.5866 0.5889 0.6213 0.5912 0.5959 0.6306 0.6051 0.6074 0.5003 0.4727 0.475 0.5119 0.5258 0.5142 0.5419 0.588 0.5534 0.558 0.6226 0.5834 0.5719 0.6296 0.5972 0.588 0.6457 0.6088 0.5949 0.6549
0.8387 1.0 0.0997 0.22 0.23 0.24 0.25 0.26 0.27 0.28 0.29 0.3 0.31 0.32 0.33 0.34 0.35 0.36 0.37 0.38 0.39 0.4 0.41 0.659 0.6982 0.7143 0.6936 0.7051 0.7696 0.742 0.735 0.8041 0.7834 0.7696 0.8249 0.8133 0.7857 0.8294 0.8157 0.7903 0.841 0.8226 0.7927 0.5357 0.5056 0.5032 0.5588 0.5472 0.538 0.5703 0.5959 0.5681 0.582 0.6213 0.5866 0.5889 0.6213 0.5912 0.5959 0.6306 0.6051 0.6074 0.6352 0.4727 0.475 0.5119 0.5258 0.5142 0.5419 0.588 0.5534 0.558 0.6226 0.5834 0.5719 0.6296 0.5972 0.588 0.6457 0.6088 0.5949 0.6549 0.6226
