0.0 1.0 1.0 0.3392 0.4968 0.5084 0.023 0.0387 0.0077 0.78 0.79 0.8 0.81 0.82 0.83 0.84 0.85 0.86 0.87 0.88 0.89 0.9 0.91 0.92 0.93 0.94 0.95 0.96 0.97 0.4222 0.4014 0.3922 0.3899 0.3761 0.36 0.36 0.3462 0.3323 0.3254 0.3162 0.3047 0.2954 0.2909 0.2771 0.2701 0.2632 0.254 0.2448 0.2379 0.6519 0.6472 0.6357 0.6171 0.6126 0.6032 0.5871 0.5801 0.5709 0.557 0.5478 0.5431 0.5292 0.52 0.513 0.5038 0.4944 0.4876 0.4783 0.4899 0.6584 0.6492 0.6284 0.6238 0.6192 0.6008 0.5916 0.5892 0.5731 0.5616 0.5547 0.5453 0.5316 0.5269 0.5177 0.5084 0.5016 0.4923 0.4831 0.4808
0.0 1.0 1.0 0.3254 0.5316 0.5823 0.023 0.0693 0.0153 0.79 0.8 0.81 0.82 0.83 0.84 0.85 0.86 0.87 0.88 0.89 0.9 0.91 0.92 0.93 0.94 0.95 0.96 0.97 0.0 0.4014 0.3922 0.3899 0.3761 0.36 0.36 0.3462 0.3323 0.3254 0.3162 0.3047 0.2954 0.2909 0.2771 0.2701 0.2632 0.254 0.2448 0.2379 0.2448 0.6472 0.6357 0.6171 0.6126 0.6032 0.5871 0.5801 0.5709 0.557 0.5478 0.5431 0.5292 0.52 0.513 0.5038 0.4944 0.4876 0.4783 0.4899 0.5107 0.6492 0.6284 0.6238 0.6192 0.6008 0.5916 0.5892 0.5731 0.5616 0.5547 0.5453 0.5316 0.5269 0.5177 0.5084 0.5016 0.4923 0.4831 0.4808 0.4762
0.0 1.0 1.0 0.3047 0.5756 0.5523 0.3147 0.0463 0.1073 0.8 0.81 0.82 0.83 0.84 0.85 0.86 0.87 0.88 0.89 0.9 0.91 0.92 0.93 0.94 0.95 0.96 0.97 0.0 0.01 0.3922 0.3899 0.3761 0.36 0.36 0.3462 0.3323 0.3254 0.3162 0.3047 0.2954 0.2909 0.2771 0.2701 0.2632 0.254 0.2448 0.2379 0.2448 0.3392 0.6357 0.6171 0.6126 0.6032 0.5871 0.5801 0.5709 0.557 0.5478 0.5431 0.5292 0.52 0.513 0.5038 0.4944 0.4876 0.4783 0.4899 0.5107 0.4968 0.6284 0.6238 0.6192 0.6008 0.5916 0.5892 0.5731 0.5616 0.5547 0.5453 0.5316 0.5269 0.5177 0.5084 0.5016 0.4923 0.4831 0.4808 0.4762 0.5084
0.0 1.0 1.0 0.3899 0.55 0.5453 0.046 0.116 0.2463 0.81 0.82 0.83 0.84 0.85 0.86 0.87 0.88 0.89 0.9 0.91 0.92 0.93 0.94 0.95 0.96 0.97 0.0 0.01 0.02 0.3899 0.3761 0.36 0.36 0.3462 0.3323 0.3254 0.3162 0.3047 0.2954 0.2909 0.2771 0.2701 0.2632 0.254 0.2448 0.2379 0.2448 0.3392 0.3254 0.6171 0.6126 0.6032 0.5871 0.5801 0.5709 0.557 0.5478 0.5431 0.5292 0.52 0.513 0.5038 0.4944 0.4876 0.4783 0.4899 0.5107 0.4968 0.5316 0.6238 0.6192 0.6008 0.5916 0.5892 0.5731 0.5616 0.5547 0.5453 0.5316 0.5269 0.5177 0.5084 0.5016 0.4923 0.4831 0.4808 0.4762 0.5084 0.5823
0.0 1.0 1.0 0.3853 0.5547 0.6308 0.069 0.1467 0.1 0.82 0.83 0.84 0.85 0.86 0.87 0.88 0.89 0.9 0.91 0.92 0.93 0.94 0.95 0.96 0.97 0.0 0.01 0.02 0.03 0.3761 0.36 0.36 0.3462 0.3323 0.3254 0.3162 0.3047 0.2954 0.2909 0.2771 0.2701 0.2632 0.254 0.2448 0.2379 0.2448 0.3392 0.3254 0.3047 0.6126 0.6032 0.5871 0.5801 0.5709 0.557 0.5478 0.5431 0.5292 0.52 0.513 0.5038 0.4944 0.4876 0.4783 0.4899 0.5107 0.4968 0.5316 0.5756 0.6192 0.6008 0.5916 0.5892 0.5731 0.5616 0.5547 0.5453 0.5316 0.5269 0.5177 0.5084 0.5016 0.4923 0.4831 0.4808 0.4762 0.5084 0.5823 0.5523
0.0 1.0 1.0 0.3531 0.6264 0.5984 0.284 0.0853 0.0233 0.83 0.84 0.85 0.86 0.87 0.88 0.89 0.9 0.91 0.92 0.93 0.94 0.95 0.96 0.97 0.0 0.01 0.02 0.03 0.04 0.36 0.36 0.3462 0.3323 0.3254 0.3162 0.3047 0.2954 0.2909 0.2771 0.2701 0.2632 0.254 0.2448 0.2379 0.2448 0.3392 0.3254 0.3047 0.3899 0.6032 0.5871 0.5801 0.5709 0.557 0.5478 0.5431 0.5292 0.52 0.513 0.5038 0.4944 0.4876 0.4783 0.4899 0.5107 0.4968 0.5316 0.5756 0.55 0.6008 0.5916 0.5892 0.5731 0.5616 0.5547 0.5453 0.5316 0.5269 0.5177 0.5084 0.5016 0.4923 0.4831 0.4808 0.4762 0.5084 0.5823 0.5523 0.5453
0.0 1.0 1.0 0.4038 0.5894 0.5708 0.0153 0.0157 0.285 0.84 0.85 0.86 0.87 0.88 0.89 0.9 0.91 0.92 0.93 0.94 0.95 0.96 0.97 0.0 0.01 0.02 0.03 0.04 0.05 0.36 0.3462 0.3323 0.3254 0.3162 0.3047 0.2954 0.2909 0.2771 0.2701 0.2632 0.254 0.2448 0.2379 0.2448 0.3392 0.3254 0.3047 0.3899 0.3853 0.5871 0.5801 0.5709 0.557 0.5478 0.5431 0.5292 0.52 0.513 0.5038 0.4944 0.4876 0.4783 0.4899 0.5107 0.4968 0.5316 0.5756 0.55 0.5547 0.5916 0.5892 0.5731 0.5616 0.5547 0.5453 0.5316 0.5269 0.5177 0.5084 0.5016 0.4923 0.4831 0.4808 0.4762 0.5084 0.5823 0.5523 0.5453 0.6308
0.0 1.0 1.0 0.4314 0.5756 0.6422 0.1073 0.239 0.108 0.85 0.86 0.87 0.88 0.89 0.9 0.91 0.92 0.93 0.94 0.95 0.96 0.97 0.0 0.01 0.02 0.03 0.04 0.05 0.06 0.3462 0.3323 0.3254 0.3162 0.3047 0.2954 0.2909 0.2771 0.2701 0.2632 0.254 0.2448 0.2379 0.2448 0.3392 0.3254 0.3047 0.3899 0.3853 0.3531 0.5801 0.5709 0.557 0.5478 0.5431 0.5292 0.52 0.513 0.5038 0.4944 0.4876 0.4783 0.4899 0.5107 0.4968 0.5316 0.5756 0.55 0.5547 0.6264 0.5892 0.5731 0.5616 0.5547 0.5453 0.5316 0.5269 0.5177 0.5084 0.5016 0.4923 0.4831 0.4808 0.4762 0.5084 0.5823 0.5523 0.5453 0.6308 0.5984
0.0 1.0 1.0 0.3899 0.6519 0.6377 0.169 0.1233 0.092 0.86 0.87 0.88 0.89 0.9 0.91 0.92 0.93 0.94 0.95 0.96 0.97 0.0 0.01 0.02 0.03 0.04 0.05 0.06 0.07 0.3323 0.3254 0.3162 0.3047 0.2954 0.2909 0.2771 0.2701 0.2632 0.254 0.2448 0.2379 0.2448 0.3392 0.3254 0.3047 0.3899 0.3853 0.3531 0.4038 0.5709 0.557 0.5478 0.5431 0.5292 0.52 0.513 0.5038 0.4944 0.4876 0.4783 0.4899 0.5107 0.4968 0.5316 0.5756 0.55 0.5547 0.6264 0.5894 0.5731 0.5616 0.5547 0.5453 0.5316 0.5269 0.5177 0.5084 0.5016 0.4923 0.4831 0.4808 0.4762 0.5084 0.5823 0.5523 0.5453 0.6308 0.5984 0.5708
0.0 1.0 1.0 0.406 0.6288 0.6008 0.092 0.046 0.238 0.87 0.88 0.89 0.9 0.91 0.92 0.93 0.94 0.95 0.96 0.97 0.0 0.01 0.02 0.03 0.04 0.05 0.06 0.07 0.08 0.3254 0.3162 0.3047 0.2954 0.2909 0.2771 0.2701 0.2632 0.254 0.2448 0.2379 0.2448 0.3392 0.3254 0.3047 0.3899 0.3853 0.3531 0.4038 0.4314 0.557 0.5478 0.5431 0.5292 0.52 0.513 0.5038 0.4944 0.4876 0.4783 0.4899 0.5107 0.4968 0.5316 0.5756 0.55 0.5547 0.6264 0.5894 0.5756 0.5616 0.5547 0.5453 0.5316 0.5269 0.5177 0.5084 0.5016 0.4923 0.4831 0.4808 0.4762 0.5084 0.5823 0.5523 0.5453 0.6308 0.5984 0.5708 0.6422
0.0 1.0 1.0 0.4706 0.601 0.6353 0.1383 0.2543 0.015 0.88 0.89 0.9 0.91 0.92 0.93 0.94 0.95 0.96 0.97 0.0 0.01 0.02 0.03 0.04 0.05 0.06 0.07 0.08 0.09 0.3162 0.3047 0.2954 0.2909 0.2771 0.2701 0.2632 0.254 0.2448 0.2379 0.2448 0.3392 0.3254 0.3047 0.3899 0.3853 0.3531 0.4038 0.4314 0.3899 0.5478 0.5431 0.5292 0.52 0.513 0.5038 0.4944 0.4876 0.4783 0.4899 0.5107 0.4968 0.5316 0.5756 0.55 0.5547 0.6264 0.5894 0.5756 0.6519 0.5547 0.5453 0.5316 0.5269 0.5177 0.5084 0.5016 0.4923 0.4831 0.4808 0.4762 0.5084 0.5823 0.5523 0.5453 0.6308 0.5984 0.5708 0.6422 0.6377
0.0 1.0 1.0 0.4291 0.6634 0.6722 0.0537 0.077 0.123 0.89 0.9 0.91 0.92 0.93 0.94 0.95 0.96 0.97 0.0 0.01 0.02 0.03 0.04 0.05 0.06 0.07 0.08 0.09 0.1 0.3047 0.2954 0.2909 0.2771 0.2701 0.2632 0.254 0.2448 0.2379 0.2448 0.3392 0.3254 0.3047 0.3899 0.3853 0.3531 0.4038 0.4314 0.3899 0.406 0.5431 0.5292 0.52 0.513 0.5038 0.4944 0.4876 0.4783 0.4899 0.5107 0.4968 0.5316 0.5756 0.55 0.5547 0.6264 0.5894 0.5756 0.6519 0.6288 0.5453 0.5316 0.5269 0.5177 0.5084 0.5016 0.4923 0.4831 0.4808 0.4762 0.5084 0.5823 0.5523 0.5453 0.6308 0.5984 0.5708 0.6422 0.6377 0.6008
0.0 1.0 1.0 0.406 0.6704 0.633 0.2153 0.0927 0.115 0.9 0.91 0.92 0.93 0.94 0.95 0.96 0.97 0.0 0.01 0.02 0.03 0.04 0.05 0.06 0.07 0.08 0.09 0.1 0.11 0.2954 0.2909 0.2771 0.2701 0.2632 0.254 0.2448 0.2379 0.2448 0.3392 0.3254 0.3047 0.3899 0.3853 0.3531 0.4038 0.4314 0.3899 0.406 0.4706 0.5292 0.52 0.513 0.5038 0.4944 0.4876 0.4783 0.4899 0.5107 0.4968 0.5316 0.5756 0.55 0.5547 0.6264 0.5894 0.5756 0.6519 0.6288 0.601 0.5316 0.5269 0.5177 0.5084 0.5016 0.4923 0.4831 0.4808 0.4762 0.5084 0.5823 0.5523 0.5453 0.6308 0.5984 0.5708 0.6422 0.6377 0.6008 0.6353
0.0 1.0 1.0 0.489 0.6357 0.6308 0.1383 0.208 0.123 0.91 0.92 0.93 0.94 0.95 0.96 0.97 0.0 0.01 0.02 0.03 0.04 0.05 0.06 0.07 0.08 0.09 0.1 0.11 0.12 0.2909 0.2771 0.2701 0.2632 0.254 0.2448 0.2379 0.2448 0.3392 0.3254 0.3047 0.3899 0.3853 0.3531 0.4038 0.4314 0.3899 0.406 0.4706 0.4291 0.52 0.513 0.5038 0.4944 0.4876 0.4783 0.4899 0.5107 0.4968 0.5316 0.5756 0.55 0.5547 0.6264 0.5894 0.5756 0.6519 0.6288 0.601 0.6634 0.5269 0.5177 0.5084 0.5016 0.4923 0.4831 0.4808 0.4762 0.5084 0.5823 0.5523 0.5453 0.6308 0.5984 0.5708 0.6422 0.6377 0.6008 0.6353 0.6722
0.0 1.0 1.0 0.4637 0.6634 0.6977 0.077 0.0233 0.1307 0.92 0.93 0.94 0.95 0.96 0.97 0.0 0.01 0.02 0.03 0.04 0.05 0.06 0.07 0.08 0.09 0.1 0.11 0.12 0.13 0.2771 0.2701 0.2632 0.254 0.2448 0.2379 0.2448 0.3392 0.3254 0.3047 0.3899 0.3853 0.3531 0.4038 0.4314 0.3899 0.406 0.4706 0.4291 0.406 0.513 0.5038 0.4944 0.4876 0.4783 0.4899 0.5107 0.4968 0.5316 0.5756 0.55 0.5547 0.6264 0.5894 0.5756 0.6519 0.6288 0.601 0.6634 0.6704 0.5177 0.5084 0.5016 0.4923 0.4831 0.4808 0.4762 0.5084 0.5823 0.5523 0.5453 0.6308 0.5984 0.5708 0.6422 0.6377 0.6008 0.6353 0.6722 0.633
0.0 1.0 1.0 0.4314 0.7098 0.6653 0.2767 0.1157 0.0073 0.93 0.94 0.95 0.96 0.97 0.0 0.01 0.02 0.03 0.04 0.05 0.06 0.07 0.08 0.09 0.1 0.11 0.12 0.13 0.14 0.2701 0.2632 0.254 0.2448 0.2379 0.2448 0.3392 0.3254 0.3047 0.3899 0.3853 0.3531 0.4038 0.4314 0.3899 0.406 0.4706 0.4291 0.406 0.489 0.5038 0.4944 0.4876 0.4783 0.4899 0.5107 0.4968 0.5316 0.5756 0.55 0.5547 0.6264 0.5894 0.5756 0.6519 0.6288 0.601 0.6634 0.6704 0.6357 0.5084 0.5016 0.4923 0.4831 0.4808 0.4762 0.5084 0.5823 0.5523 0.5453 0.6308 0.5984 0.5708 0.6422 0.6377 0.6008 0.6353 0.6722 0.633 0.6308
0.0 1.0 1.0 0.4729 0.675 0.6469 0.0843 0.0923 0.223 0.94 0.95 0.96 0.97 0.0 0.01 0.02 0.03 0.04 0.05 0.06 0.07 0.08 0.09 0.1 0.11 0.12 0.13 0.14 0.15 0.2632 0.254 0.2448 0.2379 0.2448 0.3392 0.3254 0.3047 0.3899 0.3853 0.3531 0.4038 0.4314 0.3899 0.406 0.4706 0.4291 0.406 0.489 0.4637 0.4944 0.4876 0.4783 0.4899 0.5107 0.4968 0.5316 0.5756 0.55 0.5547 0.6264 0.5894 0.5756 0.6519 0.6288 0.601 0.6634 0.6704 0.6357 0.6634 0.5016 0.4923 0.4831 0.4808 0.4762 0.5084 0.5823 0.5523 0.5453 0.6308 0.5984 0.5708 0.6422 0.6377 0.6008 0.6353 0.6722 0.633 0.6308 0.6977
0.0 1.0 1.0 0.489 0.6681 0.6884 0.1077 0.1547 0.108 0.95 0.96 0.97 0.0 0.01 0.02 0.03 0.04 0.05 0.06 0.07 0.08 0.09 0.1 0.11 0.12 0.13 0.14 0.15 0.16 0.254 0.2448 0.2379 0.2448 0.3392 0.3254 0.3047 0.3899 0.3853 0.3531 0.4038 0.4314 0.3899 0.406 0.4706 0.4291 0.406 0.489 0.4637 0.4314 0.4876 0.4783 0.4899 0.5107 0.4968 0.5316 0.5756 0.55 0.5547 0.6264 0.5894 0.5756 0.6519 0.6288 0.601 0.6634 0.6704 0.6357 0.6634 0.7098 0.4923 0.4831 0.4808 0.4762 0.5084 0.5823 0.5523 0.5453 0.6308 0.5984 0.5708 0.6422 0.6377 0.6008 0.6353 0.6722 0.633 0.6308 0.6977 0.6653
0.0 1.0 1.0 0.4568 0.7237 0.693 0.1383 0.116 0.0613 0.96 0.97 0.0 0.01 0.02 0.03 0.04 0.05 0.06 0.07 0.08 0.09 0.1 0.11 0.12 0.13 0.14 0.15 0.16 0.17 0.2448 0.2379 0.2448 0.3392 0.3254 0.3047 0.3899 0.3853 0.3531 0.4038 0.4314 0.3899 0.406 0.4706 0.4291 0.406 0.489 0.4637 0.4314 0.4729 0.4783 0.4899 0.5107 0.4968 0.5316 0.5756 0.55 0.5547 0.6264 0.5894 0.5756 0.6519 0.6288 0.601 0.6634 0.6704 0.6357 0.6634 0.7098 0.675 0.4831 0.4808 0.4762 0.5084 0.5823 0.5523 0.5453 0.6308 0.5984 0.5708 0.6422 0.6377 0.6008 0.6353 0.6722 0.633 0.6308 0.6977 0.6653 0.6469
0.0 1.0 1.0 0.4568 0.7143 0.6746 0.0537 0.023 0.1383 0.97 0.0 0.01 0.02 0.03 0.04 0.05 0.06 0.07 0.08 0.09 0.1 0.11 0.12 0.13 0.14 0.15 0.16 0.17 0.18 0.2379 0.2448 0.3392 0.3254 0.3047 0.3899 0.3853 0.3531 0.4038 0.4314 0.3899 0.406 0.4706 0.4291 0.406 0.489 0.4637 0.4314 0.4729 0.489 0.4899 0.5107 0.4968 0.5316 0.5756 0.55 0.5547 0.6264 0.5894 0.5756 0.6519 0.6288 0.601 0.6634 0.6704 0.6357 0.6634 0.7098 0.675 0.6681 0.4808 0.4762 0.5084 0.5823 0.5523 0.5453 0.6308 0.5984 0.5708 0.6422 0.6377 0.6008 0.6353 0.6722 0.633 0.6308 0.6977 0.6653 0.6469 0.6884
0.0 1.0 1.0 0.5074 0.6959 0.6884 0.1073 0.1853 0.0153 0.0 0.01 0.02 0.03 0.04 0.05 0.06 0.07 0.08 0.09 0.1 0.11 0.12 0.13 0.14 0.15 0.16 0.17 0.18 0.19 0.2448 0.3392 0.3254 0.3047 0.3899 0.3853 0.3531 0.4038 0.4314 0.3899 0.406 0.4706 0.4291 0.406 0.489 0.4637 0.4314 0.4729 0.489 0.4568 0.5107 0.4968 0.5316 0.5756 0.55 0.5547 0.6264 0.5894 0.5756 0.6519 0.6288 0.601 0.6634 0.6704 0.6357 0.6634 0.7098 0.675 0.6681 0.7237 0.4762 0.5084 0.5823 0.5523 0.5453 0.6308 0.5984 0.5708 0.6422 0.6377 0.6008 0.6353 0.6722 0.633 0.6308 0.6977 0.6653 0.6469 0.6884 0.693
0.0 1.0 1.0 0.4867 0.7237 0.7207 0.0 0.0313 0.0613 0.01 0.02 0.03 0.04 0.05 0.06 0.07 0.08 0.09 0.1 0.11 0.12 0.13 0.14 0.15 0.16 0.17 0.18 0.19 0.2 0.3392 0.3254 0.3047 0.3899 0.3853 0.3531 0.4038 0.4314 0.3899 0.406 0.4706 0.4291 0.406 0.489 0.4637 0.4314 0.4729 0.489 0.4568 0.4568 0.4968 0.5316 0.5756 0.55 0.5547 0.6264 0.5894 0.5756 0.6519 0.6288 0.601 0.6634 0.6704 0.6357 0.6634 0.7098 0.675 0.6681 0.7237 0.7143 0.5084 0.5823 0.5523 0.5453 0.6308 0.5984 0.5708 0.6422 0.6377 0.6008 0.6353 0.6722 0.633 0.6308 0.6977 0.6653 0.6469 0.6884 0.693 0.6746
0.0 1.0 1.0 0.4798 0.7607 0.7046 0.1687 0.0613 0.046 0.02 0.03 0.04 0.05 0.06 0.07 0.08 0.09 0.1 0.11 0.12 0.13 0.14 0.15 0.16 0.17 0.18 0.19 0.2 0.21 0.3254 0.3047 0.3899 0.3853 0.3531 0.4038 0.4314 0.3899 0.406 0.4706 0.4291 0.406 0.489 0.4637 0.4314 0.4729 0.489 0.4568 0.4568 0.5074 0.5316 0.5756 0.55 0.5547 0.6264 0.5894 0.5756 0.6519 0.6288 0.601 0.6634 0.6704 0.6357 0.6634 0.7098 0.675 0.6681 0.7237 0.7143 0.6959 0.5823 0.5523 0.5453 0.6308 0.5984 0.5708 0.6422 0.6377 0.6008 0.6353 0.6722 0.633 0.6308 0.6977 0.6653 0.6469 0.6884 0.693 0.6746 0.6884
0.0 1.0 1.0 0.5004 0.7306 0.7091 0.069 0.0927 0.1077 0.03 0.04 0.05 0.06 0.07 0.08 0.09 0.1 0.11 0.12 0.13 0.14 0.15 0.16 0.17 0.18 0.19 0.2 0.21 0.22 0.3047 0.3899 0.3853 0.3531 0.4038 0.4314 0.3899 0.406 0.4706 0.4291 0.406 0.489 0.4637 0.4314 0.4729 0.489 0.4568 0.4568 0.5074 0.4867 0.5756 0.55 0.5547 0.6264 0.5894 0.5756 0.6519 0.6288 0.601 0.6634 0.6704 0.6357 0.6634 0.7098 0.675 0.6681 0.7237 0.7143 0.6959 0.7237 0.5523 0.5453 0.6308 0.5984 0.5708 0.6422 0.6377 0.6008 0.6353 0.6722 0.633 0.6308 0.6977 0.6653 0.6469 0.6884 0.693 0.6746 0.6884 0.7207
0.0 1.0 1.0 0.5442 0.7329 0.7553 0.023 0.1233 0.0537 0.04 0.05 0.06 0.07 0.08 0.09 0.1 0.11 0.12 0.13 0.14 0.15 0.16 0.17 0.18 0.19 0.2 0.21 0.22 0.23 0.3899 0.3853 0.3531 0.4038 0.4314 0.3899 0.406 0.4706 0.4291 0.406 0.489 0.4637 0.4314 0.4729 0.489 0.4568 0.4568 0.5074 0.4867 0.4798 0.55 0.5547 0.6264 0.5894 0.5756 0.6519 0.6288 0.601 0.6634 0.6704 0.6357 0.6634 0.7098 0.675 0.6681 0.7237 0.7143 0.6959 0.7237 0.7607 0.5453 0.6308 0.5984 0.5708 0.6422 0.6377 0.6008 0.6353 0.6722 0.633 0.6308 0.6977 0.6653 0.6469 0.6884 0.693 0.6746 0.6884 0.7207 0.7046
0.0 1.0 1.0 0.5189 0.7861 0.7646 0.0687 0.1003 0.015 0.05 0.06 0.07 0.08 0.09 0.1 0.11 0.12 0.13 0.14 0.15 0.16 0.17 0.18 0.19 0.2 0.21 0.22 0.23 0.24 0.3853 0.3531 0.4038 0.4314 0.3899 0.406 0.4706 0.4291 0.406 0.489 0.4637 0.4314 0.4729 0.489 0.4568 0.4568 0.5074 0.4867 0.4798 0.5004 0.5547 0.6264 0.5894 0.5756 0.6519 0.6288 0.601 0.6634 0.6704 0.6357 0.6634 0.7098 0.675 0.6681 0.7237 0.7143 0.6959 0.7237 0.7607 0.7306 0.6308 0.5984 0.5708 0.6422 0.6377 0.6008 0.6353 0.6722 0.633 0.6308 0.6977 0.6653 0.6469 0.6884 0.693 0.6746 0.6884 0.7207 0.7046 0.7091
0.0 1.0 1.0 0.5258 0.7884 0.7507 0.146 0.0077 0.154 0.06 0.07 0.08 0.09 0.1 0.11 0.12 0.13 0.14 0.15 0.16 0.17 0.18 0.19 0.2 0.21 0.22 0.23 0.24 0.25 0.3531 0.4038 0.4314 0.3899 0.406 0.4706 0.4291 0.406 0.489 0.4637 0.4314 0.4729 0.489 0.4568 0.4568 0.5074 0.4867 0.4798 0.5004 0.5442 0.6264 0.5894 0.5756 0.6519 0.6288 0.601 0.6634 0.6704 0.6357 0.6634 0.7098 0.675 0.6681 0.7237 0.7143 0.6959 0.7237 0.7607 0.7306 0.7329 0.5984 0.5708 0.6422 0.6377 0.6008 0.6353 0.6722 0.633 0.6308 0.6977 0.6653 0.6469 0.6884 0.693 0.6746 0.6884 0.7207 0.7046 0.7091 0.7553
0.0 1.0 1.0 0.6041 0.7769 0.7646 0.0843 0.1773 0.031 0.07 0.08 0.09 0.1 0.11 0.12 0.13 0.14 0.15 0.16 0.17 0.18 0.19 0.2 0.21 0.22 0.23 0.24 0.25 0.26 0.4038 0.4314 0.3899 0.406 0.4706 0.4291 0.406 0.489 0.4637 0.4314 0.4729 0.489 0.4568 0.4568 0.5074 0.4867 0.4798 0.5004 0.5442 0.5189 0.5894 0.5756 0.6519 0.6288 0.601 0.6634 0.6704 0.6357 0.6634 0.7098 0.675 0.6681 0.7237 0.7143 0.6959 0.7237 0.7607 0.7306 0.7329 0.7861 0.5708 0.6422 0.6377 0.6008 0.6353 0.6722 0.633 0.6308 0.6977 0.6653 0.6469 0.6884 0.693 0.6746 0.6884 0.7207 0.7046 0.7091 0.7553 0.7646
0.0 1.0 1.0 0.5719 0.8047 0.8244 0.023 0.0077 0.0463 0.08 0.09 0.1 0.11 0.12 0.13 0.14 0.15 0.16 0.17 0.18 0.19 0.2 0.21 0.22 0.23 0.24 0.25 0.26 0.27 0.4314 0.3899 0.406 0.4706 0.4291 0.406 0.489 0.4637 0.4314 0.4729 0.489 0.4568 0.4568 0.5074 0.4867 0.4798 0.5004 0.5442 0.5189 0.5258 0.5756 0.6519 0.6288 0.601 0.6634 0.6704 0.6357 0.6634 0.7098 0.675 0.6681 0.7237 0.7143 0.6959 0.7237 0.7607 0.7306 0.7329 0.7861 0.7884 0.6422 0.6377 0.6008 0.6353 0.6722 0.633 0.6308 0.6977 0.6653 0.6469 0.6884 0.693 0.6746 0.6884 0.7207 0.7046 0.7091 0.7553 0.7646 0.7507
0.0 1.0 1.0 0.5673 0.8301 0.783 0.261 0.0383 0.0463 0.09 0.1 0.11 0.12 0.13 0.14 0.15 0.16 0.17 0.18 0.19 0.2 0.21 0.22 0.23 0.24 0.25 0.26 0.27 0.28 0.3899 0.406 0.4706 0.4291 0.406 0.489 0.4637 0.4314 0.4729 0.489 0.4568 0.4568 0.5074 0.4867 0.4798 0.5004 0.5442 0.5189 0.5258 0.6041 0.6519 0.6288 0.601 0.6634 0.6704 0.6357 0.6634 0.7098 0.675 0.6681 0.7237 0.7143 0.6959 0.7237 0.7607 0.7306 0.7329 0.7861 0.7884 0.7769 0.6377 0.6008 0.6353 0.6722 0.633 0.6308 0.6977 0.6653 0.6469 0.6884 0.693 0.6746 0.6884 0.7207 0.7046 0.7091 0.7553 0.7646 0.7507 0.7646
0.0 1.0 1.0 0.6272 0.7977 0.783 0.1073 0.0927 0.1993 0.1 0.11 0.12 0.13 0.14 0.15 0.16 0.17 0.18 0.19 0.2 0.21 0.22 0.23 0.24 0.25 0.26 0.27 0.28 0.29 0.406 0.4706 0.4291 0.406 0.489 0.4637 0.4314 0.4729 0.489 0.4568 0.4568 0.5074 0.4867 0.4798 0.5004 0.5442 0.5189 0.5258 0.6041 0.5719 0.6288 0.601 0.6634 0.6704 0.6357 0.6634 0.7098 0.675 0.6681 0.7237 0.7143 0.6959 0.7237 0.7607 0.7306 0.7329 0.7861 0.7884 0.7769 0.8047 0.6008 0.6353 0.6722 0.633 0.6308 0.6977 0.6653 0.6469 0.6884 0.693 0.6746 0.6884 0.7207 0.7046 0.7091 0.7553 0.7646 0.7507 0.7646 0.8244
0.0 1.0 1.0 0.6041 0.8 0.8476 0.0153 0.0847 0.138 0.11 0.12 0.13 0.14 0.15 0.16 0.17 0.18 0.19 0.2 0.21 0.22 0.23 0.24 0.25 0.26 0.27 0.28 0.29 0.3 0.4706 0.4291 0.406 0.489 0.4637 0.4314 0.4729 0.489 0.4568 0.4568 0.5074 0.4867 0.4798 0.5004 0.5442 0.5189 0.5258 0.6041 0.5719 0.5673 0.601 0.6634 0.6704 0.6357 0.6634 0.7098 0.675 0.6681 0.7237 0.7143 0.6959 0.7237 0.7607 0.7306 0.7329 0.7861 0.7884 0.7769 0.8047 0.8301 0.6353 0.6722 0.633 0.6308 0.6977 0.6653 0.6469 0.6884 0.693 0.6746 0.6884 0.7207 0.7046 0.7091 0.7553 0.7646 0.7507 0.7646 0.8244 0.783
0.0 1.0 1.0 0.5766 0.837 0.8107 0.1997 0.108 0.0 0.12 0.13 0.14 0.15 0.16 0.17 0.18 0.19 0.2 0.21 0.22 0.23 0.24 0.25 0.26 0.27 0.28 0.29 0.3 0.31 0.4291 0.406 0.489 0.4637 0.4314 0.4729 0.489 0.4568 0.4568 0.5074 0.4867 0.4798 0.5004 0.5442 0.5189 0.5258 0.6041 0.5719 0.5673 0.6272 0.6634 0.6704 0.6357 0.6634 0.7098 0.675 0.6681 0.7237 0.7143 0.6959 0.7237 0.7607 0.7306 0.7329 0.7861 0.7884 0.7769 0.8047 0.8301 0.7977 0.6722 0.633 0.6308 0.6977 0.6653 0.6469 0.6884 0.693 0.6746 0.6884 0.7207 0.7046 0.7091 0.7553 0.7646 0.7507 0.7646 0.8244 0.783 0.783
0.0 1.0 1.0 0.6226 0.8047 0.7876 0.077 0.0077 0.2153 0.13 0.14 0.15 0.16 0.17 0.18 0.19 0.2 0.21 0.22 0.23 0.24 0.25 0.26 0.27 0.28 0.29 0.3 0.31 0.32 0.406 0.489 0.4637 0.4314 0.4729 0.489 0.4568 0.4568 0.5074 0.4867 0.4798 0.5004 0.5442 0.5189 0.5258 0.6041 0.5719 0.5673 0.6272 0.6041 0.6704 0.6357 0.6634 0.7098 0.675 0.6681 0.7237 0.7143 0.6959 0.7237 0.7607 0.7306 0.7329 0.7861 0.7884 0.7769 0.8047 0.8301 0.7977 0.8 0.633 0.6308 0.6977 0.6653 0.6469 0.6884 0.693 0.6746 0.6884 0.7207 0.7046 0.7091 0.7553 0.7646 0.7507 0.7646 0.8244 0.783 0.783 0.8476
0.0 1.0 1.0 0.6202 0.8023 0.8452 0.0917 0.1233 0.123 0.14 0.15 0.16 0.17 0.18 0.19 0.2 0.21 0.22 0.23 0.24 0.25 0.26 0.27 0.28 0.29 0.3 0.31 0.32 0.33 0.489 0.4637 0.4314 0.4729 0.489 0.4568 0.4568 0.5074 0.4867 0.4798 0.5004 0.5442 0.5189 0.5258 0.6041 0.5719 0.5673 0.6272 0.6041 0.5766 0.6357 0.6634 0.7098 0.675 0.6681 0.7237 0.7143 0.6959 0.7237 0.7607 0.7306 0.7329 0.7861 0.7884 0.7769 0.8047 0.8301 0.7977 0.8 0.837 0.6308 0.6977 0.6653 0.6469 0.6884 0.693 0.6746 0.6884 0.7207 0.7046 0.7091 0.7553 0.7646 0.7507 0.7646 0.8244 0.783 0.783 0.8476 0.8107
0.0 1.0 1.0 0.588 0.844 0.8176 0.1533 0.1077 0.077 0.15 0.16 0.17 0.18 0.19 0.2 0.21 0.22 0.23 0.24 0.25 0.26 0.27 0.28 0.29 0.3 0.31 0.32 0.33 0.34 0.4637 0.4314 0.4729 0.489 0.4568 0.4568 0.5074 0.4867 0.4798 0.5004 0.5442 0.5189 0.5258 0.6041 0.5719 0.5673 0.6272 0.6041 0.5766 0.6226 0.6634 0.7098 0.675 0.6681 0.7237 0.7143 0.6959 0.7237 0.7607 0.7306 0.7329 0.7861 0.7884 0.7769 0.8047 0.8301 0.7977 0.8 0.837 0.8047 0.6977 0.6653 0.6469 0.6884 0.693 0.6746 0.6884 0.7207 0.7046 0.7091 0.7553 0.7646 0.7507 0.7646 0.8244 0.783 0.783 0.8476 0.8107 0.7876
0.0 1.0 1.0 0.6249 0.8139 0.7991 0.008 0.008 0.192 0.16 0.17 0.18 0.19 0.2 0.21 0.22 0.23 0.24 0.25 0.26 0.27 0.28 0.29 0.3 0.31 0.32 0.33 0.34 0.35 0.4314 0.4729 0.489 0.4568 0.4568 0.5074 0.4867 0.4798 0.5004 0.5442 0.5189 0.5258 0.6041 0.5719 0.5673 0.6272 0.6041 0.5766 0.6226 0.6202 0.7098 0.675 0.6681 0.7237 0.7143 0.6959 0.7237 0.7607 0.7306 0.7329 0.7861 0.7884 0.7769 0.8047 0.8301 0.7977 0.8 0.837 0.8047 0.8023 0.6653 0.6469 0.6884 0.693 0.6746 0.6884 0.7207 0.7046 0.7091 0.7553 0.7646 0.7507 0.7646 0.8244 0.783 0.783 0.8476 0.8107 0.7876 0.8452
0.0 1.0 1.0 0.6318 0.807 0.8614 0.1073 0.139 0.092 0.17 0.18 0.19 0.2 0.21 0.22 0.23 0.24 0.25 0.26 0.27 0.28 0.29 0.3 0.31 0.32 0.33 0.34 0.35 0.36 0.4729 0.489 0.4568 0.4568 0.5074 0.4867 0.4798 0.5004 0.5442 0.5189 0.5258 0.6041 0.5719 0.5673 0.6272 0.6041 0.5766 0.6226 0.6202 0.588 0.675 0.6681 0.7237 0.7143 0.6959 0.7237 0.7607 0.7306 0.7329 0.7861 0.7884 0.7769 0.8047 0.8301 0.7977 0.8 0.837 0.8047 0.8023 0.844 0.6469 0.6884 0.693 0.6746 0.6884 0.7207 0.7046 0.7091 0.7553 0.7646 0.7507 0.7646 0.8244 0.783 0.783 0.8476 0.8107 0.7876 0.8452 0.8176
0.0 1.0 1.0 0.6019 0.8602 0.8383 0.123 0.1003 0.0617 0.18 0.19 0.2 0.21 0.22 0.23 0.24 0.25 0.26 0.27 0.28 0.29 0.3 0.31 0.32 0.33 0.34 0.35 0.36 0.37 0.489 0.4568 0.4568 0.5074 0.4867 0.4798 0.5004 0.5442 0.5189 0.5258 0.6041 0.5719 0.5673 0.6272 0.6041 0.5766 0.6226 0.6202 0.588 0.6249 0.6681 0.7237 0.7143 0.6959 0.7237 0.7607 0.7306 0.7329 0.7861 0.7884 0.7769 0.8047 0.8301 0.7977 0.8 0.837 0.8047 0.8023 0.844 0.8139 0.6884 0.693 0.6746 0.6884 0.7207 0.7046 0.7091 0.7553 0.7646 0.7507 0.7646 0.8244 0.783 0.783 0.8476 0.8107 0.7876 0.8452 0.8176 0.7991
0.0 1.0 1.0 0.6341 0.8393 0.813 0.023 0.023 0.2077 0.19 0.2 0.21 0.22 0.23 0.24 0.25 0.26 0.27 0.28 0.29 0.3 0.31 0.32 0.33 0.34 0.35 0.36 0.37 0.38 0.4568 0.4568 0.5074 0.4867 0.4798 0.5004 0.5442 0.5189 0.5258 0.6041 0.5719 0.5673 0.6272 0.6041 0.5766 0.6226 0.6202 0.588 0.6249 0.6318 0.7237 0.7143 0.6959 0.7237 0.7607 0.7306 0.7329 0.7861 0.7884 0.7769 0.8047 0.8301 0.7977 0.8 0.837 0.8047 0.8023 0.844 0.8139 0.807 0.693 0.6746 0.6884 0.7207 0.7046 0.7091 0.7553 0.7646 0.7507 0.7646 0.8244 0.783 0.783 0.8476 0.8107 0.7876 0.8452 0.8176 0.7991 0.8614
0.0 1.0 1.0 0.6594 0.8231 0.8683 0.0997 0.1773 0.077 0.2 0.21 0.22 0.23 0.24 0.25 0.26 0.27 0.28 0.29 0.3 0.31 0.32 0.33 0.34 0.35 0.36 0.37 0.38 0.39 0.4568 0.5074 0.4867 0.4798 0.5004 0.5442 0.5189 0.5258 0.6041 0.5719 0.5673 0.6272 0.6041 0.5766 0.6226 0.6202 0.588 0.6249 0.6318 0.6019 0.7143 0.6959 0.7237 0.7607 0.7306 0.7329 0.7861 0.7884 0.7769 0.8047 0.8301 0.7977 0.8 0.837 0.8047 0.8023 0.844 0.8139 0.807 0.8602 0.6746 0.6884 0.7207 0.7046 0.7091 0.7553 0.7646 0.7507 0.7646 0.8244 0.783 0.783 0.8476 0.8107 0.7876 0.8452 0.8176 0.7991 0.8614 0.8383
0.0 1.0 1.0 0.6226 0.8787 0.8683 0.1073 0.0697 0.0843 0.21 0.22 0.23 0.24 0.25 0.26 0.27 0.28 0.29 0.3 0.31 0.32 0.33 0.34 0.35 0.36 0.37 0.38 0.39 0.4 0.5074 0.4867 0.4798 0.5004 0.5442 0.5189 0.5258 0.6041 0.5719 0.5673 0.6272 0.6041 0.5766 0.6226 0.6202 0.588 0.6249 0.6318 0.6019 0.6341 0.6959 0.7237 0.7607 0.7306 0.7329 0.7861 0.7884 0.7769 0.8047 0.8301 0.7977 0.8 0.837 0.8047 0.8023 0.844 0.8139 0.807 0.8602 0.8393 0.6884 0.7207 0.7046 0.7091 0.7553 0.7646 0.7507 0.7646 0.8244 0.783 0.783 0.8476 0.8107 0.7876 0.8452 0.8176 0.7991 0.8614 0.8383 0.813
0.0 1.0 1.0 0.6364 0.8602 0.8383 0.0843 0.054 0.1843 0.22 0.23 0.24 0.25 0.26 0.27 0.28 0.29 0.3 0.31 0.32 0.33 0.34 0.35 0.36 0.37 0.38 0.39 0.4 0.41 0.4867 0.4798 0.5004 0.5442 0.5189 0.5258 0.6041 0.5719 0.5673 0.6272 0.6041 0.5766 0.6226 0.6202 0.588 0.6249 0.6318 0.6019 0.6341 0.6594 0.7237 0.7607 0.7306 0.7329 0.7861 0.7884 0.7769 0.8047 0.8301 0.7977 0.8 0.837 0.8047 0.8023 0.844 0.8139 0.807 0.8602 0.8393 0.8231 0.7207 0.7046 0.7091 0.7553 0.7646 0.7507 0.7646 0.8244 0.783 0.783 0.8476 0.8107 0.7876 0.8452 0.8176 0.7991 0.8614 0.8383 0.813 0.8683
0.0 1.0 1.0 0.6917 0.8463 0.8752 0.1227 0.1853 0.0 0.23 0.24 0.25 0.26 0.27 0.28 0.29 0.3 0.31 0.32 0.33 0.34 0.35 0.36 0.37 0.38 0.39 0.4 0.41 0.42 0.4798 0.5004 0.5442 0.5189 0.5258 0.6041 0.5719 0.5673 0.6272 0.6041 0.5766 0.6226 0.6202 0.588 0.6249 0.6318 0.6019 0.6341 0.6594 0.6226 0.7607 0.7306 0.7329 0.7861 0.7884 0.7769 0.8047 0.8301 0.7977 0.8 0.837 0.8047 0.8023 0.844 0.8139 0.807 0.8602 0.8393 0.8231 0.8787 0.7046 0.7091 0.7553 0.7646 0.7507 0.7646 0.8244 0.783 0.783 0.8476 0.8107 0.7876 0.8452 0.8176 0.7991 0.8614 0.8383 0.813 0.8683 0.8683
0.0 1.0 1.0 0.6479 0.8949 0.8937 0.046 0.0617 0.1 0.24 0.25 0.26 0.27 0.28 0.29 0.3 0.31 0.32 0.33 0.34 0.35 0.36 0.37 0.38 0.39 0.4 0.41 0.42 0.43 0.5004 0.5442 0.5189 0.5258 0.6041 0.5719 0.5673 0.6272 0.6041 0.5766 0.6226 0.6202 0.588 0.6249 0.6318 0.6019 0.6341 0.6594 0.6226 0.6364 0.7306 0.7329 0.7861 0.7884 0.7769 0.8047 0.8301 0.7977 0.8 0.837 0.8047 0.8023 0.844 0.8139 0.807 0.8602 0.8393 0.8231 0.8787 0.8602 0.7091 0.7553 0.7646 0.7507 0.7646 0.8244 0.783 0.783 0.8476 0.8107 0.7876 0.8452 0.8176 0.7991 0.8614 0.8383 0.813 0.8683 0.8683 0.8383
0.0 1.0 1.0 0.6364 0.8902 0.8568 0.1843 0.0463 0.123 0.25 0.26 0.27 0.28 0.29 0.3 0.31 0.32 0.33 0.34 0.35 0.36 0.37 0.38 0.39 0.4 0.41 0.42 0.43 0.44 0.5442 0.5189 0.5258 0.6041 0.5719 0.5673 0.6272 0.6041 0.5766 0.6226 0.6202 0.588 0.6249 0.6318 0.6019 0.6341 0.6594 0.6226 0.6364 0.6917 0.7329 0.7861 0.7884 0.7769 0.8047 0.8301 0.7977 0.8 0.837 0.8047 0.8023 0.844 0.8139 0.807 0.8602 0.8393 0.8231 0.8787 0.8602 0.8463 0.7553 0.7646 0.7507 0.7646 0.8244 0.783 0.783 0.8476 0.8107 0.7876 0.8452 0.8176 0.7991 0.8614 0.8383 0.813 0.8683 0.8683 0.8383 0.8752
0.0 1.0 1.0 0.7101 0.8624 0.8707 0.146 0.162 0.0617 0.26 0.27 0.28 0.29 0.3 0.31 0.32 0.33 0.34 0.35 0.36 0.37 0.38 0.39 0.4 0.41 0.42 0.43 0.44 0.45 0.5189 0.5258 0.6041 0.5719 0.5673 0.6272 0.6041 0.5766 0.6226 0.6202 0.588 0.6249 0.6318 0.6019 0.6341 0.6594 0.6226 0.6364 0.6917 0.6479 0.7861 0.7884 0.7769 0.8047 0.8301 0.7977 0.8 0.837 0.8047 0.8023 0.844 0.8139 0.807 0.8602 0.8393 0.8231 0.8787 0.8602 0.8463 0.8949 0.7646 0.7507 0.7646 0.8244 0.783 0.783 0.8476 0.8107 0.7876 0.8452 0.8176 0.7991 0.8614 0.8383 0.813 0.8683 0.8683 0.8383 0.8752 0.8937
0.0 1.0 1.0 0.6687 0.8949 0.9191 0.0383 0.0157 0.123 0.27 0.28 0.29 0.3 0.31 0.32 0.33 0.34 0.35 0.36 0.37 0.38 0.39 0.4 0.41 0.42 0.43 0.44 0.45 0.46 0.5258 0.6041 0.5719 0.5673 0.6272 0.6041 0.5766 0.6226 0.6202 0.588 0.6249 0.6318 0.6019 0.6341 0.6594 0.6226 0.6364 0.6917 0.6479 0.6364 0.7884 0.7769 0.8047 0.8301 0.7977 0.8 0.837 0.8047 0.8023 0.844 0.8139 0.807 0.8602 0.8393 0.8231 0.8787 0.8602 0.8463 0.8949 0.8902 0.7507 0.7646 0.8244 0.783 0.783 0.8476 0.8107 0.7876 0.8452 0.8176 0.7991 0.8614 0.8383 0.813 0.8683 0.8683 0.8383 0.8752 0.8937 0.8568
0.0 1.0 1.0 0.641 0.9134 0.8683 0.2457 0.0927 0.0463 0.28 0.29 0.3 0.31 0.32 0.33 0.34 0.35 0.36 0.37 0.38 0.39 0.4 0.41 0.42 0.43 0.44 0.45 0.46 0.47 0.6041 0.5719 0.5673 0.6272 0.6041 0.5766 0.6226 0.6202 0.588 0.6249 0.6318 0.6019 0.6341 0.6594 0.6226 0.6364 0.6917 0.6479 0.6364 0.7101 0.7769 0.8047 0.8301 0.7977 0.8 0.837 0.8047 0.8023 0.844 0.8139 0.807 0.8602 0.8393 0.8231 0.8787 0.8602 0.8463 0.8949 0.8902 0.8624 0.7646 0.8244 0.783 0.783 0.8476 0.8107 0.7876 0.8452 0.8176 0.7991 0.8614 0.8383 0.813 0.8683 0.8683 0.8383 0.8752 0.8937 0.8568 0.8707
0.0 1.0 1.0 0.7101 0.8763 0.8591 0.138 0.1083 0.1613 0.29 0.3 0.31 0.32 0.33 0.34 0.35 0.36 0.37 0.38 0.39 0.4 0.41 0.42 0.43 0.44 0.45 0.46 0.47 0.48 0.5719 0.5673 0.6272 0.6041 0.5766 0.6226 0.6202 0.588 0.6249 0.6318 0.6019 0.6341 0.6594 0.6226 0.6364 0.6917 0.6479 0.6364 0.7101 0.6687 0.8047 0.8301 0.7977 0.8 0.837 0.8047 0.8023 0.844 0.8139 0.807 0.8602 0.8393 0.8231 0.8787 0.8602 0.8463 0.8949 0.8902 0.8624 0.8949 0.8244 0.783 0.783 0.8476 0.8107 0.7876 0.8452 0.8176 0.7991 0.8614 0.8383 0.813 0.8683 0.8683 0.8383 0.8752 0.8937 0.8568 0.8707 0.9191
0.0 1.0 1.0 0.6801 0.8833 0.926 0.0923 0.0617 0.1693 0.3 0.31 0.32 0.33 0.34 0.35 0.36 0.37 0.38 0.39 0.4 0.41 0.42 0.43 0.44 0.45 0.46 0.47 0.48 0.49 0.5673 0.6272 0.6041 0.5766 0.6226 0.6202 0.588 0.6249 0.6318 0.6019 0.6341 0.6594 0.6226 0.6364 0.6917 0.6479 0.6364 0.7101 0.6687 0.641 0.8301 0.7977 0.8 0.837 0.8047 0.8023 0.844 0.8139 0.807 0.8602 0.8393 0.8231 0.8787 0.8602 0.8463 0.8949 0.8902 0.8624 0.8949 0.9134 0.783 0.783 0.8476 0.8107 0.7876 0.8452 0.8176 0.7991 0.8614 0.8383 0.813 0.8683 0.8683 0.8383 0.8752 0.8937 0.8568 0.8707 0.9191 0.8683
0.0 1.0 1.0 0.641 0.9297 0.8799 0.2303 0.1237 0.0307 0.31 0.32 0.33 0.34 0.35 0.36 0.37 0.38 0.39 0.4 0.41 0.42 0.43 0.44 0.45 0.46 0.47 0.48 0.49 0.5 0.6272 0.6041 0.5766 0.6226 0.6202 0.588 0.6249 0.6318 0.6019 0.6341 0.6594 0.6226 0.6364 0.6917 0.6479 0.6364 0.7101 0.6687 0.641 0.7101 0.7977 0.8 0.837 0.8047 0.8023 0.844 0.8139 0.807 0.8602 0.8393 0.8231 0.8787 0.8602 0.8463 0.8949 0.8902 0.8624 0.8949 0.9134 0.8763 0.783 0.8476 0.8107 0.7876 0.8452 0.8176 0.7991 0.8614 0.8383 0.813 0.8683 0.8683 0.8383 0.8752 0.8937 0.8568 0.8707 0.9191 0.8683 0.8591
0.0 1.0 1.0 0.6871 0.8833 0.8452 0.1 0.0233 0.223 0.32 0.33 0.34 0.35 0.36 0.37 0.38 0.39 0.4 0.41 0.42 0.43 0.44 0.45 0.46 0.47 0.48 0.49 0.5 0.51 0.6041 0.5766 0.6226 0.6202 0.588 0.6249 0.6318 0.6019 0.6341 0.6594 0.6226 0.6364 0.6917 0.6479 0.6364 0.7101 0.6687 0.641 0.7101 0.6801 0.8 0.837 0.8047 0.8023 0.844 0.8139 0.807 0.8602 0.8393 0.8231 0.8787 0.8602 0.8463 0.8949 0.8902 0.8624 0.8949 0.9134 0.8763 0.8833 0.8476 0.8107 0.7876 0.8452 0.8176 0.7991 0.8614 0.8383 0.813 0.8683 0.8683 0.8383 0.8752 0.8937 0.8568 0.8707 0.9191 0.8683 0.8591 0.926
0.0 1.0 1.0 0.6893 0.8624 0.9099 0.1303 0.1547 0.1537 0.33 0.34 0.35 0.36 0.37 0.38 0.39 0.4 0.41 0.42 0.43 0.44 0.45 0.46 0.47 0.48 0.49 0.5 0.51 0.52 0.5766 0.6226 0.6202 0.588 0.6249 0.6318 0.6019 0.6341 0.6594 0.6226 0.6364 0.6917 0.6479 0.6364 0.7101 0.6687 0.641 0.7101 0.6801 0.641 0.837 0.8047 0.8023 0.844 0.8139 0.807 0.8602 0.8393 0.8231 0.8787 0.8602 0.8463 0.8949 0.8902 0.8624 0.8949 0.9134 0.8763 0.8833 0.9297 0.8107 0.7876 0.8452 0.8176 0.7991 0.8614 0.8383 0.813 0.8683 0.8683 0.8383 0.8752 0.8937 0.8568 0.8707 0.9191 0.8683 0.8591 0.926 0.8799
0.0 1.0 1.0 0.6433 0.9273 0.8776 0.1537 0.1547 0.1157 0.34 0.35 0.36 0.37 0.38 0.39 0.4 0.41 0.42 0.43 0.44 0.45 0.46 0.47 0.48 0.49 0.5 0.51 0.52 0.53 0.6226 0.6202 0.588 0.6249 0.6318 0.6019 0.6341 0.6594 0.6226 0.6364 0.6917 0.6479 0.6364 0.7101 0.6687 0.641 0.7101 0.6801 0.641 0.6871 0.8047 0.8023 0.844 0.8139 0.807 0.8602 0.8393 0.8231 0.8787 0.8602 0.8463 0.8949 0.8902 0.8624 0.8949 0.9134 0.8763 0.8833 0.9297 0.8833 0.7876 0.8452 0.8176 0.7991 0.8614 0.8383 0.813 0.8683 0.8683 0.8383 0.8752 0.8937 0.8568 0.8707 0.9191 0.8683 0.8591 0.926 0.8799 0.8452
0.0 1.0 1.0 0.6571 0.8857 0.843 0.0073 0.0697 0.2157 0.35 0.36 0.37 0.38 0.39 0.4 0.41 0.42 0.43 0.44 0.45 0.46 0.47 0.48 0.49 0.5 0.51 0.52 0.53 0.54 0.6202 0.588 0.6249 0.6318 0.6019 0.6341 0.6594 0.6226 0.6364 0.6917 0.6479 0.6364 0.7101 0.6687 0.641 0.7101 0.6801 0.641 0.6871 0.6893 0.8023 0.844 0.8139 0.807 0.8602 0.8393 0.8231 0.8787 0.8602 0.8463 0.8949 0.8902 0.8624 0.8949 0.9134 0.8763 0.8833 0.9297 0.8833 0.8624 0.8452 0.8176 0.7991 0.8614 0.8383 0.813 0.8683 0.8683 0.8383 0.8752 0.8937 0.8568 0.8707 0.9191 0.8683 0.8591 0.926 0.8799 0.8452 0.9099
0.0 1.0 1.0 0.6824 0.8532 0.8683 0.1533 0.2163 0.1077 0.36 0.37 0.38 0.39 0.4 0.41 0.42 0.43 0.44 0.45 0.46 0.47 0.48 0.49 0.5 0.51 0.52 0.53 0.54 0.55 0.588 0.6249 0.6318 0.6019 0.6341 0.6594 0.6226 0.6364 0.6917 0.6479 0.6364 0.7101 0.6687 0.641 0.7101 0.6801 0.641 0.6871 0.6893 0.6433 0.844 0.8139 0.807 0.8602 0.8393 0.8231 0.8787 0.8602 0.8463 0.8949 0.8902 0.8624 0.8949 0.9134 0.8763 0.8833 0.9297 0.8833 0.8624 0.9273 0.8176 0.7991 0.8614 0.8383 0.813 0.8683 0.8683 0.8383 0.8752 0.8937 0.8568 0.8707 0.9191 0.8683 0.8591 0.926 0.8799 0.8452 0.9099 0.8776
0.0 1.0 1.0 0.6387 0.8996 0.8799 0.046 0.1387 0.1153 0.37 0.38 0.39 0.4 0.41 0.42 0.43 0.44 0.45 0.46 0.47 0.48 0.49 0.5 0.51 0.52 0.53 0.54 0.55 0.56 0.6249 0.6318 0.6019 0.6341 0.6594 0.6226 0.6364 0.6917 0.6479 0.6364 0.7101 0.6687 0.641 0.7101 0.6801 0.641 0.6871 0.6893 0.6433 0.6571 0.8139 0.807 0.8602 0.8393 0.8231 0.8787 0.8602 0.8463 0.8949 0.8902 0.8624 0.8949 0.9134 0.8763 0.8833 0.9297 0.8833 0.8624 0.9273 0.8857 0.7991 0.8614 0.8383 0.813 0.8683 0.8683 0.8383 0.8752 0.8937 0.8568 0.8707 0.9191 0.8683 0.8591 0.926 0.8799 0.8452 0.9099 0.8776 0.843
0.0 1.0 1.0 0.611 0.888 0.8407 0.0843 0.1083 0.0843 0.38 0.39 0.4 0.41 0.42 0.43 0.44 0.45 0.46 0.47 0.48 0.49 0.5 0.51 0.52 0.53 0.54 0.55 0.56 0.57 0.6318 0.6019 0.6341 0.6594 0.6226 0.6364 0.6917 0.6479 0.6364 0.7101 0.6687 0.641 0.7101 0.6801 0.641 0.6871 0.6893 0.6433 0.6571 0.6824 0.807 0.8602 0.8393 0.8231 0.8787 0.8602 0.8463 0.8949 0.8902 0.8624 0.8949 0.9134 0.8763 0.8833 0.9297 0.8833 0.8624 0.9273 0.8857 0.8532 0.8614 0.8383 0.813 0.8683 0.8683 0.8383 0.8752 0.8937 0.8568 0.8707 0.9191 0.8683 0.8591 0.926 0.8799 0.8452 0.9099 0.8776 0.843 0.8683
0.0 1.0 1.0 0.6663 0.8532 0.8383 0.1457 0.1547 0.0387 0.39 0.4 0.41 0.42 0.43 0.44 0.45 0.46 0.47 0.48 0.49 0.5 0.51 0.52 0.53 0.54 0.55 0.56 0.57 0.58 0.6019 0.6341 0.6594 0.6226 0.6364 0.6917 0.6479 0.6364 0.7101 0.6687 0.641 0.7101 0.6801 0.641 0.6871 0.6893 0.6433 0.6571 0.6824 0.6387 0.8602 0.8393 0.8231 0.8787 0.8602 0.8463 0.8949 0.8902 0.8624 0.8949 0.9134 0.8763 0.8833 0.9297 0.8833 0.8624 0.9273 0.8857 0.8532 0.8996 0.8383 0.813 0.8683 0.8683 0.8383 0.8752 0.8937 0.8568 0.8707 0.9191 0.8683 0.8591 0.926 0.8799 0.8452 0.9099 0.8776 0.843 0.8683 0.8799
0.0 1.0 1.0 0.6341 0.8763 0.8591 0.0923 0.0387 0.1307 0.4 0.41 0.42 0.43 0.44 0.45 0.46 0.47 0.48 0.49 0.5 0.51 0.52 0.53 0.54 0.55 0.56 0.57 0.58 0.59 0.6341 0.6594 0.6226 0.6364 0.6917 0.6479 0.6364 0.7101 0.6687 0.641 0.7101 0.6801 0.641 0.6871 0.6893 0.6433 0.6571 0.6824 0.6387 0.611 0.8393 0.8231 0.8787 0.8602 0.8463 0.8949 0.8902 0.8624 0.8949 0.9134 0.8763 0.8833 0.9297 0.8833 0.8624 0.9273 0.8857 0.8532 0.8996 0.888 0.813 0.8683 0.8683 0.8383 0.8752 0.8937 0.8568 0.8707 0.9191 0.8683 0.8591 0.926 0.8799 0.8452 0.9099 0.8776 0.843 0.8683 0.8799 0.8407
0.0 1.0 1.0 0.6041 0.888 0.8337 0.1843 0.116 0.008 0.41 0.42 0.43 0.44 0.45 0.46 0.47 0.48 0.49 0.5 0.51 0.52 0.53 0.54 0.55 0.56 0.57 0.58 0.59 0.6 0.6594 0.6226 0.6364 0.6917 0.6479 0.6364 0.7101 0.6687 0.641 0.7101 0.6801 0.641 0.6871 0.6893 0.6433 0.6571 0.6824 0.6387 0.611 0.6663 0.8231 0.8787 0.8602 0.8463 0.8949 0.8902 0.8624 0.8949 0.9134 0.8763 0.8833 0.9297 0.8833 0.8624 0.9273 0.8857 0.8532 0.8996 0.888 0.8532 0.8683 0.8683 0.8383 0.8752 0.8937 0.8568 0.8707 0.9191 0.8683 0.8591 0.926 0.8799 0.8452 0.9099 0.8776 0.843 0.8683 0.8799 0.8407 0.8383
0.0 1.0 1.0 0.6318 0.8556 0.8107 0.1073 0.077 0.0693 0.42 0.43 0.44 0.45 0.46 0.47 0.48 0.49 0.5 0.51 0.52 0.53 0.54 0.55 0.56 0.57 0.58 0.59 0.6 0.61 0.6226 0.6364 0.6917 0.6479 0.6364 0.7101 0.6687 0.641 0.7101 0.6801 0.641 0.6871 0.6893 0.6433 0.6571 0.6824 0.6387 0.611 0.6663 0.6341 0.8787 0.8602 0.8463 0.8949 0.8902 0.8624 0.8949 0.9134 0.8763 0.8833 0.9297 0.8833 0.8624 0.9273 0.8857 0.8532 0.8996 0.888 0.8532 0.8763 0.8683 0.8383 0.8752 0.8937 0.8568 0.8707 0.9191 0.8683 0.8591 0.926 0.8799 0.8452 0.9099 0.8776 0.843 0.8683 0.8799 0.8407 0.8383 0.8591
0.0 1.0 1.0 0.611 0.844 0.8476 0.1 0.039 0.0847 0.43 0.44 0.45 0.46 0.47 0.48 0.49 0.5 0.51 0.52 0.53 0.54 0.55 0.56 0.57 0.58 0.59 0.6 0.61 0.62 0.6364 0.6917 0.6479 0.6364 0.7101 0.6687 0.641 0.7101 0.6801 0.641 0.6871 0.6893 0.6433 0.6571 0.6824 0.6387 0.611 0.6663 0.6341 0.6041 0.8602 0.8463 0.8949 0.8902 0.8624 0.8949 0.9134 0.8763 0.8833 0.9297 0.8833 0.8624 0.9273 0.8857 0.8532 0.8996 0.888 0.8532 0.8763 0.888 0.8383 0.8752 0.8937 0.8568 0.8707 0.9191 0.8683 0.8591 0.926 0.8799 0.8452 0.9099 0.8776 0.843 0.8683 0.8799 0.8407 0.8383 0.8591 0.8337
0.0 1.0 1.0 0.5927 0.8648 0.8314 0.0923 0.108 0.0767 0.44 0.45 0.46 0.47 0.48 0.49 0.5 0.51 0.52 0.53 0.54 0.55 0.56 0.57 0.58 0.59 0.6 0.61 0.62 0.63 0.6917 0.6479 0.6364 0.7101 0.6687 0.641 0.7101 0.6801 0.641 0.6871 0.6893 0.6433 0.6571 0.6824 0.6387 0.611 0.6663 0.6341 0.6041 0.6318 0.8463 0.8949 0.8902 0.8624 0.8949 0.9134 0.8763 0.8833 0.9297 0.8833 0.8624 0.9273 0.8857 0.8532 0.8996 0.888 0.8532 0.8763 0.888 0.8556 0.8752 0.8937 0.8568 0.8707 0.9191 0.8683 0.8591 0.926 0.8799 0.8452 0.9099 0.8776 0.843 0.8683 0.8799 0.8407 0.8383 0.8591 0.8337 0.8107
0.0 1.0 1.0 0.5719 0.8602 0.813 0.0693 0.0387 0.123 0.45 0.46 0.47 0.48 0.49 0.5 0.51 0.52 0.53 0.54 0.55 0.56 0.57 0.58 0.59 0.6 0.61 0.62 0.63 0.64 0.6479 0.6364 0.7101 0.6687 0.641 0.7101 0.6801 0.641 0.6871 0.6893 0.6433 0.6571 0.6824 0.6387 0.611 0.6663 0.6341 0.6041 0.6318 0.611 0.8949 0.8902 0.8624 0.8949 0.9134 0.8763 0.8833 0.9297 0.8833 0.8624 0.9273 0.8857 0.8532 0.8996 0.888 0.8532 0.8763 0.888 0.8556 0.844 0.8937 0.8568 0.8707 0.9191 0.8683 0.8591 0.926 0.8799 0.8452 0.9099 0.8776 0.843 0.8683 0.8799 0.8407 0.8383 0.8591 0.8337 0.8107 0.8476
0.0 1.0 1.0 0.5673 0.8324 0.7946 0.061 0.0693 0.054 0.46 0.47 0.48 0.49 0.5 0.51 0.52 0.53 0.54 0.55 0.56 0.57 0.58 0.59 0.6 0.61 0.62 0.63 0.64 0.65 0.6364 0.7101 0.6687 0.641 0.7101 0.6801 0.641 0.6871 0.6893 0.6433 0.6571 0.6824 0.6387 0.611 0.6663 0.6341 0.6041 0.6318 0.611 0.5927 0.8902 0.8624 0.8949 0.9134 0.8763 0.8833 0.9297 0.8833 0.8624 0.9273 0.8857 0.8532 0.8996 0.888 0.8532 0.8763 0.888 0.8556 0.844 0.8648 0.8568 0.8707 0.9191 0.8683 0.8591 0.926 0.8799 0.8452 0.9099 0.8776 0.843 0.8683 0.8799 0.8407 0.8383 0.8591 0.8337 0.8107 0.8476 0.8314
0.0 1.0 1.0 0.5558 0.807 0.7807 0.0693 0.0153 0.0613 0.47 0.48 0.49 0.5 0.51 0.52 0.53 0.54 0.55 0.56 0.57 0.58 0.59 0.6 0.61 0.62 0.63 0.64 0.65 0.66 0.7101 0.6687 0.641 0.7101 0.6801 0.641 0.6871 0.6893 0.6433 0.6571 0.6824 0.6387 0.611 0.6663 0.6341 0.6041 0.6318 0.611 0.5927 0.5719 0.8624 0.8949 0.9134 0.8763 0.8833 0.9297 0.8833 0.8624 0.9273 0.8857 0.8532 0.8996 0.888 0.8532 0.8763 0.888 0.8556 0.844 0.8648 0.8602 0.8707 0.9191 0.8683 0.8591 0.926 0.8799 0.8452 0.9099 0.8776 0.843 0.8683 0.8799 0.8407 0.8383 0.8591 0.8337 0.8107 0.8476 0.8314 0.813
0.0 1.0 1.0 0.5328 0.7908 0.776 0.0153 0.0927 0.0613 0.48 0.49 0.5 0.51 0.52 0.53 0.54 0.55 0.56 0.57 0.58 0.59 0.6 0.61 0.62 0.63 0.64 0.65 0.66 0.67 0.6687 0.641 0.7101 0.6801 0.641 0.6871 0.6893 0.6433 0.6571 0.6824 0.6387 0.611 0.6663 0.6341 0.6041 0.6318 0.611 0.5927 0.5719 0.5673 0.8949 0.9134 0.8763 0.8833 0.9297 0.8833 0.8624 0.9273 0.8857 0.8532 0.8996 0.888 0.8532 0.8763 0.888 0.8556 0.844 0.8648 0.8602 0.8324 0.9191 0.8683 0.8591 0.926 0.8799 0.8452 0.9099 0.8776 0.843 0.8683 0.8799 0.8407 0.8383 0.8591 0.8337 0.8107 0.8476 0.8314 0.813 0.7946
0.0 1.0 1.0 0.5097 0.7746 0.753 0.0383 0.0847 0.0463 0.49 0.5 0.51 0.52 0.53 0.54 0.55 0.56 0.57 0.58 0.59 0.6 0.61 0.62 0.63 0.64 0.65 0.66 0.67 0.68 0.641 0.7101 0.6801 0.641 0.6871 0.6893 0.6433 0.6571 0.6824 0.6387 0.611 0.6663 0.6341 0.6041 0.6318 0.611 0.5927 0.5719 0.5673 0.5558 0.9134 0.8763 0.8833 0.9297 0.8833 0.8624 0.9273 0.8857 0.8532 0.8996 0.888 0.8532 0.8763 0.888 0.8556 0.844 0.8648 0.8602 0.8324 0.807 0.8683 0.8591 0.926 0.8799 0.8452 0.9099 0.8776 0.843 0.8683 0.8799 0.8407 0.8383 0.8591 0.8337 0.8107 0.8476 0.8314 0.813 0.7946 0.7807
0.0 1.0 1.0 0.5051 0.7491 0.7369 0.0767 0.054 0.0157 0.5 0.51 0.52 0.53 0.54 0.55 0.56 0.57 0.58 0.59 0.6 0.61 0.62 0.63 0.64 0.65 0.66 0.67 0.68 0.69 0.7101 0.6801 0.641 0.6871 0.6893 0.6433 0.6571 0.6824 0.6387 0.611 0.6663 0.6341 0.6041 0.6318 0.611 0.5927 0.5719 0.5673 0.5558 0.5328 0.8763 0.8833 0.9297 0.8833 0.8624 0.9273 0.8857 0.8532 0.8996 0.888 0.8532 0.8763 0.888 0.8556 0.844 0.8648 0.8602 0.8324 0.807 0.7908 0.8591 0.926 0.8799 0.8452 0.9099 0.8776 0.843 0.8683 0.8799 0.8407 0.8383 0.8591 0.8337 0.8107 0.8476 0.8314 0.813 0.7946 0.7807 0.776
0.0 1.0 1.0 0.489 0.7352 0.7346 0.077 0.054 0.0767 0.51 0.52 0.53 0.54 0.55 0.56 0.57 0.58 0.59 0.6 0.61 0.62 0.63 0.64 0.65 0.66 0.67 0.68 0.69 0.7 0.6801 0.641 0.6871 0.6893 0.6433 0.6571 0.6824 0.6387 0.611 0.6663 0.6341 0.6041 0.6318 0.611 0.5927 0.5719 0.5673 0.5558 0.5328 0.5097 0.8833 0.9297 0.8833 0.8624 0.9273 0.8857 0.8532 0.8996 0.888 0.8532 0.8763 0.888 0.8556 0.844 0.8648 0.8602 0.8324 0.807 0.7908 0.7746 0.926 0.8799 0.8452 0.9099 0.8776 0.843 0.8683 0.8799 0.8407 0.8383 0.8591 0.8337 0.8107 0.8476 0.8314 0.813 0.7946 0.7807 0.776 0.753
0.0 1.0 1.0 0.4659 0.7282 0.7138 0.0153 0.085 0.0537 0.52 0.53 0.54 0.55 0.56 0.57 0.58 0.59 0.6 0.61 0.62 0.63 0.64 0.65 0.66 0.67 0.68 0.69 0.7 0.71 0.641 0.6871 0.6893 0.6433 0.6571 0.6824 0.6387 0.611 0.6663 0.6341 0.6041 0.6318 0.611 0.5927 0.5719 0.5673 0.5558 0.5328 0.5097 0.5051 0.9297 0.8833 0.8624 0.9273 0.8857 0.8532 0.8996 0.888 0.8532 0.8763 0.888 0.8556 0.844 0.8648 0.8602 0.8324 0.807 0.7908 0.7746 0.7491 0.8799 0.8452 0.9099 0.8776 0.843 0.8683 0.8799 0.8407 0.8383 0.8591 0.8337 0.8107 0.8476 0.8314 0.813 0.7946 0.7807 0.776 0.753 0.7369
0.0 1.0 1.0 0.4637 0.7051 0.693 0.0537 0.0463 0.0077 0.53 0.54 0.55 0.56 0.57 0.58 0.59 0.6 0.61 0.62 0.63 0.64 0.65 0.66 0.67 0.68 0.69 0.7 0.71 0.72 0.6871 0.6893 0.6433 0.6571 0.6824 0.6387 0.611 0.6663 0.6341 0.6041 0.6318 0.611 0.5927 0.5719 0.5673 0.5558 0.5328 0.5097 0.5051 0.489 0.8833 0.8624 0.9273 0.8857 0.8532 0.8996 0.888 0.8532 0.8763 0.888 0.8556 0.844 0.8648 0.8602 0.8324 0.807 0.7908 0.7746 0.7491 0.7352 0.8452 0.9099 0.8776 0.843 0.8683 0.8799 0.8407 0.8383 0.8591 0.8337 0.8107 0.8476 0.8314 0.813 0.7946 0.7807 0.776 0.753 0.7369 0.7346
0.0 1.0 1.0 0.4544 0.6866 0.693 0.077 0.0233 0.0693 0.54 0.55 0.56 0.57 0.58 0.59 0.6 0.61 0.62 0.63 0.64 0.65 0.66 0.67 0.68 0.69 0.7 0.71 0.72 0.73 0.6893 0.6433 0.6571 0.6824 0.6387 0.611 0.6663 0.6341 0.6041 0.6318 0.611 0.5927 0.5719 0.5673 0.5558 0.5328 0.5097 0.5051 0.489 0.4659 0.8624 0.9273 0.8857 0.8532 0.8996 0.888 0.8532 0.8763 0.888 0.8556 0.844 0.8648 0.8602 0.8324 0.807 0.7908 0.7746 0.7491 0.7352 0.7282 0.9099 0.8776 0.843 0.8683 0.8799 0.8407 0.8383 0.8591 0.8337 0.8107 0.8476 0.8314 0.813 0.7946 0.7807 0.776 0.753 0.7369 0.7346 0.7138
0.0 1.0 1.0 0.4314 0.6843 0.6769 0.0073 0.077 0.0693 0.55 0.56 0.57 0.58 0.59 0.6 0.61 0.62 0.63 0.64 0.65 0.66 0.67 0.68 0.69 0.7 0.71 0.72 0.73 0.74 0.6433 0.6571 0.6824 0.6387 0.611 0.6663 0.6341 0.6041 0.6318 0.611 0.5927 0.5719 0.5673 0.5558 0.5328 0.5097 0.5051 0.489 0.4659 0.4637 0.9273 0.8857 0.8532 0.8996 0.888 0.8532 0.8763 0.888 0.8556 0.844 0.8648 0.8602 0.8324 0.807 0.7908 0.7746 0.7491 0.7352 0.7282 0.7051 0.8776 0.843 0.8683 0.8799 0.8407 0.8383 0.8591 0.8337 0.8107 0.8476 0.8314 0.813 0.7946 0.7807 0.776 0.753 0.7369 0.7346 0.7138 0.693
0.0 1.0 1.0 0.4222 0.6658 0.6561 0.031 0.0617 0.0 0.56 0.57 0.58 0.59 0.6 0.61 0.62 0.63 0.64 0.65 0.66 0.67 0.68 0.69 0.7 0.71 0.72 0.73 0.74 0.75 0.6571 0.6824 0.6387 0.611 0.6663 0.6341 0.6041 0.6318 0.611 0.5927 0.5719 0.5673 0.5558 0.5328 0.5097 0.5051 0.489 0.4659 0.4637 0.4544 0.8857 0.8532 0.8996 0.888 0.8532 0.8763 0.888 0.8556 0.844 0.8648 0.8602 0.8324 0.807 0.7908 0.7746 0.7491 0.7352 0.7282 0.7051 0.6866 0.843 0.8683 0.8799 0.8407 0.8383 0.8591 0.8337 0.8107 0.8476 0.8314 0.813 0.7946 0.7807 0.776 0.753 0.7369 0.7346 0.7138 0.693 0.693
0.0 1.0 1.0 0.4176 0.6472 0.6514 0.0767 0.0077 0.0537 0.57 0.58 0.59 0.6 0.61 0.62 0.63 0.64 0.65 0.66 0.67 0.68 0.69 0.7 0.71 0.72 0.73 0.74 0.75 0.76 0.6824 0.6387 0.611 0.6663 0.6341 0.6041 0.6318 0.611 0.5927 0.5719 0.5673 0.5558 0.5328 0.5097 0.5051 0.489 0.4659 0.4637 0.4544 0.4314 0.8532 0.8996 0.888 0.8532 0.8763 0.888 0.8556 0.844 0.8648 0.8602 0.8324 0.807 0.7908 0.7746 0.7491 0.7352 0.7282 0.7051 0.6866 0.6843 0.8683 0.8799 0.8407 0.8383 0.8591 0.8337 0.8107 0.8476 0.8314 0.813 0.7946 0.7807 0.776 0.753 0.7369 0.7346 0.7138 0.693 0.693 0.6769
0.0 1.0 1.0 0.3969 0.6427 0.6422 0.0307 0.0617 0.0693 0.58 0.59 0.6 0.61 0.62 0.63 0.64 0.65 0.66 0.67 0.68 0.69 0.7 0.71 0.72 0.73 0.74 0.75 0.76 0.77 0.6387 0.611 0.6663 0.6341 0.6041 0.6318 0.611 0.5927 0.5719 0.5673 0.5558 0.5328 0.5097 0.5051 0.489 0.4659 0.4637 0.4544 0.4314 0.4222 0.8996 0.888 0.8532 0.8763 0.888 0.8556 0.844 0.8648 0.8602 0.8324 0.807 0.7908 0.7746 0.7491 0.7352 0.7282 0.7051 0.6866 0.6843 0.6658 0.8799 0.8407 0.8383 0.8591 0.8337 0.8107 0.8476 0.8314 0.813 0.7946 0.7807 0.776 0.753 0.7369 0.7346 0.7138 0.693 0.693 0.6769 0.6561
0.0 1.0 1.0 0.3853 0.631 0.6238 0.0153 0.062 0.0157 0.59 0.6 0.61 0.62 0.63 0.64 0.65 0.66 0.67 0.68 0.69 0.7 0.71 0.72 0.73 0.74 0.75 0.76 0.77 0.78 0.611 0.6663 0.6341 0.6041 0.6318 0.611 0.5927 0.5719 0.5673 0.5558 0.5328 0.5097 0.5051 0.489 0.4659 0.4637 0.4544 0.4314 0.4222 0.4176 0.888 0.8532 0.8763 0.888 0.8556 0.844 0.8648 0.8602 0.8324 0.807 0.7908 0.7746 0.7491 0.7352 0.7282 0.7051 0.6866 0.6843 0.6658 0.6472 0.8407 0.8383 0.8591 0.8337 0.8107 0.8476 0.8314 0.813 0.7946 0.7807 0.776 0.753 0.7369 0.7346 0.7138 0.693 0.693 0.6769 0.6561 0.6514
0.0 1.0 1.0 0.3853 0.6102 0.6169 0.069 0.015 0.0307 0.6 0.61 0.62 0.63 0.64 0.65 0.66 0.67 0.68 0.69 0.7 0.71 0.72 0.73 0.74 0.75 0.76 0.77 0.78 0.79 0.6663 0.6341 0.6041 0.6318 0.611 0.5927 0.5719 0.5673 0.5558 0.5328 0.5097 0.5051 0.489 0.4659 0.4637 0.4544 0.4314 0.4222 0.4176 0.3969 0.8532 0.8763 0.888 0.8556 0.844 0.8648 0.8602 0.8324 0.807 0.7908 0.7746 0.7491 0.7352 0.7282 0.7051 0.6866 0.6843 0.6658 0.6472 0.6427 0.8383 0.8591 0.8337 0.8107 0.8476 0.8314 0.813 0.7946 0.7807 0.776 0.753 0.7369 0.7346 0.7138 0.693 0.693 0.6769 0.6561 0.6514 0.6422
0.0 1.0 1.0 0.3692 0.6079 0.6123 0.0387 0.039 0.0613 0.61 0.62 0.63 0.64 0.65 0.66 0.67 0.68 0.69 0.7 0.71 0.72 0.73 0.74 0.75 0.76 0.77 0.78 0.79 0.8 0.6341 0.6041 0.6318 0.611 0.5927 0.5719 0.5673 0.5558 0.5328 0.5097 0.5051 0.489 0.4659 0.4637 0.4544 0.4314 0.4222 0.4176 0.3969 0.3853 0.8763 0.888 0.8556 0.844 0.8648 0.8602 0.8324 0.807 0.7908 0.7746 0.7491 0.7352 0.7282 0.7051 0.6866 0.6843 0.6658 0.6472 0.6427 0.631 0.8591 0.8337 0.8107 0.8476 0.8314 0.813 0.7946 0.7807 0.776 0.753 0.7369 0.7346 0.7138 0.693 0.693 0.6769 0.6561 0.6514 0.6422 0.6238
