0.5304 0.0 0.169 0.09 0.1 0.11 0.12 0.13 0.14 0.15 0.16 0.17 0.18 0.19 0.2 0.21 0.22 0.23 0.24 0.25 0.26 0.27 0.28 0.3623 0.3922 0.4406 0.3991 0.3969 0.4774 0.4383 0.4107 0.489 0.4729 0.4429 0.4751 0.5004 0.4659 0.4613 0.512 0.5004 0.4867 0.5051 0.5558 0.4199 0.3899 0.3644 0.4361 0.4292 0.3991 0.4408 0.4732 0.4384 0.4454 0.5079 0.4801 0.4639 0.5126 0.5194 0.4963 0.5126 0.5588 0.531 0.5287 0.3989 0.3689 0.4219 0.4358 0.3966 0.4127 0.4703 0.4289 0.4197 0.4911 0.4658 0.445 0.475 0.4958 0.4727 0.4796 0.5142 0.505 0.505 0.5464
0.6088 0.0 0.0923 0.1 0.11 0.12 0.13 0.14 0.15 0.16 0.17 0.18 0.19 0.2 0.21 0.22 0.23 0.24 0.25 0.26 0.27 0.28 0.29 0.3922 0.4406 0.3991 0.3969 0.4774 0.4383 0.4107 0.489 0.4729 0.4429 0.4751 0.5004 0.4659 0.4613 0.512 0.5004 0.4867 0.5051 0.5558 0.5281 0.3899 0.3644 0.4361 0.4292 0.3991 0.4408 0.4732 0.4384 0.4454 0.5079 0.4801 0.4639 0.5126 0.5194 0.4963 0.5126 0.5588 0.531 0.5287 0.5727 0.3689 0.4219 0.4358 0.3966 0.4127 0.4703 0.4289 0.4197 0.4911 0.4658 0.445 0.475 0.4958 0.4727 0.4796 0.5142 0.505 0.505 0.5464 0.5672
0.5811 0.0 0.0077 0.11 0.12 0.13 0.14 0.15 0.16 0.17 0.18 0.19 0.2 0.21 0.22 0.23 0.24 0.25 0.26 0.27 0.28 0.29 0.3 0.4406 0.3991 0.3969 0.4774 0.4383 0.4107 0.489 0.4729 0.4429 0.4751 0.5004 0.4659 0.4613 0.512 0.5004 0.4867 0.5051 0.5558 0.5281 0.5304 0.3644 0.4361 0.4292 0.3991 0.4408 0.4732 0.4384 0.4454 0.5079 0.4801 0.4639 0.5126 0.5194 0.4963 0.5126 0.5588 0.531 0.5287 0.5727 0.5889 0.4219 0.4358 0.3966 0.4127 0.4703 0.4289 0.4197 0.4911 0.4658 0.445 0.475 0.4958 0.4727 0.4796 0.5142 0.505 0.505 0.5464 0.5672 0.5464
0.5719 0.0 0.2613 0.12 0.13 0.14 0.15 0.16 0.17 0.18 0.19 0.2 0.21 0.22 0.23 0.24 0.25 0.26 0.27 0.28 0.29 0.3 0.31 0.3991 0.3969 0.4774 0.4383 0.4107 0.489 0.4729 0.4429 0.4751 0.5004 0.4659 0.4613 0.512 0.5004 0.4867 0.5051 0.5558 0.5281 0.5304 0.6088 0.4361 0.4292 0.3991 0.4408 0.4732 0.4384 0.4454 0.5079 0.4801 0.4639 0.5126 0.5194 0.4963 0.5126 0.5588 0.531 0.5287 0.5727 0.5889 0.5681 0.4358 0.3966 0.4127 0.4703 0.4289 0.4197 0.4911 0.4658 0.445 0.475 0.4958 0.4727 0.4796 0.5142 0.505 0.505 0.5464 0.5672 0.5464 0.5557
0.6249 0.0 0.0923 0.13 0.14 0.15 0.16 0.17 0.18 0.19 0.2 0.21 0.22 0.23 0.24 0.25 0.26 0.27 0.28 0.29 0.3 0.31 0.32 0.3969 0.4774 0.4383 0.4107 0.489 0.4729 0.4429 0.4751 0.5004 0.4659 0.4613 0.512 0.5004 0.4867 0.5051 0.5558 0.5281 0.5304 0.6088 0.5811 0.4292 0.3991 0.4408 0.4732 0.4384 0.4454 0.5079 0.4801 0.4639 0.5126 0.5194 0.4963 0.5126 0.5588 0.531 0.5287 0.5727 0.5889 0.5681 0.5889 0.3966 0.4127 0.4703 0.4289 0.4197 0.4911 0.4658 0.445 0.475 0.4958 0.4727 0.4796 0.5142 0.505 0.505 0.5464 0.5672 0.5464 0.5557 0.618
0.6157 0.0 0.0307 0.14 0.15 0.16 0.17 0.18 0.19 0.2 0.21 0.22 0.23 0.24 0.25 0.26 0.27 0.28 0.29 0.3 0.31 0.32 0.33 0.4774 0.4383 0.4107 0.489 0.4729 0.4429 0.4751 0.5004 0.4659 0.4613 0.512 0.5004 0.4867 0.5051 0.5558 0.5281 0.5304 0.6088 0.5811 0.5719 0.3991 0.4408 0.4732 0.4384 0.4454 0.5079 0.4801 0.4639 0.5126 0.5194 0.4963 0.5126 0.5588 0.531 0.5287 0.5727 0.5889 0.5681 0.5889 0.6259 0.4127 0.4703 0.4289 0.4197 0.4911 0.4658 0.445 0.475 0.4958 0.4727 0.4796 0.5142 0.505 0.505 0.5464 0.5672 0.5464 0.5557 0.618 0.5811
0.5834 0.0 0.1767 0.15 0.16 0.17 0.18 0.19 0.2 0.21 0.22 0.23 0.24 0.25 0.26 0.27 0.28 0.29 0.3 0.31 0.32 0.33 0.34 0.4383 0.4107 0.489 0.4729 0.4429 0.4751 0.5004 0.4659 0.4613 0.512 0.5004 0.4867 0.5051 0.5558 0.5281 0.5304 0.6088 0.5811 0.5719 0.6249 0.4408 0.4732 0.4384 0.4454 0.5079 0.4801 0.4639 0.5126 0.5194 0.4963 0.5126 0.5588 0.531 0.5287 0.5727 0.5889 0.5681 0.5889 0.6259 0.5936 0.4703 0.4289 0.4197 0.4911 0.4658 0.445 0.475 0.4958 0.4727 0.4796 0.5142 0.505 0.505 0.5464 0.5672 0.5464 0.5557 0.618 0.5811 0.5696
0.8091 0.0 0.0307 0.16 0.17 0.18 0.19 0.2 0.21 0.22 0.23 0.24 0.25 0.26 0.27 0.28 0.29 0.3 0.31 0.32 0.33 0.34 0.35 0.4107 0.489 0.4729 0.4429 0.4751 0.5004 0.4659 0.4613 0.512 0.5004 0.4867 0.5051 0.5558 0.5281 0.5304 0.6088 0.5811 0.5719 0.6249 0.6157 0.4732 0.4384 0.4454 0.5079 0.4801 0.4639 0.5126 0.5194 0.4963 0.5126 0.5588 0.531 0.5287 0.5727 0.5889 0.5681 0.5889 0.6259 0.5936 0.5936 0.4289 0.4197 0.4911 0.4658 0.445 0.475 0.4958 0.4727 0.4796 0.5142 0.505 0.505 0.5464 0.5672 0.5464 0.5557 0.618 0.5811 0.5696 0.6341
0.8091 0.0 0.1077 0.17 0.18 0.19 0.2 0.21 0.22 0.23 0.24 0.25 0.26 0.27 0.28 0.29 0.3 0.31 0.32 0.33 0.34 0.35 0.36 0.489 0.4729 0.4429 0.4751 0.5004 0.4659 0.4613 0.512 0.5004 0.4867 0.5051 0.5558 0.5281 0.5304 0.6088 0.5811 0.5719 0.6249 0.6157 0.5834 0.4384 0.4454 0.5079 0.4801 0.4639 0.5126 0.5194 0.4963 0.5126 0.5588 0.531 0.5287 0.5727 0.5889 0.5681 0.5889 0.6259 0.5936 0.5936 0.6329 0.4197 0.4911 0.4658 0.445 0.475 0.4958 0.4727 0.4796 0.5142 0.505 0.505 0.5464 0.5672 0.5464 0.5557 0.618 0.5811 0.5696 0.6341 0.6019
0.8091 1.0 0.7523 0.18 0.19 0.2 0.21 0.22 0.23 0.24 0.25 0.26 0.27 0.28 0.29 0.3 0.31 0.32 0.33 0.34 0.35 0.36 0.37 0.4729 0.4429 0.4751 0.5004 0.4659 0.4613 0.512 0.5004 0.4867 0.5051 0.5558 0.5281 0.5304 0.6088 0.5811 0.5719 0.6249 0.6157 0.5834 0.8091 0.4454 0.5079 0.4801 0.4639 0.5126 0.5194 0.4963 0.5126 0.5588 0.531 0.5287 0.5727 0.5889 0.5681 0.5889 0.6259 0.5936 0.5936 0.6329 0.5981 0.4911 0.4658 0.445 0.475 0.4958 0.4727 0.4796 0.5142 0.505 0.505 0.5464 0.5672 0.5464 0.5557 0.618 0.5811 0.5696 0.6341 0.6019 0.5834
0.8091 1.0 0.0 0.19 0.2 0.21 0.22 0.23 0.24 0.25 0.26 0.27 0.28 0.29 0.3 0.31 0.32 0.33 0.34 0.35 0.36 0.37 0.38 0.4429 0.4751 0.5004 0.4659 0.4613 0.512 0.5004 0.4867 0.5051 0.5558 0.5281 0.5304 0.6088 0.5811 0.5719 0.6249 0.6157 0.5834 0.8091 0.8091 0.5079 0.4801 0.4639 0.5126 0.5194 0.4963 0.5126 0.5588 0.531 0.5287 0.5727 0.5889 0.5681 0.5889 0.6259 0.5936 0.5936 0.6329 0.5981 0.5866 0.4658 0.445 0.475 0.4958 0.4727 0.4796 0.5142 0.505 0.505 0.5464 0.5672 0.5464 0.5557 0.618 0.5811 0.5696 0.6341 0.6019 0.5834 0.6433
0.8091 1.0 0.0 0.2 0.21 0.22 0.23 0.24 0.25 0.26 0.27 0.28 0.29 0.3 0.31 0.32 0.33 0.34 0.35 0.36 0.37 0.38 0.39 0.4751 0.5004 0.4659 0.4613 0.512 0.5004 0.4867 0.5051 0.5558 0.5281 0.5304 0.6088 0.5811 0.5719 0.6249 0.6157 0.5834 0.8091 0.8091 0.8091 0.4801 0.4639 0.5126 0.5194 0.4963 0.5126 0.5588 0.531 0.5287 0.5727 0.5889 0.5681 0.5889 0.6259 0.5936 0.5936 0.6329 0.5981 0.5866 0.6374 0.445 0.475 0.4958 0.4727 0.4796 0.5142 0.505 0.505 0.5464 0.5672 0.5464 0.5557 0.618 0.5811 0.5696 0.6341 0.6019 0.5834 0.6433 0.618
0.8091 1.0 0.0 0.21 0.22 0.23 0.24 0.25 0.26 0.27 0.28 0.29 0.3 0.31 0.32 0.33 0.34 0.35 0.36 0.37 0.38 0.39 0.4 0.5004 0.4659 0.4613 0.512 0.5004 0.4867 0.5051 0.5558 0.5281 0.5304 0.6088 0.5811 0.5719 0.6249 0.6157 0.5834 0.8091 0.8091 0.8091 0.8091 0.4639 0.5126 0.5194 0.4963 0.5126 0.5588 0.531 0.5287 0.5727 0.5889 0.5681 0.5889 0.6259 0.5936 0.5936 0.6329 0.5981 0.5866 0.6374 0.612 0.475 0.4958 0.4727 0.4796 0.5142 0.505 0.505 0.5464 0.5672 0.5464 0.5557 0.618 0.5811 0.5696 0.6341 0.6019 0.5834 0.6433 0.618 0.588
0.8091 1.0 0.0 0.22 0.23 0.24 0.25 0.26 0.27 0.28 0.29 0.3 0.31 0.32 0.33 0.34 0.35 0.36 0.37 0.38 0.39 0.4 0.41 0.4659 0.4613 0.512 0.5004 0.4867 0.5051 0.5558 0.5281 0.5304 0.6088 0.5811 0.5719 0.6249 0.6157 0.5834 0.8091 0.8091 0.8091 0.8091 0.8091 0.5126 0.5194 0.4963 0.5126 0.5588 0.531 0.5287 0.5727 0.5889 0.5681 0.5889 0.6259 0.5936 0.5936 0.6329 0.5981 0.5866 0.6374 0.612 0.5981 0.4958 0.4727 0.4796 0.5142 0.505 0.505 0.5464 0.5672 0.5464 0.5557 0.618 0.5811 0.5696 0.6341 0.6019 0.5834 0.6433 0.618 0.588 0.6388
0.8091 1.0 0.0 0.23 0.24 0.25 0.26 0.27 0.28 0.29 0.3 0.31 0.32 0.33 0.34 0.35 0.36 0.37 0.38 0.39 0.4 0.41 0.42 0.4613 0.512 0.5004 0.4867 0.5051 0.5558 0.5281 0.5304 0.6088 0.5811 0.5719 0.6249 0.6157 0.5834 0.8091 0.8091 0.8091 0.8091 0.8091 0.8091 0.5194 0.4963 0.5126 0.5588 0.531 0.5287 0.5727 0.5889 0.5681 0.5889 0.6259 0.5936 0.5936 0.6329 0.5981 0.5866 0.6374 0.612 0.5981 0.6537 0.4727 0.4796 0.5142 0.505 0.505 0.5464 0.5672 0.5464 0.5557 0.618 0.5811 0.5696 0.6341 0.6019 0.5834 0.6433 0.618 0.588 0.6388 0.6341
0.8091 1.0 0.0 0.24 0.25 0.26 0.27 0.28 0.29 0.3 0.31 0.32 0.33 0.34 0.35 0.36 0.37 0.38 0.39 0.4 0.41 0.42 0.43 0.512 0.5004 0.4867 0.5051 0.5558 0.5281 0.5304 0.6088 0.5811 0.5719 0.6249 0.6157 0.5834 0.8091 0.8091 0.8091 0.8091 0.8091 0.8091 0.8091 0.4963 0.5126 0.5588 0.531 0.5287 0.5727 0.5889 0.5681 0.5889 0.6259 0.5936 0.5936 0.6329 0.5981 0.5866 0.6374 0.612 0.5981 0.6537 0.6329 0.4796 0.5142 0.505 0.505 0.5464 0.5672 0.5464 0.5557 0.618 0.5811 0.5696 0.6341 0.6019 0.5834 0.6433 0.618 0.588 0.6388 0.6341 0.6111
0.8091 1.0 0.0 0.25 0.26 0.27 0.28 0.29 0.3 0.31 0.32 0.33 0.34 0.35 0.36 0.37 0.38 0.39 0.4 0.41 0.42 0.43 0.44 0.5004 0.4867 0.5051 0.5558 0.5281 0.5304 0.6088 0.5811 0.5719 0.6249 0.6157 0.5834 0.8091 0.8091 0.8091 0.8091 0.8091 0.8091 0.8091 0.8091 0.5126 0.5588 0.531 0.5287 0.5727 0.5889 0.5681 0.5889 0.6259 0.5936 0.5936 0.6329 0.5981 0.5866 0.6374 0.612 0.5981 0.6537 0.6329 0.6143 0.5142 0.505 0.505 0.5464 0.5672 0.5464 0.5557 0.618 0.5811 0.5696 0.6341 0.6019 0.5834 0.6433 0.618 0.588 0.6388 0.6341 0.6111 0.6549
0.8091 1.0 0.0 0.26 0.27 0.28 0.29 0.3 0.31 0.32 0.33 0.34 0.35 0.36 0.37 0.38 0.39 0.4 0.41 0.42 0.43 0.44 0.45 0.4867 0.5051 0.5558 0.5281 0.5304 0.6088 0.5811 0.5719 0.6249 0.6157 0.5834 0.8091 0.8091 0.8091 0.8091 0.8091 0.8091 0.8091 0.8091 0.8091 0.5588 0.531 0.5287 0.5727 0.5889 0.5681 0.5889 0.6259 0.5936 0.5936 0.6329 0.5981 0.5866 0.6374 0.612 0.5981 0.6537 0.6329 0.6143 0.6652 0.505 0.505 0.5464 0.5672 0.5464 0.5557 0.618 0.5811 0.5696 0.6341 0.6019 0.5834 0.6433 0.618 0.588 0.6388 0.6341 0.6111 0.6549 0.6664
0.8091 1.0 0.0 0.27 0.28 0.29 0.3 0.31 0.32 0.33 0.34 0.35 0.36 0.37 0.38 0.39 0.4 0.41 0.42 0.43 0.44 0.45 0.46 0.5051 0.5558 0.5281 0.5304 0.6088 0.5811 0.5719 0.6249 0.6157 0.5834 0.8091 0.8091 0.8091 0.8091 0.8091 0.8091 0.8091 0.8091 0.8091 0.8091 0.531 0.5287 0.5727 0.5889 0.5681 0.5889 0.6259 0.5936 0.5936 0.6329 0.5981 0.5866 0.6374 0.612 0.5981 0.6537 0.6329 0.6143 0.6652 0.6583 0.505 0.5464 0.5672 0.5464 0.5557 0.618 0.5811 0.5696 0.6341 0.6019 0.5834 0.6433 0.618 0.588 0.6388 0.6341 0.6111 0.6549 0.6664 0.6296
0.8091 1.0 0.0 0.28 0.29 0.3 0.31 0.32 0.33 0.34 0.35 0.36 0.37 0.38 0.39 0.4 0.41 0.42 0.43 0.44 0.45 0.46 0.47 0.5558 0.5281 0.5304 0.6088 0.5811 0.5719 0.6249 0.6157 0.5834 0.8091 0.8091 0.8091 0.8091 0.8091 0.8091 0.8091 0.8091 0.8091 0.8091 0.8091 0.5287 0.5727 0.5889 0.5681 0.5889 0.6259 0.5936 0.5936 0.6329 0.5981 0.5866 0.6374 0.612 0.5981 0.6537 0.6329 0.6143 0.6652 0.6583 0.6398 0.5464 0.5672 0.5464 0.5557 0.618 0.5811 0.5696 0.6341 0.6019 0.5834 0.6433 0.618 0.588 0.6388 0.6341 0.6111 0.6549 0.6664 0.6296 0.6526
0.8091 1.0 0.0 0.29 0.3 0.31 0.32 0.33 0.34 0.35 0.36 0.37 0.38 0.39 0.4 0.41 0.42 0.43 0.44 0.45 0.46 0.47 0.48 0.5281 0.5304 0.6088 0.5811 0.5719 0.6249 0.6157 0.5834 0.8091 0.8091 0.8091 0.8091 0.8091 0.8091 0.8091 0.8091 0.8091 0.8091 0.8091 0.8091 0.5727 0.5889 0.5681 0.5889 0.6259 0.5936 0.5936 0.6329 0.5981 0.5866 0.6374 0.612 0.5981 0.6537 0.6329 0.6143 0.6652 0.6583 0.6398 0.6769 0.5672 0.5464 0.5557 0.618 0.5811 0.5696 0.6341 0.6019 0.5834 0.6433 0.618 0.588 0.6388 0.6341 0.6111 0.6549 0.6664 0.6296 0.6526 0.6896
0.8091 1.0 0.0 0.3 0.31 0.32 0.33 0.34 0.35 0.36 0.37 0.38 0.39 0.4 0.41 0.42 0.43 0.44 0.45 0.46 0.47 0.48 0.49 0.5304 0.6088 0.5811 0.5719 0.6249 0.6157 0.5834 0.8091 0.8091 0.8091 0.8091 0.8091 0.8091 0.8091 0.8091 0.8091 0.8091 0.8091 0.8091 0.8091 0.5889 0.5681 0.5889 0.6259 0.5936 0.5936 0.6329 0.5981 0.5866 0.6374 0.612 0.5981 0.6537 0.6329 0.6143 0.6652 0.6583 0.6398 0.6769 0.6861 0.5464 0.5557 0.618 0.5811 0.5696 0.6341 0.6019 0.5834 0.6433 0.618 0.588 0.6388 0.6341 0.6111 0.6549 0.6664 0.6296 0.6526 0.6896 0.6457
0.8091 1.0 0.0 0.31 0.32 0.33 0.34 0.35 0.36 0.37 0.38 0.39 0.4 0.41 0.42 0.43 0.44 0.45 0.46 0.47 0.48 0.49 0.5 0.6088 0.5811 0.5719 0.6249 0.6157 0.5834 0.8091 0.8091 0.8091 0.8091 0.8091 0.8091 0.8091 0.8091 0.8091 0.8091 0.8091 0.8091 0.8091 0.8091 0.5681 0.5889 0.6259 0.5936 0.5936 0.6329 0.5981 0.5866 0.6374 0.612 0.5981 0.6537 0.6329 0.6143 0.6652 0.6583 0.6398 0.6769 0.6861 0.6513 0.5557 0.618 0.5811 0.5696 0.6341 0.6019 0.5834 0.6433 0.618 0.588 0.6388 0.6341 0.6111 0.6549 0.6664 0.6296 0.6526 0.6896 0.6457 0.6503
0.8091 1.0 0.0 0.32 0.33 0.34 0.35 0.36 0.37 0.38 0.39 0.4 0.41 0.42 0.43 0.44 0.45 0.46 0.47 0.48 0.49 0.5 0.51 0.5811 0.5719 0.6249 0.6157 0.5834 0.8091 0.8091 0.8091 0.8091 0.8091 0.8091 0.8091 0.8091 0.8091 0.8091 0.8091 0.8091 0.8091 0.8091 0.8091 0.5889 0.6259 0.5936 0.5936 0.6329 0.5981 0.5866 0.6374 0.612 0.5981 0.6537 0.6329 0.6143 0.6652 0.6583 0.6398 0.6769 0.6861 0.6513 0.6722 0.618 0.5811 0.5696 0.6341 0.6019 0.5834 0.6433 0.618 0.588 0.6388 0.6341 0.6111 0.6549 0.6664 0.6296 0.6526 0.6896 0.6457 0.6503 0.7102
0.8091 1.0 0.0 0.33 0.34 0.35 0.36 0.37 0.38 0.39 0.4 0.41 0.42 0.43 0.44 0.45 0.46 0.47 0.48 0.49 0.5 0.51 0.52 0.5719 0.6249 0.6157 0.5834 0.8091 0.8091 0.8091 0.8091 0.8091 0.8091 0.8091 0.8091 0.8091 0.8091 0.8091 0.8091 0.8091 0.8091 0.8091 0.8091 0.6259 0.5936 0.5936 0.6329 0.5981 0.5866 0.6374 0.612 0.5981 0.6537 0.6329 0.6143 0.6652 0.6583 0.6398 0.6769 0.6861 0.6513 0.6722 0.7047 0.5811 0.5696 0.6341 0.6019 0.5834 0.6433 0.618 0.588 0.6388 0.6341 0.6111 0.6549 0.6664 0.6296 0.6526 0.6896 0.6457 0.6503 0.7102 0.6596
0.8091 1.0 0.0 0.34 0.35 0.36 0.37 0.38 0.39 0.4 0.41 0.42 0.43 0.44 0.45 0.46 0.47 0.48 0.49 0.5 0.51 0.52 0.53 0.6249 0.6157 0.5834 0.8091 0.8091 0.8091 0.8091 0.8091 0.8091 0.8091 0.8091 0.8091 0.8091 0.8091 0.8091 0.8091 0.8091 0.8091 0.8091 0.8091 0.5936 0.5936 0.6329 0.5981 0.5866 0.6374 0.612 0.5981 0.6537 0.6329 0.6143 0.6652 0.6583 0.6398 0.6769 0.6861 0.6513 0.6722 0.7047 0.6652 0.5696 0.6341 0.6019 0.5834 0.6433 0.618 0.588 0.6388 0.6341 0.6111 0.6549 0.6664 0.6296 0.6526 0.6896 0.6457 0.6503 0.7102 0.6596 0.6388
0.8091 1.0 0.0 0.35 0.36 0.37 0.38 0.39 0.4 0.41 0.42 0.43 0.44 0.45 0.46 0.47 0.48 0.49 0.5 0.51 0.52 0.53 0.54 0.6157 0.5834 0.8091 0.8091 0.8091 0.8091 0.8091 0.8091 0.8091 0.8091 0.8091 0.8091 0.8091 0.8091 0.8091 0.8091 0.8091 0.8091 0.8091 0.8091 0.5936 0.6329 0.5981 0.5866 0.6374 0.612 0.5981 0.6537 0.6329 0.6143 0.6652 0.6583 0.6398 0.6769 0.6861 0.6513 0.6722 0.7047 0.6652 0.663 0.6341 0.6019 0.5834 0.6433 0.618 0.588 0.6388 0.6341 0.6111 0.6549 0.6664 0.6296 0.6526 0.6896 0.6457 0.6503 0.7102 0.6596 0.6388 0.7102
0.8091 1.0 0.0 0.36 0.37 0.38 0.39 0.4 0.41 0.42 0.43 0.44 0.45 0.46 0.47 0.48 0.49 0.5 0.51 0.52 0.53 0.54 0.55 0.5834 0.8091 0.8091 0.8091 0.8091 0.8091 0.8091 0.8091 0.8091 0.8091 0.8091 0.8091 0.8091 0.8091 0.8091 0.8091 0.8091 0.8091 0.8091 0.8091 0.6329 0.5981 0.5866 0.6374 0.612 0.5981 0.6537 0.6329 0.6143 0.6652 0.6583 0.6398 0.6769 0.6861 0.6513 0.6722 0.7047 0.6652 0.663 0.7186 0.6019 0.5834 0.6433 0.618 0.588 0.6388 0.6341 0.6111 0.6549 0.6664 0.6296 0.6526 0.6896 0.6457 0.6503 0.7102 0.6596 0.6388 0.7102 0.6688
0.8091 1.0 0.0 0.37 0.38 0.39 0.4 0.41 0.42 0.43 0.44 0.45 0.46 0.47 0.48 0.49 0.5 0.51 0.52 0.53 0.54 0.55 0.56 0.8091 0.8091 0.8091 0.8091 0.8091 0.8091 0.8091 0.8091 0.8091 0.8091 0.8091 0.8091 0.8091 0.8091 0.8091 0.8091 0.8091 0.8091 0.8091 0.8091 0.5981 0.5866 0.6374 0.612 0.5981 0.6537 0.6329 0.6143 0.6652 0.6583 0.6398 0.6769 0.6861 0.6513 0.6722 0.7047 0.6652 0.663 0.7186 0.6722 0.5834 0.6433 0.618 0.588 0.6388 0.6341 0.6111 0.6549 0.6664 0.6296 0.6526 0.6896 0.6457 0.6503 0.7102 0.6596 0.6388 0.7102 0.6688 0.6319
0.8091 1.0 0.0 0.38 0.39 0.4 0.41 0.42 0.43 0.44 0.45 0.46 0.47 0.48 0.49 0.5 0.51 0.52 0.53 0.54 0.55 0.56 0.57 0.8091 0.8091 0.8091 0.8091 0.8091 0.8091 0.8091 0.8091 0.8091 0.8091 0.8091 0.8091 0.8091 0.8091 0.8091 0.8091 0.8091 0.8091 0.8091 0.8091 0.5866 0.6374 0.612 0.5981 0.6537 0.6329 0.6143 0.6652 0.6583 0.6398 0.6769 0.6861 0.6513 0.6722 0.7047 0.6652 0.663 0.7186 0.6722 0.6468 0.6433 0.618 0.588 0.6388 0.6341 0.6111 0.6549 0.6664 0.6296 0.6526 0.6896 0.6457 0.6503 0.7102 0.6596 0.6388 0.7102 0.6688 0.6319 0.6872
0.8091 1.0 0.0 0.39 0.4 0.41 0.42 0.43 0.44 0.45 0.46 0.47 0.48 0.49 0.5 0.51 0.52 0.53 0.54 0.55 0.56 0.57 0.58 0.8091 0.8091 0.8091 0.8091 0.8091 0.8091 0.8091 0.8091 0.8091 0.8091 0.8091 0.8091 0.8091 0.8091 0.8091 0.8091 0.8091 0.8091 0.8091 0.8091 0.6374 0.612 0.5981 0.6537 0.6329 0.6143 0.6652 0.6583 0.6398 0.6769 0.6861 0.6513 0.6722 0.7047 0.6652 0.663 0.7186 0.6722 0.6468 0.7047 0.618 0.588 0.6388 0.6341 0.6111 0.6549 0.6664 0.6296 0.6526 0.6896 0.6457 0.6503 0.7102 0.6596 0.6388 0.7102 0.6688 0.6319 0.6872 0.671
0.8091 1.0 0.0 0.4 0.41 0.42 0.43 0.44 0.45 0.46 0.47 0.48 0.49 0.5 0.51 0.52 0.53 0.54 0.55 0.56 0.57 0.58 0.59 0.8091 0.8091 0.8091 0.8091 0.8091 0.8091 0.8091 0.8091 0.8091 0.8091 0.8091 0.8091 0.8091 0.8091 0.8091 0.8091 0.8091 0.8091 0.8091 0.8091 0.612 0.5981 0.6537 0.6329 0.6143 0.6652 0.6583 0.6398 0.6769 0.6861 0.6513 0.6722 0.7047 0.6652 0.663 0.7186 0.6722 0.6468 0.7047 0.6746 0.588 0.6388 0.6341 0.6111 0.6549 0.6664 0.6296 0.6526 0.6896 0.6457 0.6503 0.7102 0.6596 0.6388 0.7102 0.6688 0.6319 0.6872 0.671 0.6296
0.8091 1.0 0.0 0.41 0.42 0.43 0.44 0.45 0.46 0.47 0.48 0.49 0.5 0.51 0.52 0.53 0.54 0.55 0.56 0.57 0.58 0.59 0.6 0.8091 0.8091 0.8091 0.8091 0.8091 0.8091 0.8091 0.8091 0.8091 0.8091 0.8091 0.8091 0.8091 0.8091 0.8091 0.8091 0.8091 0.8091 0.8091 0.8091 0.5981 0.6537 0.6329 0.6143 0.6652 0.6583 0.6398 0.6769 0.6861 0.6513 0.6722 0.7047 0.6652 0.663 0.7186 0.6722 0.6468 0.7047 0.6746 0.6398 0.6388 0.6341 0.6111 0.6549 0.6664 0.6296 0.6526 0.6896 0.6457 0.6503 0.7102 0.6596 0.6388 0.7102 0.6688 0.6319 0.6872 0.671 0.6296 0.6503
0.8091 1.0 0.0 0.42 0.43 0.44 0.45 0.46 0.47 0.48 0.49 0.5 0.51 0.52 0.53 0.54 0.55 0.56 0.57 0.58 0.59 0.6 0.61 0.8091 0.8091 0.8091 0.8091 0.8091 0.8091 0.8091 0.8091 0.8091 0.8091 0.8091 0.8091 0.8091 0.8091 0.8091 0.8091 0.8091 0.8091 0.8091 0.8091 0.6537 0.6329 0.6143 0.6652 0.6583 0.6398 0.6769 0.6861 0.6513 0.6722 0.7047 0.6652 0.663 0.7186 0.6722 0.6468 0.7047 0.6746 0.6398 0.6861 0.6341 0.6111 0.6549 0.6664 0.6296 0.6526 0.6896 0.6457 0.6503 0.7102 0.6596 0.6388 0.7102 0.6688 0.6319 0.6872 0.671 0.6296 0.6503 0.6688
0.8091 1.0 0.0 0.43 0.44 0.45 0.46 0.47 0.48 0.49 0.5 0.51 0.52 0.53 0.54 0.55 0.56 0.57 0.58 0.59 0.6 0.61 0.62 0.8091 0.8091 0.8091 0.8091 0.8091 0.8091 0.8091 0.8091 0.8091 0.8091 0.8091 0.8091 0.8091 0.8091 0.8091 0.8091 0.8091 0.8091 0.8091 0.8091 0.6329 0.6143 0.6652 0.6583 0.6398 0.6769 0.6861 0.6513 0.6722 0.7047 0.6652 0.663 0.7186 0.6722 0.6468 0.7047 0.6746 0.6398 0.6861 0.6746 0.6111 0.6549 0.6664 0.6296 0.6526 0.6896 0.6457 0.6503 0.7102 0.6596 0.6388 0.7102 0.6688 0.6319 0.6872 0.671 0.6296 0.6503 0.6688 0.6296
0.8091 1.0 0.0 0.44 0.45 0.46 0.47 0.48 0.49 0.5 0.51 0.52 0.53 0.54 0.55 0.56 0.57 0.58 0.59 0.6 0.61 0.62 0.63 0.8091 0.8091 0.8091 0.8091 0.8091 0.8091 0.8091 0.8091 0.8091 0.8091 0.8091 0.8091 0.8091 0.8091 0.8091 0.8091 0.8091 0.8091 0.8091 0.8091 0.6143 0.6652 0.6583 0.6398 0.6769 0.6861 0.6513 0.6722 0.7047 0.6652 0.663 0.7186 0.6722 0.6468 0.7047 0.6746 0.6398 0.6861 0.6746 0.6398 0.6549 0.6664 0.6296 0.6526 0.6896 0.6457 0.6503 0.7102 0.6596 0.6388 0.7102 0.6688 0.6319 0.6872 0.671 0.6296 0.6503 0.6688 0.6296 0.6249
0.8091 1.0 0.0 0.45 0.46 0.47 0.48 0.49 0.5 0.51 0.52 0.53 0.54 0.55 0.56 0.57 0.58 0.59 0.6 0.61 0.62 0.63 0.64 0.8091 0.8091 0.8091 0.8091 0.8091 0.8091 0.8091 0.8091 0.8091 0.8091 0.8091 0.8091 0.8091 0.8091 0.8091 0.8091 0.8091 0.8091 0.8091 0.8091 0.6652 0.6583 0.6398 0.6769 0.6861 0.6513 0.6722 0.7047 0.6652 0.663 0.7186 0.6722 0.6468 0.7047 0.6746 0.6398 0.6861 0.6746 0.6398 0.6513 0.6664 0.6296 0.6526 0.6896 0.6457 0.6503 0.7102 0.6596 0.6388 0.7102 0.6688 0.6319 0.6872 0.671 0.6296 0.6503 0.6688 0.6296 0.6249 0.6526
0.8091 1.0 0.0 0.46 0.47 0.48 0.49 0.5 0.51 0.52 0.53 0.54 0.55 0.56 0.57 0.58 0.59 0.6 0.61 0.62 0.63 0.64 0.65 0.8091 0.8091 0.8091 0.8091 0.8091 0.8091 0.8091 0.8091 0.8091 0.8091 0.8091 0.8091 0.8091 0.8091 0.8091 0.8091 0.8091 0.8091 0.8091 0.8091 0.6583 0.6398 0.6769 0.6861 0.6513 0.6722 0.7047 0.6652 0.663 0.7186 0.6722 0.6468 0.7047 0.6746 0.6398 0.6861 0.6746 0.6398 0.6513 0.6791 0.6296 0.6526 0.6896 0.6457 0.6503 0.7102 0.6596 0.6388 0.7102 0.6688 0.6319 0.6872 0.671 0.6296 0.6503 0.6688 0.6296 0.6249 0.6526 0.6203
0.8091 1.0 0.0 0.47 0.48 0.49 0.5 0.51 0.52 0.53 0.54 0.55 0.56 0.57 0.58 0.59 0.6 0.61 0.62 0.63 0.64 0.65 0.66 0.8091 0.8091 0.8091 0.8091 0.8091 0.8091 0.8091 0.8091 0.8091 0.8091 0.8091 0.8091 0.8091 0.8091 0.8091 0.8091 0.8091 0.8091 0.8091 0.8091 0.6398 0.6769 0.6861 0.6513 0.6722 0.7047 0.6652 0.663 0.7186 0.6722 0.6468 0.7047 0.6746 0.6398 0.6861 0.6746 0.6398 0.6513 0.6791 0.6421 0.6526 0.6896 0.6457 0.6503 0.7102 0.6596 0.6388 0.7102 0.6688 0.6319 0.6872 0.671 0.6296 0.6503 0.6688 0.6296 0.6249 0.6526 0.6203 0.5972
0.8091 1.0 0.0 0.48 0.49 0.5 0.51 0.52 0.53 0.54 0.55 0.56 0.57 0.58 0.59 0.6 0.61 0.62 0.63 0.64 0.65 0.66 0.67 0.8091 0.8091 0.8091 0.8091 0.8091 0.8091 0.8091 0.8091 0.8091 0.8091 0.8091 0.8091 0.8091 0.8091 0.8091 0.8091 0.8091 0.8091 0.8091 0.8091 0.6769 0.6861 0.6513 0.6722 0.7047 0.6652 0.663 0.7186 0.6722 0.6468 0.7047 0.6746 0.6398 0.6861 0.6746 0.6398 0.6513 0.6791 0.6421 0.6306 0.6896 0.6457 0.6503 0.7102 0.6596 0.6388 0.7102 0.6688 0.6319 0.6872 0.671 0.6296 0.6503 0.6688 0.6296 0.6249 0.6526 0.6203 0.5972 0.6341
0.8091 1.0 0.0 0.49 0.5 0.51 0.52 0.53 0.54 0.55 0.56 0.57 0.58 0.59 0.6 0.61 0.62 0.63 0.64 0.65 0.66 0.67 0.68 0.8091 0.8091 0.8091 0.8091 0.8091 0.8091 0.8091 0.8091 0.8091 0.8091 0.8091 0.8091 0.8091 0.8091 0.8091 0.8091 0.8091 0.8091 0.8091 0.8091 0.6861 0.6513 0.6722 0.7047 0.6652 0.663 0.7186 0.6722 0.6468 0.7047 0.6746 0.6398 0.6861 0.6746 0.6398 0.6513 0.6791 0.6421 0.6306 0.656 0.6457 0.6503 0.7102 0.6596 0.6388 0.7102 0.6688 0.6319 0.6872 0.671 0.6296 0.6503 0.6688 0.6296 0.6249 0.6526 0.6203 0.5972 0.6341 0.618
0.8091 1.0 0.0 0.5 0.51 0.52 0.53 0.54 0.55 0.56 0.57 0.58 0.59 0.6 0.61 0.62 0.63 0.64 0.65 0.66 0.67 0.68 0.69 0.8091 0.8091 0.8091 0.8091 0.8091 0.8091 0.8091 0.8091 0.8091 0.8091 0.8091 0.8091 0.8091 0.8091 0.8091 0.8091 0.8091 0.8091 0.8091 0.8091 0.6513 0.6722 0.7047 0.6652 0.663 0.7186 0.6722 0.6468 0.7047 0.6746 0.6398 0.6861 0.6746 0.6398 0.6513 0.6791 0.6421 0.6306 0.656 0.6468 0.6503 0.7102 0.6596 0.6388 0.7102 0.6688 0.6319 0.6872 0.671 0.6296 0.6503 0.6688 0.6296 0.6249 0.6526 0.6203 0.5972 0.6341 0.618 0.5996
0.8091 1.0 0.0 0.51 0.52 0.53 0.54 0.55 0.56 0.57 0.58 0.59 0.6 0.61 0.62 0.63 0.64 0.65 0.66 0.67 0.68 0.69 0.7 0.8091 0.8091 0.8091 0.8091 0.8091 0.8091 0.8091 0.8091 0.8091 0.8091 0.8091 0.8091 0.8091 0.8091 0.8091 0.8091 0.8091 0.8091 0.8091 0.8091 0.6722 0.7047 0.6652 0.663 0.7186 0.6722 0.6468 0.7047 0.6746 0.6398 0.6861 0.6746 0.6398 0.6513 0.6791 0.6421 0.6306 0.656 0.6468 0.619 0.7102 0.6596 0.6388 0.7102 0.6688 0.6319 0.6872 0.671 0.6296 0.6503 0.6688 0.6296 0.6249 0.6526 0.6203 0.5972 0.6341 0.618 0.5996 0.5788
0.8091 1.0 0.0 0.52 0.53 0.54 0.55 0.56 0.57 0.58 0.59 0.6 0.61 0.62 0.63 0.64 0.65 0.66 0.67 0.68 0.69 0.7 0.71 0.8091 0.8091 0.8091 0.8091 0.8091 0.8091 0.8091 0.8091 0.8091 0.8091 0.8091 0.8091 0.8091 0.8091 0.8091 0.8091 0.8091 0.8091 0.8091 0.8091 0.7047 0.6652 0.663 0.7186 0.6722 0.6468 0.7047 0.6746 0.6398 0.6861 0.6746 0.6398 0.6513 0.6791 0.6421 0.6306 0.656 0.6468 0.619 0.5889 0.6596 0.6388 0.7102 0.6688 0.6319 0.6872 0.671 0.6296 0.6503 0.6688 0.6296 0.6249 0.6526 0.6203 0.5972 0.6341 0.618 0.5996 0.5788 0.5649
0.8091 1.0 0.0 0.53 0.54 0.55 0.56 0.57 0.58 0.59 0.6 0.61 0.62 0.63 0.64 0.65 0.66 0.67 0.68 0.69 0.7 0.71 0.72 0.8091 0.8091 0.8091 0.8091 0.8091 0.8091 0.8091 0.8091 0.8091 0.8091 0.8091 0.8091 0.8091 0.8091 0.8091 0.8091 0.8091 0.8091 0.8091 0.8091 0.6652 0.663 0.7186 0.6722 0.6468 0.7047 0.6746 0.6398 0.6861 0.6746 0.6398 0.6513 0.6791 0.6421 0.6306 0.656 0.6468 0.619 0.5889 0.5727 0.6388 0.7102 0.6688 0.6319 0.6872 0.671 0.6296 0.6503 0.6688 0.6296 0.6249 0.6526 0.6203 0.5972 0.6341 0.618 0.5996 0.5788 0.5649 0.5557
0.8091 1.0 0.0 0.54 0.55 0.56 0.57 0.58 0.59 0.6 0.61 0.62 0.63 0.64 0.65 0.66 0.67 0.68 0.69 0.7 0.71 0.72 0.73 0.8091 0.8091 0.8091 0.8091 0.8091 0.8091 0.8091 0.8091 0.8091 0.8091 0.8091 0.8091 0.8091 0.8091 0.8091 0.8091 0.8091 0.8091 0.8091 0.8091 0.663 0.7186 0.6722 0.6468 0.7047 0.6746 0.6398 0.6861 0.6746 0.6398 0.6513 0.6791 0.6421 0.6306 0.656 0.6468 0.619 0.5889 0.5727 0.5588 0.7102 0.6688 0.6319 0.6872 0.671 0.6296 0.6503 0.6688 0.6296 0.6249 0.6526 0.6203 0.5972 0.6341 0.618 0.5996 0.5788 0.5649 0.5557 0.5327
0.8091 1.0 0.0 0.55 0.56 0.57 0.58 0.59 0.6 0.61 0.62 0.63 0.64 0.65 0.66 0.67 0.68 0.69 0.7 0.71 0.72 0.73 0.74 0.8091 0.8091 0.8091 0.8091 0.8091 0.8091 0.8091 0.8091 0.8091 0.8091 0.8091 0.8091 0.8091 0.8091 0.8091 0.8091 0.8091 0.8091 0.8091 0.8091 0.7186 0.6722 0.6468 0.7047 0.6746 0.6398 0.6861 0.6746 0.6398 0.6513 0.6791 0.6421 0.6306 0.656 0.6468 0.619 0.5889 0.5727 0.5588 0.531 0.6688 0.6319 0.6872 0.671 0.6296 0.6503 0.6688 0.6296 0.6249 0.6526 0.6203 0.5972 0.6341 0.618 0.5996 0.5788 0.5649 0.5557 0.5327 0.5166
0.8091 1.0 0.0 0.56 0.57 0.58 0.59 0.6 0.61 0.62 0.63 0.64 0.65 0.66 0.67 0.68 0.69 0.7 0.71 0.72 0.73 0.74 0.75 0.8091 0.8091 0.8091 0.8091 0.8091 0.8091 0.8091 0.8091 0.8091 0.8091 0.8091 0.8091 0.8091 0.8091 0.8091 0.8091 0.8091 0.8091 0.8091 0.8091 0.6722 0.6468 0.7047 0.6746 0.6398 0.6861 0.6746 0.6398 0.6513 0.6791 0.6421 0.6306 0.656 0.6468 0.619 0.5889 0.5727 0.5588 0.531 0.5148 0.6319 0.6872 0.671 0.6296 0.6503 0.6688 0.6296 0.6249 0.6526 0.6203 0.5972 0.6341 0.618 0.5996 0.5788 0.5649 0.5557 0.5327 0.5166 0.5119
0.8091 1.0 0.0 0.57 0.58 0.59 0.6 0.61 0.62 0.63 0.64 0.65 0.66 0.67 0.68 0.69 0.7 0.71 0.72 0.73 0.74 0.75 0.76 0.8091 0.8091 0.8091 0.8091 0.8091 0.8091 0.8091 0.8091 0.8091 0.8091 0.8091 0.8091 0.8091 0.8091 0.8091 0.8091 0.8091 0.8091 0.8091 0.8091 0.6468 0.7047 0.6746 0.6398 0.6861 0.6746 0.6398 0.6513 0.6791 0.6421 0.6306 0.656 0.6468 0.619 0.5889 0.5727 0.5588 0.531 0.5148 0.5079 0.6872 0.671 0.6296 0.6503 0.6688 0.6296 0.6249 0.6526 0.6203 0.5972 0.6341 0.618 0.5996 0.5788 0.5649 0.5557 0.5327 0.5166 0.5119 0.4911
0.8091 1.0 0.0 0.58 0.59 0.6 0.61 0.62 0.63 0.64 0.65 0.66 0.67 0.68 0.69 0.7 0.71 0.72 0.73 0.74 0.75 0.76 0.77 0.8091 0.8091 0.8091 0.8091 0.8091 0.8091 0.8091 0.8091 0.8091 0.8091 0.8091 0.8091 0.8091 0.8091 0.8091 0.8091 0.8091 0.8091 0.8091 0.8091 0.7047 0.6746 0.6398 0.6861 0.6746 0.6398 0.6513 0.6791 0.6421 0.6306 0.656 0.6468 0.619 0.5889 0.5727 0.5588 0.531 0.5148 0.5079 0.4848 0.671 0.6296 0.6503 0.6688 0.6296 0.6249 0.6526 0.6203 0.5972 0.6341 0.618 0.5996 0.5788 0.5649 0.5557 0.5327 0.5166 0.5119 0.4911 0.4727
0.8091 1.0 0.0 0.59 0.6 0.61 0.62 0.63 0.64 0.65 0.66 0.67 0.68 0.69 0.7 0.71 0.72 0.73 0.74 0.75 0.76 0.77 0.78 0.8091 0.8091 0.8091 0.8091 0.8091 0.8091 0.8091 0.8091 0.8091 0.8091 0.8091 0.8091 0.8091 0.8091 0.8091 0.8091 0.8091 0.8091 0.8091 0.8091 0.6746 0.6398 0.6861 0.6746 0.6398 0.6513 0.6791 0.6421 0.6306 0.656 0.6468 0.619 0.5889 0.5727 0.5588 0.531 0.5148 0.5079 0.4848 0.4686 0.6296 0.6503 0.6688 0.6296 0.6249 0.6526 0.6203 0.5972 0.6341 0.618 0.5996 0.5788 0.5649 0.5557 0.5327 0.5166 0.5119 0.4911 0.4727 0.4727
0.8091 1.0 0.0 0.6 0.61 0.62 0.63 0.64 0.65 0.66 0.67 0.68 0.69 0.7 0.71 0.72 0.73 0.74 0.75 0.76 0.77 0.78 0.79 0.8091 0.8091 0.8091 0.8091 0.8091 0.8091 0.8091 0.8091 0.8091 0.8091 0.8091 0.8091 0.8091 0.8091 0.8091 0.8091 0.8091 0.8091 0.8091 0.8091 0.6398 0.6861 0.6746 0.6398 0.6513 0.6791 0.6421 0.6306 0.656 0.6468 0.619 0.5889 0.5727 0.5588 0.531 0.5148 0.5079 0.4848 0.4686 0.4662 0.6503 0.6688 0.6296 0.6249 0.6526 0.6203 0.5972 0.6341 0.618 0.5996 0.5788 0.5649 0.5557 0.5327 0.5166 0.5119 0.4911 0.4727 0.4727 0.4566
0.8091 1.0 0.0 0.61 0.62 0.63 0.64 0.65 0.66 0.67 0.68 0.69 0.7 0.71 0.72 0.73 0.74 0.75 0.76 0.77 0.78 0.79 0.8 0.8091 0.8091 0.8091 0.8091 0.8091 0.8091 0.8091 0.8091 0.8091 0.8091 0.8091 0.8091 0.8091 0.8091 0.8091 0.8091 0.8091 0.8091 0.8091 0.8091 0.6861 0.6746 0.6398 0.6513 0.6791 0.6421 0.6306 0.656 0.6468 0.619 0.5889 0.5727 0.5588 0.531 0.5148 0.5079 0.4848 0.4686 0.4662 0.4477 0.6688 0.6296 0.6249 0.6526 0.6203 0.5972 0.6341 0.618 0.5996 0.5788 0.5649 0.5557 0.5327 0.5166 0.5119 0.4911 0.4727 0.4727 0.4566 0.4381
0.8091 1.0 0.0 0.62 0.63 0.64 0.65 0.66 0.67 0.68 0.69 0.7 0.71 0.72 0.73 0.74 0.75 0.76 0.77 0.78 0.79 0.8 0.81 0.8091 0.8091 0.8091 0.8091 0.8091 0.8091 0.8091 0.8091 0.8091 0.8091 0.8091 0.8091 0.8091 0.8091 0.8091 0.8091 0.8091 0.8091 0.8091 0.8091 0.6746 0.6398 0.6513 0.6791 0.6421 0.6306 0.656 0.6468 0.619 0.5889 0.5727 0.5588 0.531 0.5148 0.5079 0.4848 0.4686 0.4662 0.4477 0.4292 0.6296 0.6249 0.6526 0.6203 0.5972 0.6341 0.618 0.5996 0.5788 0.5649 0.5557 0.5327 0.5166 0.5119 0.4911 0.4727 0.4727 0.4566 0.4381 0.4334
0.8091 1.0 0.0 0.63 0.64 0.65 0.66 0.67 0.68 0.69 0.7 0.71 0.72 0.73 0.74 0.75 0.76 0.77 0.78 0.79 0.8 0.81 0.82 0.8091 0.8091 0.8091 0.8091 0.8091 0.8091 0.8091 0.8091 0.8091 0.8091 0.8091 0.8091 0.8091 0.8091 0.8091 0.8091 0.8091 0.8091 0.8091 0.8091 0.6398 0.6513 0.6791 0.6421 0.6306 0.656 0.6468 0.619 0.5889 0.5727 0.5588 0.531 0.5148 0.5079 0.4848 0.4686 0.4662 0.4477 0.4292 0.4246 0.6249 0.6526 0.6203 0.5972 0.6341 0.618 0.5996 0.5788 0.5649 0.5557 0.5327 0.5166 0.5119 0.4911 0.4727 0.4727 0.4566 0.4381 0.4334 0.4242
0.8091 1.0 0.0 0.64 0.65 0.66 0.67 0.68 0.69 0.7 0.71 0.72 0.73 0.74 0.75 0.76 0.77 0.78 0.79 0.8 0.81 0.82 0.83 0.8091 0.8091 0.8091 0.8091 0.8091 0.8091 0.8091 0.8091 0.8091 0.8091 0.8091 0.8091 0.8091 0.8091 0.8091 0.8091 0.8091 0.8091 0.8091 0.8091 0.6513 0.6791 0.6421 0.6306 0.656 0.6468 0.619 0.5889 0.5727 0.5588 0.531 0.5148 0.5079 0.4848 0.4686 0.4662 0.4477 0.4292 0.4246 0.413 0.6526 0.6203 0.5972 0.6341 0.618 0.5996 0.5788 0.5649 0.5557 0.5327 0.5166 0.5119 0.4911 0.4727 0.4727 0.4566 0.4381 0.4334 0.4242 0.4034
0.8091 1.0 0.0 0.65 0.66 0.67 0.68 0.69 0.7 0.71 0.72 0.73 0.74 0.75 0.76 0.77 0.78 0.79 0.8 0.81 0.82 0.83 0.84 0.8091 0.8091 0.8091 0.8091 0.8091 0.8091 0.8091 0.8091 0.8091 0.8091 0.8091 0.8091 0.8091 0.8091 0.8091 0.8091 0.8091 0.8091 0.8091 0.8091 0.6791 0.6421 0.6306 0.656 0.6468 0.619 0.5889 0.5727 0.5588 0.531 0.5148 0.5079 0.4848 0.4686 0.4662 0.4477 0.4292 0.4246 0.413 0.3944 0.6203 0.5972 0.6341 0.618 0.5996 0.5788 0.5649 0.5557 0.5327 0.5166 0.5119 0.4911 0.4727 0.4727 0.4566 0.4381 0.4334 0.4242 0.4034 0.3966
0.8091 1.0 0.0 0.66 0.67 0.68 0.69 0.7 0.71 0.72 0.73 0.74 0.75 0.76 0.77 0.78 0.79 0.8 0.81 0.82 0.83 0.84 0.85 0.8091 0.8091 0.8091 0.8091 0.8091 0.8091 0.8091 0.8091 0.8091 0.8091 0.8091 0.8091 0.8091 0.8091 0.8091 0.8091 0.8091 0.8091 0.8091 0.8091 0.6421 0.6306 0.656 0.6468 0.619 0.5889 0.5727 0.5588 0.531 0.5148 0.5079 0.4848 0.4686 0.4662 0.4477 0.4292 0.4246 0.413 0.3944 0.3899 0.5972 0.6341 0.618 0.5996 0.5788 0.5649 0.5557 0.5327 0.5166 0.5119 0.4911 0.4727 0.4727 0.4566 0.4381 0.4334 0.4242 0.4034 0.3966 0.3966
0.8091 1.0 0.0 0.67 0.68 0.69 0.7 0.71 0.72 0.73 0.74 0.75 0.76 0.77 0.78 0.79 0.8 0.81 0.82 0.83 0.84 0.85 0.86 0.8091 0.8091 0.8091 0.8091 0.8091 0.8091 0.8091 0.8091 0.8091 0.8091 0.8091 0.8091 0.8091 0.8091 0.8091 0.8091 0.8091 0.8091 0.8091 0.8091 0.6306 0.656 0.6468 0.619 0.5889 0.5727 0.5588 0.531 0.5148 0.5079 0.4848 0.4686 0.4662 0.4477 0.4292 0.4246 0.413 0.3944 0.3899 0.3806 0.6341 0.618 0.5996 0.5788 0.5649 0.5557 0.5327 0.5166 0.5119 0.4911 0.4727 0.4727 0.4566 0.4381 0.4334 0.4242 0.4034 0.3966 0.3966 0.3758
0.8091 1.0 0.0 0.68 0.69 0.7 0.71 0.72 0.73 0.74 0.75 0.76 0.77 0.78 0.79 0.8 0.81 0.82 0.83 0.84 0.85 0.86 0.87 0.8091 0.8091 0.8091 0.8091 0.8091 0.8091 0.8091 0.8091 0.8091 0.8091 0.8091 0.8091 0.8091 0.8091 0.8091 0.8091 0.8091 0.8091 0.8091 0.8091 0.656 0.6468 0.619 0.5889 0.5727 0.5588 0.531 0.5148 0.5079 0.4848 0.4686 0.4662 0.4477 0.4292 0.4246 0.413 0.3944 0.3899 0.3806 0.3644 0.618 0.5996 0.5788 0.5649 0.5557 0.5327 0.5166 0.5119 0.4911 0.4727 0.4727 0.4566 0.4381 0.4334 0.4242 0.4034 0.3966 0.3966 0.3758 0.3689
0.8091 1.0 0.0 0.69 0.7 0.71 0.72 0.73 0.74 0.75 0.76 0.77 0.78 0.79 0.8 0.81 0.82 0.83 0.84 0.85 0.86 0.87 0.88 0.8091 0.8091 0.8091 0.8091 0.8091 0.8091 0.8091 0.8091 0.8091 0.8091 0.8091 0.8091 0.8091 0.8091 0.8091 0.8091 0.8091 0.8091 0.8091 0.8091 0.6468 0.619 0.5889 0.5727 0.5588 0.531 0.5148 0.5079 0.4848 0.4686 0.4662 0.4477 0.4292 0.4246 0.413 0.3944 0.3899 0.3806 0.3644 0.3551 0.5996 0.5788 0.5649 0.5557 0.5327 0.5166 0.5119 0.4911 0.4727 0.4727 0.4566 0.4381 0.4334 0.4242 0.4034 0.3966 0.3966 0.3758 0.3689 0.3642
0.8091 1.0 0.0 0.7 0.71 0.72 0.73 0.74 0.75 0.76 0.77 0.78 0.79 0.8 0.81 0.82 0.83 0.84 0.85 0.86 0.87 0.88 0.89 0.8091 0.8091 0.8091 0.8091 0.8091 0.8091 0.8091 0.8091 0.8091 0.8091 0.8091 0.8091 0.8091 0.8091 0.8091 0.8091 0.8091 0.8091 0.8091 0.8091 0.619 0.5889 0.5727 0.5588 0.531 0.5148 0.5079 0.4848 0.4686 0.4662 0.4477 0.4292 0.4246 0.413 0.3944 0.3899 0.3806 0.3644 0.3551 0.3506 0.5788 0.5649 0.5557 0.5327 0.5166 0.5119 0.4911 0.4727 0.4727 0.4566 0.4381 0.4334 0.4242 0.4034 0.3966 0.3966 0.3758 0.3689 0.3642 0.3504
0.8091 1.0 0.0 0.71 0.72 0.73 0.74 0.75 0.76 0.77 0.78 0.79 0.8 0.81 0.82 0.83 0.84 0.85 0.86 0.87 0.88 0.89 0.9 0.8091 0.8091 0.8091 0.8091 0.8091 0.8091 0.8091 0.8091 0.8091 0.8091 0.8091 0.8091 0.8091 0.8091 0.8091 0.8091 0.8091 0.8091 0.8091 0.8091 0.5889 0.5727 0.5588 0.531 0.5148 0.5079 0.4848 0.4686 0.4662 0.4477 0.4292 0.4246 0.413 0.3944 0.3899 0.3806 0.3644 0.3551 0.3506 0.3343 0.5649 0.5557 0.5327 0.5166 0.5119 0.4911 0.4727 0.4727 0.4566 0.4381 0.4334 0.4242 0.4034 0.3966 0.3966 0.3758 0.3689 0.3642 0.3504 0.3366
0.8091 1.0 0.0 0.72 0.73 0.74 0.75 0.76 0.77 0.78 0.79 0.8 0.81 0.82 0.83 0.84 0.85 0.86 0.87 0.88 0.89 0.9 0.91 0.8091 0.8091 0.8091 0.8091 0.8091 0.8091 0.8091 0.8091 0.8091 0.8091 0.8091 0.8091 0.8091 0.8091 0.8091 0.8091 0.8091 0.8091 0.8091 0.8091 0.5727 0.5588 0.531 0.5148 0.5079 0.4848 0.4686 0.4662 0.4477 0.4292 0.4246 0.413 0.3944 0.3899 0.3806 0.3644 0.3551 0.3506 0.3343 0.325 0.5557 0.5327 0.5166 0.5119 0.4911 0.4727 0.4727 0.4566 0.4381 0.4334 0.4242 0.4034 0.3966 0.3966 0.3758 0.3689 0.3642 0.3504 0.3366 0.332
0.8091 1.0 0.0 0.73 0.74 0.75 0.76 0.77 0.78 0.79 0.8 0.81 0.82 0.83 0.84 0.85 0.86 0.87 0.88 0.89 0.9 0.91 0.92 0.8091 0.8091 0.8091 0.8091 0.8091 0.8091 0.8091 0.8091 0.8091 0.8091 0.8091 0.8091 0.8091 0.8091 0.8091 0.8091 0.8091 0.8091 0.8091 0.8091 0.5588 0.531 0.5148 0.5079 0.4848 0.4686 0.4662 0.4477 0.4292 0.4246 0.413 0.3944 0.3899 0.3806 0.3644 0.3551 0.3506 0.3343 0.325 0.3181 0.5327 0.5166 0.5119 0.4911 0.4727 0.4727 0.4566 0.4381 0.4334 0.4242 0.4034 0.3966 0.3966 0.3758 0.3689 0.3642 0.3504 0.3366 0.332 0.3204
0.8091 1.0 0.0 0.74 0.75 0.76 0.77 0.78 0.79 0.8 0.81 0.82 0.83 0.84 0.85 0.86 0.87 0.88 0.89 0.9 0.91 0.92 0.93 0.8091 0.8091 0.8091 0.8091 0.8091 0.8091 0.8091 0.8091 0.8091 0.8091 0.8091 0.8091 0.8091 0.8091 0.8091 0.8091 0.8091 0.8091 0.8091 0.8091 0.531 0.5148 0.5079 0.4848 0.4686 0.4662 0.4477 0.4292 0.4246 0.413 0.3944 0.3899 0.3806 0.3644 0.3551 0.3506 0.3343 0.325 0.3181 0.3066 0.5166 0.5119 0.4911 0.4727 0.4727 0.4566 0.4381 0.4334 0.4242 0.4034 0.3966 0.3966 0.3758 0.3689 0.3642 0.3504 0.3366 0.332 0.3204 0.3089
0.8091 1.0 0.0 0.75 0.76 0.77 0.78 0.79 0.8 0.81 0.82 0.83 0.84 0.85 0.86 0.87 0.88 0.89 0.9 0.91 0.92 0.93 0.94 0.8091 0.8091 0.8091 0.8091 0.8091 0.8091 0.8091 0.8091 0.8091 0.8091 0.8091 0.8091 0.8091 0.8091 0.8091 0.8091 0.8091 0.8091 0.8091 0.8091 0.5148 0.5079 0.4848 0.4686 0.4662 0.4477 0.4292 0.4246 0.413 0.3944 0.3899 0.3806 0.3644 0.3551 0.3506 0.3343 0.325 0.3181 0.3066 0.2972 0.5119 0.4911 0.4727 0.4727 0.4566 0.4381 0.4334 0.4242 0.4034 0.3966 0.3966 0.3758 0.3689 0.3642 0.3504 0.3366 0.332 0.3204 0.3089 0.3043
0.8091 1.0 0.0 0.76 0.77 0.78 0.79 0.8 0.81 0.82 0.83 0.84 0.85 0.86 0.87 0.88 0.89 0.9 0.91 0.92 0.93 0.94 0.95 0.8091 0.8091 0.8091 0.8091 0.8091 0.8091 0.8091 0.8091 0.8091 0.8091 0.8091 0.8091 0.8091 0.8091 0.8091 0.8091 0.8091 0.8091 0.8091 0.8091 0.5079 0.4848 0.4686 0.4662 0.4477 0.4292 0.4246 0.413 0.3944 0.3899 0.3806 0.3644 0.3551 0.3506 0.3343 0.325 0.3181 0.3066 0.2972 0.2927 0.4911 0.4727 0.4727 0.4566 0.4381 0.4334 0.4242 0.4034 0.3966 0.3966 0.3758 0.3689 0.3642 0.3504 0.3366 0.332 0.3204 0.3089 0.3043 0.2951
0.8091 1.0 0.0 0.77 0.78 0.79 0.8 0.81 0.82 0.83 0.84 0.85 0.86 0.87 0.88 0.89 0.9 0.91 0.92 0.93 0.94 0.95 0.96 0.8091 0.8091 0.8091 0.8091 0.8091 0.8091 0.8091 0.8091 0.8091 0.8091 0.8091 0.8091 0.8091 0.8091 0.8091 0.8091 0.8091 0.8091 0.8091 0.8091 0.4848 0.4686 0.4662 0.4477 0.4292 0.4246 0.413 0.3944 0.3899 0.3806 0.3644 0.3551 0.3506 0.3343 0.325 0.3181 0.3066 0.2972 0.2927 0.2833 0.4727 0.4727 0.4566 0.4381 0.4334 0.4242 0.4034 0.3966 0.3966 0.3758 0.3689 0.3642 0.3504 0.3366 0.332 0.3204 0.3089 0.3043 0.2951 0.2836
0.8091 1.0 0.0 0.78 0.79 0.8 0.81 0.82 0.83 0.84 0.85 0.86 0.87 0.88 0.89 0.9 0.91 0.92 0.93 0.94 0.95 0.96 0.97 0.8091 0.8091 0.8091 0.8091 0.8091 0.8091 0.8091 0.8091 0.8091 0.8091 0.8091 0.8091 0.8091 0.8091 0.8091 0.8091 0.8091 0.8091 0.8091 0.8091 0.4686 0.4662 0.4477 0.4292 0.4246 0.413 0.3944 0.3899 0.3806 0.3644 0.3551 0.3506 0.3343 0.325 0.3181 0.3066 0.2972 0.2927 0.2833 0.2741 0.4727 0.4566 0.4381 0.4334 0.4242 0.4034 0.3966 0.3966 0.3758 0.3689 0.3642 0.3504 0.3366 0.332 0.3204 0.3089 0.3043 0.2951 0.2836 0.2789
0.8091 1.0 0.0 0.79 0.8 0.81 0.82 0.83 0.84 0.85 0.86 0.87 0.88 0.89 0.9 0.91 0.92 0.93 0.94 0.95 0.96 0.97 0.0 0.8091 0.8091 0.8091 0.8091 0.8091 0.8091 0.8091 0.8091 0.8091 0.8091 0.8091 0.8091 0.8091 0.8091 0.8091 0.8091 0.8091 0.8091 0.8091 0.8091 0.4662 0.4477 0.4292 0.4246 0.413 0.3944 0.3899 0.3806 0.3644 0.3551 0.3506 0.3343 0.325 0.3181 0.3066 0.2972 0.2927 0.2833 0.2741 0.2672 0.4566 0.4381 0.4334 0.4242 0.4034 0.3966 0.3966 0.3758 0.3689 0.3642 0.3504 0.3366 0.332 0.3204 0.3089 0.3043 0.2951 0.2836 0.2789 0.2697
0.8091 1.0 0.0 0.8 0.81 0.82 0.83 0.84 0.85 0.86 0.87 0.88 0.89 0.9 0.91 0.92 0.93 0.94 0.95 0.96 0.97 0.0 0.01 0.8091 0.8091 0.8091 0.8091 0.8091 0.8091 0.8091 0.8091 0.8091 0.8091 0.8091 0.8091 0.8091 0.8091 0.8091 0.8091 0.8091 0.8091 0.8091 0.8091 0.4477 0.4292 0.4246 0.413 0.3944 0.3899 0.3806 0.3644 0.3551 0.3506 0.3343 0.325 0.3181 0.3066 0.2972 0.2927 0.2833 0.2741 0.2672 0.2579 0.4381 0.4334 0.4242 0.4034 0.3966 0.3966 0.3758 0.3689 0.3642 0.3504 0.3366 0.332 0.3204 0.3089 0.3043 0.2951 0.2836 0.2789 0.2697 0.272
0.8091 1.0 0.0 0.81 0.82 0.83 0.84 0.85 0.86 0.87 0.88 0.89 0.9 0.91 0.92 0.93 0.94 0.95 0.96 0.97 0.0 0.01 0.02 0.8091 0.8091 0.8091 0.8091 0.8091 0.8091 0.8091 0.8091 0.8091 0.8091 0.8091 0.8091 0.8091 0.8091 0.8091 0.8091 0.8091 0.8091 0.8091 0.8091 0.4292 0.4246 0.413 0.3944 0.3899 0.3806 0.3644 0.3551 0.3506 0.3343 0.325 0.3181 0.3066 0.2972 0.2927 0.2833 0.2741 0.2672 0.2579 0.2996 0.4334 0.4242 0.4034 0.3966 0.3966 0.3758 0.3689 0.3642 0.3504 0.3366 0.332 0.3204 0.3089 0.3043 0.2951 0.2836 0.2789 0.2697 0.272 0.3458
0.8091 1.0 0.0 0.82 0.83 0.84 0.85 0.86 0.87 0.88 0.89 0.9 0.91 0.92 0.93 0.94 0.95 0.96 0.97 0.0 0.01 0.02 0.03 0.8091 0.8091 0.8091 0.8091 0.8091 0.8091 0.8091 0.8091 0.8091 0.8091 0.8091 0.8091 0.8091 0.8091 0.8091 0.8091 0.8091 0.8091 0.8091 0.8091 0.4246 0.413 0.3944 0.3899 0.3806 0.3644 0.3551 0.3506 0.3343 0.325 0.3181 0.3066 0.2972 0.2927 0.2833 0.2741 0.2672 0.2579 0.2996 0.332 0.4242 0.4034 0.3966 0.3966 0.3758 0.3689 0.3642 0.3504 0.3366 0.332 0.3204 0.3089 0.3043 0.2951 0.2836 0.2789 0.2697 0.272 0.3458 0.3158
0.8091 1.0 0.0 0.83 0.84 0.85 0.86 0.87 0.88 0.89 0.9 0.91 0.92 0.93 0.94 0.95 0.96 0.97 0.0 0.01 0.02 0.03 0.04 0.8091 0.8091 0.8091 0.8091 0.8091 0.8091 0.8091 0.8091 0.8091 0.8091 0.8091 0.8091 0.8091 0.8091 0.8091 0.8091 0.8091 0.8091 0.8091 0.8091 0.413 0.3944 0.3899 0.3806 0.3644 0.3551 0.3506 0.3343 0.325 0.3181 0.3066 0.2972 0.2927 0.2833 0.2741 0.2672 0.2579 0.2996 0.332 0.3089 0.4034 0.3966 0.3966 0.3758 0.3689 0.3642 0.3504 0.3366 0.332 0.3204 0.3089 0.3043 0.2951 0.2836 0.2789 0.2697 0.272 0.3458 0.3158 0.3158
0.8091 1.0 0.0 0.84 0.85 0.86 0.87 0.88 0.89 0.9 0.91 0.92 0.93 0.94 0.95 0.96 0.97 0.0 0.01 0.02 0.03 0.04 0.05 0.8091 0.8091 0.8091 0.8091 0.8091 0.8091 0.8091 0.8091 0.8091 0.8091 0.8091 0.8091 0.8091 0.8091 0.8091 0.8091 0.8091 0.8091 0.8091 0.8091 0.3944 0.3899 0.3806 0.3644 0.3551 0.3506 0.3343 0.325 0.3181 0.3066 0.2972 0.2927 0.2833 0.2741 0.2672 0.2579 0.2996 0.332 0.3089 0.332 0.3966 0.3966 0.3758 0.3689 0.3642 0.3504 0.3366 0.332 0.3204 0.3089 0.3043 0.2951 0.2836 0.2789 0.2697 0.272 0.3458 0.3158 0.3158 0.3966
0.8091 1.0 0.0 0.85 0.86 0.87 0.88 0.89 0.9 0.91 0.92 0.93 0.94 0.95 0.96 0.97 0.0 0.01 0.02 0.03 0.04 0.05 0.06 0.8091 0.8091 0.8091 0.8091 0.8091 0.8091 0.8091 0.8091 0.8091 0.8091 0.8091 0.8091 0.8091 0.8091 0.8091 0.8091 0.8091 0.8091 0.8091 0.8091 0.3899 0.3806 0.3644 0.3551 0.3506 0.3343 0.325 0.3181 0.3066 0.2972 0.2927 0.2833 0.2741 0.2672 0.2579 0.2996 0.332 0.3089 0.332 0.3829 0.3966 0.3758 0.3689 0.3642 0.3504 0.3366 0.332 0.3204 0.3089 0.3043 0.2951 0.2836 0.2789 0.2697 0.272 0.3458 0.3158 0.3158 0.3966 0.362
0.8091 1.0 0.0 0.86 0.87 0.88 0.89 0.9 0.91 0.92 0.93 0.94 0.95 0.96 0.97 0.0 0.01 0.02 0.03 0.04 0.05 0.06 0.07 0.8091 0.8091 0.8091 0.8091 0.8091 0.8091 0.8091 0.8091 0.8091 0.8091 0.8091 0.8091 0.8091 0.8091 0.8091 0.8091 0.8091 0.8091 0.8091 0.8091 0.3806 0.3644 0.3551 0.3506 0.3343 0.325 0.3181 0.3066 0.2972 0.2927 0.2833 0.2741 0.2672 0.2579 0.2996 0.332 0.3089 0.332 0.3829 0.3528 0.3758 0.3689 0.3642 0.3504 0.3366 0.332 0.3204 0.3089 0.3043 0.2951 0.2836 0.2789 0.2697 0.272 0.3458 0.3158 0.3158 0.3966 0.362 0.3412
0.8091 1.0 0.0 0.87 0.88 0.89 0.9 0.91 0.92 0.93 0.94 0.95 0.96 0.97 0.0 0.01 0.02 0.03 0.04 0.05 0.06 0.07 0.08 0.8091 0.8091 0.8091 0.8091 0.8091 0.8091 0.8091 0.8091 0.8091 0.8091 0.8091 0.8091 0.8091 0.8091 0.8091 0.8091 0.8091 0.8091 0.8091 0.8091 0.3644 0.3551 0.3506 0.3343 0.325 0.3181 0.3066 0.2972 0.2927 0.2833 0.2741 0.2672 0.2579 0.2996 0.332 0.3089 0.332 0.3829 0.3528 0.3506 0.3689 0.3642 0.3504 0.3366 0.332 0.3204 0.3089 0.3043 0.2951 0.2836 0.2789 0.2697 0.272 0.3458 0.3158 0.3158 0.3966 0.362 0.3412 0.4242
0.8091 1.0 0.0 0.88 0.89 0.9 0.91 0.92 0.93 0.94 0.95 0.96 0.97 0.0 0.01 0.02 0.03 0.04 0.05 0.06 0.07 0.08 0.09 0.8091 0.8091 0.8091 0.8091 0.8091 0.8091 0.8091 0.8091 0.8091 0.8091 0.8091 0.8091 0.8091 0.8091 0.8091 0.8091 0.8091 0.8091 0.8091 0.8091 0.3551 0.3506 0.3343 0.325 0.3181 0.3066 0.2972 0.2927 0.2833 0.2741 0.2672 0.2579 0.2996 0.332 0.3089 0.332 0.3829 0.3528 0.3506 0.4246 0.3642 0.3504 0.3366 0.332 0.3204 0.3089 0.3043 0.2951 0.2836 0.2789 0.2697 0.272 0.3458 0.3158 0.3158 0.3966 0.362 0.3412 0.4242 0.4012
0.8091 1.0 0.0 0.89 0.9 0.91 0.92 0.93 0.94 0.95 0.96 0.97 0.0 0.01 0.02 0.03 0.04 0.05 0.06 0.07 0.08 0.09 0.1 0.8091 0.8091 0.8091 0.8091 0.8091 0.8091 0.8091 0.8091 0.8091 0.8091 0.8091 0.8091 0.8091 0.8091 0.8091 0.8091 0.8091 0.8091 0.8091 0.8091 0.3506 0.3343 0.325 0.3181 0.3066 0.2972 0.2927 0.2833 0.2741 0.2672 0.2579 0.2996 0.332 0.3089 0.332 0.3829 0.3528 0.3506 0.4246 0.3921 0.3504 0.3366 0.332 0.3204 0.3089 0.3043 0.2951 0.2836 0.2789 0.2697 0.272 0.3458 0.3158 0.3158 0.3966 0.362 0.3412 0.4242 0.4012 0.3712
0.8091 1.0 0.0 0.9 0.91 0.92 0.93 0.94 0.95 0.96 0.97 0.0 0.01 0.02 0.03 0.04 0.05 0.06 0.07 0.08 0.09 0.1 0.11 0.8091 0.8091 0.8091 0.8091 0.8091 0.8091 0.8091 0.8091 0.8091 0.8091 0.8091 0.8091 0.8091 0.8091 0.8091 0.8091 0.8091 0.8091 0.8091 0.8091 0.3343 0.325 0.3181 0.3066 0.2972 0.2927 0.2833 0.2741 0.2672 0.2579 0.2996 0.332 0.3089 0.332 0.3829 0.3528 0.3506 0.4246 0.3921 0.369 0.3366 0.332 0.3204 0.3089 0.3043 0.2951 0.2836 0.2789 0.2697 0.272 0.3458 0.3158 0.3158 0.3966 0.362 0.3412 0.4242 0.4012 0.3712 0.4311
0.8091 1.0 0.0 0.91 0.92 0.93 0.94 0.95 0.96 0.97 0.0 0.01 0.02 0.03 0.04 0.05 0.06 0.07 0.08 0.09 0.1 0.11 0.12 0.8091 0.8091 0.8091 0.8091 0.8091 0.8091 0.8091 0.8091 0.8091 0.8091 0.8091 0.8091 0.8091 0.8091 0.8091 0.8091 0.8091 0.8091 0.8091 0.8091 0.325 0.3181 0.3066 0.2972 0.2927 0.2833 0.2741 0.2672 0.2579 0.2996 0.332 0.3089 0.332 0.3829 0.3528 0.3506 0.4246 0.3921 0.369 0.4431 0.332 0.3204 0.3089 0.3043 0.2951 0.2836 0.2789 0.2697 0.272 0.3458 0.3158 0.3158 0.3966 0.362 0.3412 0.4242 0.4012 0.3712 0.4311 0.4358
0.8091 1.0 0.0 0.92 0.93 0.94 0.95 0.96 0.97 0.0 0.01 0.02 0.03 0.04 0.05 0.06 0.07 0.08 0.09 0.1 0.11 0.12 0.13 0.8091 0.8091 0.8091 0.8091 0.8091 0.8091 0.8091 0.8091 0.8091 0.8091 0.8091 0.8091 0.8091 0.8091 0.8091 0.8091 0.8091 0.8091 0.8091 0.8091 0.3181 0.3066 0.2972 0.2927 0.2833 0.2741 0.2672 0.2579 0.2996 0.332 0.3089 0.332 0.3829 0.3528 0.3506 0.4246 0.3921 0.369 0.4431 0.4316 0.3204 0.3089 0.3043 0.2951 0.2836 0.2789 0.2697 0.272 0.3458 0.3158 0.3158 0.3966 0.362 0.3412 0.4242 0.4012 0.3712 0.4311 0.4358 0.3989
0.8091 1.0 0.0 0.93 0.94 0.95 0.96 0.97 0.0 0.01 0.02 0.03 0.04 0.05 0.06 0.07 0.08 0.09 0.1 0.11 0.12 0.13 0.14 0.8091 0.8091 0.8091 0.8091 0.8091 0.8091 0.8091 0.8091 0.8091 0.8091 0.8091 0.8091 0.8091 0.8091 0.8091 0.8091 0.8091 0.8091 0.8091 0.8091 0.3066 0.2972 0.2927 0.2833 0.2741 0.2672 0.2579 0.2996 0.332 0.3089 0.332 0.3829 0.3528 0.3506 0.4246 0.3921 0.369 0.4431 0.4316 0.4014 0.3089 0.3043 0.2951 0.2836 0.2789 0.2697 0.272 0.3458 0.3158 0.3158 0.3966 0.362 0.3412 0.4242 0.4012 0.3712 0.4311 0.4358 0.3989 0.4266
0.8091 1.0 0.0 0.94 0.95 0.96 0.97 0.0 0.01 0.02 0.03 0.04 0.05 0.06 0.07 0.08 0.09 0.1 0.11 0.12 0.13 0.14 0.15 0.8091 0.8091 0.8091 0.8091 0.8091 0.8091 0.8091 0.8091 0.8091 0.8091 0.8091 0.8091 0.8091 0.8091 0.8091 0.8091 0.8091 0.8091 0.8091 0.8091 0.2972 0.2927 0.2833 0.2741 0.2672 0.2579 0.2996 0.332 0.3089 0.332 0.3829 0.3528 0.3506 0.4246 0.3921 0.369 0.4431 0.4316 0.4014 0.4523 0.3043 0.2951 0.2836 0.2789 0.2697 0.272 0.3458 0.3158 0.3158 0.3966 0.362 0.3412 0.4242 0.4012 0.3712 0.4311 0.4358 0.3989 0.4266 0.4727
0.8091 1.0 0.0 0.95 0.96 0.97 0.0 0.01 0.02 0.03 0.04 0.05 0.06 0.07 0.08 0.09 0.1 0.11 0.12 0.13 0.14 0.15 0.16 0.8091 0.8091 0.8091 0.8091 0.8091 0.8091 0.8091 0.8091 0.8091 0.8091 0.8091 0.8091 0.8091 0.8091 0.8091 0.8091 0.8091 0.8091 0.8091 0.8091 0.2927 0.2833 0.2741 0.2672 0.2579 0.2996 0.332 0.3089 0.332 0.3829 0.3528 0.3506 0.4246 0.3921 0.369 0.4431 0.4316 0.4014 0.4523 0.4778 0.2951 0.2836 0.2789 0.2697 0.272 0.3458 0.3158 0.3158 0.3966 0.362 0.3412 0.4242 0.4012 0.3712 0.4311 0.4358 0.3989 0.4266 0.4727 0.4334
0.8091 1.0 0.0 0.96 0.97 0.0 0.01 0.02 0.03 0.04 0.05 0.06 0.07 0.08 0.09 0.1 0.11 0.12 0.13 0.14 0.15 0.16 0.17 0.8091 0.8091 0.8091 0.8091 0.8091 0.8091 0.8091 0.8091 0.8091 0.8091 0.8091 0.8091 0.8091 0.8091 0.8091 0.8091 0.8091 0.8091 0.8091 0.8091 0.2833 0.2741 0.2672 0.2579 0.2996 0.332 0.3089 0.332 0.3829 0.3528 0.3506 0.4246 0.3921 0.369 0.4431 0.4316 0.4014 0.4523 0.4778 0.4431 0.2836 0.2789 0.2697 0.272 0.3458 0.3158 0.3158 0.3966 0.362 0.3412 0.4242 0.4012 0.3712 0.4311 0.4358 0.3989 0.4266 0.4727 0.4334 0.4266
0.8091 1.0 0.0 0.97 0.0 0.01 0.02 0.03 0.04 0.05 0.06 0.07 0.08 0.09 0.1 0.11 0.12 0.13 0.14 0.15 0.16 0.17 0.18 0.8091 0.8091 0.8091 0.8091 0.8091 0.8091 0.8091 0.8091 0.8091 0.8091 0.8091 0.8091 0.8091 0.8091 0.8091 0.8091 0.8091 0.8091 0.8091 0.8091 0.2741 0.2672 0.2579 0.2996 0.332 0.3089 0.332 0.3829 0.3528 0.3506 0.4246 0.3921 0.369 0.4431 0.4316 0.4014 0.4523 0.4778 0.4431 0.457 0.2789 0.2697 0.272 0.3458 0.3158 0.3158 0.3966 0.362 0.3412 0.4242 0.4012 0.3712 0.4311 0.4358 0.3989 0.4266 0.4727 0.4334 0.4266 0.4958
0.8091 1.0 0.0 0.0 0.01 0.02 0.03 0.04 0.05 0.06 0.07 0.08 0.09 0.1 0.11 0.12 0.13 0.14 0.15 0.16 0.17 0.18 0.19 0.8091 0.8091 0.8091 0.8091 0.8091 0.8091 0.8091 0.8091 0.8091 0.8091 0.8091 0.8091 0.8091 0.8091 0.8091 0.8091 0.8091 0.8091 0.8091 0.8091 0.2672 0.2579 0.2996 0.332 0.3089 0.332 0.3829 0.3528 0.3506 0.4246 0.3921 0.369 0.4431 0.4316 0.4014 0.4523 0.4778 0.4431 0.457 0.5079 0.2697 0.272 0.3458 0.3158 0.3158 0.3966 0.362 0.3412 0.4242 0.4012 0.3712 0.4311 0.4358 0.3989 0.4266 0.4727 0.4334 0.4266 0.4958 0.4658
0.8091 1.0 0.0 0.01 0.02 0.03 0.04 0.05 0.06 0.07 0.08 0.09 0.1 0.11 0.12 0.13 0.14 0.15 0.16 0.17 0.18 0.19 0.2 0.8091 0.8091 0.8091 0.8091 0.8091 0.8091 0.8091 0.8091 0.8091 0.8091 0.8091 0.8091 0.8091 0.8091 0.8091 0.8091 0.8091 0.8091 0.8091 0.8091 0.2579 0.2996 0.332 0.3089 0.332 0.3829 0.3528 0.3506 0.4246 0.3921 0.369 0.4431 0.4316 0.4014 0.4523 0.4778 0.4431 0.457 0.5079 0.4778 0.272 0.3458 0.3158 0.3158 0.3966 0.362 0.3412 0.4242 0.4012 0.3712 0.4311 0.4358 0.3989 0.4266 0.4727 0.4334 0.4266 0.4958 0.4658 0.4496
0.8091 1.0 0.0 0.02 0.03 0.04 0.05 0.06 0.07 0.08 0.09 0.1 0.11 0.12 0.13 0.14 0.15 0.16 0.17 0.18 0.19 0.2 0.21 0.8091 0.8091 0.8091 0.8091 0.8091 0.8091 0.8091 0.8091 0.8091 0.8091 0.8091 0.8091 0.8091 0.8091 0.8091 0.8091 0.8091 0.8091 0.8091 0.8091 0.2996 0.332 0.3089 0.332 0.3829 0.3528 0.3506 0.4246 0.3921 0.369 0.4431 0.4316 0.4014 0.4523 0.4778 0.4431 0.457 0.5079 0.4778 0.4686 0.3458 0.3158 0.3158 0.3966 0.362 0.3412 0.4242 0.4012 0.3712 0.4311 0.4358 0.3989 0.4266 0.4727 0.4334 0.4266 0.4958 0.4658 0.4496 0.4819
0.8091 1.0 0.0 0.03 0.04 0.05 0.06 0.07 0.08 0.09 0.1 0.11 0.12 0.13 0.14 0.15 0.16 0.17 0.18 0.19 0.2 0.21 0.22 0.8091 0.8091 0.8091 0.8091 0.8091 0.8091 0.8091 0.8091 0.8091 0.8091 0.8091 0.8091 0.8091 0.8091 0.8091 0.8091 0.8091 0.8091 0.8091 0.8091 0.332 0.3089 0.332 0.3829 0.3528 0.3506 0.4246 0.3921 0.369 0.4431 0.4316 0.4014 0.4523 0.4778 0.4431 0.457 0.5079 0.4778 0.4686 0.5264 0.3158 0.3158 0.3966 0.362 0.3412 0.4242 0.4012 0.3712 0.4311 0.4358 0.3989 0.4266 0.4727 0.4334 0.4266 0.4958 0.4658 0.4496 0.4819 0.4911
0.8091 1.0 0.0 0.04 0.05 0.06 0.07 0.08 0.09 0.1 0.11 0.12 0.13 0.14 0.15 0.16 0.17 0.18 0.19 0.2 0.21 0.22 0.23 0.8091 0.8091 0.8091 0.8091 0.8091 0.8091 0.8091 0.8091 0.8091 0.8091 0.8091 0.8091 0.8091 0.8091 0.8091 0.8091 0.8091 0.8091 0.8091 0.8091 0.3089 0.332 0.3829 0.3528 0.3506 0.4246 0.3921 0.369 0.4431 0.4316 0.4014 0.4523 0.4778 0.4431 0.457 0.5079 0.4778 0.4686 0.5264 0.5126 0.3158 0.3966 0.362 0.3412 0.4242 0.4012 0.3712 0.4311 0.4358 0.3989 0.4266 0.4727 0.4334 0.4266 0.4958 0.4658 0.4496 0.4819 0.4911 0.475
0.8091 1.0 0.0 0.05 0.06 0.07 0.08 0.09 0.1 0.11 0.12 0.13 0.14 0.15 0.16 0.17 0.18 0.19 0.2 0.21 0.22 0.23 0.24 0.8091 0.8091 0.8091 0.8091 0.8091 0.8091 0.8091 0.8091 0.8091 0.8091 0.8091 0.8091 0.8091 0.8091 0.8091 0.8091 0.8091 0.8091 0.8091 0.8091 0.332 0.3829 0.3528 0.3506 0.4246 0.3921 0.369 0.4431 0.4316 0.4014 0.4523 0.4778 0.4431 0.457 0.5079 0.4778 0.4686 0.5264 0.5126 0.494 0.3966 0.362 0.3412 0.4242 0.4012 0.3712 0.4311 0.4358 0.3989 0.4266 0.4727 0.4334 0.4266 0.4958 0.4658 0.4496 0.4819 0.4911 0.475 0.4934
0.8091 1.0 0.0 0.06 0.07 0.08 0.09 0.1 0.11 0.12 0.13 0.14 0.15 0.16 0.17 0.18 0.19 0.2 0.21 0.22 0.23 0.24 0.25 0.8091 0.8091 0.8091 0.8091 0.8091 0.8091 0.8091 0.8091 0.8091 0.8091 0.8091 0.8091 0.8091 0.8091 0.8091 0.8091 0.8091 0.8091 0.8091 0.8091 0.3829 0.3528 0.3506 0.4246 0.3921 0.369 0.4431 0.4316 0.4014 0.4523 0.4778 0.4431 0.457 0.5079 0.4778 0.4686 0.5264 0.5126 0.494 0.5194 0.362 0.3412 0.4242 0.4012 0.3712 0.4311 0.4358 0.3989 0.4266 0.4727 0.4334 0.4266 0.4958 0.4658 0.4496 0.4819 0.4911 0.475 0.4934 0.5303
0.8091 1.0 0.0 0.07 0.08 0.09 0.1 0.11 0.12 0.13 0.14 0.15 0.16 0.17 0.18 0.19 0.2 0.21 0.22 0.23 0.24 0.25 0.26 0.8091 0.8091 0.8091 0.8091 0.8091 0.8091 0.8091 0.8091 0.8091 0.8091 0.8091 0.8091 0.8091 0.8091 0.8091 0.8091 0.8091 0.8091 0.8091 0.8091 0.3528 0.3506 0.4246 0.3921 0.369 0.4431 0.4316 0.4014 0.4523 0.4778 0.4431 0.457 0.5079 0.4778 0.4686 0.5264 0.5126 0.494 0.5194 0.575 0.3412 0.4242 0.4012 0.3712 0.4311 0.4358 0.3989 0.4266 0.4727 0.4334 0.4266 0.4958 0.4658 0.4496 0.4819 0.4911 0.475 0.4934 0.5303 0.5096
0.8091 1.0 0.0 0.08 0.09 0.1 0.11 0.12 0.13 0.14 0.15 0.16 0.17 0.18 0.19 0.2 0.21 0.22 0.23 0.24 0.25 0.26 0.27 0.8091 0.8091 0.8091 0.8091 0.8091 0.8091 0.8091 0.8091 0.8091 0.8091 0.8091 0.8091 0.8091 0.8091 0.8091 0.8091 0.8091 0.8091 0.8091 0.8091 0.3506 0.4246 0.3921 0.369 0.4431 0.4316 0.4014 0.4523 0.4778 0.4431 0.457 0.5079 0.4778 0.4686 0.5264 0.5126 0.494 0.5194 0.575 0.5426 0.4242 0.4012 0.3712 0.4311 0.4358 0.3989 0.4266 0.4727 0.4334 0.4266 0.4958 0.4658 0.4496 0.4819 0.4911 0.475 0.4934 0.5303 0.5096 0.5166
0.8091 1.0 0.0 0.09 0.1 0.11 0.12 0.13 0.14 0.15 0.16 0.17 0.18 0.19 0.2 0.21 0.22 0.23 0.24 0.25 0.26 0.27 0.28 0.8091 0.8091 0.8091 0.8091 0.8091 0.8091 0.8091 0.8091 0.8091 0.8091 0.8091 0.8091 0.8091 0.8091 0.8091 0.8091 0.8091 0.8091 0.8091 0.8091 0.4246 0.3921 0.369 0.4431 0.4316 0.4014 0.4523 0.4778 0.4431 0.457 0.5079 0.4778 0.4686 0.5264 0.5126 0.494 0.5194 0.575 0.5426 0.5426 0.4012 0.3712 0.4311 0.4358 0.3989 0.4266 0.4727 0.4334 0.4266 0.4958 0.4658 0.4496 0.4819 0.4911 0.475 0.4934 0.5303 0.5096 0.5166 0.5627
0.8091 1.0 0.0 0.1 0.11 0.12 0.13 0.14 0.15 0.16 0.17 0.18 0.19 0.2 0.21 0.22 0.23 0.24 0.25 0.26 0.27 0.28 0.29 0.8091 0.8091 0.8091 0.8091 0.8091 0.8091 0.8091 0.8091 0.8091 0.8091 0.8091 0.8091 0.8091 0.8091 0.8091 0.8091 0.8091 0.8091 0.8091 0.8091 0.3921 0.369 0.4431 0.4316 0.4014 0.4523 0.4778 0.4431 0.457 0.5079 0.4778 0.4686 0.5264 0.5126 0.494 0.5194 0.575 0.5426 0.5426 0.5959 0.3712 0.4311 0.4358 0.3989 0.4266 0.4727 0.4334 0.4266 0.4958 0.4658 0.4496 0.4819 0.4911 0.475 0.4934 0.5303 0.5096 0.5166 0.5627 0.5764
0.8091 1.0 0.0 0.11 0.12 0.13 0.14 0.15 0.16 0.17 0.18 0.19 0.2 0.21 0.22 0.23 0.24 0.25 0.26 0.27 0.28 0.29 0.3 0.8091 0.8091 0.8091 0.8091 0.8091 0.8091 0.8091 0.8091 0.8091 0.8091 0.8091 0.8091 0.8091 0.8091 0.8091 0.8091 0.8091 0.8091 0.8091 0.8091 0.369 0.4431 0.4316 0.4014 0.4523 0.4778 0.4431 0.457 0.5079 0.4778 0.4686 0.5264 0.5126 0.494 0.5194 0.575 0.5426 0.5426 0.5959 0.5866 0.4311 0.4358 0.3989 0.4266 0.4727 0.4334 0.4266 0.4958 0.4658 0.4496 0.4819 0.4911 0.475 0.4934 0.5303 0.5096 0.5166 0.5627 0.5764 0.5557
0.8091 1.0 0.0 0.12 0.13 0.14 0.15 0.16 0.17 0.18 0.19 0.2 0.21 0.22 0.23 0.24 0.25 0.26 0.27 0.28 0.29 0.3 0.31 0.8091 0.8091 0.8091 0.8091 0.8091 0.8091 0.8091 0.8091 0.8091 0.8091 0.8091 0.8091 0.8091 0.8091 0.8091 0.8091 0.8091 0.8091 0.8091 0.8091 0.4431 0.4316 0.4014 0.4523 0.4778 0.4431 0.457 0.5079 0.4778 0.4686 0.5264 0.5126 0.494 0.5194 0.575 0.5426 0.5426 0.5959 0.5866 0.575 0.4358 0.3989 0.4266 0.4727 0.4334 0.4266 0.4958 0.4658 0.4496 0.4819 0.4911 0.475 0.4934 0.5303 0.5096 0.5166 0.5627 0.5764 0.5557 0.5811
0.8091 1.0 0.0 0.13 0.14 0.15 0.16 0.17 0.18 0.19 0.2 0.21 0.22 0.23 0.24 0.25 0.26 0.27 0.28 0.29 0.3 0.31 0.32 0.8091 0.8091 0.8091 0.8091 0.8091 0.8091 0.8091 0.8091 0.8091 0.8091 0.8091 0.8091 0.8091 0.8091 0.8091 0.8091 0.8091 0.8091 0.8091 0.8091 0.4316 0.4014 0.4523 0.4778 0.4431 0.457 0.5079 0.4778 0.4686 0.5264 0.5126 0.494 0.5194 0.575 0.5426 0.5426 0.5959 0.5866 0.575 0.6028 0.3989 0.4266 0.4727 0.4334 0.4266 0.4958 0.4658 0.4496 0.4819 0.4911 0.475 0.4934 0.5303 0.5096 0.5166 0.5627 0.5764 0.5557 0.5811 0.6226
0.8091 1.0 0.0 0.14 0.15 0.16 0.17 0.18 0.19 0.2 0.21 0.22 0.23 0.24 0.25 0.26 0.27 0.28 0.29 0.3 0.31 0.32 0.33 0.8091 0.8091 0.8091 0.8091 0.8091 0.8091 0.8091 0.8091 0.8091 0.8091 0.8091 0.8091 0.8091 0.8091 0.8091 0.8091 0.8091 0.8091 0.8091 0.8091 0.4014 0.4523 0.4778 0.4431 0.457 0.5079 0.4778 0.4686 0.5264 0.5126 0.494 0.5194 0.575 0.5426 0.5426 0.5959 0.5866 0.575 0.6028 0.612 0.4266 0.4727 0.4334 0.4266 0.4958 0.4658 0.4496 0.4819 0.4911 0.475 0.4934 0.5303 0.5096 0.5166 0.5627 0.5764 0.5557 0.5811 0.6226 0.5857
0.8091 1.0 0.0 0.15 0.16 0.17 0.18 0.19 0.2 0.21 0.22 0.23 0.24 0.25 0.26 0.27 0.28 0.29 0.3 0.31 0.32 0.33 0.34 0.8091 0.8091 0.8091 0.8091 0.8091 0.8091 0.8091 0.8091 0.8091 0.8091 0.8091 0.8091 0.8091 0.8091 0.8091 0.8091 0.8091 0.8091 0.8091 0.8091 0.4523 0.4778 0.4431 0.457 0.5079 0.4778 0.4686 0.5264 0.5126 0.494 0.5194 0.575 0.5426 0.5426 0.5959 0.5866 0.575 0.6028 0.612 0.5889 0.4727 0.4334 0.4266 0.4958 0.4658 0.4496 0.4819 0.4911 0.475 0.4934 0.5303 0.5096 0.5166 0.5627 0.5764 0.5557 0.5811 0.6226 0.5857 0.5949
0.8091 1.0 0.0 0.16 0.17 0.18 0.19 0.2 0.21 0.22 0.23 0.24 0.25 0.26 0.27 0.28 0.29 0.3 0.31 0.32 0.33 0.34 0.35 0.8091 0.8091 0.8091 0.8091 0.8091 0.8091 0.8091 0.8091 0.8091 0.8091 0.8091 0.8091 0.8091 0.8091 0.8091 0.8091 0.8091 0.8091 0.8091 0.8091 0.4778 0.4431 0.457 0.5079 0.4778 0.4686 0.5264 0.5126 0.494 0.5194 0.575 0.5426 0.5426 0.5959 0.5866 0.575 0.6028 0.612 0.5889 0.6028 0.4334 0.4266 0.4958 0.4658 0.4496 0.4819 0.4911 0.475 0.4934 0.5303 0.5096 0.5166 0.5627 0.5764 0.5557 0.5811 0.6226 0.5857 0.5949 0.648
0.8091 1.0 0.0 0.17 0.18 0.19 0.2 0.21 0.22 0.23 0.24 0.25 0.26 0.27 0.28 0.29 0.3 0.31 0.32 0.33 0.34 0.35 0.36 0.8091 0.8091 0.8091 0.8091 0.8091 0.8091 0.8091 0.8091 0.8091 0.8091 0.8091 0.8091 0.8091 0.8091 0.8091 0.8091 0.8091 0.8091 0.8091 0.8091 0.4431 0.457 0.5079 0.4778 0.4686 0.5264 0.5126 0.494 0.5194 0.575 0.5426 0.5426 0.5959 0.5866 0.575 0.6028 0.612 0.5889 0.6028 0.6259 0.4266 0.4958 0.4658 0.4496 0.4819 0.4911 0.475 0.4934 0.5303 0.5096 0.5166 0.5627 0.5764 0.5557 0.5811 0.6226 0.5857 0.5949 0.648 0.6041
0.8091 1.0 0.0 0.18 0.19 0.2 0.21 0.22 0.23 0.24 0.25 0.26 0.27 0.28 0.29 0.3 0.31 0.32 0.33 0.34 0.35 0.36 0.37 0.8091 0.8091 0.8091 0.8091 0.8091 0.8091 0.8091 0.8091 0.8091 0.8091 0.8091 0.8091 0.8091 0.8091 0.8091 0.8091 0.8091 0.8091 0.8091 0.8091 0.457 0.5079 0.4778 0.4686 0.5264 0.5126 0.494 0.5194 0.575 0.5426 0.5426 0.5959 0.5866 0.575 0.6028 0.612 0.5889 0.6028 0.6259 0.6004 0.4958 0.4658 0.4496 0.4819 0.4911 0.475 0.4934 0.5303 0.5096 0.5166 0.5627 0.5764 0.5557 0.5811 0.6226 0.5857 0.5949 0.648 0.6041 0.5996
0.8091 1.0 0.0 0.19 0.2 0.21 0.22 0.23 0.24 0.25 0.26 0.27 0.28 0.29 0.3 0.31 0.32 0.33 0.34 0.35 0.36 0.37 0.38 0.8091 0.8091 0.8091 0.8091 0.8091 0.8091 0.8091 0.8091 0.8091 0.8091 0.8091 0.8091 0.8091 0.8091 0.8091 0.8091 0.8091 0.8091 0.8091 0.8091 0.5079 0.4778 0.4686 0.5264 0.5126 0.494 0.5194 0.575 0.5426 0.5426 0.5959 0.5866 0.575 0.6028 0.612 0.5889 0.6028 0.6259 0.6004 0.6098 0.4658 0.4496 0.4819 0.4911 0.475 0.4934 0.5303 0.5096 0.5166 0.5627 0.5764 0.5557 0.5811 0.6226 0.5857 0.5949 0.648 0.6041 0.5996 0.6526
0.8091 1.0 0.0 0.2 0.21 0.22 0.23 0.24 0.25 0.26 0.27 0.28 0.29 0.3 0.31 0.32 0.33 0.34 0.35 0.36 0.37 0.38 0.39 0.8091 0.8091 0.8091 0.8091 0.8091 0.8091 0.8091 0.8091 0.8091 0.8091 0.8091 0.8091 0.8091 0.8091 0.8091 0.8091 0.8091 0.8091 0.8091 0.8091 0.4778 0.4686 0.5264 0.5126 0.494 0.5194 0.575 0.5426 0.5426 0.5959 0.5866 0.575 0.6028 0.612 0.5889 0.6028 0.6259 0.6004 0.6098 0.6491 0.4496 0.4819 0.4911 0.475 0.4934 0.5303 0.5096 0.5166 0.5627 0.5764 0.5557 0.5811 0.6226 0.5857 0.5949 0.648 0.6041 0.5996 0.6526 0.6133
0.8091 1.0 0.0 0.21 0.22 0.23 0.24 0.25 0.26 0.27 0.28 0.29 0.3 0.31 0.32 0.33 0.34 0.35 0.36 0.37 0.38 0.39 0.4 0.8091 0.8091 0.8091 0.8091 0.8091 0.8091 0.8091 0.8091 0.8091 0.8091 0.8091 0.8091 0.8091 0.8091 0.8091 0.8091 0.8091 0.8091 0.8091 0.8091 0.4686 0.5264 0.5126 0.494 0.5194 0.575 0.5426 0.5426 0.5959 0.5866 0.575 0.6028 0.612 0.5889 0.6028 0.6259 0.6004 0.6098 0.6491 0.6213 0.4819 0.4911 0.475 0.4934 0.5303 0.5096 0.5166 0.5627 0.5764 0.5557 0.5811 0.6226 0.5857 0.5949 0.648 0.6041 0.5996 0.6526 0.6133 0.5972
0.8091 1.0 0.0 0.22 0.23 0.24 0.25 0.26 0.27 0.28 0.29 0.3 0.31 0.32 0.33 0.34 0.35 0.36 0.37 0.38 0.39 0.4 0.41 0.8091 0.8091 0.8091 0.8091 0.8091 0.8091 0.8091 0.8091 0.8091 0.8091 0.8091 0.8091 0.8091 0.8091 0.8091 0.8091 0.8091 0.8091 0.8091 0.8091 0.5264 0.5126 0.494 0.5194 0.575 0.5426 0.5426 0.5959 0.5866 0.575 0.6028 0.612 0.5889 0.6028 0.6259 0.6004 0.6098 0.6491 0.6213 0.6236 0.4911 0.475 0.4934 0.5303 0.5096 0.5166 0.5627 0.5764 0.5557 0.5811 0.6226 0.5857 0.5949 0.648 0.6041 0.5996 0.6526 0.6133 0.5972 0.6641
0.8091 1.0 0.0 0.23 0.24 0.25 0.26 0.27 0.28 0.29 0.3 0.31 0.32 0.33 0.34 0.35 0.36 0.37 0.38 0.39 0.4 0.41 0.42 0.8091 0.8091 0.8091 0.8091 0.8091 0.8091 0.8091 0.8091 0.8091 0.8091 0.8091 0.8091 0.8091 0.8091 0.8091 0.8091 0.8091 0.8091 0.8091 0.8091 0.5126 0.494 0.5194 0.575 0.5426 0.5426 0.5959 0.5866 0.575 0.6028 0.612 0.5889 0.6028 0.6259 0.6004 0.6098 0.6491 0.6213 0.6236 0.6746 0.475 0.4934 0.5303 0.5096 0.5166 0.5627 0.5764 0.5557 0.5811 0.6226 0.5857 0.5949 0.648 0.6041 0.5996 0.6526 0.6133 0.5972 0.6641 0.6319
0.8091 1.0 0.0 0.24 0.25 0.26 0.27 0.28 0.29 0.3 0.31 0.32 0.33 0.34 0.35 0.36 0.37 0.38 0.39 0.4 0.41 0.42 0.43 0.8091 0.8091 0.8091 0.8091 0.8091 0.8091 0.8091 0.8091 0.8091 0.8091 0.8091 0.8091 0.8091 0.8091 0.8091 0.8091 0.8091 0.8091 0.8091 0.8091 0.494 0.5194 0.575 0.5426 0.5426 0.5959 0.5866 0.575 0.6028 0.612 0.5889 0.6028 0.6259 0.6004 0.6098 0.6491 0.6213 0.6236 0.6746 0.6421 0.4934 0.5303 0.5096 0.5166 0.5627 0.5764 0.5557 0.5811 0.6226 0.5857 0.5949 0.648 0.6041 0.5996 0.6526 0.6133 0.5972 0.6641 0.6319 0.6157
0.8091 1.0 0.0 0.25 0.26 0.27 0.28 0.29 0.3 0.31 0.32 0.33 0.34 0.35 0.36 0.37 0.38 0.39 0.4 0.41 0.42 0.43 0.44 0.8091 0.8091 0.8091 0.8091 0.8091 0.8091 0.8091 0.8091 0.8091 0.8091 0.8091 0.8091 0.8091 0.8091 0.8091 0.8091 0.8091 0.8091 0.8091 0.8091 0.5194 0.575 0.5426 0.5426 0.5959 0.5866 0.575 0.6028 0.612 0.5889 0.6028 0.6259 0.6004 0.6098 0.6491 0.6213 0.6236 0.6746 0.6421 0.6329 0.5303 0.5096 0.5166 0.5627 0.5764 0.5557 0.5811 0.6226 0.5857 0.5949 0.648 0.6041 0.5996 0.6526 0.6133 0.5972 0.6641 0.6319 0.6157 0.6826
0.8091 1.0 0.0 0.26 0.27 0.28 0.29 0.3 0.31 0.32 0.33 0.34 0.35 0.36 0.37 0.38 0.39 0.4 0.41 0.42 0.43 0.44 0.45 0.8091 0.8091 0.8091 0.8091 0.8091 0.8091 0.8091 0.8091 0.8091 0.8091 0.8091 0.8091 0.8091 0.8091 0.8091 0.8091 0.8091 0.8091 0.8091 0.8091 0.575 0.5426 0.5426 0.5959 0.5866 0.575 0.6028 0.612 0.5889 0.6028 0.6259 0.6004 0.6098 0.6491 0.6213 0.6236 0.6746 0.6421 0.6329 0.6884 0.5096 0.5166 0.5627 0.5764 0.5557 0.5811 0.6226 0.5857 0.5949 0.648 0.6041 0.5996 0.6526 0.6133 0.5972 0.6641 0.6319 0.6157 0.6826 0.6641
0.8091 1.0 0.0 0.27 0.28 0.29 0.3 0.31 0.32 0.33 0.34 0.35 0.36 0.37 0.38 0.39 0.4 0.41 0.42 0.43 0.44 0.45 0.46 0.8091 0.8091 0.8091 0.8091 0.8091 0.8091 0.8091 0.8091 0.8091 0.8091 0.8091 0.8091 0.8091 0.8091 0.8091 0.8091 0.8091 0.8091 0.8091 0.8091 0.5426 0.5426 0.5959 0.5866 0.575 0.6028 0.612 0.5889 0.6028 0.6259 0.6004 0.6098 0.6491 0.6213 0.6236 0.6746 0.6421 0.6329 0.6884 0.656 0.5166 0.5627 0.5764 0.5557 0.5811 0.6226 0.5857 0.5949 0.648 0.6041 0.5996 0.6526 0.6133 0.5972 0.6641 0.6319 0.6157 0.6826 0.6641 0.6388
0.8091 1.0 0.0 0.28 0.29 0.3 0.31 0.32 0.33 0.34 0.35 0.36 0.37 0.38 0.39 0.4 0.41 0.42 0.43 0.44 0.45 0.46 0.47 0.8091 0.8091 0.8091 0.8091 0.8091 0.8091 0.8091 0.8091 0.8091 0.8091 0.8091 0.8091 0.8091 0.8091 0.8091 0.8091 0.8091 0.8091 0.8091 0.8091 0.5426 0.5959 0.5866 0.575 0.6028 0.612 0.5889 0.6028 0.6259 0.6004 0.6098 0.6491 0.6213 0.6236 0.6746 0.6421 0.6329 0.6884 0.656 0.6421 0.5627 0.5764 0.5557 0.5811 0.6226 0.5857 0.5949 0.648 0.6041 0.5996 0.6526 0.6133 0.5972 0.6641 0.6319 0.6157 0.6826 0.6641 0.6388 0.6941
0.8091 1.0 0.0 0.29 0.3 0.31 0.32 0.33 0.34 0.35 0.36 0.37 0.38 0.39 0.4 0.41 0.42 0.43 0.44 0.45 0.46 0.47 0.48 0.8091 0.8091 0.8091 0.8091 0.8091 0.8091 0.8091 0.8091 0.8091 0.8091 0.8091 0.8091 0.8091 0.8091 0.8091 0.8091 0.8091 0.8091 0.8091 0.8091 0.5959 0.5866 0.575 0.6028 0.612 0.5889 0.6028 0.6259 0.6004 0.6098 0.6491 0.6213 0.6236 0.6746 0.6421 0.6329 0.6884 0.656 0.6421 0.7 0.5764 0.5557 0.5811 0.6226 0.5857 0.5949 0.648 0.6041 0.5996 0.6526 0.6133 0.5972 0.6641 0.6319 0.6157 0.6826 0.6641 0.6388 0.6941 0.6872
0.8091 1.0 0.0 0.3 0.31 0.32 0.33 0.34 0.35 0.36 0.37 0.38 0.39 0.4 0.41 0.42 0.43 0.44 0.45 0.46 0.47 0.48 0.49 0.8091 0.8091 0.8091 0.8091 0.8091 0.8091 0.8091 0.8091 0.8091 0.8091 0.8091 0.8091 0.8091 0.8091 0.8091 0.8091 0.8091 0.8091 0.8091 0.8091 0.5866 0.575 0.6028 0.612 0.5889 0.6028 0.6259 0.6004 0.6098 0.6491 0.6213 0.6236 0.6746 0.6421 0.6329 0.6884 0.656 0.6421 0.7 0.6791 0.5557 0.5811 0.6226 0.5857 0.5949 0.648 0.6041 0.5996 0.6526 0.6133 0.5972 0.6641 0.6319 0.6157 0.6826 0.6641 0.6388 0.6941 0.6872 0.648
0.8091 1.0 0.0 0.31 0.32 0.33 0.34 0.35 0.36 0.37 0.38 0.39 0.4 0.41 0.42 0.43 0.44 0.45 0.46 0.47 0.48 0.49 0.5 0.8091 0.8091 0.8091 0.8091 0.8091 0.8091 0.8091 0.8091 0.8091 0.8091 0.8091 0.8091 0.8091 0.8091 0.8091 0.8091 0.8091 0.8091 0.8091 0.8091 0.575 0.6028 0.612 0.5889 0.6028 0.6259 0.6004 0.6098 0.6491 0.6213 0.6236 0.6746 0.6421 0.6329 0.6884 0.656 0.6421 0.7 0.6791 0.656 0.5811 0.6226 0.5857 0.5949 0.648 0.6041 0.5996 0.6526 0.6133 0.5972 0.6641 0.6319 0.6157 0.6826 0.6641 0.6388 0.6941 0.6872 0.648 0.6826
0.8091 1.0 0.0 0.32 0.33 0.34 0.35 0.36 0.37 0.38 0.39 0.4 0.41 0.42 0.43 0.44 0.45 0.46 0.47 0.48 0.49 0.5 0.51 0.8091 0.8091 0.8091 0.8091 0.8091 0.8091 0.8091 0.8091 0.8091 0.8091 0.8091 0.8091 0.8091 0.8091 0.8091 0.8091 0.8091 0.8091 0.8091 0.8091 0.6028 0.612 0.5889 0.6028 0.6259 0.6004 0.6098 0.6491 0.6213 0.6236 0.6746 0.6421 0.6329 0.6884 0.656 0.6421 0.7 0.6791 0.656 0.7069 0.6226 0.5857 0.5949 0.648 0.6041 0.5996 0.6526 0.6133 0.5972 0.6641 0.6319 0.6157 0.6826 0.6641 0.6388 0.6941 0.6872 0.648 0.6826 0.7033
0.8091 1.0 0.0 0.33 0.34 0.35 0.36 0.37 0.38 0.39 0.4 0.41 0.42 0.43 0.44 0.45 0.46 0.47 0.48 0.49 0.5 0.51 0.52 0.8091 0.8091 0.8091 0.8091 0.8091 0.8091 0.8091 0.8091 0.8091 0.8091 0.8091 0.8091 0.8091 0.8091 0.8091 0.8091 0.8091 0.8091 0.8091 0.8091 0.612 0.5889 0.6028 0.6259 0.6004 0.6098 0.6491 0.6213 0.6236 0.6746 0.6421 0.6329 0.6884 0.656 0.6421 0.7 0.6791 0.656 0.7069 0.6977 0.5857 0.5949 0.648 0.6041 0.5996 0.6526 0.6133 0.5972 0.6641 0.6319 0.6157 0.6826 0.6641 0.6388 0.6941 0.6872 0.648 0.6826 0.7033 0.6596
0.8091 1.0 0.0 0.34 0.35 0.36 0.37 0.38 0.39 0.4 0.41 0.42 0.43 0.44 0.45 0.46 0.47 0.48 0.49 0.5 0.51 0.52 0.53 0.8091 0.8091 0.8091 0.8091 0.8091 0.8091 0.8091 0.8091 0.8091 0.8091 0.8091 0.8091 0.8091 0.8091 0.8091 0.8091 0.8091 0.8091 0.8091 0.8091 0.5889 0.6028 0.6259 0.6004 0.6098 0.6491 0.6213 0.6236 0.6746 0.6421 0.6329 0.6884 0.656 0.6421 0.7 0.6791 0.656 0.7069 0.6977 0.663 0.5949 0.648 0.6041 0.5996 0.6526 0.6133 0.5972 0.6641 0.6319 0.6157 0.6826 0.6641 0.6388 0.6941 0.6872 0.648 0.6826 0.7033 0.6596 0.671
0.8091 1.0 0.0 0.35 0.36 0.37 0.38 0.39 0.4 0.41 0.42 0.43 0.44 0.45 0.46 0.47 0.48 0.49 0.5 0.51 0.52 0.53 0.54 0.8091 0.8091 0.8091 0.8091 0.8091 0.8091 0.8091 0.8091 0.8091 0.8091 0.8091 0.8091 0.8091 0.8091 0.8091 0.8091 0.8091 0.8091 0.8091 0.8091 0.6028 0.6259 0.6004 0.6098 0.6491 0.6213 0.6236 0.6746 0.6421 0.6329 0.6884 0.656 0.6421 0.7 0.6791 0.656 0.7069 0.6977 0.663 0.693 0.648 0.6041 0.5996 0.6526 0.6133 0.5972 0.6641 0.6319 0.6157 0.6826 0.6641 0.6388 0.6941 0.6872 0.648 0.6826 0.7033 0.6596 0.671 0.7194
0.8091 1.0 0.0 0.36 0.37 0.38 0.39 0.4 0.41 0.42 0.43 0.44 0.45 0.46 0.47 0.48 0.49 0.5 0.51 0.52 0.53 0.54 0.55 0.8091 0.8091 0.8091 0.8091 0.8091 0.8091 0.8091 0.8091 0.8091 0.8091 0.8091 0.8091 0.8091 0.8091 0.8091 0.8091 0.8091 0.8091 0.8091 0.8091 0.6259 0.6004 0.6098 0.6491 0.6213 0.6236 0.6746 0.6421 0.6329 0.6884 0.656 0.6421 0.7 0.6791 0.656 0.7069 0.6977 0.663 0.693 0.7116 0.6041 0.5996 0.6526 0.6133 0.5972 0.6641 0.6319 0.6157 0.6826 0.6641 0.6388 0.6941 0.6872 0.648 0.6826 0.7033 0.6596 0.671 0.7194 0.6641
0.8091 1.0 0.0 0.37 0.38 0.39 0.4 0.41 0.42 0.43 0.44 0.45 0.46 0.47 0.48 0.49 0.5 0.51 0.52 0.53 0.54 0.55 0.56 0.8091 0.8091 0.8091 0.8091 0.8091 0.8091 0.8091 0.8091 0.8091 0.8091 0.8091 0.8091 0.8091 0.8091 0.8091 0.8091 0.8091 0.8091 0.8091 0.8091 0.6004 0.6098 0.6491 0.6213 0.6236 0.6746 0.6421 0.6329 0.6884 0.656 0.6421 0.7 0.6791 0.656 0.7069 0.6977 0.663 0.693 0.7116 0.6652 0.5996 0.6526 0.6133 0.5972 0.6641 0.6319 0.6157 0.6826 0.6641 0.6388 0.6941 0.6872 0.648 0.6826 0.7033 0.6596 0.671 0.7194 0.6641 0.648
0.8091 1.0 0.0 0.38 0.39 0.4 0.41 0.42 0.43 0.44 0.45 0.46 0.47 0.48 0.49 0.5 0.51 0.52 0.53 0.54 0.55 0.56 0.57 0.8091 0.8091 0.8091 0.8091 0.8091 0.8091 0.8091 0.8091 0.8091 0.8091 0.8091 0.8091 0.8091 0.8091 0.8091 0.8091 0.8091 0.8091 0.8091 0.8091 0.6098 0.6491 0.6213 0.6236 0.6746 0.6421 0.6329 0.6884 0.656 0.6421 0.7 0.6791 0.656 0.7069 0.6977 0.663 0.693 0.7116 0.6652 0.6722 0.6526 0.6133 0.5972 0.6641 0.6319 0.6157 0.6826 0.6641 0.6388 0.6941 0.6872 0.648 0.6826 0.7033 0.6596 0.671 0.7194 0.6641 0.648 0.7126
0.8091 1.0 0.0 0.39 0.4 0.41 0.42 0.43 0.44 0.45 0.46 0.47 0.48 0.49 0.5 0.51 0.52 0.53 0.54 0.55 0.56 0.57 0.58 0.8091 0.8091 0.8091 0.8091 0.8091 0.8091 0.8091 0.8091 0.8091 0.8091 0.8091 0.8091 0.8091 0.8091 0.8091 0.8091 0.8091 0.8091 0.8091 0.8091 0.6491 0.6213 0.6236 0.6746 0.6421 0.6329 0.6884 0.656 0.6421 0.7 0.6791 0.656 0.7069 0.6977 0.663 0.693 0.7116 0.6652 0.6722 0.7162 0.6133 0.5972 0.6641 0.6319 0.6157 0.6826 0.6641 0.6388 0.6941 0.6872 0.648 0.6826 0.7033 0.6596 0.671 0.7194 0.6641 0.648 0.7126 0.6641
0.8091 1.0 0.0 0.4 0.41 0.42 0.43 0.44 0.45 0.46 0.47 0.48 0.49 0.5 0.51 0.52 0.53 0.54 0.55 0.56 0.57 0.58 0.59 0.8091 0.8091 0.8091 0.8091 0.8091 0.8091 0.8091 0.8091 0.8091 0.8091 0.8091 0.8091 0.8091 0.8091 0.8091 0.8091 0.8091 0.8091 0.8091 0.8091 0.6213 0.6236 0.6746 0.6421 0.6329 0.6884 0.656 0.6421 0.7 0.6791 0.656 0.7069 0.6977 0.663 0.693 0.7116 0.6652 0.6722 0.7162 0.6652 0.5972 0.6641 0.6319 0.6157 0.6826 0.6641 0.6388 0.6941 0.6872 0.648 0.6826 0.7033 0.6596 0.671 0.7194 0.6641 0.648 0.7126 0.6641 0.6272
0.8091 1.0 0.0 0.41 0.42 0.43 0.44 0.45 0.46 0.47 0.48 0.49 0.5 0.51 0.52 0.53 0.54 0.55 0.56 0.57 0.58 0.59 0.6 0.8091 0.8091 0.8091 0.8091 0.8091 0.8091 0.8091 0.8091 0.8091 0.8091 0.8091 0.8091 0.8091 0.8091 0.8091 0.8091 0.8091 0.8091 0.8091 0.8091 0.6236 0.6746 0.6421 0.6329 0.6884 0.656 0.6421 0.7 0.6791 0.656 0.7069 0.6977 0.663 0.693 0.7116 0.6652 0.6722 0.7162 0.6652 0.6444 0.6641 0.6319 0.6157 0.6826 0.6641 0.6388 0.6941 0.6872 0.648 0.6826 0.7033 0.6596 0.671 0.7194 0.6641 0.648 0.7126 0.6641 0.6272 0.6918
0.8091 1.0 0.0 0.42 0.43 0.44 0.45 0.46 0.47 0.48 0.49 0.5 0.51 0.52 0.53 0.54 0.55 0.56 0.57 0.58 0.59 0.6 0.61 0.8091 0.8091 0.8091 0.8091 0.8091 0.8091 0.8091 0.8091 0.8091 0.8091 0.8091 0.8091 0.8091 0.8091 0.8091 0.8091 0.8091 0.8091 0.8091 0.8091 0.6746 0.6421 0.6329 0.6884 0.656 0.6421 0.7 0.6791 0.656 0.7069 0.6977 0.663 0.693 0.7116 0.6652 0.6722 0.7162 0.6652 0.6444 0.7069 0.6319 0.6157 0.6826 0.6641 0.6388 0.6941 0.6872 0.648 0.6826 0.7033 0.6596 0.671 0.7194 0.6641 0.648 0.7126 0.6641 0.6272 0.6918 0.6596
0.8091 1.0 0.0 0.43 0.44 0.45 0.46 0.47 0.48 0.49 0.5 0.51 0.52 0.53 0.54 0.55 0.56 0.57 0.58 0.59 0.6 0.61 0.62 0.8091 0.8091 0.8091 0.8091 0.8091 0.8091 0.8091 0.8091 0.8091 0.8091 0.8091 0.8091 0.8091 0.8091 0.8091 0.8091 0.8091 0.8091 0.8091 0.8091 0.6421 0.6329 0.6884 0.656 0.6421 0.7 0.6791 0.656 0.7069 0.6977 0.663 0.693 0.7116 0.6652 0.6722 0.7162 0.6652 0.6444 0.7069 0.6699 0.6157 0.6826 0.6641 0.6388 0.6941 0.6872 0.648 0.6826 0.7033 0.6596 0.671 0.7194 0.6641 0.648 0.7126 0.6641 0.6272 0.6918 0.6596 0.6249
0.8091 1.0 0.0 0.44 0.45 0.46 0.47 0.48 0.49 0.5 0.51 0.52 0.53 0.54 0.55 0.56 0.57 0.58 0.59 0.6 0.61 0.62 0.63 0.8091 0.8091 0.8091 0.8091 0.8091 0.8091 0.8091 0.8091 0.8091 0.8091 0.8091 0.8091 0.8091 0.8091 0.8091 0.8091 0.8091 0.8091 0.8091 0.8091 0.6329 0.6884 0.656 0.6421 0.7 0.6791 0.656 0.7069 0.6977 0.663 0.693 0.7116 0.6652 0.6722 0.7162 0.6652 0.6444 0.7069 0.6699 0.6374 0.6826 0.6641 0.6388 0.6941 0.6872 0.648 0.6826 0.7033 0.6596 0.671 0.7194 0.6641 0.648 0.7126 0.6641 0.6272 0.6918 0.6596 0.6249 0.6503
0.8091 1.0 0.0 0.45 0.46 0.47 0.48 0.49 0.5 0.51 0.52 0.53 0.54 0.55 0.56 0.57 0.58 0.59 0.6 0.61 0.62 0.63 0.64 0.8091 0.8091 0.8091 0.8091 0.8091 0.8091 0.8091 0.8091 0.8091 0.8091 0.8091 0.8091 0.8091 0.8091 0.8091 0.8091 0.8091 0.8091 0.8091 0.8091 0.6884 0.656 0.6421 0.7 0.6791 0.656 0.7069 0.6977 0.663 0.693 0.7116 0.6652 0.6722 0.7162 0.6652 0.6444 0.7069 0.6699 0.6374 0.6769 0.6641 0.6388 0.6941 0.6872 0.648 0.6826 0.7033 0.6596 0.671 0.7194 0.6641 0.648 0.7126 0.6641 0.6272 0.6918 0.6596 0.6249 0.6503 0.6572
0.8091 1.0 0.0 0.46 0.47 0.48 0.49 0.5 0.51 0.52 0.53 0.54 0.55 0.56 0.57 0.58 0.59 0.6 0.61 0.62 0.63 0.64 0.65 0.8091 0.8091 0.8091 0.8091 0.8091 0.8091 0.8091 0.8091 0.8091 0.8091 0.8091 0.8091 0.8091 0.8091 0.8091 0.8091 0.8091 0.8091 0.8091 0.8091 0.656 0.6421 0.7 0.6791 0.656 0.7069 0.6977 0.663 0.693 0.7116 0.6652 0.6722 0.7162 0.6652 0.6444 0.7069 0.6699 0.6374 0.6769 0.6722 0.6388 0.6941 0.6872 0.648 0.6826 0.7033 0.6596 0.671 0.7194 0.6641 0.648 0.7126 0.6641 0.6272 0.6918 0.6596 0.6249 0.6503 0.6572 0.6226
0.8091 1.0 0.0 0.47 0.48 0.49 0.5 0.51 0.52 0.53 0.54 0.55 0.56 0.57 0.58 0.59 0.6 0.61 0.62 0.63 0.64 0.65 0.66 0.8091 0.8091 0.8091 0.8091 0.8091 0.8091 0.8091 0.8091 0.8091 0.8091 0.8091 0.8091 0.8091 0.8091 0.8091 0.8091 0.8091 0.8091 0.8091 0.8091 0.6421 0.7 0.6791 0.656 0.7069 0.6977 0.663 0.693 0.7116 0.6652 0.6722 0.7162 0.6652 0.6444 0.7069 0.6699 0.6374 0.6769 0.6722 0.6398 0.6941 0.6872 0.648 0.6826 0.7033 0.6596 0.671 0.7194 0.6641 0.648 0.7126 0.6641 0.6272 0.6918 0.6596 0.6249 0.6503 0.6572 0.6226 0.6111
0.8091 1.0 0.0 0.48 0.49 0.5 0.51 0.52 0.53 0.54 0.55 0.56 0.57 0.58 0.59 0.6 0.61 0.62 0.63 0.64 0.65 0.66 0.67 0.8091 0.8091 0.8091 0.8091 0.8091 0.8091 0.8091 0.8091 0.8091 0.8091 0.8091 0.8091 0.8091 0.8091 0.8091 0.8091 0.8091 0.8091 0.8091 0.8091 0.7 0.6791 0.656 0.7069 0.6977 0.663 0.693 0.7116 0.6652 0.6722 0.7162 0.6652 0.6444 0.7069 0.6699 0.6374 0.6769 0.6722 0.6398 0.6583 0.6872 0.648 0.6826 0.7033 0.6596 0.671 0.7194 0.6641 0.648 0.7126 0.6641 0.6272 0.6918 0.6596 0.6249 0.6503 0.6572 0.6226 0.6111 0.6433
0.8091 1.0 0.0 0.49 0.5 0.51 0.52 0.53 0.54 0.55 0.56 0.57 0.58 0.59 0.6 0.61 0.62 0.63 0.64 0.65 0.66 0.67 0.68 0.8091 0.8091 0.8091 0.8091 0.8091 0.8091 0.8091 0.8091 0.8091 0.8091 0.8091 0.8091 0.8091 0.8091 0.8091 0.8091 0.8091 0.8091 0.8091 0.8091 0.6791 0.656 0.7069 0.6977 0.663 0.693 0.7116 0.6652 0.6722 0.7162 0.6652 0.6444 0.7069 0.6699 0.6374 0.6769 0.6722 0.6398 0.6583 0.6652 0.648 0.6826 0.7033 0.6596 0.671 0.7194 0.6641 0.648 0.7126 0.6641 0.6272 0.6918 0.6596 0.6249 0.6503 0.6572 0.6226 0.6111 0.6433 0.618
0.8091 1.0 0.0 0.5 0.51 0.52 0.53 0.54 0.55 0.56 0.57 0.58 0.59 0.6 0.61 0.62 0.63 0.64 0.65 0.66 0.67 0.68 0.69 0.8091 0.8091 0.8091 0.8091 0.8091 0.8091 0.8091 0.8091 0.8091 0.8091 0.8091 0.8091 0.8091 0.8091 0.8091 0.8091 0.8091 0.8091 0.8091 0.8091 0.656 0.7069 0.6977 0.663 0.693 0.7116 0.6652 0.6722 0.7162 0.6652 0.6444 0.7069 0.6699 0.6374 0.6769 0.6722 0.6398 0.6583 0.6652 0.6374 0.6826 0.7033 0.6596 0.671 0.7194 0.6641 0.648 0.7126 0.6641 0.6272 0.6918 0.6596 0.6249 0.6503 0.6572 0.6226 0.6111 0.6433 0.618 0.5949
0.8091 1.0 0.0 0.51 0.52 0.53 0.54 0.55 0.56 0.57 0.58 0.59 0.6 0.61 0.62 0.63 0.64 0.65 0.66 0.67 0.68 0.69 0.7 0.8091 0.8091 0.8091 0.8091 0.8091 0.8091 0.8091 0.8091 0.8091 0.8091 0.8091 0.8091 0.8091 0.8091 0.8091 0.8091 0.8091 0.8091 0.8091 0.8091 0.7069 0.6977 0.663 0.693 0.7116 0.6652 0.6722 0.7162 0.6652 0.6444 0.7069 0.6699 0.6374 0.6769 0.6722 0.6398 0.6583 0.6652 0.6374 0.6098 0.7033 0.6596 0.671 0.7194 0.6641 0.648 0.7126 0.6641 0.6272 0.6918 0.6596 0.6249 0.6503 0.6572 0.6226 0.6111 0.6433 0.618 0.5949 0.5742
0.8091 1.0 0.0 0.52 0.53 0.54 0.55 0.56 0.57 0.58 0.59 0.6 0.61 0.62 0.63 0.64 0.65 0.66 0.67 0.68 0.69 0.7 0.71 0.8091 0.8091 0.8091 0.8091 0.8091 0.8091 0.8091 0.8091 0.8091 0.8091 0.8091 0.8091 0.8091 0.8091 0.8091 0.8091 0.8091 0.8091 0.8091 0.8091 0.6977 0.663 0.693 0.7116 0.6652 0.6722 0.7162 0.6652 0.6444 0.7069 0.6699 0.6374 0.6769 0.6722 0.6398 0.6583 0.6652 0.6374 0.6098 0.5842 0.6596 0.671 0.7194 0.6641 0.648 0.7126 0.6641 0.6272 0.6918 0.6596 0.6249 0.6503 0.6572 0.6226 0.6111 0.6433 0.618 0.5949 0.5742 0.5627
0.8091 1.0 0.0 0.53 0.54 0.55 0.56 0.57 0.58 0.59 0.6 0.61 0.62 0.63 0.64 0.65 0.66 0.67 0.68 0.69 0.7 0.71 0.72 0.8091 0.8091 0.8091 0.8091 0.8091 0.8091 0.8091 0.8091 0.8091 0.8091 0.8091 0.8091 0.8091 0.8091 0.8091 0.8091 0.8091 0.8091 0.8091 0.8091 0.663 0.693 0.7116 0.6652 0.6722 0.7162 0.6652 0.6444 0.7069 0.6699 0.6374 0.6769 0.6722 0.6398 0.6583 0.6652 0.6374 0.6098 0.5842 0.5703 0.671 0.7194 0.6641 0.648 0.7126 0.6641 0.6272 0.6918 0.6596 0.6249 0.6503 0.6572 0.6226 0.6111 0.6433 0.618 0.5949 0.5742 0.5627 0.5511
0.8091 1.0 0.0 0.54 0.55 0.56 0.57 0.58 0.59 0.6 0.61 0.62 0.63 0.64 0.65 0.66 0.67 0.68 0.69 0.7 0.71 0.72 0.73 0.8091 0.8091 0.8091 0.8091 0.8091 0.8091 0.8091 0.8091 0.8091 0.8091 0.8091 0.8091 0.8091 0.8091 0.8091 0.8091 0.8091 0.8091 0.8091 0.8091 0.693 0.7116 0.6652 0.6722 0.7162 0.6652 0.6444 0.7069 0.6699 0.6374 0.6769 0.6722 0.6398 0.6583 0.6652 0.6374 0.6098 0.5842 0.5703 0.5496 0.7194 0.6641 0.648 0.7126 0.6641 0.6272 0.6918 0.6596 0.6249 0.6503 0.6572 0.6226 0.6111 0.6433 0.618 0.5949 0.5742 0.5627 0.5511 0.528
0.8091 1.0 0.0 0.55 0.56 0.57 0.58 0.59 0.6 0.61 0.62 0.63 0.64 0.65 0.66 0.67 0.68 0.69 0.7 0.71 0.72 0.73 0.74 0.8091 0.8091 0.8091 0.8091 0.8091 0.8091 0.8091 0.8091 0.8091 0.8091 0.8091 0.8091 0.8091 0.8091 0.8091 0.8091 0.8091 0.8091 0.8091 0.8091 0.7116 0.6652 0.6722 0.7162 0.6652 0.6444 0.7069 0.6699 0.6374 0.6769 0.6722 0.6398 0.6583 0.6652 0.6374 0.6098 0.5842 0.5703 0.5496 0.5241 0.6641 0.648 0.7126 0.6641 0.6272 0.6918 0.6596 0.6249 0.6503 0.6572 0.6226 0.6111 0.6433 0.618 0.5949 0.5742 0.5627 0.5511 0.528 0.5166
0.8091 1.0 0.0 0.56 0.57 0.58 0.59 0.6 0.61 0.62 0.63 0.64 0.65 0.66 0.67 0.68 0.69 0.7 0.71 0.72 0.73 0.74 0.75 0.8091 0.8091 0.8091 0.8091 0.8091 0.8091 0.8091 0.8091 0.8091 0.8091 0.8091 0.8091 0.8091 0.8091 0.8091 0.8091 0.8091 0.8091 0.8091 0.8091 0.6652 0.6722 0.7162 0.6652 0.6444 0.7069 0.6699 0.6374 0.6769 0.6722 0.6398 0.6583 0.6652 0.6374 0.6098 0.5842 0.5703 0.5496 0.5241 0.5171 0.648 0.7126 0.6641 0.6272 0.6918 0.6596 0.6249 0.6503 0.6572 0.6226 0.6111 0.6433 0.618 0.5949 0.5742 0.5627 0.5511 0.528 0.5166 0.5072
0.8091 1.0 0.0 0.57 0.58 0.59 0.6 0.61 0.62 0.63 0.64 0.65 0.66 0.67 0.68 0.69 0.7 0.71 0.72 0.73 0.74 0.75 0.76 0.8091 0.8091 0.8091 0.8091 0.8091 0.8091 0.8091 0.8091 0.8091 0.8091 0.8091 0.8091 0.8091 0.8091 0.8091 0.8091 0.8091 0.8091 0.8091 0.8091 0.6722 0.7162 0.6652 0.6444 0.7069 0.6699 0.6374 0.6769 0.6722 0.6398 0.6583 0.6652 0.6374 0.6098 0.5842 0.5703 0.5496 0.5241 0.5171 0.5032 0.7126 0.6641 0.6272 0.6918 0.6596 0.6249 0.6503 0.6572 0.6226 0.6111 0.6433 0.618 0.5949 0.5742 0.5627 0.5511 0.528 0.5166 0.5072 0.4842
0.8091 1.0 0.0 0.58 0.59 0.6 0.61 0.62 0.63 0.64 0.65 0.66 0.67 0.68 0.69 0.7 0.71 0.72 0.73 0.74 0.75 0.76 0.77 0.8091 0.8091 0.8091 0.8091 0.8091 0.8091 0.8091 0.8091 0.8091 0.8091 0.8091 0.8091 0.8091 0.8091 0.8091 0.8091 0.8091 0.8091 0.8091 0.8091 0.7162 0.6652 0.6444 0.7069 0.6699 0.6374 0.6769 0.6722 0.6398 0.6583 0.6652 0.6374 0.6098 0.5842 0.5703 0.5496 0.5241 0.5171 0.5032 0.4778 0.6641 0.6272 0.6918 0.6596 0.6249 0.6503 0.6572 0.6226 0.6111 0.6433 0.618 0.5949 0.5742 0.5627 0.5511 0.528 0.5166 0.5072 0.4842 0.4703
0.8091 1.0 0.0 0.59 0.6 0.61 0.62 0.63 0.64 0.65 0.66 0.67 0.68 0.69 0.7 0.71 0.72 0.73 0.74 0.75 0.76 0.77 0.78 0.8091 0.8091 0.8091 0.8091 0.8091 0.8091 0.8091 0.8091 0.8091 0.8091 0.8091 0.8091 0.8091 0.8091 0.8091 0.8091 0.8091 0.8091 0.8091 0.8091 0.6652 0.6444 0.7069 0.6699 0.6374 0.6769 0.6722 0.6398 0.6583 0.6652 0.6374 0.6098 0.5842 0.5703 0.5496 0.5241 0.5171 0.5032 0.4778 0.4662 0.6272 0.6918 0.6596 0.6249 0.6503 0.6572 0.6226 0.6111 0.6433 0.618 0.5949 0.5742 0.5627 0.5511 0.528 0.5166 0.5072 0.4842 0.4703 0.4681
0.8091 1.0 0.0 0.6 0.61 0.62 0.63 0.64 0.65 0.66 0.67 0.68 0.69 0.7 0.71 0.72 0.73 0.74 0.75 0.76 0.77 0.78 0.79 0.8091 0.8091 0.8091 0.8091 0.8091 0.8091 0.8091 0.8091 0.8091 0.8091 0.8091 0.8091 0.8091 0.8091 0.8091 0.8091 0.8091 0.8091 0.8091 0.8091 0.6444 0.7069 0.6699 0.6374 0.6769 0.6722 0.6398 0.6583 0.6652 0.6374 0.6098 0.5842 0.5703 0.5496 0.5241 0.5171 0.5032 0.4778 0.4662 0.457 0.6918 0.6596 0.6249 0.6503 0.6572 0.6226 0.6111 0.6433 0.618 0.5949 0.5742 0.5627 0.5511 0.528 0.5166 0.5072 0.4842 0.4703 0.4681 0.445
0.8091 1.0 0.0 0.61 0.62 0.63 0.64 0.65 0.66 0.67 0.68 0.69 0.7 0.71 0.72 0.73 0.74 0.75 0.76 0.77 0.78 0.79 0.8 0.8091 0.8091 0.8091 0.8091 0.8091 0.8091 0.8091 0.8091 0.8091 0.8091 0.8091 0.8091 0.8091 0.8091 0.8091 0.8091 0.8091 0.8091 0.8091 0.8091 0.7069 0.6699 0.6374 0.6769 0.6722 0.6398 0.6583 0.6652 0.6374 0.6098 0.5842 0.5703 0.5496 0.5241 0.5171 0.5032 0.4778 0.4662 0.457 0.4361 0.6596 0.6249 0.6503 0.6572 0.6226 0.6111 0.6433 0.618 0.5949 0.5742 0.5627 0.5511 0.528 0.5166 0.5072 0.4842 0.4703 0.4681 0.445 0.4311
0.8091 1.0 0.0 0.62 0.63 0.64 0.65 0.66 0.67 0.68 0.69 0.7 0.71 0.72 0.73 0.74 0.75 0.76 0.77 0.78 0.79 0.8 0.81 0.8091 0.8091 0.8091 0.8091 0.8091 0.8091 0.8091 0.8091 0.8091 0.8091 0.8091 0.8091 0.8091 0.8091 0.8091 0.8091 0.8091 0.8091 0.8091 0.8091 0.6699 0.6374 0.6769 0.6722 0.6398 0.6583 0.6652 0.6374 0.6098 0.5842 0.5703 0.5496 0.5241 0.5171 0.5032 0.4778 0.4662 0.457 0.4361 0.4246 0.6249 0.6503 0.6572 0.6226 0.6111 0.6433 0.618 0.5949 0.5742 0.5627 0.5511 0.528 0.5166 0.5072 0.4842 0.4703 0.4681 0.445 0.4311 0.4289
0.8091 1.0 0.0 0.63 0.64 0.65 0.66 0.67 0.68 0.69 0.7 0.71 0.72 0.73 0.74 0.75 0.76 0.77 0.78 0.79 0.8 0.81 0.82 0.8091 0.8091 0.8091 0.8091 0.8091 0.8091 0.8091 0.8091 0.8091 0.8091 0.8091 0.8091 0.8091 0.8091 0.8091 0.8091 0.8091 0.8091 0.8091 0.8091 0.6374 0.6769 0.6722 0.6398 0.6583 0.6652 0.6374 0.6098 0.5842 0.5703 0.5496 0.5241 0.5171 0.5032 0.4778 0.4662 0.457 0.4361 0.4246 0.4199 0.6503 0.6572 0.6226 0.6111 0.6433 0.618 0.5949 0.5742 0.5627 0.5511 0.528 0.5166 0.5072 0.4842 0.4703 0.4681 0.445 0.4311 0.4289 0.4127
0.8091 1.0 0.0 0.64 0.65 0.66 0.67 0.68 0.69 0.7 0.71 0.72 0.73 0.74 0.75 0.76 0.77 0.78 0.79 0.8 0.81 0.82 0.83 0.8091 0.8091 0.8091 0.8091 0.8091 0.8091 0.8091 0.8091 0.8091 0.8091 0.8091 0.8091 0.8091 0.8091 0.8091 0.8091 0.8091 0.8091 0.8091 0.8091 0.6769 0.6722 0.6398 0.6583 0.6652 0.6374 0.6098 0.5842 0.5703 0.5496 0.5241 0.5171 0.5032 0.4778 0.4662 0.457 0.4361 0.4246 0.4199 0.4014 0.6572 0.6226 0.6111 0.6433 0.618 0.5949 0.5742 0.5627 0.5511 0.528 0.5166 0.5072 0.4842 0.4703 0.4681 0.445 0.4311 0.4289 0.4127 0.3966
0.8091 1.0 0.0 0.65 0.66 0.67 0.68 0.69 0.7 0.71 0.72 0.73 0.74 0.75 0.76 0.77 0.78 0.79 0.8 0.81 0.82 0.83 0.84 0.8091 0.8091 0.8091 0.8091 0.8091 0.8091 0.8091 0.8091 0.8091 0.8091 0.8091 0.8091 0.8091 0.8091 0.8091 0.8091 0.8091 0.8091 0.8091 0.8091 0.6722 0.6398 0.6583 0.6652 0.6374 0.6098 0.5842 0.5703 0.5496 0.5241 0.5171 0.5032 0.4778 0.4662 0.457 0.4361 0.4246 0.4199 0.4014 0.3899 0.6226 0.6111 0.6433 0.618 0.5949 0.5742 0.5627 0.5511 0.528 0.5166 0.5072 0.4842 0.4703 0.4681 0.445 0.4311 0.4289 0.4127 0.3966 0.3989
0.8091 1.0 0.0 0.66 0.67 0.68 0.69 0.7 0.71 0.72 0.73 0.74 0.75 0.76 0.77 0.78 0.79 0.8 0.81 0.82 0.83 0.84 0.85 0.8091 0.8091 0.8091 0.8091 0.8091 0.8091 0.8091 0.8091 0.8091 0.8091 0.8091 0.8091 0.8091 0.8091 0.8091 0.8091 0.8091 0.8091 0.8091 0.8091 0.6398 0.6583 0.6652 0.6374 0.6098 0.5842 0.5703 0.5496 0.5241 0.5171 0.5032 0.4778 0.4662 0.457 0.4361 0.4246 0.4199 0.4014 0.3899 0.3876 0.6111 0.6433 0.618 0.5949 0.5742 0.5627 0.5511 0.528 0.5166 0.5072 0.4842 0.4703 0.4681 0.445 0.4311 0.4289 0.4127 0.3966 0.3989 0.3897
0.8091 1.0 0.0 0.67 0.68 0.69 0.7 0.71 0.72 0.73 0.74 0.75 0.76 0.77 0.78 0.79 0.8 0.81 0.82 0.83 0.84 0.85 0.86 0.8091 0.8091 0.8091 0.8091 0.8091 0.8091 0.8091 0.8091 0.8091 0.8091 0.8091 0.8091 0.8091 0.8091 0.8091 0.8091 0.8091 0.8091 0.8091 0.8091 0.6583 0.6652 0.6374 0.6098 0.5842 0.5703 0.5496 0.5241 0.5171 0.5032 0.4778 0.4662 0.457 0.4361 0.4246 0.4199 0.4014 0.3899 0.3876 0.3737 0.6433 0.618 0.5949 0.5742 0.5627 0.5511 0.528 0.5166 0.5072 0.4842 0.4703 0.4681 0.445 0.4311 0.4289 0.4127 0.3966 0.3989 0.3897 0.3712
0.8091 1.0 0.0 0.68 0.69 0.7 0.71 0.72 0.73 0.74 0.75 0.76 0.77 0.78 0.79 0.8 0.81 0.82 0.83 0.84 0.85 0.86 0.87 0.8091 0.8091 0.8091 0.8091 0.8091 0.8091 0.8091 0.8091 0.8091 0.8091 0.8091 0.8091 0.8091 0.8091 0.8091 0.8091 0.8091 0.8091 0.8091 0.8091 0.6652 0.6374 0.6098 0.5842 0.5703 0.5496 0.5241 0.5171 0.5032 0.4778 0.4662 0.457 0.4361 0.4246 0.4199 0.4014 0.3899 0.3876 0.3737 0.3598 0.618 0.5949 0.5742 0.5627 0.5511 0.528 0.5166 0.5072 0.4842 0.4703 0.4681 0.445 0.4311 0.4289 0.4127 0.3966 0.3989 0.3897 0.3712 0.3689
0.8091 1.0 0.0 0.69 0.7 0.71 0.72 0.73 0.74 0.75 0.76 0.77 0.78 0.79 0.8 0.81 0.82 0.83 0.84 0.85 0.86 0.87 0.88 0.8091 0.8091 0.8091 0.8091 0.8091 0.8091 0.8091 0.8091 0.8091 0.8091 0.8091 0.8091 0.8091 0.8091 0.8091 0.8091 0.8091 0.8091 0.8091 0.8091 0.6374 0.6098 0.5842 0.5703 0.5496 0.5241 0.5171 0.5032 0.4778 0.4662 0.457 0.4361 0.4246 0.4199 0.4014 0.3899 0.3876 0.3737 0.3598 0.3574 0.5949 0.5742 0.5627 0.5511 0.528 0.5166 0.5072 0.4842 0.4703 0.4681 0.445 0.4311 0.4289 0.4127 0.3966 0.3989 0.3897 0.3712 0.3689 0.3597
0.8091 1.0 0.0 0.7 0.71 0.72 0.73 0.74 0.75 0.76 0.77 0.78 0.79 0.8 0.81 0.82 0.83 0.84 0.85 0.86 0.87 0.88 0.89 0.8091 0.8091 0.8091 0.8091 0.8091 0.8091 0.8091 0.8091 0.8091 0.8091 0.8091 0.8091 0.8091 0.8091 0.8091 0.8091 0.8091 0.8091 0.8091 0.8091 0.6098 0.5842 0.5703 0.5496 0.5241 0.5171 0.5032 0.4778 0.4662 0.457 0.4361 0.4246 0.4199 0.4014 0.3899 0.3876 0.3737 0.3598 0.3574 0.3459 0.5742 0.5627 0.5511 0.528 0.5166 0.5072 0.4842 0.4703 0.4681 0.445 0.4311 0.4289 0.4127 0.3966 0.3989 0.3897 0.3712 0.3689 0.3597 0.3436
0.8091 1.0 0.0 0.71 0.72 0.73 0.74 0.75 0.76 0.77 0.78 0.79 0.8 0.81 0.82 0.83 0.84 0.85 0.86 0.87 0.88 0.89 0.9 0.8091 0.8091 0.8091 0.8091 0.8091 0.8091 0.8091 0.8091 0.8091 0.8091 0.8091 0.8091 0.8091 0.8091 0.8091 0.8091 0.8091 0.8091 0.8091 0.8091 0.5842 0.5703 0.5496 0.5241 0.5171 0.5032 0.4778 0.4662 0.457 0.4361 0.4246 0.4199 0.4014 0.3899 0.3876 0.3737 0.3598 0.3574 0.3459 0.332 0.5627 0.5511 0.528 0.5166 0.5072 0.4842 0.4703 0.4681 0.445 0.4311 0.4289 0.4127 0.3966 0.3989 0.3897 0.3712 0.3689 0.3597 0.3436 0.3366
0.8091 1.0 0.0 0.72 0.73 0.74 0.75 0.76 0.77 0.78 0.79 0.8 0.81 0.82 0.83 0.84 0.85 0.86 0.87 0.88 0.89 0.9 0.91 0.8091 0.8091 0.8091 0.8091 0.8091 0.8091 0.8091 0.8091 0.8091 0.8091 0.8091 0.8091 0.8091 0.8091 0.8091 0.8091 0.8091 0.8091 0.8091 0.8091 0.5703 0.5496 0.5241 0.5171 0.5032 0.4778 0.4662 0.457 0.4361 0.4246 0.4199 0.4014 0.3899 0.3876 0.3737 0.3598 0.3574 0.3459 0.332 0.325 0.5511 0.528 0.5166 0.5072 0.4842 0.4703 0.4681 0.445 0.4311 0.4289 0.4127 0.3966 0.3989 0.3897 0.3712 0.3689 0.3597 0.3436 0.3366 0.332
0.8091 1.0 0.0 0.73 0.74 0.75 0.76 0.77 0.78 0.79 0.8 0.81 0.82 0.83 0.84 0.85 0.86 0.87 0.88 0.89 0.9 0.91 0.92 0.8091 0.8091 0.8091 0.8091 0.8091 0.8091 0.8091 0.8091 0.8091 0.8091 0.8091 0.8091 0.8091 0.8091 0.8091 0.8091 0.8091 0.8091 0.8091 0.8091 0.5496 0.5241 0.5171 0.5032 0.4778 0.4662 0.457 0.4361 0.4246 0.4199 0.4014 0.3899 0.3876 0.3737 0.3598 0.3574 0.3459 0.332 0.325 0.3181 0.528 0.5166 0.5072 0.4842 0.4703 0.4681 0.445 0.4311 0.4289 0.4127 0.3966 0.3989 0.3897 0.3712 0.3689 0.3597 0.3436 0.3366 0.332 0.3204
0.8091 1.0 0.0 0.74 0.75 0.76 0.77 0.78 0.79 0.8 0.81 0.82 0.83 0.84 0.85 0.86 0.87 0.88 0.89 0.9 0.91 0.92 0.93 0.8091 0.8091 0.8091 0.8091 0.8091 0.8091 0.8091 0.8091 0.8091 0.8091 0.8091 0.8091 0.8091 0.8091 0.8091 0.8091 0.8091 0.8091 0.8091 0.8091 0.5241 0.5171 0.5032 0.4778 0.4662 0.457 0.4361 0.4246 0.4199 0.4014 0.3899 0.3876 0.3737 0.3598 0.3574 0.3459 0.332 0.325 0.3181 0.3066 0.5166 0.5072 0.4842 0.4703 0.4681 0.445 0.4311 0.4289 0.4127 0.3966 0.3989 0.3897 0.3712 0.3689 0.3597 0.3436 0.3366 0.332 0.3204 0.3112
0.8091 1.0 0.0 0.75 0.76 0.77 0.78 0.79 0.8 0.81 0.82 0.83 0.84 0.85 0.86 0.87 0.88 0.89 0.9 0.91 0.92 0.93 0.94 0.8091 0.8091 0.8091 0.8091 0.8091 0.8091 0.8091 0.8091 0.8091 0.8091 0.8091 0.8091 0.8091 0.8091 0.8091 0.8091 0.8091 0.8091 0.8091 0.8091 0.5171 0.5032 0.4778 0.4662 0.457 0.4361 0.4246 0.4199 0.4014 0.3899 0.3876 0.3737 0.3598 0.3574 0.3459 0.332 0.325 0.3181 0.3066 0.2996 0.5072 0.4842 0.4703 0.4681 0.445 0.4311 0.4289 0.4127 0.3966 0.3989 0.3897 0.3712 0.3689 0.3597 0.3436 0.3366 0.332 0.3204 0.3112 0.3043
0.8091 1.0 0.0 0.76 0.77 0.78 0.79 0.8 0.81 0.82 0.83 0.84 0.85 0.86 0.87 0.88 0.89 0.9 0.91 0.92 0.93 0.94 0.95 0.8091 0.8091 0.8091 0.8091 0.8091 0.8091 0.8091 0.8091 0.8091 0.8091 0.8091 0.8091 0.8091 0.8091 0.8091 0.8091 0.8091 0.8091 0.8091 0.8091 0.5032 0.4778 0.4662 0.457 0.4361 0.4246 0.4199 0.4014 0.3899 0.3876 0.3737 0.3598 0.3574 0.3459 0.332 0.325 0.3181 0.3066 0.2996 0.2903 0.4842 0.4703 0.4681 0.445 0.4311 0.4289 0.4127 0.3966 0.3989 0.3897 0.3712 0.3689 0.3597 0.3436 0.3366 0.332 0.3204 0.3112 0.3043 0.2951
0.8091 1.0 0.0 0.77 0.78 0.79 0.8 0.81 0.82 0.83 0.84 0.85 0.86 0.87 0.88 0.89 0.9 0.91 0.92 0.93 0.94 0.95 0.96 0.8091 0.8091 0.8091 0.8091 0.8091 0.8091 0.8091 0.8091 0.8091 0.8091 0.8091 0.8091 0.8091 0.8091 0.8091 0.8091 0.8091 0.8091 0.8091 0.8091 0.4778 0.4662 0.457 0.4361 0.4246 0.4199 0.4014 0.3899 0.3876 0.3737 0.3598 0.3574 0.3459 0.332 0.325 0.3181 0.3066 0.2996 0.2903 0.2811 0.4703 0.4681 0.445 0.4311 0.4289 0.4127 0.3966 0.3989 0.3897 0.3712 0.3689 0.3597 0.3436 0.3366 0.332 0.3204 0.3112 0.3043 0.2951 0.2836
0.8091 1.0 0.0 0.78 0.79 0.8 0.81 0.82 0.83 0.84 0.85 0.86 0.87 0.88 0.89 0.9 0.91 0.92 0.93 0.94 0.95 0.96 0.97 0.8091 0.8091 0.8091 0.8091 0.8091 0.8091 0.8091 0.8091 0.8091 0.8091 0.8091 0.8091 0.8091 0.8091 0.8091 0.8091 0.8091 0.8091 0.8091 0.8091 0.4662 0.457 0.4361 0.4246 0.4199 0.4014 0.3899 0.3876 0.3737 0.3598 0.3574 0.3459 0.332 0.325 0.3181 0.3066 0.2996 0.2903 0.2811 0.2718 0.4681 0.445 0.4311 0.4289 0.4127 0.3966 0.3989 0.3897 0.3712 0.3689 0.3597 0.3436 0.3366 0.332 0.3204 0.3112 0.3043 0.2951 0.2836 0.2789
0.8091 1.0 0.0 0.79 0.8 0.81 0.82 0.83 0.84 0.85 0.86 0.87 0.88 0.89 0.9 0.91 0.92 0.93 0.94 0.95 0.96 0.97 0.0 0.8091 0.8091 0.8091 0.8091 0.8091 0.8091 0.8091 0.8091 0.8091 0.8091 0.8091 0.8091 0.8091 0.8091 0.8091 0.8091 0.8091 0.8091 0.8091 0.8091 0.457 0.4361 0.4246 0.4199 0.4014 0.3899 0.3876 0.3737 0.3598 0.3574 0.3459 0.332 0.325 0.3181 0.3066 0.2996 0.2903 0.2811 0.2718 0.2672 0.445 0.4311 0.4289 0.4127 0.3966 0.3989 0.3897 0.3712 0.3689 0.3597 0.3436 0.3366 0.332 0.3204 0.3112 0.3043 0.2951 0.2836 0.2789 0.272
0.8091 1.0 0.0 0.8 0.81 0.82 0.83 0.84 0.85 0.86 0.87 0.88 0.89 0.9 0.91 0.92 0.93 0.94 0.95 0.96 0.97 0.0 0.01 0.8091 0.8091 0.8091 0.8091 0.8091 0.8091 0.8091 0.8091 0.8091 0.8091 0.8091 0.8091 0.8091 0.8091 0.8091 0.8091 0.8091 0.8091 0.8091 0.8091 0.4361 0.4246 0.4199 0.4014 0.3899 0.3876 0.3737 0.3598 0.3574 0.3459 0.332 0.325 0.3181 0.3066 0.2996 0.2903 0.2811 0.2718 0.2672 0.2602 0.4311 0.4289 0.4127 0.3966 0.3989 0.3897 0.3712 0.3689 0.3597 0.3436 0.3366 0.332 0.3204 0.3112 0.3043 0.2951 0.2836 0.2789 0.272 0.3158
0.8091 1.0 0.0 0.81 0.82 0.83 0.84 0.85 0.86 0.87 0.88 0.89 0.9 0.91 0.92 0.93 0.94 0.95 0.96 0.97 0.0 0.01 0.02 0.8091 0.8091 0.8091 0.8091 0.8091 0.8091 0.8091 0.8091 0.8091 0.8091 0.8091 0.8091 0.8091 0.8091 0.8091 0.8091 0.8091 0.8091 0.8091 0.8091 0.4246 0.4199 0.4014 0.3899 0.3876 0.3737 0.3598 0.3574 0.3459 0.332 0.325 0.3181 0.3066 0.2996 0.2903 0.2811 0.2718 0.2672 0.2602 0.3273 0.4289 0.4127 0.3966 0.3989 0.3897 0.3712 0.3689 0.3597 0.3436 0.3366 0.332 0.3204 0.3112 0.3043 0.2951 0.2836 0.2789 0.272 0.3158 0.3389
0.8091 1.0 0.0 0.82 0.83 0.84 0.85 0.86 0.87 0.88 0.89 0.9 0.91 0.92 0.93 0.94 0.95 0.96 0.97 0.0 0.01 0.02 0.03 0.8091 0.8091 0.8091 0.8091 0.8091 0.8091 0.8091 0.8091 0.8091 0.8091 0.8091 0.8091 0.8091 0.8091 0.8091 0.8091 0.8091 0.8091 0.8091 0.8091 0.4199 0.4014 0.3899 0.3876 0.3737 0.3598 0.3574 0.3459 0.332 0.325 0.3181 0.3066 0.2996 0.2903 0.2811 0.2718 0.2672 0.2602 0.3273 0.325 0.4127 0.3966 0.3989 0.3897 0.3712 0.3689 0.3597 0.3436 0.3366 0.332 0.3204 0.3112 0.3043 0.2951 0.2836 0.2789 0.272 0.3158 0.3389 0.3112
0.8091 1.0 0.0 0.83 0.84 0.85 0.86 0.87 0.88 0.89 0.9 0.91 0.92 0.93 0.94 0.95 0.96 0.97 0.0 0.01 0.02 0.03 0.04 0.8091 0.8091 0.8091 0.8091 0.8091 0.8091 0.8091 0.8091 0.8091 0.8091 0.8091 0.8091 0.8091 0.8091 0.8091 0.8091 0.8091 0.8091 0.8091 0.8091 0.4014 0.3899 0.3876 0.3737 0.3598 0.3574 0.3459 0.332 0.325 0.3181 0.3066 0.2996 0.2903 0.2811 0.2718 0.2672 0.2602 0.3273 0.325 0.3066 0.3966 0.3989 0.3897 0.3712 0.3689 0.3597 0.3436 0.3366 0.332 0.3204 0.3112 0.3043 0.2951 0.2836 0.2789 0.272 0.3158 0.3389 0.3112 0.355
0.8091 1.0 0.0 0.84 0.85 0.86 0.87 0.88 0.89 0.9 0.91 0.92 0.93 0.94 0.95 0.96 0.97 0.0 0.01 0.02 0.03 0.04 0.05 0.8091 0.8091 0.8091 0.8091 0.8091 0.8091 0.8091 0.8091 0.8091 0.8091 0.8091 0.8091 0.8091 0.8091 0.8091 0.8091 0.8091 0.8091 0.8091 0.8091 0.3899 0.3876 0.3737 0.3598 0.3574 0.3459 0.332 0.325 0.3181 0.3066 0.2996 0.2903 0.2811 0.2718 0.2672 0.2602 0.3273 0.325 0.3066 0.3667 0.3989 0.3897 0.3712 0.3689 0.3597 0.3436 0.3366 0.332 0.3204 0.3112 0.3043 0.2951 0.2836 0.2789 0.272 0.3158 0.3389 0.3112 0.355 0.3919
0.8091 1.0 0.0 0.85 0.86 0.87 0.88 0.89 0.9 0.91 0.92 0.93 0.94 0.95 0.96 0.97 0.0 0.01 0.02 0.03 0.04 0.05 0.06 0.8091 0.8091 0.8091 0.8091 0.8091 0.8091 0.8091 0.8091 0.8091 0.8091 0.8091 0.8091 0.8091 0.8091 0.8091 0.8091 0.8091 0.8091 0.8091 0.8091 0.3876 0.3737 0.3598 0.3574 0.3459 0.332 0.325 0.3181 0.3066 0.2996 0.2903 0.2811 0.2718 0.2672 0.2602 0.3273 0.325 0.3066 0.3667 0.3737 0.3897 0.3712 0.3689 0.3597 0.3436 0.3366 0.332 0.3204 0.3112 0.3043 0.2951 0.2836 0.2789 0.272 0.3158 0.3389 0.3112 0.355 0.3919 0.355
0.8091 1.0 0.0 0.86 0.87 0.88 0.89 0.9 0.91 0.92 0.93 0.94 0.95 0.96 0.97 0.0 0.01 0.02 0.03 0.04 0.05 0.06 0.07 0.8091 0.8091 0.8091 0.8091 0.8091 0.8091 0.8091 0.8091 0.8091 0.8091 0.8091 0.8091 0.8091 0.8091 0.8091 0.8091 0.8091 0.8091 0.8091 0.8091 0.3737 0.3598 0.3574 0.3459 0.332 0.325 0.3181 0.3066 0.2996 0.2903 0.2811 0.2718 0.2672 0.2602 0.3273 0.325 0.3066 0.3667 0.3737 0.3482 0.3712 0.3689 0.3597 0.3436 0.3366 0.332 0.3204 0.3112 0.3043 0.2951 0.2836 0.2789 0.272 0.3158 0.3389 0.3112 0.355 0.3919 0.355 0.3712
0.8091 1.0 0.0 0.87 0.88 0.89 0.9 0.91 0.92 0.93 0.94 0.95 0.96 0.97 0.0 0.01 0.02 0.03 0.04 0.05 0.06 0.07 0.08 0.8091 0.8091 0.8091 0.8091 0.8091 0.8091 0.8091 0.8091 0.8091 0.8091 0.8091 0.8091 0.8091 0.8091 0.8091 0.8091 0.8091 0.8091 0.8091 0.8091 0.3598 0.3574 0.3459 0.332 0.325 0.3181 0.3066 0.2996 0.2903 0.2811 0.2718 0.2672 0.2602 0.3273 0.325 0.3066 0.3667 0.3737 0.3482 0.3852 0.3689 0.3597 0.3436 0.3366 0.332 0.3204 0.3112 0.3043 0.2951 0.2836 0.2789 0.272 0.3158 0.3389 0.3112 0.355 0.3919 0.355 0.3712 0.4358
0.8091 1.0 0.0 0.88 0.89 0.9 0.91 0.92 0.93 0.94 0.95 0.96 0.97 0.0 0.01 0.02 0.03 0.04 0.05 0.06 0.07 0.08 0.09 0.8091 0.8091 0.8091 0.8091 0.8091 0.8091 0.8091 0.8091 0.8091 0.8091 0.8091 0.8091 0.8091 0.8091 0.8091 0.8091 0.8091 0.8091 0.8091 0.8091 0.3574 0.3459 0.332 0.325 0.3181 0.3066 0.2996 0.2903 0.2811 0.2718 0.2672 0.2602 0.3273 0.325 0.3066 0.3667 0.3737 0.3482 0.3852 0.4199 0.3597 0.3436 0.3366 0.332 0.3204 0.3112 0.3043 0.2951 0.2836 0.2789 0.272 0.3158 0.3389 0.3112 0.355 0.3919 0.355 0.3712 0.4358 0.3919
0.8091 1.0 0.0 0.89 0.9 0.91 0.92 0.93 0.94 0.95 0.96 0.97 0.0 0.01 0.02 0.03 0.04 0.05 0.06 0.07 0.08 0.09 0.1 0.8091 0.8091 0.8091 0.8091 0.8091 0.8091 0.8091 0.8091 0.8091 0.8091 0.8091 0.8091 0.8091 0.8091 0.8091 0.8091 0.8091 0.8091 0.8091 0.8091 0.3459 0.332 0.325 0.3181 0.3066 0.2996 0.2903 0.2811 0.2718 0.2672 0.2602 0.3273 0.325 0.3066 0.3667 0.3737 0.3482 0.3852 0.4199 0.3852 0.3436 0.3366 0.332 0.3204 0.3112 0.3043 0.2951 0.2836 0.2789 0.272 0.3158 0.3389 0.3112 0.355 0.3919 0.355 0.3712 0.4358 0.3919 0.3758
0.8091 1.0 0.0 0.9 0.91 0.92 0.93 0.94 0.95 0.96 0.97 0.0 0.01 0.02 0.03 0.04 0.05 0.06 0.07 0.08 0.09 0.1 0.11 0.8091 0.8091 0.8091 0.8091 0.8091 0.8091 0.8091 0.8091 0.8091 0.8091 0.8091 0.8091 0.8091 0.8091 0.8091 0.8091 0.8091 0.8091 0.8091 0.8091 0.332 0.325 0.3181 0.3066 0.2996 0.2903 0.2811 0.2718 0.2672 0.2602 0.3273 0.325 0.3066 0.3667 0.3737 0.3482 0.3852 0.4199 0.3852 0.3921 0.3366 0.332 0.3204 0.3112 0.3043 0.2951 0.2836 0.2789 0.272 0.3158 0.3389 0.3112 0.355 0.3919 0.355 0.3712 0.4358 0.3919 0.3758 0.4589
0.8091 1.0 0.0 0.91 0.92 0.93 0.94 0.95 0.96 0.97 0.0 0.01 0.02 0.03 0.04 0.05 0.06 0.07 0.08 0.09 0.1 0.11 0.12 0.8091 0.8091 0.8091 0.8091 0.8091 0.8091 0.8091 0.8091 0.8091 0.8091 0.8091 0.8091 0.8091 0.8091 0.8091 0.8091 0.8091 0.8091 0.8091 0.8091 0.325 0.3181 0.3066 0.2996 0.2903 0.2811 0.2718 0.2672 0.2602 0.3273 0.325 0.3066 0.3667 0.3737 0.3482 0.3852 0.4199 0.3852 0.3921 0.4593 0.332 0.3204 0.3112 0.3043 0.2951 0.2836 0.2789 0.272 0.3158 0.3389 0.3112 0.355 0.3919 0.355 0.3712 0.4358 0.3919 0.3758 0.4589 0.4242
0.8091 1.0 0.0 0.92 0.93 0.94 0.95 0.96 0.97 0.0 0.01 0.02 0.03 0.04 0.05 0.06 0.07 0.08 0.09 0.1 0.11 0.12 0.13 0.8091 0.8091 0.8091 0.8091 0.8091 0.8091 0.8091 0.8091 0.8091 0.8091 0.8091 0.8091 0.8091 0.8091 0.8091 0.8091 0.8091 0.8091 0.8091 0.8091 0.3181 0.3066 0.2996 0.2903 0.2811 0.2718 0.2672 0.2602 0.3273 0.325 0.3066 0.3667 0.3737 0.3482 0.3852 0.4199 0.3852 0.3921 0.4593 0.4222 0.3204 0.3112 0.3043 0.2951 0.2836 0.2789 0.272 0.3158 0.3389 0.3112 0.355 0.3919 0.355 0.3712 0.4358 0.3919 0.3758 0.4589 0.4242 0.3966
0.8091 1.0 0.0 0.93 0.94 0.95 0.96 0.97 0.0 0.01 0.02 0.03 0.04 0.05 0.06 0.07 0.08 0.09 0.1 0.11 0.12 0.13 0.14 0.8091 0.8091 0.8091 0.8091 0.8091 0.8091 0.8091 0.8091 0.8091 0.8091 0.8091 0.8091 0.8091 0.8091 0.8091 0.8091 0.8091 0.8091 0.8091 0.8091 0.3066 0.2996 0.2903 0.2811 0.2718 0.2672 0.2602 0.3273 0.325 0.3066 0.3667 0.3737 0.3482 0.3852 0.4199 0.3852 0.3921 0.4593 0.4222 0.406 0.3112 0.3043 0.2951 0.2836 0.2789 0.272 0.3158 0.3389 0.3112 0.355 0.3919 0.355 0.3712 0.4358 0.3919 0.3758 0.4589 0.4242 0.3966 0.4611
0.8091 1.0 0.0 0.94 0.95 0.96 0.97 0.0 0.01 0.02 0.03 0.04 0.05 0.06 0.07 0.08 0.09 0.1 0.11 0.12 0.13 0.14 0.15 0.8091 0.8091 0.8091 0.8091 0.8091 0.8091 0.8091 0.8091 0.8091 0.8091 0.8091 0.8091 0.8091 0.8091 0.8091 0.8091 0.8091 0.8091 0.8091 0.8091 0.2996 0.2903 0.2811 0.2718 0.2672 0.2602 0.3273 0.325 0.3066 0.3667 0.3737 0.3482 0.3852 0.4199 0.3852 0.3921 0.4593 0.4222 0.406 0.4801 0.3043 0.2951 0.2836 0.2789 0.272 0.3158 0.3389 0.3112 0.355 0.3919 0.355 0.3712 0.4358 0.3919 0.3758 0.4589 0.4242 0.3966 0.4611 0.4611
0.8091 1.0 0.0 0.95 0.96 0.97 0.0 0.01 0.02 0.03 0.04 0.05 0.06 0.07 0.08 0.09 0.1 0.11 0.12 0.13 0.14 0.15 0.16 0.8091 0.8091 0.8091 0.8091 0.8091 0.8091 0.8091 0.8091 0.8091 0.8091 0.8091 0.8091 0.8091 0.8091 0.8091 0.8091 0.8091 0.8091 0.8091 0.8091 0.2903 0.2811 0.2718 0.2672 0.2602 0.3273 0.325 0.3066 0.3667 0.3737 0.3482 0.3852 0.4199 0.3852 0.3921 0.4593 0.4222 0.406 0.4801 0.4639 0.2951 0.2836 0.2789 0.272 0.3158 0.3389 0.3112 0.355 0.3919 0.355 0.3712 0.4358 0.3919 0.3758 0.4589 0.4242 0.3966 0.4611 0.4611 0.4289
0.8091 1.0 0.0 0.96 0.97 0.0 0.01 0.02 0.03 0.04 0.05 0.06 0.07 0.08 0.09 0.1 0.11 0.12 0.13 0.14 0.15 0.16 0.17 0.8091 0.8091 0.8091 0.8091 0.8091 0.8091 0.8091 0.8091 0.8091 0.8091 0.8091 0.8091 0.8091 0.8091 0.8091 0.8091 0.8091 0.8091 0.8091 0.8091 0.2811 0.2718 0.2672 0.2602 0.3273 0.325 0.3066 0.3667 0.3737 0.3482 0.3852 0.4199 0.3852 0.3921 0.4593 0.4222 0.406 0.4801 0.4639 0.4384 0.2836 0.2789 0.272 0.3158 0.3389 0.3112 0.355 0.3919 0.355 0.3712 0.4358 0.3919 0.3758 0.4589 0.4242 0.3966 0.4611 0.4611 0.4289 0.4519
