0.4614 1.0 0.023 0.78 0.79 0.8 0.81 0.82 0.83 0.84 0.85 0.86 0.87 0.88 0.89 0.9 0.91 0.92 0.93 0.94 0.95 0.96 0.97 0.5444 0.5237 0.5144 0.5121 0.4983 0.4822 0.4822 0.4684 0.4546 0.4477 0.4384 0.4269 0.4177 0.4131 0.3993 0.3923 0.3854 0.3762 0.367 0.3601 0.4408 0.4361 0.4246 0.406 0.4014 0.3921 0.376 0.369 0.3598 0.3459 0.3367 0.332 0.3181 0.3089 0.3019 0.2927 0.2833 0.2764 0.2672 0.2788 0.4473 0.4381 0.4173 0.4127 0.4081 0.3897 0.3804 0.3781 0.362 0.3504 0.3436 0.3342 0.3204 0.3158 0.3066 0.2973 0.2904 0.2812 0.272 0.2697
0.4477 1.0 0.023 0.79 0.8 0.81 0.82 0.83 0.84 0.85 0.86 0.87 0.88 0.89 0.9 0.91 0.92 0.93 0.94 0.95 0.96 0.97 0.0 0.5237 0.5144 0.5121 0.4983 0.4822 0.4822 0.4684 0.4546 0.4477 0.4384 0.4269 0.4177 0.4131 0.3993 0.3923 0.3854 0.3762 0.367 0.3601 0.367 0.4361 0.4246 0.406 0.4014 0.3921 0.376 0.369 0.3598 0.3459 0.3367 0.332 0.3181 0.3089 0.3019 0.2927 0.2833 0.2764 0.2672 0.2788 0.2996 0.4381 0.4173 0.4127 0.4081 0.3897 0.3804 0.3781 0.362 0.3504 0.3436 0.3342 0.3204 0.3158 0.3066 0.2973 0.2904 0.2812 0.272 0.2697 0.2651
0.4269 1.0 0.3147 0.8 0.81 0.82 0.83 0.84 0.85 0.86 0.87 0.88 0.89 0.9 0.91 0.92 0.93 0.94 0.95 0.96 0.97 0.0 0.01 0.5144 0.5121 0.4983 0.4822 0.4822 0.4684 0.4546 0.4477 0.4384 0.4269 0.4177 0.4131 0.3993 0.3923 0.3854 0.3762 0.367 0.3601 0.367 0.4614 0.4246 0.406 0.4014 0.3921 0.376 0.369 0.3598 0.3459 0.3367 0.332 0.3181 0.3089 0.3019 0.2927 0.2833 0.2764 0.2672 0.2788 0.2996 0.2857 0.4173 0.4127 0.4081 0.3897 0.3804 0.3781 0.362 0.3504 0.3436 0.3342 0.3204 0.3158 0.3066 0.2973 0.2904 0.2812 0.272 0.2697 0.2651 0.2973
0.5121 1.0 0.0457 0.81 0.82 0.83 0.84 0.85 0.86 0.87 0.88 0.89 0.9 0.91 0.92 0.93 0.94 0.95 0.96 0.97 0.0 0.01 0.02 0.5121 0.4983 0.4822 0.4822 0.4684 0.4546 0.4477 0.4384 0.4269 0.4177 0.4131 0.3993 0.3923 0.3854 0.3762 0.367 0.3601 0.367 0.4614 0.4477 0.406 0.4014 0.3921 0.376 0.369 0.3598 0.3459 0.3367 0.332 0.3181 0.3089 0.3019 0.2927 0.2833 0.2764 0.2672 0.2788 0.2996 0.2857 0.3204 0.4127 0.4081 0.3897 0.3804 0.3781 0.362 0.3504 0.3436 0.3342 0.3204 0.3158 0.3066 0.2973 0.2904 0.2812 0.272 0.2697 0.2651 0.2973 0.3712
0.5076 1.0 0.0693 0.82 0.83 0.84 0.85 0.86 0.87 0.88 0.89 0.9 0.91 0.92 0.93 0.94 0.95 0.96 0.97 0.0 0.01 0.02 0.03 0.4983 0.4822 0.4822 0.4684 0.4546 0.4477 0.4384 0.4269 0.4177 0.4131 0.3993 0.3923 0.3854 0.3762 0.367 0.3601 0.367 0.4614 0.4477 0.4269 0.4014 0.3921 0.376 0.369 0.3598 0.3459 0.3367 0.332 0.3181 0.3089 0.3019 0.2927 0.2833 0.2764 0.2672 0.2788 0.2996 0.2857 0.3204 0.3644 0.4081 0.3897 0.3804 0.3781 0.362 0.3504 0.3436 0.3342 0.3204 0.3158 0.3066 0.2973 0.2904 0.2812 0.272 0.2697 0.2651 0.2973 0.3712 0.3412
0.4753 1.0 0.284 0.83 0.84 0.85 0.86 0.87 0.88 0.89 0.9 0.91 0.92 0.93 0.94 0.95 0.96 0.97 0.0 0.01 0.02 0.03 0.04 0.4822 0.4822 0.4684 0.4546 0.4477 0.4384 0.4269 0.4177 0.4131 0.3993 0.3923 0.3854 0.3762 0.367 0.3601 0.367 0.4614 0.4477 0.4269 0.5121 0.3921 0.376 0.369 0.3598 0.3459 0.3367 0.332 0.3181 0.3089 0.3019 0.2927 0.2833 0.2764 0.2672 0.2788 0.2996 0.2857 0.3204 0.3644 0.3389 0.3897 0.3804 0.3781 0.362 0.3504 0.3436 0.3342 0.3204 0.3158 0.3066 0.2973 0.2904 0.2812 0.272 0.2697 0.2651 0.2973 0.3712 0.3412 0.3342
0.526 1.0 0.015 0.84 0.85 0.86 0.87 0.88 0.89 0.9 0.91 0.92 0.93 0.94 0.95 0.96 0.97 0.0 0.01 0.02 0.03 0.04 0.05 0.4822 0.4684 0.4546 0.4477 0.4384 0.4269 0.4177 0.4131 0.3993 0.3923 0.3854 0.3762 0.367 0.3601 0.367 0.4614 0.4477 0.4269 0.5121 0.5076 0.376 0.369 0.3598 0.3459 0.3367 0.332 0.3181 0.3089 0.3019 0.2927 0.2833 0.2764 0.2672 0.2788 0.2996 0.2857 0.3204 0.3644 0.3389 0.3436 0.3804 0.3781 0.362 0.3504 0.3436 0.3342 0.3204 0.3158 0.3066 0.2973 0.2904 0.2812 0.272 0.2697 0.2651 0.2973 0.3712 0.3412 0.3342 0.4197
0.5537 1.0 0.1077 0.85 0.86 0.87 0.88 0.89 0.9 0.91 0.92 0.93 0.94 0.95 0.96 0.97 0.0 0.01 0.02 0.03 0.04 0.05 0.06 0.4684 0.4546 0.4477 0.4384 0.4269 0.4177 0.4131 0.3993 0.3923 0.3854 0.3762 0.367 0.3601 0.367 0.4614 0.4477 0.4269 0.5121 0.5076 0.4753 0.369 0.3598 0.3459 0.3367 0.332 0.3181 0.3089 0.3019 0.2927 0.2833 0.2764 0.2672 0.2788 0.2996 0.2857 0.3204 0.3644 0.3389 0.3436 0.4153 0.3781 0.362 0.3504 0.3436 0.3342 0.3204 0.3158 0.3066 0.2973 0.2904 0.2812 0.272 0.2697 0.2651 0.2973 0.3712 0.3412 0.3342 0.4197 0.3873
0.5121 1.0 0.169 0.86 0.87 0.88 0.89 0.9 0.91 0.92 0.93 0.94 0.95 0.96 0.97 0.0 0.01 0.02 0.03 0.04 0.05 0.06 0.07 0.4546 0.4477 0.4384 0.4269 0.4177 0.4131 0.3993 0.3923 0.3854 0.3762 0.367 0.3601 0.367 0.4614 0.4477 0.4269 0.5121 0.5076 0.4753 0.526 0.3598 0.3459 0.3367 0.332 0.3181 0.3089 0.3019 0.2927 0.2833 0.2764 0.2672 0.2788 0.2996 0.2857 0.3204 0.3644 0.3389 0.3436 0.4153 0.3783 0.362 0.3504 0.3436 0.3342 0.3204 0.3158 0.3066 0.2973 0.2904 0.2812 0.272 0.2697 0.2651 0.2973 0.3712 0.3412 0.3342 0.4197 0.3873 0.3597
0.5282 1.0 0.0923 0.87 0.88 0.89 0.9 0.91 0.92 0.93 0.94 0.95 0.96 0.97 0.0 0.01 0.02 0.03 0.04 0.05 0.06 0.07 0.08 0.4477 0.4384 0.4269 0.4177 0.4131 0.3993 0.3923 0.3854 0.3762 0.367 0.3601 0.367 0.4614 0.4477 0.4269 0.5121 0.5076 0.4753 0.526 0.5537 0.3459 0.3367 0.332 0.3181 0.3089 0.3019 0.2927 0.2833 0.2764 0.2672 0.2788 0.2996 0.2857 0.3204 0.3644 0.3389 0.3436 0.4153 0.3783 0.3644 0.3504 0.3436 0.3342 0.3204 0.3158 0.3066 0.2973 0.2904 0.2812 0.272 0.2697 0.2651 0.2973 0.3712 0.3412 0.3342 0.4197 0.3873 0.3597 0.4311
0.5928 1.0 0.1387 0.88 0.89 0.9 0.91 0.92 0.93 0.94 0.95 0.96 0.97 0.0 0.01 0.02 0.03 0.04 0.05 0.06 0.07 0.08 0.09 0.4384 0.4269 0.4177 0.4131 0.3993 0.3923 0.3854 0.3762 0.367 0.3601 0.367 0.4614 0.4477 0.4269 0.5121 0.5076 0.4753 0.526 0.5537 0.5121 0.3367 0.332 0.3181 0.3089 0.3019 0.2927 0.2833 0.2764 0.2672 0.2788 0.2996 0.2857 0.3204 0.3644 0.3389 0.3436 0.4153 0.3783 0.3644 0.4408 0.3436 0.3342 0.3204 0.3158 0.3066 0.2973 0.2904 0.2812 0.272 0.2697 0.2651 0.2973 0.3712 0.3412 0.3342 0.4197 0.3873 0.3597 0.4311 0.4266
0.5513 1.0 0.0537 0.89 0.9 0.91 0.92 0.93 0.94 0.95 0.96 0.97 0.0 0.01 0.02 0.03 0.04 0.05 0.06 0.07 0.08 0.09 0.1 0.4269 0.4177 0.4131 0.3993 0.3923 0.3854 0.3762 0.367 0.3601 0.367 0.4614 0.4477 0.4269 0.5121 0.5076 0.4753 0.526 0.5537 0.5121 0.5282 0.332 0.3181 0.3089 0.3019 0.2927 0.2833 0.2764 0.2672 0.2788 0.2996 0.2857 0.3204 0.3644 0.3389 0.3436 0.4153 0.3783 0.3644 0.4408 0.4177 0.3342 0.3204 0.3158 0.3066 0.2973 0.2904 0.2812 0.272 0.2697 0.2651 0.2973 0.3712 0.3412 0.3342 0.4197 0.3873 0.3597 0.4311 0.4266 0.3897
0.5282 1.0 0.2153 0.9 0.91 0.92 0.93 0.94 0.95 0.96 0.97 0.0 0.01 0.02 0.03 0.04 0.05 0.06 0.07 0.08 0.09 0.1 0.11 0.4177 0.4131 0.3993 0.3923 0.3854 0.3762 0.367 0.3601 0.367 0.4614 0.4477 0.4269 0.5121 0.5076 0.4753 0.526 0.5537 0.5121 0.5282 0.5928 0.3181 0.3089 0.3019 0.2927 0.2833 0.2764 0.2672 0.2788 0.2996 0.2857 0.3204 0.3644 0.3389 0.3436 0.4153 0.3783 0.3644 0.4408 0.4177 0.3899 0.3204 0.3158 0.3066 0.2973 0.2904 0.2812 0.272 0.2697 0.2651 0.2973 0.3712 0.3412 0.3342 0.4197 0.3873 0.3597 0.4311 0.4266 0.3897 0.4242
0.6112 1.0 0.1383 0.91 0.92 0.93 0.94 0.95 0.96 0.97 0.0 0.01 0.02 0.03 0.04 0.05 0.06 0.07 0.08 0.09 0.1 0.11 0.12 0.4131 0.3993 0.3923 0.3854 0.3762 0.367 0.3601 0.367 0.4614 0.4477 0.4269 0.5121 0.5076 0.4753 0.526 0.5537 0.5121 0.5282 0.5928 0.5513 0.3089 0.3019 0.2927 0.2833 0.2764 0.2672 0.2788 0.2996 0.2857 0.3204 0.3644 0.3389 0.3436 0.4153 0.3783 0.3644 0.4408 0.4177 0.3899 0.4523 0.3158 0.3066 0.2973 0.2904 0.2812 0.272 0.2697 0.2651 0.2973 0.3712 0.3412 0.3342 0.4197 0.3873 0.3597 0.4311 0.4266 0.3897 0.4242 0.4611
0.5859 1.0 0.077 0.92 0.93 0.94 0.95 0.96 0.97 0.0 0.01 0.02 0.03 0.04 0.05 0.06 0.07 0.08 0.09 0.1 0.11 0.12 0.13 0.3993 0.3923 0.3854 0.3762 0.367 0.3601 0.367 0.4614 0.4477 0.4269 0.5121 0.5076 0.4753 0.526 0.5537 0.5121 0.5282 0.5928 0.5513 0.5282 0.3019 0.2927 0.2833 0.2764 0.2672 0.2788 0.2996 0.2857 0.3204 0.3644 0.3389 0.3436 0.4153 0.3783 0.3644 0.4408 0.4177 0.3899 0.4523 0.4593 0.3066 0.2973 0.2904 0.2812 0.272 0.2697 0.2651 0.2973 0.3712 0.3412 0.3342 0.4197 0.3873 0.3597 0.4311 0.4266 0.3897 0.4242 0.4611 0.4219
0.5537 1.0 0.2767 0.93 0.94 0.95 0.96 0.97 0.0 0.01 0.02 0.03 0.04 0.05 0.06 0.07 0.08 0.09 0.1 0.11 0.12 0.13 0.14 0.3923 0.3854 0.3762 0.367 0.3601 0.367 0.4614 0.4477 0.4269 0.5121 0.5076 0.4753 0.526 0.5537 0.5121 0.5282 0.5928 0.5513 0.5282 0.6112 0.2927 0.2833 0.2764 0.2672 0.2788 0.2996 0.2857 0.3204 0.3644 0.3389 0.3436 0.4153 0.3783 0.3644 0.4408 0.4177 0.3899 0.4523 0.4593 0.4246 0.2973 0.2904 0.2812 0.272 0.2697 0.2651 0.2973 0.3712 0.3412 0.3342 0.4197 0.3873 0.3597 0.4311 0.4266 0.3897 0.4242 0.4611 0.4219 0.4197
0.5951 1.0 0.0843 0.94 0.95 0.96 0.97 0.0 0.01 0.02 0.03 0.04 0.05 0.06 0.07 0.08 0.09 0.1 0.11 0.12 0.13 0.14 0.15 0.3854 0.3762 0.367 0.3601 0.367 0.4614 0.4477 0.4269 0.5121 0.5076 0.4753 0.526 0.5537 0.5121 0.5282 0.5928 0.5513 0.5282 0.6112 0.5859 0.2833 0.2764 0.2672 0.2788 0.2996 0.2857 0.3204 0.3644 0.3389 0.3436 0.4153 0.3783 0.3644 0.4408 0.4177 0.3899 0.4523 0.4593 0.4246 0.4523 0.2904 0.2812 0.272 0.2697 0.2651 0.2973 0.3712 0.3412 0.3342 0.4197 0.3873 0.3597 0.4311 0.4266 0.3897 0.4242 0.4611 0.4219 0.4197 0.4866
0.6112 1.0 0.1073 0.95 0.96 0.97 0.0 0.01 0.02 0.03 0.04 0.05 0.06 0.07 0.08 0.09 0.1 0.11 0.12 0.13 0.14 0.15 0.16 0.3762 0.367 0.3601 0.367 0.4614 0.4477 0.4269 0.5121 0.5076 0.4753 0.526 0.5537 0.5121 0.5282 0.5928 0.5513 0.5282 0.6112 0.5859 0.5537 0.2764 0.2672 0.2788 0.2996 0.2857 0.3204 0.3644 0.3389 0.3436 0.4153 0.3783 0.3644 0.4408 0.4177 0.3899 0.4523 0.4593 0.4246 0.4523 0.4987 0.2812 0.272 0.2697 0.2651 0.2973 0.3712 0.3412 0.3342 0.4197 0.3873 0.3597 0.4311 0.4266 0.3897 0.4242 0.4611 0.4219 0.4197 0.4866 0.4542
0.579 1.0 0.138 0.96 0.97 0.0 0.01 0.02 0.03 0.04 0.05 0.06 0.07 0.08 0.09 0.1 0.11 0.12 0.13 0.14 0.15 0.16 0.17 0.367 0.3601 0.367 0.4614 0.4477 0.4269 0.5121 0.5076 0.4753 0.526 0.5537 0.5121 0.5282 0.5928 0.5513 0.5282 0.6112 0.5859 0.5537 0.5951 0.2672 0.2788 0.2996 0.2857 0.3204 0.3644 0.3389 0.3436 0.4153 0.3783 0.3644 0.4408 0.4177 0.3899 0.4523 0.4593 0.4246 0.4523 0.4987 0.4639 0.272 0.2697 0.2651 0.2973 0.3712 0.3412 0.3342 0.4197 0.3873 0.3597 0.4311 0.4266 0.3897 0.4242 0.4611 0.4219 0.4197 0.4866 0.4542 0.4358
0.579 1.0 0.0537 0.97 0.0 0.01 0.02 0.03 0.04 0.05 0.06 0.07 0.08 0.09 0.1 0.11 0.12 0.13 0.14 0.15 0.16 0.17 0.18 0.3601 0.367 0.4614 0.4477 0.4269 0.5121 0.5076 0.4753 0.526 0.5537 0.5121 0.5282 0.5928 0.5513 0.5282 0.6112 0.5859 0.5537 0.5951 0.6112 0.2788 0.2996 0.2857 0.3204 0.3644 0.3389 0.3436 0.4153 0.3783 0.3644 0.4408 0.4177 0.3899 0.4523 0.4593 0.4246 0.4523 0.4987 0.4639 0.457 0.2697 0.2651 0.2973 0.3712 0.3412 0.3342 0.4197 0.3873 0.3597 0.4311 0.4266 0.3897 0.4242 0.4611 0.4219 0.4197 0.4866 0.4542 0.4358 0.4773
0.6297 1.0 0.1073 0.0 0.01 0.02 0.03 0.04 0.05 0.06 0.07 0.08 0.09 0.1 0.11 0.12 0.13 0.14 0.15 0.16 0.17 0.18 0.19 0.367 0.4614 0.4477 0.4269 0.5121 0.5076 0.4753 0.526 0.5537 0.5121 0.5282 0.5928 0.5513 0.5282 0.6112 0.5859 0.5537 0.5951 0.6112 0.579 0.2996 0.2857 0.3204 0.3644 0.3389 0.3436 0.4153 0.3783 0.3644 0.4408 0.4177 0.3899 0.4523 0.4593 0.4246 0.4523 0.4987 0.4639 0.457 0.5126 0.2651 0.2973 0.3712 0.3412 0.3342 0.4197 0.3873 0.3597 0.4311 0.4266 0.3897 0.4242 0.4611 0.4219 0.4197 0.4866 0.4542 0.4358 0.4773 0.4819
0.6089 1.0 0.0 0.01 0.02 0.03 0.04 0.05 0.06 0.07 0.08 0.09 0.1 0.11 0.12 0.13 0.14 0.15 0.16 0.17 0.18 0.19 0.2 0.4614 0.4477 0.4269 0.5121 0.5076 0.4753 0.526 0.5537 0.5121 0.5282 0.5928 0.5513 0.5282 0.6112 0.5859 0.5537 0.5951 0.6112 0.579 0.579 0.2857 0.3204 0.3644 0.3389 0.3436 0.4153 0.3783 0.3644 0.4408 0.4177 0.3899 0.4523 0.4593 0.4246 0.4523 0.4987 0.4639 0.457 0.5126 0.5032 0.2973 0.3712 0.3412 0.3342 0.4197 0.3873 0.3597 0.4311 0.4266 0.3897 0.4242 0.4611 0.4219 0.4197 0.4866 0.4542 0.4358 0.4773 0.4819 0.4634
0.602 1.0 0.169 0.02 0.03 0.04 0.05 0.06 0.07 0.08 0.09 0.1 0.11 0.12 0.13 0.14 0.15 0.16 0.17 0.18 0.19 0.2 0.21 0.4477 0.4269 0.5121 0.5076 0.4753 0.526 0.5537 0.5121 0.5282 0.5928 0.5513 0.5282 0.6112 0.5859 0.5537 0.5951 0.6112 0.579 0.579 0.6297 0.3204 0.3644 0.3389 0.3436 0.4153 0.3783 0.3644 0.4408 0.4177 0.3899 0.4523 0.4593 0.4246 0.4523 0.4987 0.4639 0.457 0.5126 0.5032 0.4848 0.3712 0.3412 0.3342 0.4197 0.3873 0.3597 0.4311 0.4266 0.3897 0.4242 0.4611 0.4219 0.4197 0.4866 0.4542 0.4358 0.4773 0.4819 0.4634 0.4773
0.6227 1.0 0.0693 0.03 0.04 0.05 0.06 0.07 0.08 0.09 0.1 0.11 0.12 0.13 0.14 0.15 0.16 0.17 0.18 0.19 0.2 0.21 0.22 0.4269 0.5121 0.5076 0.4753 0.526 0.5537 0.5121 0.5282 0.5928 0.5513 0.5282 0.6112 0.5859 0.5537 0.5951 0.6112 0.579 0.579 0.6297 0.6089 0.3644 0.3389 0.3436 0.4153 0.3783 0.3644 0.4408 0.4177 0.3899 0.4523 0.4593 0.4246 0.4523 0.4987 0.4639 0.457 0.5126 0.5032 0.4848 0.5126 0.3412 0.3342 0.4197 0.3873 0.3597 0.4311 0.4266 0.3897 0.4242 0.4611 0.4219 0.4197 0.4866 0.4542 0.4358 0.4773 0.4819 0.4634 0.4773 0.5096
0.6664 1.0 0.023 0.04 0.05 0.06 0.07 0.08 0.09 0.1 0.11 0.12 0.13 0.14 0.15 0.16 0.17 0.18 0.19 0.2 0.21 0.22 0.23 0.5121 0.5076 0.4753 0.526 0.5537 0.5121 0.5282 0.5928 0.5513 0.5282 0.6112 0.5859 0.5537 0.5951 0.6112 0.579 0.579 0.6297 0.6089 0.602 0.3389 0.3436 0.4153 0.3783 0.3644 0.4408 0.4177 0.3899 0.4523 0.4593 0.4246 0.4523 0.4987 0.4639 0.457 0.5126 0.5032 0.4848 0.5126 0.5496 0.3342 0.4197 0.3873 0.3597 0.4311 0.4266 0.3897 0.4242 0.4611 0.4219 0.4197 0.4866 0.4542 0.4358 0.4773 0.4819 0.4634 0.4773 0.5096 0.4934
0.6411 1.0 0.069 0.05 0.06 0.07 0.08 0.09 0.1 0.11 0.12 0.13 0.14 0.15 0.16 0.17 0.18 0.19 0.2 0.21 0.22 0.23 0.24 0.5076 0.4753 0.526 0.5537 0.5121 0.5282 0.5928 0.5513 0.5282 0.6112 0.5859 0.5537 0.5951 0.6112 0.579 0.579 0.6297 0.6089 0.602 0.6227 0.3436 0.4153 0.3783 0.3644 0.4408 0.4177 0.3899 0.4523 0.4593 0.4246 0.4523 0.4987 0.4639 0.457 0.5126 0.5032 0.4848 0.5126 0.5496 0.5194 0.4197 0.3873 0.3597 0.4311 0.4266 0.3897 0.4242 0.4611 0.4219 0.4197 0.4866 0.4542 0.4358 0.4773 0.4819 0.4634 0.4773 0.5096 0.4934 0.498
0.648 1.0 0.1457 0.06 0.07 0.08 0.09 0.1 0.11 0.12 0.13 0.14 0.15 0.16 0.17 0.18 0.19 0.2 0.21 0.22 0.23 0.24 0.25 0.4753 0.526 0.5537 0.5121 0.5282 0.5928 0.5513 0.5282 0.6112 0.5859 0.5537 0.5951 0.6112 0.579 0.579 0.6297 0.6089 0.602 0.6227 0.6664 0.4153 0.3783 0.3644 0.4408 0.4177 0.3899 0.4523 0.4593 0.4246 0.4523 0.4987 0.4639 0.457 0.5126 0.5032 0.4848 0.5126 0.5496 0.5194 0.5218 0.3873 0.3597 0.4311 0.4266 0.3897 0.4242 0.4611 0.4219 0.4197 0.4866 0.4542 0.4358 0.4773 0.4819 0.4634 0.4773 0.5096 0.4934 0.498 0.5442
0.7263 1.0 0.0843 0.07 0.08 0.09 0.1 0.11 0.12 0.13 0.14 0.15 0.16 0.17 0.18 0.19 0.2 0.21 0.22 0.23 0.24 0.25 0.26 0.526 0.5537 0.5121 0.5282 0.5928 0.5513 0.5282 0.6112 0.5859 0.5537 0.5951 0.6112 0.579 0.579 0.6297 0.6089 0.602 0.6227 0.6664 0.6411 0.3783 0.3644 0.4408 0.4177 0.3899 0.4523 0.4593 0.4246 0.4523 0.4987 0.4639 0.457 0.5126 0.5032 0.4848 0.5126 0.5496 0.5194 0.5218 0.575 0.3597 0.4311 0.4266 0.3897 0.4242 0.4611 0.4219 0.4197 0.4866 0.4542 0.4358 0.4773 0.4819 0.4634 0.4773 0.5096 0.4934 0.498 0.5442 0.5534
0.6941 1.0 0.023 0.08 0.09 0.1 0.11 0.12 0.13 0.14 0.15 0.16 0.17 0.18 0.19 0.2 0.21 0.22 0.23 0.24 0.25 0.26 0.27 0.5537 0.5121 0.5282 0.5928 0.5513 0.5282 0.6112 0.5859 0.5537 0.5951 0.6112 0.579 0.579 0.6297 0.6089 0.602 0.6227 0.6664 0.6411 0.648 0.3644 0.4408 0.4177 0.3899 0.4523 0.4593 0.4246 0.4523 0.4987 0.4639 0.457 0.5126 0.5032 0.4848 0.5126 0.5496 0.5194 0.5218 0.575 0.5773 0.4311 0.4266 0.3897 0.4242 0.4611 0.4219 0.4197 0.4866 0.4542 0.4358 0.4773 0.4819 0.4634 0.4773 0.5096 0.4934 0.498 0.5442 0.5534 0.5396
0.6896 1.0 0.261 0.09 0.1 0.11 0.12 0.13 0.14 0.15 0.16 0.17 0.18 0.19 0.2 0.21 0.22 0.23 0.24 0.25 0.26 0.27 0.28 0.5121 0.5282 0.5928 0.5513 0.5282 0.6112 0.5859 0.5537 0.5951 0.6112 0.579 0.579 0.6297 0.6089 0.602 0.6227 0.6664 0.6411 0.648 0.7263 0.4408 0.4177 0.3899 0.4523 0.4593 0.4246 0.4523 0.4987 0.4639 0.457 0.5126 0.5032 0.4848 0.5126 0.5496 0.5194 0.5218 0.575 0.5773 0.5658 0.4266 0.3897 0.4242 0.4611 0.4219 0.4197 0.4866 0.4542 0.4358 0.4773 0.4819 0.4634 0.4773 0.5096 0.4934 0.498 0.5442 0.5534 0.5396 0.5534
0.7494 1.0 0.1073 0.1 0.11 0.12 0.13 0.14 0.15 0.16 0.17 0.18 0.19 0.2 0.21 0.22 0.23 0.24 0.25 0.26 0.27 0.28 0.29 0.5282 0.5928 0.5513 0.5282 0.6112 0.5859 0.5537 0.5951 0.6112 0.579 0.579 0.6297 0.6089 0.602 0.6227 0.6664 0.6411 0.648 0.7263 0.6941 0.4177 0.3899 0.4523 0.4593 0.4246 0.4523 0.4987 0.4639 0.457 0.5126 0.5032 0.4848 0.5126 0.5496 0.5194 0.5218 0.575 0.5773 0.5658 0.5936 0.3897 0.4242 0.4611 0.4219 0.4197 0.4866 0.4542 0.4358 0.4773 0.4819 0.4634 0.4773 0.5096 0.4934 0.498 0.5442 0.5534 0.5396 0.5534 0.6133
0.7263 1.0 0.015 0.11 0.12 0.13 0.14 0.15 0.16 0.17 0.18 0.19 0.2 0.21 0.22 0.23 0.24 0.25 0.26 0.27 0.28 0.29 0.3 0.5928 0.5513 0.5282 0.6112 0.5859 0.5537 0.5951 0.6112 0.579 0.579 0.6297 0.6089 0.602 0.6227 0.6664 0.6411 0.648 0.7263 0.6941 0.6896 0.3899 0.4523 0.4593 0.4246 0.4523 0.4987 0.4639 0.457 0.5126 0.5032 0.4848 0.5126 0.5496 0.5194 0.5218 0.575 0.5773 0.5658 0.5936 0.619 0.4242 0.4611 0.4219 0.4197 0.4866 0.4542 0.4358 0.4773 0.4819 0.4634 0.4773 0.5096 0.4934 0.498 0.5442 0.5534 0.5396 0.5534 0.6133 0.5719
0.6988 1.0 0.1993 0.12 0.13 0.14 0.15 0.16 0.17 0.18 0.19 0.2 0.21 0.22 0.23 0.24 0.25 0.26 0.27 0.28 0.29 0.3 0.31 0.5513 0.5282 0.6112 0.5859 0.5537 0.5951 0.6112 0.579 0.579 0.6297 0.6089 0.602 0.6227 0.6664 0.6411 0.648 0.7263 0.6941 0.6896 0.7494 0.4523 0.4593 0.4246 0.4523 0.4987 0.4639 0.457 0.5126 0.5032 0.4848 0.5126 0.5496 0.5194 0.5218 0.575 0.5773 0.5658 0.5936 0.619 0.5866 0.4611 0.4219 0.4197 0.4866 0.4542 0.4358 0.4773 0.4819 0.4634 0.4773 0.5096 0.4934 0.498 0.5442 0.5534 0.5396 0.5534 0.6133 0.5719 0.5719
0.7448 1.0 0.077 0.13 0.14 0.15 0.16 0.17 0.18 0.19 0.2 0.21 0.22 0.23 0.24 0.25 0.26 0.27 0.28 0.29 0.3 0.31 0.32 0.5282 0.6112 0.5859 0.5537 0.5951 0.6112 0.579 0.579 0.6297 0.6089 0.602 0.6227 0.6664 0.6411 0.648 0.7263 0.6941 0.6896 0.7494 0.7263 0.4593 0.4246 0.4523 0.4987 0.4639 0.457 0.5126 0.5032 0.4848 0.5126 0.5496 0.5194 0.5218 0.575 0.5773 0.5658 0.5936 0.619 0.5866 0.5889 0.4219 0.4197 0.4866 0.4542 0.4358 0.4773 0.4819 0.4634 0.4773 0.5096 0.4934 0.498 0.5442 0.5534 0.5396 0.5534 0.6133 0.5719 0.5719 0.6364
0.7424 1.0 0.0917 0.14 0.15 0.16 0.17 0.18 0.19 0.2 0.21 0.22 0.23 0.24 0.25 0.26 0.27 0.28 0.29 0.3 0.31 0.32 0.33 0.6112 0.5859 0.5537 0.5951 0.6112 0.579 0.579 0.6297 0.6089 0.602 0.6227 0.6664 0.6411 0.648 0.7263 0.6941 0.6896 0.7494 0.7263 0.6988 0.4246 0.4523 0.4987 0.4639 0.457 0.5126 0.5032 0.4848 0.5126 0.5496 0.5194 0.5218 0.575 0.5773 0.5658 0.5936 0.619 0.5866 0.5889 0.6259 0.4197 0.4866 0.4542 0.4358 0.4773 0.4819 0.4634 0.4773 0.5096 0.4934 0.498 0.5442 0.5534 0.5396 0.5534 0.6133 0.5719 0.5719 0.6364 0.5996
0.7102 1.0 0.1533 0.15 0.16 0.17 0.18 0.19 0.2 0.21 0.22 0.23 0.24 0.25 0.26 0.27 0.28 0.29 0.3 0.31 0.32 0.33 0.34 0.5859 0.5537 0.5951 0.6112 0.579 0.579 0.6297 0.6089 0.602 0.6227 0.6664 0.6411 0.648 0.7263 0.6941 0.6896 0.7494 0.7263 0.6988 0.7448 0.4523 0.4987 0.4639 0.457 0.5126 0.5032 0.4848 0.5126 0.5496 0.5194 0.5218 0.575 0.5773 0.5658 0.5936 0.619 0.5866 0.5889 0.6259 0.5936 0.4866 0.4542 0.4358 0.4773 0.4819 0.4634 0.4773 0.5096 0.4934 0.498 0.5442 0.5534 0.5396 0.5534 0.6133 0.5719 0.5719 0.6364 0.5996 0.5764
0.7471 1.0 0.008 0.16 0.17 0.18 0.19 0.2 0.21 0.22 0.23 0.24 0.25 0.26 0.27 0.28 0.29 0.3 0.31 0.32 0.33 0.34 0.35 0.5537 0.5951 0.6112 0.579 0.579 0.6297 0.6089 0.602 0.6227 0.6664 0.6411 0.648 0.7263 0.6941 0.6896 0.7494 0.7263 0.6988 0.7448 0.7424 0.4987 0.4639 0.457 0.5126 0.5032 0.4848 0.5126 0.5496 0.5194 0.5218 0.575 0.5773 0.5658 0.5936 0.619 0.5866 0.5889 0.6259 0.5936 0.5912 0.4542 0.4358 0.4773 0.4819 0.4634 0.4773 0.5096 0.4934 0.498 0.5442 0.5534 0.5396 0.5534 0.6133 0.5719 0.5719 0.6364 0.5996 0.5764 0.6341
0.754 1.0 0.1073 0.17 0.18 0.19 0.2 0.21 0.22 0.23 0.24 0.25 0.26 0.27 0.28 0.29 0.3 0.31 0.32 0.33 0.34 0.35 0.36 0.5951 0.6112 0.579 0.579 0.6297 0.6089 0.602 0.6227 0.6664 0.6411 0.648 0.7263 0.6941 0.6896 0.7494 0.7263 0.6988 0.7448 0.7424 0.7102 0.4639 0.457 0.5126 0.5032 0.4848 0.5126 0.5496 0.5194 0.5218 0.575 0.5773 0.5658 0.5936 0.619 0.5866 0.5889 0.6259 0.5936 0.5912 0.6329 0.4358 0.4773 0.4819 0.4634 0.4773 0.5096 0.4934 0.498 0.5442 0.5534 0.5396 0.5534 0.6133 0.5719 0.5719 0.6364 0.5996 0.5764 0.6341 0.6064
0.7241 1.0 0.123 0.18 0.19 0.2 0.21 0.22 0.23 0.24 0.25 0.26 0.27 0.28 0.29 0.3 0.31 0.32 0.33 0.34 0.35 0.36 0.37 0.6112 0.579 0.579 0.6297 0.6089 0.602 0.6227 0.6664 0.6411 0.648 0.7263 0.6941 0.6896 0.7494 0.7263 0.6988 0.7448 0.7424 0.7102 0.7471 0.457 0.5126 0.5032 0.4848 0.5126 0.5496 0.5194 0.5218 0.575 0.5773 0.5658 0.5936 0.619 0.5866 0.5889 0.6259 0.5936 0.5912 0.6329 0.6028 0.4773 0.4819 0.4634 0.4773 0.5096 0.4934 0.498 0.5442 0.5534 0.5396 0.5534 0.6133 0.5719 0.5719 0.6364 0.5996 0.5764 0.6341 0.6064 0.588
0.7563 1.0 0.023 0.19 0.2 0.21 0.22 0.23 0.24 0.25 0.26 0.27 0.28 0.29 0.3 0.31 0.32 0.33 0.34 0.35 0.36 0.37 0.38 0.579 0.579 0.6297 0.6089 0.602 0.6227 0.6664 0.6411 0.648 0.7263 0.6941 0.6896 0.7494 0.7263 0.6988 0.7448 0.7424 0.7102 0.7471 0.754 0.5126 0.5032 0.4848 0.5126 0.5496 0.5194 0.5218 0.575 0.5773 0.5658 0.5936 0.619 0.5866 0.5889 0.6259 0.5936 0.5912 0.6329 0.6028 0.5959 0.4819 0.4634 0.4773 0.5096 0.4934 0.498 0.5442 0.5534 0.5396 0.5534 0.6133 0.5719 0.5719 0.6364 0.5996 0.5764 0.6341 0.6064 0.588 0.6503
0.7817 1.0 0.0997 0.2 0.21 0.22 0.23 0.24 0.25 0.26 0.27 0.28 0.29 0.3 0.31 0.32 0.33 0.34 0.35 0.36 0.37 0.38 0.39 0.579 0.6297 0.6089 0.602 0.6227 0.6664 0.6411 0.648 0.7263 0.6941 0.6896 0.7494 0.7263 0.6988 0.7448 0.7424 0.7102 0.7471 0.754 0.7241 0.5032 0.4848 0.5126 0.5496 0.5194 0.5218 0.575 0.5773 0.5658 0.5936 0.619 0.5866 0.5889 0.6259 0.5936 0.5912 0.6329 0.6028 0.5959 0.6491 0.4634 0.4773 0.5096 0.4934 0.498 0.5442 0.5534 0.5396 0.5534 0.6133 0.5719 0.5719 0.6364 0.5996 0.5764 0.6341 0.6064 0.588 0.6503 0.6272
0.7448 1.0 0.1073 0.21 0.22 0.23 0.24 0.25 0.26 0.27 0.28 0.29 0.3 0.31 0.32 0.33 0.34 0.35 0.36 0.37 0.38 0.39 0.4 0.6297 0.6089 0.602 0.6227 0.6664 0.6411 0.648 0.7263 0.6941 0.6896 0.7494 0.7263 0.6988 0.7448 0.7424 0.7102 0.7471 0.754 0.7241 0.7563 0.4848 0.5126 0.5496 0.5194 0.5218 0.575 0.5773 0.5658 0.5936 0.619 0.5866 0.5889 0.6259 0.5936 0.5912 0.6329 0.6028 0.5959 0.6491 0.6282 0.4773 0.5096 0.4934 0.498 0.5442 0.5534 0.5396 0.5534 0.6133 0.5719 0.5719 0.6364 0.5996 0.5764 0.6341 0.6064 0.588 0.6503 0.6272 0.6019
0.7587 1.0 0.0847 0.22 0.23 0.24 0.25 0.26 0.27 0.28 0.29 0.3 0.31 0.32 0.33 0.34 0.35 0.36 0.37 0.38 0.39 0.4 0.41 0.6089 0.602 0.6227 0.6664 0.6411 0.648 0.7263 0.6941 0.6896 0.7494 0.7263 0.6988 0.7448 0.7424 0.7102 0.7471 0.754 0.7241 0.7563 0.7817 0.5126 0.5496 0.5194 0.5218 0.575 0.5773 0.5658 0.5936 0.619 0.5866 0.5889 0.6259 0.5936 0.5912 0.6329 0.6028 0.5959 0.6491 0.6282 0.612 0.5096 0.4934 0.498 0.5442 0.5534 0.5396 0.5534 0.6133 0.5719 0.5719 0.6364 0.5996 0.5764 0.6341 0.6064 0.588 0.6503 0.6272 0.6019 0.6572
0.8139 1.0 0.123 0.23 0.24 0.25 0.26 0.27 0.28 0.29 0.3 0.31 0.32 0.33 0.34 0.35 0.36 0.37 0.38 0.39 0.4 0.41 0.42 0.602 0.6227 0.6664 0.6411 0.648 0.7263 0.6941 0.6896 0.7494 0.7263 0.6988 0.7448 0.7424 0.7102 0.7471 0.754 0.7241 0.7563 0.7817 0.7448 0.5496 0.5194 0.5218 0.575 0.5773 0.5658 0.5936 0.619 0.5866 0.5889 0.6259 0.5936 0.5912 0.6329 0.6028 0.5959 0.6491 0.6282 0.612 0.6676 0.4934 0.498 0.5442 0.5534 0.5396 0.5534 0.6133 0.5719 0.5719 0.6364 0.5996 0.5764 0.6341 0.6064 0.588 0.6503 0.6272 0.6019 0.6572 0.6572
0.7701 1.0 0.0463 0.24 0.25 0.26 0.27 0.28 0.29 0.3 0.31 0.32 0.33 0.34 0.35 0.36 0.37 0.38 0.39 0.4 0.41 0.42 0.43 0.6227 0.6664 0.6411 0.648 0.7263 0.6941 0.6896 0.7494 0.7263 0.6988 0.7448 0.7424 0.7102 0.7471 0.754 0.7241 0.7563 0.7817 0.7448 0.7587 0.5194 0.5218 0.575 0.5773 0.5658 0.5936 0.619 0.5866 0.5889 0.6259 0.5936 0.5912 0.6329 0.6028 0.5959 0.6491 0.6282 0.612 0.6676 0.6491 0.498 0.5442 0.5534 0.5396 0.5534 0.6133 0.5719 0.5719 0.6364 0.5996 0.5764 0.6341 0.6064 0.588 0.6503 0.6272 0.6019 0.6572 0.6572 0.6272
0.7587 1.0 0.184 0.25 0.26 0.27 0.28 0.29 0.3 0.31 0.32 0.33 0.34 0.35 0.36 0.37 0.38 0.39 0.4 0.41 0.42 0.43 0.44 0.6664 0.6411 0.648 0.7263 0.6941 0.6896 0.7494 0.7263 0.6988 0.7448 0.7424 0.7102 0.7471 0.754 0.7241 0.7563 0.7817 0.7448 0.7587 0.8139 0.5218 0.575 0.5773 0.5658 0.5936 0.619 0.5866 0.5889 0.6259 0.5936 0.5912 0.6329 0.6028 0.5959 0.6491 0.6282 0.612 0.6676 0.6491 0.6352 0.5442 0.5534 0.5396 0.5534 0.6133 0.5719 0.5719 0.6364 0.5996 0.5764 0.6341 0.6064 0.588 0.6503 0.6272 0.6019 0.6572 0.6572 0.6272 0.6641
0.8323 1.0 0.146 0.26 0.27 0.28 0.29 0.3 0.31 0.32 0.33 0.34 0.35 0.36 0.37 0.38 0.39 0.4 0.41 0.42 0.43 0.44 0.45 0.6411 0.648 0.7263 0.6941 0.6896 0.7494 0.7263 0.6988 0.7448 0.7424 0.7102 0.7471 0.754 0.7241 0.7563 0.7817 0.7448 0.7587 0.8139 0.7701 0.575 0.5773 0.5658 0.5936 0.619 0.5866 0.5889 0.6259 0.5936 0.5912 0.6329 0.6028 0.5959 0.6491 0.6282 0.612 0.6676 0.6491 0.6352 0.6838 0.5534 0.5396 0.5534 0.6133 0.5719 0.5719 0.6364 0.5996 0.5764 0.6341 0.6064 0.588 0.6503 0.6272 0.6019 0.6572 0.6572 0.6272 0.6641 0.6826
0.7909 1.0 0.038 0.27 0.28 0.29 0.3 0.31 0.32 0.33 0.34 0.35 0.36 0.37 0.38 0.39 0.4 0.41 0.42 0.43 0.44 0.45 0.46 0.648 0.7263 0.6941 0.6896 0.7494 0.7263 0.6988 0.7448 0.7424 0.7102 0.7471 0.754 0.7241 0.7563 0.7817 0.7448 0.7587 0.8139 0.7701 0.7587 0.5773 0.5658 0.5936 0.619 0.5866 0.5889 0.6259 0.5936 0.5912 0.6329 0.6028 0.5959 0.6491 0.6282 0.612 0.6676 0.6491 0.6352 0.6838 0.6791 0.5396 0.5534 0.6133 0.5719 0.5719 0.6364 0.5996 0.5764 0.6341 0.6064 0.588 0.6503 0.6272 0.6019 0.6572 0.6572 0.6272 0.6641 0.6826 0.6457
0.7632 1.0 0.2453 0.28 0.29 0.3 0.31 0.32 0.33 0.34 0.35 0.36 0.37 0.38 0.39 0.4 0.41 0.42 0.43 0.44 0.45 0.46 0.47 0.7263 0.6941 0.6896 0.7494 0.7263 0.6988 0.7448 0.7424 0.7102 0.7471 0.754 0.7241 0.7563 0.7817 0.7448 0.7587 0.8139 0.7701 0.7587 0.8323 0.5658 0.5936 0.619 0.5866 0.5889 0.6259 0.5936 0.5912 0.6329 0.6028 0.5959 0.6491 0.6282 0.612 0.6676 0.6491 0.6352 0.6838 0.6791 0.6513 0.5534 0.6133 0.5719 0.5719 0.6364 0.5996 0.5764 0.6341 0.6064 0.588 0.6503 0.6272 0.6019 0.6572 0.6572 0.6272 0.6641 0.6826 0.6457 0.6596
0.8323 1.0 0.138 0.29 0.3 0.31 0.32 0.33 0.34 0.35 0.36 0.37 0.38 0.39 0.4 0.41 0.42 0.43 0.44 0.45 0.46 0.47 0.48 0.6941 0.6896 0.7494 0.7263 0.6988 0.7448 0.7424 0.7102 0.7471 0.754 0.7241 0.7563 0.7817 0.7448 0.7587 0.8139 0.7701 0.7587 0.8323 0.7909 0.5936 0.619 0.5866 0.5889 0.6259 0.5936 0.5912 0.6329 0.6028 0.5959 0.6491 0.6282 0.612 0.6676 0.6491 0.6352 0.6838 0.6791 0.6513 0.6838 0.6133 0.5719 0.5719 0.6364 0.5996 0.5764 0.6341 0.6064 0.588 0.6503 0.6272 0.6019 0.6572 0.6572 0.6272 0.6641 0.6826 0.6457 0.6596 0.708
0.8023 1.0 0.0923 0.3 0.31 0.32 0.33 0.34 0.35 0.36 0.37 0.38 0.39 0.4 0.41 0.42 0.43 0.44 0.45 0.46 0.47 0.48 0.49 0.6896 0.7494 0.7263 0.6988 0.7448 0.7424 0.7102 0.7471 0.754 0.7241 0.7563 0.7817 0.7448 0.7587 0.8139 0.7701 0.7587 0.8323 0.7909 0.7632 0.619 0.5866 0.5889 0.6259 0.5936 0.5912 0.6329 0.6028 0.5959 0.6491 0.6282 0.612 0.6676 0.6491 0.6352 0.6838 0.6791 0.6513 0.6838 0.7023 0.5719 0.5719 0.6364 0.5996 0.5764 0.6341 0.6064 0.588 0.6503 0.6272 0.6019 0.6572 0.6572 0.6272 0.6641 0.6826 0.6457 0.6596 0.708 0.6572
0.7632 1.0 0.2303 0.31 0.32 0.33 0.34 0.35 0.36 0.37 0.38 0.39 0.4 0.41 0.42 0.43 0.44 0.45 0.46 0.47 0.48 0.49 0.5 0.7494 0.7263 0.6988 0.7448 0.7424 0.7102 0.7471 0.754 0.7241 0.7563 0.7817 0.7448 0.7587 0.8139 0.7701 0.7587 0.8323 0.7909 0.7632 0.8323 0.5866 0.5889 0.6259 0.5936 0.5912 0.6329 0.6028 0.5959 0.6491 0.6282 0.612 0.6676 0.6491 0.6352 0.6838 0.6791 0.6513 0.6838 0.7023 0.6652 0.5719 0.6364 0.5996 0.5764 0.6341 0.6064 0.588 0.6503 0.6272 0.6019 0.6572 0.6572 0.6272 0.6641 0.6826 0.6457 0.6596 0.708 0.6572 0.648
0.8093 1.0 0.1 0.32 0.33 0.34 0.35 0.36 0.37 0.38 0.39 0.4 0.41 0.42 0.43 0.44 0.45 0.46 0.47 0.48 0.49 0.5 0.51 0.7263 0.6988 0.7448 0.7424 0.7102 0.7471 0.754 0.7241 0.7563 0.7817 0.7448 0.7587 0.8139 0.7701 0.7587 0.8323 0.7909 0.7632 0.8323 0.8023 0.5889 0.6259 0.5936 0.5912 0.6329 0.6028 0.5959 0.6491 0.6282 0.612 0.6676 0.6491 0.6352 0.6838 0.6791 0.6513 0.6838 0.7023 0.6652 0.6722 0.6364 0.5996 0.5764 0.6341 0.6064 0.588 0.6503 0.6272 0.6019 0.6572 0.6572 0.6272 0.6641 0.6826 0.6457 0.6596 0.708 0.6572 0.648 0.7149
0.8116 1.0 0.1303 0.33 0.34 0.35 0.36 0.37 0.38 0.39 0.4 0.41 0.42 0.43 0.44 0.45 0.46 0.47 0.48 0.49 0.5 0.51 0.52 0.6988 0.7448 0.7424 0.7102 0.7471 0.754 0.7241 0.7563 0.7817 0.7448 0.7587 0.8139 0.7701 0.7587 0.8323 0.7909 0.7632 0.8323 0.8023 0.7632 0.6259 0.5936 0.5912 0.6329 0.6028 0.5959 0.6491 0.6282 0.612 0.6676 0.6491 0.6352 0.6838 0.6791 0.6513 0.6838 0.7023 0.6652 0.6722 0.7186 0.5996 0.5764 0.6341 0.6064 0.588 0.6503 0.6272 0.6019 0.6572 0.6572 0.6272 0.6641 0.6826 0.6457 0.6596 0.708 0.6572 0.648 0.7149 0.6688
0.7656 1.0 0.1537 0.34 0.35 0.36 0.37 0.38 0.39 0.4 0.41 0.42 0.43 0.44 0.45 0.46 0.47 0.48 0.49 0.5 0.51 0.52 0.53 0.7448 0.7424 0.7102 0.7471 0.754 0.7241 0.7563 0.7817 0.7448 0.7587 0.8139 0.7701 0.7587 0.8323 0.7909 0.7632 0.8323 0.8023 0.7632 0.8093 0.5936 0.5912 0.6329 0.6028 0.5959 0.6491 0.6282 0.612 0.6676 0.6491 0.6352 0.6838 0.6791 0.6513 0.6838 0.7023 0.6652 0.6722 0.7186 0.6722 0.5764 0.6341 0.6064 0.588 0.6503 0.6272 0.6019 0.6572 0.6572 0.6272 0.6641 0.6826 0.6457 0.6596 0.708 0.6572 0.648 0.7149 0.6688 0.6341
0.7793 1.0 0.0077 0.35 0.36 0.37 0.38 0.39 0.4 0.41 0.42 0.43 0.44 0.45 0.46 0.47 0.48 0.49 0.5 0.51 0.52 0.53 0.54 0.7424 0.7102 0.7471 0.754 0.7241 0.7563 0.7817 0.7448 0.7587 0.8139 0.7701 0.7587 0.8323 0.7909 0.7632 0.8323 0.8023 0.7632 0.8093 0.8116 0.5912 0.6329 0.6028 0.5959 0.6491 0.6282 0.612 0.6676 0.6491 0.6352 0.6838 0.6791 0.6513 0.6838 0.7023 0.6652 0.6722 0.7186 0.6722 0.6513 0.6341 0.6064 0.588 0.6503 0.6272 0.6019 0.6572 0.6572 0.6272 0.6641 0.6826 0.6457 0.6596 0.708 0.6572 0.648 0.7149 0.6688 0.6341 0.6988
0.8047 1.0 0.1533 0.36 0.37 0.38 0.39 0.4 0.41 0.42 0.43 0.44 0.45 0.46 0.47 0.48 0.49 0.5 0.51 0.52 0.53 0.54 0.55 0.7102 0.7471 0.754 0.7241 0.7563 0.7817 0.7448 0.7587 0.8139 0.7701 0.7587 0.8323 0.7909 0.7632 0.8323 0.8023 0.7632 0.8093 0.8116 0.7656 0.6329 0.6028 0.5959 0.6491 0.6282 0.612 0.6676 0.6491 0.6352 0.6838 0.6791 0.6513 0.6838 0.7023 0.6652 0.6722 0.7186 0.6722 0.6513 0.7162 0.6064 0.588 0.6503 0.6272 0.6019 0.6572 0.6572 0.6272 0.6641 0.6826 0.6457 0.6596 0.708 0.6572 0.648 0.7149 0.6688 0.6341 0.6988 0.6664
0.7609 1.0 0.0457 0.37 0.38 0.39 0.4 0.41 0.42 0.43 0.44 0.45 0.46 0.47 0.48 0.49 0.5 0.51 0.52 0.53 0.54 0.55 0.56 0.7471 0.754 0.7241 0.7563 0.7817 0.7448 0.7587 0.8139 0.7701 0.7587 0.8323 0.7909 0.7632 0.8323 0.8023 0.7632 0.8093 0.8116 0.7656 0.7793 0.6028 0.5959 0.6491 0.6282 0.612 0.6676 0.6491 0.6352 0.6838 0.6791 0.6513 0.6838 0.7023 0.6652 0.6722 0.7186 0.6722 0.6513 0.7162 0.6746 0.588 0.6503 0.6272 0.6019 0.6572 0.6572 0.6272 0.6641 0.6826 0.6457 0.6596 0.708 0.6572 0.648 0.7149 0.6688 0.6341 0.6988 0.6664 0.6319
0.7332 1.0 0.0847 0.38 0.39 0.4 0.41 0.42 0.43 0.44 0.45 0.46 0.47 0.48 0.49 0.5 0.51 0.52 0.53 0.54 0.55 0.56 0.57 0.754 0.7241 0.7563 0.7817 0.7448 0.7587 0.8139 0.7701 0.7587 0.8323 0.7909 0.7632 0.8323 0.8023 0.7632 0.8093 0.8116 0.7656 0.7793 0.8047 0.5959 0.6491 0.6282 0.612 0.6676 0.6491 0.6352 0.6838 0.6791 0.6513 0.6838 0.7023 0.6652 0.6722 0.7186 0.6722 0.6513 0.7162 0.6746 0.6421 0.6503 0.6272 0.6019 0.6572 0.6572 0.6272 0.6641 0.6826 0.6457 0.6596 0.708 0.6572 0.648 0.7149 0.6688 0.6341 0.6988 0.6664 0.6319 0.6572
0.7886 1.0 0.146 0.39 0.4 0.41 0.42 0.43 0.44 0.45 0.46 0.47 0.48 0.49 0.5 0.51 0.52 0.53 0.54 0.55 0.56 0.57 0.58 0.7241 0.7563 0.7817 0.7448 0.7587 0.8139 0.7701 0.7587 0.8323 0.7909 0.7632 0.8323 0.8023 0.7632 0.8093 0.8116 0.7656 0.7793 0.8047 0.7609 0.6491 0.6282 0.612 0.6676 0.6491 0.6352 0.6838 0.6791 0.6513 0.6838 0.7023 0.6652 0.6722 0.7186 0.6722 0.6513 0.7162 0.6746 0.6421 0.6884 0.6272 0.6019 0.6572 0.6572 0.6272 0.6641 0.6826 0.6457 0.6596 0.708 0.6572 0.648 0.7149 0.6688 0.6341 0.6988 0.6664 0.6319 0.6572 0.6688
0.7563 1.0 0.0923 0.4 0.41 0.42 0.43 0.44 0.45 0.46 0.47 0.48 0.49 0.5 0.51 0.52 0.53 0.54 0.55 0.56 0.57 0.58 0.59 0.7563 0.7817 0.7448 0.7587 0.8139 0.7701 0.7587 0.8323 0.7909 0.7632 0.8323 0.8023 0.7632 0.8093 0.8116 0.7656 0.7793 0.8047 0.7609 0.7332 0.6282 0.612 0.6676 0.6491 0.6352 0.6838 0.6791 0.6513 0.6838 0.7023 0.6652 0.6722 0.7186 0.6722 0.6513 0.7162 0.6746 0.6421 0.6884 0.6769 0.6019 0.6572 0.6572 0.6272 0.6641 0.6826 0.6457 0.6596 0.708 0.6572 0.648 0.7149 0.6688 0.6341 0.6988 0.6664 0.6319 0.6572 0.6688 0.6296
0.7263 1.0 0.1847 0.41 0.42 0.43 0.44 0.45 0.46 0.47 0.48 0.49 0.5 0.51 0.52 0.53 0.54 0.55 0.56 0.57 0.58 0.59 0.6 0.7817 0.7448 0.7587 0.8139 0.7701 0.7587 0.8323 0.7909 0.7632 0.8323 0.8023 0.7632 0.8093 0.8116 0.7656 0.7793 0.8047 0.7609 0.7332 0.7886 0.612 0.6676 0.6491 0.6352 0.6838 0.6791 0.6513 0.6838 0.7023 0.6652 0.6722 0.7186 0.6722 0.6513 0.7162 0.6746 0.6421 0.6884 0.6769 0.6421 0.6572 0.6572 0.6272 0.6641 0.6826 0.6457 0.6596 0.708 0.6572 0.648 0.7149 0.6688 0.6341 0.6988 0.6664 0.6319 0.6572 0.6688 0.6296 0.6272
0.754 1.0 0.1077 0.42 0.43 0.44 0.45 0.46 0.47 0.48 0.49 0.5 0.51 0.52 0.53 0.54 0.55 0.56 0.57 0.58 0.59 0.6 0.61 0.7448 0.7587 0.8139 0.7701 0.7587 0.8323 0.7909 0.7632 0.8323 0.8023 0.7632 0.8093 0.8116 0.7656 0.7793 0.8047 0.7609 0.7332 0.7886 0.7563 0.6676 0.6491 0.6352 0.6838 0.6791 0.6513 0.6838 0.7023 0.6652 0.6722 0.7186 0.6722 0.6513 0.7162 0.6746 0.6421 0.6884 0.6769 0.6421 0.6652 0.6572 0.6272 0.6641 0.6826 0.6457 0.6596 0.708 0.6572 0.648 0.7149 0.6688 0.6341 0.6988 0.6664 0.6319 0.6572 0.6688 0.6296 0.6272 0.648
0.7332 1.0 0.1 0.43 0.44 0.45 0.46 0.47 0.48 0.49 0.5 0.51 0.52 0.53 0.54 0.55 0.56 0.57 0.58 0.59 0.6 0.61 0.62 0.7587 0.8139 0.7701 0.7587 0.8323 0.7909 0.7632 0.8323 0.8023 0.7632 0.8093 0.8116 0.7656 0.7793 0.8047 0.7609 0.7332 0.7886 0.7563 0.7263 0.6491 0.6352 0.6838 0.6791 0.6513 0.6838 0.7023 0.6652 0.6722 0.7186 0.6722 0.6513 0.7162 0.6746 0.6421 0.6884 0.6769 0.6421 0.6652 0.6769 0.6272 0.6641 0.6826 0.6457 0.6596 0.708 0.6572 0.648 0.7149 0.6688 0.6341 0.6988 0.6664 0.6319 0.6572 0.6688 0.6296 0.6272 0.648 0.6226
0.7149 1.0 0.0923 0.44 0.45 0.46 0.47 0.48 0.49 0.5 0.51 0.52 0.53 0.54 0.55 0.56 0.57 0.58 0.59 0.6 0.61 0.62 0.63 0.8139 0.7701 0.7587 0.8323 0.7909 0.7632 0.8323 0.8023 0.7632 0.8093 0.8116 0.7656 0.7793 0.8047 0.7609 0.7332 0.7886 0.7563 0.7263 0.754 0.6352 0.6838 0.6791 0.6513 0.6838 0.7023 0.6652 0.6722 0.7186 0.6722 0.6513 0.7162 0.6746 0.6421 0.6884 0.6769 0.6421 0.6652 0.6769 0.6444 0.6641 0.6826 0.6457 0.6596 0.708 0.6572 0.648 0.7149 0.6688 0.6341 0.6988 0.6664 0.6319 0.6572 0.6688 0.6296 0.6272 0.648 0.6226 0.5996
0.6941 1.0 0.0693 0.45 0.46 0.47 0.48 0.49 0.5 0.51 0.52 0.53 0.54 0.55 0.56 0.57 0.58 0.59 0.6 0.61 0.62 0.63 0.64 0.7701 0.7587 0.8323 0.7909 0.7632 0.8323 0.8023 0.7632 0.8093 0.8116 0.7656 0.7793 0.8047 0.7609 0.7332 0.7886 0.7563 0.7263 0.754 0.7332 0.6838 0.6791 0.6513 0.6838 0.7023 0.6652 0.6722 0.7186 0.6722 0.6513 0.7162 0.6746 0.6421 0.6884 0.6769 0.6421 0.6652 0.6769 0.6444 0.6329 0.6826 0.6457 0.6596 0.708 0.6572 0.648 0.7149 0.6688 0.6341 0.6988 0.6664 0.6319 0.6572 0.6688 0.6296 0.6272 0.648 0.6226 0.5996 0.6364
0.6896 1.0 0.061 0.46 0.47 0.48 0.49 0.5 0.51 0.52 0.53 0.54 0.55 0.56 0.57 0.58 0.59 0.6 0.61 0.62 0.63 0.64 0.65 0.7587 0.8323 0.7909 0.7632 0.8323 0.8023 0.7632 0.8093 0.8116 0.7656 0.7793 0.8047 0.7609 0.7332 0.7886 0.7563 0.7263 0.754 0.7332 0.7149 0.6791 0.6513 0.6838 0.7023 0.6652 0.6722 0.7186 0.6722 0.6513 0.7162 0.6746 0.6421 0.6884 0.6769 0.6421 0.6652 0.6769 0.6444 0.6329 0.6537 0.6457 0.6596 0.708 0.6572 0.648 0.7149 0.6688 0.6341 0.6988 0.6664 0.6319 0.6572 0.6688 0.6296 0.6272 0.648 0.6226 0.5996 0.6364 0.6203
0.678 1.0 0.0693 0.47 0.48 0.49 0.5 0.51 0.52 0.53 0.54 0.55 0.56 0.57 0.58 0.59 0.6 0.61 0.62 0.63 0.64 0.65 0.66 0.8323 0.7909 0.7632 0.8323 0.8023 0.7632 0.8093 0.8116 0.7656 0.7793 0.8047 0.7609 0.7332 0.7886 0.7563 0.7263 0.754 0.7332 0.7149 0.6941 0.6513 0.6838 0.7023 0.6652 0.6722 0.7186 0.6722 0.6513 0.7162 0.6746 0.6421 0.6884 0.6769 0.6421 0.6652 0.6769 0.6444 0.6329 0.6537 0.6491 0.6596 0.708 0.6572 0.648 0.7149 0.6688 0.6341 0.6988 0.6664 0.6319 0.6572 0.6688 0.6296 0.6272 0.648 0.6226 0.5996 0.6364 0.6203 0.6019
0.655 1.0 0.015 0.48 0.49 0.5 0.51 0.52 0.53 0.54 0.55 0.56 0.57 0.58 0.59 0.6 0.61 0.62 0.63 0.64 0.65 0.66 0.67 0.7909 0.7632 0.8323 0.8023 0.7632 0.8093 0.8116 0.7656 0.7793 0.8047 0.7609 0.7332 0.7886 0.7563 0.7263 0.754 0.7332 0.7149 0.6941 0.6896 0.6838 0.7023 0.6652 0.6722 0.7186 0.6722 0.6513 0.7162 0.6746 0.6421 0.6884 0.6769 0.6421 0.6652 0.6769 0.6444 0.6329 0.6537 0.6491 0.6213 0.708 0.6572 0.648 0.7149 0.6688 0.6341 0.6988 0.6664 0.6319 0.6572 0.6688 0.6296 0.6272 0.648 0.6226 0.5996 0.6364 0.6203 0.6019 0.5834
0.6319 1.0 0.0387 0.49 0.5 0.51 0.52 0.53 0.54 0.55 0.56 0.57 0.58 0.59 0.6 0.61 0.62 0.63 0.64 0.65 0.66 0.67 0.68 0.7632 0.8323 0.8023 0.7632 0.8093 0.8116 0.7656 0.7793 0.8047 0.7609 0.7332 0.7886 0.7563 0.7263 0.754 0.7332 0.7149 0.6941 0.6896 0.678 0.7023 0.6652 0.6722 0.7186 0.6722 0.6513 0.7162 0.6746 0.6421 0.6884 0.6769 0.6421 0.6652 0.6769 0.6444 0.6329 0.6537 0.6491 0.6213 0.5959 0.6572 0.648 0.7149 0.6688 0.6341 0.6988 0.6664 0.6319 0.6572 0.6688 0.6296 0.6272 0.648 0.6226 0.5996 0.6364 0.6203 0.6019 0.5834 0.5696
0.6273 1.0 0.0767 0.5 0.51 0.52 0.53 0.54 0.55 0.56 0.57 0.58 0.59 0.6 0.61 0.62 0.63 0.64 0.65 0.66 0.67 0.68 0.69 0.8323 0.8023 0.7632 0.8093 0.8116 0.7656 0.7793 0.8047 0.7609 0.7332 0.7886 0.7563 0.7263 0.754 0.7332 0.7149 0.6941 0.6896 0.678 0.655 0.6652 0.6722 0.7186 0.6722 0.6513 0.7162 0.6746 0.6421 0.6884 0.6769 0.6421 0.6652 0.6769 0.6444 0.6329 0.6537 0.6491 0.6213 0.5959 0.5797 0.648 0.7149 0.6688 0.6341 0.6988 0.6664 0.6319 0.6572 0.6688 0.6296 0.6272 0.648 0.6226 0.5996 0.6364 0.6203 0.6019 0.5834 0.5696 0.5649
0.6112 1.0 0.077 0.51 0.52 0.53 0.54 0.55 0.56 0.57 0.58 0.59 0.6 0.61 0.62 0.63 0.64 0.65 0.66 0.67 0.68 0.69 0.7 0.8023 0.7632 0.8093 0.8116 0.7656 0.7793 0.8047 0.7609 0.7332 0.7886 0.7563 0.7263 0.754 0.7332 0.7149 0.6941 0.6896 0.678 0.655 0.6319 0.6722 0.7186 0.6722 0.6513 0.7162 0.6746 0.6421 0.6884 0.6769 0.6421 0.6652 0.6769 0.6444 0.6329 0.6537 0.6491 0.6213 0.5959 0.5797 0.5634 0.7149 0.6688 0.6341 0.6988 0.6664 0.6319 0.6572 0.6688 0.6296 0.6272 0.648 0.6226 0.5996 0.6364 0.6203 0.6019 0.5834 0.5696 0.5649 0.5419
0.5881 1.0 0.0153 0.52 0.53 0.54 0.55 0.56 0.57 0.58 0.59 0.6 0.61 0.62 0.63 0.64 0.65 0.66 0.67 0.68 0.69 0.7 0.71 0.7632 0.8093 0.8116 0.7656 0.7793 0.8047 0.7609 0.7332 0.7886 0.7563 0.7263 0.754 0.7332 0.7149 0.6941 0.6896 0.678 0.655 0.6319 0.6273 0.7186 0.6722 0.6513 0.7162 0.6746 0.6421 0.6884 0.6769 0.6421 0.6652 0.6769 0.6444 0.6329 0.6537 0.6491 0.6213 0.5959 0.5797 0.5634 0.538 0.6688 0.6341 0.6988 0.6664 0.6319 0.6572 0.6688 0.6296 0.6272 0.648 0.6226 0.5996 0.6364 0.6203 0.6019 0.5834 0.5696 0.5649 0.5419 0.5258
0.5859 1.0 0.0537 0.53 0.54 0.55 0.56 0.57 0.58 0.59 0.6 0.61 0.62 0.63 0.64 0.65 0.66 0.67 0.68 0.69 0.7 0.71 0.72 0.8093 0.8116 0.7656 0.7793 0.8047 0.7609 0.7332 0.7886 0.7563 0.7263 0.754 0.7332 0.7149 0.6941 0.6896 0.678 0.655 0.6319 0.6273 0.6112 0.6722 0.6513 0.7162 0.6746 0.6421 0.6884 0.6769 0.6421 0.6652 0.6769 0.6444 0.6329 0.6537 0.6491 0.6213 0.5959 0.5797 0.5634 0.538 0.5241 0.6341 0.6988 0.6664 0.6319 0.6572 0.6688 0.6296 0.6272 0.648 0.6226 0.5996 0.6364 0.6203 0.6019 0.5834 0.5696 0.5649 0.5419 0.5258 0.5234
0.5767 1.0 0.077 0.54 0.55 0.56 0.57 0.58 0.59 0.6 0.61 0.62 0.63 0.64 0.65 0.66 0.67 0.68 0.69 0.7 0.71 0.72 0.73 0.8116 0.7656 0.7793 0.8047 0.7609 0.7332 0.7886 0.7563 0.7263 0.754 0.7332 0.7149 0.6941 0.6896 0.678 0.655 0.6319 0.6273 0.6112 0.5881 0.6513 0.7162 0.6746 0.6421 0.6884 0.6769 0.6421 0.6652 0.6769 0.6444 0.6329 0.6537 0.6491 0.6213 0.5959 0.5797 0.5634 0.538 0.5241 0.5171 0.6988 0.6664 0.6319 0.6572 0.6688 0.6296 0.6272 0.648 0.6226 0.5996 0.6364 0.6203 0.6019 0.5834 0.5696 0.5649 0.5419 0.5258 0.5234 0.5027
0.5537 1.0 0.0073 0.55 0.56 0.57 0.58 0.59 0.6 0.61 0.62 0.63 0.64 0.65 0.66 0.67 0.68 0.69 0.7 0.71 0.72 0.73 0.74 0.7656 0.7793 0.8047 0.7609 0.7332 0.7886 0.7563 0.7263 0.754 0.7332 0.7149 0.6941 0.6896 0.678 0.655 0.6319 0.6273 0.6112 0.5881 0.5859 0.7162 0.6746 0.6421 0.6884 0.6769 0.6421 0.6652 0.6769 0.6444 0.6329 0.6537 0.6491 0.6213 0.5959 0.5797 0.5634 0.538 0.5241 0.5171 0.494 0.6664 0.6319 0.6572 0.6688 0.6296 0.6272 0.648 0.6226 0.5996 0.6364 0.6203 0.6019 0.5834 0.5696 0.5649 0.5419 0.5258 0.5234 0.5027 0.4819
0.5444 1.0 0.0307 0.56 0.57 0.58 0.59 0.6 0.61 0.62 0.63 0.64 0.65 0.66 0.67 0.68 0.69 0.7 0.71 0.72 0.73 0.74 0.75 0.7793 0.8047 0.7609 0.7332 0.7886 0.7563 0.7263 0.754 0.7332 0.7149 0.6941 0.6896 0.678 0.655 0.6319 0.6273 0.6112 0.5881 0.5859 0.5767 0.6746 0.6421 0.6884 0.6769 0.6421 0.6652 0.6769 0.6444 0.6329 0.6537 0.6491 0.6213 0.5959 0.5797 0.5634 0.538 0.5241 0.5171 0.494 0.4754 0.6319 0.6572 0.6688 0.6296 0.6272 0.648 0.6226 0.5996 0.6364 0.6203 0.6019 0.5834 0.5696 0.5649 0.5419 0.5258 0.5234 0.5027 0.4819 0.4819
0.5398 1.0 0.0767 0.57 0.58 0.59 0.6 0.61 0.62 0.63 0.64 0.65 0.66 0.67 0.68 0.69 0.7 0.71 0.72 0.73 0.74 0.75 0.76 0.8047 0.7609 0.7332 0.7886 0.7563 0.7263 0.754 0.7332 0.7149 0.6941 0.6896 0.678 0.655 0.6319 0.6273 0.6112 0.5881 0.5859 0.5767 0.5537 0.6421 0.6884 0.6769 0.6421 0.6652 0.6769 0.6444 0.6329 0.6537 0.6491 0.6213 0.5959 0.5797 0.5634 0.538 0.5241 0.5171 0.494 0.4754 0.4732 0.6572 0.6688 0.6296 0.6272 0.648 0.6226 0.5996 0.6364 0.6203 0.6019 0.5834 0.5696 0.5649 0.5419 0.5258 0.5234 0.5027 0.4819 0.4819 0.4658
0.5191 1.0 0.031 0.58 0.59 0.6 0.61 0.62 0.63 0.64 0.65 0.66 0.67 0.68 0.69 0.7 0.71 0.72 0.73 0.74 0.75 0.76 0.77 0.7609 0.7332 0.7886 0.7563 0.7263 0.754 0.7332 0.7149 0.6941 0.6896 0.678 0.655 0.6319 0.6273 0.6112 0.5881 0.5859 0.5767 0.5537 0.5444 0.6884 0.6769 0.6421 0.6652 0.6769 0.6444 0.6329 0.6537 0.6491 0.6213 0.5959 0.5797 0.5634 0.538 0.5241 0.5171 0.494 0.4754 0.4732 0.4547 0.6688 0.6296 0.6272 0.648 0.6226 0.5996 0.6364 0.6203 0.6019 0.5834 0.5696 0.5649 0.5419 0.5258 0.5234 0.5027 0.4819 0.4819 0.4658 0.445
0.5076 1.0 0.0153 0.59 0.6 0.61 0.62 0.63 0.64 0.65 0.66 0.67 0.68 0.69 0.7 0.71 0.72 0.73 0.74 0.75 0.76 0.77 0.78 0.7332 0.7886 0.7563 0.7263 0.754 0.7332 0.7149 0.6941 0.6896 0.678 0.655 0.6319 0.6273 0.6112 0.5881 0.5859 0.5767 0.5537 0.5444 0.5398 0.6769 0.6421 0.6652 0.6769 0.6444 0.6329 0.6537 0.6491 0.6213 0.5959 0.5797 0.5634 0.538 0.5241 0.5171 0.494 0.4754 0.4732 0.4547 0.4361 0.6296 0.6272 0.648 0.6226 0.5996 0.6364 0.6203 0.6019 0.5834 0.5696 0.5649 0.5419 0.5258 0.5234 0.5027 0.4819 0.4819 0.4658 0.445 0.4403
0.5076 1.0 0.069 0.6 0.61 0.62 0.63 0.64 0.65 0.66 0.67 0.68 0.69 0.7 0.71 0.72 0.73 0.74 0.75 0.76 0.77 0.78 0.79 0.7886 0.7563 0.7263 0.754 0.7332 0.7149 0.6941 0.6896 0.678 0.655 0.6319 0.6273 0.6112 0.5881 0.5859 0.5767 0.5537 0.5444 0.5398 0.5191 0.6421 0.6652 0.6769 0.6444 0.6329 0.6537 0.6491 0.6213 0.5959 0.5797 0.5634 0.538 0.5241 0.5171 0.494 0.4754 0.4732 0.4547 0.4361 0.4316 0.6272 0.648 0.6226 0.5996 0.6364 0.6203 0.6019 0.5834 0.5696 0.5649 0.5419 0.5258 0.5234 0.5027 0.4819 0.4819 0.4658 0.445 0.4403 0.4311
0.4914 1.0 0.0383 0.61 0.62 0.63 0.64 0.65 0.66 0.67 0.68 0.69 0.7 0.71 0.72 0.73 0.74 0.75 0.76 0.77 0.78 0.79 0.8 0.7563 0.7263 0.754 0.7332 0.7149 0.6941 0.6896 0.678 0.655 0.6319 0.6273 0.6112 0.5881 0.5859 0.5767 0.5537 0.5444 0.5398 0.5191 0.5076 0.6652 0.6769 0.6444 0.6329 0.6537 0.6491 0.6213 0.5959 0.5797 0.5634 0.538 0.5241 0.5171 0.494 0.4754 0.4732 0.4547 0.4361 0.4316 0.4199 0.648 0.6226 0.5996 0.6364 0.6203 0.6019 0.5834 0.5696 0.5649 0.5419 0.5258 0.5234 0.5027 0.4819 0.4819 0.4658 0.445 0.4403 0.4311 0.4127
