0.2903 1.0 0.0693 0.59 0.6 0.61 0.62 0.63 0.64 0.65 0.66 0.67 0.68 0.69 0.7 0.71 0.72 0.73 0.74 0.75 0.76 0.77 0.78 0.5943 0.546 0.5069 0.5621 0.5483 0.5069 0.5322 0.5322 0.5022 0.4861 0.4608 0.4447 0.4239 0.4009 0.3871 0.3732 0.3502 0.3364 0.3272 0.3064 0.6513 0.6746 0.6953 0.6513 0.6421 0.6977 0.6537 0.6306 0.6722 0.663 0.6329 0.6004 0.5797 0.5634 0.538 0.5171 0.5079 0.4871 0.4662 0.4593 0.6503 0.6941 0.6457 0.6203 0.6757 0.6411 0.6111 0.648 0.6341 0.6111 0.588 0.5719 0.5603 0.5419 0.5188 0.5119 0.4934 0.475 0.4634 0.4542
0.2719 1.0 0.0457 0.6 0.61 0.62 0.63 0.64 0.65 0.66 0.67 0.68 0.69 0.7 0.71 0.72 0.73 0.74 0.75 0.76 0.77 0.78 0.79 0.546 0.5069 0.5621 0.5483 0.5069 0.5322 0.5322 0.5022 0.4861 0.4608 0.4447 0.4239 0.4009 0.3871 0.3732 0.3502 0.3364 0.3272 0.3064 0.2927 0.6746 0.6953 0.6513 0.6421 0.6977 0.6537 0.6306 0.6722 0.663 0.6329 0.6004 0.5797 0.5634 0.538 0.5171 0.5079 0.4871 0.4662 0.4593 0.4431 0.6941 0.6457 0.6203 0.6757 0.6411 0.6111 0.648 0.6341 0.6111 0.588 0.5719 0.5603 0.5419 0.5188 0.5119 0.4934 0.475 0.4634 0.4542 0.4311
0.2581 1.0 0.008 0.61 0.62 0.63 0.64 0.65 0.66 0.67 0.68 0.69 0.7 0.71 0.72 0.73 0.74 0.75 0.76 0.77 0.78 0.79 0.8 0.5069 0.5621 0.5483 0.5069 0.5322 0.5322 0.5022 0.4861 0.4608 0.4447 0.4239 0.4009 0.3871 0.3732 0.3502 0.3364 0.3272 0.3064 0.2927 0.2903 0.6953 0.6513 0.6421 0.6977 0.6537 0.6306 0.6722 0.663 0.6329 0.6004 0.5797 0.5634 0.538 0.5171 0.5079 0.4871 0.4662 0.4593 0.4431 0.4246 0.6457 0.6203 0.6757 0.6411 0.6111 0.648 0.6341 0.6111 0.588 0.5719 0.5603 0.5419 0.5188 0.5119 0.4934 0.475 0.4634 0.4542 0.4311 0.4242
0.2627 1.0 0.0613 0.62 0.63 0.64 0.65 0.66 0.67 0.68 0.69 0.7 0.71 0.72 0.73 0.74 0.75 0.76 0.77 0.78 0.79 0.8 0.81 0.5621 0.5483 0.5069 0.5322 0.5322 0.5022 0.4861 0.4608 0.4447 0.4239 0.4009 0.3871 0.3732 0.3502 0.3364 0.3272 0.3064 0.2927 0.2903 0.2719 0.6513 0.6421 0.6977 0.6537 0.6306 0.6722 0.663 0.6329 0.6004 0.5797 0.5634 0.538 0.5171 0.5079 0.4871 0.4662 0.4593 0.4431 0.4246 0.4177 0.6203 0.6757 0.6411 0.6111 0.648 0.6341 0.6111 0.588 0.5719 0.5603 0.5419 0.5188 0.5119 0.4934 0.475 0.4634 0.4542 0.4311 0.4242 0.4173
0.2489 1.0 0.046 0.63 0.64 0.65 0.66 0.67 0.68 0.69 0.7 0.71 0.72 0.73 0.74 0.75 0.76 0.77 0.78 0.79 0.8 0.81 0.82 0.5483 0.5069 0.5322 0.5322 0.5022 0.4861 0.4608 0.4447 0.4239 0.4009 0.3871 0.3732 0.3502 0.3364 0.3272 0.3064 0.2927 0.2903 0.2719 0.2581 0.6421 0.6977 0.6537 0.6306 0.6722 0.663 0.6329 0.6004 0.5797 0.5634 0.538 0.5171 0.5079 0.4871 0.4662 0.4593 0.4431 0.4246 0.4177 0.4083 0.6757 0.6411 0.6111 0.648 0.6341 0.6111 0.588 0.5719 0.5603 0.5419 0.5188 0.5119 0.4934 0.475 0.4634 0.4542 0.4311 0.4242 0.4173 0.3989
0.2328 1.0 0.0153 0.64 0.65 0.66 0.67 0.68 0.69 0.7 0.71 0.72 0.73 0.74 0.75 0.76 0.77 0.78 0.79 0.8 0.81 0.82 0.83 0.5069 0.5322 0.5322 0.5022 0.4861 0.4608 0.4447 0.4239 0.4009 0.3871 0.3732 0.3502 0.3364 0.3272 0.3064 0.2927 0.2903 0.2719 0.2581 0.2627 0.6977 0.6537 0.6306 0.6722 0.663 0.6329 0.6004 0.5797 0.5634 0.538 0.5171 0.5079 0.4871 0.4662 0.4593 0.4431 0.4246 0.4177 0.4083 0.3899 0.6411 0.6111 0.648 0.6341 0.6111 0.588 0.5719 0.5603 0.5419 0.5188 0.5119 0.4934 0.475 0.4634 0.4542 0.4311 0.4242 0.4173 0.3989 0.3897
0.2351 1.0 0.046 0.65 0.66 0.67 0.68 0.69 0.7 0.71 0.72 0.73 0.74 0.75 0.76 0.77 0.78 0.79 0.8 0.81 0.82 0.83 0.84 0.5322 0.5322 0.5022 0.4861 0.4608 0.4447 0.4239 0.4009 0.3871 0.3732 0.3502 0.3364 0.3272 0.3064 0.2927 0.2903 0.2719 0.2581 0.2627 0.2489 0.6537 0.6306 0.6722 0.663 0.6329 0.6004 0.5797 0.5634 0.538 0.5171 0.5079 0.4871 0.4662 0.4593 0.4431 0.4246 0.4177 0.4083 0.3899 0.3852 0.6111 0.648 0.6341 0.6111 0.588 0.5719 0.5603 0.5419 0.5188 0.5119 0.4934 0.475 0.4634 0.4542 0.4311 0.4242 0.4173 0.3989 0.3897 0.3942
0.2259 1.0 0.0537 0.66 0.67 0.68 0.69 0.7 0.71 0.72 0.73 0.74 0.75 0.76 0.77 0.78 0.79 0.8 0.81 0.82 0.83 0.84 0.85 0.5322 0.5022 0.4861 0.4608 0.4447 0.4239 0.4009 0.3871 0.3732 0.3502 0.3364 0.3272 0.3064 0.2927 0.2903 0.2719 0.2581 0.2627 0.2489 0.2328 0.6306 0.6722 0.663 0.6329 0.6004 0.5797 0.5634 0.538 0.5171 0.5079 0.4871 0.4662 0.4593 0.4431 0.4246 0.4177 0.4083 0.3899 0.3852 0.3806 0.648 0.6341 0.6111 0.588 0.5719 0.5603 0.5419 0.5188 0.5119 0.4934 0.475 0.4634 0.4542 0.4311 0.4242 0.4173 0.3989 0.3897 0.3942 0.3781
0.2074 1.0 0.0077 0.67 0.68 0.69 0.7 0.71 0.72 0.73 0.74 0.75 0.76 0.77 0.78 0.79 0.8 0.81 0.82 0.83 0.84 0.85 0.86 0.5022 0.4861 0.4608 0.4447 0.4239 0.4009 0.3871 0.3732 0.3502 0.3364 0.3272 0.3064 0.2927 0.2903 0.2719 0.2581 0.2627 0.2489 0.2328 0.2351 0.6722 0.663 0.6329 0.6004 0.5797 0.5634 0.538 0.5171 0.5079 0.4871 0.4662 0.4593 0.4431 0.4246 0.4177 0.4083 0.3899 0.3852 0.3806 0.3644 0.6341 0.6111 0.588 0.5719 0.5603 0.5419 0.5188 0.5119 0.4934 0.475 0.4634 0.4542 0.4311 0.4242 0.4173 0.3989 0.3897 0.3942 0.3781 0.3642
0.2028 1.0 0.0307 0.68 0.69 0.7 0.71 0.72 0.73 0.74 0.75 0.76 0.77 0.78 0.79 0.8 0.81 0.82 0.83 0.84 0.85 0.86 0.87 0.4861 0.4608 0.4447 0.4239 0.4009 0.3871 0.3732 0.3502 0.3364 0.3272 0.3064 0.2927 0.2903 0.2719 0.2581 0.2627 0.2489 0.2328 0.2351 0.2259 0.663 0.6329 0.6004 0.5797 0.5634 0.538 0.5171 0.5079 0.4871 0.4662 0.4593 0.4431 0.4246 0.4177 0.4083 0.3899 0.3852 0.3806 0.3644 0.3528 0.6111 0.588 0.5719 0.5603 0.5419 0.5188 0.5119 0.4934 0.475 0.4634 0.4542 0.4311 0.4242 0.4173 0.3989 0.3897 0.3942 0.3781 0.3642 0.3666
0.1959 1.0 0.0617 0.69 0.7 0.71 0.72 0.73 0.74 0.75 0.76 0.77 0.78 0.79 0.8 0.81 0.82 0.83 0.84 0.85 0.86 0.87 0.88 0.4608 0.4447 0.4239 0.4009 0.3871 0.3732 0.3502 0.3364 0.3272 0.3064 0.2927 0.2903 0.2719 0.2581 0.2627 0.2489 0.2328 0.2351 0.2259 0.2074 0.6329 0.6004 0.5797 0.5634 0.538 0.5171 0.5079 0.4871 0.4662 0.4593 0.4431 0.4246 0.4177 0.4083 0.3899 0.3852 0.3806 0.3644 0.3528 0.3506 0.588 0.5719 0.5603 0.5419 0.5188 0.5119 0.4934 0.475 0.4634 0.4542 0.4311 0.4242 0.4173 0.3989 0.3897 0.3942 0.3781 0.3642 0.3666 0.3504
0.1821 1.0 0.0153 0.7 0.71 0.72 0.73 0.74 0.75 0.76 0.77 0.78 0.79 0.8 0.81 0.82 0.83 0.84 0.85 0.86 0.87 0.88 0.89 0.4447 0.4239 0.4009 0.3871 0.3732 0.3502 0.3364 0.3272 0.3064 0.2927 0.2903 0.2719 0.2581 0.2627 0.2489 0.2328 0.2351 0.2259 0.2074 0.2028 0.6004 0.5797 0.5634 0.538 0.5171 0.5079 0.4871 0.4662 0.4593 0.4431 0.4246 0.4177 0.4083 0.3899 0.3852 0.3806 0.3644 0.3528 0.3506 0.3367 0.5719 0.5603 0.5419 0.5188 0.5119 0.4934 0.475 0.4634 0.4542 0.4311 0.4242 0.4173 0.3989 0.3897 0.3942 0.3781 0.3642 0.3666 0.3504 0.3366
0.1729 1.0 0.023 0.71 0.72 0.73 0.74 0.75 0.76 0.77 0.78 0.79 0.8 0.81 0.82 0.83 0.84 0.85 0.86 0.87 0.88 0.89 0.9 0.4239 0.4009 0.3871 0.3732 0.3502 0.3364 0.3272 0.3064 0.2927 0.2903 0.2719 0.2581 0.2627 0.2489 0.2328 0.2351 0.2259 0.2074 0.2028 0.1959 0.5797 0.5634 0.538 0.5171 0.5079 0.4871 0.4662 0.4593 0.4431 0.4246 0.4177 0.4083 0.3899 0.3852 0.3806 0.3644 0.3528 0.3506 0.3367 0.325 0.5603 0.5419 0.5188 0.5119 0.4934 0.475 0.4634 0.4542 0.4311 0.4242 0.4173 0.3989 0.3897 0.3942 0.3781 0.3642 0.3666 0.3504 0.3366 0.332
0.1706 1.0 0.046 0.72 0.73 0.74 0.75 0.76 0.77 0.78 0.79 0.8 0.81 0.82 0.83 0.84 0.85 0.86 0.87 0.88 0.89 0.9 0.91 0.4009 0.3871 0.3732 0.3502 0.3364 0.3272 0.3064 0.2927 0.2903 0.2719 0.2581 0.2627 0.2489 0.2328 0.2351 0.2259 0.2074 0.2028 0.1959 0.1821 0.5634 0.538 0.5171 0.5079 0.4871 0.4662 0.4593 0.4431 0.4246 0.4177 0.4083 0.3899 0.3852 0.3806 0.3644 0.3528 0.3506 0.3367 0.325 0.3204 0.5419 0.5188 0.5119 0.4934 0.475 0.4634 0.4542 0.4311 0.4242 0.4173 0.3989 0.3897 0.3942 0.3781 0.3642 0.3666 0.3504 0.3366 0.332 0.325
0.1568 1.0 0.0307 0.73 0.74 0.75 0.76 0.77 0.78 0.79 0.8 0.81 0.82 0.83 0.84 0.85 0.86 0.87 0.88 0.89 0.9 0.91 0.92 0.3871 0.3732 0.3502 0.3364 0.3272 0.3064 0.2927 0.2903 0.2719 0.2581 0.2627 0.2489 0.2328 0.2351 0.2259 0.2074 0.2028 0.1959 0.1821 0.1729 0.538 0.5171 0.5079 0.4871 0.4662 0.4593 0.4431 0.4246 0.4177 0.4083 0.3899 0.3852 0.3806 0.3644 0.3528 0.3506 0.3367 0.325 0.3204 0.3089 0.5188 0.5119 0.4934 0.475 0.4634 0.4542 0.4311 0.4242 0.4173 0.3989 0.3897 0.3942 0.3781 0.3642 0.3666 0.3504 0.3366 0.332 0.325 0.3089
0.1476 1.0 0.0077 0.74 0.75 0.76 0.77 0.78 0.79 0.8 0.81 0.82 0.83 0.84 0.85 0.86 0.87 0.88 0.89 0.9 0.91 0.92 0.93 0.3732 0.3502 0.3364 0.3272 0.3064 0.2927 0.2903 0.2719 0.2581 0.2627 0.2489 0.2328 0.2351 0.2259 0.2074 0.2028 0.1959 0.1821 0.1729 0.1706 0.5171 0.5079 0.4871 0.4662 0.4593 0.4431 0.4246 0.4177 0.4083 0.3899 0.3852 0.3806 0.3644 0.3528 0.3506 0.3367 0.325 0.3204 0.3089 0.2996 0.5119 0.4934 0.475 0.4634 0.4542 0.4311 0.4242 0.4173 0.3989 0.3897 0.3942 0.3781 0.3642 0.3666 0.3504 0.3366 0.332 0.325 0.3089 0.3066
0.1429 1.0 0.046 0.75 0.76 0.77 0.78 0.79 0.8 0.81 0.82 0.83 0.84 0.85 0.86 0.87 0.88 0.89 0.9 0.91 0.92 0.93 0.94 0.3502 0.3364 0.3272 0.3064 0.2927 0.2903 0.2719 0.2581 0.2627 0.2489 0.2328 0.2351 0.2259 0.2074 0.2028 0.1959 0.1821 0.1729 0.1706 0.1568 0.5079 0.4871 0.4662 0.4593 0.4431 0.4246 0.4177 0.4083 0.3899 0.3852 0.3806 0.3644 0.3528 0.3506 0.3367 0.325 0.3204 0.3089 0.2996 0.2927 0.4934 0.475 0.4634 0.4542 0.4311 0.4242 0.4173 0.3989 0.3897 0.3942 0.3781 0.3642 0.3666 0.3504 0.3366 0.332 0.325 0.3089 0.3066 0.2973
0.1337 1.0 0.0307 0.76 0.77 0.78 0.79 0.8 0.81 0.82 0.83 0.84 0.85 0.86 0.87 0.88 0.89 0.9 0.91 0.92 0.93 0.94 0.95 0.3364 0.3272 0.3064 0.2927 0.2903 0.2719 0.2581 0.2627 0.2489 0.2328 0.2351 0.2259 0.2074 0.2028 0.1959 0.1821 0.1729 0.1706 0.1568 0.1476 0.4871 0.4662 0.4593 0.4431 0.4246 0.4177 0.4083 0.3899 0.3852 0.3806 0.3644 0.3528 0.3506 0.3367 0.325 0.3204 0.3089 0.2996 0.2927 0.2833 0.475 0.4634 0.4542 0.4311 0.4242 0.4173 0.3989 0.3897 0.3942 0.3781 0.3642 0.3666 0.3504 0.3366 0.332 0.325 0.3089 0.3066 0.2973 0.2859
0.1291 1.0 0.0157 0.77 0.78 0.79 0.8 0.81 0.82 0.83 0.84 0.85 0.86 0.87 0.88 0.89 0.9 0.91 0.92 0.93 0.94 0.95 0.96 0.3272 0.3064 0.2927 0.2903 0.2719 0.2581 0.2627 0.2489 0.2328 0.2351 0.2259 0.2074 0.2028 0.1959 0.1821 0.1729 0.1706 0.1568 0.1476 0.1429 0.4662 0.4593 0.4431 0.4246 0.4177 0.4083 0.3899 0.3852 0.3806 0.3644 0.3528 0.3506 0.3367 0.325 0.3204 0.3089 0.2996 0.2927 0.2833 0.2741 0.4634 0.4542 0.4311 0.4242 0.4173 0.3989 0.3897 0.3942 0.3781 0.3642 0.3666 0.3504 0.3366 0.332 0.325 0.3089 0.3066 0.2973 0.2859 0.2789
0.1383 1.0 0.0307 0.78 0.79 0.8 0.81 0.82 0.83 0.84 0.85 0.86 0.87 0.88 0.89 0.9 0.91 0.92 0.93 0.94 0.95 0.96 0.97 0.3064 0.2927 0.2903 0.2719 0.2581 0.2627 0.2489 0.2328 0.2351 0.2259 0.2074 0.2028 0.1959 0.1821 0.1729 0.1706 0.1568 0.1476 0.1429 0.1337 0.4593 0.4431 0.4246 0.4177 0.4083 0.3899 0.3852 0.3806 0.3644 0.3528 0.3506 0.3367 0.325 0.3204 0.3089 0.2996 0.2927 0.2833 0.2741 0.2672 0.4542 0.4311 0.4242 0.4173 0.3989 0.3897 0.3942 0.3781 0.3642 0.3666 0.3504 0.3366 0.332 0.325 0.3089 0.3066 0.2973 0.2859 0.2789 0.272
0.1314 1.0 0.0153 0.79 0.8 0.81 0.82 0.83 0.84 0.85 0.86 0.87 0.88 0.89 0.9 0.91 0.92 0.93 0.94 0.95 0.96 0.97 0.0 0.2927 0.2903 0.2719 0.2581 0.2627 0.2489 0.2328 0.2351 0.2259 0.2074 0.2028 0.1959 0.1821 0.1729 0.1706 0.1568 0.1476 0.1429 0.1337 0.1291 0.4431 0.4246 0.4177 0.4083 0.3899 0.3852 0.3806 0.3644 0.3528 0.3506 0.3367 0.325 0.3204 0.3089 0.2996 0.2927 0.2833 0.2741 0.2672 0.2602 0.4311 0.4242 0.4173 0.3989 0.3897 0.3942 0.3781 0.3642 0.3666 0.3504 0.3366 0.332 0.325 0.3089 0.3066 0.2973 0.2859 0.2789 0.272 0.2651
0.2167 1.0 0.0307 0.8 0.81 0.82 0.83 0.84 0.85 0.86 0.87 0.88 0.89 0.9 0.91 0.92 0.93 0.94 0.95 0.96 0.97 0.0 0.01 0.2903 0.2719 0.2581 0.2627 0.2489 0.2328 0.2351 0.2259 0.2074 0.2028 0.1959 0.1821 0.1729 0.1706 0.1568 0.1476 0.1429 0.1337 0.1291 0.1383 0.4246 0.4177 0.4083 0.3899 0.3852 0.3806 0.3644 0.3528 0.3506 0.3367 0.325 0.3204 0.3089 0.2996 0.2927 0.2833 0.2741 0.2672 0.2602 0.2857 0.4242 0.4173 0.3989 0.3897 0.3942 0.3781 0.3642 0.3666 0.3504 0.3366 0.332 0.325 0.3089 0.3066 0.2973 0.2859 0.2789 0.272 0.2651 0.3389
0.2281 1.0 0.023 0.81 0.82 0.83 0.84 0.85 0.86 0.87 0.88 0.89 0.9 0.91 0.92 0.93 0.94 0.95 0.96 0.97 0.0 0.01 0.02 0.2719 0.2581 0.2627 0.2489 0.2328 0.2351 0.2259 0.2074 0.2028 0.1959 0.1821 0.1729 0.1706 0.1568 0.1476 0.1429 0.1337 0.1291 0.1383 0.1314 0.4177 0.4083 0.3899 0.3852 0.3806 0.3644 0.3528 0.3506 0.3367 0.325 0.3204 0.3089 0.2996 0.2927 0.2833 0.2741 0.2672 0.2602 0.2857 0.3297 0.4173 0.3989 0.3897 0.3942 0.3781 0.3642 0.3666 0.3504 0.3366 0.332 0.325 0.3089 0.3066 0.2973 0.2859 0.2789 0.272 0.2651 0.3389 0.3136
0.2051 1.0 0.2843 0.82 0.83 0.84 0.85 0.86 0.87 0.88 0.89 0.9 0.91 0.92 0.93 0.94 0.95 0.96 0.97 0.0 0.01 0.02 0.03 0.2581 0.2627 0.2489 0.2328 0.2351 0.2259 0.2074 0.2028 0.1959 0.1821 0.1729 0.1706 0.1568 0.1476 0.1429 0.1337 0.1291 0.1383 0.1314 0.2167 0.4083 0.3899 0.3852 0.3806 0.3644 0.3528 0.3506 0.3367 0.325 0.3204 0.3089 0.2996 0.2927 0.2833 0.2741 0.2672 0.2602 0.2857 0.3297 0.3089 0.3989 0.3897 0.3942 0.3781 0.3642 0.3666 0.3504 0.3366 0.332 0.325 0.3089 0.3066 0.2973 0.2859 0.2789 0.272 0.2651 0.3389 0.3136 0.3066
0.2581 1.0 0.038 0.83 0.84 0.85 0.86 0.87 0.88 0.89 0.9 0.91 0.92 0.93 0.94 0.95 0.96 0.97 0.0 0.01 0.02 0.03 0.04 0.2627 0.2489 0.2328 0.2351 0.2259 0.2074 0.2028 0.1959 0.1821 0.1729 0.1706 0.1568 0.1476 0.1429 0.1337 0.1291 0.1383 0.1314 0.2167 0.2281 0.3899 0.3852 0.3806 0.3644 0.3528 0.3506 0.3367 0.325 0.3204 0.3089 0.2996 0.2927 0.2833 0.2741 0.2672 0.2602 0.2857 0.3297 0.3089 0.3134 0.3897 0.3942 0.3781 0.3642 0.3666 0.3504 0.3366 0.332 0.325 0.3089 0.3066 0.2973 0.2859 0.2789 0.272 0.2651 0.3389 0.3136 0.3066 0.3897
0.2903 1.0 0.0767 0.84 0.85 0.86 0.87 0.88 0.89 0.9 0.91 0.92 0.93 0.94 0.95 0.96 0.97 0.0 0.01 0.02 0.03 0.04 0.05 0.2489 0.2328 0.2351 0.2259 0.2074 0.2028 0.1959 0.1821 0.1729 0.1706 0.1568 0.1476 0.1429 0.1337 0.1291 0.1383 0.1314 0.2167 0.2281 0.2051 0.3852 0.3806 0.3644 0.3528 0.3506 0.3367 0.325 0.3204 0.3089 0.2996 0.2927 0.2833 0.2741 0.2672 0.2602 0.2857 0.3297 0.3089 0.3134 0.3852 0.3942 0.3781 0.3642 0.3666 0.3504 0.3366 0.332 0.325 0.3089 0.3066 0.2973 0.2859 0.2789 0.272 0.2651 0.3389 0.3136 0.3066 0.3897 0.3666
0.2534 1.0 0.1767 0.85 0.86 0.87 0.88 0.89 0.9 0.91 0.92 0.93 0.94 0.95 0.96 0.97 0.0 0.01 0.02 0.03 0.04 0.05 0.06 0.2328 0.2351 0.2259 0.2074 0.2028 0.1959 0.1821 0.1729 0.1706 0.1568 0.1476 0.1429 0.1337 0.1291 0.1383 0.1314 0.2167 0.2281 0.2051 0.2581 0.3806 0.3644 0.3528 0.3506 0.3367 0.325 0.3204 0.3089 0.2996 0.2927 0.2833 0.2741 0.2672 0.2602 0.2857 0.3297 0.3089 0.3134 0.3852 0.3528 0.3781 0.3642 0.3666 0.3504 0.3366 0.332 0.325 0.3089 0.3066 0.2973 0.2859 0.2789 0.272 0.2651 0.3389 0.3136 0.3066 0.3897 0.3666 0.3389
0.2719 1.0 0.1073 0.86 0.87 0.88 0.89 0.9 0.91 0.92 0.93 0.94 0.95 0.96 0.97 0.0 0.01 0.02 0.03 0.04 0.05 0.06 0.07 0.2351 0.2259 0.2074 0.2028 0.1959 0.1821 0.1729 0.1706 0.1568 0.1476 0.1429 0.1337 0.1291 0.1383 0.1314 0.2167 0.2281 0.2051 0.2581 0.2903 0.3644 0.3528 0.3506 0.3367 0.325 0.3204 0.3089 0.2996 0.2927 0.2833 0.2741 0.2672 0.2602 0.2857 0.3297 0.3089 0.3134 0.3852 0.3528 0.3389 0.3642 0.3666 0.3504 0.3366 0.332 0.325 0.3089 0.3066 0.2973 0.2859 0.2789 0.272 0.2651 0.3389 0.3136 0.3066 0.3897 0.3666 0.3389 0.4127
0.341 1.0 0.123 0.87 0.88 0.89 0.9 0.91 0.92 0.93 0.94 0.95 0.96 0.97 0.0 0.01 0.02 0.03 0.04 0.05 0.06 0.07 0.08 0.2259 0.2074 0.2028 0.1959 0.1821 0.1729 0.1706 0.1568 0.1476 0.1429 0.1337 0.1291 0.1383 0.1314 0.2167 0.2281 0.2051 0.2581 0.2903 0.2534 0.3528 0.3506 0.3367 0.325 0.3204 0.3089 0.2996 0.2927 0.2833 0.2741 0.2672 0.2602 0.2857 0.3297 0.3089 0.3134 0.3852 0.3528 0.3389 0.4177 0.3666 0.3504 0.3366 0.332 0.325 0.3089 0.3066 0.2973 0.2859 0.2789 0.272 0.2651 0.3389 0.3136 0.3066 0.3897 0.3666 0.3389 0.4127 0.4058
0.2996 1.0 0.0617 0.88 0.89 0.9 0.91 0.92 0.93 0.94 0.95 0.96 0.97 0.0 0.01 0.02 0.03 0.04 0.05 0.06 0.07 0.08 0.09 0.2074 0.2028 0.1959 0.1821 0.1729 0.1706 0.1568 0.1476 0.1429 0.1337 0.1291 0.1383 0.1314 0.2167 0.2281 0.2051 0.2581 0.2903 0.2534 0.2719 0.3506 0.3367 0.325 0.3204 0.3089 0.2996 0.2927 0.2833 0.2741 0.2672 0.2602 0.2857 0.3297 0.3089 0.3134 0.3852 0.3528 0.3389 0.4177 0.3968 0.3504 0.3366 0.332 0.325 0.3089 0.3066 0.2973 0.2859 0.2789 0.272 0.2651 0.3389 0.3136 0.3066 0.3897 0.3666 0.3389 0.4127 0.4058 0.3734
0.2788 1.0 0.2303 0.89 0.9 0.91 0.92 0.93 0.94 0.95 0.96 0.97 0.0 0.01 0.02 0.03 0.04 0.05 0.06 0.07 0.08 0.09 0.1 0.2028 0.1959 0.1821 0.1729 0.1706 0.1568 0.1476 0.1429 0.1337 0.1291 0.1383 0.1314 0.2167 0.2281 0.2051 0.2581 0.2903 0.2534 0.2719 0.341 0.3367 0.325 0.3204 0.3089 0.2996 0.2927 0.2833 0.2741 0.2672 0.2602 0.2857 0.3297 0.3089 0.3134 0.3852 0.3528 0.3389 0.4177 0.3968 0.369 0.3366 0.332 0.325 0.3089 0.3066 0.2973 0.2859 0.2789 0.272 0.2651 0.3389 0.3136 0.3066 0.3897 0.3666 0.3389 0.4127 0.4058 0.3734 0.4104
0.3663 1.0 0.138 0.9 0.91 0.92 0.93 0.94 0.95 0.96 0.97 0.0 0.01 0.02 0.03 0.04 0.05 0.06 0.07 0.08 0.09 0.1 0.11 0.1959 0.1821 0.1729 0.1706 0.1568 0.1476 0.1429 0.1337 0.1291 0.1383 0.1314 0.2167 0.2281 0.2051 0.2581 0.2903 0.2534 0.2719 0.341 0.2996 0.325 0.3204 0.3089 0.2996 0.2927 0.2833 0.2741 0.2672 0.2602 0.2857 0.3297 0.3089 0.3134 0.3852 0.3528 0.3389 0.4177 0.3968 0.369 0.4316 0.332 0.325 0.3089 0.3066 0.2973 0.2859 0.2789 0.272 0.2651 0.3389 0.3136 0.3066 0.3897 0.3666 0.3389 0.4127 0.4058 0.3734 0.4104 0.445
0.3387 1.0 0.0693 0.91 0.92 0.93 0.94 0.95 0.96 0.97 0.0 0.01 0.02 0.03 0.04 0.05 0.06 0.07 0.08 0.09 0.1 0.11 0.12 0.1821 0.1729 0.1706 0.1568 0.1476 0.1429 0.1337 0.1291 0.1383 0.1314 0.2167 0.2281 0.2051 0.2581 0.2903 0.2534 0.2719 0.341 0.2996 0.2788 0.3204 0.3089 0.2996 0.2927 0.2833 0.2741 0.2672 0.2602 0.2857 0.3297 0.3089 0.3134 0.3852 0.3528 0.3389 0.4177 0.3968 0.369 0.4316 0.4384 0.325 0.3089 0.3066 0.2973 0.2859 0.2789 0.272 0.2651 0.3389 0.3136 0.3066 0.3897 0.3666 0.3389 0.4127 0.4058 0.3734 0.4104 0.445 0.4058
0.3041 1.0 0.2917 0.92 0.93 0.94 0.95 0.96 0.97 0.0 0.01 0.02 0.03 0.04 0.05 0.06 0.07 0.08 0.09 0.1 0.11 0.12 0.13 0.1729 0.1706 0.1568 0.1476 0.1429 0.1337 0.1291 0.1383 0.1314 0.2167 0.2281 0.2051 0.2581 0.2903 0.2534 0.2719 0.341 0.2996 0.2788 0.3663 0.3089 0.2996 0.2927 0.2833 0.2741 0.2672 0.2602 0.2857 0.3297 0.3089 0.3134 0.3852 0.3528 0.3389 0.4177 0.3968 0.369 0.4316 0.4384 0.406 0.3089 0.3066 0.2973 0.2859 0.2789 0.272 0.2651 0.3389 0.3136 0.3066 0.3897 0.3666 0.3389 0.4127 0.4058 0.3734 0.4104 0.445 0.4058 0.4104
0.3548 1.0 0.092 0.93 0.94 0.95 0.96 0.97 0.0 0.01 0.02 0.03 0.04 0.05 0.06 0.07 0.08 0.09 0.1 0.11 0.12 0.13 0.14 0.1706 0.1568 0.1476 0.1429 0.1337 0.1291 0.1383 0.1314 0.2167 0.2281 0.2051 0.2581 0.2903 0.2534 0.2719 0.341 0.2996 0.2788 0.3663 0.3387 0.2996 0.2927 0.2833 0.2741 0.2672 0.2602 0.2857 0.3297 0.3089 0.3134 0.3852 0.3528 0.3389 0.4177 0.3968 0.369 0.4316 0.4384 0.406 0.4384 0.3066 0.2973 0.2859 0.2789 0.272 0.2651 0.3389 0.3136 0.3066 0.3897 0.3666 0.3389 0.4127 0.4058 0.3734 0.4104 0.445 0.4058 0.4104 0.4727
0.3663 1.0 0.1153 0.94 0.95 0.96 0.97 0.0 0.01 0.02 0.03 0.04 0.05 0.06 0.07 0.08 0.09 0.1 0.11 0.12 0.13 0.14 0.15 0.1568 0.1476 0.1429 0.1337 0.1291 0.1383 0.1314 0.2167 0.2281 0.2051 0.2581 0.2903 0.2534 0.2719 0.341 0.2996 0.2788 0.3663 0.3387 0.3041 0.2927 0.2833 0.2741 0.2672 0.2602 0.2857 0.3297 0.3089 0.3134 0.3852 0.3528 0.3389 0.4177 0.3968 0.369 0.4316 0.4384 0.406 0.4384 0.4801 0.2973 0.2859 0.2789 0.272 0.2651 0.3389 0.3136 0.3066 0.3897 0.3666 0.3389 0.4127 0.4058 0.3734 0.4104 0.445 0.4058 0.4104 0.4727 0.4358
0.3341 1.0 0.169 0.95 0.96 0.97 0.0 0.01 0.02 0.03 0.04 0.05 0.06 0.07 0.08 0.09 0.1 0.11 0.12 0.13 0.14 0.15 0.16 0.1476 0.1429 0.1337 0.1291 0.1383 0.1314 0.2167 0.2281 0.2051 0.2581 0.2903 0.2534 0.2719 0.341 0.2996 0.2788 0.3663 0.3387 0.3041 0.3548 0.2833 0.2741 0.2672 0.2602 0.2857 0.3297 0.3089 0.3134 0.3852 0.3528 0.3389 0.4177 0.3968 0.369 0.4316 0.4384 0.406 0.4384 0.4801 0.4408 0.2859 0.2789 0.272 0.2651 0.3389 0.3136 0.3066 0.3897 0.3666 0.3389 0.4127 0.4058 0.3734 0.4104 0.445 0.4058 0.4104 0.4727 0.4358 0.4197
0.3502 1.0 0.0383 0.96 0.97 0.0 0.01 0.02 0.03 0.04 0.05 0.06 0.07 0.08 0.09 0.1 0.11 0.12 0.13 0.14 0.15 0.16 0.17 0.1429 0.1337 0.1291 0.1383 0.1314 0.2167 0.2281 0.2051 0.2581 0.2903 0.2534 0.2719 0.341 0.2996 0.2788 0.3663 0.3387 0.3041 0.3548 0.3663 0.2741 0.2672 0.2602 0.2857 0.3297 0.3089 0.3134 0.3852 0.3528 0.3389 0.4177 0.3968 0.369 0.4316 0.4384 0.406 0.4384 0.4801 0.4408 0.4361 0.2789 0.272 0.2651 0.3389 0.3136 0.3066 0.3897 0.3666 0.3389 0.4127 0.4058 0.3734 0.4104 0.445 0.4058 0.4104 0.4727 0.4358 0.4197 0.4773
0.3756 1.0 0.1073 0.97 0.0 0.01 0.02 0.03 0.04 0.05 0.06 0.07 0.08 0.09 0.1 0.11 0.12 0.13 0.14 0.15 0.16 0.17 0.18 0.1337 0.1291 0.1383 0.1314 0.2167 0.2281 0.2051 0.2581 0.2903 0.2534 0.2719 0.341 0.2996 0.2788 0.3663 0.3387 0.3041 0.3548 0.3663 0.3341 0.2672 0.2602 0.2857 0.3297 0.3089 0.3134 0.3852 0.3528 0.3389 0.4177 0.3968 0.369 0.4316 0.4384 0.406 0.4384 0.4801 0.4408 0.4361 0.5079 0.272 0.2651 0.3389 0.3136 0.3066 0.3897 0.3666 0.3389 0.4127 0.4058 0.3734 0.4104 0.445 0.4058 0.4104 0.4727 0.4358 0.4197 0.4773 0.4589
0.3479 1.0 0.0537 0.0 0.01 0.02 0.03 0.04 0.05 0.06 0.07 0.08 0.09 0.1 0.11 0.12 0.13 0.14 0.15 0.16 0.17 0.18 0.19 0.1291 0.1383 0.1314 0.2167 0.2281 0.2051 0.2581 0.2903 0.2534 0.2719 0.341 0.2996 0.2788 0.3663 0.3387 0.3041 0.3548 0.3663 0.3341 0.3502 0.2602 0.2857 0.3297 0.3089 0.3134 0.3852 0.3528 0.3389 0.4177 0.3968 0.369 0.4316 0.4384 0.406 0.4384 0.4801 0.4408 0.4361 0.5079 0.4778 0.2651 0.3389 0.3136 0.3066 0.3897 0.3666 0.3389 0.4127 0.4058 0.3734 0.4104 0.445 0.4058 0.4104 0.4727 0.4358 0.4197 0.4773 0.4589 0.4427
0.3479 1.0 0.0847 0.01 0.02 0.03 0.04 0.05 0.06 0.07 0.08 0.09 0.1 0.11 0.12 0.13 0.14 0.15 0.16 0.17 0.18 0.19 0.2 0.1383 0.1314 0.2167 0.2281 0.2051 0.2581 0.2903 0.2534 0.2719 0.341 0.2996 0.2788 0.3663 0.3387 0.3041 0.3548 0.3663 0.3341 0.3502 0.3756 0.2857 0.3297 0.3089 0.3134 0.3852 0.3528 0.3389 0.4177 0.3968 0.369 0.4316 0.4384 0.406 0.4384 0.4801 0.4408 0.4361 0.5079 0.4778 0.4593 0.3389 0.3136 0.3066 0.3897 0.3666 0.3389 0.4127 0.4058 0.3734 0.4104 0.445 0.4058 0.4104 0.4727 0.4358 0.4197 0.4773 0.4589 0.4427 0.4727
0.3963 1.0 0.0923 0.02 0.03 0.04 0.05 0.06 0.07 0.08 0.09 0.1 0.11 0.12 0.13 0.14 0.15 0.16 0.17 0.18 0.19 0.2 0.21 0.1314 0.2167 0.2281 0.2051 0.2581 0.2903 0.2534 0.2719 0.341 0.2996 0.2788 0.3663 0.3387 0.3041 0.3548 0.3663 0.3341 0.3502 0.3756 0.3479 0.3297 0.3089 0.3134 0.3852 0.3528 0.3389 0.4177 0.3968 0.369 0.4316 0.4384 0.406 0.4384 0.4801 0.4408 0.4361 0.5079 0.4778 0.4593 0.4893 0.3136 0.3066 0.3897 0.3666 0.3389 0.4127 0.4058 0.3734 0.4104 0.445 0.4058 0.4104 0.4727 0.4358 0.4197 0.4773 0.4589 0.4427 0.4727 0.4934
0.4009 1.0 0.0 0.03 0.04 0.05 0.06 0.07 0.08 0.09 0.1 0.11 0.12 0.13 0.14 0.15 0.16 0.17 0.18 0.19 0.2 0.21 0.22 0.2167 0.2281 0.2051 0.2581 0.2903 0.2534 0.2719 0.341 0.2996 0.2788 0.3663 0.3387 0.3041 0.3548 0.3663 0.3341 0.3502 0.3756 0.3479 0.3479 0.3089 0.3134 0.3852 0.3528 0.3389 0.4177 0.3968 0.369 0.4316 0.4384 0.406 0.4384 0.4801 0.4408 0.4361 0.5079 0.4778 0.4593 0.4893 0.531 0.3066 0.3897 0.3666 0.3389 0.4127 0.4058 0.3734 0.4104 0.445 0.4058 0.4104 0.4727 0.4358 0.4197 0.4773 0.4589 0.4427 0.4727 0.4934 0.4681
0.3871 1.0 0.1613 0.04 0.05 0.06 0.07 0.08 0.09 0.1 0.11 0.12 0.13 0.14 0.15 0.16 0.17 0.18 0.19 0.2 0.21 0.22 0.23 0.2281 0.2051 0.2581 0.2903 0.2534 0.2719 0.341 0.2996 0.2788 0.3663 0.3387 0.3041 0.3548 0.3663 0.3341 0.3502 0.3756 0.3479 0.3479 0.3963 0.3134 0.3852 0.3528 0.3389 0.4177 0.3968 0.369 0.4316 0.4384 0.406 0.4384 0.4801 0.4408 0.4361 0.5079 0.4778 0.4593 0.4893 0.531 0.501 0.3897 0.3666 0.3389 0.4127 0.4058 0.3734 0.4104 0.445 0.4058 0.4104 0.4727 0.4358 0.4197 0.4773 0.4589 0.4427 0.4727 0.4934 0.4681 0.4796
0.4009 1.0 0.0153 0.05 0.06 0.07 0.08 0.09 0.1 0.11 0.12 0.13 0.14 0.15 0.16 0.17 0.18 0.19 0.2 0.21 0.22 0.23 0.24 0.2051 0.2581 0.2903 0.2534 0.2719 0.341 0.2996 0.2788 0.3663 0.3387 0.3041 0.3548 0.3663 0.3341 0.3502 0.3756 0.3479 0.3479 0.3963 0.4009 0.3852 0.3528 0.3389 0.4177 0.3968 0.369 0.4316 0.4384 0.406 0.4384 0.4801 0.4408 0.4361 0.5079 0.4778 0.4593 0.4893 0.531 0.501 0.5126 0.3666 0.3389 0.4127 0.4058 0.3734 0.4104 0.445 0.4058 0.4104 0.4727 0.4358 0.4197 0.4773 0.4589 0.4427 0.4727 0.4934 0.4681 0.4796 0.5142
0.4631 1.0 0.046 0.06 0.07 0.08 0.09 0.1 0.11 0.12 0.13 0.14 0.15 0.16 0.17 0.18 0.19 0.2 0.21 0.22 0.23 0.24 0.25 0.2581 0.2903 0.2534 0.2719 0.341 0.2996 0.2788 0.3663 0.3387 0.3041 0.3548 0.3663 0.3341 0.3502 0.3756 0.3479 0.3479 0.3963 0.4009 0.3871 0.3528 0.3389 0.4177 0.3968 0.369 0.4316 0.4384 0.406 0.4384 0.4801 0.4408 0.4361 0.5079 0.4778 0.4593 0.4893 0.531 0.501 0.5126 0.5658 0.3389 0.4127 0.4058 0.3734 0.4104 0.445 0.4058 0.4104 0.4727 0.4358 0.4197 0.4773 0.4589 0.4427 0.4727 0.4934 0.4681 0.4796 0.5142 0.528
0.4423 1.0 0.046 0.07 0.08 0.09 0.1 0.11 0.12 0.13 0.14 0.15 0.16 0.17 0.18 0.19 0.2 0.21 0.22 0.23 0.24 0.25 0.26 0.2903 0.2534 0.2719 0.341 0.2996 0.2788 0.3663 0.3387 0.3041 0.3548 0.3663 0.3341 0.3502 0.3756 0.3479 0.3479 0.3963 0.4009 0.3871 0.4009 0.3389 0.4177 0.3968 0.369 0.4316 0.4384 0.406 0.4384 0.4801 0.4408 0.4361 0.5079 0.4778 0.4593 0.4893 0.531 0.501 0.5126 0.5658 0.5519 0.4127 0.4058 0.3734 0.4104 0.445 0.4058 0.4104 0.4727 0.4358 0.4197 0.4773 0.4589 0.4427 0.4727 0.4934 0.4681 0.4796 0.5142 0.528 0.5211
0.4309 1.0 0.2073 0.08 0.09 0.1 0.11 0.12 0.13 0.14 0.15 0.16 0.17 0.18 0.19 0.2 0.21 0.22 0.23 0.24 0.25 0.26 0.27 0.2534 0.2719 0.341 0.2996 0.2788 0.3663 0.3387 0.3041 0.3548 0.3663 0.3341 0.3502 0.3756 0.3479 0.3479 0.3963 0.4009 0.3871 0.4009 0.4631 0.4177 0.3968 0.369 0.4316 0.4384 0.406 0.4384 0.4801 0.4408 0.4361 0.5079 0.4778 0.4593 0.4893 0.531 0.501 0.5126 0.5658 0.5519 0.5472 0.4058 0.3734 0.4104 0.445 0.4058 0.4104 0.4727 0.4358 0.4197 0.4773 0.4589 0.4427 0.4727 0.4934 0.4681 0.4796 0.5142 0.528 0.5211 0.5464
0.4908 1.0 0.0693 0.09 0.1 0.11 0.12 0.13 0.14 0.15 0.16 0.17 0.18 0.19 0.2 0.21 0.22 0.23 0.24 0.25 0.26 0.27 0.28 0.2719 0.341 0.2996 0.2788 0.3663 0.3387 0.3041 0.3548 0.3663 0.3341 0.3502 0.3756 0.3479 0.3479 0.3963 0.4009 0.3871 0.4009 0.4631 0.4423 0.3968 0.369 0.4316 0.4384 0.406 0.4384 0.4801 0.4408 0.4361 0.5079 0.4778 0.4593 0.4893 0.531 0.501 0.5126 0.5658 0.5519 0.5472 0.575 0.3734 0.4104 0.445 0.4058 0.4104 0.4727 0.4358 0.4197 0.4773 0.4589 0.4427 0.4727 0.4934 0.4681 0.4796 0.5142 0.528 0.5211 0.5464 0.5996
0.4838 1.0 0.038 0.1 0.11 0.12 0.13 0.14 0.15 0.16 0.17 0.18 0.19 0.2 0.21 0.22 0.23 0.24 0.25 0.26 0.27 0.28 0.29 0.341 0.2996 0.2788 0.3663 0.3387 0.3041 0.3548 0.3663 0.3341 0.3502 0.3756 0.3479 0.3479 0.3963 0.4009 0.3871 0.4009 0.4631 0.4423 0.4309 0.369 0.4316 0.4384 0.406 0.4384 0.4801 0.4408 0.4361 0.5079 0.4778 0.4593 0.4893 0.531 0.501 0.5126 0.5658 0.5519 0.5472 0.575 0.6098 0.4104 0.445 0.4058 0.4104 0.4727 0.4358 0.4197 0.4773 0.4589 0.4427 0.4727 0.4934 0.4681 0.4796 0.5142 0.528 0.5211 0.5464 0.5996 0.5627
0.4562 1.0 0.1997 0.11 0.12 0.13 0.14 0.15 0.16 0.17 0.18 0.19 0.2 0.21 0.22 0.23 0.24 0.25 0.26 0.27 0.28 0.29 0.3 0.2996 0.2788 0.3663 0.3387 0.3041 0.3548 0.3663 0.3341 0.3502 0.3756 0.3479 0.3479 0.3963 0.4009 0.3871 0.4009 0.4631 0.4423 0.4309 0.4908 0.4316 0.4384 0.406 0.4384 0.4801 0.4408 0.4361 0.5079 0.4778 0.4593 0.4893 0.531 0.501 0.5126 0.5658 0.5519 0.5472 0.575 0.6098 0.5773 0.445 0.4058 0.4104 0.4727 0.4358 0.4197 0.4773 0.4589 0.4427 0.4727 0.4934 0.4681 0.4796 0.5142 0.528 0.5211 0.5464 0.5996 0.5627 0.558
0.493 1.0 0.0233 0.12 0.13 0.14 0.15 0.16 0.17 0.18 0.19 0.2 0.21 0.22 0.23 0.24 0.25 0.26 0.27 0.28 0.29 0.3 0.31 0.2788 0.3663 0.3387 0.3041 0.3548 0.3663 0.3341 0.3502 0.3756 0.3479 0.3479 0.3963 0.4009 0.3871 0.4009 0.4631 0.4423 0.4309 0.4908 0.4838 0.4384 0.406 0.4384 0.4801 0.4408 0.4361 0.5079 0.4778 0.4593 0.4893 0.531 0.501 0.5126 0.5658 0.5519 0.5472 0.575 0.6098 0.5773 0.5797 0.4058 0.4104 0.4727 0.4358 0.4197 0.4773 0.4589 0.4427 0.4727 0.4934 0.4681 0.4796 0.5142 0.528 0.5211 0.5464 0.5996 0.5627 0.558 0.6272
0.5022 1.0 0.092 0.13 0.14 0.15 0.16 0.17 0.18 0.19 0.2 0.21 0.22 0.23 0.24 0.25 0.26 0.27 0.28 0.29 0.3 0.31 0.32 0.3663 0.3387 0.3041 0.3548 0.3663 0.3341 0.3502 0.3756 0.3479 0.3479 0.3963 0.4009 0.3871 0.4009 0.4631 0.4423 0.4309 0.4908 0.4838 0.4562 0.406 0.4384 0.4801 0.4408 0.4361 0.5079 0.4778 0.4593 0.4893 0.531 0.501 0.5126 0.5658 0.5519 0.5472 0.575 0.6098 0.5773 0.5797 0.6259 0.4104 0.4727 0.4358 0.4197 0.4773 0.4589 0.4427 0.4727 0.4934 0.4681 0.4796 0.5142 0.528 0.5211 0.5464 0.5996 0.5627 0.558 0.6272 0.5949
0.47 1.0 0.1227 0.14 0.15 0.16 0.17 0.18 0.19 0.2 0.21 0.22 0.23 0.24 0.25 0.26 0.27 0.28 0.29 0.3 0.31 0.32 0.33 0.3387 0.3041 0.3548 0.3663 0.3341 0.3502 0.3756 0.3479 0.3479 0.3963 0.4009 0.3871 0.4009 0.4631 0.4423 0.4309 0.4908 0.4838 0.4562 0.493 0.4384 0.4801 0.4408 0.4361 0.5079 0.4778 0.4593 0.4893 0.531 0.501 0.5126 0.5658 0.5519 0.5472 0.575 0.6098 0.5773 0.5797 0.6259 0.5912 0.4727 0.4358 0.4197 0.4773 0.4589 0.4427 0.4727 0.4934 0.4681 0.4796 0.5142 0.528 0.5211 0.5464 0.5996 0.5627 0.558 0.6272 0.5949 0.5742
0.493 1.0 0.0307 0.15 0.16 0.17 0.18 0.19 0.2 0.21 0.22 0.23 0.24 0.25 0.26 0.27 0.28 0.29 0.3 0.31 0.32 0.33 0.34 0.3041 0.3548 0.3663 0.3341 0.3502 0.3756 0.3479 0.3479 0.3963 0.4009 0.3871 0.4009 0.4631 0.4423 0.4309 0.4908 0.4838 0.4562 0.493 0.5022 0.4801 0.4408 0.4361 0.5079 0.4778 0.4593 0.4893 0.531 0.501 0.5126 0.5658 0.5519 0.5472 0.575 0.6098 0.5773 0.5797 0.6259 0.5912 0.5797 0.4358 0.4197 0.4773 0.4589 0.4427 0.4727 0.4934 0.4681 0.4796 0.5142 0.528 0.5211 0.5464 0.5996 0.5627 0.558 0.6272 0.5949 0.5742 0.6319
0.5207 1.0 0.1073 0.16 0.17 0.18 0.19 0.2 0.21 0.22 0.23 0.24 0.25 0.26 0.27 0.28 0.29 0.3 0.31 0.32 0.33 0.34 0.35 0.3548 0.3663 0.3341 0.3502 0.3756 0.3479 0.3479 0.3963 0.4009 0.3871 0.4009 0.4631 0.4423 0.4309 0.4908 0.4838 0.4562 0.493 0.5022 0.47 0.4408 0.4361 0.5079 0.4778 0.4593 0.4893 0.531 0.501 0.5126 0.5658 0.5519 0.5472 0.575 0.6098 0.5773 0.5797 0.6259 0.5912 0.5797 0.6306 0.4197 0.4773 0.4589 0.4427 0.4727 0.4934 0.4681 0.4796 0.5142 0.528 0.5211 0.5464 0.5996 0.5627 0.558 0.6272 0.5949 0.5742 0.6319 0.6088
0.4838 1.0 0.0767 0.17 0.18 0.19 0.2 0.21 0.22 0.23 0.24 0.25 0.26 0.27 0.28 0.29 0.3 0.31 0.32 0.33 0.34 0.35 0.36 0.3663 0.3341 0.3502 0.3756 0.3479 0.3479 0.3963 0.4009 0.3871 0.4009 0.4631 0.4423 0.4309 0.4908 0.4838 0.4562 0.493 0.5022 0.47 0.493 0.4361 0.5079 0.4778 0.4593 0.4893 0.531 0.501 0.5126 0.5658 0.5519 0.5472 0.575 0.6098 0.5773 0.5797 0.6259 0.5912 0.5797 0.6306 0.5981 0.4773 0.4589 0.4427 0.4727 0.4934 0.4681 0.4796 0.5142 0.528 0.5211 0.5464 0.5996 0.5627 0.558 0.6272 0.5949 0.5742 0.6319 0.6088 0.5811
0.4977 1.0 0.0923 0.18 0.19 0.2 0.21 0.22 0.23 0.24 0.25 0.26 0.27 0.28 0.29 0.3 0.31 0.32 0.33 0.34 0.35 0.36 0.37 0.3341 0.3502 0.3756 0.3479 0.3479 0.3963 0.4009 0.3871 0.4009 0.4631 0.4423 0.4309 0.4908 0.4838 0.4562 0.493 0.5022 0.47 0.493 0.5207 0.5079 0.4778 0.4593 0.4893 0.531 0.501 0.5126 0.5658 0.5519 0.5472 0.575 0.6098 0.5773 0.5797 0.6259 0.5912 0.5797 0.6306 0.5981 0.5866 0.4589 0.4427 0.4727 0.4934 0.4681 0.4796 0.5142 0.528 0.5211 0.5464 0.5996 0.5627 0.558 0.6272 0.5949 0.5742 0.6319 0.6088 0.5811 0.6341
0.546 1.0 0.123 0.19 0.2 0.21 0.22 0.23 0.24 0.25 0.26 0.27 0.28 0.29 0.3 0.31 0.32 0.33 0.34 0.35 0.36 0.37 0.38 0.3502 0.3756 0.3479 0.3479 0.3963 0.4009 0.3871 0.4009 0.4631 0.4423 0.4309 0.4908 0.4838 0.4562 0.493 0.5022 0.47 0.493 0.5207 0.4838 0.4778 0.4593 0.4893 0.531 0.501 0.5126 0.5658 0.5519 0.5472 0.575 0.6098 0.5773 0.5797 0.6259 0.5912 0.5797 0.6306 0.5981 0.5866 0.6329 0.4427 0.4727 0.4934 0.4681 0.4796 0.5142 0.528 0.5211 0.5464 0.5996 0.5627 0.558 0.6272 0.5949 0.5742 0.6319 0.6088 0.5811 0.6341 0.6203
0.5046 1.0 0.0463 0.2 0.21 0.22 0.23 0.24 0.25 0.26 0.27 0.28 0.29 0.3 0.31 0.32 0.33 0.34 0.35 0.36 0.37 0.38 0.39 0.3756 0.3479 0.3479 0.3963 0.4009 0.3871 0.4009 0.4631 0.4423 0.4309 0.4908 0.4838 0.4562 0.493 0.5022 0.47 0.493 0.5207 0.4838 0.4977 0.4593 0.4893 0.531 0.501 0.5126 0.5658 0.5519 0.5472 0.575 0.6098 0.5773 0.5797 0.6259 0.5912 0.5797 0.6306 0.5981 0.5866 0.6329 0.6167 0.4727 0.4934 0.4681 0.4796 0.5142 0.528 0.5211 0.5464 0.5996 0.5627 0.558 0.6272 0.5949 0.5742 0.6319 0.6088 0.5811 0.6341 0.6203 0.5903
0.5114 1.0 0.161 0.21 0.22 0.23 0.24 0.25 0.26 0.27 0.28 0.29 0.3 0.31 0.32 0.33 0.34 0.35 0.36 0.37 0.38 0.39 0.4 0.3479 0.3479 0.3963 0.4009 0.3871 0.4009 0.4631 0.4423 0.4309 0.4908 0.4838 0.4562 0.493 0.5022 0.47 0.493 0.5207 0.4838 0.4977 0.546 0.4893 0.531 0.501 0.5126 0.5658 0.5519 0.5472 0.575 0.6098 0.5773 0.5797 0.6259 0.5912 0.5797 0.6306 0.5981 0.5866 0.6329 0.6167 0.6028 0.4934 0.4681 0.4796 0.5142 0.528 0.5211 0.5464 0.5996 0.5627 0.558 0.6272 0.5949 0.5742 0.6319 0.6088 0.5811 0.6341 0.6203 0.5903 0.6319
0.5713 1.0 0.138 0.22 0.23 0.24 0.25 0.26 0.27 0.28 0.29 0.3 0.31 0.32 0.33 0.34 0.35 0.36 0.37 0.38 0.39 0.4 0.41 0.3479 0.3963 0.4009 0.3871 0.4009 0.4631 0.4423 0.4309 0.4908 0.4838 0.4562 0.493 0.5022 0.47 0.493 0.5207 0.4838 0.4977 0.546 0.5046 0.531 0.501 0.5126 0.5658 0.5519 0.5472 0.575 0.6098 0.5773 0.5797 0.6259 0.5912 0.5797 0.6306 0.5981 0.5866 0.6329 0.6167 0.6028 0.6468 0.4681 0.4796 0.5142 0.528 0.5211 0.5464 0.5996 0.5627 0.558 0.6272 0.5949 0.5742 0.6319 0.6088 0.5811 0.6341 0.6203 0.5903 0.6319 0.6364
0.5253 1.0 0.0227 0.23 0.24 0.25 0.26 0.27 0.28 0.29 0.3 0.31 0.32 0.33 0.34 0.35 0.36 0.37 0.38 0.39 0.4 0.41 0.42 0.3963 0.4009 0.3871 0.4009 0.4631 0.4423 0.4309 0.4908 0.4838 0.4562 0.493 0.5022 0.47 0.493 0.5207 0.4838 0.4977 0.546 0.5046 0.5114 0.501 0.5126 0.5658 0.5519 0.5472 0.575 0.6098 0.5773 0.5797 0.6259 0.5912 0.5797 0.6306 0.5981 0.5866 0.6329 0.6167 0.6028 0.6468 0.6374 0.4796 0.5142 0.528 0.5211 0.5464 0.5996 0.5627 0.558 0.6272 0.5949 0.5742 0.6319 0.6088 0.5811 0.6341 0.6203 0.5903 0.6319 0.6364 0.6041
0.5207 1.0 0.1997 0.24 0.25 0.26 0.27 0.28 0.29 0.3 0.31 0.32 0.33 0.34 0.35 0.36 0.37 0.38 0.39 0.4 0.41 0.42 0.43 0.4009 0.3871 0.4009 0.4631 0.4423 0.4309 0.4908 0.4838 0.4562 0.493 0.5022 0.47 0.493 0.5207 0.4838 0.4977 0.546 0.5046 0.5114 0.5713 0.5126 0.5658 0.5519 0.5472 0.575 0.6098 0.5773 0.5797 0.6259 0.5912 0.5797 0.6306 0.5981 0.5866 0.6329 0.6167 0.6028 0.6468 0.6374 0.6236 0.5142 0.528 0.5211 0.5464 0.5996 0.5627 0.558 0.6272 0.5949 0.5742 0.6319 0.6088 0.5811 0.6341 0.6203 0.5903 0.6319 0.6364 0.6041 0.6341
0.5898 1.0 0.1533 0.25 0.26 0.27 0.28 0.29 0.3 0.31 0.32 0.33 0.34 0.35 0.36 0.37 0.38 0.39 0.4 0.41 0.42 0.43 0.44 0.3871 0.4009 0.4631 0.4423 0.4309 0.4908 0.4838 0.4562 0.493 0.5022 0.47 0.493 0.5207 0.4838 0.4977 0.546 0.5046 0.5114 0.5713 0.5253 0.5658 0.5519 0.5472 0.575 0.6098 0.5773 0.5797 0.6259 0.5912 0.5797 0.6306 0.5981 0.5866 0.6329 0.6167 0.6028 0.6468 0.6374 0.6236 0.663 0.528 0.5211 0.5464 0.5996 0.5627 0.558 0.6272 0.5949 0.5742 0.6319 0.6088 0.5811 0.6341 0.6203 0.5903 0.6319 0.6364 0.6041 0.6341 0.6641
0.5414 1.0 0.0153 0.26 0.27 0.28 0.29 0.3 0.31 0.32 0.33 0.34 0.35 0.36 0.37 0.38 0.39 0.4 0.41 0.42 0.43 0.44 0.45 0.4009 0.4631 0.4423 0.4309 0.4908 0.4838 0.4562 0.493 0.5022 0.47 0.493 0.5207 0.4838 0.4977 0.546 0.5046 0.5114 0.5713 0.5253 0.5207 0.5519 0.5472 0.575 0.6098 0.5773 0.5797 0.6259 0.5912 0.5797 0.6306 0.5981 0.5866 0.6329 0.6167 0.6028 0.6468 0.6374 0.6236 0.663 0.663 0.5211 0.5464 0.5996 0.5627 0.558 0.6272 0.5949 0.5742 0.6319 0.6088 0.5811 0.6341 0.6203 0.5903 0.6319 0.6364 0.6041 0.6341 0.6641 0.6249
0.5161 1.0 0.2303 0.27 0.28 0.29 0.3 0.31 0.32 0.33 0.34 0.35 0.36 0.37 0.38 0.39 0.4 0.41 0.42 0.43 0.44 0.45 0.46 0.4631 0.4423 0.4309 0.4908 0.4838 0.4562 0.493 0.5022 0.47 0.493 0.5207 0.4838 0.4977 0.546 0.5046 0.5114 0.5713 0.5253 0.5207 0.5898 0.5472 0.575 0.6098 0.5773 0.5797 0.6259 0.5912 0.5797 0.6306 0.5981 0.5866 0.6329 0.6167 0.6028 0.6468 0.6374 0.6236 0.663 0.663 0.6352 0.5464 0.5996 0.5627 0.558 0.6272 0.5949 0.5742 0.6319 0.6088 0.5811 0.6341 0.6203 0.5903 0.6319 0.6364 0.6041 0.6341 0.6641 0.6249 0.6433
0.5874 1.0 0.1613 0.28 0.29 0.3 0.31 0.32 0.33 0.34 0.35 0.36 0.37 0.38 0.39 0.4 0.41 0.42 0.43 0.44 0.45 0.46 0.47 0.4423 0.4309 0.4908 0.4838 0.4562 0.493 0.5022 0.47 0.493 0.5207 0.4838 0.4977 0.546 0.5046 0.5114 0.5713 0.5253 0.5207 0.5898 0.5414 0.575 0.6098 0.5773 0.5797 0.6259 0.5912 0.5797 0.6306 0.5981 0.5866 0.6329 0.6167 0.6028 0.6468 0.6374 0.6236 0.663 0.663 0.6352 0.6652 0.5996 0.5627 0.558 0.6272 0.5949 0.5742 0.6319 0.6088 0.5811 0.6341 0.6203 0.5903 0.6319 0.6364 0.6041 0.6341 0.6641 0.6249 0.6433 0.6988
0.5576 1.0 0.0843 0.29 0.3 0.31 0.32 0.33 0.34 0.35 0.36 0.37 0.38 0.39 0.4 0.41 0.42 0.43 0.44 0.45 0.46 0.47 0.48 0.4309 0.4908 0.4838 0.4562 0.493 0.5022 0.47 0.493 0.5207 0.4838 0.4977 0.546 0.5046 0.5114 0.5713 0.5253 0.5207 0.5898 0.5414 0.5161 0.6098 0.5773 0.5797 0.6259 0.5912 0.5797 0.6306 0.5981 0.5866 0.6329 0.6167 0.6028 0.6468 0.6374 0.6236 0.663 0.663 0.6352 0.6652 0.6769 0.5627 0.558 0.6272 0.5949 0.5742 0.6319 0.6088 0.5811 0.6341 0.6203 0.5903 0.6319 0.6364 0.6041 0.6341 0.6641 0.6249 0.6433 0.6988 0.6526
0.5253 1.0 0.2377 0.3 0.31 0.32 0.33 0.34 0.35 0.36 0.37 0.38 0.39 0.4 0.41 0.42 0.43 0.44 0.45 0.46 0.47 0.48 0.49 0.4908 0.4838 0.4562 0.493 0.5022 0.47 0.493 0.5207 0.4838 0.4977 0.546 0.5046 0.5114 0.5713 0.5253 0.5207 0.5898 0.5414 0.5161 0.5874 0.5773 0.5797 0.6259 0.5912 0.5797 0.6306 0.5981 0.5866 0.6329 0.6167 0.6028 0.6468 0.6374 0.6236 0.663 0.663 0.6352 0.6652 0.6769 0.6444 0.558 0.6272 0.5949 0.5742 0.6319 0.6088 0.5811 0.6341 0.6203 0.5903 0.6319 0.6364 0.6041 0.6341 0.6641 0.6249 0.6433 0.6988 0.6526 0.6549
0.5921 1.0 0.0993 0.31 0.32 0.33 0.34 0.35 0.36 0.37 0.38 0.39 0.4 0.41 0.42 0.43 0.44 0.45 0.46 0.47 0.48 0.49 0.5 0.4838 0.4562 0.493 0.5022 0.47 0.493 0.5207 0.4838 0.4977 0.546 0.5046 0.5114 0.5713 0.5253 0.5207 0.5898 0.5414 0.5161 0.5874 0.5576 0.5797 0.6259 0.5912 0.5797 0.6306 0.5981 0.5866 0.6329 0.6167 0.6028 0.6468 0.6374 0.6236 0.663 0.663 0.6352 0.6652 0.6769 0.6444 0.6607 0.6272 0.5949 0.5742 0.6319 0.6088 0.5811 0.6341 0.6203 0.5903 0.6319 0.6364 0.6041 0.6341 0.6641 0.6249 0.6433 0.6988 0.6526 0.6549 0.7172
0.5782 1.0 0.1077 0.32 0.33 0.34 0.35 0.36 0.37 0.38 0.39 0.4 0.41 0.42 0.43 0.44 0.45 0.46 0.47 0.48 0.49 0.5 0.51 0.4562 0.493 0.5022 0.47 0.493 0.5207 0.4838 0.4977 0.546 0.5046 0.5114 0.5713 0.5253 0.5207 0.5898 0.5414 0.5161 0.5874 0.5576 0.5253 0.6259 0.5912 0.5797 0.6306 0.5981 0.5866 0.6329 0.6167 0.6028 0.6468 0.6374 0.6236 0.663 0.663 0.6352 0.6652 0.6769 0.6444 0.6607 0.7069 0.5949 0.5742 0.6319 0.6088 0.5811 0.6341 0.6203 0.5903 0.6319 0.6364 0.6041 0.6341 0.6641 0.6249 0.6433 0.6988 0.6526 0.6549 0.7172 0.6688
0.5322 1.0 0.2227 0.33 0.34 0.35 0.36 0.37 0.38 0.39 0.4 0.41 0.42 0.43 0.44 0.45 0.46 0.47 0.48 0.49 0.5 0.51 0.52 0.493 0.5022 0.47 0.493 0.5207 0.4838 0.4977 0.546 0.5046 0.5114 0.5713 0.5253 0.5207 0.5898 0.5414 0.5161 0.5874 0.5576 0.5253 0.5921 0.5912 0.5797 0.6306 0.5981 0.5866 0.6329 0.6167 0.6028 0.6468 0.6374 0.6236 0.663 0.663 0.6352 0.6652 0.6769 0.6444 0.6607 0.7069 0.6652 0.5742 0.6319 0.6088 0.5811 0.6341 0.6203 0.5903 0.6319 0.6364 0.6041 0.6341 0.6641 0.6249 0.6433 0.6988 0.6526 0.6549 0.7172 0.6688 0.6457
0.5737 1.0 0.0463 0.34 0.35 0.36 0.37 0.38 0.39 0.4 0.41 0.42 0.43 0.44 0.45 0.46 0.47 0.48 0.49 0.5 0.51 0.52 0.53 0.5022 0.47 0.493 0.5207 0.4838 0.4977 0.546 0.5046 0.5114 0.5713 0.5253 0.5207 0.5898 0.5414 0.5161 0.5874 0.5576 0.5253 0.5921 0.5782 0.5797 0.6306 0.5981 0.5866 0.6329 0.6167 0.6028 0.6468 0.6374 0.6236 0.663 0.663 0.6352 0.6652 0.6769 0.6444 0.6607 0.7069 0.6652 0.663 0.6319 0.6088 0.5811 0.6341 0.6203 0.5903 0.6319 0.6364 0.6041 0.6341 0.6641 0.6249 0.6433 0.6988 0.6526 0.6549 0.7172 0.6688 0.6457 0.7218
0.5898 1.0 0.1533 0.35 0.36 0.37 0.38 0.39 0.4 0.41 0.42 0.43 0.44 0.45 0.46 0.47 0.48 0.49 0.5 0.51 0.52 0.53 0.54 0.47 0.493 0.5207 0.4838 0.4977 0.546 0.5046 0.5114 0.5713 0.5253 0.5207 0.5898 0.5414 0.5161 0.5874 0.5576 0.5253 0.5921 0.5782 0.5322 0.6306 0.5981 0.5866 0.6329 0.6167 0.6028 0.6468 0.6374 0.6236 0.663 0.663 0.6352 0.6652 0.6769 0.6444 0.6607 0.7069 0.6652 0.663 0.7186 0.6088 0.5811 0.6341 0.6203 0.5903 0.6319 0.6364 0.6041 0.6341 0.6641 0.6249 0.6433 0.6988 0.6526 0.6549 0.7172 0.6688 0.6457 0.7218 0.6826
0.5368 1.0 0.1383 0.36 0.37 0.38 0.39 0.4 0.41 0.42 0.43 0.44 0.45 0.46 0.47 0.48 0.49 0.5 0.51 0.52 0.53 0.54 0.55 0.493 0.5207 0.4838 0.4977 0.546 0.5046 0.5114 0.5713 0.5253 0.5207 0.5898 0.5414 0.5161 0.5874 0.5576 0.5253 0.5921 0.5782 0.5322 0.5737 0.5981 0.5866 0.6329 0.6167 0.6028 0.6468 0.6374 0.6236 0.663 0.663 0.6352 0.6652 0.6769 0.6444 0.6607 0.7069 0.6652 0.663 0.7186 0.6769 0.5811 0.6341 0.6203 0.5903 0.6319 0.6364 0.6041 0.6341 0.6641 0.6249 0.6433 0.6988 0.6526 0.6549 0.7172 0.6688 0.6457 0.7218 0.6826 0.6457
0.5437 1.0 0.0537 0.37 0.38 0.39 0.4 0.41 0.42 0.43 0.44 0.45 0.46 0.47 0.48 0.49 0.5 0.51 0.52 0.53 0.54 0.55 0.56 0.5207 0.4838 0.4977 0.546 0.5046 0.5114 0.5713 0.5253 0.5207 0.5898 0.5414 0.5161 0.5874 0.5576 0.5253 0.5921 0.5782 0.5322 0.5737 0.5898 0.5866 0.6329 0.6167 0.6028 0.6468 0.6374 0.6236 0.663 0.663 0.6352 0.6652 0.6769 0.6444 0.6607 0.7069 0.6652 0.663 0.7186 0.6769 0.6513 0.6341 0.6203 0.5903 0.6319 0.6364 0.6041 0.6341 0.6641 0.6249 0.6433 0.6988 0.6526 0.6549 0.7172 0.6688 0.6457 0.7218 0.6826 0.6457 0.7102
0.5874 1.0 0.1767 0.38 0.39 0.4 0.41 0.42 0.43 0.44 0.45 0.46 0.47 0.48 0.49 0.5 0.51 0.52 0.53 0.54 0.55 0.56 0.57 0.4838 0.4977 0.546 0.5046 0.5114 0.5713 0.5253 0.5207 0.5898 0.5414 0.5161 0.5874 0.5576 0.5253 0.5921 0.5782 0.5322 0.5737 0.5898 0.5368 0.6329 0.6167 0.6028 0.6468 0.6374 0.6236 0.663 0.663 0.6352 0.6652 0.6769 0.6444 0.6607 0.7069 0.6652 0.663 0.7186 0.6769 0.6513 0.7186 0.6203 0.5903 0.6319 0.6364 0.6041 0.6341 0.6641 0.6249 0.6433 0.6988 0.6526 0.6549 0.7172 0.6688 0.6457 0.7218 0.6826 0.6457 0.7102 0.6896
0.5368 1.0 0.023 0.39 0.4 0.41 0.42 0.43 0.44 0.45 0.46 0.47 0.48 0.49 0.5 0.51 0.52 0.53 0.54 0.55 0.56 0.57 0.58 0.4977 0.546 0.5046 0.5114 0.5713 0.5253 0.5207 0.5898 0.5414 0.5161 0.5874 0.5576 0.5253 0.5921 0.5782 0.5322 0.5737 0.5898 0.5368 0.5437 0.6167 0.6028 0.6468 0.6374 0.6236 0.663 0.663 0.6352 0.6652 0.6769 0.6444 0.6607 0.7069 0.6652 0.663 0.7186 0.6769 0.6513 0.7186 0.6814 0.5903 0.6319 0.6364 0.6041 0.6341 0.6641 0.6249 0.6433 0.6988 0.6526 0.6549 0.7172 0.6688 0.6457 0.7218 0.6826 0.6457 0.7102 0.6896 0.6433
0.5161 1.0 0.1457 0.4 0.41 0.42 0.43 0.44 0.45 0.46 0.47 0.48 0.49 0.5 0.51 0.52 0.53 0.54 0.55 0.56 0.57 0.58 0.59 0.546 0.5046 0.5114 0.5713 0.5253 0.5207 0.5898 0.5414 0.5161 0.5874 0.5576 0.5253 0.5921 0.5782 0.5322 0.5737 0.5898 0.5368 0.5437 0.5874 0.6028 0.6468 0.6374 0.6236 0.663 0.663 0.6352 0.6652 0.6769 0.6444 0.6607 0.7069 0.6652 0.663 0.7186 0.6769 0.6513 0.7186 0.6814 0.6468 0.6319 0.6364 0.6041 0.6341 0.6641 0.6249 0.6433 0.6988 0.6526 0.6549 0.7172 0.6688 0.6457 0.7218 0.6826 0.6457 0.7102 0.6896 0.6433 0.6757
0.5806 1.0 0.1687 0.41 0.42 0.43 0.44 0.45 0.46 0.47 0.48 0.49 0.5 0.51 0.52 0.53 0.54 0.55 0.56 0.57 0.58 0.59 0.6 0.5046 0.5114 0.5713 0.5253 0.5207 0.5898 0.5414 0.5161 0.5874 0.5576 0.5253 0.5921 0.5782 0.5322 0.5737 0.5898 0.5368 0.5437 0.5874 0.5368 0.6468 0.6374 0.6236 0.663 0.663 0.6352 0.6652 0.6769 0.6444 0.6607 0.7069 0.6652 0.663 0.7186 0.6769 0.6513 0.7186 0.6814 0.6468 0.6953 0.6364 0.6041 0.6341 0.6641 0.6249 0.6433 0.6988 0.6526 0.6549 0.7172 0.6688 0.6457 0.7218 0.6826 0.6457 0.7102 0.6896 0.6433 0.6757 0.6872
0.5368 1.0 0.069 0.42 0.43 0.44 0.45 0.46 0.47 0.48 0.49 0.5 0.51 0.52 0.53 0.54 0.55 0.56 0.57 0.58 0.59 0.6 0.61 0.5114 0.5713 0.5253 0.5207 0.5898 0.5414 0.5161 0.5874 0.5576 0.5253 0.5921 0.5782 0.5322 0.5737 0.5898 0.5368 0.5437 0.5874 0.5368 0.5161 0.6374 0.6236 0.663 0.663 0.6352 0.6652 0.6769 0.6444 0.6607 0.7069 0.6652 0.663 0.7186 0.6769 0.6513 0.7186 0.6814 0.6468 0.6953 0.6861 0.6041 0.6341 0.6641 0.6249 0.6433 0.6988 0.6526 0.6549 0.7172 0.6688 0.6457 0.7218 0.6826 0.6457 0.7102 0.6896 0.6433 0.6757 0.6872 0.6411
0.4999 1.0 0.215 0.43 0.44 0.45 0.46 0.47 0.48 0.49 0.5 0.51 0.52 0.53 0.54 0.55 0.56 0.57 0.58 0.59 0.6 0.61 0.62 0.5713 0.5253 0.5207 0.5898 0.5414 0.5161 0.5874 0.5576 0.5253 0.5921 0.5782 0.5322 0.5737 0.5898 0.5368 0.5437 0.5874 0.5368 0.5161 0.5806 0.6236 0.663 0.663 0.6352 0.6652 0.6769 0.6444 0.6607 0.7069 0.6652 0.663 0.7186 0.6769 0.6513 0.7186 0.6814 0.6468 0.6953 0.6861 0.6468 0.6341 0.6641 0.6249 0.6433 0.6988 0.6526 0.6549 0.7172 0.6688 0.6457 0.7218 0.6826 0.6457 0.7102 0.6896 0.6433 0.6757 0.6872 0.6411 0.6364
0.5552 1.0 0.146 0.44 0.45 0.46 0.47 0.48 0.49 0.5 0.51 0.52 0.53 0.54 0.55 0.56 0.57 0.58 0.59 0.6 0.61 0.62 0.63 0.5253 0.5207 0.5898 0.5414 0.5161 0.5874 0.5576 0.5253 0.5921 0.5782 0.5322 0.5737 0.5898 0.5368 0.5437 0.5874 0.5368 0.5161 0.5806 0.5368 0.663 0.663 0.6352 0.6652 0.6769 0.6444 0.6607 0.7069 0.6652 0.663 0.7186 0.6769 0.6513 0.7186 0.6814 0.6468 0.6953 0.6861 0.6468 0.6652 0.6641 0.6249 0.6433 0.6988 0.6526 0.6549 0.7172 0.6688 0.6457 0.7218 0.6826 0.6457 0.7102 0.6896 0.6433 0.6757 0.6872 0.6411 0.6364 0.6826
0.5299 1.0 0.123 0.45 0.46 0.47 0.48 0.49 0.5 0.51 0.52 0.53 0.54 0.55 0.56 0.57 0.58 0.59 0.6 0.61 0.62 0.63 0.64 0.5207 0.5898 0.5414 0.5161 0.5874 0.5576 0.5253 0.5921 0.5782 0.5322 0.5737 0.5898 0.5368 0.5437 0.5874 0.5368 0.5161 0.5806 0.5368 0.4999 0.663 0.6352 0.6652 0.6769 0.6444 0.6607 0.7069 0.6652 0.663 0.7186 0.6769 0.6513 0.7186 0.6814 0.6468 0.6953 0.6861 0.6468 0.6652 0.693 0.6249 0.6433 0.6988 0.6526 0.6549 0.7172 0.6688 0.6457 0.7218 0.6826 0.6457 0.7102 0.6896 0.6433 0.6757 0.6872 0.6411 0.6364 0.6826 0.6388
0.4977 1.0 0.1843 0.46 0.47 0.48 0.49 0.5 0.51 0.52 0.53 0.54 0.55 0.56 0.57 0.58 0.59 0.6 0.61 0.62 0.63 0.64 0.65 0.5898 0.5414 0.5161 0.5874 0.5576 0.5253 0.5921 0.5782 0.5322 0.5737 0.5898 0.5368 0.5437 0.5874 0.5368 0.5161 0.5806 0.5368 0.4999 0.5552 0.6352 0.6652 0.6769 0.6444 0.6607 0.7069 0.6652 0.663 0.7186 0.6769 0.6513 0.7186 0.6814 0.6468 0.6953 0.6861 0.6468 0.6652 0.693 0.6491 0.6433 0.6988 0.6526 0.6549 0.7172 0.6688 0.6457 0.7218 0.6826 0.6457 0.7102 0.6896 0.6433 0.6757 0.6872 0.6411 0.6364 0.6826 0.6388 0.6111
0.4677 1.0 0.0843 0.47 0.48 0.49 0.5 0.51 0.52 0.53 0.54 0.55 0.56 0.57 0.58 0.59 0.6 0.61 0.62 0.63 0.64 0.65 0.66 0.5414 0.5161 0.5874 0.5576 0.5253 0.5921 0.5782 0.5322 0.5737 0.5898 0.5368 0.5437 0.5874 0.5368 0.5161 0.5806 0.5368 0.4999 0.5552 0.5299 0.6652 0.6769 0.6444 0.6607 0.7069 0.6652 0.663 0.7186 0.6769 0.6513 0.7186 0.6814 0.6468 0.6953 0.6861 0.6468 0.6652 0.693 0.6491 0.6444 0.6988 0.6526 0.6549 0.7172 0.6688 0.6457 0.7218 0.6826 0.6457 0.7102 0.6896 0.6433 0.6757 0.6872 0.6411 0.6364 0.6826 0.6388 0.6111 0.6618
0.4447 1.0 0.1073 0.48 0.49 0.5 0.51 0.52 0.53 0.54 0.55 0.56 0.57 0.58 0.59 0.6 0.61 0.62 0.63 0.64 0.65 0.66 0.67 0.5161 0.5874 0.5576 0.5253 0.5921 0.5782 0.5322 0.5737 0.5898 0.5368 0.5437 0.5874 0.5368 0.5161 0.5806 0.5368 0.4999 0.5552 0.5299 0.4977 0.6769 0.6444 0.6607 0.7069 0.6652 0.663 0.7186 0.6769 0.6513 0.7186 0.6814 0.6468 0.6953 0.6861 0.6468 0.6652 0.693 0.6491 0.6444 0.6861 0.6526 0.6549 0.7172 0.6688 0.6457 0.7218 0.6826 0.6457 0.7102 0.6896 0.6433 0.6757 0.6872 0.6411 0.6364 0.6826 0.6388 0.6111 0.6618 0.6341
0.4331 1.0 0.1 0.49 0.5 0.51 0.52 0.53 0.54 0.55 0.56 0.57 0.58 0.59 0.6 0.61 0.62 0.63 0.64 0.65 0.66 0.67 0.68 0.5874 0.5576 0.5253 0.5921 0.5782 0.5322 0.5737 0.5898 0.5368 0.5437 0.5874 0.5368 0.5161 0.5806 0.5368 0.4999 0.5552 0.5299 0.4977 0.4677 0.6444 0.6607 0.7069 0.6652 0.663 0.7186 0.6769 0.6513 0.7186 0.6814 0.6468 0.6953 0.6861 0.6468 0.6652 0.693 0.6491 0.6444 0.6861 0.656 0.6549 0.7172 0.6688 0.6457 0.7218 0.6826 0.6457 0.7102 0.6896 0.6433 0.6757 0.6872 0.6411 0.6364 0.6826 0.6388 0.6111 0.6618 0.6341 0.6088
0.4078 1.0 0.0767 0.5 0.51 0.52 0.53 0.54 0.55 0.56 0.57 0.58 0.59 0.6 0.61 0.62 0.63 0.64 0.65 0.66 0.67 0.68 0.69 0.5576 0.5253 0.5921 0.5782 0.5322 0.5737 0.5898 0.5368 0.5437 0.5874 0.5368 0.5161 0.5806 0.5368 0.4999 0.5552 0.5299 0.4977 0.4677 0.4447 0.6607 0.7069 0.6652 0.663 0.7186 0.6769 0.6513 0.7186 0.6814 0.6468 0.6953 0.6861 0.6468 0.6652 0.693 0.6491 0.6444 0.6861 0.656 0.6236 0.7172 0.6688 0.6457 0.7218 0.6826 0.6457 0.7102 0.6896 0.6433 0.6757 0.6872 0.6411 0.6364 0.6826 0.6388 0.6111 0.6618 0.6341 0.6088 0.5834
0.3893 1.0 0.0387 0.51 0.52 0.53 0.54 0.55 0.56 0.57 0.58 0.59 0.6 0.61 0.62 0.63 0.64 0.65 0.66 0.67 0.68 0.69 0.7 0.5253 0.5921 0.5782 0.5322 0.5737 0.5898 0.5368 0.5437 0.5874 0.5368 0.5161 0.5806 0.5368 0.4999 0.5552 0.5299 0.4977 0.4677 0.4447 0.4331 0.7069 0.6652 0.663 0.7186 0.6769 0.6513 0.7186 0.6814 0.6468 0.6953 0.6861 0.6468 0.6652 0.693 0.6491 0.6444 0.6861 0.656 0.6236 0.5936 0.6688 0.6457 0.7218 0.6826 0.6457 0.7102 0.6896 0.6433 0.6757 0.6872 0.6411 0.6364 0.6826 0.6388 0.6111 0.6618 0.6341 0.6088 0.5834 0.5672
0.3779 1.0 0.0843 0.52 0.53 0.54 0.55 0.56 0.57 0.58 0.59 0.6 0.61 0.62 0.63 0.64 0.65 0.66 0.67 0.68 0.69 0.7 0.71 0.5921 0.5782 0.5322 0.5737 0.5898 0.5368 0.5437 0.5874 0.5368 0.5161 0.5806 0.5368 0.4999 0.5552 0.5299 0.4977 0.4677 0.4447 0.4331 0.4078 0.6652 0.663 0.7186 0.6769 0.6513 0.7186 0.6814 0.6468 0.6953 0.6861 0.6468 0.6652 0.693 0.6491 0.6444 0.6861 0.656 0.6236 0.5936 0.575 0.6457 0.7218 0.6826 0.6457 0.7102 0.6896 0.6433 0.6757 0.6872 0.6411 0.6364 0.6826 0.6388 0.6111 0.6618 0.6341 0.6088 0.5834 0.5672 0.5534
0.3618 1.0 0.0617 0.53 0.54 0.55 0.56 0.57 0.58 0.59 0.6 0.61 0.62 0.63 0.64 0.65 0.66 0.67 0.68 0.69 0.7 0.71 0.72 0.5782 0.5322 0.5737 0.5898 0.5368 0.5437 0.5874 0.5368 0.5161 0.5806 0.5368 0.4999 0.5552 0.5299 0.4977 0.4677 0.4447 0.4331 0.4078 0.3893 0.663 0.7186 0.6769 0.6513 0.7186 0.6814 0.6468 0.6953 0.6861 0.6468 0.6652 0.693 0.6491 0.6444 0.6861 0.656 0.6236 0.5936 0.575 0.5542 0.7218 0.6826 0.6457 0.7102 0.6896 0.6433 0.6757 0.6872 0.6411 0.6364 0.6826 0.6388 0.6111 0.6618 0.6341 0.6088 0.5834 0.5672 0.5534 0.5327
0.3387 1.0 0.038 0.54 0.55 0.56 0.57 0.58 0.59 0.6 0.61 0.62 0.63 0.64 0.65 0.66 0.67 0.68 0.69 0.7 0.71 0.72 0.73 0.5322 0.5737 0.5898 0.5368 0.5437 0.5874 0.5368 0.5161 0.5806 0.5368 0.4999 0.5552 0.5299 0.4977 0.4677 0.4447 0.4331 0.4078 0.3893 0.3779 0.7186 0.6769 0.6513 0.7186 0.6814 0.6468 0.6953 0.6861 0.6468 0.6652 0.693 0.6491 0.6444 0.6861 0.656 0.6236 0.5936 0.575 0.5542 0.5287 0.6826 0.6457 0.7102 0.6896 0.6433 0.6757 0.6872 0.6411 0.6364 0.6826 0.6388 0.6111 0.6618 0.6341 0.6088 0.5834 0.5672 0.5534 0.5327 0.5142
0.3318 1.0 0.0537 0.55 0.56 0.57 0.58 0.59 0.6 0.61 0.62 0.63 0.64 0.65 0.66 0.67 0.68 0.69 0.7 0.71 0.72 0.73 0.74 0.5737 0.5898 0.5368 0.5437 0.5874 0.5368 0.5161 0.5806 0.5368 0.4999 0.5552 0.5299 0.4977 0.4677 0.4447 0.4331 0.4078 0.3893 0.3779 0.3618 0.6769 0.6513 0.7186 0.6814 0.6468 0.6953 0.6861 0.6468 0.6652 0.693 0.6491 0.6444 0.6861 0.656 0.6236 0.5936 0.575 0.5542 0.5287 0.5126 0.6457 0.7102 0.6896 0.6433 0.6757 0.6872 0.6411 0.6364 0.6826 0.6388 0.6111 0.6618 0.6341 0.6088 0.5834 0.5672 0.5534 0.5327 0.5142 0.505
0.318 1.0 0.077 0.56 0.57 0.58 0.59 0.6 0.61 0.62 0.63 0.64 0.65 0.66 0.67 0.68 0.69 0.7 0.71 0.72 0.73 0.74 0.75 0.5898 0.5368 0.5437 0.5874 0.5368 0.5161 0.5806 0.5368 0.4999 0.5552 0.5299 0.4977 0.4677 0.4447 0.4331 0.4078 0.3893 0.3779 0.3618 0.3387 0.6513 0.7186 0.6814 0.6468 0.6953 0.6861 0.6468 0.6652 0.693 0.6491 0.6444 0.6861 0.656 0.6236 0.5936 0.575 0.5542 0.5287 0.5126 0.501 0.7102 0.6896 0.6433 0.6757 0.6872 0.6411 0.6364 0.6826 0.6388 0.6111 0.6618 0.6341 0.6088 0.5834 0.5672 0.5534 0.5327 0.5142 0.505 0.4842
0.2972 1.0 0.023 0.57 0.58 0.59 0.6 0.61 0.62 0.63 0.64 0.65 0.66 0.67 0.68 0.69 0.7 0.71 0.72 0.73 0.74 0.75 0.76 0.5368 0.5437 0.5874 0.5368 0.5161 0.5806 0.5368 0.4999 0.5552 0.5299 0.4977 0.4677 0.4447 0.4331 0.4078 0.3893 0.3779 0.3618 0.3387 0.3318 0.7186 0.6814 0.6468 0.6953 0.6861 0.6468 0.6652 0.693 0.6491 0.6444 0.6861 0.656 0.6236 0.5936 0.575 0.5542 0.5287 0.5126 0.501 0.4778 0.6896 0.6433 0.6757 0.6872 0.6411 0.6364 0.6826 0.6388 0.6111 0.6618 0.6341 0.6088 0.5834 0.5672 0.5534 0.5327 0.5142 0.505 0.4842 0.4658
0.2927 1.0 0.046 0.58 0.59 0.6 0.61 0.62 0.63 0.64 0.65 0.66 0.67 0.68 0.69 0.7 0.71 0.72 0.73 0.74 0.75 0.76 0.77 0.5437 0.5874 0.5368 0.5161 0.5806 0.5368 0.4999 0.5552 0.5299 0.4977 0.4677 0.4447 0.4331 0.4078 0.3893 0.3779 0.3618 0.3387 0.3318 0.318 0.6814 0.6468 0.6953 0.6861 0.6468 0.6652 0.693 0.6491 0.6444 0.6861 0.656 0.6236 0.5936 0.575 0.5542 0.5287 0.5126 0.501 0.4778 0.4616 0.6433 0.6757 0.6872 0.6411 0.6364 0.6826 0.6388 0.6111 0.6618 0.6341 0.6088 0.5834 0.5672 0.5534 0.5327 0.5142 0.505 0.4842 0.4658 0.4611
0.288 1.0 0.0693 0.59 0.6 0.61 0.62 0.63 0.64 0.65 0.66 0.67 0.68 0.69 0.7 0.71 0.72 0.73 0.74 0.75 0.76 0.77 0.78 0.5874 0.5368 0.5161 0.5806 0.5368 0.4999 0.5552 0.5299 0.4977 0.4677 0.4447 0.4331 0.4078 0.3893 0.3779 0.3618 0.3387 0.3318 0.318 0.2972 0.6468 0.6953 0.6861 0.6468 0.6652 0.693 0.6491 0.6444 0.6861 0.656 0.6236 0.5936 0.575 0.5542 0.5287 0.5126 0.501 0.4778 0.4616 0.4547 0.6757 0.6872 0.6411 0.6364 0.6826 0.6388 0.6111 0.6618 0.6341 0.6088 0.5834 0.5672 0.5534 0.5327 0.5142 0.505 0.4842 0.4658 0.4611 0.4427
0.2673 1.0 0.015 0.6 0.61 0.62 0.63 0.64 0.65 0.66 0.67 0.68 0.69 0.7 0.71 0.72 0.73 0.74 0.75 0.76 0.77 0.78 0.79 0.5368 0.5161 0.5806 0.5368 0.4999 0.5552 0.5299 0.4977 0.4677 0.4447 0.4331 0.4078 0.3893 0.3779 0.3618 0.3387 0.3318 0.318 0.2972 0.2927 0.6953 0.6861 0.6468 0.6652 0.693 0.6491 0.6444 0.6861 0.656 0.6236 0.5936 0.575 0.5542 0.5287 0.5126 0.501 0.4778 0.4616 0.4547 0.4361 0.6872 0.6411 0.6364 0.6826 0.6388 0.6111 0.6618 0.6341 0.6088 0.5834 0.5672 0.5534 0.5327 0.5142 0.505 0.4842 0.4658 0.4611 0.4427 0.4266
0.2604 1.0 0.0157 0.61 0.62 0.63 0.64 0.65 0.66 0.67 0.68 0.69 0.7 0.71 0.72 0.73 0.74 0.75 0.76 0.77 0.78 0.79 0.8 0.5161 0.5806 0.5368 0.4999 0.5552 0.5299 0.4977 0.4677 0.4447 0.4331 0.4078 0.3893 0.3779 0.3618 0.3387 0.3318 0.318 0.2972 0.2927 0.288 0.6861 0.6468 0.6652 0.693 0.6491 0.6444 0.6861 0.656 0.6236 0.5936 0.575 0.5542 0.5287 0.5126 0.501 0.4778 0.4616 0.4547 0.4361 0.4199 0.6411 0.6364 0.6826 0.6388 0.6111 0.6618 0.6341 0.6088 0.5834 0.5672 0.5534 0.5327 0.5142 0.505 0.4842 0.4658 0.4611 0.4427 0.4266 0.4266
0.2627 1.0 0.069 0.62 0.63 0.64 0.65 0.66 0.67 0.68 0.69 0.7 0.71 0.72 0.73 0.74 0.75 0.76 0.77 0.78 0.79 0.8 0.81 0.5806 0.5368 0.4999 0.5552 0.5299 0.4977 0.4677 0.4447 0.4331 0.4078 0.3893 0.3779 0.3618 0.3387 0.3318 0.318 0.2972 0.2927 0.288 0.2673 0.6468 0.6652 0.693 0.6491 0.6444 0.6861 0.656 0.6236 0.5936 0.575 0.5542 0.5287 0.5126 0.501 0.4778 0.4616 0.4547 0.4361 0.4199 0.4199 0.6364 0.6826 0.6388 0.6111 0.6618 0.6341 0.6088 0.5834 0.5672 0.5534 0.5327 0.5142 0.505 0.4842 0.4658 0.4611 0.4427 0.4266 0.4266 0.415
0.2442 1.0 0.023 0.63 0.64 0.65 0.66 0.67 0.68 0.69 0.7 0.71 0.72 0.73 0.74 0.75 0.76 0.77 0.78 0.79 0.8 0.81 0.82 0.5368 0.4999 0.5552 0.5299 0.4977 0.4677 0.4447 0.4331 0.4078 0.3893 0.3779 0.3618 0.3387 0.3318 0.318 0.2972 0.2927 0.288 0.2673 0.2604 0.6652 0.693 0.6491 0.6444 0.6861 0.656 0.6236 0.5936 0.575 0.5542 0.5287 0.5126 0.501 0.4778 0.4616 0.4547 0.4361 0.4199 0.4199 0.4038 0.6826 0.6388 0.6111 0.6618 0.6341 0.6088 0.5834 0.5672 0.5534 0.5327 0.5142 0.505 0.4842 0.4658 0.4611 0.4427 0.4266 0.4266 0.415 0.3942
0.2328 1.0 0.0077 0.64 0.65 0.66 0.67 0.68 0.69 0.7 0.71 0.72 0.73 0.74 0.75 0.76 0.77 0.78 0.79 0.8 0.81 0.82 0.83 0.4999 0.5552 0.5299 0.4977 0.4677 0.4447 0.4331 0.4078 0.3893 0.3779 0.3618 0.3387 0.3318 0.318 0.2972 0.2927 0.288 0.2673 0.2604 0.2627 0.693 0.6491 0.6444 0.6861 0.656 0.6236 0.5936 0.575 0.5542 0.5287 0.5126 0.501 0.4778 0.4616 0.4547 0.4361 0.4199 0.4199 0.4038 0.3876 0.6388 0.6111 0.6618 0.6341 0.6088 0.5834 0.5672 0.5534 0.5327 0.5142 0.505 0.4842 0.4658 0.4611 0.4427 0.4266 0.4266 0.415 0.3942 0.3942
0.2351 1.0 0.0617 0.65 0.66 0.67 0.68 0.69 0.7 0.71 0.72 0.73 0.74 0.75 0.76 0.77 0.78 0.79 0.8 0.81 0.82 0.83 0.84 0.5552 0.5299 0.4977 0.4677 0.4447 0.4331 0.4078 0.3893 0.3779 0.3618 0.3387 0.3318 0.318 0.2972 0.2927 0.288 0.2673 0.2604 0.2627 0.2442 0.6491 0.6444 0.6861 0.656 0.6236 0.5936 0.575 0.5542 0.5287 0.5126 0.501 0.4778 0.4616 0.4547 0.4361 0.4199 0.4199 0.4038 0.3876 0.3852 0.6111 0.6618 0.6341 0.6088 0.5834 0.5672 0.5534 0.5327 0.5142 0.505 0.4842 0.4658 0.4611 0.4427 0.4266 0.4266 0.415 0.3942 0.3942 0.3919
0.2212 1.0 0.038 0.66 0.67 0.68 0.69 0.7 0.71 0.72 0.73 0.74 0.75 0.76 0.77 0.78 0.79 0.8 0.81 0.82 0.83 0.84 0.85 0.5299 0.4977 0.4677 0.4447 0.4331 0.4078 0.3893 0.3779 0.3618 0.3387 0.3318 0.318 0.2972 0.2927 0.288 0.2673 0.2604 0.2627 0.2442 0.2328 0.6444 0.6861 0.656 0.6236 0.5936 0.575 0.5542 0.5287 0.5126 0.501 0.4778 0.4616 0.4547 0.4361 0.4199 0.4199 0.4038 0.3876 0.3852 0.3783 0.6618 0.6341 0.6088 0.5834 0.5672 0.5534 0.5327 0.5142 0.505 0.4842 0.4658 0.4611 0.4427 0.4266 0.4266 0.415 0.3942 0.3942 0.3919 0.3712
0.2074 1.0 0.0077 0.67 0.68 0.69 0.7 0.71 0.72 0.73 0.74 0.75 0.76 0.77 0.78 0.79 0.8 0.81 0.82 0.83 0.84 0.85 0.86 0.4977 0.4677 0.4447 0.4331 0.4078 0.3893 0.3779 0.3618 0.3387 0.3318 0.318 0.2972 0.2927 0.288 0.2673 0.2604 0.2627 0.2442 0.2328 0.2351 0.6861 0.656 0.6236 0.5936 0.575 0.5542 0.5287 0.5126 0.501 0.4778 0.4616 0.4547 0.4361 0.4199 0.4199 0.4038 0.3876 0.3852 0.3783 0.3621 0.6341 0.6088 0.5834 0.5672 0.5534 0.5327 0.5142 0.505 0.4842 0.4658 0.4611 0.4427 0.4266 0.4266 0.415 0.3942 0.3942 0.3919 0.3712 0.3666
0.2051 1.0 0.0463 0.68 0.69 0.7 0.71 0.72 0.73 0.74 0.75 0.76 0.77 0.78 0.79 0.8 0.81 0.82 0.83 0.84 0.85 0.86 0.87 0.4677 0.4447 0.4331 0.4078 0.3893 0.3779 0.3618 0.3387 0.3318 0.318 0.2972 0.2927 0.288 0.2673 0.2604 0.2627 0.2442 0.2328 0.2351 0.2212 0.656 0.6236 0.5936 0.575 0.5542 0.5287 0.5126 0.501 0.4778 0.4616 0.4547 0.4361 0.4199 0.4199 0.4038 0.3876 0.3852 0.3783 0.3621 0.3551 0.6088 0.5834 0.5672 0.5534 0.5327 0.5142 0.505 0.4842 0.4658 0.4611 0.4427 0.4266 0.4266 0.415 0.3942 0.3942 0.3919 0.3712 0.3666 0.362
0.1936 1.0 0.046 0.69 0.7 0.71 0.72 0.73 0.74 0.75 0.76 0.77 0.78 0.79 0.8 0.81 0.82 0.83 0.84 0.85 0.86 0.87 0.88 0.4447 0.4331 0.4078 0.3893 0.3779 0.3618 0.3387 0.3318 0.318 0.2972 0.2927 0.288 0.2673 0.2604 0.2627 0.2442 0.2328 0.2351 0.2212 0.2074 0.6236 0.5936 0.575 0.5542 0.5287 0.5126 0.501 0.4778 0.4616 0.4547 0.4361 0.4199 0.4199 0.4038 0.3876 0.3852 0.3783 0.3621 0.3551 0.3482 0.5834 0.5672 0.5534 0.5327 0.5142 0.505 0.4842 0.4658 0.4611 0.4427 0.4266 0.4266 0.415 0.3942 0.3942 0.3919 0.3712 0.3666 0.362 0.3458
0.1798 1.0 0.0077 0.7 0.71 0.72 0.73 0.74 0.75 0.76 0.77 0.78 0.79 0.8 0.81 0.82 0.83 0.84 0.85 0.86 0.87 0.88 0.89 0.4331 0.4078 0.3893 0.3779 0.3618 0.3387 0.3318 0.318 0.2972 0.2927 0.288 0.2673 0.2604 0.2627 0.2442 0.2328 0.2351 0.2212 0.2074 0.2051 0.5936 0.575 0.5542 0.5287 0.5126 0.501 0.4778 0.4616 0.4547 0.4361 0.4199 0.4199 0.4038 0.3876 0.3852 0.3783 0.3621 0.3551 0.3482 0.3343 0.5672 0.5534 0.5327 0.5142 0.505 0.4842 0.4658 0.4611 0.4427 0.4266 0.4266 0.415 0.3942 0.3942 0.3919 0.3712 0.3666 0.362 0.3458 0.3342
0.1752 1.0 0.0383 0.71 0.72 0.73 0.74 0.75 0.76 0.77 0.78 0.79 0.8 0.81 0.82 0.83 0.84 0.85 0.86 0.87 0.88 0.89 0.9 0.4078 0.3893 0.3779 0.3618 0.3387 0.3318 0.318 0.2972 0.2927 0.288 0.2673 0.2604 0.2627 0.2442 0.2328 0.2351 0.2212 0.2074 0.2051 0.1936 0.575 0.5542 0.5287 0.5126 0.501 0.4778 0.4616 0.4547 0.4361 0.4199 0.4199 0.4038 0.3876 0.3852 0.3783 0.3621 0.3551 0.3482 0.3343 0.325 0.5534 0.5327 0.5142 0.505 0.4842 0.4658 0.4611 0.4427 0.4266 0.4266 0.415 0.3942 0.3942 0.3919 0.3712 0.3666 0.362 0.3458 0.3342 0.332
0.166 1.0 0.046 0.72 0.73 0.74 0.75 0.76 0.77 0.78 0.79 0.8 0.81 0.82 0.83 0.84 0.85 0.86 0.87 0.88 0.89 0.9 0.91 0.3893 0.3779 0.3618 0.3387 0.3318 0.318 0.2972 0.2927 0.288 0.2673 0.2604 0.2627 0.2442 0.2328 0.2351 0.2212 0.2074 0.2051 0.1936 0.1798 0.5542 0.5287 0.5126 0.501 0.4778 0.4616 0.4547 0.4361 0.4199 0.4199 0.4038 0.3876 0.3852 0.3783 0.3621 0.3551 0.3482 0.3343 0.325 0.3181 0.5327 0.5142 0.505 0.4842 0.4658 0.4611 0.4427 0.4266 0.4266 0.415 0.3942 0.3942 0.3919 0.3712 0.3666 0.362 0.3458 0.3342 0.332 0.3181
0.1544 1.0 0.0153 0.73 0.74 0.75 0.76 0.77 0.78 0.79 0.8 0.81 0.82 0.83 0.84 0.85 0.86 0.87 0.88 0.89 0.9 0.91 0.92 0.3779 0.3618 0.3387 0.3318 0.318 0.2972 0.2927 0.288 0.2673 0.2604 0.2627 0.2442 0.2328 0.2351 0.2212 0.2074 0.2051 0.1936 0.1798 0.1752 0.5287 0.5126 0.501 0.4778 0.4616 0.4547 0.4361 0.4199 0.4199 0.4038 0.3876 0.3852 0.3783 0.3621 0.3551 0.3482 0.3343 0.325 0.3181 0.3066 0.5142 0.505 0.4842 0.4658 0.4611 0.4427 0.4266 0.4266 0.415 0.3942 0.3942 0.3919 0.3712 0.3666 0.362 0.3458 0.3342 0.332 0.3181 0.3089
0.1452 1.0 0.0307 0.74 0.75 0.76 0.77 0.78 0.79 0.8 0.81 0.82 0.83 0.84 0.85 0.86 0.87 0.88 0.89 0.9 0.91 0.92 0.93 0.3618 0.3387 0.3318 0.318 0.2972 0.2927 0.288 0.2673 0.2604 0.2627 0.2442 0.2328 0.2351 0.2212 0.2074 0.2051 0.1936 0.1798 0.1752 0.166 0.5126 0.501 0.4778 0.4616 0.4547 0.4361 0.4199 0.4199 0.4038 0.3876 0.3852 0.3783 0.3621 0.3551 0.3482 0.3343 0.325 0.3181 0.3066 0.2972 0.505 0.4842 0.4658 0.4611 0.4427 0.4266 0.4266 0.415 0.3942 0.3942 0.3919 0.3712 0.3666 0.362 0.3458 0.3342 0.332 0.3181 0.3089 0.302
0.1383 1.0 0.0387 0.75 0.76 0.77 0.78 0.79 0.8 0.81 0.82 0.83 0.84 0.85 0.86 0.87 0.88 0.89 0.9 0.91 0.92 0.93 0.94 0.3387 0.3318 0.318 0.2972 0.2927 0.288 0.2673 0.2604 0.2627 0.2442 0.2328 0.2351 0.2212 0.2074 0.2051 0.1936 0.1798 0.1752 0.166 0.1544 0.501 0.4778 0.4616 0.4547 0.4361 0.4199 0.4199 0.4038 0.3876 0.3852 0.3783 0.3621 0.3551 0.3482 0.3343 0.325 0.3181 0.3066 0.2972 0.2903 0.4842 0.4658 0.4611 0.4427 0.4266 0.4266 0.415 0.3942 0.3942 0.3919 0.3712 0.3666 0.362 0.3458 0.3342 0.332 0.3181 0.3089 0.302 0.2951
0.1268 1.0 0.0307 0.76 0.77 0.78 0.79 0.8 0.81 0.82 0.83 0.84 0.85 0.86 0.87 0.88 0.89 0.9 0.91 0.92 0.93 0.94 0.95 0.3318 0.318 0.2972 0.2927 0.288 0.2673 0.2604 0.2627 0.2442 0.2328 0.2351 0.2212 0.2074 0.2051 0.1936 0.1798 0.1752 0.166 0.1544 0.1452 0.4778 0.4616 0.4547 0.4361 0.4199 0.4199 0.4038 0.3876 0.3852 0.3783 0.3621 0.3551 0.3482 0.3343 0.325 0.3181 0.3066 0.2972 0.2903 0.2811 0.4658 0.4611 0.4427 0.4266 0.4266 0.415 0.3942 0.3942 0.3919 0.3712 0.3666 0.362 0.3458 0.3342 0.332 0.3181 0.3089 0.302 0.2951 0.2836
0.1429 1.0 0.023 0.77 0.78 0.79 0.8 0.81 0.82 0.83 0.84 0.85 0.86 0.87 0.88 0.89 0.9 0.91 0.92 0.93 0.94 0.95 0.96 0.318 0.2972 0.2927 0.288 0.2673 0.2604 0.2627 0.2442 0.2328 0.2351 0.2212 0.2074 0.2051 0.1936 0.1798 0.1752 0.166 0.1544 0.1452 0.1383 0.4616 0.4547 0.4361 0.4199 0.4199 0.4038 0.3876 0.3852 0.3783 0.3621 0.3551 0.3482 0.3343 0.325 0.3181 0.3066 0.2972 0.2903 0.2811 0.2694 0.4611 0.4427 0.4266 0.4266 0.415 0.3942 0.3942 0.3919 0.3712 0.3666 0.362 0.3458 0.3342 0.332 0.3181 0.3089 0.302 0.2951 0.2836 0.2743
0.136 1.0 0.0383 0.78 0.79 0.8 0.81 0.82 0.83 0.84 0.85 0.86 0.87 0.88 0.89 0.9 0.91 0.92 0.93 0.94 0.95 0.96 0.97 0.2972 0.2927 0.288 0.2673 0.2604 0.2627 0.2442 0.2328 0.2351 0.2212 0.2074 0.2051 0.1936 0.1798 0.1752 0.166 0.1544 0.1452 0.1383 0.1268 0.4547 0.4361 0.4199 0.4199 0.4038 0.3876 0.3852 0.3783 0.3621 0.3551 0.3482 0.3343 0.325 0.3181 0.3066 0.2972 0.2903 0.2811 0.2694 0.2626 0.4427 0.4266 0.4266 0.415 0.3942 0.3942 0.3919 0.3712 0.3666 0.362 0.3458 0.3342 0.332 0.3181 0.3089 0.302 0.2951 0.2836 0.2743 0.2673
0.1476 1.0 0.0537 0.79 0.8 0.81 0.82 0.83 0.84 0.85 0.86 0.87 0.88 0.89 0.9 0.91 0.92 0.93 0.94 0.95 0.96 0.97 0.0 0.2927 0.288 0.2673 0.2604 0.2627 0.2442 0.2328 0.2351 0.2212 0.2074 0.2051 0.1936 0.1798 0.1752 0.166 0.1544 0.1452 0.1383 0.1268 0.1429 0.4361 0.4199 0.4199 0.4038 0.3876 0.3852 0.3783 0.3621 0.3551 0.3482 0.3343 0.325 0.3181 0.3066 0.2972 0.2903 0.2811 0.2694 0.2626 0.2557 0.4266 0.4266 0.415 0.3942 0.3942 0.3919 0.3712 0.3666 0.362 0.3458 0.3342 0.332 0.3181 0.3089 0.302 0.2951 0.2836 0.2743 0.2673 0.302
0.2466 1.0 0.023 0.8 0.81 0.82 0.83 0.84 0.85 0.86 0.87 0.88 0.89 0.9 0.91 0.92 0.93 0.94 0.95 0.96 0.97 0.0 0.01 0.288 0.2673 0.2604 0.2627 0.2442 0.2328 0.2351 0.2212 0.2074 0.2051 0.1936 0.1798 0.1752 0.166 0.1544 0.1452 0.1383 0.1268 0.1429 0.136 0.4199 0.4199 0.4038 0.3876 0.3852 0.3783 0.3621 0.3551 0.3482 0.3343 0.325 0.3181 0.3066 0.2972 0.2903 0.2811 0.2694 0.2626 0.2557 0.3111 0.4266 0.415 0.3942 0.3942 0.3919 0.3712 0.3666 0.362 0.3458 0.3342 0.332 0.3181 0.3089 0.302 0.2951 0.2836 0.2743 0.2673 0.302 0.3412
0.2212 1.0 0.0387 0.81 0.82 0.83 0.84 0.85 0.86 0.87 0.88 0.89 0.9 0.91 0.92 0.93 0.94 0.95 0.96 0.97 0.0 0.01 0.02 0.2673 0.2604 0.2627 0.2442 0.2328 0.2351 0.2212 0.2074 0.2051 0.1936 0.1798 0.1752 0.166 0.1544 0.1452 0.1383 0.1268 0.1429 0.136 0.1476 0.4199 0.4038 0.3876 0.3852 0.3783 0.3621 0.3551 0.3482 0.3343 0.325 0.3181 0.3066 0.2972 0.2903 0.2811 0.2694 0.2626 0.2557 0.3111 0.325 0.415 0.3942 0.3942 0.3919 0.3712 0.3666 0.362 0.3458 0.3342 0.332 0.3181 0.3089 0.302 0.2951 0.2836 0.2743 0.2673 0.302 0.3412 0.3112
0.2028 1.0 0.33 0.82 0.83 0.84 0.85 0.86 0.87 0.88 0.89 0.9 0.91 0.92 0.93 0.94 0.95 0.96 0.97 0.0 0.01 0.02 0.03 0.2604 0.2627 0.2442 0.2328 0.2351 0.2212 0.2074 0.2051 0.1936 0.1798 0.1752 0.166 0.1544 0.1452 0.1383 0.1268 0.1429 0.136 0.1476 0.2466 0.4038 0.3876 0.3852 0.3783 0.3621 0.3551 0.3482 0.3343 0.325 0.3181 0.3066 0.2972 0.2903 0.2811 0.2694 0.2626 0.2557 0.3111 0.325 0.3042 0.3942 0.3942 0.3919 0.3712 0.3666 0.362 0.3458 0.3342 0.332 0.3181 0.3089 0.302 0.2951 0.2836 0.2743 0.2673 0.302 0.3412 0.3112 0.3342
0.2927 1.0 0.0847 0.83 0.84 0.85 0.86 0.87 0.88 0.89 0.9 0.91 0.92 0.93 0.94 0.95 0.96 0.97 0.0 0.01 0.02 0.03 0.04 0.2627 0.2442 0.2328 0.2351 0.2212 0.2074 0.2051 0.1936 0.1798 0.1752 0.166 0.1544 0.1452 0.1383 0.1268 0.1429 0.136 0.1476 0.2466 0.2212 0.3876 0.3852 0.3783 0.3621 0.3551 0.3482 0.3343 0.325 0.3181 0.3066 0.2972 0.2903 0.2811 0.2694 0.2626 0.2557 0.3111 0.325 0.3042 0.3459 0.3942 0.3919 0.3712 0.3666 0.362 0.3458 0.3342 0.332 0.3181 0.3089 0.302 0.2951 0.2836 0.2743 0.2673 0.302 0.3412 0.3112 0.3342 0.3966
0.2788 1.0 0.0613 0.84 0.85 0.86 0.87 0.88 0.89 0.9 0.91 0.92 0.93 0.94 0.95 0.96 0.97 0.0 0.01 0.02 0.03 0.04 0.05 0.2442 0.2328 0.2351 0.2212 0.2074 0.2051 0.1936 0.1798 0.1752 0.166 0.1544 0.1452 0.1383 0.1268 0.1429 0.136 0.1476 0.2466 0.2212 0.2028 0.3852 0.3783 0.3621 0.3551 0.3482 0.3343 0.325 0.3181 0.3066 0.2972 0.2903 0.2811 0.2694 0.2626 0.2557 0.3111 0.325 0.3042 0.3459 0.3783 0.3919 0.3712 0.3666 0.362 0.3458 0.3342 0.332 0.3181 0.3089 0.302 0.2951 0.2836 0.2743 0.2673 0.302 0.3412 0.3112 0.3342 0.3966 0.3573
0.2466 1.0 0.2997 0.85 0.86 0.87 0.88 0.89 0.9 0.91 0.92 0.93 0.94 0.95 0.96 0.97 0.0 0.01 0.02 0.03 0.04 0.05 0.06 0.2328 0.2351 0.2212 0.2074 0.2051 0.1936 0.1798 0.1752 0.166 0.1544 0.1452 0.1383 0.1268 0.1429 0.136 0.1476 0.2466 0.2212 0.2028 0.2927 0.3783 0.3621 0.3551 0.3482 0.3343 0.325 0.3181 0.3066 0.2972 0.2903 0.2811 0.2694 0.2626 0.2557 0.3111 0.325 0.3042 0.3459 0.3783 0.3482 0.3712 0.3666 0.362 0.3458 0.3342 0.332 0.3181 0.3089 0.302 0.2951 0.2836 0.2743 0.2673 0.302 0.3412 0.3112 0.3342 0.3966 0.3573 0.3528
0.3157 1.0 0.0463 0.86 0.87 0.88 0.89 0.9 0.91 0.92 0.93 0.94 0.95 0.96 0.97 0.0 0.01 0.02 0.03 0.04 0.05 0.06 0.07 0.2351 0.2212 0.2074 0.2051 0.1936 0.1798 0.1752 0.166 0.1544 0.1452 0.1383 0.1268 0.1429 0.136 0.1476 0.2466 0.2212 0.2028 0.2927 0.2788 0.3621 0.3551 0.3482 0.3343 0.325 0.3181 0.3066 0.2972 0.2903 0.2811 0.2694 0.2626 0.2557 0.3111 0.325 0.3042 0.3459 0.3783 0.3482 0.3667 0.3666 0.362 0.3458 0.3342 0.332 0.3181 0.3089 0.302 0.2951 0.2836 0.2743 0.2673 0.302 0.3412 0.3112 0.3342 0.3966 0.3573 0.3528 0.4311
0.3249 1.0 0.1073 0.87 0.88 0.89 0.9 0.91 0.92 0.93 0.94 0.95 0.96 0.97 0.0 0.01 0.02 0.03 0.04 0.05 0.06 0.07 0.08 0.2212 0.2074 0.2051 0.1936 0.1798 0.1752 0.166 0.1544 0.1452 0.1383 0.1268 0.1429 0.136 0.1476 0.2466 0.2212 0.2028 0.2927 0.2788 0.2466 0.3551 0.3482 0.3343 0.325 0.3181 0.3066 0.2972 0.2903 0.2811 0.2694 0.2626 0.2557 0.3111 0.325 0.3042 0.3459 0.3783 0.3482 0.3667 0.4246 0.362 0.3458 0.3342 0.332 0.3181 0.3089 0.302 0.2951 0.2836 0.2743 0.2673 0.302 0.3412 0.3112 0.3342 0.3966 0.3573 0.3528 0.4311 0.3919
0.2858 1.0 0.2303 0.88 0.89 0.9 0.91 0.92 0.93 0.94 0.95 0.96 0.97 0.0 0.01 0.02 0.03 0.04 0.05 0.06 0.07 0.08 0.09 0.2074 0.2051 0.1936 0.1798 0.1752 0.166 0.1544 0.1452 0.1383 0.1268 0.1429 0.136 0.1476 0.2466 0.2212 0.2028 0.2927 0.2788 0.2466 0.3157 0.3482 0.3343 0.325 0.3181 0.3066 0.2972 0.2903 0.2811 0.2694 0.2626 0.2557 0.3111 0.325 0.3042 0.3459 0.3783 0.3482 0.3667 0.4246 0.3876 0.3458 0.3342 0.332 0.3181 0.3089 0.302 0.2951 0.2836 0.2743 0.2673 0.302 0.3412 0.3112 0.3342 0.3966 0.3573 0.3528 0.4311 0.3919 0.3666
0.318 1.0 0.0307 0.89 0.9 0.91 0.92 0.93 0.94 0.95 0.96 0.97 0.0 0.01 0.02 0.03 0.04 0.05 0.06 0.07 0.08 0.09 0.1 0.2051 0.1936 0.1798 0.1752 0.166 0.1544 0.1452 0.1383 0.1268 0.1429 0.136 0.1476 0.2466 0.2212 0.2028 0.2927 0.2788 0.2466 0.3157 0.3249 0.3343 0.325 0.3181 0.3066 0.2972 0.2903 0.2811 0.2694 0.2626 0.2557 0.3111 0.325 0.3042 0.3459 0.3783 0.3482 0.3667 0.4246 0.3876 0.376 0.3342 0.332 0.3181 0.3089 0.302 0.2951 0.2836 0.2743 0.2673 0.302 0.3412 0.3112 0.3342 0.3966 0.3573 0.3528 0.4311 0.3919 0.3666 0.4473
0.3594 1.0 0.1303 0.9 0.91 0.92 0.93 0.94 0.95 0.96 0.97 0.0 0.01 0.02 0.03 0.04 0.05 0.06 0.07 0.08 0.09 0.1 0.11 0.1936 0.1798 0.1752 0.166 0.1544 0.1452 0.1383 0.1268 0.1429 0.136 0.1476 0.2466 0.2212 0.2028 0.2927 0.2788 0.2466 0.3157 0.3249 0.2858 0.325 0.3181 0.3066 0.2972 0.2903 0.2811 0.2694 0.2626 0.2557 0.3111 0.325 0.3042 0.3459 0.3783 0.3482 0.3667 0.4246 0.3876 0.376 0.4547 0.332 0.3181 0.3089 0.302 0.2951 0.2836 0.2743 0.2673 0.302 0.3412 0.3112 0.3342 0.3966 0.3573 0.3528 0.4311 0.3919 0.3666 0.4473 0.4266
0.318 1.0 0.1073 0.91 0.92 0.93 0.94 0.95 0.96 0.97 0.0 0.01 0.02 0.03 0.04 0.05 0.06 0.07 0.08 0.09 0.1 0.11 0.12 0.1798 0.1752 0.166 0.1544 0.1452 0.1383 0.1268 0.1429 0.136 0.1476 0.2466 0.2212 0.2028 0.2927 0.2788 0.2466 0.3157 0.3249 0.2858 0.318 0.3181 0.3066 0.2972 0.2903 0.2811 0.2694 0.2626 0.2557 0.3111 0.325 0.3042 0.3459 0.3783 0.3482 0.3667 0.4246 0.3876 0.376 0.4547 0.4246 0.3181 0.3089 0.302 0.2951 0.2836 0.2743 0.2673 0.302 0.3412 0.3112 0.3342 0.3966 0.3573 0.3528 0.4311 0.3919 0.3666 0.4473 0.4266 0.3919
0.3111 1.0 0.138 0.92 0.93 0.94 0.95 0.96 0.97 0.0 0.01 0.02 0.03 0.04 0.05 0.06 0.07 0.08 0.09 0.1 0.11 0.12 0.13 0.1752 0.166 0.1544 0.1452 0.1383 0.1268 0.1429 0.136 0.1476 0.2466 0.2212 0.2028 0.2927 0.2788 0.2466 0.3157 0.3249 0.2858 0.318 0.3594 0.3066 0.2972 0.2903 0.2811 0.2694 0.2626 0.2557 0.3111 0.325 0.3042 0.3459 0.3783 0.3482 0.3667 0.4246 0.3876 0.376 0.4547 0.4246 0.3991 0.3089 0.302 0.2951 0.2836 0.2743 0.2673 0.302 0.3412 0.3112 0.3342 0.3966 0.3573 0.3528 0.4311 0.3919 0.3666 0.4473 0.4266 0.3919 0.4427
0.3848 1.0 0.138 0.93 0.94 0.95 0.96 0.97 0.0 0.01 0.02 0.03 0.04 0.05 0.06 0.07 0.08 0.09 0.1 0.11 0.12 0.13 0.14 0.166 0.1544 0.1452 0.1383 0.1268 0.1429 0.136 0.1476 0.2466 0.2212 0.2028 0.2927 0.2788 0.2466 0.3157 0.3249 0.2858 0.318 0.3594 0.318 0.2972 0.2903 0.2811 0.2694 0.2626 0.2557 0.3111 0.325 0.3042 0.3459 0.3783 0.3482 0.3667 0.4246 0.3876 0.376 0.4547 0.4246 0.3991 0.4662 0.302 0.2951 0.2836 0.2743 0.2673 0.302 0.3412 0.3112 0.3342 0.3966 0.3573 0.3528 0.4311 0.3919 0.3666 0.4473 0.4266 0.3919 0.4427 0.4611
0.3502 1.0 0.023 0.94 0.95 0.96 0.97 0.0 0.01 0.02 0.03 0.04 0.05 0.06 0.07 0.08 0.09 0.1 0.11 0.12 0.13 0.14 0.15 0.1544 0.1452 0.1383 0.1268 0.1429 0.136 0.1476 0.2466 0.2212 0.2028 0.2927 0.2788 0.2466 0.3157 0.3249 0.2858 0.318 0.3594 0.318 0.3111 0.2903 0.2811 0.2694 0.2626 0.2557 0.3111 0.325 0.3042 0.3459 0.3783 0.3482 0.3667 0.4246 0.3876 0.376 0.4547 0.4246 0.3991 0.4662 0.4662 0.2951 0.2836 0.2743 0.2673 0.302 0.3412 0.3112 0.3342 0.3966 0.3573 0.3528 0.4311 0.3919 0.3666 0.4473 0.4266 0.3919 0.4427 0.4611 0.4242
0.3249 1.0 0.2457 0.95 0.96 0.97 0.0 0.01 0.02 0.03 0.04 0.05 0.06 0.07 0.08 0.09 0.1 0.11 0.12 0.13 0.14 0.15 0.16 0.1452 0.1383 0.1268 0.1429 0.136 0.1476 0.2466 0.2212 0.2028 0.2927 0.2788 0.2466 0.3157 0.3249 0.2858 0.318 0.3594 0.318 0.3111 0.3848 0.2811 0.2694 0.2626 0.2557 0.3111 0.325 0.3042 0.3459 0.3783 0.3482 0.3667 0.4246 0.3876 0.376 0.4547 0.4246 0.3991 0.4662 0.4662 0.4361 0.2836 0.2743 0.2673 0.302 0.3412 0.3112 0.3342 0.3966 0.3573 0.3528 0.4311 0.3919 0.3666 0.4473 0.4266 0.3919 0.4427 0.4611 0.4242 0.4311
0.3571 1.0 0.1153 0.96 0.97 0.0 0.01 0.02 0.03 0.04 0.05 0.06 0.07 0.08 0.09 0.1 0.11 0.12 0.13 0.14 0.15 0.16 0.17 0.1383 0.1268 0.1429 0.136 0.1476 0.2466 0.2212 0.2028 0.2927 0.2788 0.2466 0.3157 0.3249 0.2858 0.318 0.3594 0.318 0.3111 0.3848 0.3502 0.2694 0.2626 0.2557 0.3111 0.325 0.3042 0.3459 0.3783 0.3482 0.3667 0.4246 0.3876 0.376 0.4547 0.4246 0.3991 0.4662 0.4662 0.4361 0.4754 0.2743 0.2673 0.302 0.3412 0.3112 0.3342 0.3966 0.3573 0.3528 0.4311 0.3919 0.3666 0.4473 0.4266 0.3919 0.4427 0.4611 0.4242 0.4311 0.4866
0.3687 1.0 0.0843 0.97 0.0 0.01 0.02 0.03 0.04 0.05 0.06 0.07 0.08 0.09 0.1 0.11 0.12 0.13 0.14 0.15 0.16 0.17 0.18 0.1268 0.1429 0.136 0.1476 0.2466 0.2212 0.2028 0.2927 0.2788 0.2466 0.3157 0.3249 0.2858 0.318 0.3594 0.318 0.3111 0.3848 0.3502 0.3249 0.2626 0.2557 0.3111 0.325 0.3042 0.3459 0.3783 0.3482 0.3667 0.4246 0.3876 0.376 0.4547 0.4246 0.3991 0.4662 0.4662 0.4361 0.4754 0.501 0.2673 0.302 0.3412 0.3112 0.3342 0.3966 0.3573 0.3528 0.4311 0.3919 0.3666 0.4473 0.4266 0.3919 0.4427 0.4611 0.4242 0.4311 0.4866 0.4566
0.3433 1.0 0.1073 0.0 0.01 0.02 0.03 0.04 0.05 0.06 0.07 0.08 0.09 0.1 0.11 0.12 0.13 0.14 0.15 0.16 0.17 0.18 0.19 0.1429 0.136 0.1476 0.2466 0.2212 0.2028 0.2927 0.2788 0.2466 0.3157 0.3249 0.2858 0.318 0.3594 0.318 0.3111 0.3848 0.3502 0.3249 0.3571 0.2557 0.3111 0.325 0.3042 0.3459 0.3783 0.3482 0.3667 0.4246 0.3876 0.376 0.4547 0.4246 0.3991 0.4662 0.4662 0.4361 0.4754 0.501 0.4709 0.302 0.3412 0.3112 0.3342 0.3966 0.3573 0.3528 0.4311 0.3919 0.3666 0.4473 0.4266 0.3919 0.4427 0.4611 0.4242 0.4311 0.4866 0.4566 0.445
0.3479 1.0 0.0387 0.01 0.02 0.03 0.04 0.05 0.06 0.07 0.08 0.09 0.1 0.11 0.12 0.13 0.14 0.15 0.16 0.17 0.18 0.19 0.2 0.136 0.1476 0.2466 0.2212 0.2028 0.2927 0.2788 0.2466 0.3157 0.3249 0.2858 0.318 0.3594 0.318 0.3111 0.3848 0.3502 0.3249 0.3571 0.3687 0.3111 0.325 0.3042 0.3459 0.3783 0.3482 0.3667 0.4246 0.3876 0.376 0.4547 0.4246 0.3991 0.4662 0.4662 0.4361 0.4754 0.501 0.4709 0.4639 0.3412 0.3112 0.3342 0.3966 0.3573 0.3528 0.4311 0.3919 0.3666 0.4473 0.4266 0.3919 0.4427 0.4611 0.4242 0.4311 0.4866 0.4566 0.445 0.475
0.3687 1.0 0.0847 0.02 0.03 0.04 0.05 0.06 0.07 0.08 0.09 0.1 0.11 0.12 0.13 0.14 0.15 0.16 0.17 0.18 0.19 0.2 0.21 0.1476 0.2466 0.2212 0.2028 0.2927 0.2788 0.2466 0.3157 0.3249 0.2858 0.318 0.3594 0.318 0.3111 0.3848 0.3502 0.3249 0.3571 0.3687 0.3433 0.325 0.3042 0.3459 0.3783 0.3482 0.3667 0.4246 0.3876 0.376 0.4547 0.4246 0.3991 0.4662 0.4662 0.4361 0.4754 0.501 0.4709 0.4639 0.5218 0.3112 0.3342 0.3966 0.3573 0.3528 0.4311 0.3919 0.3666 0.4473 0.4266 0.3919 0.4427 0.4611 0.4242 0.4311 0.4866 0.4566 0.445 0.475 0.4703
0.3594 1.0 0.0153 0.03 0.04 0.05 0.06 0.07 0.08 0.09 0.1 0.11 0.12 0.13 0.14 0.15 0.16 0.17 0.18 0.19 0.2 0.21 0.22 0.2466 0.2212 0.2028 0.2927 0.2788 0.2466 0.3157 0.3249 0.2858 0.318 0.3594 0.318 0.3111 0.3848 0.3502 0.3249 0.3571 0.3687 0.3433 0.3479 0.3042 0.3459 0.3783 0.3482 0.3667 0.4246 0.3876 0.376 0.4547 0.4246 0.3991 0.4662 0.4662 0.4361 0.4754 0.501 0.4709 0.4639 0.5218 0.4987 0.3342 0.3966 0.3573 0.3528 0.4311 0.3919 0.3666 0.4473 0.4266 0.3919 0.4427 0.4611 0.4242 0.4311 0.4866 0.4566 0.445 0.475 0.4703 0.4589
0.3594 1.0 0.0693 0.04 0.05 0.06 0.07 0.08 0.09 0.1 0.11 0.12 0.13 0.14 0.15 0.16 0.17 0.18 0.19 0.2 0.21 0.22 0.23 0.2212 0.2028 0.2927 0.2788 0.2466 0.3157 0.3249 0.2858 0.318 0.3594 0.318 0.3111 0.3848 0.3502 0.3249 0.3571 0.3687 0.3433 0.3479 0.3687 0.3459 0.3783 0.3482 0.3667 0.4246 0.3876 0.376 0.4547 0.4246 0.3991 0.4662 0.4662 0.4361 0.4754 0.501 0.4709 0.4639 0.5218 0.4987 0.4848 0.3966 0.3573 0.3528 0.4311 0.3919 0.3666 0.4473 0.4266 0.3919 0.4427 0.4611 0.4242 0.4311 0.4866 0.4566 0.445 0.475 0.4703 0.4589 0.475
0.3871 1.0 0.031 0.05 0.06 0.07 0.08 0.09 0.1 0.11 0.12 0.13 0.14 0.15 0.16 0.17 0.18 0.19 0.2 0.21 0.22 0.23 0.24 0.2028 0.2927 0.2788 0.2466 0.3157 0.3249 0.2858 0.318 0.3594 0.318 0.3111 0.3848 0.3502 0.3249 0.3571 0.3687 0.3433 0.3479 0.3687 0.3594 0.3783 0.3482 0.3667 0.4246 0.3876 0.376 0.4547 0.4246 0.3991 0.4662 0.4662 0.4361 0.4754 0.501 0.4709 0.4639 0.5218 0.4987 0.4848 0.4963 0.3573 0.3528 0.4311 0.3919 0.3666 0.4473 0.4266 0.3919 0.4427 0.4611 0.4242 0.4311 0.4866 0.4566 0.445 0.475 0.4703 0.4589 0.475 0.5166
0.4378 1.0 0.0 0.06 0.07 0.08 0.09 0.1 0.11 0.12 0.13 0.14 0.15 0.16 0.17 0.18 0.19 0.2 0.21 0.22 0.23 0.24 0.25 0.2927 0.2788 0.2466 0.3157 0.3249 0.2858 0.318 0.3594 0.318 0.3111 0.3848 0.3502 0.3249 0.3571 0.3687 0.3433 0.3479 0.3687 0.3594 0.3594 0.3482 0.3667 0.4246 0.3876 0.376 0.4547 0.4246 0.3991 0.4662 0.4662 0.4361 0.4754 0.501 0.4709 0.4639 0.5218 0.4987 0.4848 0.4963 0.5472 0.3528 0.4311 0.3919 0.3666 0.4473 0.4266 0.3919 0.4427 0.4611 0.4242 0.4311 0.4866 0.4566 0.445 0.475 0.4703 0.4589 0.475 0.5166 0.4934
0.4147 1.0 0.0923 0.07 0.08 0.09 0.1 0.11 0.12 0.13 0.14 0.15 0.16 0.17 0.18 0.19 0.2 0.21 0.22 0.23 0.24 0.25 0.26 0.2788 0.2466 0.3157 0.3249 0.2858 0.318 0.3594 0.318 0.3111 0.3848 0.3502 0.3249 0.3571 0.3687 0.3433 0.3479 0.3687 0.3594 0.3594 0.3871 0.3667 0.4246 0.3876 0.376 0.4547 0.4246 0.3991 0.4662 0.4662 0.4361 0.4754 0.501 0.4709 0.4639 0.5218 0.4987 0.4848 0.4963 0.5472 0.531 0.4311 0.3919 0.3666 0.4473 0.4266 0.3919 0.4427 0.4611 0.4242 0.4311 0.4866 0.4566 0.445 0.475 0.4703 0.4589 0.475 0.5166 0.4934 0.5003
0.4217 1.0 0.169 0.08 0.09 0.1 0.11 0.12 0.13 0.14 0.15 0.16 0.17 0.18 0.19 0.2 0.21 0.22 0.23 0.24 0.25 0.26 0.27 0.2466 0.3157 0.3249 0.2858 0.318 0.3594 0.318 0.3111 0.3848 0.3502 0.3249 0.3571 0.3687 0.3433 0.3479 0.3687 0.3594 0.3594 0.3871 0.4378 0.4246 0.3876 0.376 0.4547 0.4246 0.3991 0.4662 0.4662 0.4361 0.4754 0.501 0.4709 0.4639 0.5218 0.4987 0.4848 0.4963 0.5472 0.531 0.5287 0.3919 0.3666 0.4473 0.4266 0.3919 0.4427 0.4611 0.4242 0.4311 0.4866 0.4566 0.445 0.475 0.4703 0.4589 0.475 0.5166 0.4934 0.5003 0.5303
0.4953 1.0 0.077 0.09 0.1 0.11 0.12 0.13 0.14 0.15 0.16 0.17 0.18 0.19 0.2 0.21 0.22 0.23 0.24 0.25 0.26 0.27 0.28 0.3157 0.3249 0.2858 0.318 0.3594 0.318 0.3111 0.3848 0.3502 0.3249 0.3571 0.3687 0.3433 0.3479 0.3687 0.3594 0.3594 0.3871 0.4378 0.4147 0.3876 0.376 0.4547 0.4246 0.3991 0.4662 0.4662 0.4361 0.4754 0.501 0.4709 0.4639 0.5218 0.4987 0.4848 0.4963 0.5472 0.531 0.5287 0.5842 0.3666 0.4473 0.4266 0.3919 0.4427 0.4611 0.4242 0.4311 0.4866 0.4566 0.445 0.475 0.4703 0.4589 0.475 0.5166 0.4934 0.5003 0.5303 0.5488
0.4608 1.0 0.0233 0.1 0.11 0.12 0.13 0.14 0.15 0.16 0.17 0.18 0.19 0.2 0.21 0.22 0.23 0.24 0.25 0.26 0.27 0.28 0.29 0.3249 0.2858 0.318 0.3594 0.318 0.3111 0.3848 0.3502 0.3249 0.3571 0.3687 0.3433 0.3479 0.3687 0.3594 0.3594 0.3871 0.4378 0.4147 0.4217 0.376 0.4547 0.4246 0.3991 0.4662 0.4662 0.4361 0.4754 0.501 0.4709 0.4639 0.5218 0.4987 0.4848 0.4963 0.5472 0.531 0.5287 0.5842 0.582 0.4473 0.4266 0.3919 0.4427 0.4611 0.4242 0.4311 0.4866 0.4566 0.445 0.475 0.4703 0.4589 0.475 0.5166 0.4934 0.5003 0.5303 0.5488 0.5396
0.4492 1.0 0.2453 0.11 0.12 0.13 0.14 0.15 0.16 0.17 0.18 0.19 0.2 0.21 0.22 0.23 0.24 0.25 0.26 0.27 0.28 0.29 0.3 0.2858 0.318 0.3594 0.318 0.3111 0.3848 0.3502 0.3249 0.3571 0.3687 0.3433 0.3479 0.3687 0.3594 0.3594 0.3871 0.4378 0.4147 0.4217 0.4953 0.4547 0.4246 0.3991 0.4662 0.4662 0.4361 0.4754 0.501 0.4709 0.4639 0.5218 0.4987 0.4848 0.4963 0.5472 0.531 0.5287 0.5842 0.582 0.5658 0.4266 0.3919 0.4427 0.4611 0.4242 0.4311 0.4866 0.4566 0.445 0.475 0.4703 0.4589 0.475 0.5166 0.4934 0.5003 0.5303 0.5488 0.5396 0.5534
0.5161 1.0 0.115 0.12 0.13 0.14 0.15 0.16 0.17 0.18 0.19 0.2 0.21 0.22 0.23 0.24 0.25 0.26 0.27 0.28 0.29 0.3 0.31 0.318 0.3594 0.318 0.3111 0.3848 0.3502 0.3249 0.3571 0.3687 0.3433 0.3479 0.3687 0.3594 0.3594 0.3871 0.4378 0.4147 0.4217 0.4953 0.4608 0.4246 0.3991 0.4662 0.4662 0.4361 0.4754 0.501 0.4709 0.4639 0.5218 0.4987 0.4848 0.4963 0.5472 0.531 0.5287 0.5842 0.582 0.5658 0.5936 0.3919 0.4427 0.4611 0.4242 0.4311 0.4866 0.4566 0.445 0.475 0.4703 0.4589 0.475 0.5166 0.4934 0.5003 0.5303 0.5488 0.5396 0.5534 0.6064
0.4908 1.0 0.0387 0.13 0.14 0.15 0.16 0.17 0.18 0.19 0.2 0.21 0.22 0.23 0.24 0.25 0.26 0.27 0.28 0.29 0.3 0.31 0.32 0.3594 0.318 0.3111 0.3848 0.3502 0.3249 0.3571 0.3687 0.3433 0.3479 0.3687 0.3594 0.3594 0.3871 0.4378 0.4147 0.4217 0.4953 0.4608 0.4492 0.3991 0.4662 0.4662 0.4361 0.4754 0.501 0.4709 0.4639 0.5218 0.4987 0.4848 0.4963 0.5472 0.531 0.5287 0.5842 0.582 0.5658 0.5936 0.6143 0.4427 0.4611 0.4242 0.4311 0.4866 0.4566 0.445 0.475 0.4703 0.4589 0.475 0.5166 0.4934 0.5003 0.5303 0.5488 0.5396 0.5534 0.6064 0.5742
0.47 1.0 0.223 0.14 0.15 0.16 0.17 0.18 0.19 0.2 0.21 0.22 0.23 0.24 0.25 0.26 0.27 0.28 0.29 0.3 0.31 0.32 0.33 0.318 0.3111 0.3848 0.3502 0.3249 0.3571 0.3687 0.3433 0.3479 0.3687 0.3594 0.3594 0.3871 0.4378 0.4147 0.4217 0.4953 0.4608 0.4492 0.5161 0.4662 0.4662 0.4361 0.4754 0.501 0.4709 0.4639 0.5218 0.4987 0.4848 0.4963 0.5472 0.531 0.5287 0.5842 0.582 0.5658 0.5936 0.6143 0.5866 0.4611 0.4242 0.4311 0.4866 0.4566 0.445 0.475 0.4703 0.4589 0.475 0.5166 0.4934 0.5003 0.5303 0.5488 0.5396 0.5534 0.6064 0.5742 0.5672
0.5207 1.0 0.0843 0.15 0.16 0.17 0.18 0.19 0.2 0.21 0.22 0.23 0.24 0.25 0.26 0.27 0.28 0.29 0.3 0.31 0.32 0.33 0.34 0.3111 0.3848 0.3502 0.3249 0.3571 0.3687 0.3433 0.3479 0.3687 0.3594 0.3594 0.3871 0.4378 0.4147 0.4217 0.4953 0.4608 0.4492 0.5161 0.4908 0.4662 0.4361 0.4754 0.501 0.4709 0.4639 0.5218 0.4987 0.4848 0.4963 0.5472 0.531 0.5287 0.5842 0.582 0.5658 0.5936 0.6143 0.5866 0.5936 0.4242 0.4311 0.4866 0.4566 0.445 0.475 0.4703 0.4589 0.475 0.5166 0.4934 0.5003 0.5303 0.5488 0.5396 0.5534 0.6064 0.5742 0.5672 0.6296
0.5138 1.0 0.0693 0.16 0.17 0.18 0.19 0.2 0.21 0.22 0.23 0.24 0.25 0.26 0.27 0.28 0.29 0.3 0.31 0.32 0.33 0.34 0.35 0.3848 0.3502 0.3249 0.3571 0.3687 0.3433 0.3479 0.3687 0.3594 0.3594 0.3871 0.4378 0.4147 0.4217 0.4953 0.4608 0.4492 0.5161 0.4908 0.47 0.4361 0.4754 0.501 0.4709 0.4639 0.5218 0.4987 0.4848 0.4963 0.5472 0.531 0.5287 0.5842 0.582 0.5658 0.5936 0.6143 0.5866 0.5936 0.6329 0.4311 0.4866 0.4566 0.445 0.475 0.4703 0.4589 0.475 0.5166 0.4934 0.5003 0.5303 0.5488 0.5396 0.5534 0.6064 0.5742 0.5672 0.6296 0.5903
0.4884 1.0 0.169 0.17 0.18 0.19 0.2 0.21 0.22 0.23 0.24 0.25 0.26 0.27 0.28 0.29 0.3 0.31 0.32 0.33 0.34 0.35 0.36 0.3502 0.3249 0.3571 0.3687 0.3433 0.3479 0.3687 0.3594 0.3594 0.3871 0.4378 0.4147 0.4217 0.4953 0.4608 0.4492 0.5161 0.4908 0.47 0.5207 0.4754 0.501 0.4709 0.4639 0.5218 0.4987 0.4848 0.4963 0.5472 0.531 0.5287 0.5842 0.582 0.5658 0.5936 0.6143 0.5866 0.5936 0.6329 0.5981 0.4866 0.4566 0.445 0.475 0.4703 0.4589 0.475 0.5166 0.4934 0.5003 0.5303 0.5488 0.5396 0.5534 0.6064 0.5742 0.5672 0.6296 0.5903 0.5719
0.5253 1.0 0.023 0.18 0.19 0.2 0.21 0.22 0.23 0.24 0.25 0.26 0.27 0.28 0.29 0.3 0.31 0.32 0.33 0.34 0.35 0.36 0.37 0.3249 0.3571 0.3687 0.3433 0.3479 0.3687 0.3594 0.3594 0.3871 0.4378 0.4147 0.4217 0.4953 0.4608 0.4492 0.5161 0.4908 0.47 0.5207 0.5138 0.501 0.4709 0.4639 0.5218 0.4987 0.4848 0.4963 0.5472 0.531 0.5287 0.5842 0.582 0.5658 0.5936 0.6143 0.5866 0.5936 0.6329 0.5981 0.5936 0.4566 0.445 0.475 0.4703 0.4589 0.475 0.5166 0.4934 0.5003 0.5303 0.5488 0.5396 0.5534 0.6064 0.5742 0.5672 0.6296 0.5903 0.5719 0.6341
0.5368 1.0 0.0847 0.19 0.2 0.21 0.22 0.23 0.24 0.25 0.26 0.27 0.28 0.29 0.3 0.31 0.32 0.33 0.34 0.35 0.36 0.37 0.38 0.3571 0.3687 0.3433 0.3479 0.3687 0.3594 0.3594 0.3871 0.4378 0.4147 0.4217 0.4953 0.4608 0.4492 0.5161 0.4908 0.47 0.5207 0.5138 0.4884 0.4709 0.4639 0.5218 0.4987 0.4848 0.4963 0.5472 0.531 0.5287 0.5842 0.582 0.5658 0.5936 0.6143 0.5866 0.5936 0.6329 0.5981 0.5936 0.6468 0.445 0.475 0.4703 0.4589 0.475 0.5166 0.4934 0.5003 0.5303 0.5488 0.5396 0.5534 0.6064 0.5742 0.5672 0.6296 0.5903 0.5719 0.6341 0.6019
0.4999 1.0 0.123 0.2 0.21 0.22 0.23 0.24 0.25 0.26 0.27 0.28 0.29 0.3 0.31 0.32 0.33 0.34 0.35 0.36 0.37 0.38 0.39 0.3687 0.3433 0.3479 0.3687 0.3594 0.3594 0.3871 0.4378 0.4147 0.4217 0.4953 0.4608 0.4492 0.5161 0.4908 0.47 0.5207 0.5138 0.4884 0.5253 0.4639 0.5218 0.4987 0.4848 0.4963 0.5472 0.531 0.5287 0.5842 0.582 0.5658 0.5936 0.6143 0.5866 0.5936 0.6329 0.5981 0.5936 0.6468 0.6098 0.475 0.4703 0.4589 0.475 0.5166 0.4934 0.5003 0.5303 0.5488 0.5396 0.5534 0.6064 0.5742 0.5672 0.6296 0.5903 0.5719 0.6341 0.6019 0.5811
0.5299 1.0 0.0383 0.21 0.22 0.23 0.24 0.25 0.26 0.27 0.28 0.29 0.3 0.31 0.32 0.33 0.34 0.35 0.36 0.37 0.38 0.39 0.4 0.3433 0.3479 0.3687 0.3594 0.3594 0.3871 0.4378 0.4147 0.4217 0.4953 0.4608 0.4492 0.5161 0.4908 0.47 0.5207 0.5138 0.4884 0.5253 0.5368 0.5218 0.4987 0.4848 0.4963 0.5472 0.531 0.5287 0.5842 0.582 0.5658 0.5936 0.6143 0.5866 0.5936 0.6329 0.5981 0.5936 0.6468 0.6098 0.6004 0.4703 0.4589 0.475 0.5166 0.4934 0.5003 0.5303 0.5488 0.5396 0.5534 0.6064 0.5742 0.5672 0.6296 0.5903 0.5719 0.6341 0.6019 0.5811 0.6364
0.5576 1.0 0.123 0.22 0.23 0.24 0.25 0.26 0.27 0.28 0.29 0.3 0.31 0.32 0.33 0.34 0.35 0.36 0.37 0.38 0.39 0.4 0.41 0.3479 0.3687 0.3594 0.3594 0.3871 0.4378 0.4147 0.4217 0.4953 0.4608 0.4492 0.5161 0.4908 0.47 0.5207 0.5138 0.4884 0.5253 0.5368 0.4999 0.4987 0.4848 0.4963 0.5472 0.531 0.5287 0.5842 0.582 0.5658 0.5936 0.6143 0.5866 0.5936 0.6329 0.5981 0.5936 0.6468 0.6098 0.6004 0.6537 0.4589 0.475 0.5166 0.4934 0.5003 0.5303 0.5488 0.5396 0.5534 0.6064 0.5742 0.5672 0.6296 0.5903 0.5719 0.6341 0.6019 0.5811 0.6364 0.6203
0.5114 1.0 0.1 0.23 0.24 0.25 0.26 0.27 0.28 0.29 0.3 0.31 0.32 0.33 0.34 0.35 0.36 0.37 0.38 0.39 0.4 0.41 0.42 0.3687 0.3594 0.3594 0.3871 0.4378 0.4147 0.4217 0.4953 0.4608 0.4492 0.5161 0.4908 0.47 0.5207 0.5138 0.4884 0.5253 0.5368 0.4999 0.5299 0.4848 0.4963 0.5472 0.531 0.5287 0.5842 0.582 0.5658 0.5936 0.6143 0.5866 0.5936 0.6329 0.5981 0.5936 0.6468 0.6098 0.6004 0.6537 0.6236 0.475 0.5166 0.4934 0.5003 0.5303 0.5488 0.5396 0.5534 0.6064 0.5742 0.5672 0.6296 0.5903 0.5719 0.6341 0.6019 0.5811 0.6364 0.6203 0.5927
0.5253 1.0 0.0923 0.24 0.25 0.26 0.27 0.28 0.29 0.3 0.31 0.32 0.33 0.34 0.35 0.36 0.37 0.38 0.39 0.4 0.41 0.42 0.43 0.3594 0.3594 0.3871 0.4378 0.4147 0.4217 0.4953 0.4608 0.4492 0.5161 0.4908 0.47 0.5207 0.5138 0.4884 0.5253 0.5368 0.4999 0.5299 0.5576 0.4963 0.5472 0.531 0.5287 0.5842 0.582 0.5658 0.5936 0.6143 0.5866 0.5936 0.6329 0.5981 0.5936 0.6468 0.6098 0.6004 0.6537 0.6236 0.6098 0.5166 0.4934 0.5003 0.5303 0.5488 0.5396 0.5534 0.6064 0.5742 0.5672 0.6296 0.5903 0.5719 0.6341 0.6019 0.5811 0.6364 0.6203 0.5927 0.6388
0.5644 1.0 0.154 0.25 0.26 0.27 0.28 0.29 0.3 0.31 0.32 0.33 0.34 0.35 0.36 0.37 0.38 0.39 0.4 0.41 0.42 0.43 0.44 0.3594 0.3871 0.4378 0.4147 0.4217 0.4953 0.4608 0.4492 0.5161 0.4908 0.47 0.5207 0.5138 0.4884 0.5253 0.5368 0.4999 0.5299 0.5576 0.5114 0.5472 0.531 0.5287 0.5842 0.582 0.5658 0.5936 0.6143 0.5866 0.5936 0.6329 0.5981 0.5936 0.6468 0.6098 0.6004 0.6537 0.6236 0.6098 0.6607 0.4934 0.5003 0.5303 0.5488 0.5396 0.5534 0.6064 0.5742 0.5672 0.6296 0.5903 0.5719 0.6341 0.6019 0.5811 0.6364 0.6203 0.5927 0.6388 0.648
0.5161 1.0 0.0463 0.26 0.27 0.28 0.29 0.3 0.31 0.32 0.33 0.34 0.35 0.36 0.37 0.38 0.39 0.4 0.41 0.42 0.43 0.44 0.45 0.3871 0.4378 0.4147 0.4217 0.4953 0.4608 0.4492 0.5161 0.4908 0.47 0.5207 0.5138 0.4884 0.5253 0.5368 0.4999 0.5299 0.5576 0.5114 0.5253 0.531 0.5287 0.5842 0.582 0.5658 0.5936 0.6143 0.5866 0.5936 0.6329 0.5981 0.5936 0.6468 0.6098 0.6004 0.6537 0.6236 0.6098 0.6607 0.6329 0.5003 0.5303 0.5488 0.5396 0.5534 0.6064 0.5742 0.5672 0.6296 0.5903 0.5719 0.6341 0.6019 0.5811 0.6364 0.6203 0.5927 0.6388 0.648 0.6157
0.5138 1.0 0.1303 0.27 0.28 0.29 0.3 0.31 0.32 0.33 0.34 0.35 0.36 0.37 0.38 0.39 0.4 0.41 0.42 0.43 0.44 0.45 0.46 0.4378 0.4147 0.4217 0.4953 0.4608 0.4492 0.5161 0.4908 0.47 0.5207 0.5138 0.4884 0.5253 0.5368 0.4999 0.5299 0.5576 0.5114 0.5253 0.5644 0.5287 0.5842 0.582 0.5658 0.5936 0.6143 0.5866 0.5936 0.6329 0.5981 0.5936 0.6468 0.6098 0.6004 0.6537 0.6236 0.6098 0.6607 0.6329 0.6143 0.5303 0.5488 0.5396 0.5534 0.6064 0.5742 0.5672 0.6296 0.5903 0.5719 0.6341 0.6019 0.5811 0.6364 0.6203 0.5927 0.6388 0.648 0.6157 0.6596
0.5851 1.0 0.161 0.28 0.29 0.3 0.31 0.32 0.33 0.34 0.35 0.36 0.37 0.38 0.39 0.4 0.41 0.42 0.43 0.44 0.45 0.46 0.47 0.4147 0.4217 0.4953 0.4608 0.4492 0.5161 0.4908 0.47 0.5207 0.5138 0.4884 0.5253 0.5368 0.4999 0.5299 0.5576 0.5114 0.5253 0.5644 0.5161 0.5842 0.582 0.5658 0.5936 0.6143 0.5866 0.5936 0.6329 0.5981 0.5936 0.6468 0.6098 0.6004 0.6537 0.6236 0.6098 0.6607 0.6329 0.6143 0.656 0.5488 0.5396 0.5534 0.6064 0.5742 0.5672 0.6296 0.5903 0.5719 0.6341 0.6019 0.5811 0.6364 0.6203 0.5927 0.6388 0.648 0.6157 0.6596 0.6802
0.5391 1.0 0.0077 0.29 0.3 0.31 0.32 0.33 0.34 0.35 0.36 0.37 0.38 0.39 0.4 0.41 0.42 0.43 0.44 0.45 0.46 0.47 0.48 0.4217 0.4953 0.4608 0.4492 0.5161 0.4908 0.47 0.5207 0.5138 0.4884 0.5253 0.5368 0.4999 0.5299 0.5576 0.5114 0.5253 0.5644 0.5161 0.5138 0.582 0.5658 0.5936 0.6143 0.5866 0.5936 0.6329 0.5981 0.5936 0.6468 0.6098 0.6004 0.6537 0.6236 0.6098 0.6607 0.6329 0.6143 0.656 0.6513 0.5396 0.5534 0.6064 0.5742 0.5672 0.6296 0.5903 0.5719 0.6341 0.6019 0.5811 0.6364 0.6203 0.5927 0.6388 0.648 0.6157 0.6596 0.6802 0.6341
0.5183 1.0 0.2377 0.3 0.31 0.32 0.33 0.34 0.35 0.36 0.37 0.38 0.39 0.4 0.41 0.42 0.43 0.44 0.45 0.46 0.47 0.48 0.49 0.4953 0.4608 0.4492 0.5161 0.4908 0.47 0.5207 0.5138 0.4884 0.5253 0.5368 0.4999 0.5299 0.5576 0.5114 0.5253 0.5644 0.5161 0.5138 0.5851 0.5658 0.5936 0.6143 0.5866 0.5936 0.6329 0.5981 0.5936 0.6468 0.6098 0.6004 0.6537 0.6236 0.6098 0.6607 0.6329 0.6143 0.656 0.6513 0.6306 0.5534 0.6064 0.5742 0.5672 0.6296 0.5903 0.5719 0.6341 0.6019 0.5811 0.6364 0.6203 0.5927 0.6388 0.648 0.6157 0.6596 0.6802 0.6341 0.6641
0.5967 1.0 0.1533 0.31 0.32 0.33 0.34 0.35 0.36 0.37 0.38 0.39 0.4 0.41 0.42 0.43 0.44 0.45 0.46 0.47 0.48 0.49 0.5 0.4608 0.4492 0.5161 0.4908 0.47 0.5207 0.5138 0.4884 0.5253 0.5368 0.4999 0.5299 0.5576 0.5114 0.5253 0.5644 0.5161 0.5138 0.5851 0.5391 0.5936 0.6143 0.5866 0.5936 0.6329 0.5981 0.5936 0.6468 0.6098 0.6004 0.6537 0.6236 0.6098 0.6607 0.6329 0.6143 0.656 0.6513 0.6306 0.6746 0.6064 0.5742 0.5672 0.6296 0.5903 0.5719 0.6341 0.6019 0.5811 0.6364 0.6203 0.5927 0.6388 0.648 0.6157 0.6596 0.6802 0.6341 0.6641 0.6964
0.5552 1.0 0.0693 0.32 0.33 0.34 0.35 0.36 0.37 0.38 0.39 0.4 0.41 0.42 0.43 0.44 0.45 0.46 0.47 0.48 0.49 0.5 0.51 0.4492 0.5161 0.4908 0.47 0.5207 0.5138 0.4884 0.5253 0.5368 0.4999 0.5299 0.5576 0.5114 0.5253 0.5644 0.5161 0.5138 0.5851 0.5391 0.5183 0.6143 0.5866 0.5936 0.6329 0.5981 0.5936 0.6468 0.6098 0.6004 0.6537 0.6236 0.6098 0.6607 0.6329 0.6143 0.656 0.6513 0.6306 0.6746 0.6814 0.5742 0.5672 0.6296 0.5903 0.5719 0.6341 0.6019 0.5811 0.6364 0.6203 0.5927 0.6388 0.648 0.6157 0.6596 0.6802 0.6341 0.6641 0.6964 0.648
0.5161 1.0 0.2613 0.33 0.34 0.35 0.36 0.37 0.38 0.39 0.4 0.41 0.42 0.43 0.44 0.45 0.46 0.47 0.48 0.49 0.5 0.51 0.52 0.5161 0.4908 0.47 0.5207 0.5138 0.4884 0.5253 0.5368 0.4999 0.5299 0.5576 0.5114 0.5253 0.5644 0.5161 0.5138 0.5851 0.5391 0.5183 0.5967 0.5866 0.5936 0.6329 0.5981 0.5936 0.6468 0.6098 0.6004 0.6537 0.6236 0.6098 0.6607 0.6329 0.6143 0.656 0.6513 0.6306 0.6746 0.6814 0.6468 0.5672 0.6296 0.5903 0.5719 0.6341 0.6019 0.5811 0.6364 0.6203 0.5927 0.6388 0.648 0.6157 0.6596 0.6802 0.6341 0.6641 0.6964 0.648 0.6572
0.5921 1.0 0.1383 0.34 0.35 0.36 0.37 0.38 0.39 0.4 0.41 0.42 0.43 0.44 0.45 0.46 0.47 0.48 0.49 0.5 0.51 0.52 0.53 0.4908 0.47 0.5207 0.5138 0.4884 0.5253 0.5368 0.4999 0.5299 0.5576 0.5114 0.5253 0.5644 0.5161 0.5138 0.5851 0.5391 0.5183 0.5967 0.5552 0.5936 0.6329 0.5981 0.5936 0.6468 0.6098 0.6004 0.6537 0.6236 0.6098 0.6607 0.6329 0.6143 0.656 0.6513 0.6306 0.6746 0.6814 0.6468 0.6676 0.6296 0.5903 0.5719 0.6341 0.6019 0.5811 0.6364 0.6203 0.5927 0.6388 0.648 0.6157 0.6596 0.6802 0.6341 0.6641 0.6964 0.648 0.6572 0.7194
0.569 1.0 0.1303 0.35 0.36 0.37 0.38 0.39 0.4 0.41 0.42 0.43 0.44 0.45 0.46 0.47 0.48 0.49 0.5 0.51 0.52 0.53 0.54 0.47 0.5207 0.5138 0.4884 0.5253 0.5368 0.4999 0.5299 0.5576 0.5114 0.5253 0.5644 0.5161 0.5138 0.5851 0.5391 0.5183 0.5967 0.5552 0.5161 0.6329 0.5981 0.5936 0.6468 0.6098 0.6004 0.6537 0.6236 0.6098 0.6607 0.6329 0.6143 0.656 0.6513 0.6306 0.6746 0.6814 0.6468 0.6676 0.7023 0.5903 0.5719 0.6341 0.6019 0.5811 0.6364 0.6203 0.5927 0.6388 0.648 0.6157 0.6596 0.6802 0.6341 0.6641 0.6964 0.648 0.6572 0.7194 0.6641
0.5207 1.0 0.2533 0.36 0.37 0.38 0.39 0.4 0.41 0.42 0.43 0.44 0.45 0.46 0.47 0.48 0.49 0.5 0.51 0.52 0.53 0.54 0.55 0.5207 0.5138 0.4884 0.5253 0.5368 0.4999 0.5299 0.5576 0.5114 0.5253 0.5644 0.5161 0.5138 0.5851 0.5391 0.5183 0.5967 0.5552 0.5161 0.5921 0.5981 0.5936 0.6468 0.6098 0.6004 0.6537 0.6236 0.6098 0.6607 0.6329 0.6143 0.656 0.6513 0.6306 0.6746 0.6814 0.6468 0.6676 0.7023 0.6607 0.5719 0.6341 0.6019 0.5811 0.6364 0.6203 0.5927 0.6388 0.648 0.6157 0.6596 0.6802 0.6341 0.6641 0.6964 0.648 0.6572 0.7194 0.6641 0.6433
0.569 1.0 0.077 0.37 0.38 0.39 0.4 0.41 0.42 0.43 0.44 0.45 0.46 0.47 0.48 0.49 0.5 0.51 0.52 0.53 0.54 0.55 0.56 0.5138 0.4884 0.5253 0.5368 0.4999 0.5299 0.5576 0.5114 0.5253 0.5644 0.5161 0.5138 0.5851 0.5391 0.5183 0.5967 0.5552 0.5161 0.5921 0.569 0.5936 0.6468 0.6098 0.6004 0.6537 0.6236 0.6098 0.6607 0.6329 0.6143 0.656 0.6513 0.6306 0.6746 0.6814 0.6468 0.6676 0.7023 0.6607 0.6583 0.6341 0.6019 0.5811 0.6364 0.6203 0.5927 0.6388 0.648 0.6157 0.6596 0.6802 0.6341 0.6641 0.6964 0.648 0.6572 0.7194 0.6641 0.6433 0.7172
0.5782 1.0 0.161 0.38 0.39 0.4 0.41 0.42 0.43 0.44 0.45 0.46 0.47 0.48 0.49 0.5 0.51 0.52 0.53 0.54 0.55 0.56 0.57 0.4884 0.5253 0.5368 0.4999 0.5299 0.5576 0.5114 0.5253 0.5644 0.5161 0.5138 0.5851 0.5391 0.5183 0.5967 0.5552 0.5161 0.5921 0.569 0.5207 0.6468 0.6098 0.6004 0.6537 0.6236 0.6098 0.6607 0.6329 0.6143 0.656 0.6513 0.6306 0.6746 0.6814 0.6468 0.6676 0.7023 0.6607 0.6583 0.7139 0.6019 0.5811 0.6364 0.6203 0.5927 0.6388 0.648 0.6157 0.6596 0.6802 0.6341 0.6641 0.6964 0.648 0.6572 0.7194 0.6641 0.6433 0.7172 0.6733
0.5276 1.0 0.161 0.39 0.4 0.41 0.42 0.43 0.44 0.45 0.46 0.47 0.48 0.49 0.5 0.51 0.52 0.53 0.54 0.55 0.56 0.57 0.58 0.5253 0.5368 0.4999 0.5299 0.5576 0.5114 0.5253 0.5644 0.5161 0.5138 0.5851 0.5391 0.5183 0.5967 0.5552 0.5161 0.5921 0.569 0.5207 0.569 0.6098 0.6004 0.6537 0.6236 0.6098 0.6607 0.6329 0.6143 0.656 0.6513 0.6306 0.6746 0.6814 0.6468 0.6676 0.7023 0.6607 0.6583 0.7139 0.6652 0.5811 0.6364 0.6203 0.5927 0.6388 0.648 0.6157 0.6596 0.6802 0.6341 0.6641 0.6964 0.648 0.6572 0.7194 0.6641 0.6433 0.7172 0.6733 0.6319
0.5344 1.0 0.0307 0.4 0.41 0.42 0.43 0.44 0.45 0.46 0.47 0.48 0.49 0.5 0.51 0.52 0.53 0.54 0.55 0.56 0.57 0.58 0.59 0.5368 0.4999 0.5299 0.5576 0.5114 0.5253 0.5644 0.5161 0.5138 0.5851 0.5391 0.5183 0.5967 0.5552 0.5161 0.5921 0.569 0.5207 0.569 0.5782 0.6004 0.6537 0.6236 0.6098 0.6607 0.6329 0.6143 0.656 0.6513 0.6306 0.6746 0.6814 0.6468 0.6676 0.7023 0.6607 0.6583 0.7139 0.6652 0.6421 0.6364 0.6203 0.5927 0.6388 0.648 0.6157 0.6596 0.6802 0.6341 0.6641 0.6964 0.648 0.6572 0.7194 0.6641 0.6433 0.7172 0.6733 0.6319 0.6964
0.5782 1.0 0.1687 0.41 0.42 0.43 0.44 0.45 0.46 0.47 0.48 0.49 0.5 0.51 0.52 0.53 0.54 0.55 0.56 0.57 0.58 0.59 0.6 0.4999 0.5299 0.5576 0.5114 0.5253 0.5644 0.5161 0.5138 0.5851 0.5391 0.5183 0.5967 0.5552 0.5161 0.5921 0.569 0.5207 0.569 0.5782 0.5276 0.6537 0.6236 0.6098 0.6607 0.6329 0.6143 0.656 0.6513 0.6306 0.6746 0.6814 0.6468 0.6676 0.7023 0.6607 0.6583 0.7139 0.6652 0.6421 0.7092 0.6203 0.5927 0.6388 0.648 0.6157 0.6596 0.6802 0.6341 0.6641 0.6964 0.648 0.6572 0.7194 0.6641 0.6433 0.7172 0.6733 0.6319 0.6964 0.671
0.5299 1.0 0.0227 0.42 0.43 0.44 0.45 0.46 0.47 0.48 0.49 0.5 0.51 0.52 0.53 0.54 0.55 0.56 0.57 0.58 0.59 0.6 0.61 0.5299 0.5576 0.5114 0.5253 0.5644 0.5161 0.5138 0.5851 0.5391 0.5183 0.5967 0.5552 0.5161 0.5921 0.569 0.5207 0.569 0.5782 0.5276 0.5344 0.6236 0.6098 0.6607 0.6329 0.6143 0.656 0.6513 0.6306 0.6746 0.6814 0.6468 0.6676 0.7023 0.6607 0.6583 0.7139 0.6652 0.6421 0.7092 0.6699 0.5927 0.6388 0.648 0.6157 0.6596 0.6802 0.6341 0.6641 0.6964 0.648 0.6572 0.7194 0.6641 0.6433 0.7172 0.6733 0.6319 0.6964 0.671 0.6296
0.5069 1.0 0.146 0.43 0.44 0.45 0.46 0.47 0.48 0.49 0.5 0.51 0.52 0.53 0.54 0.55 0.56 0.57 0.58 0.59 0.6 0.61 0.62 0.5576 0.5114 0.5253 0.5644 0.5161 0.5138 0.5851 0.5391 0.5183 0.5967 0.5552 0.5161 0.5921 0.569 0.5207 0.569 0.5782 0.5276 0.5344 0.5782 0.6098 0.6607 0.6329 0.6143 0.656 0.6513 0.6306 0.6746 0.6814 0.6468 0.6676 0.7023 0.6607 0.6583 0.7139 0.6652 0.6421 0.7092 0.6699 0.6329 0.6388 0.648 0.6157 0.6596 0.6802 0.6341 0.6641 0.6964 0.648 0.6572 0.7194 0.6641 0.6433 0.7172 0.6733 0.6319 0.6964 0.671 0.6296 0.6618
0.5576 1.0 0.161 0.44 0.45 0.46 0.47 0.48 0.49 0.5 0.51 0.52 0.53 0.54 0.55 0.56 0.57 0.58 0.59 0.6 0.61 0.62 0.63 0.5114 0.5253 0.5644 0.5161 0.5138 0.5851 0.5391 0.5183 0.5967 0.5552 0.5161 0.5921 0.569 0.5207 0.569 0.5782 0.5276 0.5344 0.5782 0.5299 0.6607 0.6329 0.6143 0.656 0.6513 0.6306 0.6746 0.6814 0.6468 0.6676 0.7023 0.6607 0.6583 0.7139 0.6652 0.6421 0.7092 0.6699 0.6329 0.6861 0.648 0.6157 0.6596 0.6802 0.6341 0.6641 0.6964 0.648 0.6572 0.7194 0.6641 0.6433 0.7172 0.6733 0.6319 0.6964 0.671 0.6296 0.6618 0.6664
0.5276 1.0 0.0767 0.45 0.46 0.47 0.48 0.49 0.5 0.51 0.52 0.53 0.54 0.55 0.56 0.57 0.58 0.59 0.6 0.61 0.62 0.63 0.64 0.5253 0.5644 0.5161 0.5138 0.5851 0.5391 0.5183 0.5967 0.5552 0.5161 0.5921 0.569 0.5207 0.569 0.5782 0.5276 0.5344 0.5782 0.5299 0.5069 0.6329 0.6143 0.656 0.6513 0.6306 0.6746 0.6814 0.6468 0.6676 0.7023 0.6607 0.6583 0.7139 0.6652 0.6421 0.7092 0.6699 0.6329 0.6861 0.6722 0.6157 0.6596 0.6802 0.6341 0.6641 0.6964 0.648 0.6572 0.7194 0.6641 0.6433 0.7172 0.6733 0.6319 0.6964 0.671 0.6296 0.6618 0.6664 0.6272
0.493 1.0 0.169 0.46 0.47 0.48 0.49 0.5 0.51 0.52 0.53 0.54 0.55 0.56 0.57 0.58 0.59 0.6 0.61 0.62 0.63 0.64 0.65 0.5644 0.5161 0.5138 0.5851 0.5391 0.5183 0.5967 0.5552 0.5161 0.5921 0.569 0.5207 0.569 0.5782 0.5276 0.5344 0.5782 0.5299 0.5069 0.5576 0.6143 0.656 0.6513 0.6306 0.6746 0.6814 0.6468 0.6676 0.7023 0.6607 0.6583 0.7139 0.6652 0.6421 0.7092 0.6699 0.6329 0.6861 0.6722 0.6398 0.6596 0.6802 0.6341 0.6641 0.6964 0.648 0.6572 0.7194 0.6641 0.6433 0.7172 0.6733 0.6319 0.6964 0.671 0.6296 0.6618 0.6664 0.6272 0.6272
0.4608 1.0 0.1 0.47 0.48 0.49 0.5 0.51 0.52 0.53 0.54 0.55 0.56 0.57 0.58 0.59 0.6 0.61 0.62 0.63 0.64 0.65 0.66 0.5161 0.5138 0.5851 0.5391 0.5183 0.5967 0.5552 0.5161 0.5921 0.569 0.5207 0.569 0.5782 0.5276 0.5344 0.5782 0.5299 0.5069 0.5576 0.5276 0.656 0.6513 0.6306 0.6746 0.6814 0.6468 0.6676 0.7023 0.6607 0.6583 0.7139 0.6652 0.6421 0.7092 0.6699 0.6329 0.6861 0.6722 0.6398 0.656 0.6802 0.6341 0.6641 0.6964 0.648 0.6572 0.7194 0.6641 0.6433 0.7172 0.6733 0.6319 0.6964 0.671 0.6296 0.6618 0.6664 0.6272 0.6272 0.6572
0.4423 1.0 0.1153 0.48 0.49 0.5 0.51 0.52 0.53 0.54 0.55 0.56 0.57 0.58 0.59 0.6 0.61 0.62 0.63 0.64 0.65 0.66 0.67 0.5138 0.5851 0.5391 0.5183 0.5967 0.5552 0.5161 0.5921 0.569 0.5207 0.569 0.5782 0.5276 0.5344 0.5782 0.5299 0.5069 0.5576 0.5276 0.493 0.6513 0.6306 0.6746 0.6814 0.6468 0.6676 0.7023 0.6607 0.6583 0.7139 0.6652 0.6421 0.7092 0.6699 0.6329 0.6861 0.6722 0.6398 0.656 0.6791 0.6341 0.6641 0.6964 0.648 0.6572 0.7194 0.6641 0.6433 0.7172 0.6733 0.6319 0.6964 0.671 0.6296 0.6618 0.6664 0.6272 0.6272 0.6572 0.6272
