0.069 0.2861 1.0 0.5464 0.551 0.5119 0.498 0.5418 0.5072 0.4797 0.5396 0.5119 0.4773 0.4589 0.4404 0.4174 0.3944 0.3829 0.3644 0.3414 0.3346 0.3207 0.3 0.6722 0.6444 0.6953 0.6722 0.6374 0.6769 0.6814 0.6444 0.663 0.6884 0.6491 0.6143 0.5912 0.5703 0.5449 0.5264 0.5148 0.4893 0.4732 0.4662 0.6272 0.671 0.6618 0.6272 0.6549 0.6526 0.6249 0.6157 0.6411 0.6226 0.5972 0.5811 0.5696 0.5488 0.528 0.5211 0.5003 0.4796 0.475 0.4589
0.0233 0.2654 1.0 0.551 0.5119 0.498 0.5418 0.5072 0.4797 0.5396 0.5119 0.4773 0.4589 0.4404 0.4174 0.3944 0.3829 0.3644 0.3414 0.3346 0.3207 0.3 0.293 0.6444 0.6953 0.6722 0.6374 0.6769 0.6814 0.6444 0.663 0.6884 0.6491 0.6143 0.5912 0.5703 0.5449 0.5264 0.5148 0.4893 0.4732 0.4662 0.4454 0.671 0.6618 0.6272 0.6549 0.6526 0.6249 0.6157 0.6411 0.6226 0.5972 0.5811 0.5696 0.5488 0.528 0.5211 0.5003 0.4796 0.475 0.4589 0.4381
0.023 0.2584 1.0 0.5119 0.498 0.5418 0.5072 0.4797 0.5396 0.5119 0.4773 0.4589 0.4404 0.4174 0.3944 0.3829 0.3644 0.3414 0.3346 0.3207 0.3 0.293 0.2861 0.6953 0.6722 0.6374 0.6769 0.6814 0.6444 0.663 0.6884 0.6491 0.6143 0.5912 0.5703 0.5449 0.5264 0.5148 0.4893 0.4732 0.4662 0.4454 0.4292 0.6618 0.6272 0.6549 0.6526 0.6249 0.6157 0.6411 0.6226 0.5972 0.5811 0.5696 0.5488 0.528 0.5211 0.5003 0.4796 0.475 0.4589 0.4381 0.4358
0.069 0.2562 1.0 0.498 0.5418 0.5072 0.4797 0.5396 0.5119 0.4773 0.4589 0.4404 0.4174 0.3944 0.3829 0.3644 0.3414 0.3346 0.3207 0.3 0.293 0.2861 0.2654 0.6722 0.6374 0.6769 0.6814 0.6444 0.663 0.6884 0.6491 0.6143 0.5912 0.5703 0.5449 0.5264 0.5148 0.4893 0.4732 0.4662 0.4454 0.4292 0.4269 0.6272 0.6549 0.6526 0.6249 0.6157 0.6411 0.6226 0.5972 0.5811 0.5696 0.5488 0.528 0.5211 0.5003 0.4796 0.475 0.4589 0.4381 0.4358 0.4242
0.0233 0.2378 1.0 0.5418 0.5072 0.4797 0.5396 0.5119 0.4773 0.4589 0.4404 0.4174 0.3944 0.3829 0.3644 0.3414 0.3346 0.3207 0.3 0.293 0.2861 0.2654 0.2584 0.6374 0.6769 0.6814 0.6444 0.663 0.6884 0.6491 0.6143 0.5912 0.5703 0.5449 0.5264 0.5148 0.4893 0.4732 0.4662 0.4454 0.4292 0.4269 0.4107 0.6549 0.6526 0.6249 0.6157 0.6411 0.6226 0.5972 0.5811 0.5696 0.5488 0.528 0.5211 0.5003 0.4796 0.475 0.4589 0.4381 0.4358 0.4242 0.4034
0.0073 0.2262 1.0 0.5072 0.4797 0.5396 0.5119 0.4773 0.4589 0.4404 0.4174 0.3944 0.3829 0.3644 0.3414 0.3346 0.3207 0.3 0.293 0.2861 0.2654 0.2584 0.2562 0.6769 0.6814 0.6444 0.663 0.6884 0.6491 0.6143 0.5912 0.5703 0.5449 0.5264 0.5148 0.4893 0.4732 0.4662 0.4454 0.4292 0.4269 0.4107 0.3944 0.6526 0.6249 0.6157 0.6411 0.6226 0.5972 0.5811 0.5696 0.5488 0.528 0.5211 0.5003 0.4796 0.475 0.4589 0.4381 0.4358 0.4242 0.4034 0.4012
0.0613 0.2286 1.0 0.4797 0.5396 0.5119 0.4773 0.4589 0.4404 0.4174 0.3944 0.3829 0.3644 0.3414 0.3346 0.3207 0.3 0.293 0.2861 0.2654 0.2584 0.2562 0.2378 0.6814 0.6444 0.663 0.6884 0.6491 0.6143 0.5912 0.5703 0.5449 0.5264 0.5148 0.4893 0.4732 0.4662 0.4454 0.4292 0.4269 0.4107 0.3944 0.3899 0.6249 0.6157 0.6411 0.6226 0.5972 0.5811 0.5696 0.5488 0.528 0.5211 0.5003 0.4796 0.475 0.4589 0.4381 0.4358 0.4242 0.4034 0.4012 0.3966
0.0387 0.2124 1.0 0.5396 0.5119 0.4773 0.4589 0.4404 0.4174 0.3944 0.3829 0.3644 0.3414 0.3346 0.3207 0.3 0.293 0.2861 0.2654 0.2584 0.2562 0.2378 0.2262 0.6444 0.663 0.6884 0.6491 0.6143 0.5912 0.5703 0.5449 0.5264 0.5148 0.4893 0.4732 0.4662 0.4454 0.4292 0.4269 0.4107 0.3944 0.3899 0.3806 0.6157 0.6411 0.6226 0.5972 0.5811 0.5696 0.5488 0.528 0.5211 0.5003 0.4796 0.475 0.4589 0.4381 0.4358 0.4242 0.4034 0.4012 0.3966 0.3781
0.008 0.2009 1.0 0.5119 0.4773 0.4589 0.4404 0.4174 0.3944 0.3829 0.3644 0.3414 0.3346 0.3207 0.3 0.293 0.2861 0.2654 0.2584 0.2562 0.2378 0.2262 0.2286 0.663 0.6884 0.6491 0.6143 0.5912 0.5703 0.5449 0.5264 0.5148 0.4893 0.4732 0.4662 0.4454 0.4292 0.4269 0.4107 0.3944 0.3899 0.3806 0.3667 0.6411 0.6226 0.5972 0.5811 0.5696 0.5488 0.528 0.5211 0.5003 0.4796 0.475 0.4589 0.4381 0.4358 0.4242 0.4034 0.4012 0.3966 0.3781 0.3734
0.054 0.2009 1.0 0.4773 0.4589 0.4404 0.4174 0.3944 0.3829 0.3644 0.3414 0.3346 0.3207 0.3 0.293 0.2861 0.2654 0.2584 0.2562 0.2378 0.2262 0.2286 0.2124 0.6884 0.6491 0.6143 0.5912 0.5703 0.5449 0.5264 0.5148 0.4893 0.4732 0.4662 0.4454 0.4292 0.4269 0.4107 0.3944 0.3899 0.3806 0.3667 0.3598 0.6226 0.5972 0.5811 0.5696 0.5488 0.528 0.5211 0.5003 0.4796 0.475 0.4589 0.4381 0.4358 0.4242 0.4034 0.4012 0.3966 0.3781 0.3734 0.3666
0.0383 0.1871 1.0 0.4589 0.4404 0.4174 0.3944 0.3829 0.3644 0.3414 0.3346 0.3207 0.3 0.293 0.2861 0.2654 0.2584 0.2562 0.2378 0.2262 0.2286 0.2124 0.2009 0.6491 0.6143 0.5912 0.5703 0.5449 0.5264 0.5148 0.4893 0.4732 0.4662 0.4454 0.4292 0.4269 0.4107 0.3944 0.3899 0.3806 0.3667 0.3598 0.3528 0.5972 0.5811 0.5696 0.5488 0.528 0.5211 0.5003 0.4796 0.475 0.4589 0.4381 0.4358 0.4242 0.4034 0.4012 0.3966 0.3781 0.3734 0.3666 0.3504
0.0 0.1732 1.0 0.4404 0.4174 0.3944 0.3829 0.3644 0.3414 0.3346 0.3207 0.3 0.293 0.2861 0.2654 0.2584 0.2562 0.2378 0.2262 0.2286 0.2124 0.2009 0.2009 0.6143 0.5912 0.5703 0.5449 0.5264 0.5148 0.4893 0.4732 0.4662 0.4454 0.4292 0.4269 0.4107 0.3944 0.3899 0.3806 0.3667 0.3598 0.3528 0.3389 0.5811 0.5696 0.5488 0.528 0.5211 0.5003 0.4796 0.475 0.4589 0.4381 0.4358 0.4242 0.4034 0.4012 0.3966 0.3781 0.3734 0.3666 0.3504 0.3436
0.046 0.1687 1.0 0.4174 0.3944 0.3829 0.3644 0.3414 0.3346 0.3207 0.3 0.293 0.2861 0.2654 0.2584 0.2562 0.2378 0.2262 0.2286 0.2124 0.2009 0.2009 0.1871 0.5912 0.5703 0.5449 0.5264 0.5148 0.4893 0.4732 0.4662 0.4454 0.4292 0.4269 0.4107 0.3944 0.3899 0.3806 0.3667 0.3598 0.3528 0.3389 0.3297 0.5696 0.5488 0.528 0.5211 0.5003 0.4796 0.475 0.4589 0.4381 0.4358 0.4242 0.4034 0.4012 0.3966 0.3781 0.3734 0.3666 0.3504 0.3436 0.3389
0.0463 0.1571 1.0 0.3944 0.3829 0.3644 0.3414 0.3346 0.3207 0.3 0.293 0.2861 0.2654 0.2584 0.2562 0.2378 0.2262 0.2286 0.2124 0.2009 0.2009 0.1871 0.1732 0.5703 0.5449 0.5264 0.5148 0.4893 0.4732 0.4662 0.4454 0.4292 0.4269 0.4107 0.3944 0.3899 0.3806 0.3667 0.3598 0.3528 0.3389 0.3297 0.325 0.5488 0.528 0.5211 0.5003 0.4796 0.475 0.4589 0.4381 0.4358 0.4242 0.4034 0.4012 0.3966 0.3781 0.3734 0.3666 0.3504 0.3436 0.3389 0.325
0.015 0.1479 1.0 0.3829 0.3644 0.3414 0.3346 0.3207 0.3 0.293 0.2861 0.2654 0.2584 0.2562 0.2378 0.2262 0.2286 0.2124 0.2009 0.2009 0.1871 0.1732 0.1687 0.5449 0.5264 0.5148 0.4893 0.4732 0.4662 0.4454 0.4292 0.4269 0.4107 0.3944 0.3899 0.3806 0.3667 0.3598 0.3528 0.3389 0.3297 0.325 0.3111 0.528 0.5211 0.5003 0.4796 0.475 0.4589 0.4381 0.4358 0.4242 0.4034 0.4012 0.3966 0.3781 0.3734 0.3666 0.3504 0.3436 0.3389 0.325 0.3158
0.0387 0.141 1.0 0.3644 0.3414 0.3346 0.3207 0.3 0.293 0.2861 0.2654 0.2584 0.2562 0.2378 0.2262 0.2286 0.2124 0.2009 0.2009 0.1871 0.1732 0.1687 0.1571 0.5264 0.5148 0.4893 0.4732 0.4662 0.4454 0.4292 0.4269 0.4107 0.3944 0.3899 0.3806 0.3667 0.3598 0.3528 0.3389 0.3297 0.325 0.3111 0.3042 0.5211 0.5003 0.4796 0.475 0.4589 0.4381 0.4358 0.4242 0.4034 0.4012 0.3966 0.3781 0.3734 0.3666 0.3504 0.3436 0.3389 0.325 0.3158 0.3089
0.0307 0.1318 1.0 0.3414 0.3346 0.3207 0.3 0.293 0.2861 0.2654 0.2584 0.2562 0.2378 0.2262 0.2286 0.2124 0.2009 0.2009 0.1871 0.1732 0.1687 0.1571 0.1479 0.5148 0.4893 0.4732 0.4662 0.4454 0.4292 0.4269 0.4107 0.3944 0.3899 0.3806 0.3667 0.3598 0.3528 0.3389 0.3297 0.325 0.3111 0.3042 0.295 0.5003 0.4796 0.475 0.4589 0.4381 0.4358 0.4242 0.4034 0.4012 0.3966 0.3781 0.3734 0.3666 0.3504 0.3436 0.3389 0.325 0.3158 0.3089 0.2973
0.023 0.1249 1.0 0.3346 0.3207 0.3 0.293 0.2861 0.2654 0.2584 0.2562 0.2378 0.2262 0.2286 0.2124 0.2009 0.2009 0.1871 0.1732 0.1687 0.1571 0.1479 0.141 0.4893 0.4732 0.4662 0.4454 0.4292 0.4269 0.4107 0.3944 0.3899 0.3806 0.3667 0.3598 0.3528 0.3389 0.3297 0.325 0.3111 0.3042 0.295 0.2857 0.4796 0.475 0.4589 0.4381 0.4358 0.4242 0.4034 0.4012 0.3966 0.3781 0.3734 0.3666 0.3504 0.3436 0.3389 0.325 0.3158 0.3089 0.2973 0.2881
0.0307 0.1157 1.0 0.3207 0.3 0.293 0.2861 0.2654 0.2584 0.2562 0.2378 0.2262 0.2286 0.2124 0.2009 0.2009 0.1871 0.1732 0.1687 0.1571 0.1479 0.141 0.1318 0.4732 0.4662 0.4454 0.4292 0.4269 0.4107 0.3944 0.3899 0.3806 0.3667 0.3598 0.3528 0.3389 0.3297 0.325 0.3111 0.3042 0.295 0.2857 0.2788 0.475 0.4589 0.4381 0.4358 0.4242 0.4034 0.4012 0.3966 0.3781 0.3734 0.3666 0.3504 0.3436 0.3389 0.325 0.3158 0.3089 0.2973 0.2881 0.2836
0.023 0.1111 1.0 0.3 0.293 0.2861 0.2654 0.2584 0.2562 0.2378 0.2262 0.2286 0.2124 0.2009 0.2009 0.1871 0.1732 0.1687 0.1571 0.1479 0.141 0.1318 0.1249 0.4662 0.4454 0.4292 0.4269 0.4107 0.3944 0.3899 0.3806 0.3667 0.3598 0.3528 0.3389 0.3297 0.325 0.3111 0.3042 0.295 0.2857 0.2788 0.2694 0.4589 0.4381 0.4358 0.4242 0.4034 0.4012 0.3966 0.3781 0.3734 0.3666 0.3504 0.3436 0.3389 0.325 0.3158 0.3089 0.2973 0.2881 0.2836 0.2743
0.0307 0.1549 1.0 0.293 0.2861 0.2654 0.2584 0.2562 0.2378 0.2262 0.2286 0.2124 0.2009 0.2009 0.1871 0.1732 0.1687 0.1571 0.1479 0.141 0.1318 0.1249 0.1157 0.4454 0.4292 0.4269 0.4107 0.3944 0.3899 0.3806 0.3667 0.3598 0.3528 0.3389 0.3297 0.325 0.3111 0.3042 0.295 0.2857 0.2788 0.2694 0.2626 0.4381 0.4358 0.4242 0.4034 0.4012 0.3966 0.3781 0.3734 0.3666 0.3504 0.3436 0.3389 0.325 0.3158 0.3089 0.2973 0.2881 0.2836 0.2743 0.2651
0.0153 0.2193 1.0 0.2861 0.2654 0.2584 0.2562 0.2378 0.2262 0.2286 0.2124 0.2009 0.2009 0.1871 0.1732 0.1687 0.1571 0.1479 0.141 0.1318 0.1249 0.1157 0.1111 0.4292 0.4269 0.4107 0.3944 0.3899 0.3806 0.3667 0.3598 0.3528 0.3389 0.3297 0.325 0.3111 0.3042 0.295 0.2857 0.2788 0.2694 0.2626 0.3089 0.4358 0.4242 0.4034 0.4012 0.3966 0.3781 0.3734 0.3666 0.3504 0.3436 0.3389 0.325 0.3158 0.3089 0.2973 0.2881 0.2836 0.2743 0.2651 0.272
0.146 0.1917 1.0 0.2654 0.2584 0.2562 0.2378 0.2262 0.2286 0.2124 0.2009 0.2009 0.1871 0.1732 0.1687 0.1571 0.1479 0.141 0.1318 0.1249 0.1157 0.1111 0.1549 0.4269 0.4107 0.3944 0.3899 0.3806 0.3667 0.3598 0.3528 0.3389 0.3297 0.325 0.3111 0.3042 0.295 0.2857 0.2788 0.2694 0.2626 0.3089 0.3019 0.4242 0.4034 0.4012 0.3966 0.3781 0.3734 0.3666 0.3504 0.3436 0.3389 0.325 0.3158 0.3089 0.2973 0.2881 0.2836 0.2743 0.2651 0.272 0.2673
0.2147 0.1986 1.0 0.2584 0.2562 0.2378 0.2262 0.2286 0.2124 0.2009 0.2009 0.1871 0.1732 0.1687 0.1571 0.1479 0.141 0.1318 0.1249 0.1157 0.1111 0.1549 0.2193 0.4107 0.3944 0.3899 0.3806 0.3667 0.3598 0.3528 0.3389 0.3297 0.325 0.3111 0.3042 0.295 0.2857 0.2788 0.2694 0.2626 0.3089 0.3019 0.288 0.4034 0.4012 0.3966 0.3781 0.3734 0.3666 0.3504 0.3436 0.3389 0.325 0.3158 0.3089 0.2973 0.2881 0.2836 0.2743 0.2651 0.272 0.2673 0.3342
0.092 0.2816 1.0 0.2562 0.2378 0.2262 0.2286 0.2124 0.2009 0.2009 0.1871 0.1732 0.1687 0.1571 0.1479 0.141 0.1318 0.1249 0.1157 0.1111 0.1549 0.2193 0.1917 0.3944 0.3899 0.3806 0.3667 0.3598 0.3528 0.3389 0.3297 0.325 0.3111 0.3042 0.295 0.2857 0.2788 0.2694 0.2626 0.3089 0.3019 0.288 0.3574 0.4012 0.3966 0.3781 0.3734 0.3666 0.3504 0.3436 0.3389 0.325 0.3158 0.3089 0.2973 0.2881 0.2836 0.2743 0.2651 0.272 0.2673 0.3342 0.362
0.023 0.2493 1.0 0.2378 0.2262 0.2286 0.2124 0.2009 0.2009 0.1871 0.1732 0.1687 0.1571 0.1479 0.141 0.1318 0.1249 0.1157 0.1111 0.1549 0.2193 0.1917 0.1986 0.3899 0.3806 0.3667 0.3598 0.3528 0.3389 0.3297 0.325 0.3111 0.3042 0.295 0.2857 0.2788 0.2694 0.2626 0.3089 0.3019 0.288 0.3574 0.3528 0.3966 0.3781 0.3734 0.3666 0.3504 0.3436 0.3389 0.325 0.3158 0.3089 0.2973 0.2881 0.2836 0.2743 0.2651 0.272 0.2673 0.3342 0.362 0.332
0.2767 0.2286 1.0 0.2262 0.2286 0.2124 0.2009 0.2009 0.1871 0.1732 0.1687 0.1571 0.1479 0.141 0.1318 0.1249 0.1157 0.1111 0.1549 0.2193 0.1917 0.1986 0.2816 0.3806 0.3667 0.3598 0.3528 0.3389 0.3297 0.325 0.3111 0.3042 0.295 0.2857 0.2788 0.2694 0.2626 0.3089 0.3019 0.288 0.3574 0.3528 0.3297 0.3781 0.3734 0.3666 0.3504 0.3436 0.3389 0.325 0.3158 0.3089 0.2973 0.2881 0.2836 0.2743 0.2651 0.272 0.2673 0.3342 0.362 0.332 0.3689
0.1077 0.3183 1.0 0.2286 0.2124 0.2009 0.2009 0.1871 0.1732 0.1687 0.1571 0.1479 0.141 0.1318 0.1249 0.1157 0.1111 0.1549 0.2193 0.1917 0.1986 0.2816 0.2493 0.3667 0.3598 0.3528 0.3389 0.3297 0.325 0.3111 0.3042 0.295 0.2857 0.2788 0.2694 0.2626 0.3089 0.3019 0.288 0.3574 0.3528 0.3297 0.3852 0.3734 0.3666 0.3504 0.3436 0.3389 0.325 0.3158 0.3089 0.2973 0.2881 0.2836 0.2743 0.2651 0.272 0.2673 0.3342 0.362 0.332 0.3689 0.4173
0.069 0.2953 1.0 0.2124 0.2009 0.2009 0.1871 0.1732 0.1687 0.1571 0.1479 0.141 0.1318 0.1249 0.1157 0.1111 0.1549 0.2193 0.1917 0.1986 0.2816 0.2493 0.2286 0.3598 0.3528 0.3389 0.3297 0.325 0.3111 0.3042 0.295 0.2857 0.2788 0.2694 0.2626 0.3089 0.3019 0.288 0.3574 0.3528 0.3297 0.3852 0.4014 0.3666 0.3504 0.3436 0.3389 0.325 0.3158 0.3089 0.2973 0.2881 0.2836 0.2743 0.2651 0.272 0.2673 0.3342 0.362 0.332 0.3689 0.4173 0.3758
0.299 0.2608 1.0 0.2009 0.2009 0.1871 0.1732 0.1687 0.1571 0.1479 0.141 0.1318 0.1249 0.1157 0.1111 0.1549 0.2193 0.1917 0.1986 0.2816 0.2493 0.2286 0.3183 0.3528 0.3389 0.3297 0.325 0.3111 0.3042 0.295 0.2857 0.2788 0.2694 0.2626 0.3089 0.3019 0.288 0.3574 0.3528 0.3297 0.3852 0.4014 0.3713 0.3504 0.3436 0.3389 0.325 0.3158 0.3089 0.2973 0.2881 0.2836 0.2743 0.2651 0.272 0.2673 0.3342 0.362 0.332 0.3689 0.4173 0.3758 0.3758
0.0767 0.3276 1.0 0.2009 0.1871 0.1732 0.1687 0.1571 0.1479 0.141 0.1318 0.1249 0.1157 0.1111 0.1549 0.2193 0.1917 0.1986 0.2816 0.2493 0.2286 0.3183 0.2953 0.3389 0.3297 0.325 0.3111 0.3042 0.295 0.2857 0.2788 0.2694 0.2626 0.3089 0.3019 0.288 0.3574 0.3528 0.3297 0.3852 0.4014 0.3713 0.3921 0.3436 0.3389 0.325 0.3158 0.3089 0.2973 0.2881 0.2836 0.2743 0.2651 0.272 0.2673 0.3342 0.362 0.332 0.3689 0.4173 0.3758 0.3758 0.4496
0.115 0.3299 1.0 0.1871 0.1732 0.1687 0.1571 0.1479 0.141 0.1318 0.1249 0.1157 0.1111 0.1549 0.2193 0.1917 0.1986 0.2816 0.2493 0.2286 0.3183 0.2953 0.2608 0.3297 0.325 0.3111 0.3042 0.295 0.2857 0.2788 0.2694 0.2626 0.3089 0.3019 0.288 0.3574 0.3528 0.3297 0.3852 0.4014 0.3713 0.3921 0.4454 0.3389 0.325 0.3158 0.3089 0.2973 0.2881 0.2836 0.2743 0.2651 0.272 0.2673 0.3342 0.362 0.332 0.3689 0.4173 0.3758 0.3758 0.4496 0.4081
0.2227 0.2908 1.0 0.1732 0.1687 0.1571 0.1479 0.141 0.1318 0.1249 0.1157 0.1111 0.1549 0.2193 0.1917 0.1986 0.2816 0.2493 0.2286 0.3183 0.2953 0.2608 0.3276 0.325 0.3111 0.3042 0.295 0.2857 0.2788 0.2694 0.2626 0.3089 0.3019 0.288 0.3574 0.3528 0.3297 0.3852 0.4014 0.3713 0.3921 0.4454 0.406 0.325 0.3158 0.3089 0.2973 0.2881 0.2836 0.2743 0.2651 0.272 0.2673 0.3342 0.362 0.332 0.3689 0.4173 0.3758 0.3758 0.4496 0.4081 0.3827
0.0077 0.3207 1.0 0.1687 0.1571 0.1479 0.141 0.1318 0.1249 0.1157 0.1111 0.1549 0.2193 0.1917 0.1986 0.2816 0.2493 0.2286 0.3183 0.2953 0.2608 0.3276 0.3299 0.3111 0.3042 0.295 0.2857 0.2788 0.2694 0.2626 0.3089 0.3019 0.288 0.3574 0.3528 0.3297 0.3852 0.4014 0.3713 0.3921 0.4454 0.406 0.3991 0.3158 0.3089 0.2973 0.2881 0.2836 0.2743 0.2651 0.272 0.2673 0.3342 0.362 0.332 0.3689 0.4173 0.3758 0.3758 0.4496 0.4081 0.3827 0.4611
0.1303 0.3576 1.0 0.1571 0.1479 0.141 0.1318 0.1249 0.1157 0.1111 0.1549 0.2193 0.1917 0.1986 0.2816 0.2493 0.2286 0.3183 0.2953 0.2608 0.3276 0.3299 0.2908 0.3042 0.295 0.2857 0.2788 0.2694 0.2626 0.3089 0.3019 0.288 0.3574 0.3528 0.3297 0.3852 0.4014 0.3713 0.3921 0.4454 0.406 0.3991 0.4732 0.3089 0.2973 0.2881 0.2836 0.2743 0.2651 0.272 0.2673 0.3342 0.362 0.332 0.3689 0.4173 0.3758 0.3758 0.4496 0.4081 0.3827 0.4611 0.4381
0.0997 0.3183 1.0 0.1479 0.141 0.1318 0.1249 0.1157 0.1111 0.1549 0.2193 0.1917 0.1986 0.2816 0.2493 0.2286 0.3183 0.2953 0.2608 0.3276 0.3299 0.2908 0.3207 0.295 0.2857 0.2788 0.2694 0.2626 0.3089 0.3019 0.288 0.3574 0.3528 0.3297 0.3852 0.4014 0.3713 0.3921 0.4454 0.406 0.3991 0.4732 0.4431 0.2973 0.2881 0.2836 0.2743 0.2651 0.272 0.2673 0.3342 0.362 0.332 0.3689 0.4173 0.3758 0.3758 0.4496 0.4081 0.3827 0.4611 0.4381 0.4081
0.123 0.3092 1.0 0.141 0.1318 0.1249 0.1157 0.1111 0.1549 0.2193 0.1917 0.1986 0.2816 0.2493 0.2286 0.3183 0.2953 0.2608 0.3276 0.3299 0.2908 0.3207 0.3576 0.2857 0.2788 0.2694 0.2626 0.3089 0.3019 0.288 0.3574 0.3528 0.3297 0.3852 0.4014 0.3713 0.3921 0.4454 0.406 0.3991 0.4732 0.4431 0.4199 0.2881 0.2836 0.2743 0.2651 0.272 0.2673 0.3342 0.362 0.332 0.3689 0.4173 0.3758 0.3758 0.4496 0.4081 0.3827 0.4611 0.4381 0.4081 0.4496
0.131 0.3713 1.0 0.1318 0.1249 0.1157 0.1111 0.1549 0.2193 0.1917 0.1986 0.2816 0.2493 0.2286 0.3183 0.2953 0.2608 0.3276 0.3299 0.2908 0.3207 0.3576 0.3183 0.2788 0.2694 0.2626 0.3089 0.3019 0.288 0.3574 0.3528 0.3297 0.3852 0.4014 0.3713 0.3921 0.4454 0.406 0.3991 0.4732 0.4431 0.4199 0.4778 0.2836 0.2743 0.2651 0.272 0.2673 0.3342 0.362 0.332 0.3689 0.4173 0.3758 0.3758 0.4496 0.4081 0.3827 0.4611 0.4381 0.4081 0.4496 0.4681
0.0303 0.3414 1.0 0.1249 0.1157 0.1111 0.1549 0.2193 0.1917 0.1986 0.2816 0.2493 0.2286 0.3183 0.2953 0.2608 0.3276 0.3299 0.2908 0.3207 0.3576 0.3183 0.3092 0.2694 0.2626 0.3089 0.3019 0.288 0.3574 0.3528 0.3297 0.3852 0.4014 0.3713 0.3921 0.4454 0.406 0.3991 0.4732 0.4431 0.4199 0.4778 0.4848 0.2743 0.2651 0.272 0.2673 0.3342 0.362 0.332 0.3689 0.4173 0.3758 0.3758 0.4496 0.4081 0.3827 0.4611 0.4381 0.4081 0.4496 0.4681 0.4381
0.207 0.3253 1.0 0.1157 0.1111 0.1549 0.2193 0.1917 0.1986 0.2816 0.2493 0.2286 0.3183 0.2953 0.2608 0.3276 0.3299 0.2908 0.3207 0.3576 0.3183 0.3092 0.3713 0.2626 0.3089 0.3019 0.288 0.3574 0.3528 0.3297 0.3852 0.4014 0.3713 0.3921 0.4454 0.406 0.3991 0.4732 0.4431 0.4199 0.4778 0.4848 0.4547 0.2651 0.272 0.2673 0.3342 0.362 0.332 0.3689 0.4173 0.3758 0.3758 0.4496 0.4081 0.3827 0.4611 0.4381 0.4081 0.4496 0.4681 0.4381 0.4403
0.0997 0.3644 1.0 0.1111 0.1549 0.2193 0.1917 0.1986 0.2816 0.2493 0.2286 0.3183 0.2953 0.2608 0.3276 0.3299 0.2908 0.3207 0.3576 0.3183 0.3092 0.3713 0.3414 0.3089 0.3019 0.288 0.3574 0.3528 0.3297 0.3852 0.4014 0.3713 0.3921 0.4454 0.406 0.3991 0.4732 0.4431 0.4199 0.4778 0.4848 0.4547 0.4801 0.272 0.2673 0.3342 0.362 0.332 0.3689 0.4173 0.3758 0.3758 0.4496 0.4081 0.3827 0.4611 0.4381 0.4081 0.4496 0.4681 0.4381 0.4403 0.4934
0.0537 0.3874 1.0 0.1549 0.2193 0.1917 0.1986 0.2816 0.2493 0.2286 0.3183 0.2953 0.2608 0.3276 0.3299 0.2908 0.3207 0.3576 0.3183 0.3092 0.3713 0.3414 0.3253 0.3019 0.288 0.3574 0.3528 0.3297 0.3852 0.4014 0.3713 0.3921 0.4454 0.406 0.3991 0.4732 0.4431 0.4199 0.4778 0.4848 0.4547 0.4801 0.5194 0.2673 0.3342 0.362 0.332 0.3689 0.4173 0.3758 0.3758 0.4496 0.4081 0.3827 0.4611 0.4381 0.4081 0.4496 0.4681 0.4381 0.4403 0.4934 0.4658
0.1303 0.3644 1.0 0.2193 0.1917 0.1986 0.2816 0.2493 0.2286 0.3183 0.2953 0.2608 0.3276 0.3299 0.2908 0.3207 0.3576 0.3183 0.3092 0.3713 0.3414 0.3253 0.3644 0.288 0.3574 0.3528 0.3297 0.3852 0.4014 0.3713 0.3921 0.4454 0.406 0.3991 0.4732 0.4431 0.4199 0.4778 0.4848 0.4547 0.4801 0.5194 0.4963 0.3342 0.362 0.332 0.3689 0.4173 0.3758 0.3758 0.4496 0.4081 0.3827 0.4611 0.4381 0.4081 0.4496 0.4681 0.4381 0.4403 0.4934 0.4658 0.4658
0.0767 0.376 1.0 0.1917 0.1986 0.2816 0.2493 0.2286 0.3183 0.2953 0.2608 0.3276 0.3299 0.2908 0.3207 0.3576 0.3183 0.3092 0.3713 0.3414 0.3253 0.3644 0.3874 0.3574 0.3528 0.3297 0.3852 0.4014 0.3713 0.3921 0.4454 0.406 0.3991 0.4732 0.4431 0.4199 0.4778 0.4848 0.4547 0.4801 0.5194 0.4963 0.4963 0.362 0.332 0.3689 0.4173 0.3758 0.3758 0.4496 0.4081 0.3827 0.4611 0.4381 0.4081 0.4496 0.4681 0.4381 0.4403 0.4934 0.4658 0.4658 0.4958
0.0767 0.4267 1.0 0.1986 0.2816 0.2493 0.2286 0.3183 0.2953 0.2608 0.3276 0.3299 0.2908 0.3207 0.3576 0.3183 0.3092 0.3713 0.3414 0.3253 0.3644 0.3874 0.3644 0.3528 0.3297 0.3852 0.4014 0.3713 0.3921 0.4454 0.406 0.3991 0.4732 0.4431 0.4199 0.4778 0.4848 0.4547 0.4801 0.5194 0.4963 0.4963 0.5472 0.332 0.3689 0.4173 0.3758 0.3758 0.4496 0.4081 0.3827 0.4611 0.4381 0.4081 0.4496 0.4681 0.4381 0.4403 0.4934 0.4658 0.4658 0.4958 0.5211
0.0387 0.4267 1.0 0.2816 0.2493 0.2286 0.3183 0.2953 0.2608 0.3276 0.3299 0.2908 0.3207 0.3576 0.3183 0.3092 0.3713 0.3414 0.3253 0.3644 0.3874 0.3644 0.376 0.3297 0.3852 0.4014 0.3713 0.3921 0.4454 0.406 0.3991 0.4732 0.4431 0.4199 0.4778 0.4848 0.4547 0.4801 0.5194 0.4963 0.4963 0.5472 0.5519 0.3689 0.4173 0.3758 0.3758 0.4496 0.4081 0.3827 0.4611 0.4381 0.4081 0.4496 0.4681 0.4381 0.4403 0.4934 0.4658 0.4658 0.4958 0.5211 0.5072
0.169 0.422 1.0 0.2493 0.2286 0.3183 0.2953 0.2608 0.3276 0.3299 0.2908 0.3207 0.3576 0.3183 0.3092 0.3713 0.3414 0.3253 0.3644 0.3874 0.3644 0.376 0.4267 0.3852 0.4014 0.3713 0.3921 0.4454 0.406 0.3991 0.4732 0.4431 0.4199 0.4778 0.4848 0.4547 0.4801 0.5194 0.4963 0.4963 0.5472 0.5519 0.5357 0.4173 0.3758 0.3758 0.4496 0.4081 0.3827 0.4611 0.4381 0.4081 0.4496 0.4681 0.4381 0.4403 0.4934 0.4658 0.4658 0.4958 0.5211 0.5072 0.5258
0.0 0.4681 1.0 0.2286 0.3183 0.2953 0.2608 0.3276 0.3299 0.2908 0.3207 0.3576 0.3183 0.3092 0.3713 0.3414 0.3253 0.3644 0.3874 0.3644 0.376 0.4267 0.4267 0.4014 0.3713 0.3921 0.4454 0.406 0.3991 0.4732 0.4431 0.4199 0.4778 0.4848 0.4547 0.4801 0.5194 0.4963 0.4963 0.5472 0.5519 0.5357 0.5542 0.3758 0.3758 0.4496 0.4081 0.3827 0.4611 0.4381 0.4081 0.4496 0.4681 0.4381 0.4403 0.4934 0.4658 0.4658 0.4958 0.5211 0.5072 0.5258 0.5788
0.0157 0.4866 1.0 0.3183 0.2953 0.2608 0.3276 0.3299 0.2908 0.3207 0.3576 0.3183 0.3092 0.3713 0.3414 0.3253 0.3644 0.3874 0.3644 0.376 0.4267 0.4267 0.422 0.3713 0.3921 0.4454 0.406 0.3991 0.4732 0.4431 0.4199 0.4778 0.4848 0.4547 0.4801 0.5194 0.4963 0.4963 0.5472 0.5519 0.5357 0.5542 0.6143 0.3758 0.4496 0.4081 0.3827 0.4611 0.4381 0.4081 0.4496 0.4681 0.4381 0.4403 0.4934 0.4658 0.4658 0.4958 0.5211 0.5072 0.5258 0.5788 0.5557
0.1537 0.4612 1.0 0.2953 0.2608 0.3276 0.3299 0.2908 0.3207 0.3576 0.3183 0.3092 0.3713 0.3414 0.3253 0.3644 0.3874 0.3644 0.376 0.4267 0.4267 0.422 0.4681 0.3921 0.4454 0.406 0.3991 0.4732 0.4431 0.4199 0.4778 0.4848 0.4547 0.4801 0.5194 0.4963 0.4963 0.5472 0.5519 0.5357 0.5542 0.6143 0.582 0.4496 0.4081 0.3827 0.4611 0.4381 0.4081 0.4496 0.4681 0.4381 0.4403 0.4934 0.4658 0.4658 0.4958 0.5211 0.5072 0.5258 0.5788 0.5557 0.5557
0.0617 0.475 1.0 0.2608 0.3276 0.3299 0.2908 0.3207 0.3576 0.3183 0.3092 0.3713 0.3414 0.3253 0.3644 0.3874 0.3644 0.376 0.4267 0.4267 0.422 0.4681 0.4866 0.4454 0.406 0.3991 0.4732 0.4431 0.4199 0.4778 0.4848 0.4547 0.4801 0.5194 0.4963 0.4963 0.5472 0.5519 0.5357 0.5542 0.6143 0.582 0.5797 0.4081 0.3827 0.4611 0.4381 0.4081 0.4496 0.4681 0.4381 0.4403 0.4934 0.4658 0.4658 0.4958 0.5211 0.5072 0.5258 0.5788 0.5557 0.5557 0.6111
0.0847 0.5164 1.0 0.3276 0.3299 0.2908 0.3207 0.3576 0.3183 0.3092 0.3713 0.3414 0.3253 0.3644 0.3874 0.3644 0.376 0.4267 0.4267 0.422 0.4681 0.4866 0.4612 0.406 0.3991 0.4732 0.4431 0.4199 0.4778 0.4848 0.4547 0.4801 0.5194 0.4963 0.4963 0.5472 0.5519 0.5357 0.5542 0.6143 0.582 0.5797 0.6374 0.3827 0.4611 0.4381 0.4081 0.4496 0.4681 0.4381 0.4403 0.4934 0.4658 0.4658 0.4958 0.5211 0.5072 0.5258 0.5788 0.5557 0.5557 0.6111 0.6041
0.046 0.4727 1.0 0.3299 0.2908 0.3207 0.3576 0.3183 0.3092 0.3713 0.3414 0.3253 0.3644 0.3874 0.3644 0.376 0.4267 0.4267 0.422 0.4681 0.4866 0.4612 0.475 0.3991 0.4732 0.4431 0.4199 0.4778 0.4848 0.4547 0.4801 0.5194 0.4963 0.4963 0.5472 0.5519 0.5357 0.5542 0.6143 0.582 0.5797 0.6374 0.6074 0.4611 0.4381 0.4081 0.4496 0.4681 0.4381 0.4403 0.4934 0.4658 0.4658 0.4958 0.5211 0.5072 0.5258 0.5788 0.5557 0.5557 0.6111 0.6041 0.5834
0.138 0.475 1.0 0.2908 0.3207 0.3576 0.3183 0.3092 0.3713 0.3414 0.3253 0.3644 0.3874 0.3644 0.376 0.4267 0.4267 0.422 0.4681 0.4866 0.4612 0.475 0.5164 0.4732 0.4431 0.4199 0.4778 0.4848 0.4547 0.4801 0.5194 0.4963 0.4963 0.5472 0.5519 0.5357 0.5542 0.6143 0.582 0.5797 0.6374 0.6074 0.5912 0.4381 0.4081 0.4496 0.4681 0.4381 0.4403 0.4934 0.4658 0.4658 0.4958 0.5211 0.5072 0.5258 0.5788 0.5557 0.5557 0.6111 0.6041 0.5834 0.6226
0.1457 0.528 1.0 0.3207 0.3576 0.3183 0.3092 0.3713 0.3414 0.3253 0.3644 0.3874 0.3644 0.376 0.4267 0.4267 0.422 0.4681 0.4866 0.4612 0.475 0.5164 0.4727 0.4431 0.4199 0.4778 0.4848 0.4547 0.4801 0.5194 0.4963 0.4963 0.5472 0.5519 0.5357 0.5542 0.6143 0.582 0.5797 0.6374 0.6074 0.5912 0.6236 0.4081 0.4496 0.4681 0.4381 0.4403 0.4934 0.4658 0.4658 0.4958 0.5211 0.5072 0.5258 0.5788 0.5557 0.5557 0.6111 0.6041 0.5834 0.6226 0.6319
0.0077 0.4819 1.0 0.3576 0.3183 0.3092 0.3713 0.3414 0.3253 0.3644 0.3874 0.3644 0.376 0.4267 0.4267 0.422 0.4681 0.4866 0.4612 0.475 0.5164 0.4727 0.475 0.4199 0.4778 0.4848 0.4547 0.4801 0.5194 0.4963 0.4963 0.5472 0.5519 0.5357 0.5542 0.6143 0.582 0.5797 0.6374 0.6074 0.5912 0.6236 0.6143 0.4496 0.4681 0.4381 0.4403 0.4934 0.4658 0.4658 0.4958 0.5211 0.5072 0.5258 0.5788 0.5557 0.5557 0.6111 0.6041 0.5834 0.6226 0.6319 0.5927
0.1767 0.4681 1.0 0.3183 0.3092 0.3713 0.3414 0.3253 0.3644 0.3874 0.3644 0.376 0.4267 0.4267 0.422 0.4681 0.4866 0.4612 0.475 0.5164 0.4727 0.475 0.528 0.4778 0.4848 0.4547 0.4801 0.5194 0.4963 0.4963 0.5472 0.5519 0.5357 0.5542 0.6143 0.582 0.5797 0.6374 0.6074 0.5912 0.6236 0.6143 0.5936 0.4681 0.4381 0.4403 0.4934 0.4658 0.4658 0.4958 0.5211 0.5072 0.5258 0.5788 0.5557 0.5557 0.6111 0.6041 0.5834 0.6226 0.6319 0.5927 0.6133
0.1537 0.5257 1.0 0.3092 0.3713 0.3414 0.3253 0.3644 0.3874 0.3644 0.376 0.4267 0.4267 0.422 0.4681 0.4866 0.4612 0.475 0.5164 0.4727 0.475 0.528 0.4819 0.4848 0.4547 0.4801 0.5194 0.4963 0.4963 0.5472 0.5519 0.5357 0.5542 0.6143 0.582 0.5797 0.6374 0.6074 0.5912 0.6236 0.6143 0.5936 0.6259 0.4381 0.4403 0.4934 0.4658 0.4658 0.4958 0.5211 0.5072 0.5258 0.5788 0.5557 0.5557 0.6111 0.6041 0.5834 0.6226 0.6319 0.5927 0.6133 0.6388
0.046 0.4911 1.0 0.3713 0.3414 0.3253 0.3644 0.3874 0.3644 0.376 0.4267 0.4267 0.422 0.4681 0.4866 0.4612 0.475 0.5164 0.4727 0.475 0.528 0.4819 0.4681 0.4547 0.4801 0.5194 0.4963 0.4963 0.5472 0.5519 0.5357 0.5542 0.6143 0.582 0.5797 0.6374 0.6074 0.5912 0.6236 0.6143 0.5936 0.6259 0.612 0.4403 0.4934 0.4658 0.4658 0.4958 0.5211 0.5072 0.5258 0.5788 0.5557 0.5557 0.6111 0.6041 0.5834 0.6226 0.6319 0.5927 0.6133 0.6388 0.5996
0.192 0.4819 1.0 0.3414 0.3253 0.3644 0.3874 0.3644 0.376 0.4267 0.4267 0.422 0.4681 0.4866 0.4612 0.475 0.5164 0.4727 0.475 0.528 0.4819 0.4681 0.5257 0.4801 0.5194 0.4963 0.4963 0.5472 0.5519 0.5357 0.5542 0.6143 0.582 0.5797 0.6374 0.6074 0.5912 0.6236 0.6143 0.5936 0.6259 0.612 0.5959 0.4934 0.4658 0.4658 0.4958 0.5211 0.5072 0.5258 0.5788 0.5557 0.5557 0.6111 0.6041 0.5834 0.6226 0.6319 0.5927 0.6133 0.6388 0.5996 0.6249
0.1153 0.5441 1.0 0.3253 0.3644 0.3874 0.3644 0.376 0.4267 0.4267 0.422 0.4681 0.4866 0.4612 0.475 0.5164 0.4727 0.475 0.528 0.4819 0.4681 0.5257 0.4911 0.5194 0.4963 0.4963 0.5472 0.5519 0.5357 0.5542 0.6143 0.582 0.5797 0.6374 0.6074 0.5912 0.6236 0.6143 0.5936 0.6259 0.612 0.5959 0.6329 0.4658 0.4658 0.4958 0.5211 0.5072 0.5258 0.5788 0.5557 0.5557 0.6111 0.6041 0.5834 0.6226 0.6319 0.5927 0.6133 0.6388 0.5996 0.6249 0.648
0.0307 0.5072 1.0 0.3644 0.3874 0.3644 0.376 0.4267 0.4267 0.422 0.4681 0.4866 0.4612 0.475 0.5164 0.4727 0.475 0.528 0.4819 0.4681 0.5257 0.4911 0.4819 0.4963 0.4963 0.5472 0.5519 0.5357 0.5542 0.6143 0.582 0.5797 0.6374 0.6074 0.5912 0.6236 0.6143 0.5936 0.6259 0.612 0.5959 0.6329 0.6329 0.4658 0.4958 0.5211 0.5072 0.5258 0.5788 0.5557 0.5557 0.6111 0.6041 0.5834 0.6226 0.6319 0.5927 0.6133 0.6388 0.5996 0.6249 0.648 0.6111
0.2073 0.4888 1.0 0.3874 0.3644 0.376 0.4267 0.4267 0.422 0.4681 0.4866 0.4612 0.475 0.5164 0.4727 0.475 0.528 0.4819 0.4681 0.5257 0.4911 0.4819 0.5441 0.4963 0.5472 0.5519 0.5357 0.5542 0.6143 0.582 0.5797 0.6374 0.6074 0.5912 0.6236 0.6143 0.5936 0.6259 0.612 0.5959 0.6329 0.6329 0.6098 0.4958 0.5211 0.5072 0.5258 0.5788 0.5557 0.5557 0.6111 0.6041 0.5834 0.6226 0.6319 0.5927 0.6133 0.6388 0.5996 0.6249 0.648 0.6111 0.6319
0.123 0.5602 1.0 0.3644 0.376 0.4267 0.4267 0.422 0.4681 0.4866 0.4612 0.475 0.5164 0.4727 0.475 0.528 0.4819 0.4681 0.5257 0.4911 0.4819 0.5441 0.5072 0.5472 0.5519 0.5357 0.5542 0.6143 0.582 0.5797 0.6374 0.6074 0.5912 0.6236 0.6143 0.5936 0.6259 0.612 0.5959 0.6329 0.6329 0.6098 0.6398 0.5211 0.5072 0.5258 0.5788 0.5557 0.5557 0.6111 0.6041 0.5834 0.6226 0.6319 0.5927 0.6133 0.6388 0.5996 0.6249 0.648 0.6111 0.6319 0.6733
0.0613 0.5303 1.0 0.376 0.4267 0.4267 0.422 0.4681 0.4866 0.4612 0.475 0.5164 0.4727 0.475 0.528 0.4819 0.4681 0.5257 0.4911 0.4819 0.5441 0.5072 0.4888 0.5519 0.5357 0.5542 0.6143 0.582 0.5797 0.6374 0.6074 0.5912 0.6236 0.6143 0.5936 0.6259 0.612 0.5959 0.6329 0.6329 0.6098 0.6398 0.6607 0.5072 0.5258 0.5788 0.5557 0.5557 0.6111 0.6041 0.5834 0.6226 0.6319 0.5927 0.6133 0.6388 0.5996 0.6249 0.648 0.6111 0.6319 0.6733 0.6319
0.238 0.5027 1.0 0.4267 0.4267 0.422 0.4681 0.4866 0.4612 0.475 0.5164 0.4727 0.475 0.528 0.4819 0.4681 0.5257 0.4911 0.4819 0.5441 0.5072 0.4888 0.5602 0.5357 0.5542 0.6143 0.582 0.5797 0.6374 0.6074 0.5912 0.6236 0.6143 0.5936 0.6259 0.612 0.5959 0.6329 0.6329 0.6098 0.6398 0.6607 0.6329 0.5258 0.5788 0.5557 0.5557 0.6111 0.6041 0.5834 0.6226 0.6319 0.5927 0.6133 0.6388 0.5996 0.6249 0.648 0.6111 0.6319 0.6733 0.6319 0.6341
0.0997 0.5694 1.0 0.4267 0.422 0.4681 0.4866 0.4612 0.475 0.5164 0.4727 0.475 0.528 0.4819 0.4681 0.5257 0.4911 0.4819 0.5441 0.5072 0.4888 0.5602 0.5303 0.5542 0.6143 0.582 0.5797 0.6374 0.6074 0.5912 0.6236 0.6143 0.5936 0.6259 0.612 0.5959 0.6329 0.6329 0.6098 0.6398 0.6607 0.6329 0.6468 0.5788 0.5557 0.5557 0.6111 0.6041 0.5834 0.6226 0.6319 0.5927 0.6133 0.6388 0.5996 0.6249 0.648 0.6111 0.6319 0.6733 0.6319 0.6341 0.6964
0.092 0.5602 1.0 0.422 0.4681 0.4866 0.4612 0.475 0.5164 0.4727 0.475 0.528 0.4819 0.4681 0.5257 0.4911 0.4819 0.5441 0.5072 0.4888 0.5602 0.5303 0.5027 0.6143 0.582 0.5797 0.6374 0.6074 0.5912 0.6236 0.6143 0.5936 0.6259 0.612 0.5959 0.6329 0.6329 0.6098 0.6398 0.6607 0.6329 0.6468 0.6884 0.5557 0.5557 0.6111 0.6041 0.5834 0.6226 0.6319 0.5927 0.6133 0.6388 0.5996 0.6249 0.648 0.6111 0.6319 0.6733 0.6319 0.6341 0.6964 0.6549
0.2223 0.5211 1.0 0.4681 0.4866 0.4612 0.475 0.5164 0.4727 0.475 0.528 0.4819 0.4681 0.5257 0.4911 0.4819 0.5441 0.5072 0.4888 0.5602 0.5303 0.5027 0.5694 0.582 0.5797 0.6374 0.6074 0.5912 0.6236 0.6143 0.5936 0.6259 0.612 0.5959 0.6329 0.6329 0.6098 0.6398 0.6607 0.6329 0.6468 0.6884 0.6583 0.5557 0.6111 0.6041 0.5834 0.6226 0.6319 0.5927 0.6133 0.6388 0.5996 0.6249 0.648 0.6111 0.6319 0.6733 0.6319 0.6341 0.6964 0.6549 0.6341
0.0307 0.5671 1.0 0.4866 0.4612 0.475 0.5164 0.4727 0.475 0.528 0.4819 0.4681 0.5257 0.4911 0.4819 0.5441 0.5072 0.4888 0.5602 0.5303 0.5027 0.5694 0.5602 0.5797 0.6374 0.6074 0.5912 0.6236 0.6143 0.5936 0.6259 0.612 0.5959 0.6329 0.6329 0.6098 0.6398 0.6607 0.6329 0.6468 0.6884 0.6583 0.6583 0.6111 0.6041 0.5834 0.6226 0.6319 0.5927 0.6133 0.6388 0.5996 0.6249 0.648 0.6111 0.6319 0.6733 0.6319 0.6341 0.6964 0.6549 0.6341 0.7102
0.1303 0.5787 1.0 0.4612 0.475 0.5164 0.4727 0.475 0.528 0.4819 0.4681 0.5257 0.4911 0.4819 0.5441 0.5072 0.4888 0.5602 0.5303 0.5027 0.5694 0.5602 0.5211 0.6374 0.6074 0.5912 0.6236 0.6143 0.5936 0.6259 0.612 0.5959 0.6329 0.6329 0.6098 0.6398 0.6607 0.6329 0.6468 0.6884 0.6583 0.6583 0.7162 0.6041 0.5834 0.6226 0.6319 0.5927 0.6133 0.6388 0.5996 0.6249 0.648 0.6111 0.6319 0.6733 0.6319 0.6341 0.6964 0.6549 0.6341 0.7102 0.6757
0.1533 0.5303 1.0 0.475 0.5164 0.4727 0.475 0.528 0.4819 0.4681 0.5257 0.4911 0.4819 0.5441 0.5072 0.4888 0.5602 0.5303 0.5027 0.5694 0.5602 0.5211 0.5671 0.6074 0.5912 0.6236 0.6143 0.5936 0.6259 0.612 0.5959 0.6329 0.6329 0.6098 0.6398 0.6607 0.6329 0.6468 0.6884 0.6583 0.6583 0.7162 0.6769 0.5834 0.6226 0.6319 0.5927 0.6133 0.6388 0.5996 0.6249 0.648 0.6111 0.6319 0.6733 0.6319 0.6341 0.6964 0.6549 0.6341 0.7102 0.6757 0.6411
0.0387 0.5441 1.0 0.5164 0.4727 0.475 0.528 0.4819 0.4681 0.5257 0.4911 0.4819 0.5441 0.5072 0.4888 0.5602 0.5303 0.5027 0.5694 0.5602 0.5211 0.5671 0.5787 0.5912 0.6236 0.6143 0.5936 0.6259 0.612 0.5959 0.6329 0.6329 0.6098 0.6398 0.6607 0.6329 0.6468 0.6884 0.6583 0.6583 0.7162 0.6769 0.6583 0.6226 0.6319 0.5927 0.6133 0.6388 0.5996 0.6249 0.648 0.6111 0.6319 0.6733 0.6319 0.6341 0.6964 0.6549 0.6341 0.7102 0.6757 0.6411 0.7057
0.1613 0.581 1.0 0.4727 0.475 0.528 0.4819 0.4681 0.5257 0.4911 0.4819 0.5441 0.5072 0.4888 0.5602 0.5303 0.5027 0.5694 0.5602 0.5211 0.5671 0.5787 0.5303 0.6236 0.6143 0.5936 0.6259 0.612 0.5959 0.6329 0.6329 0.6098 0.6398 0.6607 0.6329 0.6468 0.6884 0.6583 0.6583 0.7162 0.6769 0.6583 0.7231 0.6319 0.5927 0.6133 0.6388 0.5996 0.6249 0.648 0.6111 0.6319 0.6733 0.6319 0.6341 0.6964 0.6549 0.6341 0.7102 0.6757 0.6411 0.7057 0.6826
0.046 0.5326 1.0 0.475 0.528 0.4819 0.4681 0.5257 0.4911 0.4819 0.5441 0.5072 0.4888 0.5602 0.5303 0.5027 0.5694 0.5602 0.5211 0.5671 0.5787 0.5303 0.5441 0.6143 0.5936 0.6259 0.612 0.5959 0.6329 0.6329 0.6098 0.6398 0.6607 0.6329 0.6468 0.6884 0.6583 0.6583 0.7162 0.6769 0.6583 0.7231 0.6861 0.5927 0.6133 0.6388 0.5996 0.6249 0.648 0.6111 0.6319 0.6733 0.6319 0.6341 0.6964 0.6549 0.6341 0.7102 0.6757 0.6411 0.7057 0.6826 0.6457
0.123 0.5096 1.0 0.528 0.4819 0.4681 0.5257 0.4911 0.4819 0.5441 0.5072 0.4888 0.5602 0.5303 0.5027 0.5694 0.5602 0.5211 0.5671 0.5787 0.5303 0.5441 0.581 0.5936 0.6259 0.612 0.5959 0.6329 0.6329 0.6098 0.6398 0.6607 0.6329 0.6468 0.6884 0.6583 0.6583 0.7162 0.6769 0.6583 0.7231 0.6861 0.6537 0.6133 0.6388 0.5996 0.6249 0.648 0.6111 0.6319 0.6733 0.6319 0.6341 0.6964 0.6549 0.6341 0.7102 0.6757 0.6411 0.7057 0.6826 0.6457 0.678
0.1613 0.5763 1.0 0.4819 0.4681 0.5257 0.4911 0.4819 0.5441 0.5072 0.4888 0.5602 0.5303 0.5027 0.5694 0.5602 0.5211 0.5671 0.5787 0.5303 0.5441 0.581 0.5326 0.6259 0.612 0.5959 0.6329 0.6329 0.6098 0.6398 0.6607 0.6329 0.6468 0.6884 0.6583 0.6583 0.7162 0.6769 0.6583 0.7231 0.6861 0.6537 0.7023 0.6388 0.5996 0.6249 0.648 0.6111 0.6319 0.6733 0.6319 0.6341 0.6964 0.6549 0.6341 0.7102 0.6757 0.6411 0.7057 0.6826 0.6457 0.678 0.6872
0.0767 0.5326 1.0 0.4681 0.5257 0.4911 0.4819 0.5441 0.5072 0.4888 0.5602 0.5303 0.5027 0.5694 0.5602 0.5211 0.5671 0.5787 0.5303 0.5441 0.581 0.5326 0.5096 0.612 0.5959 0.6329 0.6329 0.6098 0.6398 0.6607 0.6329 0.6468 0.6884 0.6583 0.6583 0.7162 0.6769 0.6583 0.7231 0.6861 0.6537 0.7023 0.6908 0.5996 0.6249 0.648 0.6111 0.6319 0.6733 0.6319 0.6341 0.6964 0.6549 0.6341 0.7102 0.6757 0.6411 0.7057 0.6826 0.6457 0.678 0.6872 0.6433
0.2223 0.498 1.0 0.5257 0.4911 0.4819 0.5441 0.5072 0.4888 0.5602 0.5303 0.5027 0.5694 0.5602 0.5211 0.5671 0.5787 0.5303 0.5441 0.581 0.5326 0.5096 0.5763 0.5959 0.6329 0.6329 0.6098 0.6398 0.6607 0.6329 0.6468 0.6884 0.6583 0.6583 0.7162 0.6769 0.6583 0.7231 0.6861 0.6537 0.7023 0.6908 0.6513 0.6249 0.648 0.6111 0.6319 0.6733 0.6319 0.6341 0.6964 0.6549 0.6341 0.7102 0.6757 0.6411 0.7057 0.6826 0.6457 0.678 0.6872 0.6433 0.648
0.1457 0.5372 1.0 0.4911 0.4819 0.5441 0.5072 0.4888 0.5602 0.5303 0.5027 0.5694 0.5602 0.5211 0.5671 0.5787 0.5303 0.5441 0.581 0.5326 0.5096 0.5763 0.5326 0.6329 0.6329 0.6098 0.6398 0.6607 0.6329 0.6468 0.6884 0.6583 0.6583 0.7162 0.6769 0.6583 0.7231 0.6861 0.6537 0.7023 0.6908 0.6513 0.6814 0.648 0.6111 0.6319 0.6733 0.6319 0.6341 0.6964 0.6549 0.6341 0.7102 0.6757 0.6411 0.7057 0.6826 0.6457 0.678 0.6872 0.6433 0.648 0.678
0.1153 0.5164 1.0 0.4819 0.5441 0.5072 0.4888 0.5602 0.5303 0.5027 0.5694 0.5602 0.5211 0.5671 0.5787 0.5303 0.5441 0.581 0.5326 0.5096 0.5763 0.5326 0.498 0.6329 0.6098 0.6398 0.6607 0.6329 0.6468 0.6884 0.6583 0.6583 0.7162 0.6769 0.6583 0.7231 0.6861 0.6537 0.7023 0.6908 0.6513 0.6814 0.6908 0.6111 0.6319 0.6733 0.6319 0.6341 0.6964 0.6549 0.6341 0.7102 0.6757 0.6411 0.7057 0.6826 0.6457 0.678 0.6872 0.6433 0.648 0.678 0.6411
0.1307 0.4866 1.0 0.5441 0.5072 0.4888 0.5602 0.5303 0.5027 0.5694 0.5602 0.5211 0.5671 0.5787 0.5303 0.5441 0.581 0.5326 0.5096 0.5763 0.5326 0.498 0.5372 0.6098 0.6398 0.6607 0.6329 0.6468 0.6884 0.6583 0.6583 0.7162 0.6769 0.6583 0.7231 0.6861 0.6537 0.7023 0.6908 0.6513 0.6814 0.6908 0.6537 0.6319 0.6733 0.6319 0.6341 0.6964 0.6549 0.6341 0.7102 0.6757 0.6411 0.7057 0.6826 0.6457 0.678 0.6872 0.6433 0.648 0.678 0.6411 0.6133
