1.0 0.0 0.0 0.6194 0.4292 0.4358 0.069 0.0233 0.0537 0.59 0.6 0.61 0.62 0.63 0.64 0.65 0.66 0.67 0.68 0.69 0.7 0.71 0.72 0.73 0.74 0.75 0.76 0.77 0.78 0.8798 0.8843 0.8452 0.8313 0.8751 0.8406 0.813 0.8729 0.8452 0.8107 0.7922 0.7738 0.7508 0.7278 0.7162 0.6978 0.6748 0.6679 0.654 0.6333 0.6722 0.6444 0.6953 0.6722 0.6374 0.6769 0.6814 0.6444 0.663 0.6884 0.6491 0.6143 0.5912 0.5703 0.5449 0.5264 0.5148 0.4893 0.4732 0.4662 0.6272 0.671 0.6618 0.6272 0.6549 0.6526 0.6249 0.6157 0.6411 0.6226 0.5972 0.5811 0.5696 0.5488 0.528 0.5211 0.5003 0.4796 0.475 0.4589
1.0 0.0 0.0 0.5988 0.4269 0.4242 0.0233 0.0693 0.0693 0.6 0.61 0.62 0.63 0.64 0.65 0.66 0.67 0.68 0.69 0.7 0.71 0.72 0.73 0.74 0.75 0.76 0.77 0.78 0.79 0.8843 0.8452 0.8313 0.8751 0.8406 0.813 0.8729 0.8452 0.8107 0.7922 0.7738 0.7508 0.7278 0.7162 0.6978 0.6748 0.6679 0.654 0.6333 0.6263 0.6444 0.6953 0.6722 0.6374 0.6769 0.6814 0.6444 0.663 0.6884 0.6491 0.6143 0.5912 0.5703 0.5449 0.5264 0.5148 0.4893 0.4732 0.4662 0.4454 0.671 0.6618 0.6272 0.6549 0.6526 0.6249 0.6157 0.6411 0.6226 0.5972 0.5811 0.5696 0.5488 0.528 0.5211 0.5003 0.4796 0.475 0.4589 0.4381
1.0 0.0 0.0 0.5918 0.4107 0.4034 0.023 0.054 0.0077 0.61 0.62 0.63 0.64 0.65 0.66 0.67 0.68 0.69 0.7 0.71 0.72 0.73 0.74 0.75 0.76 0.77 0.78 0.79 0.8 0.8452 0.8313 0.8751 0.8406 0.813 0.8729 0.8452 0.8107 0.7922 0.7738 0.7508 0.7278 0.7162 0.6978 0.6748 0.6679 0.654 0.6333 0.6263 0.6194 0.6953 0.6722 0.6374 0.6769 0.6814 0.6444 0.663 0.6884 0.6491 0.6143 0.5912 0.5703 0.5449 0.5264 0.5148 0.4893 0.4732 0.4662 0.4454 0.4292 0.6618 0.6272 0.6549 0.6526 0.6249 0.6157 0.6411 0.6226 0.5972 0.5811 0.5696 0.5488 0.528 0.5211 0.5003 0.4796 0.475 0.4589 0.4381 0.4358
1.0 0.0 0.0 0.5896 0.3944 0.4012 0.0687 0.0077 0.0387 0.62 0.63 0.64 0.65 0.66 0.67 0.68 0.69 0.7 0.71 0.72 0.73 0.74 0.75 0.76 0.77 0.78 0.79 0.8 0.81 0.8313 0.8751 0.8406 0.813 0.8729 0.8452 0.8107 0.7922 0.7738 0.7508 0.7278 0.7162 0.6978 0.6748 0.6679 0.654 0.6333 0.6263 0.6194 0.5988 0.6722 0.6374 0.6769 0.6814 0.6444 0.663 0.6884 0.6491 0.6143 0.5912 0.5703 0.5449 0.5264 0.5148 0.4893 0.4732 0.4662 0.4454 0.4292 0.4269 0.6272 0.6549 0.6526 0.6249 0.6157 0.6411 0.6226 0.5972 0.5811 0.5696 0.5488 0.528 0.5211 0.5003 0.4796 0.475 0.4589 0.4381 0.4358 0.4242
1.0 0.0 0.0 0.5711 0.3899 0.3966 0.0233 0.054 0.0693 0.63 0.64 0.65 0.66 0.67 0.68 0.69 0.7 0.71 0.72 0.73 0.74 0.75 0.76 0.77 0.78 0.79 0.8 0.81 0.82 0.8751 0.8406 0.813 0.8729 0.8452 0.8107 0.7922 0.7738 0.7508 0.7278 0.7162 0.6978 0.6748 0.6679 0.654 0.6333 0.6263 0.6194 0.5988 0.5918 0.6374 0.6769 0.6814 0.6444 0.663 0.6884 0.6491 0.6143 0.5912 0.5703 0.5449 0.5264 0.5148 0.4893 0.4732 0.4662 0.4454 0.4292 0.4269 0.4107 0.6549 0.6526 0.6249 0.6157 0.6411 0.6226 0.5972 0.5811 0.5696 0.5488 0.528 0.5211 0.5003 0.4796 0.475 0.4589 0.4381 0.4358 0.4242 0.4034
1.0 0.0 0.0 0.5596 0.3806 0.3781 0.0073 0.0543 0.0073 0.64 0.65 0.66 0.67 0.68 0.69 0.7 0.71 0.72 0.73 0.74 0.75 0.76 0.77 0.78 0.79 0.8 0.81 0.82 0.83 0.8406 0.813 0.8729 0.8452 0.8107 0.7922 0.7738 0.7508 0.7278 0.7162 0.6978 0.6748 0.6679 0.654 0.6333 0.6263 0.6194 0.5988 0.5918 0.5896 0.6769 0.6814 0.6444 0.663 0.6884 0.6491 0.6143 0.5912 0.5703 0.5449 0.5264 0.5148 0.4893 0.4732 0.4662 0.4454 0.4292 0.4269 0.4107 0.3944 0.6526 0.6249 0.6157 0.6411 0.6226 0.5972 0.5811 0.5696 0.5488 0.528 0.5211 0.5003 0.4796 0.475 0.4589 0.4381 0.4358 0.4242 0.4034 0.4012
1.0 0.0 0.0 0.5619 0.3667 0.3734 0.0617 0.015 0.0153 0.65 0.66 0.67 0.68 0.69 0.7 0.71 0.72 0.73 0.74 0.75 0.76 0.77 0.78 0.79 0.8 0.81 0.82 0.83 0.84 0.813 0.8729 0.8452 0.8107 0.7922 0.7738 0.7508 0.7278 0.7162 0.6978 0.6748 0.6679 0.654 0.6333 0.6263 0.6194 0.5988 0.5918 0.5896 0.5711 0.6814 0.6444 0.663 0.6884 0.6491 0.6143 0.5912 0.5703 0.5449 0.5264 0.5148 0.4893 0.4732 0.4662 0.4454 0.4292 0.4269 0.4107 0.3944 0.3899 0.6249 0.6157 0.6411 0.6226 0.5972 0.5811 0.5696 0.5488 0.528 0.5211 0.5003 0.4796 0.475 0.4589 0.4381 0.4358 0.4242 0.4034 0.4012 0.3966
1.0 0.0 0.0 0.5458 0.3598 0.3666 0.0383 0.031 0.0617 0.66 0.67 0.68 0.69 0.7 0.71 0.72 0.73 0.74 0.75 0.76 0.77 0.78 0.79 0.8 0.81 0.82 0.83 0.84 0.85 0.8729 0.8452 0.8107 0.7922 0.7738 0.7508 0.7278 0.7162 0.6978 0.6748 0.6679 0.654 0.6333 0.6263 0.6194 0.5988 0.5918 0.5896 0.5711 0.5596 0.6444 0.663 0.6884 0.6491 0.6143 0.5912 0.5703 0.5449 0.5264 0.5148 0.4893 0.4732 0.4662 0.4454 0.4292 0.4269 0.4107 0.3944 0.3899 0.3806 0.6157 0.6411 0.6226 0.5972 0.5811 0.5696 0.5488 0.528 0.5211 0.5003 0.4796 0.475 0.4589 0.4381 0.4358 0.4242 0.4034 0.4012 0.3966 0.3781
1.0 0.0 0.0 0.5342 0.3528 0.3504 0.0077 0.0463 0.0157 0.67 0.68 0.69 0.7 0.71 0.72 0.73 0.74 0.75 0.76 0.77 0.78 0.79 0.8 0.81 0.82 0.83 0.84 0.85 0.86 0.8452 0.8107 0.7922 0.7738 0.7508 0.7278 0.7162 0.6978 0.6748 0.6679 0.654 0.6333 0.6263 0.6194 0.5988 0.5918 0.5896 0.5711 0.5596 0.5619 0.663 0.6884 0.6491 0.6143 0.5912 0.5703 0.5449 0.5264 0.5148 0.4893 0.4732 0.4662 0.4454 0.4292 0.4269 0.4107 0.3944 0.3899 0.3806 0.3667 0.6411 0.6226 0.5972 0.5811 0.5696 0.5488 0.528 0.5211 0.5003 0.4796 0.475 0.4589 0.4381 0.4358 0.4242 0.4034 0.4012 0.3966 0.3781 0.3734
1.0 0.0 0.0 0.5342 0.3389 0.3436 0.0537 0.023 0.0227 0.68 0.69 0.7 0.71 0.72 0.73 0.74 0.75 0.76 0.77 0.78 0.79 0.8 0.81 0.82 0.83 0.84 0.85 0.86 0.87 0.8107 0.7922 0.7738 0.7508 0.7278 0.7162 0.6978 0.6748 0.6679 0.654 0.6333 0.6263 0.6194 0.5988 0.5918 0.5896 0.5711 0.5596 0.5619 0.5458 0.6884 0.6491 0.6143 0.5912 0.5703 0.5449 0.5264 0.5148 0.4893 0.4732 0.4662 0.4454 0.4292 0.4269 0.4107 0.3944 0.3899 0.3806 0.3667 0.3598 0.6226 0.5972 0.5811 0.5696 0.5488 0.528 0.5211 0.5003 0.4796 0.475 0.4589 0.4381 0.4358 0.4242 0.4034 0.4012 0.3966 0.3781 0.3734 0.3666
1.0 0.0 0.0 0.5204 0.3297 0.3389 0.0387 0.0233 0.054 0.69 0.7 0.71 0.72 0.73 0.74 0.75 0.76 0.77 0.78 0.79 0.8 0.81 0.82 0.83 0.84 0.85 0.86 0.87 0.88 0.7922 0.7738 0.7508 0.7278 0.7162 0.6978 0.6748 0.6679 0.654 0.6333 0.6263 0.6194 0.5988 0.5918 0.5896 0.5711 0.5596 0.5619 0.5458 0.5342 0.6491 0.6143 0.5912 0.5703 0.5449 0.5264 0.5148 0.4893 0.4732 0.4662 0.4454 0.4292 0.4269 0.4107 0.3944 0.3899 0.3806 0.3667 0.3598 0.3528 0.5972 0.5811 0.5696 0.5488 0.528 0.5211 0.5003 0.4796 0.475 0.4589 0.4381 0.4358 0.4242 0.4034 0.4012 0.3966 0.3781 0.3734 0.3666 0.3504
1.0 0.0 0.0 0.5066 0.325 0.325 0.0 0.0463 0.0227 0.7 0.71 0.72 0.73 0.74 0.75 0.76 0.77 0.78 0.79 0.8 0.81 0.82 0.83 0.84 0.85 0.86 0.87 0.88 0.89 0.7738 0.7508 0.7278 0.7162 0.6978 0.6748 0.6679 0.654 0.6333 0.6263 0.6194 0.5988 0.5918 0.5896 0.5711 0.5596 0.5619 0.5458 0.5342 0.5342 0.6143 0.5912 0.5703 0.5449 0.5264 0.5148 0.4893 0.4732 0.4662 0.4454 0.4292 0.4269 0.4107 0.3944 0.3899 0.3806 0.3667 0.3598 0.3528 0.3389 0.5811 0.5696 0.5488 0.528 0.5211 0.5003 0.4796 0.475 0.4589 0.4381 0.4358 0.4242 0.4034 0.4012 0.3966 0.3781 0.3734 0.3666 0.3504 0.3436
1.0 0.0 0.0 0.502 0.3111 0.3158 0.046 0.0307 0.0157 0.71 0.72 0.73 0.74 0.75 0.76 0.77 0.78 0.79 0.8 0.81 0.82 0.83 0.84 0.85 0.86 0.87 0.88 0.89 0.9 0.7508 0.7278 0.7162 0.6978 0.6748 0.6679 0.654 0.6333 0.6263 0.6194 0.5988 0.5918 0.5896 0.5711 0.5596 0.5619 0.5458 0.5342 0.5342 0.5204 0.5912 0.5703 0.5449 0.5264 0.5148 0.4893 0.4732 0.4662 0.4454 0.4292 0.4269 0.4107 0.3944 0.3899 0.3806 0.3667 0.3598 0.3528 0.3389 0.3297 0.5696 0.5488 0.528 0.5211 0.5003 0.4796 0.475 0.4589 0.4381 0.4358 0.4242 0.4034 0.4012 0.3966 0.3781 0.3734 0.3666 0.3504 0.3436 0.3389
1.0 0.0 0.0 0.4904 0.3042 0.3089 0.046 0.0157 0.0463 0.72 0.73 0.74 0.75 0.76 0.77 0.78 0.79 0.8 0.81 0.82 0.83 0.84 0.85 0.86 0.87 0.88 0.89 0.9 0.91 0.7278 0.7162 0.6978 0.6748 0.6679 0.654 0.6333 0.6263 0.6194 0.5988 0.5918 0.5896 0.5711 0.5596 0.5619 0.5458 0.5342 0.5342 0.5204 0.5066 0.5703 0.5449 0.5264 0.5148 0.4893 0.4732 0.4662 0.4454 0.4292 0.4269 0.4107 0.3944 0.3899 0.3806 0.3667 0.3598 0.3528 0.3389 0.3297 0.325 0.5488 0.528 0.5211 0.5003 0.4796 0.475 0.4589 0.4381 0.4358 0.4242 0.4034 0.4012 0.3966 0.3781 0.3734 0.3666 0.3504 0.3436 0.3389 0.325
1.0 0.0 0.0 0.4812 0.295 0.2973 0.0153 0.0463 0.0307 0.73 0.74 0.75 0.76 0.77 0.78 0.79 0.8 0.81 0.82 0.83 0.84 0.85 0.86 0.87 0.88 0.89 0.9 0.91 0.92 0.7162 0.6978 0.6748 0.6679 0.654 0.6333 0.6263 0.6194 0.5988 0.5918 0.5896 0.5711 0.5596 0.5619 0.5458 0.5342 0.5342 0.5204 0.5066 0.502 0.5449 0.5264 0.5148 0.4893 0.4732 0.4662 0.4454 0.4292 0.4269 0.4107 0.3944 0.3899 0.3806 0.3667 0.3598 0.3528 0.3389 0.3297 0.325 0.3111 0.528 0.5211 0.5003 0.4796 0.475 0.4589 0.4381 0.4358 0.4242 0.4034 0.4012 0.3966 0.3781 0.3734 0.3666 0.3504 0.3436 0.3389 0.325 0.3158
1.0 0.0 0.0 0.4743 0.2857 0.2881 0.0387 0.023 0.023 0.74 0.75 0.76 0.77 0.78 0.79 0.8 0.81 0.82 0.83 0.84 0.85 0.86 0.87 0.88 0.89 0.9 0.91 0.92 0.93 0.6978 0.6748 0.6679 0.654 0.6333 0.6263 0.6194 0.5988 0.5918 0.5896 0.5711 0.5596 0.5619 0.5458 0.5342 0.5342 0.5204 0.5066 0.502 0.4904 0.5264 0.5148 0.4893 0.4732 0.4662 0.4454 0.4292 0.4269 0.4107 0.3944 0.3899 0.3806 0.3667 0.3598 0.3528 0.3389 0.3297 0.325 0.3111 0.3042 0.5211 0.5003 0.4796 0.475 0.4589 0.4381 0.4358 0.4242 0.4034 0.4012 0.3966 0.3781 0.3734 0.3666 0.3504 0.3436 0.3389 0.325 0.3158 0.3089
1.0 0.0 0.0 0.4651 0.2788 0.2836 0.0307 0.0307 0.0387 0.75 0.76 0.77 0.78 0.79 0.8 0.81 0.82 0.83 0.84 0.85 0.86 0.87 0.88 0.89 0.9 0.91 0.92 0.93 0.94 0.6748 0.6679 0.654 0.6333 0.6263 0.6194 0.5988 0.5918 0.5896 0.5711 0.5596 0.5619 0.5458 0.5342 0.5342 0.5204 0.5066 0.502 0.4904 0.4812 0.5148 0.4893 0.4732 0.4662 0.4454 0.4292 0.4269 0.4107 0.3944 0.3899 0.3806 0.3667 0.3598 0.3528 0.3389 0.3297 0.325 0.3111 0.3042 0.295 0.5003 0.4796 0.475 0.4589 0.4381 0.4358 0.4242 0.4034 0.4012 0.3966 0.3781 0.3734 0.3666 0.3504 0.3436 0.3389 0.325 0.3158 0.3089 0.2973
1.0 0.0 0.0 0.4582 0.2694 0.2743 0.023 0.031 0.0307 0.76 0.77 0.78 0.79 0.8 0.81 0.82 0.83 0.84 0.85 0.86 0.87 0.88 0.89 0.9 0.91 0.92 0.93 0.94 0.95 0.6679 0.654 0.6333 0.6263 0.6194 0.5988 0.5918 0.5896 0.5711 0.5596 0.5619 0.5458 0.5342 0.5342 0.5204 0.5066 0.502 0.4904 0.4812 0.4743 0.4893 0.4732 0.4662 0.4454 0.4292 0.4269 0.4107 0.3944 0.3899 0.3806 0.3667 0.3598 0.3528 0.3389 0.3297 0.325 0.3111 0.3042 0.295 0.2857 0.4796 0.475 0.4589 0.4381 0.4358 0.4242 0.4034 0.4012 0.3966 0.3781 0.3734 0.3666 0.3504 0.3436 0.3389 0.325 0.3158 0.3089 0.2973 0.2881
1.0 0.0 0.0 0.449 0.2626 0.2651 0.0307 0.023 0.015 0.77 0.78 0.79 0.8 0.81 0.82 0.83 0.84 0.85 0.86 0.87 0.88 0.89 0.9 0.91 0.92 0.93 0.94 0.95 0.96 0.654 0.6333 0.6263 0.6194 0.5988 0.5918 0.5896 0.5711 0.5596 0.5619 0.5458 0.5342 0.5342 0.5204 0.5066 0.502 0.4904 0.4812 0.4743 0.4651 0.4732 0.4662 0.4454 0.4292 0.4269 0.4107 0.3944 0.3899 0.3806 0.3667 0.3598 0.3528 0.3389 0.3297 0.325 0.3111 0.3042 0.295 0.2857 0.2788 0.475 0.4589 0.4381 0.4358 0.4242 0.4034 0.4012 0.3966 0.3781 0.3734 0.3666 0.3504 0.3436 0.3389 0.325 0.3158 0.3089 0.2973 0.2881 0.2836
1.0 0.0 0.0 0.4444 0.3089 0.272 0.023 0.0313 0.031 0.78 0.79 0.8 0.81 0.82 0.83 0.84 0.85 0.86 0.87 0.88 0.89 0.9 0.91 0.92 0.93 0.94 0.95 0.96 0.97 0.6333 0.6263 0.6194 0.5988 0.5918 0.5896 0.5711 0.5596 0.5619 0.5458 0.5342 0.5342 0.5204 0.5066 0.502 0.4904 0.4812 0.4743 0.4651 0.4582 0.4662 0.4454 0.4292 0.4269 0.4107 0.3944 0.3899 0.3806 0.3667 0.3598 0.3528 0.3389 0.3297 0.325 0.3111 0.3042 0.295 0.2857 0.2788 0.2694 0.4589 0.4381 0.4358 0.4242 0.4034 0.4012 0.3966 0.3781 0.3734 0.3666 0.3504 0.3436 0.3389 0.325 0.3158 0.3089 0.2973 0.2881 0.2836 0.2743
1.0 0.0 0.0 0.4882 0.3019 0.2673 0.0307 0.0227 0.0307 0.79 0.8 0.81 0.82 0.83 0.84 0.85 0.86 0.87 0.88 0.89 0.9 0.91 0.92 0.93 0.94 0.95 0.96 0.97 0.0 0.6263 0.6194 0.5988 0.5918 0.5896 0.5711 0.5596 0.5619 0.5458 0.5342 0.5342 0.5204 0.5066 0.502 0.4904 0.4812 0.4743 0.4651 0.4582 0.449 0.4454 0.4292 0.4269 0.4107 0.3944 0.3899 0.3806 0.3667 0.3598 0.3528 0.3389 0.3297 0.325 0.3111 0.3042 0.295 0.2857 0.2788 0.2694 0.2626 0.4381 0.4358 0.4242 0.4034 0.4012 0.3966 0.3781 0.3734 0.3666 0.3504 0.3436 0.3389 0.325 0.3158 0.3089 0.2973 0.2881 0.2836 0.2743 0.2651
1.0 0.0 0.0 0.5527 0.288 0.3342 0.0153 0.1543 0.023 0.8 0.81 0.82 0.83 0.84 0.85 0.86 0.87 0.88 0.89 0.9 0.91 0.92 0.93 0.94 0.95 0.96 0.97 0.0 0.01 0.6194 0.5988 0.5918 0.5896 0.5711 0.5596 0.5619 0.5458 0.5342 0.5342 0.5204 0.5066 0.502 0.4904 0.4812 0.4743 0.4651 0.4582 0.449 0.4444 0.4292 0.4269 0.4107 0.3944 0.3899 0.3806 0.3667 0.3598 0.3528 0.3389 0.3297 0.325 0.3111 0.3042 0.295 0.2857 0.2788 0.2694 0.2626 0.3089 0.4358 0.4242 0.4034 0.4012 0.3966 0.3781 0.3734 0.3666 0.3504 0.3436 0.3389 0.325 0.3158 0.3089 0.2973 0.2881 0.2836 0.2743 0.2651 0.272
1.0 0.0 0.0 0.525 0.3574 0.362 0.146 0.0233 0.0157 0.81 0.82 0.83 0.84 0.85 0.86 0.87 0.88 0.89 0.9 0.91 0.92 0.93 0.94 0.95 0.96 0.97 0.0 0.01 0.02 0.5988 0.5918 0.5896 0.5711 0.5596 0.5619 0.5458 0.5342 0.5342 0.5204 0.5066 0.502 0.4904 0.4812 0.4743 0.4651 0.4582 0.449 0.4444 0.4882 0.4269 0.4107 0.3944 0.3899 0.3806 0.3667 0.3598 0.3528 0.3389 0.3297 0.325 0.3111 0.3042 0.295 0.2857 0.2788 0.2694 0.2626 0.3089 0.3019 0.4242 0.4034 0.4012 0.3966 0.3781 0.3734 0.3666 0.3504 0.3436 0.3389 0.325 0.3158 0.3089 0.2973 0.2881 0.2836 0.2743 0.2651 0.272 0.2673
1.0 0.0 0.0 0.5319 0.3528 0.332 0.215 0.0463 0.223 0.82 0.83 0.84 0.85 0.86 0.87 0.88 0.89 0.9 0.91 0.92 0.93 0.94 0.95 0.96 0.97 0.0 0.01 0.02 0.03 0.5918 0.5896 0.5711 0.5596 0.5619 0.5458 0.5342 0.5342 0.5204 0.5066 0.502 0.4904 0.4812 0.4743 0.4651 0.4582 0.449 0.4444 0.4882 0.5527 0.4107 0.3944 0.3899 0.3806 0.3667 0.3598 0.3528 0.3389 0.3297 0.325 0.3111 0.3042 0.295 0.2857 0.2788 0.2694 0.2626 0.3089 0.3019 0.288 0.4034 0.4012 0.3966 0.3781 0.3734 0.3666 0.3504 0.3436 0.3389 0.325 0.3158 0.3089 0.2973 0.2881 0.2836 0.2743 0.2651 0.272 0.2673 0.3342
1.0 0.0 0.0 0.6149 0.3297 0.3689 0.0923 0.2313 0.0927 0.83 0.84 0.85 0.86 0.87 0.88 0.89 0.9 0.91 0.92 0.93 0.94 0.95 0.96 0.97 0.0 0.01 0.02 0.03 0.04 0.5896 0.5711 0.5596 0.5619 0.5458 0.5342 0.5342 0.5204 0.5066 0.502 0.4904 0.4812 0.4743 0.4651 0.4582 0.449 0.4444 0.4882 0.5527 0.525 0.3944 0.3899 0.3806 0.3667 0.3598 0.3528 0.3389 0.3297 0.325 0.3111 0.3042 0.295 0.2857 0.2788 0.2694 0.2626 0.3089 0.3019 0.288 0.3574 0.4012 0.3966 0.3781 0.3734 0.3666 0.3504 0.3436 0.3389 0.325 0.3158 0.3089 0.2973 0.2881 0.2836 0.2743 0.2651 0.272 0.2673 0.3342 0.362
1.0 0.0 0.0 0.5827 0.3852 0.4173 0.023 0.0153 0.1 0.84 0.85 0.86 0.87 0.88 0.89 0.9 0.91 0.92 0.93 0.94 0.95 0.96 0.97 0.0 0.01 0.02 0.03 0.04 0.05 0.5711 0.5596 0.5619 0.5458 0.5342 0.5342 0.5204 0.5066 0.502 0.4904 0.4812 0.4743 0.4651 0.4582 0.449 0.4444 0.4882 0.5527 0.525 0.5319 0.3899 0.3806 0.3667 0.3598 0.3528 0.3389 0.3297 0.325 0.3111 0.3042 0.295 0.2857 0.2788 0.2694 0.2626 0.3089 0.3019 0.288 0.3574 0.3528 0.3966 0.3781 0.3734 0.3666 0.3504 0.3436 0.3389 0.325 0.3158 0.3089 0.2973 0.2881 0.2836 0.2743 0.2651 0.272 0.2673 0.3342 0.362 0.332
1.0 0.0 0.0 0.5619 0.4014 0.3758 0.2767 0.077 0.123 0.85 0.86 0.87 0.88 0.89 0.9 0.91 0.92 0.93 0.94 0.95 0.96 0.97 0.0 0.01 0.02 0.03 0.04 0.05 0.06 0.5596 0.5619 0.5458 0.5342 0.5342 0.5204 0.5066 0.502 0.4904 0.4812 0.4743 0.4651 0.4582 0.449 0.4444 0.4882 0.5527 0.525 0.5319 0.6149 0.3806 0.3667 0.3598 0.3528 0.3389 0.3297 0.325 0.3111 0.3042 0.295 0.2857 0.2788 0.2694 0.2626 0.3089 0.3019 0.288 0.3574 0.3528 0.3297 0.3781 0.3734 0.3666 0.3504 0.3436 0.3389 0.325 0.3158 0.3089 0.2973 0.2881 0.2836 0.2743 0.2651 0.272 0.2673 0.3342 0.362 0.332 0.3689
1.0 0.0 0.0 0.6517 0.3713 0.3758 0.1073 0.185 0.1613 0.86 0.87 0.88 0.89 0.9 0.91 0.92 0.93 0.94 0.95 0.96 0.97 0.0 0.01 0.02 0.03 0.04 0.05 0.06 0.07 0.5619 0.5458 0.5342 0.5342 0.5204 0.5066 0.502 0.4904 0.4812 0.4743 0.4651 0.4582 0.449 0.4444 0.4882 0.5527 0.525 0.5319 0.6149 0.5827 0.3667 0.3598 0.3528 0.3389 0.3297 0.325 0.3111 0.3042 0.295 0.2857 0.2788 0.2694 0.2626 0.3089 0.3019 0.288 0.3574 0.3528 0.3297 0.3852 0.3734 0.3666 0.3504 0.3436 0.3389 0.325 0.3158 0.3089 0.2973 0.2881 0.2836 0.2743 0.2651 0.272 0.2673 0.3342 0.362 0.332 0.3689 0.4173
1.0 0.0 0.0 0.6287 0.3921 0.4496 0.0693 0.054 0.1383 0.87 0.88 0.89 0.9 0.91 0.92 0.93 0.94 0.95 0.96 0.97 0.0 0.01 0.02 0.03 0.04 0.05 0.06 0.07 0.08 0.5458 0.5342 0.5342 0.5204 0.5066 0.502 0.4904 0.4812 0.4743 0.4651 0.4582 0.449 0.4444 0.4882 0.5527 0.525 0.5319 0.6149 0.5827 0.5619 0.3598 0.3528 0.3389 0.3297 0.325 0.3111 0.3042 0.295 0.2857 0.2788 0.2694 0.2626 0.3089 0.3019 0.288 0.3574 0.3528 0.3297 0.3852 0.4014 0.3666 0.3504 0.3436 0.3389 0.325 0.3158 0.3089 0.2973 0.2881 0.2836 0.2743 0.2651 0.272 0.2673 0.3342 0.362 0.332 0.3689 0.4173 0.3758
1.0 0.0 0.0 0.5941 0.4454 0.4081 0.2993 0.1003 0.0 0.88 0.89 0.9 0.91 0.92 0.93 0.94 0.95 0.96 0.97 0.0 0.01 0.02 0.03 0.04 0.05 0.06 0.07 0.08 0.09 0.5342 0.5342 0.5204 0.5066 0.502 0.4904 0.4812 0.4743 0.4651 0.4582 0.449 0.4444 0.4882 0.5527 0.525 0.5319 0.6149 0.5827 0.5619 0.6517 0.3528 0.3389 0.3297 0.325 0.3111 0.3042 0.295 0.2857 0.2788 0.2694 0.2626 0.3089 0.3019 0.288 0.3574 0.3528 0.3297 0.3852 0.4014 0.3713 0.3504 0.3436 0.3389 0.325 0.3158 0.3089 0.2973 0.2881 0.2836 0.2743 0.2651 0.272 0.2673 0.3342 0.362 0.332 0.3689 0.4173 0.3758 0.3758
1.0 0.0 0.0 0.6609 0.406 0.3827 0.0767 0.0693 0.246 0.89 0.9 0.91 0.92 0.93 0.94 0.95 0.96 0.97 0.0 0.01 0.02 0.03 0.04 0.05 0.06 0.07 0.08 0.09 0.1 0.5342 0.5204 0.5066 0.502 0.4904 0.4812 0.4743 0.4651 0.4582 0.449 0.4444 0.4882 0.5527 0.525 0.5319 0.6149 0.5827 0.5619 0.6517 0.6287 0.3389 0.3297 0.325 0.3111 0.3042 0.295 0.2857 0.2788 0.2694 0.2626 0.3089 0.3019 0.288 0.3574 0.3528 0.3297 0.3852 0.4014 0.3713 0.3921 0.3436 0.3389 0.325 0.3158 0.3089 0.2973 0.2881 0.2836 0.2743 0.2651 0.272 0.2673 0.3342 0.362 0.332 0.3689 0.4173 0.3758 0.3758 0.4496
1.0 0.0 0.0 0.6632 0.3991 0.4611 0.1153 0.1777 0.1383 0.9 0.91 0.92 0.93 0.94 0.95 0.96 0.97 0.0 0.01 0.02 0.03 0.04 0.05 0.06 0.07 0.08 0.09 0.1 0.11 0.5204 0.5066 0.502 0.4904 0.4812 0.4743 0.4651 0.4582 0.449 0.4444 0.4882 0.5527 0.525 0.5319 0.6149 0.5827 0.5619 0.6517 0.6287 0.5941 0.3297 0.325 0.3111 0.3042 0.295 0.2857 0.2788 0.2694 0.2626 0.3089 0.3019 0.288 0.3574 0.3528 0.3297 0.3852 0.4014 0.3713 0.3921 0.4454 0.3389 0.325 0.3158 0.3089 0.2973 0.2881 0.2836 0.2743 0.2651 0.272 0.2673 0.3342 0.362 0.332 0.3689 0.4173 0.3758 0.3758 0.4496 0.4081
1.0 0.0 0.0 0.6241 0.4732 0.4381 0.2227 0.1313 0.0847 0.91 0.92 0.93 0.94 0.95 0.96 0.97 0.0 0.01 0.02 0.03 0.04 0.05 0.06 0.07 0.08 0.09 0.1 0.11 0.12 0.5066 0.502 0.4904 0.4812 0.4743 0.4651 0.4582 0.449 0.4444 0.4882 0.5527 0.525 0.5319 0.6149 0.5827 0.5619 0.6517 0.6287 0.5941 0.6609 0.325 0.3111 0.3042 0.295 0.2857 0.2788 0.2694 0.2626 0.3089 0.3019 0.288 0.3574 0.3528 0.3297 0.3852 0.4014 0.3713 0.3921 0.4454 0.406 0.325 0.3158 0.3089 0.2973 0.2881 0.2836 0.2743 0.2651 0.272 0.2673 0.3342 0.362 0.332 0.3689 0.4173 0.3758 0.3758 0.4496 0.4081 0.3827
1.0 0.0 0.0 0.654 0.4431 0.4081 0.0077 0.023 0.2613 0.92 0.93 0.94 0.95 0.96 0.97 0.0 0.01 0.02 0.03 0.04 0.05 0.06 0.07 0.08 0.09 0.1 0.11 0.12 0.13 0.502 0.4904 0.4812 0.4743 0.4651 0.4582 0.449 0.4444 0.4882 0.5527 0.525 0.5319 0.6149 0.5827 0.5619 0.6517 0.6287 0.5941 0.6609 0.6632 0.3111 0.3042 0.295 0.2857 0.2788 0.2694 0.2626 0.3089 0.3019 0.288 0.3574 0.3528 0.3297 0.3852 0.4014 0.3713 0.3921 0.4454 0.406 0.3991 0.3158 0.3089 0.2973 0.2881 0.2836 0.2743 0.2651 0.272 0.2673 0.3342 0.362 0.332 0.3689 0.4173 0.3758 0.3758 0.4496 0.4081 0.3827 0.4611
1.0 0.0 0.0 0.6909 0.4199 0.4496 0.1303 0.247 0.0767 0.93 0.94 0.95 0.96 0.97 0.0 0.01 0.02 0.03 0.04 0.05 0.06 0.07 0.08 0.09 0.1 0.11 0.12 0.13 0.14 0.4904 0.4812 0.4743 0.4651 0.4582 0.449 0.4444 0.4882 0.5527 0.525 0.5319 0.6149 0.5827 0.5619 0.6517 0.6287 0.5941 0.6609 0.6632 0.6241 0.3042 0.295 0.2857 0.2788 0.2694 0.2626 0.3089 0.3019 0.288 0.3574 0.3528 0.3297 0.3852 0.4014 0.3713 0.3921 0.4454 0.406 0.3991 0.4732 0.3089 0.2973 0.2881 0.2836 0.2743 0.2651 0.272 0.2673 0.3342 0.362 0.332 0.3689 0.4173 0.3758 0.3758 0.4496 0.4081 0.3827 0.4611 0.4381
1.0 0.0 0.0 0.6517 0.4778 0.4681 0.0997 0.1003 0.1 0.94 0.95 0.96 0.97 0.0 0.01 0.02 0.03 0.04 0.05 0.06 0.07 0.08 0.09 0.1 0.11 0.12 0.13 0.14 0.15 0.4812 0.4743 0.4651 0.4582 0.449 0.4444 0.4882 0.5527 0.525 0.5319 0.6149 0.5827 0.5619 0.6517 0.6287 0.5941 0.6609 0.6632 0.6241 0.654 0.295 0.2857 0.2788 0.2694 0.2626 0.3089 0.3019 0.288 0.3574 0.3528 0.3297 0.3852 0.4014 0.3713 0.3921 0.4454 0.406 0.3991 0.4732 0.4431 0.2973 0.2881 0.2836 0.2743 0.2651 0.272 0.2673 0.3342 0.362 0.332 0.3689 0.4173 0.3758 0.3758 0.4496 0.4081 0.3827 0.4611 0.4381 0.4081
1.0 0.0 0.0 0.6426 0.4848 0.4381 0.123 0.0773 0.1383 0.95 0.96 0.97 0.0 0.01 0.02 0.03 0.04 0.05 0.06 0.07 0.08 0.09 0.1 0.11 0.12 0.13 0.14 0.15 0.16 0.4743 0.4651 0.4582 0.449 0.4444 0.4882 0.5527 0.525 0.5319 0.6149 0.5827 0.5619 0.6517 0.6287 0.5941 0.6609 0.6632 0.6241 0.654 0.6909 0.2857 0.2788 0.2694 0.2626 0.3089 0.3019 0.288 0.3574 0.3528 0.3297 0.3852 0.4014 0.3713 0.3921 0.4454 0.406 0.3991 0.4732 0.4431 0.4199 0.2881 0.2836 0.2743 0.2651 0.272 0.2673 0.3342 0.362 0.332 0.3689 0.4173 0.3758 0.3758 0.4496 0.4081 0.3827 0.4611 0.4381 0.4081 0.4496
1.0 0.0 0.0 0.7047 0.4547 0.4403 0.1307 0.193 0.0617 0.96 0.97 0.0 0.01 0.02 0.03 0.04 0.05 0.06 0.07 0.08 0.09 0.1 0.11 0.12 0.13 0.14 0.15 0.16 0.17 0.4651 0.4582 0.449 0.4444 0.4882 0.5527 0.525 0.5319 0.6149 0.5827 0.5619 0.6517 0.6287 0.5941 0.6609 0.6632 0.6241 0.654 0.6909 0.6517 0.2788 0.2694 0.2626 0.3089 0.3019 0.288 0.3574 0.3528 0.3297 0.3852 0.4014 0.3713 0.3921 0.4454 0.406 0.3991 0.4732 0.4431 0.4199 0.4778 0.2836 0.2743 0.2651 0.272 0.2673 0.3342 0.362 0.332 0.3689 0.4173 0.3758 0.3758 0.4496 0.4081 0.3827 0.4611 0.4381 0.4081 0.4496 0.4681
1.0 0.0 0.0 0.6748 0.4801 0.4934 0.0303 0.0233 0.1 0.97 0.0 0.01 0.02 0.03 0.04 0.05 0.06 0.07 0.08 0.09 0.1 0.11 0.12 0.13 0.14 0.15 0.16 0.17 0.18 0.4582 0.449 0.4444 0.4882 0.5527 0.525 0.5319 0.6149 0.5827 0.5619 0.6517 0.6287 0.5941 0.6609 0.6632 0.6241 0.654 0.6909 0.6517 0.6426 0.2694 0.2626 0.3089 0.3019 0.288 0.3574 0.3528 0.3297 0.3852 0.4014 0.3713 0.3921 0.4454 0.406 0.3991 0.4732 0.4431 0.4199 0.4778 0.4848 0.2743 0.2651 0.272 0.2673 0.3342 0.362 0.332 0.3689 0.4173 0.3758 0.3758 0.4496 0.4081 0.3827 0.4611 0.4381 0.4081 0.4496 0.4681 0.4381
1.0 0.0 0.0 0.6587 0.5194 0.4658 0.207 0.1003 0.0073 0.0 0.01 0.02 0.03 0.04 0.05 0.06 0.07 0.08 0.09 0.1 0.11 0.12 0.13 0.14 0.15 0.16 0.17 0.18 0.19 0.449 0.4444 0.4882 0.5527 0.525 0.5319 0.6149 0.5827 0.5619 0.6517 0.6287 0.5941 0.6609 0.6632 0.6241 0.654 0.6909 0.6517 0.6426 0.7047 0.2626 0.3089 0.3019 0.288 0.3574 0.3528 0.3297 0.3852 0.4014 0.3713 0.3921 0.4454 0.406 0.3991 0.4732 0.4431 0.4199 0.4778 0.4848 0.4547 0.2651 0.272 0.2673 0.3342 0.362 0.332 0.3689 0.4173 0.3758 0.3758 0.4496 0.4081 0.3827 0.4611 0.4381 0.4081 0.4496 0.4681 0.4381 0.4403
1.0 0.0 0.0 0.6978 0.4963 0.4658 0.0997 0.0847 0.177 0.01 0.02 0.03 0.04 0.05 0.06 0.07 0.08 0.09 0.1 0.11 0.12 0.13 0.14 0.15 0.16 0.17 0.18 0.19 0.2 0.4444 0.4882 0.5527 0.525 0.5319 0.6149 0.5827 0.5619 0.6517 0.6287 0.5941 0.6609 0.6632 0.6241 0.654 0.6909 0.6517 0.6426 0.7047 0.6748 0.3089 0.3019 0.288 0.3574 0.3528 0.3297 0.3852 0.4014 0.3713 0.3921 0.4454 0.406 0.3991 0.4732 0.4431 0.4199 0.4778 0.4848 0.4547 0.4801 0.272 0.2673 0.3342 0.362 0.332 0.3689 0.4173 0.3758 0.3758 0.4496 0.4081 0.3827 0.4611 0.4381 0.4081 0.4496 0.4681 0.4381 0.4403 0.4934
1.0 0.0 0.0 0.7208 0.4963 0.4958 0.0537 0.131 0.092 0.02 0.03 0.04 0.05 0.06 0.07 0.08 0.09 0.1 0.11 0.12 0.13 0.14 0.15 0.16 0.17 0.18 0.19 0.2 0.21 0.4882 0.5527 0.525 0.5319 0.6149 0.5827 0.5619 0.6517 0.6287 0.5941 0.6609 0.6632 0.6241 0.654 0.6909 0.6517 0.6426 0.7047 0.6748 0.6587 0.3019 0.288 0.3574 0.3528 0.3297 0.3852 0.4014 0.3713 0.3921 0.4454 0.406 0.3991 0.4732 0.4431 0.4199 0.4778 0.4848 0.4547 0.4801 0.5194 0.2673 0.3342 0.362 0.332 0.3689 0.4173 0.3758 0.3758 0.4496 0.4081 0.3827 0.4611 0.4381 0.4081 0.4496 0.4681 0.4381 0.4403 0.4934 0.4658
1.0 0.0 0.0 0.6978 0.5472 0.5211 0.1303 0.077 0.0 0.03 0.04 0.05 0.06 0.07 0.08 0.09 0.1 0.11 0.12 0.13 0.14 0.15 0.16 0.17 0.18 0.19 0.2 0.21 0.22 0.5527 0.525 0.5319 0.6149 0.5827 0.5619 0.6517 0.6287 0.5941 0.6609 0.6632 0.6241 0.654 0.6909 0.6517 0.6426 0.7047 0.6748 0.6587 0.6978 0.288 0.3574 0.3528 0.3297 0.3852 0.4014 0.3713 0.3921 0.4454 0.406 0.3991 0.4732 0.4431 0.4199 0.4778 0.4848 0.4547 0.4801 0.5194 0.4963 0.3342 0.362 0.332 0.3689 0.4173 0.3758 0.3758 0.4496 0.4081 0.3827 0.4611 0.4381 0.4081 0.4496 0.4681 0.4381 0.4403 0.4934 0.4658 0.4658
1.0 0.0 0.0 0.7093 0.5519 0.5072 0.0767 0.0 0.1 0.04 0.05 0.06 0.07 0.08 0.09 0.1 0.11 0.12 0.13 0.14 0.15 0.16 0.17 0.18 0.19 0.2 0.21 0.22 0.23 0.525 0.5319 0.6149 0.5827 0.5619 0.6517 0.6287 0.5941 0.6609 0.6632 0.6241 0.654 0.6909 0.6517 0.6426 0.7047 0.6748 0.6587 0.6978 0.7208 0.3574 0.3528 0.3297 0.3852 0.4014 0.3713 0.3921 0.4454 0.406 0.3991 0.4732 0.4431 0.4199 0.4778 0.4848 0.4547 0.4801 0.5194 0.4963 0.4963 0.362 0.332 0.3689 0.4173 0.3758 0.3758 0.4496 0.4081 0.3827 0.4611 0.4381 0.4081 0.4496 0.4681 0.4381 0.4403 0.4934 0.4658 0.4658 0.4958
1.0 0.0 0.0 0.76 0.5357 0.5258 0.0767 0.1697 0.0843 0.05 0.06 0.07 0.08 0.09 0.1 0.11 0.12 0.13 0.14 0.15 0.16 0.17 0.18 0.19 0.2 0.21 0.22 0.23 0.24 0.5319 0.6149 0.5827 0.5619 0.6517 0.6287 0.5941 0.6609 0.6632 0.6241 0.654 0.6909 0.6517 0.6426 0.7047 0.6748 0.6587 0.6978 0.7208 0.6978 0.3528 0.3297 0.3852 0.4014 0.3713 0.3921 0.4454 0.406 0.3991 0.4732 0.4431 0.4199 0.4778 0.4848 0.4547 0.4801 0.5194 0.4963 0.4963 0.5472 0.332 0.3689 0.4173 0.3758 0.3758 0.4496 0.4081 0.3827 0.4611 0.4381 0.4081 0.4496 0.4681 0.4381 0.4403 0.4934 0.4658 0.4658 0.4958 0.5211
1.0 0.0 0.0 0.76 0.5542 0.5788 0.0383 0.0157 0.0463 0.06 0.07 0.08 0.09 0.1 0.11 0.12 0.13 0.14 0.15 0.16 0.17 0.18 0.19 0.2 0.21 0.22 0.23 0.24 0.25 0.6149 0.5827 0.5619 0.6517 0.6287 0.5941 0.6609 0.6632 0.6241 0.654 0.6909 0.6517 0.6426 0.7047 0.6748 0.6587 0.6978 0.7208 0.6978 0.7093 0.3297 0.3852 0.4014 0.3713 0.3921 0.4454 0.406 0.3991 0.4732 0.4431 0.4199 0.4778 0.4848 0.4547 0.4801 0.5194 0.4963 0.4963 0.5472 0.5519 0.3689 0.4173 0.3758 0.3758 0.4496 0.4081 0.3827 0.4611 0.4381 0.4081 0.4496 0.4681 0.4381 0.4403 0.4934 0.4658 0.4658 0.4958 0.5211 0.5072
1.0 0.0 0.0 0.7553 0.6143 0.5557 0.169 0.054 0.062 0.07 0.08 0.09 0.1 0.11 0.12 0.13 0.14 0.15 0.16 0.17 0.18 0.19 0.2 0.21 0.22 0.23 0.24 0.25 0.26 0.5827 0.5619 0.6517 0.6287 0.5941 0.6609 0.6632 0.6241 0.654 0.6909 0.6517 0.6426 0.7047 0.6748 0.6587 0.6978 0.7208 0.6978 0.7093 0.76 0.3852 0.4014 0.3713 0.3921 0.4454 0.406 0.3991 0.4732 0.4431 0.4199 0.4778 0.4848 0.4547 0.4801 0.5194 0.4963 0.4963 0.5472 0.5519 0.5357 0.4173 0.3758 0.3758 0.4496 0.4081 0.3827 0.4611 0.4381 0.4081 0.4496 0.4681 0.4381 0.4403 0.4934 0.4658 0.4658 0.4958 0.5211 0.5072 0.5258
1.0 0.0 0.0 0.8014 0.582 0.5557 0.0 0.0617 0.1767 0.08 0.09 0.1 0.11 0.12 0.13 0.14 0.15 0.16 0.17 0.18 0.19 0.2 0.21 0.22 0.23 0.24 0.25 0.26 0.27 0.5619 0.6517 0.6287 0.5941 0.6609 0.6632 0.6241 0.654 0.6909 0.6517 0.6426 0.7047 0.6748 0.6587 0.6978 0.7208 0.6978 0.7093 0.76 0.76 0.4014 0.3713 0.3921 0.4454 0.406 0.3991 0.4732 0.4431 0.4199 0.4778 0.4848 0.4547 0.4801 0.5194 0.4963 0.4963 0.5472 0.5519 0.5357 0.5542 0.3758 0.3758 0.4496 0.4081 0.3827 0.4611 0.4381 0.4081 0.4496 0.4681 0.4381 0.4403 0.4934 0.4658 0.4658 0.4958 0.5211 0.5072 0.5258 0.5788
1.0 0.0 0.0 0.8199 0.5797 0.6111 0.0157 0.2003 0.077 0.09 0.1 0.11 0.12 0.13 0.14 0.15 0.16 0.17 0.18 0.19 0.2 0.21 0.22 0.23 0.24 0.25 0.26 0.27 0.28 0.6517 0.6287 0.5941 0.6609 0.6632 0.6241 0.654 0.6909 0.6517 0.6426 0.7047 0.6748 0.6587 0.6978 0.7208 0.6978 0.7093 0.76 0.76 0.7553 0.3713 0.3921 0.4454 0.406 0.3991 0.4732 0.4431 0.4199 0.4778 0.4848 0.4547 0.4801 0.5194 0.4963 0.4963 0.5472 0.5519 0.5357 0.5542 0.6143 0.3758 0.4496 0.4081 0.3827 0.4611 0.4381 0.4081 0.4496 0.4681 0.4381 0.4403 0.4934 0.4658 0.4658 0.4958 0.5211 0.5072 0.5258 0.5788 0.5557
1.0 0.0 0.0 0.7946 0.6374 0.6041 0.1537 0.1077 0.0 0.1 0.11 0.12 0.13 0.14 0.15 0.16 0.17 0.18 0.19 0.2 0.21 0.22 0.23 0.24 0.25 0.26 0.27 0.28 0.29 0.6287 0.5941 0.6609 0.6632 0.6241 0.654 0.6909 0.6517 0.6426 0.7047 0.6748 0.6587 0.6978 0.7208 0.6978 0.7093 0.76 0.76 0.7553 0.8014 0.3921 0.4454 0.406 0.3991 0.4732 0.4431 0.4199 0.4778 0.4848 0.4547 0.4801 0.5194 0.4963 0.4963 0.5472 0.5519 0.5357 0.5542 0.6143 0.582 0.4496 0.4081 0.3827 0.4611 0.4381 0.4081 0.4496 0.4681 0.4381 0.4403 0.4934 0.4658 0.4658 0.4958 0.5211 0.5072 0.5258 0.5788 0.5557 0.5557
1.0 0.0 0.0 0.8083 0.6074 0.5834 0.0617 0.0077 0.1847 0.11 0.12 0.13 0.14 0.15 0.16 0.17 0.18 0.19 0.2 0.21 0.22 0.23 0.24 0.25 0.26 0.27 0.28 0.29 0.3 0.5941 0.6609 0.6632 0.6241 0.654 0.6909 0.6517 0.6426 0.7047 0.6748 0.6587 0.6978 0.7208 0.6978 0.7093 0.76 0.76 0.7553 0.8014 0.8199 0.4454 0.406 0.3991 0.4732 0.4431 0.4199 0.4778 0.4848 0.4547 0.4801 0.5194 0.4963 0.4963 0.5472 0.5519 0.5357 0.5542 0.6143 0.582 0.5797 0.4081 0.3827 0.4611 0.4381 0.4081 0.4496 0.4681 0.4381 0.4403 0.4934 0.4658 0.4658 0.4958 0.5211 0.5072 0.5258 0.5788 0.5557 0.5557 0.6111
1.0 0.0 0.0 0.8498 0.5912 0.6226 0.0843 0.1923 0.0233 0.12 0.13 0.14 0.15 0.16 0.17 0.18 0.19 0.2 0.21 0.22 0.23 0.24 0.25 0.26 0.27 0.28 0.29 0.3 0.31 0.6609 0.6632 0.6241 0.654 0.6909 0.6517 0.6426 0.7047 0.6748 0.6587 0.6978 0.7208 0.6978 0.7093 0.76 0.76 0.7553 0.8014 0.8199 0.7946 0.406 0.3991 0.4732 0.4431 0.4199 0.4778 0.4848 0.4547 0.4801 0.5194 0.4963 0.4963 0.5472 0.5519 0.5357 0.5542 0.6143 0.582 0.5797 0.6374 0.3827 0.4611 0.4381 0.4081 0.4496 0.4681 0.4381 0.4403 0.4934 0.4658 0.4658 0.4958 0.5211 0.5072 0.5258 0.5788 0.5557 0.5557 0.6111 0.6041
1.0 0.0 0.0 0.806 0.6236 0.6319 0.0457 0.1 0.069 0.13 0.14 0.15 0.16 0.17 0.18 0.19 0.2 0.21 0.22 0.23 0.24 0.25 0.26 0.27 0.28 0.29 0.3 0.31 0.32 0.6632 0.6241 0.654 0.6909 0.6517 0.6426 0.7047 0.6748 0.6587 0.6978 0.7208 0.6978 0.7093 0.76 0.76 0.7553 0.8014 0.8199 0.7946 0.8083 0.3991 0.4732 0.4431 0.4199 0.4778 0.4848 0.4547 0.4801 0.5194 0.4963 0.4963 0.5472 0.5519 0.5357 0.5542 0.6143 0.582 0.5797 0.6374 0.6074 0.4611 0.4381 0.4081 0.4496 0.4681 0.4381 0.4403 0.4934 0.4658 0.4658 0.4958 0.5211 0.5072 0.5258 0.5788 0.5557 0.5557 0.6111 0.6041 0.5834
1.0 0.0 0.0 0.8083 0.6143 0.5927 0.1383 0.054 0.1307 0.14 0.15 0.16 0.17 0.18 0.19 0.2 0.21 0.22 0.23 0.24 0.25 0.26 0.27 0.28 0.29 0.3 0.31 0.32 0.33 0.6241 0.654 0.6909 0.6517 0.6426 0.7047 0.6748 0.6587 0.6978 0.7208 0.6978 0.7093 0.76 0.76 0.7553 0.8014 0.8199 0.7946 0.8083 0.8498 0.4732 0.4431 0.4199 0.4778 0.4848 0.4547 0.4801 0.5194 0.4963 0.4963 0.5472 0.5519 0.5357 0.5542 0.6143 0.582 0.5797 0.6374 0.6074 0.5912 0.4381 0.4081 0.4496 0.4681 0.4381 0.4403 0.4934 0.4658 0.4658 0.4958 0.5211 0.5072 0.5258 0.5788 0.5557 0.5557 0.6111 0.6041 0.5834 0.6226
1.0 0.0 0.0 0.8613 0.5936 0.6133 0.146 0.108 0.031 0.15 0.16 0.17 0.18 0.19 0.2 0.21 0.22 0.23 0.24 0.25 0.26 0.27 0.28 0.29 0.3 0.31 0.32 0.33 0.34 0.654 0.6909 0.6517 0.6426 0.7047 0.6748 0.6587 0.6978 0.7208 0.6978 0.7093 0.76 0.76 0.7553 0.8014 0.8199 0.7946 0.8083 0.8498 0.806 0.4431 0.4199 0.4778 0.4848 0.4547 0.4801 0.5194 0.4963 0.4963 0.5472 0.5519 0.5357 0.5542 0.6143 0.582 0.5797 0.6374 0.6074 0.5912 0.6236 0.4081 0.4496 0.4681 0.4381 0.4403 0.4934 0.4658 0.4658 0.4958 0.5211 0.5072 0.5258 0.5788 0.5557 0.5557 0.6111 0.6041 0.5834 0.6226 0.6319
1.0 0.0 0.0 0.8152 0.6259 0.6388 0.0077 0.031 0.1307 0.16 0.17 0.18 0.19 0.2 0.21 0.22 0.23 0.24 0.25 0.26 0.27 0.28 0.29 0.3 0.31 0.32 0.33 0.34 0.35 0.6909 0.6517 0.6426 0.7047 0.6748 0.6587 0.6978 0.7208 0.6978 0.7093 0.76 0.76 0.7553 0.8014 0.8199 0.7946 0.8083 0.8498 0.806 0.8083 0.4199 0.4778 0.4848 0.4547 0.4801 0.5194 0.4963 0.4963 0.5472 0.5519 0.5357 0.5542 0.6143 0.582 0.5797 0.6374 0.6074 0.5912 0.6236 0.6143 0.4496 0.4681 0.4381 0.4403 0.4934 0.4658 0.4658 0.4958 0.5211 0.5072 0.5258 0.5788 0.5557 0.5557 0.6111 0.6041 0.5834 0.6226 0.6319 0.5927
1.0 0.0 0.0 0.8014 0.612 0.5996 0.1767 0.069 0.0687 0.17 0.18 0.19 0.2 0.21 0.22 0.23 0.24 0.25 0.26 0.27 0.28 0.29 0.3 0.31 0.32 0.33 0.34 0.35 0.36 0.6517 0.6426 0.7047 0.6748 0.6587 0.6978 0.7208 0.6978 0.7093 0.76 0.76 0.7553 0.8014 0.8199 0.7946 0.8083 0.8498 0.806 0.8083 0.8613 0.4778 0.4848 0.4547 0.4801 0.5194 0.4963 0.4963 0.5472 0.5519 0.5357 0.5542 0.6143 0.582 0.5797 0.6374 0.6074 0.5912 0.6236 0.6143 0.5936 0.4681 0.4381 0.4403 0.4934 0.4658 0.4658 0.4958 0.5211 0.5072 0.5258 0.5788 0.5557 0.5557 0.6111 0.6041 0.5834 0.6226 0.6319 0.5927 0.6133
1.0 0.0 0.0 0.859 0.5959 0.6249 0.1537 0.1077 0.085 0.18 0.19 0.2 0.21 0.22 0.23 0.24 0.25 0.26 0.27 0.28 0.29 0.3 0.31 0.32 0.33 0.34 0.35 0.36 0.37 0.6426 0.7047 0.6748 0.6587 0.6978 0.7208 0.6978 0.7093 0.76 0.76 0.7553 0.8014 0.8199 0.7946 0.8083 0.8498 0.806 0.8083 0.8613 0.8152 0.4848 0.4547 0.4801 0.5194 0.4963 0.4963 0.5472 0.5519 0.5357 0.5542 0.6143 0.582 0.5797 0.6374 0.6074 0.5912 0.6236 0.6143 0.5936 0.6259 0.4381 0.4403 0.4934 0.4658 0.4658 0.4958 0.5211 0.5072 0.5258 0.5788 0.5557 0.5557 0.6111 0.6041 0.5834 0.6226 0.6319 0.5927 0.6133 0.6388
1.0 0.0 0.0 0.8244 0.6329 0.648 0.046 0.0463 0.1307 0.19 0.2 0.21 0.22 0.23 0.24 0.25 0.26 0.27 0.28 0.29 0.3 0.31 0.32 0.33 0.34 0.35 0.36 0.37 0.38 0.7047 0.6748 0.6587 0.6978 0.7208 0.6978 0.7093 0.76 0.76 0.7553 0.8014 0.8199 0.7946 0.8083 0.8498 0.806 0.8083 0.8613 0.8152 0.8014 0.4547 0.4801 0.5194 0.4963 0.4963 0.5472 0.5519 0.5357 0.5542 0.6143 0.582 0.5797 0.6374 0.6074 0.5912 0.6236 0.6143 0.5936 0.6259 0.612 0.4403 0.4934 0.4658 0.4658 0.4958 0.5211 0.5072 0.5258 0.5788 0.5557 0.5557 0.6111 0.6041 0.5834 0.6226 0.6319 0.5927 0.6133 0.6388 0.5996
1.0 0.0 0.0 0.8152 0.6329 0.6111 0.192 0.0537 0.0843 0.2 0.21 0.22 0.23 0.24 0.25 0.26 0.27 0.28 0.29 0.3 0.31 0.32 0.33 0.34 0.35 0.36 0.37 0.38 0.39 0.6748 0.6587 0.6978 0.7208 0.6978 0.7093 0.76 0.76 0.7553 0.8014 0.8199 0.7946 0.8083 0.8498 0.806 0.8083 0.8613 0.8152 0.8014 0.859 0.4801 0.5194 0.4963 0.4963 0.5472 0.5519 0.5357 0.5542 0.6143 0.582 0.5797 0.6374 0.6074 0.5912 0.6236 0.6143 0.5936 0.6259 0.612 0.5959 0.4934 0.4658 0.4658 0.4958 0.5211 0.5072 0.5258 0.5788 0.5557 0.5557 0.6111 0.6041 0.5834 0.6226 0.6319 0.5927 0.6133 0.6388 0.5996 0.6249
1.0 0.0 0.0 0.8774 0.6098 0.6319 0.1153 0.1233 0.077 0.21 0.22 0.23 0.24 0.25 0.26 0.27 0.28 0.29 0.3 0.31 0.32 0.33 0.34 0.35 0.36 0.37 0.38 0.39 0.4 0.6587 0.6978 0.7208 0.6978 0.7093 0.76 0.76 0.7553 0.8014 0.8199 0.7946 0.8083 0.8498 0.806 0.8083 0.8613 0.8152 0.8014 0.859 0.8244 0.5194 0.4963 0.4963 0.5472 0.5519 0.5357 0.5542 0.6143 0.582 0.5797 0.6374 0.6074 0.5912 0.6236 0.6143 0.5936 0.6259 0.612 0.5959 0.6329 0.4658 0.4658 0.4958 0.5211 0.5072 0.5258 0.5788 0.5557 0.5557 0.6111 0.6041 0.5834 0.6226 0.6319 0.5927 0.6133 0.6388 0.5996 0.6249 0.648
1.0 0.0 0.0 0.8406 0.6398 0.6733 0.0307 0.0 0.123 0.22 0.23 0.24 0.25 0.26 0.27 0.28 0.29 0.3 0.31 0.32 0.33 0.34 0.35 0.36 0.37 0.38 0.39 0.4 0.41 0.6978 0.7208 0.6978 0.7093 0.76 0.76 0.7553 0.8014 0.8199 0.7946 0.8083 0.8498 0.806 0.8083 0.8613 0.8152 0.8014 0.859 0.8244 0.8152 0.4963 0.4963 0.5472 0.5519 0.5357 0.5542 0.6143 0.582 0.5797 0.6374 0.6074 0.5912 0.6236 0.6143 0.5936 0.6259 0.612 0.5959 0.6329 0.6329 0.4658 0.4958 0.5211 0.5072 0.5258 0.5788 0.5557 0.5557 0.6111 0.6041 0.5834 0.6226 0.6319 0.5927 0.6133 0.6388 0.5996 0.6249 0.648 0.6111
1.0 0.0 0.0 0.8221 0.6607 0.6319 0.2073 0.077 0.0693 0.23 0.24 0.25 0.26 0.27 0.28 0.29 0.3 0.31 0.32 0.33 0.34 0.35 0.36 0.37 0.38 0.39 0.4 0.41 0.42 0.7208 0.6978 0.7093 0.76 0.76 0.7553 0.8014 0.8199 0.7946 0.8083 0.8498 0.806 0.8083 0.8613 0.8152 0.8014 0.859 0.8244 0.8152 0.8774 0.4963 0.5472 0.5519 0.5357 0.5542 0.6143 0.582 0.5797 0.6374 0.6074 0.5912 0.6236 0.6143 0.5936 0.6259 0.612 0.5959 0.6329 0.6329 0.6098 0.4958 0.5211 0.5072 0.5258 0.5788 0.5557 0.5557 0.6111 0.6041 0.5834 0.6226 0.6319 0.5927 0.6133 0.6388 0.5996 0.6249 0.648 0.6111 0.6319
1.0 0.0 0.0 0.8936 0.6329 0.6341 0.1227 0.1 0.138 0.24 0.25 0.26 0.27 0.28 0.29 0.3 0.31 0.32 0.33 0.34 0.35 0.36 0.37 0.38 0.39 0.4 0.41 0.42 0.43 0.6978 0.7093 0.76 0.76 0.7553 0.8014 0.8199 0.7946 0.8083 0.8498 0.806 0.8083 0.8613 0.8152 0.8014 0.859 0.8244 0.8152 0.8774 0.8406 0.5472 0.5519 0.5357 0.5542 0.6143 0.582 0.5797 0.6374 0.6074 0.5912 0.6236 0.6143 0.5936 0.6259 0.612 0.5959 0.6329 0.6329 0.6098 0.6398 0.5211 0.5072 0.5258 0.5788 0.5557 0.5557 0.6111 0.6041 0.5834 0.6226 0.6319 0.5927 0.6133 0.6388 0.5996 0.6249 0.648 0.6111 0.6319 0.6733
1.0 0.0 0.0 0.8637 0.6468 0.6964 0.0617 0.0697 0.138 0.25 0.26 0.27 0.28 0.29 0.3 0.31 0.32 0.33 0.34 0.35 0.36 0.37 0.38 0.39 0.4 0.41 0.42 0.43 0.44 0.7093 0.76 0.76 0.7553 0.8014 0.8199 0.7946 0.8083 0.8498 0.806 0.8083 0.8613 0.8152 0.8014 0.859 0.8244 0.8152 0.8774 0.8406 0.8221 0.5519 0.5357 0.5542 0.6143 0.582 0.5797 0.6374 0.6074 0.5912 0.6236 0.6143 0.5936 0.6259 0.612 0.5959 0.6329 0.6329 0.6098 0.6398 0.6607 0.5072 0.5258 0.5788 0.5557 0.5557 0.6111 0.6041 0.5834 0.6226 0.6319 0.5927 0.6133 0.6388 0.5996 0.6249 0.648 0.6111 0.6319 0.6733 0.6319
1.0 0.0 0.0 0.836 0.6884 0.6549 0.2383 0.0927 0.0073 0.26 0.27 0.28 0.29 0.3 0.31 0.32 0.33 0.34 0.35 0.36 0.37 0.38 0.39 0.4 0.41 0.42 0.43 0.44 0.45 0.76 0.76 0.7553 0.8014 0.8199 0.7946 0.8083 0.8498 0.806 0.8083 0.8613 0.8152 0.8014 0.859 0.8244 0.8152 0.8774 0.8406 0.8221 0.8936 0.5357 0.5542 0.6143 0.582 0.5797 0.6374 0.6074 0.5912 0.6236 0.6143 0.5936 0.6259 0.612 0.5959 0.6329 0.6329 0.6098 0.6398 0.6607 0.6329 0.5258 0.5788 0.5557 0.5557 0.6111 0.6041 0.5834 0.6226 0.6319 0.5927 0.6133 0.6388 0.5996 0.6249 0.648 0.6111 0.6319 0.6733 0.6319 0.6341
1.0 0.0 0.0 0.9028 0.6583 0.6341 0.0997 0.0463 0.2077 0.27 0.28 0.29 0.3 0.31 0.32 0.33 0.34 0.35 0.36 0.37 0.38 0.39 0.4 0.41 0.42 0.43 0.44 0.45 0.46 0.76 0.7553 0.8014 0.8199 0.7946 0.8083 0.8498 0.806 0.8083 0.8613 0.8152 0.8014 0.859 0.8244 0.8152 0.8774 0.8406 0.8221 0.8936 0.8637 0.5542 0.6143 0.582 0.5797 0.6374 0.6074 0.5912 0.6236 0.6143 0.5936 0.6259 0.612 0.5959 0.6329 0.6329 0.6098 0.6398 0.6607 0.6329 0.6468 0.5788 0.5557 0.5557 0.6111 0.6041 0.5834 0.6226 0.6319 0.5927 0.6133 0.6388 0.5996 0.6249 0.648 0.6111 0.6319 0.6733 0.6319 0.6341 0.6964
1.0 0.0 0.0 0.8936 0.6583 0.7102 0.0923 0.1387 0.1383 0.28 0.29 0.3 0.31 0.32 0.33 0.34 0.35 0.36 0.37 0.38 0.39 0.4 0.41 0.42 0.43 0.44 0.45 0.46 0.47 0.7553 0.8014 0.8199 0.7946 0.8083 0.8498 0.806 0.8083 0.8613 0.8152 0.8014 0.859 0.8244 0.8152 0.8774 0.8406 0.8221 0.8936 0.8637 0.836 0.6143 0.582 0.5797 0.6374 0.6074 0.5912 0.6236 0.6143 0.5936 0.6259 0.612 0.5959 0.6329 0.6329 0.6098 0.6398 0.6607 0.6329 0.6468 0.6884 0.5557 0.5557 0.6111 0.6041 0.5834 0.6226 0.6319 0.5927 0.6133 0.6388 0.5996 0.6249 0.648 0.6111 0.6319 0.6733 0.6319 0.6341 0.6964 0.6549
1.0 0.0 0.0 0.8544 0.7162 0.6757 0.2227 0.1003 0.0693 0.29 0.3 0.31 0.32 0.33 0.34 0.35 0.36 0.37 0.38 0.39 0.4 0.41 0.42 0.43 0.44 0.45 0.46 0.47 0.48 0.8014 0.8199 0.7946 0.8083 0.8498 0.806 0.8083 0.8613 0.8152 0.8014 0.859 0.8244 0.8152 0.8774 0.8406 0.8221 0.8936 0.8637 0.836 0.9028 0.582 0.5797 0.6374 0.6074 0.5912 0.6236 0.6143 0.5936 0.6259 0.612 0.5959 0.6329 0.6329 0.6098 0.6398 0.6607 0.6329 0.6468 0.6884 0.6583 0.5557 0.6111 0.6041 0.5834 0.6226 0.6319 0.5927 0.6133 0.6388 0.5996 0.6249 0.648 0.6111 0.6319 0.6733 0.6319 0.6341 0.6964 0.6549 0.6341
1.0 0.0 0.0 0.9004 0.6769 0.6411 0.0307 0.0 0.2537 0.3 0.31 0.32 0.33 0.34 0.35 0.36 0.37 0.38 0.39 0.4 0.41 0.42 0.43 0.44 0.45 0.46 0.47 0.48 0.49 0.8199 0.7946 0.8083 0.8498 0.806 0.8083 0.8613 0.8152 0.8014 0.859 0.8244 0.8152 0.8774 0.8406 0.8221 0.8936 0.8637 0.836 0.9028 0.8936 0.5797 0.6374 0.6074 0.5912 0.6236 0.6143 0.5936 0.6259 0.612 0.5959 0.6329 0.6329 0.6098 0.6398 0.6607 0.6329 0.6468 0.6884 0.6583 0.6583 0.6111 0.6041 0.5834 0.6226 0.6319 0.5927 0.6133 0.6388 0.5996 0.6249 0.648 0.6111 0.6319 0.6733 0.6319 0.6341 0.6964 0.6549 0.6341 0.7102
1.0 0.0 0.0 0.912 0.6583 0.7057 0.1307 0.193 0.115 0.31 0.32 0.33 0.34 0.35 0.36 0.37 0.38 0.39 0.4 0.41 0.42 0.43 0.44 0.45 0.46 0.47 0.48 0.49 0.5 0.7946 0.8083 0.8498 0.806 0.8083 0.8613 0.8152 0.8014 0.859 0.8244 0.8152 0.8774 0.8406 0.8221 0.8936 0.8637 0.836 0.9028 0.8936 0.8544 0.6374 0.6074 0.5912 0.6236 0.6143 0.5936 0.6259 0.612 0.5959 0.6329 0.6329 0.6098 0.6398 0.6607 0.6329 0.6468 0.6884 0.6583 0.6583 0.7162 0.6041 0.5834 0.6226 0.6319 0.5927 0.6133 0.6388 0.5996 0.6249 0.648 0.6111 0.6319 0.6733 0.6319 0.6341 0.6964 0.6549 0.6341 0.7102 0.6757
1.0 0.0 0.0 0.8637 0.7231 0.6826 0.1533 0.131 0.1153 0.32 0.33 0.34 0.35 0.36 0.37 0.38 0.39 0.4 0.41 0.42 0.43 0.44 0.45 0.46 0.47 0.48 0.49 0.5 0.51 0.8083 0.8498 0.806 0.8083 0.8613 0.8152 0.8014 0.859 0.8244 0.8152 0.8774 0.8406 0.8221 0.8936 0.8637 0.836 0.9028 0.8936 0.8544 0.9004 0.6074 0.5912 0.6236 0.6143 0.5936 0.6259 0.612 0.5959 0.6329 0.6329 0.6098 0.6398 0.6607 0.6329 0.6468 0.6884 0.6583 0.6583 0.7162 0.6769 0.5834 0.6226 0.6319 0.5927 0.6133 0.6388 0.5996 0.6249 0.648 0.6111 0.6319 0.6733 0.6319 0.6341 0.6964 0.6549 0.6341 0.7102 0.6757 0.6411
1.0 0.0 0.0 0.8774 0.6861 0.6457 0.0387 0.062 0.2153 0.33 0.34 0.35 0.36 0.37 0.38 0.39 0.4 0.41 0.42 0.43 0.44 0.45 0.46 0.47 0.48 0.49 0.5 0.51 0.52 0.8498 0.806 0.8083 0.8613 0.8152 0.8014 0.859 0.8244 0.8152 0.8774 0.8406 0.8221 0.8936 0.8637 0.836 0.9028 0.8936 0.8544 0.9004 0.912 0.5912 0.6236 0.6143 0.5936 0.6259 0.612 0.5959 0.6329 0.6329 0.6098 0.6398 0.6607 0.6329 0.6468 0.6884 0.6583 0.6583 0.7162 0.6769 0.6583 0.6226 0.6319 0.5927 0.6133 0.6388 0.5996 0.6249 0.648 0.6111 0.6319 0.6733 0.6319 0.6341 0.6964 0.6549 0.6341 0.7102 0.6757 0.6411 0.7057
1.0 0.0 0.0 0.9143 0.6537 0.678 0.161 0.216 0.077 0.34 0.35 0.36 0.37 0.38 0.39 0.4 0.41 0.42 0.43 0.44 0.45 0.46 0.47 0.48 0.49 0.5 0.51 0.52 0.53 0.806 0.8083 0.8613 0.8152 0.8014 0.859 0.8244 0.8152 0.8774 0.8406 0.8221 0.8936 0.8637 0.836 0.9028 0.8936 0.8544 0.9004 0.912 0.8637 0.6236 0.6143 0.5936 0.6259 0.612 0.5959 0.6329 0.6329 0.6098 0.6398 0.6607 0.6329 0.6468 0.6884 0.6583 0.6583 0.7162 0.6769 0.6583 0.7231 0.6319 0.5927 0.6133 0.6388 0.5996 0.6249 0.648 0.6111 0.6319 0.6733 0.6319 0.6341 0.6964 0.6549 0.6341 0.7102 0.6757 0.6411 0.7057 0.6826
1.0 0.0 0.0 0.8659 0.7023 0.6872 0.0457 0.1233 0.123 0.35 0.36 0.37 0.38 0.39 0.4 0.41 0.42 0.43 0.44 0.45 0.46 0.47 0.48 0.49 0.5 0.51 0.52 0.53 0.54 0.8083 0.8613 0.8152 0.8014 0.859 0.8244 0.8152 0.8774 0.8406 0.8221 0.8936 0.8637 0.836 0.9028 0.8936 0.8544 0.9004 0.912 0.8637 0.8774 0.6143 0.5936 0.6259 0.612 0.5959 0.6329 0.6329 0.6098 0.6398 0.6607 0.6329 0.6468 0.6884 0.6583 0.6583 0.7162 0.6769 0.6583 0.7231 0.6861 0.5927 0.6133 0.6388 0.5996 0.6249 0.648 0.6111 0.6319 0.6733 0.6319 0.6341 0.6964 0.6549 0.6341 0.7102 0.6757 0.6411 0.7057 0.6826 0.6457
1.0 0.0 0.0 0.8429 0.6908 0.6433 0.123 0.108 0.1077 0.36 0.37 0.38 0.39 0.4 0.41 0.42 0.43 0.44 0.45 0.46 0.47 0.48 0.49 0.5 0.51 0.52 0.53 0.54 0.55 0.8613 0.8152 0.8014 0.859 0.8244 0.8152 0.8774 0.8406 0.8221 0.8936 0.8637 0.836 0.9028 0.8936 0.8544 0.9004 0.912 0.8637 0.8774 0.9143 0.5936 0.6259 0.612 0.5959 0.6329 0.6329 0.6098 0.6398 0.6607 0.6329 0.6468 0.6884 0.6583 0.6583 0.7162 0.6769 0.6583 0.7231 0.6861 0.6537 0.6133 0.6388 0.5996 0.6249 0.648 0.6111 0.6319 0.6733 0.6319 0.6341 0.6964 0.6549 0.6341 0.7102 0.6757 0.6411 0.7057 0.6826 0.6457 0.678
1.0 0.0 0.0 0.9097 0.6513 0.648 0.1613 0.162 0.0307 0.37 0.38 0.39 0.4 0.41 0.42 0.43 0.44 0.45 0.46 0.47 0.48 0.49 0.5 0.51 0.52 0.53 0.54 0.55 0.56 0.8152 0.8014 0.859 0.8244 0.8152 0.8774 0.8406 0.8221 0.8936 0.8637 0.836 0.9028 0.8936 0.8544 0.9004 0.912 0.8637 0.8774 0.9143 0.8659 0.6259 0.612 0.5959 0.6329 0.6329 0.6098 0.6398 0.6607 0.6329 0.6468 0.6884 0.6583 0.6583 0.7162 0.6769 0.6583 0.7231 0.6861 0.6537 0.7023 0.6388 0.5996 0.6249 0.648 0.6111 0.6319 0.6733 0.6319 0.6341 0.6964 0.6549 0.6341 0.7102 0.6757 0.6411 0.7057 0.6826 0.6457 0.678 0.6872
1.0 0.0 0.0 0.8659 0.6814 0.678 0.0767 0.0383 0.1463 0.38 0.39 0.4 0.41 0.42 0.43 0.44 0.45 0.46 0.47 0.48 0.49 0.5 0.51 0.52 0.53 0.54 0.55 0.56 0.57 0.8014 0.859 0.8244 0.8152 0.8774 0.8406 0.8221 0.8936 0.8637 0.836 0.9028 0.8936 0.8544 0.9004 0.912 0.8637 0.8774 0.9143 0.8659 0.8429 0.612 0.5959 0.6329 0.6329 0.6098 0.6398 0.6607 0.6329 0.6468 0.6884 0.6583 0.6583 0.7162 0.6769 0.6583 0.7231 0.6861 0.6537 0.7023 0.6908 0.5996 0.6249 0.648 0.6111 0.6319 0.6733 0.6319 0.6341 0.6964 0.6549 0.6341 0.7102 0.6757 0.6411 0.7057 0.6826 0.6457 0.678 0.6872 0.6433
1.0 0.0 0.0 0.8313 0.6908 0.6411 0.2227 0.1317 0.0157 0.39 0.4 0.41 0.42 0.43 0.44 0.45 0.46 0.47 0.48 0.49 0.5 0.51 0.52 0.53 0.54 0.55 0.56 0.57 0.58 0.859 0.8244 0.8152 0.8774 0.8406 0.8221 0.8936 0.8637 0.836 0.9028 0.8936 0.8544 0.9004 0.912 0.8637 0.8774 0.9143 0.8659 0.8429 0.9097 0.5959 0.6329 0.6329 0.6098 0.6398 0.6607 0.6329 0.6468 0.6884 0.6583 0.6583 0.7162 0.6769 0.6583 0.7231 0.6861 0.6537 0.7023 0.6908 0.6513 0.6249 0.648 0.6111 0.6319 0.6733 0.6319 0.6341 0.6964 0.6549 0.6341 0.7102 0.6757 0.6411 0.7057 0.6826 0.6457 0.678 0.6872 0.6433 0.648
1.0 0.0 0.0 0.8706 0.6537 0.6133 0.146 0.1003 0.1 0.4 0.41 0.42 0.43 0.44 0.45 0.46 0.47 0.48 0.49 0.5 0.51 0.52 0.53 0.54 0.55 0.56 0.57 0.58 0.59 0.8244 0.8152 0.8774 0.8406 0.8221 0.8936 0.8637 0.836 0.9028 0.8936 0.8544 0.9004 0.912 0.8637 0.8774 0.9143 0.8659 0.8429 0.9097 0.8659 0.6329 0.6329 0.6098 0.6398 0.6607 0.6329 0.6468 0.6884 0.6583 0.6583 0.7162 0.6769 0.6583 0.7231 0.6861 0.6537 0.7023 0.6908 0.6513 0.6814 0.648 0.6111 0.6319 0.6733 0.6319 0.6341 0.6964 0.6549 0.6341 0.7102 0.6757 0.6411 0.7057 0.6826 0.6457 0.678 0.6872 0.6433 0.648 0.678
1.0 0.0 0.0 0.8498 0.6444 0.6688 0.1153 0.0313 0.123 0.41 0.42 0.43 0.44 0.45 0.46 0.47 0.48 0.49 0.5 0.51 0.52 0.53 0.54 0.55 0.56 0.57 0.58 0.59 0.6 0.8152 0.8774 0.8406 0.8221 0.8936 0.8637 0.836 0.9028 0.8936 0.8544 0.9004 0.912 0.8637 0.8774 0.9143 0.8659 0.8429 0.9097 0.8659 0.8313 0.6329 0.6098 0.6398 0.6607 0.6329 0.6468 0.6884 0.6583 0.6583 0.7162 0.6769 0.6583 0.7231 0.6861 0.6537 0.7023 0.6908 0.6513 0.6814 0.6908 0.6111 0.6319 0.6733 0.6319 0.6341 0.6964 0.6549 0.6341 0.7102 0.6757 0.6411 0.7057 0.6826 0.6457 0.678 0.6872 0.6433 0.648 0.678 0.6411
1.0 0.0 0.0 0.8199 0.6814 0.6364 0.131 0.1237 0.0927 0.42 0.43 0.44 0.45 0.46 0.47 0.48 0.49 0.5 0.51 0.52 0.53 0.54 0.55 0.56 0.57 0.58 0.59 0.6 0.61 0.8774 0.8406 0.8221 0.8936 0.8637 0.836 0.9028 0.8936 0.8544 0.9004 0.912 0.8637 0.8774 0.9143 0.8659 0.8429 0.9097 0.8659 0.8313 0.8706 0.6098 0.6398 0.6607 0.6329 0.6468 0.6884 0.6583 0.6583 0.7162 0.6769 0.6583 0.7231 0.6861 0.6537 0.7023 0.6908 0.6513 0.6814 0.6908 0.6537 0.6319 0.6733 0.6319 0.6341 0.6964 0.6549 0.6341 0.7102 0.6757 0.6411 0.7057 0.6826 0.6457 0.678 0.6872 0.6433 0.648 0.678 0.6411 0.6133
