0.008 0.5044 1.0 0.4998 0.4883 0.4929 0.4768 0.4652 0.463 0.4514 0.4377 0.433 0.4216 0.41 0.4031 0.3962 0.3847 0.38 0.3731 0.4008 0.4791 0.4514 0.4538 0.3876 0.3783 0.3598 0.3574 0.3506 0.3343 0.3273 0.3204 0.3089 0.2996 0.2903 0.2811 0.2718 0.2672 0.2579 0.2649 0.2741 0.2626 0.3343 0.3367 0.3919 0.3712 0.3666 0.3642 0.3481 0.3366 0.3366 0.3204 0.3112 0.3043 0.2928 0.2836 0.2789 0.2697 0.2604 0.2559 0.2489 0.3112 0.3481 0.3204
0.2763 0.486 1.0 0.4883 0.4929 0.4768 0.4652 0.463 0.4514 0.4377 0.433 0.4216 0.41 0.4031 0.3962 0.3847 0.38 0.3731 0.4008 0.4791 0.4514 0.4538 0.5367 0.3783 0.3598 0.3574 0.3506 0.3343 0.3273 0.3204 0.3089 0.2996 0.2903 0.2811 0.2718 0.2672 0.2579 0.2649 0.2741 0.2626 0.3343 0.3367 0.3158 0.3712 0.3666 0.3642 0.3481 0.3366 0.3366 0.3204 0.3112 0.3043 0.2928 0.2836 0.2789 0.2697 0.2604 0.2559 0.2489 0.3112 0.3481 0.3204 0.3528
0.1077 0.5759 1.0 0.4929 0.4768 0.4652 0.463 0.4514 0.4377 0.433 0.4216 0.41 0.4031 0.3962 0.3847 0.38 0.3731 0.4008 0.4791 0.4514 0.4538 0.5367 0.5044 0.3598 0.3574 0.3506 0.3343 0.3273 0.3204 0.3089 0.2996 0.2903 0.2811 0.2718 0.2672 0.2579 0.2649 0.2741 0.2626 0.3343 0.3367 0.3158 0.3667 0.3666 0.3642 0.3481 0.3366 0.3366 0.3204 0.3112 0.3043 0.2928 0.2836 0.2789 0.2697 0.2604 0.2559 0.2489 0.3112 0.3481 0.3204 0.3528 0.4012
0.0613 0.5459 1.0 0.4768 0.4652 0.463 0.4514 0.4377 0.433 0.4216 0.41 0.4031 0.3962 0.3847 0.38 0.3731 0.4008 0.4791 0.4514 0.4538 0.5367 0.5044 0.486 0.3574 0.3506 0.3343 0.3273 0.3204 0.3089 0.2996 0.2903 0.2811 0.2718 0.2672 0.2579 0.2649 0.2741 0.2626 0.3343 0.3367 0.3158 0.3667 0.3852 0.3642 0.3481 0.3366 0.3366 0.3204 0.3112 0.3043 0.2928 0.2836 0.2789 0.2697 0.2604 0.2559 0.2489 0.3112 0.3481 0.3204 0.3528 0.4012 0.362
0.2997 0.5137 1.0 0.4652 0.463 0.4514 0.4377 0.433 0.4216 0.41 0.4031 0.3962 0.3847 0.38 0.3731 0.4008 0.4791 0.4514 0.4538 0.5367 0.5044 0.486 0.5759 0.3506 0.3343 0.3273 0.3204 0.3089 0.2996 0.2903 0.2811 0.2718 0.2672 0.2579 0.2649 0.2741 0.2626 0.3343 0.3367 0.3158 0.3667 0.3852 0.3574 0.3481 0.3366 0.3366 0.3204 0.3112 0.3043 0.2928 0.2836 0.2789 0.2697 0.2604 0.2559 0.2489 0.3112 0.3481 0.3204 0.3528 0.4012 0.362 0.3642
0.1 0.5897 1.0 0.463 0.4514 0.4377 0.433 0.4216 0.41 0.4031 0.3962 0.3847 0.38 0.3731 0.4008 0.4791 0.4514 0.4538 0.5367 0.5044 0.486 0.5759 0.5459 0.3343 0.3273 0.3204 0.3089 0.2996 0.2903 0.2811 0.2718 0.2672 0.2579 0.2649 0.2741 0.2626 0.3343 0.3367 0.3158 0.3667 0.3852 0.3574 0.3829 0.3366 0.3366 0.3204 0.3112 0.3043 0.2928 0.2836 0.2789 0.2697 0.2604 0.2559 0.2489 0.3112 0.3481 0.3204 0.3528 0.4012 0.362 0.3642 0.4403
0.1073 0.585 1.0 0.4514 0.4377 0.433 0.4216 0.41 0.4031 0.3962 0.3847 0.38 0.3731 0.4008 0.4791 0.4514 0.4538 0.5367 0.5044 0.486 0.5759 0.5459 0.5137 0.3273 0.3204 0.3089 0.2996 0.2903 0.2811 0.2718 0.2672 0.2579 0.2649 0.2741 0.2626 0.3343 0.3367 0.3158 0.3667 0.3852 0.3574 0.3829 0.4269 0.3366 0.3204 0.3112 0.3043 0.2928 0.2836 0.2789 0.2697 0.2604 0.2559 0.2489 0.3112 0.3481 0.3204 0.3528 0.4012 0.362 0.3642 0.4403 0.3966
0.2533 0.5459 1.0 0.4377 0.433 0.4216 0.41 0.4031 0.3962 0.3847 0.38 0.3731 0.4008 0.4791 0.4514 0.4538 0.5367 0.5044 0.486 0.5759 0.5459 0.5137 0.5897 0.3204 0.3089 0.2996 0.2903 0.2811 0.2718 0.2672 0.2579 0.2649 0.2741 0.2626 0.3343 0.3367 0.3158 0.3667 0.3852 0.3574 0.3829 0.4269 0.3944 0.3204 0.3112 0.3043 0.2928 0.2836 0.2789 0.2697 0.2604 0.2559 0.2489 0.3112 0.3481 0.3204 0.3528 0.4012 0.362 0.3642 0.4403 0.3966 0.3781
0.0157 0.592 1.0 0.433 0.4216 0.41 0.4031 0.3962 0.3847 0.38 0.3731 0.4008 0.4791 0.4514 0.4538 0.5367 0.5044 0.486 0.5759 0.5459 0.5137 0.5897 0.585 0.3089 0.2996 0.2903 0.2811 0.2718 0.2672 0.2579 0.2649 0.2741 0.2626 0.3343 0.3367 0.3158 0.3667 0.3852 0.3574 0.3829 0.4269 0.3944 0.3944 0.3112 0.3043 0.2928 0.2836 0.2789 0.2697 0.2604 0.2559 0.2489 0.3112 0.3481 0.3204 0.3528 0.4012 0.362 0.3642 0.4403 0.3966 0.3781 0.4589
0.1303 0.6242 1.0 0.4216 0.41 0.4031 0.3962 0.3847 0.38 0.3731 0.4008 0.4791 0.4514 0.4538 0.5367 0.5044 0.486 0.5759 0.5459 0.5137 0.5897 0.585 0.5459 0.2996 0.2903 0.2811 0.2718 0.2672 0.2579 0.2649 0.2741 0.2626 0.3343 0.3367 0.3158 0.3667 0.3852 0.3574 0.3829 0.4269 0.3944 0.3944 0.4639 0.3043 0.2928 0.2836 0.2789 0.2697 0.2604 0.2559 0.2489 0.3112 0.3481 0.3204 0.3528 0.4012 0.362 0.3642 0.4403 0.3966 0.3781 0.4589 0.4289
0.1537 0.585 1.0 0.41 0.4031 0.3962 0.3847 0.38 0.3731 0.4008 0.4791 0.4514 0.4538 0.5367 0.5044 0.486 0.5759 0.5459 0.5137 0.5897 0.585 0.5459 0.592 0.2903 0.2811 0.2718 0.2672 0.2579 0.2649 0.2741 0.2626 0.3343 0.3367 0.3158 0.3667 0.3852 0.3574 0.3829 0.4269 0.3944 0.3944 0.4639 0.4269 0.2928 0.2836 0.2789 0.2697 0.2604 0.2559 0.2489 0.3112 0.3481 0.3204 0.3528 0.4012 0.362 0.3642 0.4403 0.3966 0.3781 0.4589 0.4289 0.4012
0.1073 0.5873 1.0 0.4031 0.3962 0.3847 0.38 0.3731 0.4008 0.4791 0.4514 0.4538 0.5367 0.5044 0.486 0.5759 0.5459 0.5137 0.5897 0.585 0.5459 0.592 0.6242 0.2811 0.2718 0.2672 0.2579 0.2649 0.2741 0.2626 0.3343 0.3367 0.3158 0.3667 0.3852 0.3574 0.3829 0.4269 0.3944 0.3944 0.4639 0.4269 0.413 0.2836 0.2789 0.2697 0.2604 0.2559 0.2489 0.3112 0.3481 0.3204 0.3528 0.4012 0.362 0.3642 0.4403 0.3966 0.3781 0.4589 0.4289 0.4012 0.4634
0.1307 0.6496 1.0 0.3962 0.3847 0.38 0.3731 0.4008 0.4791 0.4514 0.4538 0.5367 0.5044 0.486 0.5759 0.5459 0.5137 0.5897 0.585 0.5459 0.592 0.6242 0.585 0.2718 0.2672 0.2579 0.2649 0.2741 0.2626 0.3343 0.3367 0.3158 0.3667 0.3852 0.3574 0.3829 0.4269 0.3944 0.3944 0.4639 0.4269 0.413 0.4893 0.2789 0.2697 0.2604 0.2559 0.2489 0.3112 0.3481 0.3204 0.3528 0.4012 0.362 0.3642 0.4403 0.3966 0.3781 0.4589 0.4289 0.4012 0.4634 0.4634
0.0077 0.615 1.0 0.3847 0.38 0.3731 0.4008 0.4791 0.4514 0.4538 0.5367 0.5044 0.486 0.5759 0.5459 0.5137 0.5897 0.585 0.5459 0.592 0.6242 0.585 0.5873 0.2672 0.2579 0.2649 0.2741 0.2626 0.3343 0.3367 0.3158 0.3667 0.3852 0.3574 0.3829 0.4269 0.3944 0.3944 0.4639 0.4269 0.413 0.4893 0.4662 0.2697 0.2604 0.2559 0.2489 0.3112 0.3481 0.3204 0.3528 0.4012 0.362 0.3642 0.4403 0.3966 0.3781 0.4589 0.4289 0.4012 0.4634 0.4634 0.4358
0.2077 0.5989 1.0 0.38 0.3731 0.4008 0.4791 0.4514 0.4538 0.5367 0.5044 0.486 0.5759 0.5459 0.5137 0.5897 0.585 0.5459 0.592 0.6242 0.585 0.5873 0.6496 0.2579 0.2649 0.2741 0.2626 0.3343 0.3367 0.3158 0.3667 0.3852 0.3574 0.3829 0.4269 0.3944 0.3944 0.4639 0.4269 0.413 0.4893 0.4662 0.4431 0.2604 0.2559 0.2489 0.3112 0.3481 0.3204 0.3528 0.4012 0.362 0.3642 0.4403 0.3966 0.3781 0.4589 0.4289 0.4012 0.4634 0.4634 0.4358 0.4658
0.1153 0.6496 1.0 0.3731 0.4008 0.4791 0.4514 0.4538 0.5367 0.5044 0.486 0.5759 0.5459 0.5137 0.5897 0.585 0.5459 0.592 0.6242 0.585 0.5873 0.6496 0.615 0.2649 0.2741 0.2626 0.3343 0.3367 0.3158 0.3667 0.3852 0.3574 0.3829 0.4269 0.3944 0.3944 0.4639 0.4269 0.413 0.4893 0.4662 0.4431 0.494 0.2559 0.2489 0.3112 0.3481 0.3204 0.3528 0.4012 0.362 0.3642 0.4403 0.3966 0.3781 0.4589 0.4289 0.4012 0.4634 0.4634 0.4358 0.4658 0.4911
0.0537 0.6334 1.0 0.4008 0.4791 0.4514 0.4538 0.5367 0.5044 0.486 0.5759 0.5459 0.5137 0.5897 0.585 0.5459 0.592 0.6242 0.585 0.5873 0.6496 0.615 0.5989 0.2741 0.2626 0.3343 0.3367 0.3158 0.3667 0.3852 0.3574 0.3829 0.4269 0.3944 0.3944 0.4639 0.4269 0.413 0.4893 0.4662 0.4431 0.494 0.5032 0.2489 0.3112 0.3481 0.3204 0.3528 0.4012 0.362 0.3642 0.4403 0.3966 0.3781 0.4589 0.4289 0.4012 0.4634 0.4634 0.4358 0.4658 0.4911 0.4589
0.169 0.6196 1.0 0.4791 0.4514 0.4538 0.5367 0.5044 0.486 0.5759 0.5459 0.5137 0.5897 0.585 0.5459 0.592 0.6242 0.585 0.5873 0.6496 0.615 0.5989 0.6496 0.2626 0.3343 0.3367 0.3158 0.3667 0.3852 0.3574 0.3829 0.4269 0.3944 0.3944 0.4639 0.4269 0.413 0.4893 0.4662 0.4431 0.494 0.5032 0.4732 0.3112 0.3481 0.3204 0.3528 0.4012 0.362 0.3642 0.4403 0.3966 0.3781 0.4589 0.4289 0.4012 0.4634 0.4634 0.4358 0.4658 0.4911 0.4589 0.4658
0.054 0.6588 1.0 0.4514 0.4538 0.5367 0.5044 0.486 0.5759 0.5459 0.5137 0.5897 0.585 0.5459 0.592 0.6242 0.585 0.5873 0.6496 0.615 0.5989 0.6496 0.6334 0.3343 0.3367 0.3158 0.3667 0.3852 0.3574 0.3829 0.4269 0.3944 0.3944 0.4639 0.4269 0.413 0.4893 0.4662 0.4431 0.494 0.5032 0.4732 0.4893 0.3481 0.3204 0.3528 0.4012 0.362 0.3642 0.4403 0.3966 0.3781 0.4589 0.4289 0.4012 0.4634 0.4634 0.4358 0.4658 0.4911 0.4589 0.4658 0.5211
0.046 0.6841 1.0 0.4538 0.5367 0.5044 0.486 0.5759 0.5459 0.5137 0.5897 0.585 0.5459 0.592 0.6242 0.585 0.5873 0.6496 0.615 0.5989 0.6496 0.6334 0.6196 0.3367 0.3158 0.3667 0.3852 0.3574 0.3829 0.4269 0.3944 0.3944 0.4639 0.4269 0.413 0.4893 0.4662 0.4431 0.494 0.5032 0.4732 0.4893 0.5472 0.3204 0.3528 0.4012 0.362 0.3642 0.4403 0.3966 0.3781 0.4589 0.4289 0.4012 0.4634 0.4634 0.4358 0.4658 0.4911 0.4589 0.4658 0.5211 0.4911
0.1307 0.6564 1.0 0.5367 0.5044 0.486 0.5759 0.5459 0.5137 0.5897 0.585 0.5459 0.592 0.6242 0.585 0.5873 0.6496 0.615 0.5989 0.6496 0.6334 0.6196 0.6588 0.3158 0.3667 0.3852 0.3574 0.3829 0.4269 0.3944 0.3944 0.4639 0.4269 0.413 0.4893 0.4662 0.4431 0.494 0.5032 0.4732 0.4893 0.5472 0.5171 0.3528 0.4012 0.362 0.3642 0.4403 0.3966 0.3781 0.4589 0.4289 0.4012 0.4634 0.4634 0.4358 0.4658 0.4911 0.4589 0.4658 0.5211 0.4911 0.4888
0.0843 0.6657 1.0 0.5044 0.486 0.5759 0.5459 0.5137 0.5897 0.585 0.5459 0.592 0.6242 0.585 0.5873 0.6496 0.615 0.5989 0.6496 0.6334 0.6196 0.6588 0.6841 0.3667 0.3852 0.3574 0.3829 0.4269 0.3944 0.3944 0.4639 0.4269 0.413 0.4893 0.4662 0.4431 0.494 0.5032 0.4732 0.4893 0.5472 0.5171 0.5148 0.4012 0.362 0.3642 0.4403 0.3966 0.3781 0.4589 0.4289 0.4012 0.4634 0.4634 0.4358 0.4658 0.4911 0.4589 0.4658 0.5211 0.4911 0.4888 0.5258
0.0923 0.7256 1.0 0.486 0.5759 0.5459 0.5137 0.5897 0.585 0.5459 0.592 0.6242 0.585 0.5873 0.6496 0.615 0.5989 0.6496 0.6334 0.6196 0.6588 0.6841 0.6564 0.3852 0.3574 0.3829 0.4269 0.3944 0.3944 0.4639 0.4269 0.413 0.4893 0.4662 0.4431 0.494 0.5032 0.4732 0.4893 0.5472 0.5171 0.5148 0.5727 0.362 0.3642 0.4403 0.3966 0.3781 0.4589 0.4289 0.4012 0.4634 0.4634 0.4358 0.4658 0.4911 0.4589 0.4658 0.5211 0.4911 0.4888 0.5258 0.5396
0.031 0.7002 1.0 0.5759 0.5459 0.5137 0.5897 0.585 0.5459 0.592 0.6242 0.585 0.5873 0.6496 0.615 0.5989 0.6496 0.6334 0.6196 0.6588 0.6841 0.6564 0.6657 0.3574 0.3829 0.4269 0.3944 0.3944 0.4639 0.4269 0.413 0.4893 0.4662 0.4431 0.494 0.5032 0.4732 0.4893 0.5472 0.5171 0.5148 0.5727 0.5588 0.3642 0.4403 0.3966 0.3781 0.4589 0.4289 0.4012 0.4634 0.4634 0.4358 0.4658 0.4911 0.4589 0.4658 0.5211 0.4911 0.4888 0.5258 0.5396 0.5258
0.1997 0.6887 1.0 0.5459 0.5137 0.5897 0.585 0.5459 0.592 0.6242 0.585 0.5873 0.6496 0.615 0.5989 0.6496 0.6334 0.6196 0.6588 0.6841 0.6564 0.6657 0.7256 0.3829 0.4269 0.3944 0.3944 0.4639 0.4269 0.413 0.4893 0.4662 0.4431 0.494 0.5032 0.4732 0.4893 0.5472 0.5171 0.5148 0.5727 0.5588 0.5472 0.4403 0.3966 0.3781 0.4589 0.4289 0.4012 0.4634 0.4634 0.4358 0.4658 0.4911 0.4589 0.4658 0.5211 0.4911 0.4888 0.5258 0.5396 0.5258 0.5511
0.0847 0.7532 1.0 0.5137 0.5897 0.585 0.5459 0.592 0.6242 0.585 0.5873 0.6496 0.615 0.5989 0.6496 0.6334 0.6196 0.6588 0.6841 0.6564 0.6657 0.7256 0.7002 0.4269 0.3944 0.3944 0.4639 0.4269 0.413 0.4893 0.4662 0.4431 0.494 0.5032 0.4732 0.4893 0.5472 0.5171 0.5148 0.5727 0.5588 0.5472 0.5773 0.3966 0.3781 0.4589 0.4289 0.4012 0.4634 0.4634 0.4358 0.4658 0.4911 0.4589 0.4658 0.5211 0.4911 0.4888 0.5258 0.5396 0.5258 0.5511 0.6019
0.0383 0.7371 1.0 0.5897 0.585 0.5459 0.592 0.6242 0.585 0.5873 0.6496 0.615 0.5989 0.6496 0.6334 0.6196 0.6588 0.6841 0.6564 0.6657 0.7256 0.7002 0.6887 0.3944 0.3944 0.4639 0.4269 0.413 0.4893 0.4662 0.4431 0.494 0.5032 0.4732 0.4893 0.5472 0.5171 0.5148 0.5727 0.5588 0.5472 0.5773 0.6051 0.3781 0.4589 0.4289 0.4012 0.4634 0.4634 0.4358 0.4658 0.4911 0.4589 0.4658 0.5211 0.4911 0.4888 0.5258 0.5396 0.5258 0.5511 0.6019 0.5649
0.215 0.7163 1.0 0.585 0.5459 0.592 0.6242 0.585 0.5873 0.6496 0.615 0.5989 0.6496 0.6334 0.6196 0.6588 0.6841 0.6564 0.6657 0.7256 0.7002 0.6887 0.7532 0.3944 0.4639 0.4269 0.413 0.4893 0.4662 0.4431 0.494 0.5032 0.4732 0.4893 0.5472 0.5171 0.5148 0.5727 0.5588 0.5472 0.5773 0.6051 0.575 0.4589 0.4289 0.4012 0.4634 0.4634 0.4358 0.4658 0.4911 0.4589 0.4658 0.5211 0.4911 0.4888 0.5258 0.5396 0.5258 0.5511 0.6019 0.5649 0.5649
0.0537 0.7601 1.0 0.5459 0.592 0.6242 0.585 0.5873 0.6496 0.615 0.5989 0.6496 0.6334 0.6196 0.6588 0.6841 0.6564 0.6657 0.7256 0.7002 0.6887 0.7532 0.7371 0.4639 0.4269 0.413 0.4893 0.4662 0.4431 0.494 0.5032 0.4732 0.4893 0.5472 0.5171 0.5148 0.5727 0.5588 0.5472 0.5773 0.6051 0.575 0.5842 0.4289 0.4012 0.4634 0.4634 0.4358 0.4658 0.4911 0.4589 0.4658 0.5211 0.4911 0.4888 0.5258 0.5396 0.5258 0.5511 0.6019 0.5649 0.5649 0.6319
0.0693 0.7532 1.0 0.592 0.6242 0.585 0.5873 0.6496 0.615 0.5989 0.6496 0.6334 0.6196 0.6588 0.6841 0.6564 0.6657 0.7256 0.7002 0.6887 0.7532 0.7371 0.7163 0.4269 0.413 0.4893 0.4662 0.4431 0.494 0.5032 0.4732 0.4893 0.5472 0.5171 0.5148 0.5727 0.5588 0.5472 0.5773 0.6051 0.575 0.5842 0.6236 0.4012 0.4634 0.4634 0.4358 0.4658 0.4911 0.4589 0.4658 0.5211 0.4911 0.4888 0.5258 0.5396 0.5258 0.5511 0.6019 0.5649 0.5649 0.6319 0.5927
0.146 0.7256 1.0 0.6242 0.585 0.5873 0.6496 0.615 0.5989 0.6496 0.6334 0.6196 0.6588 0.6841 0.6564 0.6657 0.7256 0.7002 0.6887 0.7532 0.7371 0.7163 0.7601 0.413 0.4893 0.4662 0.4431 0.494 0.5032 0.4732 0.4893 0.5472 0.5171 0.5148 0.5727 0.5588 0.5472 0.5773 0.6051 0.575 0.5842 0.6236 0.5866 0.4634 0.4634 0.4358 0.4658 0.4911 0.4589 0.4658 0.5211 0.4911 0.4888 0.5258 0.5396 0.5258 0.5511 0.6019 0.5649 0.5649 0.6319 0.5927 0.5788
0.023 0.7601 1.0 0.585 0.5873 0.6496 0.615 0.5989 0.6496 0.6334 0.6196 0.6588 0.6841 0.6564 0.6657 0.7256 0.7002 0.6887 0.7532 0.7371 0.7163 0.7601 0.7532 0.4893 0.4662 0.4431 0.494 0.5032 0.4732 0.4893 0.5472 0.5171 0.5148 0.5727 0.5588 0.5472 0.5773 0.6051 0.575 0.5842 0.6236 0.5866 0.582 0.4634 0.4358 0.4658 0.4911 0.4589 0.4658 0.5211 0.4911 0.4888 0.5258 0.5396 0.5258 0.5511 0.6019 0.5649 0.5649 0.6319 0.5927 0.5788 0.6364
0.092 0.7601 1.0 0.5873 0.6496 0.615 0.5989 0.6496 0.6334 0.6196 0.6588 0.6841 0.6564 0.6657 0.7256 0.7002 0.6887 0.7532 0.7371 0.7163 0.7601 0.7532 0.7256 0.4662 0.4431 0.494 0.5032 0.4732 0.4893 0.5472 0.5171 0.5148 0.5727 0.5588 0.5472 0.5773 0.6051 0.575 0.5842 0.6236 0.5866 0.582 0.619 0.4358 0.4658 0.4911 0.4589 0.4658 0.5211 0.4911 0.4888 0.5258 0.5396 0.5258 0.5511 0.6019 0.5649 0.5649 0.6319 0.5927 0.5788 0.6364 0.5996
0.115 0.7279 1.0 0.6496 0.615 0.5989 0.6496 0.6334 0.6196 0.6588 0.6841 0.6564 0.6657 0.7256 0.7002 0.6887 0.7532 0.7371 0.7163 0.7601 0.7532 0.7256 0.7601 0.4431 0.494 0.5032 0.4732 0.4893 0.5472 0.5171 0.5148 0.5727 0.5588 0.5472 0.5773 0.6051 0.575 0.5842 0.6236 0.5866 0.582 0.619 0.5889 0.4658 0.4911 0.4589 0.4658 0.5211 0.4911 0.4888 0.5258 0.5396 0.5258 0.5511 0.6019 0.5649 0.5649 0.6319 0.5927 0.5788 0.6364 0.5996 0.5788
0.0 0.7693 1.0 0.615 0.5989 0.6496 0.6334 0.6196 0.6588 0.6841 0.6564 0.6657 0.7256 0.7002 0.6887 0.7532 0.7371 0.7163 0.7601 0.7532 0.7256 0.7601 0.7601 0.494 0.5032 0.4732 0.4893 0.5472 0.5171 0.5148 0.5727 0.5588 0.5472 0.5773 0.6051 0.575 0.5842 0.6236 0.5866 0.582 0.619 0.5889 0.5866 0.4911 0.4589 0.4658 0.5211 0.4911 0.4888 0.5258 0.5396 0.5258 0.5511 0.6019 0.5649 0.5649 0.6319 0.5927 0.5788 0.6364 0.5996 0.5788 0.6249
0.1073 0.7463 1.0 0.5989 0.6496 0.6334 0.6196 0.6588 0.6841 0.6564 0.6657 0.7256 0.7002 0.6887 0.7532 0.7371 0.7163 0.7601 0.7532 0.7256 0.7601 0.7601 0.7279 0.5032 0.4732 0.4893 0.5472 0.5171 0.5148 0.5727 0.5588 0.5472 0.5773 0.6051 0.575 0.5842 0.6236 0.5866 0.582 0.619 0.5889 0.5866 0.6167 0.4589 0.4658 0.5211 0.4911 0.4888 0.5258 0.5396 0.5258 0.5511 0.6019 0.5649 0.5649 0.6319 0.5927 0.5788 0.6364 0.5996 0.5788 0.6249 0.5972
0.138 0.721 1.0 0.6496 0.6334 0.6196 0.6588 0.6841 0.6564 0.6657 0.7256 0.7002 0.6887 0.7532 0.7371 0.7163 0.7601 0.7532 0.7256 0.7601 0.7601 0.7279 0.7693 0.4732 0.4893 0.5472 0.5171 0.5148 0.5727 0.5588 0.5472 0.5773 0.6051 0.575 0.5842 0.6236 0.5866 0.582 0.619 0.5889 0.5866 0.6167 0.5889 0.4658 0.5211 0.4911 0.4888 0.5258 0.5396 0.5258 0.5511 0.6019 0.5649 0.5649 0.6319 0.5927 0.5788 0.6364 0.5996 0.5788 0.6249 0.5972 0.5834
0.0767 0.767 1.0 0.6334 0.6196 0.6588 0.6841 0.6564 0.6657 0.7256 0.7002 0.6887 0.7532 0.7371 0.7163 0.7601 0.7532 0.7256 0.7601 0.7601 0.7279 0.7693 0.7463 0.4893 0.5472 0.5171 0.5148 0.5727 0.5588 0.5472 0.5773 0.6051 0.575 0.5842 0.6236 0.5866 0.582 0.619 0.5889 0.5866 0.6167 0.5889 0.5889 0.5211 0.4911 0.4888 0.5258 0.5396 0.5258 0.5511 0.6019 0.5649 0.5649 0.6319 0.5927 0.5788 0.6364 0.5996 0.5788 0.6249 0.5972 0.5834 0.6411
0.0843 0.7601 1.0 0.6196 0.6588 0.6841 0.6564 0.6657 0.7256 0.7002 0.6887 0.7532 0.7371 0.7163 0.7601 0.7532 0.7256 0.7601 0.7601 0.7279 0.7693 0.7463 0.721 0.5472 0.5171 0.5148 0.5727 0.5588 0.5472 0.5773 0.6051 0.575 0.5842 0.6236 0.5866 0.582 0.619 0.5889 0.5866 0.6167 0.5889 0.5889 0.612 0.4911 0.4888 0.5258 0.5396 0.5258 0.5511 0.6019 0.5649 0.5649 0.6319 0.5927 0.5788 0.6364 0.5996 0.5788 0.6249 0.5972 0.5834 0.6411 0.6111
0.1533 0.7324 1.0 0.6588 0.6841 0.6564 0.6657 0.7256 0.7002 0.6887 0.7532 0.7371 0.7163 0.7601 0.7532 0.7256 0.7601 0.7601 0.7279 0.7693 0.7463 0.721 0.767 0.5171 0.5148 0.5727 0.5588 0.5472 0.5773 0.6051 0.575 0.5842 0.6236 0.5866 0.582 0.619 0.5889 0.5866 0.6167 0.5889 0.5889 0.612 0.5912 0.4888 0.5258 0.5396 0.5258 0.5511 0.6019 0.5649 0.5649 0.6319 0.5927 0.5788 0.6364 0.5996 0.5788 0.6249 0.5972 0.5834 0.6411 0.6111 0.5996
0.023 0.7854 1.0 0.6841 0.6564 0.6657 0.7256 0.7002 0.6887 0.7532 0.7371 0.7163 0.7601 0.7532 0.7256 0.7601 0.7601 0.7279 0.7693 0.7463 0.721 0.767 0.7601 0.5148 0.5727 0.5588 0.5472 0.5773 0.6051 0.575 0.5842 0.6236 0.5866 0.582 0.619 0.5889 0.5866 0.6167 0.5889 0.5889 0.612 0.5912 0.6004 0.5258 0.5396 0.5258 0.5511 0.6019 0.5649 0.5649 0.6319 0.5927 0.5788 0.6364 0.5996 0.5788 0.6249 0.5972 0.5834 0.6411 0.6111 0.5996 0.6503
0.0923 0.7762 1.0 0.6564 0.6657 0.7256 0.7002 0.6887 0.7532 0.7371 0.7163 0.7601 0.7532 0.7256 0.7601 0.7601 0.7279 0.7693 0.7463 0.721 0.767 0.7601 0.7324 0.5727 0.5588 0.5472 0.5773 0.6051 0.575 0.5842 0.6236 0.5866 0.582 0.619 0.5889 0.5866 0.6167 0.5889 0.5889 0.612 0.5912 0.6004 0.6352 0.5396 0.5258 0.5511 0.6019 0.5649 0.5649 0.6319 0.5927 0.5788 0.6364 0.5996 0.5788 0.6249 0.5972 0.5834 0.6411 0.6111 0.5996 0.6503 0.6203
0.1767 0.7417 1.0 0.6657 0.7256 0.7002 0.6887 0.7532 0.7371 0.7163 0.7601 0.7532 0.7256 0.7601 0.7601 0.7279 0.7693 0.7463 0.721 0.767 0.7601 0.7324 0.7854 0.5588 0.5472 0.5773 0.6051 0.575 0.5842 0.6236 0.5866 0.582 0.619 0.5889 0.5866 0.6167 0.5889 0.5889 0.612 0.5912 0.6004 0.6352 0.6074 0.5258 0.5511 0.6019 0.5649 0.5649 0.6319 0.5927 0.5788 0.6364 0.5996 0.5788 0.6249 0.5972 0.5834 0.6411 0.6111 0.5996 0.6503 0.6203 0.6088
0.0307 0.8039 1.0 0.7256 0.7002 0.6887 0.7532 0.7371 0.7163 0.7601 0.7532 0.7256 0.7601 0.7601 0.7279 0.7693 0.7463 0.721 0.767 0.7601 0.7324 0.7854 0.7762 0.5472 0.5773 0.6051 0.575 0.5842 0.6236 0.5866 0.582 0.619 0.5889 0.5866 0.6167 0.5889 0.5889 0.612 0.5912 0.6004 0.6352 0.6074 0.612 0.5511 0.6019 0.5649 0.5649 0.6319 0.5927 0.5788 0.6364 0.5996 0.5788 0.6249 0.5972 0.5834 0.6411 0.6111 0.5996 0.6503 0.6203 0.6088 0.678
0.115 0.8039 1.0 0.7002 0.6887 0.7532 0.7371 0.7163 0.7601 0.7532 0.7256 0.7601 0.7601 0.7279 0.7693 0.7463 0.721 0.767 0.7601 0.7324 0.7854 0.7762 0.7417 0.5773 0.6051 0.575 0.5842 0.6236 0.5866 0.582 0.619 0.5889 0.5866 0.6167 0.5889 0.5889 0.612 0.5912 0.6004 0.6352 0.6074 0.612 0.663 0.6019 0.5649 0.5649 0.6319 0.5927 0.5788 0.6364 0.5996 0.5788 0.6249 0.5972 0.5834 0.6411 0.6111 0.5996 0.6503 0.6203 0.6088 0.678 0.6411
0.2073 0.7624 1.0 0.6887 0.7532 0.7371 0.7163 0.7601 0.7532 0.7256 0.7601 0.7601 0.7279 0.7693 0.7463 0.721 0.767 0.7601 0.7324 0.7854 0.7762 0.7417 0.8039 0.6051 0.575 0.5842 0.6236 0.5866 0.582 0.619 0.5889 0.5866 0.6167 0.5889 0.5889 0.612 0.5912 0.6004 0.6352 0.6074 0.612 0.663 0.6329 0.5649 0.5649 0.6319 0.5927 0.5788 0.6364 0.5996 0.5788 0.6249 0.5972 0.5834 0.6411 0.6111 0.5996 0.6503 0.6203 0.6088 0.678 0.6411 0.6157
0.0 0.8084 1.0 0.7532 0.7371 0.7163 0.7601 0.7532 0.7256 0.7601 0.7601 0.7279 0.7693 0.7463 0.721 0.767 0.7601 0.7324 0.7854 0.7762 0.7417 0.8039 0.8039 0.575 0.5842 0.6236 0.5866 0.582 0.619 0.5889 0.5866 0.6167 0.5889 0.5889 0.612 0.5912 0.6004 0.6352 0.6074 0.612 0.663 0.6329 0.6259 0.5649 0.6319 0.5927 0.5788 0.6364 0.5996 0.5788 0.6249 0.5972 0.5834 0.6411 0.6111 0.5996 0.6503 0.6203 0.6088 0.678 0.6411 0.6157 0.6918
0.1383 0.8269 1.0 0.7371 0.7163 0.7601 0.7532 0.7256 0.7601 0.7601 0.7279 0.7693 0.7463 0.721 0.767 0.7601 0.7324 0.7854 0.7762 0.7417 0.8039 0.8039 0.7624 0.5842 0.6236 0.5866 0.582 0.619 0.5889 0.5866 0.6167 0.5889 0.5889 0.612 0.5912 0.6004 0.6352 0.6074 0.612 0.663 0.6329 0.6259 0.6861 0.6319 0.5927 0.5788 0.6364 0.5996 0.5788 0.6249 0.5972 0.5834 0.6411 0.6111 0.5996 0.6503 0.6203 0.6088 0.678 0.6411 0.6157 0.6918 0.6664
0.1533 0.7786 1.0 0.7163 0.7601 0.7532 0.7256 0.7601 0.7601 0.7279 0.7693 0.7463 0.721 0.767 0.7601 0.7324 0.7854 0.7762 0.7417 0.8039 0.8039 0.7624 0.8084 0.6236 0.5866 0.582 0.619 0.5889 0.5866 0.6167 0.5889 0.5889 0.612 0.5912 0.6004 0.6352 0.6074 0.612 0.663 0.6329 0.6259 0.6861 0.6537 0.5927 0.5788 0.6364 0.5996 0.5788 0.6249 0.5972 0.5834 0.6411 0.6111 0.5996 0.6503 0.6203 0.6088 0.678 0.6411 0.6157 0.6918 0.6664 0.6296
0.0617 0.8016 1.0 0.7601 0.7532 0.7256 0.7601 0.7601 0.7279 0.7693 0.7463 0.721 0.767 0.7601 0.7324 0.7854 0.7762 0.7417 0.8039 0.8039 0.7624 0.8084 0.8269 0.5866 0.582 0.619 0.5889 0.5866 0.6167 0.5889 0.5889 0.612 0.5912 0.6004 0.6352 0.6074 0.612 0.663 0.6329 0.6259 0.6861 0.6537 0.6374 0.5788 0.6364 0.5996 0.5788 0.6249 0.5972 0.5834 0.6411 0.6111 0.5996 0.6503 0.6203 0.6088 0.678 0.6411 0.6157 0.6918 0.6664 0.6296 0.701
0.161 0.8361 1.0 0.7532 0.7256 0.7601 0.7601 0.7279 0.7693 0.7463 0.721 0.767 0.7601 0.7324 0.7854 0.7762 0.7417 0.8039 0.8039 0.7624 0.8084 0.8269 0.7786 0.582 0.619 0.5889 0.5866 0.6167 0.5889 0.5889 0.612 0.5912 0.6004 0.6352 0.6074 0.612 0.663 0.6329 0.6259 0.6861 0.6537 0.6374 0.7047 0.6364 0.5996 0.5788 0.6249 0.5972 0.5834 0.6411 0.6111 0.5996 0.6503 0.6203 0.6088 0.678 0.6411 0.6157 0.6918 0.6664 0.6296 0.701 0.6802
0.0767 0.7854 1.0 0.7256 0.7601 0.7601 0.7279 0.7693 0.7463 0.721 0.767 0.7601 0.7324 0.7854 0.7762 0.7417 0.8039 0.8039 0.7624 0.8084 0.8269 0.7786 0.8016 0.619 0.5889 0.5866 0.6167 0.5889 0.5889 0.612 0.5912 0.6004 0.6352 0.6074 0.612 0.663 0.6329 0.6259 0.6861 0.6537 0.6374 0.7047 0.6676 0.5996 0.5788 0.6249 0.5972 0.5834 0.6411 0.6111 0.5996 0.6503 0.6203 0.6088 0.678 0.6411 0.6157 0.6918 0.6664 0.6296 0.701 0.6802 0.6388
0.115 0.7831 1.0 0.7601 0.7601 0.7279 0.7693 0.7463 0.721 0.767 0.7601 0.7324 0.7854 0.7762 0.7417 0.8039 0.8039 0.7624 0.8084 0.8269 0.7786 0.8016 0.8361 0.5889 0.5866 0.6167 0.5889 0.5889 0.612 0.5912 0.6004 0.6352 0.6074 0.612 0.663 0.6329 0.6259 0.6861 0.6537 0.6374 0.7047 0.6676 0.6374 0.5788 0.6249 0.5972 0.5834 0.6411 0.6111 0.5996 0.6503 0.6203 0.6088 0.678 0.6411 0.6157 0.6918 0.6664 0.6296 0.701 0.6802 0.6388 0.6896
0.169 0.8384 1.0 0.7601 0.7279 0.7693 0.7463 0.721 0.767 0.7601 0.7324 0.7854 0.7762 0.7417 0.8039 0.8039 0.7624 0.8084 0.8269 0.7786 0.8016 0.8361 0.7854 0.5866 0.6167 0.5889 0.5889 0.612 0.5912 0.6004 0.6352 0.6074 0.612 0.663 0.6329 0.6259 0.6861 0.6537 0.6374 0.7047 0.6676 0.6374 0.7023 0.6249 0.5972 0.5834 0.6411 0.6111 0.5996 0.6503 0.6203 0.6088 0.678 0.6411 0.6157 0.6918 0.6664 0.6296 0.701 0.6802 0.6388 0.6896 0.6849
0.0077 0.7854 1.0 0.7279 0.7693 0.7463 0.721 0.767 0.7601 0.7324 0.7854 0.7762 0.7417 0.8039 0.8039 0.7624 0.8084 0.8269 0.7786 0.8016 0.8361 0.7854 0.7831 0.6167 0.5889 0.5889 0.612 0.5912 0.6004 0.6352 0.6074 0.612 0.663 0.6329 0.6259 0.6861 0.6537 0.6374 0.7047 0.6676 0.6374 0.7023 0.6746 0.5972 0.5834 0.6411 0.6111 0.5996 0.6503 0.6203 0.6088 0.678 0.6411 0.6157 0.6918 0.6664 0.6296 0.701 0.6802 0.6388 0.6896 0.6849 0.6364
0.1843 0.7647 1.0 0.7693 0.7463 0.721 0.767 0.7601 0.7324 0.7854 0.7762 0.7417 0.8039 0.8039 0.7624 0.8084 0.8269 0.7786 0.8016 0.8361 0.7854 0.7831 0.8384 0.5889 0.5889 0.612 0.5912 0.6004 0.6352 0.6074 0.612 0.663 0.6329 0.6259 0.6861 0.6537 0.6374 0.7047 0.6676 0.6374 0.7023 0.6746 0.6352 0.5834 0.6411 0.6111 0.5996 0.6503 0.6203 0.6088 0.678 0.6411 0.6157 0.6918 0.6664 0.6296 0.701 0.6802 0.6388 0.6896 0.6849 0.6364 0.6641
0.1767 0.8338 1.0 0.7463 0.721 0.767 0.7601 0.7324 0.7854 0.7762 0.7417 0.8039 0.8039 0.7624 0.8084 0.8269 0.7786 0.8016 0.8361 0.7854 0.7831 0.8384 0.7854 0.5889 0.612 0.5912 0.6004 0.6352 0.6074 0.612 0.663 0.6329 0.6259 0.6861 0.6537 0.6374 0.7047 0.6676 0.6374 0.7023 0.6746 0.6352 0.6861 0.6411 0.6111 0.5996 0.6503 0.6203 0.6088 0.678 0.6411 0.6157 0.6918 0.6664 0.6296 0.701 0.6802 0.6388 0.6896 0.6849 0.6364 0.6641 0.6826
0.069 0.7854 1.0 0.721 0.767 0.7601 0.7324 0.7854 0.7762 0.7417 0.8039 0.8039 0.7624 0.8084 0.8269 0.7786 0.8016 0.8361 0.7854 0.7831 0.8384 0.7854 0.7647 0.612 0.5912 0.6004 0.6352 0.6074 0.612 0.663 0.6329 0.6259 0.6861 0.6537 0.6374 0.7047 0.6676 0.6374 0.7023 0.6746 0.6352 0.6861 0.6769 0.6111 0.5996 0.6503 0.6203 0.6088 0.678 0.6411 0.6157 0.6918 0.6664 0.6296 0.701 0.6802 0.6388 0.6896 0.6849 0.6364 0.6641 0.6826 0.6341
0.2303 0.7486 1.0 0.767 0.7601 0.7324 0.7854 0.7762 0.7417 0.8039 0.8039 0.7624 0.8084 0.8269 0.7786 0.8016 0.8361 0.7854 0.7831 0.8384 0.7854 0.7647 0.8338 0.5912 0.6004 0.6352 0.6074 0.612 0.663 0.6329 0.6259 0.6861 0.6537 0.6374 0.7047 0.6676 0.6374 0.7023 0.6746 0.6352 0.6861 0.6769 0.6329 0.5996 0.6503 0.6203 0.6088 0.678 0.6411 0.6157 0.6918 0.6664 0.6296 0.701 0.6802 0.6388 0.6896 0.6849 0.6364 0.6641 0.6826 0.6341 0.6388
0.1613 0.8153 1.0 0.7601 0.7324 0.7854 0.7762 0.7417 0.8039 0.8039 0.7624 0.8084 0.8269 0.7786 0.8016 0.8361 0.7854 0.7831 0.8384 0.7854 0.7647 0.8338 0.7854 0.6004 0.6352 0.6074 0.612 0.663 0.6329 0.6259 0.6861 0.6537 0.6374 0.7047 0.6676 0.6374 0.7023 0.6746 0.6352 0.6861 0.6769 0.6329 0.663 0.6503 0.6203 0.6088 0.678 0.6411 0.6157 0.6918 0.6664 0.6296 0.701 0.6802 0.6388 0.6896 0.6849 0.6364 0.6641 0.6826 0.6341 0.6388 0.6757
0.1227 0.7854 1.0 0.7324 0.7854 0.7762 0.7417 0.8039 0.8039 0.7624 0.8084 0.8269 0.7786 0.8016 0.8361 0.7854 0.7831 0.8384 0.7854 0.7647 0.8338 0.7854 0.7486 0.6352 0.6074 0.612 0.663 0.6329 0.6259 0.6861 0.6537 0.6374 0.7047 0.6676 0.6374 0.7023 0.6746 0.6352 0.6861 0.6769 0.6329 0.663 0.6791 0.6203 0.6088 0.678 0.6411 0.6157 0.6918 0.6664 0.6296 0.701 0.6802 0.6388 0.6896 0.6849 0.6364 0.6641 0.6826 0.6341 0.6388 0.6757 0.6296
0.2223 0.7417 1.0 0.7854 0.7762 0.7417 0.8039 0.8039 0.7624 0.8084 0.8269 0.7786 0.8016 0.8361 0.7854 0.7831 0.8384 0.7854 0.7647 0.8338 0.7854 0.7486 0.8153 0.6074 0.612 0.663 0.6329 0.6259 0.6861 0.6537 0.6374 0.7047 0.6676 0.6374 0.7023 0.6746 0.6352 0.6861 0.6769 0.6329 0.663 0.6791 0.6352 0.6088 0.678 0.6411 0.6157 0.6918 0.6664 0.6296 0.701 0.6802 0.6388 0.6896 0.6849 0.6364 0.6641 0.6826 0.6341 0.6388 0.6757 0.6296 0.6064
0.0997 0.7187 1.0 0.7762 0.7417 0.8039 0.8039 0.7624 0.8084 0.8269 0.7786 0.8016 0.8361 0.7854 0.7831 0.8384 0.7854 0.7647 0.8338 0.7854 0.7486 0.8153 0.7854 0.612 0.663 0.6329 0.6259 0.6861 0.6537 0.6374 0.7047 0.6676 0.6374 0.7023 0.6746 0.6352 0.6861 0.6769 0.6329 0.663 0.6791 0.6352 0.6398 0.678 0.6411 0.6157 0.6918 0.6664 0.6296 0.701 0.6802 0.6388 0.6896 0.6849 0.6364 0.6641 0.6826 0.6341 0.6388 0.6757 0.6296 0.6064 0.6733
0.1457 0.7002 1.0 0.7417 0.8039 0.8039 0.7624 0.8084 0.8269 0.7786 0.8016 0.8361 0.7854 0.7831 0.8384 0.7854 0.7647 0.8338 0.7854 0.7486 0.8153 0.7854 0.7417 0.663 0.6329 0.6259 0.6861 0.6537 0.6374 0.7047 0.6676 0.6374 0.7023 0.6746 0.6352 0.6861 0.6769 0.6329 0.663 0.6791 0.6352 0.6398 0.6769 0.6411 0.6157 0.6918 0.6664 0.6296 0.701 0.6802 0.6388 0.6896 0.6849 0.6364 0.6641 0.6826 0.6341 0.6388 0.6757 0.6296 0.6064 0.6733 0.6296
0.0767 0.6749 1.0 0.8039 0.8039 0.7624 0.8084 0.8269 0.7786 0.8016 0.8361 0.7854 0.7831 0.8384 0.7854 0.7647 0.8338 0.7854 0.7486 0.8153 0.7854 0.7417 0.7187 0.6329 0.6259 0.6861 0.6537 0.6374 0.7047 0.6676 0.6374 0.7023 0.6746 0.6352 0.6861 0.6769 0.6329 0.663 0.6791 0.6352 0.6398 0.6769 0.6374 0.6157 0.6918 0.6664 0.6296 0.701 0.6802 0.6388 0.6896 0.6849 0.6364 0.6641 0.6826 0.6341 0.6388 0.6757 0.6296 0.6064 0.6733 0.6296 0.5949
0.0617 0.6496 1.0 0.8039 0.7624 0.8084 0.8269 0.7786 0.8016 0.8361 0.7854 0.7831 0.8384 0.7854 0.7647 0.8338 0.7854 0.7486 0.8153 0.7854 0.7417 0.7187 0.7002 0.6259 0.6861 0.6537 0.6374 0.7047 0.6676 0.6374 0.7023 0.6746 0.6352 0.6861 0.6769 0.6329 0.663 0.6791 0.6352 0.6398 0.6769 0.6374 0.6004 0.6918 0.6664 0.6296 0.701 0.6802 0.6388 0.6896 0.6849 0.6364 0.6641 0.6826 0.6341 0.6388 0.6757 0.6296 0.6064 0.6733 0.6296 0.5949 0.5719
0.0843 0.6358 1.0 0.7624 0.8084 0.8269 0.7786 0.8016 0.8361 0.7854 0.7831 0.8384 0.7854 0.7647 0.8338 0.7854 0.7486 0.8153 0.7854 0.7417 0.7187 0.7002 0.6749 0.6861 0.6537 0.6374 0.7047 0.6676 0.6374 0.7023 0.6746 0.6352 0.6861 0.6769 0.6329 0.663 0.6791 0.6352 0.6398 0.6769 0.6374 0.6004 0.5773 0.6664 0.6296 0.701 0.6802 0.6388 0.6896 0.6849 0.6364 0.6641 0.6826 0.6341 0.6388 0.6757 0.6296 0.6064 0.6733 0.6296 0.5949 0.5719 0.5557
0.0843 0.6173 1.0 0.8084 0.8269 0.7786 0.8016 0.8361 0.7854 0.7831 0.8384 0.7854 0.7647 0.8338 0.7854 0.7486 0.8153 0.7854 0.7417 0.7187 0.7002 0.6749 0.6496 0.6537 0.6374 0.7047 0.6676 0.6374 0.7023 0.6746 0.6352 0.6861 0.6769 0.6329 0.663 0.6791 0.6352 0.6398 0.6769 0.6374 0.6004 0.5773 0.5564 0.6296 0.701 0.6802 0.6388 0.6896 0.6849 0.6364 0.6641 0.6826 0.6341 0.6388 0.6757 0.6296 0.6064 0.6733 0.6296 0.5949 0.5719 0.5557 0.5327
0.046 0.5966 1.0 0.8269 0.7786 0.8016 0.8361 0.7854 0.7831 0.8384 0.7854 0.7647 0.8338 0.7854 0.7486 0.8153 0.7854 0.7417 0.7187 0.7002 0.6749 0.6496 0.6358 0.6374 0.7047 0.6676 0.6374 0.7023 0.6746 0.6352 0.6861 0.6769 0.6329 0.663 0.6791 0.6352 0.6398 0.6769 0.6374 0.6004 0.5773 0.5564 0.531 0.701 0.6802 0.6388 0.6896 0.6849 0.6364 0.6641 0.6826 0.6341 0.6388 0.6757 0.6296 0.6064 0.6733 0.6296 0.5949 0.5719 0.5557 0.5327 0.5119
0.0617 0.5804 1.0 0.7786 0.8016 0.8361 0.7854 0.7831 0.8384 0.7854 0.7647 0.8338 0.7854 0.7486 0.8153 0.7854 0.7417 0.7187 0.7002 0.6749 0.6496 0.6358 0.6173 0.7047 0.6676 0.6374 0.7023 0.6746 0.6352 0.6861 0.6769 0.6329 0.663 0.6791 0.6352 0.6398 0.6769 0.6374 0.6004 0.5773 0.5564 0.531 0.5102 0.6802 0.6388 0.6896 0.6849 0.6364 0.6641 0.6826 0.6341 0.6388 0.6757 0.6296 0.6064 0.6733 0.6296 0.5949 0.5719 0.5557 0.5327 0.5119 0.5003
0.069 0.5736 1.0 0.8016 0.8361 0.7854 0.7831 0.8384 0.7854 0.7647 0.8338 0.7854 0.7486 0.8153 0.7854 0.7417 0.7187 0.7002 0.6749 0.6496 0.6358 0.6173 0.5966 0.6676 0.6374 0.7023 0.6746 0.6352 0.6861 0.6769 0.6329 0.663 0.6791 0.6352 0.6398 0.6769 0.6374 0.6004 0.5773 0.5564 0.531 0.5102 0.4963 0.6388 0.6896 0.6849 0.6364 0.6641 0.6826 0.6341 0.6388 0.6757 0.6296 0.6064 0.6733 0.6296 0.5949 0.5719 0.5557 0.5327 0.5119 0.5003 0.4842
0.054 0.5528 1.0 0.8361 0.7854 0.7831 0.8384 0.7854 0.7647 0.8338 0.7854 0.7486 0.8153 0.7854 0.7417 0.7187 0.7002 0.6749 0.6496 0.6358 0.6173 0.5966 0.5804 0.6374 0.7023 0.6746 0.6352 0.6861 0.6769 0.6329 0.663 0.6791 0.6352 0.6398 0.6769 0.6374 0.6004 0.5773 0.5564 0.531 0.5102 0.4963 0.4778 0.6896 0.6849 0.6364 0.6641 0.6826 0.6341 0.6388 0.6757 0.6296 0.6064 0.6733 0.6296 0.5949 0.5719 0.5557 0.5327 0.5119 0.5003 0.4842 0.4634
0.0227 0.5413 1.0 0.7854 0.7831 0.8384 0.7854 0.7647 0.8338 0.7854 0.7486 0.8153 0.7854 0.7417 0.7187 0.7002 0.6749 0.6496 0.6358 0.6173 0.5966 0.5804 0.5736 0.7023 0.6746 0.6352 0.6861 0.6769 0.6329 0.663 0.6791 0.6352 0.6398 0.6769 0.6374 0.6004 0.5773 0.5564 0.531 0.5102 0.4963 0.4778 0.457 0.6849 0.6364 0.6641 0.6826 0.6341 0.6388 0.6757 0.6296 0.6064 0.6733 0.6296 0.5949 0.5719 0.5557 0.5327 0.5119 0.5003 0.4842 0.4634 0.4566
0.0693 0.5436 1.0 0.7831 0.8384 0.7854 0.7647 0.8338 0.7854 0.7486 0.8153 0.7854 0.7417 0.7187 0.7002 0.6749 0.6496 0.6358 0.6173 0.5966 0.5804 0.5736 0.5528 0.6746 0.6352 0.6861 0.6769 0.6329 0.663 0.6791 0.6352 0.6398 0.6769 0.6374 0.6004 0.5773 0.5564 0.531 0.5102 0.4963 0.4778 0.457 0.4523 0.6364 0.6641 0.6826 0.6341 0.6388 0.6757 0.6296 0.6064 0.6733 0.6296 0.5949 0.5719 0.5557 0.5327 0.5119 0.5003 0.4842 0.4634 0.4566 0.445
0.0383 0.5251 1.0 0.8384 0.7854 0.7647 0.8338 0.7854 0.7486 0.8153 0.7854 0.7417 0.7187 0.7002 0.6749 0.6496 0.6358 0.6173 0.5966 0.5804 0.5736 0.5528 0.5413 0.6352 0.6861 0.6769 0.6329 0.663 0.6791 0.6352 0.6398 0.6769 0.6374 0.6004 0.5773 0.5564 0.531 0.5102 0.4963 0.4778 0.457 0.4523 0.4384 0.6641 0.6826 0.6341 0.6388 0.6757 0.6296 0.6064 0.6733 0.6296 0.5949 0.5719 0.5557 0.5327 0.5119 0.5003 0.4842 0.4634 0.4566 0.445 0.4242
0.0077 0.5113 1.0 0.7854 0.7647 0.8338 0.7854 0.7486 0.8153 0.7854 0.7417 0.7187 0.7002 0.6749 0.6496 0.6358 0.6173 0.5966 0.5804 0.5736 0.5528 0.5413 0.5436 0.6861 0.6769 0.6329 0.663 0.6791 0.6352 0.6398 0.6769 0.6374 0.6004 0.5773 0.5564 0.531 0.5102 0.4963 0.4778 0.457 0.4523 0.4384 0.4177 0.6826 0.6341 0.6388 0.6757 0.6296 0.6064 0.6733 0.6296 0.5949 0.5719 0.5557 0.5327 0.5119 0.5003 0.4842 0.4634 0.4566 0.445 0.4242 0.4197
0.0617 0.516 1.0 0.7647 0.8338 0.7854 0.7486 0.8153 0.7854 0.7417 0.7187 0.7002 0.6749 0.6496 0.6358 0.6173 0.5966 0.5804 0.5736 0.5528 0.5413 0.5436 0.5251 0.6769 0.6329 0.663 0.6791 0.6352 0.6398 0.6769 0.6374 0.6004 0.5773 0.5564 0.531 0.5102 0.4963 0.4778 0.457 0.4523 0.4384 0.4177 0.4177 0.6341 0.6388 0.6757 0.6296 0.6064 0.6733 0.6296 0.5949 0.5719 0.5557 0.5327 0.5119 0.5003 0.4842 0.4634 0.4566 0.445 0.4242 0.4197 0.415
0.046 0.4998 1.0 0.8338 0.7854 0.7486 0.8153 0.7854 0.7417 0.7187 0.7002 0.6749 0.6496 0.6358 0.6173 0.5966 0.5804 0.5736 0.5528 0.5413 0.5436 0.5251 0.5113 0.6329 0.663 0.6791 0.6352 0.6398 0.6769 0.6374 0.6004 0.5773 0.5564 0.531 0.5102 0.4963 0.4778 0.457 0.4523 0.4384 0.4177 0.4177 0.406 0.6388 0.6757 0.6296 0.6064 0.6733 0.6296 0.5949 0.5719 0.5557 0.5327 0.5119 0.5003 0.4842 0.4634 0.4566 0.445 0.4242 0.4197 0.415 0.3966
0.0157 0.486 1.0 0.7854 0.7486 0.8153 0.7854 0.7417 0.7187 0.7002 0.6749 0.6496 0.6358 0.6173 0.5966 0.5804 0.5736 0.5528 0.5413 0.5436 0.5251 0.5113 0.516 0.663 0.6791 0.6352 0.6398 0.6769 0.6374 0.6004 0.5773 0.5564 0.531 0.5102 0.4963 0.4778 0.457 0.4523 0.4384 0.4177 0.4177 0.406 0.3876 0.6757 0.6296 0.6064 0.6733 0.6296 0.5949 0.5719 0.5557 0.5327 0.5119 0.5003 0.4842 0.4634 0.4566 0.445 0.4242 0.4197 0.415 0.3966 0.3873
0.054 0.4883 1.0 0.7486 0.8153 0.7854 0.7417 0.7187 0.7002 0.6749 0.6496 0.6358 0.6173 0.5966 0.5804 0.5736 0.5528 0.5413 0.5436 0.5251 0.5113 0.516 0.4998 0.6791 0.6352 0.6398 0.6769 0.6374 0.6004 0.5773 0.5564 0.531 0.5102 0.4963 0.4778 0.457 0.4523 0.4384 0.4177 0.4177 0.406 0.3876 0.3829 0.6296 0.6064 0.6733 0.6296 0.5949 0.5719 0.5557 0.5327 0.5119 0.5003 0.4842 0.4634 0.4566 0.445 0.4242 0.4197 0.415 0.3966 0.3873 0.3873
0.046 0.4744 1.0 0.8153 0.7854 0.7417 0.7187 0.7002 0.6749 0.6496 0.6358 0.6173 0.5966 0.5804 0.5736 0.5528 0.5413 0.5436 0.5251 0.5113 0.516 0.4998 0.486 0.6352 0.6398 0.6769 0.6374 0.6004 0.5773 0.5564 0.531 0.5102 0.4963 0.4778 0.457 0.4523 0.4384 0.4177 0.4177 0.406 0.3876 0.3829 0.3783 0.6064 0.6733 0.6296 0.5949 0.5719 0.5557 0.5327 0.5119 0.5003 0.4842 0.4634 0.4566 0.445 0.4242 0.4197 0.415 0.3966 0.3873 0.3873 0.3712
0.0077 0.4607 1.0 0.7854 0.7417 0.7187 0.7002 0.6749 0.6496 0.6358 0.6173 0.5966 0.5804 0.5736 0.5528 0.5413 0.5436 0.5251 0.5113 0.516 0.4998 0.486 0.4883 0.6398 0.6769 0.6374 0.6004 0.5773 0.5564 0.531 0.5102 0.4963 0.4778 0.457 0.4523 0.4384 0.4177 0.4177 0.406 0.3876 0.3829 0.3783 0.3598 0.6733 0.6296 0.5949 0.5719 0.5557 0.5327 0.5119 0.5003 0.4842 0.4634 0.4566 0.445 0.4242 0.4197 0.415 0.3966 0.3873 0.3873 0.3712 0.3597
