1.0 1.0 0.0 0.56 0.5556 0.4012 0.0077 0.008 0.0923 0.82 0.83 0.84 0.85 0.86 0.87 0.88 0.89 0.9 0.91 0.92 0.93 0.94 0.95 0.96 0.97 0.0 0.01 0.02 0.03 0.5553 0.5439 0.5484 0.5323 0.5208 0.5186 0.507 0.4932 0.4886 0.4771 0.4656 0.4587 0.4518 0.4402 0.4356 0.4287 0.4563 0.5347 0.507 0.5093 0.5764 0.5672 0.5487 0.5463 0.5394 0.5232 0.5162 0.5093 0.4978 0.4884 0.4792 0.47 0.4607 0.4561 0.4468 0.4538 0.463 0.4514 0.5232 0.5256 0.3919 0.3712 0.3666 0.3642 0.3481 0.3366 0.3366 0.3204 0.3112 0.3043 0.2928 0.2836 0.2789 0.2697 0.2604 0.2559 0.2489 0.3112 0.3481 0.3204
1.0 1.0 0.0 0.5416 0.5741 0.362 0.2763 0.0697 0.108 0.83 0.84 0.85 0.86 0.87 0.88 0.89 0.9 0.91 0.92 0.93 0.94 0.95 0.96 0.97 0.0 0.01 0.02 0.03 0.04 0.5439 0.5484 0.5323 0.5208 0.5186 0.507 0.4932 0.4886 0.4771 0.4656 0.4587 0.4518 0.4402 0.4356 0.4287 0.4563 0.5347 0.507 0.5093 0.5922 0.5672 0.5487 0.5463 0.5394 0.5232 0.5162 0.5093 0.4978 0.4884 0.4792 0.47 0.4607 0.4561 0.4468 0.4538 0.463 0.4514 0.5232 0.5256 0.5047 0.3712 0.3666 0.3642 0.3481 0.3366 0.3366 0.3204 0.3112 0.3043 0.2928 0.2836 0.2789 0.2697 0.2604 0.2559 0.2489 0.3112 0.3481 0.3204 0.3528
1.0 1.0 0.0 0.6314 0.5463 0.3642 0.1073 0.1697 0.1613 0.84 0.85 0.86 0.87 0.88 0.89 0.9 0.91 0.92 0.93 0.94 0.95 0.96 0.97 0.0 0.01 0.02 0.03 0.04 0.05 0.5484 0.5323 0.5208 0.5186 0.507 0.4932 0.4886 0.4771 0.4656 0.4587 0.4518 0.4402 0.4356 0.4287 0.4563 0.5347 0.507 0.5093 0.5922 0.56 0.5487 0.5463 0.5394 0.5232 0.5162 0.5093 0.4978 0.4884 0.4792 0.47 0.4607 0.4561 0.4468 0.4538 0.463 0.4514 0.5232 0.5256 0.5047 0.5556 0.3666 0.3642 0.3481 0.3366 0.3366 0.3204 0.3112 0.3043 0.2928 0.2836 0.2789 0.2697 0.2604 0.2559 0.2489 0.3112 0.3481 0.3204 0.3528 0.4012
1.0 1.0 0.0 0.6014 0.5718 0.4403 0.0613 0.0617 0.1307 0.85 0.86 0.87 0.88 0.89 0.9 0.91 0.92 0.93 0.94 0.95 0.96 0.97 0.0 0.01 0.02 0.03 0.04 0.05 0.06 0.5323 0.5208 0.5186 0.507 0.4932 0.4886 0.4771 0.4656 0.4587 0.4518 0.4402 0.4356 0.4287 0.4563 0.5347 0.507 0.5093 0.5922 0.56 0.5416 0.5463 0.5394 0.5232 0.5162 0.5093 0.4978 0.4884 0.4792 0.47 0.4607 0.4561 0.4468 0.4538 0.463 0.4514 0.5232 0.5256 0.5047 0.5556 0.5741 0.3642 0.3481 0.3366 0.3366 0.3204 0.3112 0.3043 0.2928 0.2836 0.2789 0.2697 0.2604 0.2559 0.2489 0.3112 0.3481 0.3204 0.3528 0.4012 0.362
1.0 1.0 0.0 0.5692 0.6158 0.3966 0.2993 0.0927 0.0073 0.86 0.87 0.88 0.89 0.9 0.91 0.92 0.93 0.94 0.95 0.96 0.97 0.0 0.01 0.02 0.03 0.04 0.05 0.06 0.07 0.5208 0.5186 0.507 0.4932 0.4886 0.4771 0.4656 0.4587 0.4518 0.4402 0.4356 0.4287 0.4563 0.5347 0.507 0.5093 0.5922 0.56 0.5416 0.6314 0.5394 0.5232 0.5162 0.5093 0.4978 0.4884 0.4792 0.47 0.4607 0.4561 0.4468 0.4538 0.463 0.4514 0.5232 0.5256 0.5047 0.5556 0.5741 0.5463 0.3481 0.3366 0.3366 0.3204 0.3112 0.3043 0.2928 0.2836 0.2789 0.2697 0.2604 0.2559 0.2489 0.3112 0.3481 0.3204 0.3528 0.4012 0.362 0.3642
1.0 1.0 0.0 0.6452 0.5833 0.3781 0.1 0.085 0.2537 0.87 0.88 0.89 0.9 0.91 0.92 0.93 0.94 0.95 0.96 0.97 0.0 0.01 0.02 0.03 0.04 0.05 0.06 0.07 0.08 0.5186 0.507 0.4932 0.4886 0.4771 0.4656 0.4587 0.4518 0.4402 0.4356 0.4287 0.4563 0.5347 0.507 0.5093 0.5922 0.56 0.5416 0.6314 0.6014 0.5232 0.5162 0.5093 0.4978 0.4884 0.4792 0.47 0.4607 0.4561 0.4468 0.4538 0.463 0.4514 0.5232 0.5256 0.5047 0.5556 0.5741 0.5463 0.5718 0.3366 0.3366 0.3204 0.3112 0.3043 0.2928 0.2836 0.2789 0.2697 0.2604 0.2559 0.2489 0.3112 0.3481 0.3204 0.3528 0.4012 0.362 0.3642 0.4403
1.0 1.0 0.0 0.6406 0.5833 0.4589 0.1073 0.1467 0.1457 0.88 0.89 0.9 0.91 0.92 0.93 0.94 0.95 0.96 0.97 0.0 0.01 0.02 0.03 0.04 0.05 0.06 0.07 0.08 0.09 0.507 0.4932 0.4886 0.4771 0.4656 0.4587 0.4518 0.4402 0.4356 0.4287 0.4563 0.5347 0.507 0.5093 0.5922 0.56 0.5416 0.6314 0.6014 0.5692 0.5162 0.5093 0.4978 0.4884 0.4792 0.47 0.4607 0.4561 0.4468 0.4538 0.463 0.4514 0.5232 0.5256 0.5047 0.5556 0.5741 0.5463 0.5718 0.6158 0.3366 0.3204 0.3112 0.3043 0.2928 0.2836 0.2789 0.2697 0.2604 0.2559 0.2489 0.3112 0.3481 0.3204 0.3528 0.4012 0.362 0.3642 0.4403 0.3966
1.0 1.0 0.0 0.6014 0.6528 0.4289 0.2533 0.1083 0.0617 0.89 0.9 0.91 0.92 0.93 0.94 0.95 0.96 0.97 0.0 0.01 0.02 0.03 0.04 0.05 0.06 0.07 0.08 0.09 0.1 0.4932 0.4886 0.4771 0.4656 0.4587 0.4518 0.4402 0.4356 0.4287 0.4563 0.5347 0.507 0.5093 0.5922 0.56 0.5416 0.6314 0.6014 0.5692 0.6452 0.5093 0.4978 0.4884 0.4792 0.47 0.4607 0.4561 0.4468 0.4538 0.463 0.4514 0.5232 0.5256 0.5047 0.5556 0.5741 0.5463 0.5718 0.6158 0.5833 0.3204 0.3112 0.3043 0.2928 0.2836 0.2789 0.2697 0.2604 0.2559 0.2489 0.3112 0.3481 0.3204 0.3528 0.4012 0.362 0.3642 0.4403 0.3966 0.3781
1.0 1.0 0.0 0.6476 0.6158 0.4012 0.0153 0.0 0.2693 0.9 0.91 0.92 0.93 0.94 0.95 0.96 0.97 0.0 0.01 0.02 0.03 0.04 0.05 0.06 0.07 0.08 0.09 0.1 0.11 0.4886 0.4771 0.4656 0.4587 0.4518 0.4402 0.4356 0.4287 0.4563 0.5347 0.507 0.5093 0.5922 0.56 0.5416 0.6314 0.6014 0.5692 0.6452 0.6406 0.4978 0.4884 0.4792 0.47 0.4607 0.4561 0.4468 0.4538 0.463 0.4514 0.5232 0.5256 0.5047 0.5556 0.5741 0.5463 0.5718 0.6158 0.5833 0.5833 0.3112 0.3043 0.2928 0.2836 0.2789 0.2697 0.2604 0.2559 0.2489 0.3112 0.3481 0.3204 0.3528 0.4012 0.362 0.3642 0.4403 0.3966 0.3781 0.4589
1.0 1.0 0.0 0.6798 0.6019 0.4634 0.1307 0.2317 0.1 0.91 0.92 0.93 0.94 0.95 0.96 0.97 0.0 0.01 0.02 0.03 0.04 0.05 0.06 0.07 0.08 0.09 0.1 0.11 0.12 0.4771 0.4656 0.4587 0.4518 0.4402 0.4356 0.4287 0.4563 0.5347 0.507 0.5093 0.5922 0.56 0.5416 0.6314 0.6014 0.5692 0.6452 0.6406 0.6014 0.4884 0.4792 0.47 0.4607 0.4561 0.4468 0.4538 0.463 0.4514 0.5232 0.5256 0.5047 0.5556 0.5741 0.5463 0.5718 0.6158 0.5833 0.5833 0.6528 0.3043 0.2928 0.2836 0.2789 0.2697 0.2604 0.2559 0.2489 0.3112 0.3481 0.3204 0.3528 0.4012 0.362 0.3642 0.4403 0.3966 0.3781 0.4589 0.4289
1.0 1.0 0.0 0.6406 0.6782 0.4634 0.154 0.1233 0.0923 0.92 0.93 0.94 0.95 0.96 0.97 0.0 0.01 0.02 0.03 0.04 0.05 0.06 0.07 0.08 0.09 0.1 0.11 0.12 0.13 0.4656 0.4587 0.4518 0.4402 0.4356 0.4287 0.4563 0.5347 0.507 0.5093 0.5922 0.56 0.5416 0.6314 0.6014 0.5692 0.6452 0.6406 0.6014 0.6476 0.4792 0.47 0.4607 0.4561 0.4468 0.4538 0.463 0.4514 0.5232 0.5256 0.5047 0.5556 0.5741 0.5463 0.5718 0.6158 0.5833 0.5833 0.6528 0.6158 0.2928 0.2836 0.2789 0.2697 0.2604 0.2559 0.2489 0.3112 0.3481 0.3204 0.3528 0.4012 0.362 0.3642 0.4403 0.3966 0.3781 0.4589 0.4289 0.4012
1.0 1.0 0.0 0.6429 0.6551 0.4358 0.1073 0.0463 0.2073 0.93 0.94 0.95 0.96 0.97 0.0 0.01 0.02 0.03 0.04 0.05 0.06 0.07 0.08 0.09 0.1 0.11 0.12 0.13 0.14 0.4587 0.4518 0.4402 0.4356 0.4287 0.4563 0.5347 0.507 0.5093 0.5922 0.56 0.5416 0.6314 0.6014 0.5692 0.6452 0.6406 0.6014 0.6476 0.6798 0.47 0.4607 0.4561 0.4468 0.4538 0.463 0.4514 0.5232 0.5256 0.5047 0.5556 0.5741 0.5463 0.5718 0.6158 0.5833 0.5833 0.6528 0.6158 0.6019 0.2836 0.2789 0.2697 0.2604 0.2559 0.2489 0.3112 0.3481 0.3204 0.3528 0.4012 0.362 0.3642 0.4403 0.3966 0.3781 0.4589 0.4289 0.4012 0.4634
1.0 1.0 0.0 0.7051 0.632 0.4658 0.1307 0.2543 0.0 0.94 0.95 0.96 0.97 0.0 0.01 0.02 0.03 0.04 0.05 0.06 0.07 0.08 0.09 0.1 0.11 0.12 0.13 0.14 0.15 0.4518 0.4402 0.4356 0.4287 0.4563 0.5347 0.507 0.5093 0.5922 0.56 0.5416 0.6314 0.6014 0.5692 0.6452 0.6406 0.6014 0.6476 0.6798 0.6406 0.4607 0.4561 0.4468 0.4538 0.463 0.4514 0.5232 0.5256 0.5047 0.5556 0.5741 0.5463 0.5718 0.6158 0.5833 0.5833 0.6528 0.6158 0.6019 0.6782 0.2789 0.2697 0.2604 0.2559 0.2489 0.3112 0.3481 0.3204 0.3528 0.4012 0.362 0.3642 0.4403 0.3966 0.3781 0.4589 0.4289 0.4012 0.4634 0.4634
1.0 1.0 0.0 0.6706 0.6829 0.4911 0.0077 0.077 0.092 0.95 0.96 0.97 0.0 0.01 0.02 0.03 0.04 0.05 0.06 0.07 0.08 0.09 0.1 0.11 0.12 0.13 0.14 0.15 0.16 0.4402 0.4356 0.4287 0.4563 0.5347 0.507 0.5093 0.5922 0.56 0.5416 0.6314 0.6014 0.5692 0.6452 0.6406 0.6014 0.6476 0.6798 0.6406 0.6429 0.4561 0.4468 0.4538 0.463 0.4514 0.5232 0.5256 0.5047 0.5556 0.5741 0.5463 0.5718 0.6158 0.5833 0.5833 0.6528 0.6158 0.6019 0.6782 0.6551 0.2697 0.2604 0.2559 0.2489 0.3112 0.3481 0.3204 0.3528 0.4012 0.362 0.3642 0.4403 0.3966 0.3781 0.4589 0.4289 0.4012 0.4634 0.4634 0.4358
1.0 1.0 0.0 0.6544 0.6921 0.4589 0.2073 0.077 0.1 0.96 0.97 0.0 0.01 0.02 0.03 0.04 0.05 0.06 0.07 0.08 0.09 0.1 0.11 0.12 0.13 0.14 0.15 0.16 0.17 0.4356 0.4287 0.4563 0.5347 0.507 0.5093 0.5922 0.56 0.5416 0.6314 0.6014 0.5692 0.6452 0.6406 0.6014 0.6476 0.6798 0.6406 0.6429 0.7051 0.4468 0.4538 0.463 0.4514 0.5232 0.5256 0.5047 0.5556 0.5741 0.5463 0.5718 0.6158 0.5833 0.5833 0.6528 0.6158 0.6019 0.6782 0.6551 0.632 0.2604 0.2559 0.2489 0.3112 0.3481 0.3204 0.3528 0.4012 0.362 0.3642 0.4403 0.3966 0.3781 0.4589 0.4289 0.4012 0.4634 0.4634 0.4358 0.4658
1.0 1.0 0.0 0.7051 0.6621 0.4658 0.115 0.1697 0.0843 0.97 0.0 0.01 0.02 0.03 0.04 0.05 0.06 0.07 0.08 0.09 0.1 0.11 0.12 0.13 0.14 0.15 0.16 0.17 0.18 0.4287 0.4563 0.5347 0.507 0.5093 0.5922 0.56 0.5416 0.6314 0.6014 0.5692 0.6452 0.6406 0.6014 0.6476 0.6798 0.6406 0.6429 0.7051 0.6706 0.4538 0.463 0.4514 0.5232 0.5256 0.5047 0.5556 0.5741 0.5463 0.5718 0.6158 0.5833 0.5833 0.6528 0.6158 0.6019 0.6782 0.6551 0.632 0.6829 0.2559 0.2489 0.3112 0.3481 0.3204 0.3528 0.4012 0.362 0.3642 0.4403 0.3966 0.3781 0.4589 0.4289 0.4012 0.4634 0.4634 0.4358 0.4658 0.4911
1.0 1.0 0.0 0.689 0.6782 0.5211 0.054 0.0307 0.1073 0.0 0.01 0.02 0.03 0.04 0.05 0.06 0.07 0.08 0.09 0.1 0.11 0.12 0.13 0.14 0.15 0.16 0.17 0.18 0.19 0.4563 0.5347 0.507 0.5093 0.5922 0.56 0.5416 0.6314 0.6014 0.5692 0.6452 0.6406 0.6014 0.6476 0.6798 0.6406 0.6429 0.7051 0.6706 0.6544 0.463 0.4514 0.5232 0.5256 0.5047 0.5556 0.5741 0.5463 0.5718 0.6158 0.5833 0.5833 0.6528 0.6158 0.6019 0.6782 0.6551 0.632 0.6829 0.6921 0.2489 0.3112 0.3481 0.3204 0.3528 0.4012 0.362 0.3642 0.4403 0.3966 0.3781 0.4589 0.4289 0.4012 0.4634 0.4634 0.4358 0.4658 0.4911 0.4589
1.0 1.0 0.0 0.6751 0.7361 0.4911 0.169 0.1 0.023 0.01 0.02 0.03 0.04 0.05 0.06 0.07 0.08 0.09 0.1 0.11 0.12 0.13 0.14 0.15 0.16 0.17 0.18 0.19 0.2 0.5347 0.507 0.5093 0.5922 0.56 0.5416 0.6314 0.6014 0.5692 0.6452 0.6406 0.6014 0.6476 0.6798 0.6406 0.6429 0.7051 0.6706 0.6544 0.7051 0.4514 0.5232 0.5256 0.5047 0.5556 0.5741 0.5463 0.5718 0.6158 0.5833 0.5833 0.6528 0.6158 0.6019 0.6782 0.6551 0.632 0.6829 0.6921 0.6621 0.3112 0.3481 0.3204 0.3528 0.4012 0.362 0.3642 0.4403 0.3966 0.3781 0.4589 0.4289 0.4012 0.4634 0.4634 0.4358 0.4658 0.4911 0.4589 0.4658
1.0 1.0 0.0 0.7143 0.706 0.4888 0.0537 0.0537 0.1843 0.02 0.03 0.04 0.05 0.06 0.07 0.08 0.09 0.1 0.11 0.12 0.13 0.14 0.15 0.16 0.17 0.18 0.19 0.2 0.21 0.507 0.5093 0.5922 0.56 0.5416 0.6314 0.6014 0.5692 0.6452 0.6406 0.6014 0.6476 0.6798 0.6406 0.6429 0.7051 0.6706 0.6544 0.7051 0.689 0.5232 0.5256 0.5047 0.5556 0.5741 0.5463 0.5718 0.6158 0.5833 0.5833 0.6528 0.6158 0.6019 0.6782 0.6551 0.632 0.6829 0.6921 0.6621 0.6782 0.3481 0.3204 0.3528 0.4012 0.362 0.3642 0.4403 0.3966 0.3781 0.4589 0.4289 0.4012 0.4634 0.4634 0.4358 0.4658 0.4911 0.4589 0.4658 0.5211
1.0 1.0 0.0 0.7397 0.7037 0.5258 0.0463 0.193 0.1 0.03 0.04 0.05 0.06 0.07 0.08 0.09 0.1 0.11 0.12 0.13 0.14 0.15 0.16 0.17 0.18 0.19 0.2 0.21 0.22 0.5093 0.5922 0.56 0.5416 0.6314 0.6014 0.5692 0.6452 0.6406 0.6014 0.6476 0.6798 0.6406 0.6429 0.7051 0.6706 0.6544 0.7051 0.689 0.6751 0.5256 0.5047 0.5556 0.5741 0.5463 0.5718 0.6158 0.5833 0.5833 0.6528 0.6158 0.6019 0.6782 0.6551 0.632 0.6829 0.6921 0.6621 0.6782 0.7361 0.3204 0.3528 0.4012 0.362 0.3642 0.4403 0.3966 0.3781 0.4589 0.4289 0.4012 0.4634 0.4634 0.4358 0.4658 0.4911 0.4589 0.4658 0.5211 0.4911
1.0 1.0 0.0 0.712 0.7616 0.5396 0.1307 0.1003 0.0077 0.04 0.05 0.06 0.07 0.08 0.09 0.1 0.11 0.12 0.13 0.14 0.15 0.16 0.17 0.18 0.19 0.2 0.21 0.22 0.23 0.5922 0.56 0.5416 0.6314 0.6014 0.5692 0.6452 0.6406 0.6014 0.6476 0.6798 0.6406 0.6429 0.7051 0.6706 0.6544 0.7051 0.689 0.6751 0.7143 0.5047 0.5556 0.5741 0.5463 0.5718 0.6158 0.5833 0.5833 0.6528 0.6158 0.6019 0.6782 0.6551 0.632 0.6829 0.6921 0.6621 0.6782 0.7361 0.706 0.3528 0.4012 0.362 0.3642 0.4403 0.3966 0.3781 0.4589 0.4289 0.4012 0.4634 0.4634 0.4358 0.4658 0.4911 0.4589 0.4658 0.5211 0.4911 0.4888
1.0 1.0 0.0 0.7212 0.7477 0.5258 0.0847 0.0077 0.1233 0.05 0.06 0.07 0.08 0.09 0.1 0.11 0.12 0.13 0.14 0.15 0.16 0.17 0.18 0.19 0.2 0.21 0.22 0.23 0.24 0.56 0.5416 0.6314 0.6014 0.5692 0.6452 0.6406 0.6014 0.6476 0.6798 0.6406 0.6429 0.7051 0.6706 0.6544 0.7051 0.689 0.6751 0.7143 0.7397 0.5556 0.5741 0.5463 0.5718 0.6158 0.5833 0.5833 0.6528 0.6158 0.6019 0.6782 0.6551 0.632 0.6829 0.6921 0.6621 0.6782 0.7361 0.706 0.7037 0.4012 0.362 0.3642 0.4403 0.3966 0.3781 0.4589 0.4289 0.4012 0.4634 0.4634 0.4358 0.4658 0.4911 0.4589 0.4658 0.5211 0.4911 0.4888 0.5258
1.0 1.0 0.0 0.7811 0.7361 0.5511 0.0923 0.193 0.046 0.06 0.07 0.08 0.09 0.1 0.11 0.12 0.13 0.14 0.15 0.16 0.17 0.18 0.19 0.2 0.21 0.22 0.23 0.24 0.25 0.5416 0.6314 0.6014 0.5692 0.6452 0.6406 0.6014 0.6476 0.6798 0.6406 0.6429 0.7051 0.6706 0.6544 0.7051 0.689 0.6751 0.7143 0.7397 0.712 0.5741 0.5463 0.5718 0.6158 0.5833 0.5833 0.6528 0.6158 0.6019 0.6782 0.6551 0.632 0.6829 0.6921 0.6621 0.6782 0.7361 0.706 0.7037 0.7616 0.362 0.3642 0.4403 0.3966 0.3781 0.4589 0.4289 0.4012 0.4634 0.4634 0.4358 0.4658 0.4911 0.4589 0.4658 0.5211 0.4911 0.4888 0.5258 0.5396
1.0 1.0 0.0 0.7558 0.7662 0.6019 0.0307 0.0463 0.046 0.07 0.08 0.09 0.1 0.11 0.12 0.13 0.14 0.15 0.16 0.17 0.18 0.19 0.2 0.21 0.22 0.23 0.24 0.25 0.26 0.6314 0.6014 0.5692 0.6452 0.6406 0.6014 0.6476 0.6798 0.6406 0.6429 0.7051 0.6706 0.6544 0.7051 0.689 0.6751 0.7143 0.7397 0.712 0.7212 0.5463 0.5718 0.6158 0.5833 0.5833 0.6528 0.6158 0.6019 0.6782 0.6551 0.632 0.6829 0.6921 0.6621 0.6782 0.7361 0.706 0.7037 0.7616 0.7477 0.3642 0.4403 0.3966 0.3781 0.4589 0.4289 0.4012 0.4634 0.4634 0.4358 0.4658 0.4911 0.4589 0.4658 0.5211 0.4911 0.4888 0.5258 0.5396 0.5258
1.0 1.0 0.0 0.7442 0.794 0.5649 0.1997 0.0387 0.0843 0.08 0.09 0.1 0.11 0.12 0.13 0.14 0.15 0.16 0.17 0.18 0.19 0.2 0.21 0.22 0.23 0.24 0.25 0.26 0.27 0.6014 0.5692 0.6452 0.6406 0.6014 0.6476 0.6798 0.6406 0.6429 0.7051 0.6706 0.6544 0.7051 0.689 0.6751 0.7143 0.7397 0.712 0.7212 0.7811 0.5718 0.6158 0.5833 0.5833 0.6528 0.6158 0.6019 0.6782 0.6551 0.632 0.6829 0.6921 0.6621 0.6782 0.7361 0.706 0.7037 0.7616 0.7477 0.7361 0.4403 0.3966 0.3781 0.4589 0.4289 0.4012 0.4634 0.4634 0.4358 0.4658 0.4911 0.4589 0.4658 0.5211 0.4911 0.4888 0.5258 0.5396 0.5258 0.5511
1.0 1.0 0.0 0.8088 0.7639 0.5649 0.0843 0.1003 0.1693 0.09 0.1 0.11 0.12 0.13 0.14 0.15 0.16 0.17 0.18 0.19 0.2 0.21 0.22 0.23 0.24 0.25 0.26 0.27 0.28 0.5692 0.6452 0.6406 0.6014 0.6476 0.6798 0.6406 0.6429 0.7051 0.6706 0.6544 0.7051 0.689 0.6751 0.7143 0.7397 0.712 0.7212 0.7811 0.7558 0.6158 0.5833 0.5833 0.6528 0.6158 0.6019 0.6782 0.6551 0.632 0.6829 0.6921 0.6621 0.6782 0.7361 0.706 0.7037 0.7616 0.7477 0.7361 0.7662 0.3966 0.3781 0.4589 0.4289 0.4012 0.4634 0.4634 0.4358 0.4658 0.4911 0.4589 0.4658 0.5211 0.4911 0.4888 0.5258 0.5396 0.5258 0.5511 0.6019
1.0 1.0 0.0 0.7927 0.7731 0.6319 0.0387 0.0927 0.1233 0.1 0.11 0.12 0.13 0.14 0.15 0.16 0.17 0.18 0.19 0.2 0.21 0.22 0.23 0.24 0.25 0.26 0.27 0.28 0.29 0.6452 0.6406 0.6014 0.6476 0.6798 0.6406 0.6429 0.7051 0.6706 0.6544 0.7051 0.689 0.6751 0.7143 0.7397 0.712 0.7212 0.7811 0.7558 0.7442 0.5833 0.5833 0.6528 0.6158 0.6019 0.6782 0.6551 0.632 0.6829 0.6921 0.6621 0.6782 0.7361 0.706 0.7037 0.7616 0.7477 0.7361 0.7662 0.794 0.3781 0.4589 0.4289 0.4012 0.4634 0.4634 0.4358 0.4658 0.4911 0.4589 0.4658 0.5211 0.4911 0.4888 0.5258 0.5396 0.5258 0.5511 0.6019 0.5649
1.0 1.0 0.0 0.7719 0.8124 0.5927 0.2153 0.1003 0.0 0.11 0.12 0.13 0.14 0.15 0.16 0.17 0.18 0.19 0.2 0.21 0.22 0.23 0.24 0.25 0.26 0.27 0.28 0.29 0.3 0.6406 0.6014 0.6476 0.6798 0.6406 0.6429 0.7051 0.6706 0.6544 0.7051 0.689 0.6751 0.7143 0.7397 0.712 0.7212 0.7811 0.7558 0.7442 0.8088 0.5833 0.6528 0.6158 0.6019 0.6782 0.6551 0.632 0.6829 0.6921 0.6621 0.6782 0.7361 0.706 0.7037 0.7616 0.7477 0.7361 0.7662 0.794 0.7639 0.4589 0.4289 0.4012 0.4634 0.4634 0.4358 0.4658 0.4911 0.4589 0.4658 0.5211 0.4911 0.4888 0.5258 0.5396 0.5258 0.5511 0.6019 0.5649 0.5649
1.0 1.0 0.0 0.8157 0.7754 0.5788 0.0537 0.0307 0.2233 0.12 0.13 0.14 0.15 0.16 0.17 0.18 0.19 0.2 0.21 0.22 0.23 0.24 0.25 0.26 0.27 0.28 0.29 0.3 0.31 0.6014 0.6476 0.6798 0.6406 0.6429 0.7051 0.6706 0.6544 0.7051 0.689 0.6751 0.7143 0.7397 0.712 0.7212 0.7811 0.7558 0.7442 0.8088 0.7927 0.6528 0.6158 0.6019 0.6782 0.6551 0.632 0.6829 0.6921 0.6621 0.6782 0.7361 0.706 0.7037 0.7616 0.7477 0.7361 0.7662 0.794 0.7639 0.7731 0.4289 0.4012 0.4634 0.4634 0.4358 0.4658 0.4911 0.4589 0.4658 0.5211 0.4911 0.4888 0.5258 0.5396 0.5258 0.5511 0.6019 0.5649 0.5649 0.6319
1.0 1.0 0.0 0.8088 0.7709 0.6364 0.0693 0.131 0.1307 0.13 0.14 0.15 0.16 0.17 0.18 0.19 0.2 0.21 0.22 0.23 0.24 0.25 0.26 0.27 0.28 0.29 0.3 0.31 0.32 0.6476 0.6798 0.6406 0.6429 0.7051 0.6706 0.6544 0.7051 0.689 0.6751 0.7143 0.7397 0.712 0.7212 0.7811 0.7558 0.7442 0.8088 0.7927 0.7719 0.6158 0.6019 0.6782 0.6551 0.632 0.6829 0.6921 0.6621 0.6782 0.7361 0.706 0.7037 0.7616 0.7477 0.7361 0.7662 0.794 0.7639 0.7731 0.8124 0.4012 0.4634 0.4634 0.4358 0.4658 0.4911 0.4589 0.4658 0.5211 0.4911 0.4888 0.5258 0.5396 0.5258 0.5511 0.6019 0.5649 0.5649 0.6319 0.5927
1.0 1.0 0.0 0.7811 0.8079 0.5996 0.146 0.1233 0.0463 0.14 0.15 0.16 0.17 0.18 0.19 0.2 0.21 0.22 0.23 0.24 0.25 0.26 0.27 0.28 0.29 0.3 0.31 0.32 0.33 0.6798 0.6406 0.6429 0.7051 0.6706 0.6544 0.7051 0.689 0.6751 0.7143 0.7397 0.712 0.7212 0.7811 0.7558 0.7442 0.8088 0.7927 0.7719 0.8157 0.6019 0.6782 0.6551 0.632 0.6829 0.6921 0.6621 0.6782 0.7361 0.706 0.7037 0.7616 0.7477 0.7361 0.7662 0.794 0.7639 0.7731 0.8124 0.7754 0.4634 0.4634 0.4358 0.4658 0.4911 0.4589 0.4658 0.5211 0.4911 0.4888 0.5258 0.5396 0.5258 0.5511 0.6019 0.5649 0.5649 0.6319 0.5927 0.5788
1.0 1.0 0.0 0.8157 0.7778 0.5788 0.023 0.015 0.192 0.15 0.16 0.17 0.18 0.19 0.2 0.21 0.22 0.23 0.24 0.25 0.26 0.27 0.28 0.29 0.3 0.31 0.32 0.33 0.34 0.6406 0.6429 0.7051 0.6706 0.6544 0.7051 0.689 0.6751 0.7143 0.7397 0.712 0.7212 0.7811 0.7558 0.7442 0.8088 0.7927 0.7719 0.8157 0.8088 0.6782 0.6551 0.632 0.6829 0.6921 0.6621 0.6782 0.7361 0.706 0.7037 0.7616 0.7477 0.7361 0.7662 0.794 0.7639 0.7731 0.8124 0.7754 0.7709 0.4634 0.4358 0.4658 0.4911 0.4589 0.4658 0.5211 0.4911 0.4888 0.5258 0.5396 0.5258 0.5511 0.6019 0.5649 0.5649 0.6319 0.5927 0.5788 0.6364
1.0 1.0 0.0 0.8157 0.7754 0.6249 0.0923 0.1233 0.1227 0.16 0.17 0.18 0.19 0.2 0.21 0.22 0.23 0.24 0.25 0.26 0.27 0.28 0.29 0.3 0.31 0.32 0.33 0.34 0.35 0.6429 0.7051 0.6706 0.6544 0.7051 0.689 0.6751 0.7143 0.7397 0.712 0.7212 0.7811 0.7558 0.7442 0.8088 0.7927 0.7719 0.8157 0.8088 0.7811 0.6551 0.632 0.6829 0.6921 0.6621 0.6782 0.7361 0.706 0.7037 0.7616 0.7477 0.7361 0.7662 0.794 0.7639 0.7731 0.8124 0.7754 0.7709 0.8079 0.4358 0.4658 0.4911 0.4589 0.4658 0.5211 0.4911 0.4888 0.5258 0.5396 0.5258 0.5511 0.6019 0.5649 0.5649 0.6319 0.5927 0.5788 0.6364 0.5996
1.0 1.0 0.0 0.7834 0.8056 0.5972 0.1153 0.1003 0.0693 0.17 0.18 0.19 0.2 0.21 0.22 0.23 0.24 0.25 0.26 0.27 0.28 0.29 0.3 0.31 0.32 0.33 0.34 0.35 0.36 0.7051 0.6706 0.6544 0.7051 0.689 0.6751 0.7143 0.7397 0.712 0.7212 0.7811 0.7558 0.7442 0.8088 0.7927 0.7719 0.8157 0.8088 0.7811 0.8157 0.632 0.6829 0.6921 0.6621 0.6782 0.7361 0.706 0.7037 0.7616 0.7477 0.7361 0.7662 0.794 0.7639 0.7731 0.8124 0.7754 0.7709 0.8079 0.7778 0.4658 0.4911 0.4589 0.4658 0.5211 0.4911 0.4888 0.5258 0.5396 0.5258 0.5511 0.6019 0.5649 0.5649 0.6319 0.5927 0.5788 0.6364 0.5996 0.5788
1.0 1.0 0.0 0.8249 0.7778 0.5834 0.0 0.008 0.1537 0.18 0.19 0.2 0.21 0.22 0.23 0.24 0.25 0.26 0.27 0.28 0.29 0.3 0.31 0.32 0.33 0.34 0.35 0.36 0.37 0.6706 0.6544 0.7051 0.689 0.6751 0.7143 0.7397 0.712 0.7212 0.7811 0.7558 0.7442 0.8088 0.7927 0.7719 0.8157 0.8088 0.7811 0.8157 0.8157 0.6829 0.6921 0.6621 0.6782 0.7361 0.706 0.7037 0.7616 0.7477 0.7361 0.7662 0.794 0.7639 0.7731 0.8124 0.7754 0.7709 0.8079 0.7778 0.7754 0.4911 0.4589 0.4658 0.5211 0.4911 0.4888 0.5258 0.5396 0.5258 0.5511 0.6019 0.5649 0.5649 0.6319 0.5927 0.5788 0.6364 0.5996 0.5788 0.6249
1.0 1.0 0.0 0.8019 0.7778 0.6411 0.1077 0.1007 0.0923 0.19 0.2 0.21 0.22 0.23 0.24 0.25 0.26 0.27 0.28 0.29 0.3 0.31 0.32 0.33 0.34 0.35 0.36 0.37 0.38 0.6544 0.7051 0.689 0.6751 0.7143 0.7397 0.712 0.7212 0.7811 0.7558 0.7442 0.8088 0.7927 0.7719 0.8157 0.8088 0.7811 0.8157 0.8157 0.7834 0.6921 0.6621 0.6782 0.7361 0.706 0.7037 0.7616 0.7477 0.7361 0.7662 0.794 0.7639 0.7731 0.8124 0.7754 0.7709 0.8079 0.7778 0.7754 0.8056 0.4589 0.4658 0.5211 0.4911 0.4888 0.5258 0.5396 0.5258 0.5511 0.6019 0.5649 0.5649 0.6319 0.5927 0.5788 0.6364 0.5996 0.5788 0.6249 0.5972
1.0 1.0 0.0 0.7766 0.8009 0.6111 0.1383 0.0927 0.046 0.2 0.21 0.22 0.23 0.24 0.25 0.26 0.27 0.28 0.29 0.3 0.31 0.32 0.33 0.34 0.35 0.36 0.37 0.38 0.39 0.7051 0.689 0.6751 0.7143 0.7397 0.712 0.7212 0.7811 0.7558 0.7442 0.8088 0.7927 0.7719 0.8157 0.8088 0.7811 0.8157 0.8157 0.7834 0.8249 0.6621 0.6782 0.7361 0.706 0.7037 0.7616 0.7477 0.7361 0.7662 0.794 0.7639 0.7731 0.8124 0.7754 0.7709 0.8079 0.7778 0.7754 0.8056 0.7778 0.4658 0.5211 0.4911 0.4888 0.5258 0.5396 0.5258 0.5511 0.6019 0.5649 0.5649 0.6319 0.5927 0.5788 0.6364 0.5996 0.5788 0.6249 0.5972 0.5834
1.0 1.0 0.0 0.8226 0.7801 0.5996 0.0767 0.0 0.1923 0.21 0.22 0.23 0.24 0.25 0.26 0.27 0.28 0.29 0.3 0.31 0.32 0.33 0.34 0.35 0.36 0.37 0.38 0.39 0.4 0.689 0.6751 0.7143 0.7397 0.712 0.7212 0.7811 0.7558 0.7442 0.8088 0.7927 0.7719 0.8157 0.8088 0.7811 0.8157 0.8157 0.7834 0.8249 0.8019 0.6782 0.7361 0.706 0.7037 0.7616 0.7477 0.7361 0.7662 0.794 0.7639 0.7731 0.8124 0.7754 0.7709 0.8079 0.7778 0.7754 0.8056 0.7778 0.7778 0.5211 0.4911 0.4888 0.5258 0.5396 0.5258 0.5511 0.6019 0.5649 0.5649 0.6319 0.5927 0.5788 0.6364 0.5996 0.5788 0.6249 0.5972 0.5834 0.6411
1.0 1.0 0.0 0.8157 0.7893 0.6503 0.0843 0.077 0.1 0.22 0.23 0.24 0.25 0.26 0.27 0.28 0.29 0.3 0.31 0.32 0.33 0.34 0.35 0.36 0.37 0.38 0.39 0.4 0.41 0.6751 0.7143 0.7397 0.712 0.7212 0.7811 0.7558 0.7442 0.8088 0.7927 0.7719 0.8157 0.8088 0.7811 0.8157 0.8157 0.7834 0.8249 0.8019 0.7766 0.7361 0.706 0.7037 0.7616 0.7477 0.7361 0.7662 0.794 0.7639 0.7731 0.8124 0.7754 0.7709 0.8079 0.7778 0.7754 0.8056 0.7778 0.7778 0.8009 0.4911 0.4888 0.5258 0.5396 0.5258 0.5511 0.6019 0.5649 0.5649 0.6319 0.5927 0.5788 0.6364 0.5996 0.5788 0.6249 0.5972 0.5834 0.6411 0.6111
1.0 1.0 0.0 0.788 0.8241 0.6203 0.1533 0.0693 0.0383 0.23 0.24 0.25 0.26 0.27 0.28 0.29 0.3 0.31 0.32 0.33 0.34 0.35 0.36 0.37 0.38 0.39 0.4 0.41 0.42 0.7143 0.7397 0.712 0.7212 0.7811 0.7558 0.7442 0.8088 0.7927 0.7719 0.8157 0.8088 0.7811 0.8157 0.8157 0.7834 0.8249 0.8019 0.7766 0.8226 0.706 0.7037 0.7616 0.7477 0.7361 0.7662 0.794 0.7639 0.7731 0.8124 0.7754 0.7709 0.8079 0.7778 0.7754 0.8056 0.7778 0.7778 0.8009 0.7801 0.4888 0.5258 0.5396 0.5258 0.5511 0.6019 0.5649 0.5649 0.6319 0.5927 0.5788 0.6364 0.5996 0.5788 0.6249 0.5972 0.5834 0.6411 0.6111 0.5996
1.0 1.0 0.0 0.841 0.7963 0.6088 0.023 0.0307 0.169 0.24 0.25 0.26 0.27 0.28 0.29 0.3 0.31 0.32 0.33 0.34 0.35 0.36 0.37 0.38 0.39 0.4 0.41 0.42 0.43 0.7397 0.712 0.7212 0.7811 0.7558 0.7442 0.8088 0.7927 0.7719 0.8157 0.8088 0.7811 0.8157 0.8157 0.7834 0.8249 0.8019 0.7766 0.8226 0.8157 0.7037 0.7616 0.7477 0.7361 0.7662 0.794 0.7639 0.7731 0.8124 0.7754 0.7709 0.8079 0.7778 0.7754 0.8056 0.7778 0.7778 0.8009 0.7801 0.7893 0.5258 0.5396 0.5258 0.5511 0.6019 0.5649 0.5649 0.6319 0.5927 0.5788 0.6364 0.5996 0.5788 0.6249 0.5972 0.5834 0.6411 0.6111 0.5996 0.6503
1.0 1.0 0.0 0.8318 0.8009 0.678 0.0923 0.116 0.1 0.25 0.26 0.27 0.28 0.29 0.3 0.31 0.32 0.33 0.34 0.35 0.36 0.37 0.38 0.39 0.4 0.41 0.42 0.43 0.44 0.712 0.7212 0.7811 0.7558 0.7442 0.8088 0.7927 0.7719 0.8157 0.8088 0.7811 0.8157 0.8157 0.7834 0.8249 0.8019 0.7766 0.8226 0.8157 0.788 0.7616 0.7477 0.7361 0.7662 0.794 0.7639 0.7731 0.8124 0.7754 0.7709 0.8079 0.7778 0.7754 0.8056 0.7778 0.7778 0.8009 0.7801 0.7893 0.8241 0.5396 0.5258 0.5511 0.6019 0.5649 0.5649 0.6319 0.5927 0.5788 0.6364 0.5996 0.5788 0.6249 0.5972 0.5834 0.6411 0.6111 0.5996 0.6503 0.6203
1.0 1.0 0.0 0.7972 0.8519 0.6411 0.1767 0.0927 0.0383 0.26 0.27 0.28 0.29 0.3 0.31 0.32 0.33 0.34 0.35 0.36 0.37 0.38 0.39 0.4 0.41 0.42 0.43 0.44 0.45 0.7212 0.7811 0.7558 0.7442 0.8088 0.7927 0.7719 0.8157 0.8088 0.7811 0.8157 0.8157 0.7834 0.8249 0.8019 0.7766 0.8226 0.8157 0.788 0.841 0.7477 0.7361 0.7662 0.794 0.7639 0.7731 0.8124 0.7754 0.7709 0.8079 0.7778 0.7754 0.8056 0.7778 0.7778 0.8009 0.7801 0.7893 0.8241 0.7963 0.5258 0.5511 0.6019 0.5649 0.5649 0.6319 0.5927 0.5788 0.6364 0.5996 0.5788 0.6249 0.5972 0.5834 0.6411 0.6111 0.5996 0.6503 0.6203 0.6088
1.0 1.0 0.0 0.8594 0.8218 0.6157 0.0307 0.0153 0.2307 0.27 0.28 0.29 0.3 0.31 0.32 0.33 0.34 0.35 0.36 0.37 0.38 0.39 0.4 0.41 0.42 0.43 0.44 0.45 0.46 0.7811 0.7558 0.7442 0.8088 0.7927 0.7719 0.8157 0.8088 0.7811 0.8157 0.8157 0.7834 0.8249 0.8019 0.7766 0.8226 0.8157 0.788 0.841 0.8318 0.7361 0.7662 0.794 0.7639 0.7731 0.8124 0.7754 0.7709 0.8079 0.7778 0.7754 0.8056 0.7778 0.7778 0.8009 0.7801 0.7893 0.8241 0.7963 0.8009 0.5511 0.6019 0.5649 0.5649 0.6319 0.5927 0.5788 0.6364 0.5996 0.5788 0.6249 0.5972 0.5834 0.6411 0.6111 0.5996 0.6503 0.6203 0.6088 0.678
1.0 1.0 0.0 0.8594 0.8148 0.6918 0.1153 0.17 0.123 0.28 0.29 0.3 0.31 0.32 0.33 0.34 0.35 0.36 0.37 0.38 0.39 0.4 0.41 0.42 0.43 0.44 0.45 0.46 0.47 0.7558 0.7442 0.8088 0.7927 0.7719 0.8157 0.8088 0.7811 0.8157 0.8157 0.7834 0.8249 0.8019 0.7766 0.8226 0.8157 0.788 0.841 0.8318 0.7972 0.7662 0.794 0.7639 0.7731 0.8124 0.7754 0.7709 0.8079 0.7778 0.7754 0.8056 0.7778 0.7778 0.8009 0.7801 0.7893 0.8241 0.7963 0.8009 0.8519 0.6019 0.5649 0.5649 0.6319 0.5927 0.5788 0.6364 0.5996 0.5788 0.6249 0.5972 0.5834 0.6411 0.6111 0.5996 0.6503 0.6203 0.6088 0.678 0.6411
1.0 1.0 0.0 0.818 0.875 0.6664 0.2073 0.1003 0.0847 0.29 0.3 0.31 0.32 0.33 0.34 0.35 0.36 0.37 0.38 0.39 0.4 0.41 0.42 0.43 0.44 0.45 0.46 0.47 0.48 0.7442 0.8088 0.7927 0.7719 0.8157 0.8088 0.7811 0.8157 0.8157 0.7834 0.8249 0.8019 0.7766 0.8226 0.8157 0.788 0.841 0.8318 0.7972 0.8594 0.794 0.7639 0.7731 0.8124 0.7754 0.7709 0.8079 0.7778 0.7754 0.8056 0.7778 0.7778 0.8009 0.7801 0.7893 0.8241 0.7963 0.8009 0.8519 0.8218 0.5649 0.5649 0.6319 0.5927 0.5788 0.6364 0.5996 0.5788 0.6249 0.5972 0.5834 0.6411 0.6111 0.5996 0.6503 0.6203 0.6088 0.678 0.6411 0.6157
1.0 1.0 0.0 0.864 0.8426 0.6296 0.0 0.0233 0.2537 0.3 0.31 0.32 0.33 0.34 0.35 0.36 0.37 0.38 0.39 0.4 0.41 0.42 0.43 0.44 0.45 0.46 0.47 0.48 0.49 0.8088 0.7927 0.7719 0.8157 0.8088 0.7811 0.8157 0.8157 0.7834 0.8249 0.8019 0.7766 0.8226 0.8157 0.788 0.841 0.8318 0.7972 0.8594 0.8594 0.7639 0.7731 0.8124 0.7754 0.7709 0.8079 0.7778 0.7754 0.8056 0.7778 0.7778 0.8009 0.7801 0.7893 0.8241 0.7963 0.8009 0.8519 0.8218 0.8148 0.5649 0.6319 0.5927 0.5788 0.6364 0.5996 0.5788 0.6249 0.5972 0.5834 0.6411 0.6111 0.5996 0.6503 0.6203 0.6088 0.678 0.6411 0.6157 0.6918
1.0 1.0 0.0 0.8824 0.8263 0.701 0.138 0.2007 0.0847 0.31 0.32 0.33 0.34 0.35 0.36 0.37 0.38 0.39 0.4 0.41 0.42 0.43 0.44 0.45 0.46 0.47 0.48 0.49 0.5 0.7927 0.7719 0.8157 0.8088 0.7811 0.8157 0.8157 0.7834 0.8249 0.8019 0.7766 0.8226 0.8157 0.788 0.841 0.8318 0.7972 0.8594 0.8594 0.818 0.7731 0.8124 0.7754 0.7709 0.8079 0.7778 0.7754 0.8056 0.7778 0.7778 0.8009 0.7801 0.7893 0.8241 0.7963 0.8009 0.8519 0.8218 0.8148 0.875 0.6319 0.5927 0.5788 0.6364 0.5996 0.5788 0.6249 0.5972 0.5834 0.6411 0.6111 0.5996 0.6503 0.6203 0.6088 0.678 0.6411 0.6157 0.6918 0.6664
1.0 1.0 0.0 0.8341 0.8936 0.6802 0.1533 0.108 0.1227 0.32 0.33 0.34 0.35 0.36 0.37 0.38 0.39 0.4 0.41 0.42 0.43 0.44 0.45 0.46 0.47 0.48 0.49 0.5 0.51 0.7719 0.8157 0.8088 0.7811 0.8157 0.8157 0.7834 0.8249 0.8019 0.7766 0.8226 0.8157 0.788 0.841 0.8318 0.7972 0.8594 0.8594 0.818 0.864 0.8124 0.7754 0.7709 0.8079 0.7778 0.7754 0.8056 0.7778 0.7778 0.8009 0.7801 0.7893 0.8241 0.7963 0.8009 0.8519 0.8218 0.8148 0.875 0.8426 0.5927 0.5788 0.6364 0.5996 0.5788 0.6249 0.5972 0.5834 0.6411 0.6111 0.5996 0.6503 0.6203 0.6088 0.678 0.6411 0.6157 0.6918 0.6664 0.6296
1.0 1.0 0.0 0.8571 0.8564 0.6388 0.0613 0.0543 0.238 0.33 0.34 0.35 0.36 0.37 0.38 0.39 0.4 0.41 0.42 0.43 0.44 0.45 0.46 0.47 0.48 0.49 0.5 0.51 0.52 0.8157 0.8088 0.7811 0.8157 0.8157 0.7834 0.8249 0.8019 0.7766 0.8226 0.8157 0.788 0.841 0.8318 0.7972 0.8594 0.8594 0.818 0.864 0.8824 0.7754 0.7709 0.8079 0.7778 0.7754 0.8056 0.7778 0.7778 0.8009 0.7801 0.7893 0.8241 0.7963 0.8009 0.8519 0.8218 0.8148 0.875 0.8426 0.8263 0.5788 0.6364 0.5996 0.5788 0.6249 0.5972 0.5834 0.6411 0.6111 0.5996 0.6503 0.6203 0.6088 0.678 0.6411 0.6157 0.6918 0.6664 0.6296 0.701
1.0 1.0 0.0 0.8917 0.8263 0.6896 0.161 0.2243 0.0693 0.34 0.35 0.36 0.37 0.38 0.39 0.4 0.41 0.42 0.43 0.44 0.45 0.46 0.47 0.48 0.49 0.5 0.51 0.52 0.53 0.8088 0.7811 0.8157 0.8157 0.7834 0.8249 0.8019 0.7766 0.8226 0.8157 0.788 0.841 0.8318 0.7972 0.8594 0.8594 0.818 0.864 0.8824 0.8341 0.7709 0.8079 0.7778 0.7754 0.8056 0.7778 0.7778 0.8009 0.7801 0.7893 0.8241 0.7963 0.8009 0.8519 0.8218 0.8148 0.875 0.8426 0.8263 0.8936 0.6364 0.5996 0.5788 0.6249 0.5972 0.5834 0.6411 0.6111 0.5996 0.6503 0.6203 0.6088 0.678 0.6411 0.6157 0.6918 0.6664 0.6296 0.701 0.6802
1.0 1.0 0.0 0.841 0.8912 0.6849 0.0767 0.124 0.138 0.35 0.36 0.37 0.38 0.39 0.4 0.41 0.42 0.43 0.44 0.45 0.46 0.47 0.48 0.49 0.5 0.51 0.52 0.53 0.54 0.7811 0.8157 0.8157 0.7834 0.8249 0.8019 0.7766 0.8226 0.8157 0.788 0.841 0.8318 0.7972 0.8594 0.8594 0.818 0.864 0.8824 0.8341 0.8571 0.8079 0.7778 0.7754 0.8056 0.7778 0.7778 0.8009 0.7801 0.7893 0.8241 0.7963 0.8009 0.8519 0.8218 0.8148 0.875 0.8426 0.8263 0.8936 0.8564 0.5996 0.5788 0.6249 0.5972 0.5834 0.6411 0.6111 0.5996 0.6503 0.6203 0.6088 0.678 0.6411 0.6157 0.6918 0.6664 0.6296 0.701 0.6802 0.6388
1.0 1.0 0.0 0.8387 0.8634 0.6364 0.1153 0.1003 0.1693 0.36 0.37 0.38 0.39 0.4 0.41 0.42 0.43 0.44 0.45 0.46 0.47 0.48 0.49 0.5 0.51 0.52 0.53 0.54 0.55 0.8157 0.8157 0.7834 0.8249 0.8019 0.7766 0.8226 0.8157 0.788 0.841 0.8318 0.7972 0.8594 0.8594 0.818 0.864 0.8824 0.8341 0.8571 0.8917 0.7778 0.7754 0.8056 0.7778 0.7778 0.8009 0.7801 0.7893 0.8241 0.7963 0.8009 0.8519 0.8218 0.8148 0.875 0.8426 0.8263 0.8936 0.8564 0.8263 0.5788 0.6249 0.5972 0.5834 0.6411 0.6111 0.5996 0.6503 0.6203 0.6088 0.678 0.6411 0.6157 0.6918 0.6664 0.6296 0.701 0.6802 0.6388 0.6896
1.0 1.0 0.0 0.894 0.8241 0.6641 0.169 0.2163 0.0157 0.37 0.38 0.39 0.4 0.41 0.42 0.43 0.44 0.45 0.46 0.47 0.48 0.49 0.5 0.51 0.52 0.53 0.54 0.55 0.56 0.8157 0.7834 0.8249 0.8019 0.7766 0.8226 0.8157 0.788 0.841 0.8318 0.7972 0.8594 0.8594 0.818 0.864 0.8824 0.8341 0.8571 0.8917 0.841 0.7754 0.8056 0.7778 0.7778 0.8009 0.7801 0.7893 0.8241 0.7963 0.8009 0.8519 0.8218 0.8148 0.875 0.8426 0.8263 0.8936 0.8564 0.8263 0.8912 0.6249 0.5972 0.5834 0.6411 0.6111 0.5996 0.6503 0.6203 0.6088 0.678 0.6411 0.6157 0.6918 0.6664 0.6296 0.701 0.6802 0.6388 0.6896 0.6849
1.0 1.0 0.0 0.841 0.875 0.6826 0.0077 0.0927 0.1617 0.38 0.39 0.4 0.41 0.42 0.43 0.44 0.45 0.46 0.47 0.48 0.49 0.5 0.51 0.52 0.53 0.54 0.55 0.56 0.57 0.7834 0.8249 0.8019 0.7766 0.8226 0.8157 0.788 0.841 0.8318 0.7972 0.8594 0.8594 0.818 0.864 0.8824 0.8341 0.8571 0.8917 0.841 0.8387 0.8056 0.7778 0.7778 0.8009 0.7801 0.7893 0.8241 0.7963 0.8009 0.8519 0.8218 0.8148 0.875 0.8426 0.8263 0.8936 0.8564 0.8263 0.8912 0.8634 0.5972 0.5834 0.6411 0.6111 0.5996 0.6503 0.6203 0.6088 0.678 0.6411 0.6157 0.6918 0.6664 0.6296 0.701 0.6802 0.6388 0.6896 0.6849 0.6364
1.0 1.0 0.0 0.8202 0.8658 0.6341 0.1843 0.131 0.0923 0.39 0.4 0.41 0.42 0.43 0.44 0.45 0.46 0.47 0.48 0.49 0.5 0.51 0.52 0.53 0.54 0.55 0.56 0.57 0.58 0.8249 0.8019 0.7766 0.8226 0.8157 0.788 0.841 0.8318 0.7972 0.8594 0.8594 0.818 0.864 0.8824 0.8341 0.8571 0.8917 0.841 0.8387 0.894 0.7778 0.7778 0.8009 0.7801 0.7893 0.8241 0.7963 0.8009 0.8519 0.8218 0.8148 0.875 0.8426 0.8263 0.8936 0.8564 0.8263 0.8912 0.8634 0.8241 0.5834 0.6411 0.6111 0.5996 0.6503 0.6203 0.6088 0.678 0.6411 0.6157 0.6918 0.6664 0.6296 0.701 0.6802 0.6388 0.6896 0.6849 0.6364 0.6641
1.0 1.0 0.0 0.8893 0.8218 0.6388 0.1767 0.1697 0.0617 0.4 0.41 0.42 0.43 0.44 0.45 0.46 0.47 0.48 0.49 0.5 0.51 0.52 0.53 0.54 0.55 0.56 0.57 0.58 0.59 0.8019 0.7766 0.8226 0.8157 0.788 0.841 0.8318 0.7972 0.8594 0.8594 0.818 0.864 0.8824 0.8341 0.8571 0.8917 0.841 0.8387 0.894 0.841 0.7778 0.8009 0.7801 0.7893 0.8241 0.7963 0.8009 0.8519 0.8218 0.8148 0.875 0.8426 0.8263 0.8936 0.8564 0.8263 0.8912 0.8634 0.8241 0.875 0.6411 0.6111 0.5996 0.6503 0.6203 0.6088 0.678 0.6411 0.6157 0.6918 0.6664 0.6296 0.701 0.6802 0.6388 0.6896 0.6849 0.6364 0.6641 0.6826
1.0 1.0 0.0 0.841 0.8519 0.6757 0.0693 0.0307 0.1617 0.41 0.42 0.43 0.44 0.45 0.46 0.47 0.48 0.49 0.5 0.51 0.52 0.53 0.54 0.55 0.56 0.57 0.58 0.59 0.6 0.7766 0.8226 0.8157 0.788 0.841 0.8318 0.7972 0.8594 0.8594 0.818 0.864 0.8824 0.8341 0.8571 0.8917 0.841 0.8387 0.894 0.841 0.8202 0.8009 0.7801 0.7893 0.8241 0.7963 0.8009 0.8519 0.8218 0.8148 0.875 0.8426 0.8263 0.8936 0.8564 0.8263 0.8912 0.8634 0.8241 0.875 0.8658 0.6111 0.5996 0.6503 0.6203 0.6088 0.678 0.6411 0.6157 0.6918 0.6664 0.6296 0.701 0.6802 0.6388 0.6896 0.6849 0.6364 0.6641 0.6826 0.6341
1.0 1.0 0.0 0.8041 0.868 0.6296 0.2303 0.1467 0.0157 0.42 0.43 0.44 0.45 0.46 0.47 0.48 0.49 0.5 0.51 0.52 0.53 0.54 0.55 0.56 0.57 0.58 0.59 0.6 0.61 0.8226 0.8157 0.788 0.841 0.8318 0.7972 0.8594 0.8594 0.818 0.864 0.8824 0.8341 0.8571 0.8917 0.841 0.8387 0.894 0.841 0.8202 0.8893 0.7801 0.7893 0.8241 0.7963 0.8009 0.8519 0.8218 0.8148 0.875 0.8426 0.8263 0.8936 0.8564 0.8263 0.8912 0.8634 0.8241 0.875 0.8658 0.8218 0.5996 0.6503 0.6203 0.6088 0.678 0.6411 0.6157 0.6918 0.6664 0.6296 0.701 0.6802 0.6388 0.6896 0.6849 0.6364 0.6641 0.6826 0.6341 0.6388
1.0 1.0 0.0 0.8709 0.8241 0.6064 0.161 0.1003 0.123 0.43 0.44 0.45 0.46 0.47 0.48 0.49 0.5 0.51 0.52 0.53 0.54 0.55 0.56 0.57 0.58 0.59 0.6 0.61 0.62 0.8157 0.788 0.841 0.8318 0.7972 0.8594 0.8594 0.818 0.864 0.8824 0.8341 0.8571 0.8917 0.841 0.8387 0.894 0.841 0.8202 0.8893 0.841 0.7893 0.8241 0.7963 0.8009 0.8519 0.8218 0.8148 0.875 0.8426 0.8263 0.8936 0.8564 0.8263 0.8912 0.8634 0.8241 0.875 0.8658 0.8218 0.8519 0.6503 0.6203 0.6088 0.678 0.6411 0.6157 0.6918 0.6664 0.6296 0.701 0.6802 0.6388 0.6896 0.6849 0.6364 0.6641 0.6826 0.6341 0.6388 0.6757
1.0 1.0 0.0 0.841 0.8287 0.6733 0.123 0.0537 0.1537 0.44 0.45 0.46 0.47 0.48 0.49 0.5 0.51 0.52 0.53 0.54 0.55 0.56 0.57 0.58 0.59 0.6 0.61 0.62 0.63 0.788 0.841 0.8318 0.7972 0.8594 0.8594 0.818 0.864 0.8824 0.8341 0.8571 0.8917 0.841 0.8387 0.894 0.841 0.8202 0.8893 0.841 0.8041 0.8241 0.7963 0.8009 0.8519 0.8218 0.8148 0.875 0.8426 0.8263 0.8936 0.8564 0.8263 0.8912 0.8634 0.8241 0.875 0.8658 0.8218 0.8519 0.868 0.6203 0.6088 0.678 0.6411 0.6157 0.6918 0.6664 0.6296 0.701 0.6802 0.6388 0.6896 0.6849 0.6364 0.6641 0.6826 0.6341 0.6388 0.6757 0.6296
1.0 1.0 0.0 0.7972 0.8658 0.6296 0.2227 0.1463 0.0773 0.45 0.46 0.47 0.48 0.49 0.5 0.51 0.52 0.53 0.54 0.55 0.56 0.57 0.58 0.59 0.6 0.61 0.62 0.63 0.64 0.841 0.8318 0.7972 0.8594 0.8594 0.818 0.864 0.8824 0.8341 0.8571 0.8917 0.841 0.8387 0.894 0.841 0.8202 0.8893 0.841 0.8041 0.8709 0.7963 0.8009 0.8519 0.8218 0.8148 0.875 0.8426 0.8263 0.8936 0.8564 0.8263 0.8912 0.8634 0.8241 0.875 0.8658 0.8218 0.8519 0.868 0.8241 0.6088 0.678 0.6411 0.6157 0.6918 0.6664 0.6296 0.701 0.6802 0.6388 0.6896 0.6849 0.6364 0.6641 0.6826 0.6341 0.6388 0.6757 0.6296 0.6064
1.0 1.0 0.0 0.7742 0.8263 0.5949 0.0997 0.0153 0.223 0.46 0.47 0.48 0.49 0.5 0.51 0.52 0.53 0.54 0.55 0.56 0.57 0.58 0.59 0.6 0.61 0.62 0.63 0.64 0.65 0.8318 0.7972 0.8594 0.8594 0.818 0.864 0.8824 0.8341 0.8571 0.8917 0.841 0.8387 0.894 0.841 0.8202 0.8893 0.841 0.8041 0.8709 0.841 0.8009 0.8519 0.8218 0.8148 0.875 0.8426 0.8263 0.8936 0.8564 0.8263 0.8912 0.8634 0.8241 0.875 0.8658 0.8218 0.8519 0.868 0.8241 0.8287 0.678 0.6411 0.6157 0.6918 0.6664 0.6296 0.701 0.6802 0.6388 0.6896 0.6849 0.6364 0.6641 0.6826 0.6341 0.6388 0.6757 0.6296 0.6064 0.6733
1.0 1.0 0.0 0.7558 0.7893 0.5719 0.146 0.1237 0.1457 0.47 0.48 0.49 0.5 0.51 0.52 0.53 0.54 0.55 0.56 0.57 0.58 0.59 0.6 0.61 0.62 0.63 0.64 0.65 0.66 0.7972 0.8594 0.8594 0.818 0.864 0.8824 0.8341 0.8571 0.8917 0.841 0.8387 0.894 0.841 0.8202 0.8893 0.841 0.8041 0.8709 0.841 0.7972 0.8519 0.8218 0.8148 0.875 0.8426 0.8263 0.8936 0.8564 0.8263 0.8912 0.8634 0.8241 0.875 0.8658 0.8218 0.8519 0.868 0.8241 0.8287 0.8658 0.6411 0.6157 0.6918 0.6664 0.6296 0.701 0.6802 0.6388 0.6896 0.6849 0.6364 0.6641 0.6826 0.6341 0.6388 0.6757 0.6296 0.6064 0.6733 0.6296
1.0 1.0 0.0 0.7304 0.7662 0.5557 0.0767 0.1317 0.1157 0.48 0.49 0.5 0.51 0.52 0.53 0.54 0.55 0.56 0.57 0.58 0.59 0.6 0.61 0.62 0.63 0.64 0.65 0.66 0.67 0.8594 0.8594 0.818 0.864 0.8824 0.8341 0.8571 0.8917 0.841 0.8387 0.894 0.841 0.8202 0.8893 0.841 0.8041 0.8709 0.841 0.7972 0.7742 0.8218 0.8148 0.875 0.8426 0.8263 0.8936 0.8564 0.8263 0.8912 0.8634 0.8241 0.875 0.8658 0.8218 0.8519 0.868 0.8241 0.8287 0.8658 0.8263 0.6157 0.6918 0.6664 0.6296 0.701 0.6802 0.6388 0.6896 0.6849 0.6364 0.6641 0.6826 0.6341 0.6388 0.6757 0.6296 0.6064 0.6733 0.6296 0.5949
1.0 1.0 0.0 0.7051 0.7453 0.5327 0.0613 0.1233 0.0767 0.49 0.5 0.51 0.52 0.53 0.54 0.55 0.56 0.57 0.58 0.59 0.6 0.61 0.62 0.63 0.64 0.65 0.66 0.67 0.68 0.8594 0.818 0.864 0.8824 0.8341 0.8571 0.8917 0.841 0.8387 0.894 0.841 0.8202 0.8893 0.841 0.8041 0.8709 0.841 0.7972 0.7742 0.7558 0.8148 0.875 0.8426 0.8263 0.8936 0.8564 0.8263 0.8912 0.8634 0.8241 0.875 0.8658 0.8218 0.8519 0.868 0.8241 0.8287 0.8658 0.8263 0.7893 0.6918 0.6664 0.6296 0.701 0.6802 0.6388 0.6896 0.6849 0.6364 0.6641 0.6826 0.6341 0.6388 0.6757 0.6296 0.6064 0.6733 0.6296 0.5949 0.5719
1.0 1.0 0.0 0.6913 0.7199 0.5119 0.0847 0.077 0.054 0.5 0.51 0.52 0.53 0.54 0.55 0.56 0.57 0.58 0.59 0.6 0.61 0.62 0.63 0.64 0.65 0.66 0.67 0.68 0.69 0.818 0.864 0.8824 0.8341 0.8571 0.8917 0.841 0.8387 0.894 0.841 0.8202 0.8893 0.841 0.8041 0.8709 0.841 0.7972 0.7742 0.7558 0.7304 0.875 0.8426 0.8263 0.8936 0.8564 0.8263 0.8912 0.8634 0.8241 0.875 0.8658 0.8218 0.8519 0.868 0.8241 0.8287 0.8658 0.8263 0.7893 0.7662 0.6664 0.6296 0.701 0.6802 0.6388 0.6896 0.6849 0.6364 0.6641 0.6826 0.6341 0.6388 0.6757 0.6296 0.6064 0.6733 0.6296 0.5949 0.5719 0.5557
1.0 1.0 0.0 0.6729 0.6991 0.5003 0.0843 0.0697 0.0767 0.51 0.52 0.53 0.54 0.55 0.56 0.57 0.58 0.59 0.6 0.61 0.62 0.63 0.64 0.65 0.66 0.67 0.68 0.69 0.7 0.864 0.8824 0.8341 0.8571 0.8917 0.841 0.8387 0.894 0.841 0.8202 0.8893 0.841 0.8041 0.8709 0.841 0.7972 0.7742 0.7558 0.7304 0.7051 0.8426 0.8263 0.8936 0.8564 0.8263 0.8912 0.8634 0.8241 0.875 0.8658 0.8218 0.8519 0.868 0.8241 0.8287 0.8658 0.8263 0.7893 0.7662 0.7453 0.6296 0.701 0.6802 0.6388 0.6896 0.6849 0.6364 0.6641 0.6826 0.6341 0.6388 0.6757 0.6296 0.6064 0.6733 0.6296 0.5949 0.5719 0.5557 0.5327
1.0 1.0 0.0 0.6521 0.6852 0.4842 0.046 0.0847 0.0693 0.52 0.53 0.54 0.55 0.56 0.57 0.58 0.59 0.6 0.61 0.62 0.63 0.64 0.65 0.66 0.67 0.68 0.69 0.7 0.71 0.8824 0.8341 0.8571 0.8917 0.841 0.8387 0.894 0.841 0.8202 0.8893 0.841 0.8041 0.8709 0.841 0.7972 0.7742 0.7558 0.7304 0.7051 0.6913 0.8263 0.8936 0.8564 0.8263 0.8912 0.8634 0.8241 0.875 0.8658 0.8218 0.8519 0.868 0.8241 0.8287 0.8658 0.8263 0.7893 0.7662 0.7453 0.7199 0.701 0.6802 0.6388 0.6896 0.6849 0.6364 0.6641 0.6826 0.6341 0.6388 0.6757 0.6296 0.6064 0.6733 0.6296 0.5949 0.5719 0.5557 0.5327 0.5119
1.0 1.0 0.0 0.636 0.6667 0.4634 0.0613 0.0693 0.0387 0.53 0.54 0.55 0.56 0.57 0.58 0.59 0.6 0.61 0.62 0.63 0.64 0.65 0.66 0.67 0.68 0.69 0.7 0.71 0.72 0.8341 0.8571 0.8917 0.841 0.8387 0.894 0.841 0.8202 0.8893 0.841 0.8041 0.8709 0.841 0.7972 0.7742 0.7558 0.7304 0.7051 0.6913 0.6729 0.8936 0.8564 0.8263 0.8912 0.8634 0.8241 0.875 0.8658 0.8218 0.8519 0.868 0.8241 0.8287 0.8658 0.8263 0.7893 0.7662 0.7453 0.7199 0.6991 0.6802 0.6388 0.6896 0.6849 0.6364 0.6641 0.6826 0.6341 0.6388 0.6757 0.6296 0.6064 0.6733 0.6296 0.5949 0.5719 0.5557 0.5327 0.5119 0.5003
1.0 1.0 0.0 0.6291 0.6459 0.4566 0.0693 0.0463 0.0537 0.54 0.55 0.56 0.57 0.58 0.59 0.6 0.61 0.62 0.63 0.64 0.65 0.66 0.67 0.68 0.69 0.7 0.71 0.72 0.73 0.8571 0.8917 0.841 0.8387 0.894 0.841 0.8202 0.8893 0.841 0.8041 0.8709 0.841 0.7972 0.7742 0.7558 0.7304 0.7051 0.6913 0.6729 0.6521 0.8564 0.8263 0.8912 0.8634 0.8241 0.875 0.8658 0.8218 0.8519 0.868 0.8241 0.8287 0.8658 0.8263 0.7893 0.7662 0.7453 0.7199 0.6991 0.6852 0.6388 0.6896 0.6849 0.6364 0.6641 0.6826 0.6341 0.6388 0.6757 0.6296 0.6064 0.6733 0.6296 0.5949 0.5719 0.5557 0.5327 0.5119 0.5003 0.4842
1.0 1.0 0.0 0.6083 0.6412 0.445 0.0537 0.0617 0.0693 0.55 0.56 0.57 0.58 0.59 0.6 0.61 0.62 0.63 0.64 0.65 0.66 0.67 0.68 0.69 0.7 0.71 0.72 0.73 0.74 0.8917 0.841 0.8387 0.894 0.841 0.8202 0.8893 0.841 0.8041 0.8709 0.841 0.7972 0.7742 0.7558 0.7304 0.7051 0.6913 0.6729 0.6521 0.636 0.8263 0.8912 0.8634 0.8241 0.875 0.8658 0.8218 0.8519 0.868 0.8241 0.8287 0.8658 0.8263 0.7893 0.7662 0.7453 0.7199 0.6991 0.6852 0.6667 0.6896 0.6849 0.6364 0.6641 0.6826 0.6341 0.6388 0.6757 0.6296 0.6064 0.6733 0.6296 0.5949 0.5719 0.5557 0.5327 0.5119 0.5003 0.4842 0.4634
1.0 1.0 0.0 0.5969 0.6273 0.4242 0.023 0.0693 0.0227 0.56 0.57 0.58 0.59 0.6 0.61 0.62 0.63 0.64 0.65 0.66 0.67 0.68 0.69 0.7 0.71 0.72 0.73 0.74 0.75 0.841 0.8387 0.894 0.841 0.8202 0.8893 0.841 0.8041 0.8709 0.841 0.7972 0.7742 0.7558 0.7304 0.7051 0.6913 0.6729 0.6521 0.636 0.6291 0.8912 0.8634 0.8241 0.875 0.8658 0.8218 0.8519 0.868 0.8241 0.8287 0.8658 0.8263 0.7893 0.7662 0.7453 0.7199 0.6991 0.6852 0.6667 0.6459 0.6849 0.6364 0.6641 0.6826 0.6341 0.6388 0.6757 0.6296 0.6064 0.6733 0.6296 0.5949 0.5719 0.5557 0.5327 0.5119 0.5003 0.4842 0.4634 0.4566
1.0 1.0 0.0 0.5991 0.6066 0.4197 0.0693 0.0157 0.0387 0.57 0.58 0.59 0.6 0.61 0.62 0.63 0.64 0.65 0.66 0.67 0.68 0.69 0.7 0.71 0.72 0.73 0.74 0.75 0.76 0.8387 0.894 0.841 0.8202 0.8893 0.841 0.8041 0.8709 0.841 0.7972 0.7742 0.7558 0.7304 0.7051 0.6913 0.6729 0.6521 0.636 0.6291 0.6083 0.8634 0.8241 0.875 0.8658 0.8218 0.8519 0.868 0.8241 0.8287 0.8658 0.8263 0.7893 0.7662 0.7453 0.7199 0.6991 0.6852 0.6667 0.6459 0.6412 0.6364 0.6641 0.6826 0.6341 0.6388 0.6757 0.6296 0.6064 0.6733 0.6296 0.5949 0.5719 0.5557 0.5327 0.5119 0.5003 0.4842 0.4634 0.4566 0.445
1.0 1.0 0.0 0.5807 0.6066 0.415 0.038 0.0463 0.0693 0.58 0.59 0.6 0.61 0.62 0.63 0.64 0.65 0.66 0.67 0.68 0.69 0.7 0.71 0.72 0.73 0.74 0.75 0.76 0.77 0.894 0.841 0.8202 0.8893 0.841 0.8041 0.8709 0.841 0.7972 0.7742 0.7558 0.7304 0.7051 0.6913 0.6729 0.6521 0.636 0.6291 0.6083 0.5969 0.8241 0.875 0.8658 0.8218 0.8519 0.868 0.8241 0.8287 0.8658 0.8263 0.7893 0.7662 0.7453 0.7199 0.6991 0.6852 0.6667 0.6459 0.6412 0.6273 0.6641 0.6826 0.6341 0.6388 0.6757 0.6296 0.6064 0.6733 0.6296 0.5949 0.5719 0.5557 0.5327 0.5119 0.5003 0.4842 0.4634 0.4566 0.445 0.4242
1.0 1.0 0.0 0.5669 0.5949 0.3966 0.0073 0.069 0.015 0.59 0.6 0.61 0.62 0.63 0.64 0.65 0.66 0.67 0.68 0.69 0.7 0.71 0.72 0.73 0.74 0.75 0.76 0.77 0.78 0.841 0.8202 0.8893 0.841 0.8041 0.8709 0.841 0.7972 0.7742 0.7558 0.7304 0.7051 0.6913 0.6729 0.6521 0.636 0.6291 0.6083 0.5969 0.5991 0.875 0.8658 0.8218 0.8519 0.868 0.8241 0.8287 0.8658 0.8263 0.7893 0.7662 0.7453 0.7199 0.6991 0.6852 0.6667 0.6459 0.6412 0.6273 0.6066 0.6826 0.6341 0.6388 0.6757 0.6296 0.6064 0.6733 0.6296 0.5949 0.5719 0.5557 0.5327 0.5119 0.5003 0.4842 0.4634 0.4566 0.445 0.4242 0.4197
1.0 1.0 0.0 0.5716 0.5764 0.3873 0.0613 0.0 0.0157 0.6 0.61 0.62 0.63 0.64 0.65 0.66 0.67 0.68 0.69 0.7 0.71 0.72 0.73 0.74 0.75 0.76 0.77 0.78 0.79 0.8202 0.8893 0.841 0.8041 0.8709 0.841 0.7972 0.7742 0.7558 0.7304 0.7051 0.6913 0.6729 0.6521 0.636 0.6291 0.6083 0.5969 0.5991 0.5807 0.8658 0.8218 0.8519 0.868 0.8241 0.8287 0.8658 0.8263 0.7893 0.7662 0.7453 0.7199 0.6991 0.6852 0.6667 0.6459 0.6412 0.6273 0.6066 0.6066 0.6341 0.6388 0.6757 0.6296 0.6064 0.6733 0.6296 0.5949 0.5719 0.5557 0.5327 0.5119 0.5003 0.4842 0.4634 0.4566 0.445 0.4242 0.4197 0.415
1.0 1.0 0.0 0.5553 0.5718 0.3873 0.046 0.039 0.0613 0.61 0.62 0.63 0.64 0.65 0.66 0.67 0.68 0.69 0.7 0.71 0.72 0.73 0.74 0.75 0.76 0.77 0.78 0.79 0.8 0.8893 0.841 0.8041 0.8709 0.841 0.7972 0.7742 0.7558 0.7304 0.7051 0.6913 0.6729 0.6521 0.636 0.6291 0.6083 0.5969 0.5991 0.5807 0.5669 0.8218 0.8519 0.868 0.8241 0.8287 0.8658 0.8263 0.7893 0.7662 0.7453 0.7199 0.6991 0.6852 0.6667 0.6459 0.6412 0.6273 0.6066 0.6066 0.5949 0.6388 0.6757 0.6296 0.6064 0.6733 0.6296 0.5949 0.5719 0.5557 0.5327 0.5119 0.5003 0.4842 0.4634 0.4566 0.445 0.4242 0.4197 0.415 0.3966
1.0 1.0 0.0 0.5416 0.5672 0.3712 0.0157 0.0617 0.031 0.62 0.63 0.64 0.65 0.66 0.67 0.68 0.69 0.7 0.71 0.72 0.73 0.74 0.75 0.76 0.77 0.78 0.79 0.8 0.81 0.841 0.8041 0.8709 0.841 0.7972 0.7742 0.7558 0.7304 0.7051 0.6913 0.6729 0.6521 0.636 0.6291 0.6083 0.5969 0.5991 0.5807 0.5669 0.5716 0.8519 0.868 0.8241 0.8287 0.8658 0.8263 0.7893 0.7662 0.7453 0.7199 0.6991 0.6852 0.6667 0.6459 0.6412 0.6273 0.6066 0.6066 0.5949 0.5764 0.6757 0.6296 0.6064 0.6733 0.6296 0.5949 0.5719 0.5557 0.5327 0.5119 0.5003 0.4842 0.4634 0.4566 0.445 0.4242 0.4197 0.415 0.3966 0.3873
1.0 1.0 0.0 0.5439 0.5487 0.3597 0.0543 0.0153 0.0 0.63 0.64 0.65 0.66 0.67 0.68 0.69 0.7 0.71 0.72 0.73 0.74 0.75 0.76 0.77 0.78 0.79 0.8 0.81 0.82 0.8041 0.8709 0.841 0.7972 0.7742 0.7558 0.7304 0.7051 0.6913 0.6729 0.6521 0.636 0.6291 0.6083 0.5969 0.5991 0.5807 0.5669 0.5716 0.5553 0.868 0.8241 0.8287 0.8658 0.8263 0.7893 0.7662 0.7453 0.7199 0.6991 0.6852 0.6667 0.6459 0.6412 0.6273 0.6066 0.6066 0.5949 0.5764 0.5718 0.6296 0.6064 0.6733 0.6296 0.5949 0.5719 0.5557 0.5327 0.5119 0.5003 0.4842 0.4634 0.4566 0.445 0.4242 0.4197 0.415 0.3966 0.3873 0.3873
1.0 1.0 0.0 0.53 0.5394 0.362 0.0457 0.0153 0.0537 0.64 0.65 0.66 0.67 0.68 0.69 0.7 0.71 0.72 0.73 0.74 0.75 0.76 0.77 0.78 0.79 0.8 0.81 0.82 0.83 0.8709 0.841 0.7972 0.7742 0.7558 0.7304 0.7051 0.6913 0.6729 0.6521 0.636 0.6291 0.6083 0.5969 0.5991 0.5807 0.5669 0.5716 0.5553 0.5416 0.8241 0.8287 0.8658 0.8263 0.7893 0.7662 0.7453 0.7199 0.6991 0.6852 0.6667 0.6459 0.6412 0.6273 0.6066 0.6066 0.5949 0.5764 0.5718 0.5672 0.6064 0.6733 0.6296 0.5949 0.5719 0.5557 0.5327 0.5119 0.5003 0.4842 0.4634 0.4566 0.445 0.4242 0.4197 0.415 0.3966 0.3873 0.3873 0.3712
1.0 1.0 0.0 0.5162 0.5348 0.3436 0.0077 0.0617 0.0383 0.65 0.66 0.67 0.68 0.69 0.7 0.71 0.72 0.73 0.74 0.75 0.76 0.77 0.78 0.79 0.8 0.81 0.82 0.83 0.84 0.841 0.7972 0.7742 0.7558 0.7304 0.7051 0.6913 0.6729 0.6521 0.636 0.6291 0.6083 0.5969 0.5991 0.5807 0.5669 0.5716 0.5553 0.5416 0.5439 0.8287 0.8658 0.8263 0.7893 0.7662 0.7453 0.7199 0.6991 0.6852 0.6667 0.6459 0.6412 0.6273 0.6066 0.6066 0.5949 0.5764 0.5718 0.5672 0.5487 0.6733 0.6296 0.5949 0.5719 0.5557 0.5327 0.5119 0.5003 0.4842 0.4634 0.4566 0.445 0.4242 0.4197 0.415 0.3966 0.3873 0.3873 0.3712 0.3597
