0.5373 0.0 0.0537 0.09 0.1 0.11 0.12 0.13 0.14 0.15 0.16 0.17 0.18 0.19 0.2 0.21 0.22 0.23 0.24 0.25 0.26 0.27 0.28 0.36 0.4476 0.4152 0.3853 0.4568 0.4544 0.4199 0.4544 0.4821 0.4452 0.436 0.4959 0.4682 0.4476 0.4659 0.4936 0.4706 0.4774 0.5212 0.5051 0.4083 0.3737 0.406 0.45 0.4107 0.4083 0.4848 0.4547 0.4316 0.4871 0.4917 0.4639 0.4917 0.5126 0.4917 0.4893 0.5333 0.5357 0.5171 0.5357 0.3781 0.385 0.4496 0.4081 0.3897 0.4681 0.4427 0.4173 0.4611 0.4727 0.445 0.4496 0.4888 0.4681 0.4658 0.4934 0.4888 0.4796 0.498 0.5488
0.5811 0.0 0.0153 0.1 0.11 0.12 0.13 0.14 0.15 0.16 0.17 0.18 0.19 0.2 0.21 0.22 0.23 0.24 0.25 0.26 0.27 0.28 0.29 0.4476 0.4152 0.3853 0.4568 0.4544 0.4199 0.4544 0.4821 0.4452 0.436 0.4959 0.4682 0.4476 0.4659 0.4936 0.4706 0.4774 0.5212 0.5051 0.5097 0.3737 0.406 0.45 0.4107 0.4083 0.4848 0.4547 0.4316 0.4871 0.4917 0.4639 0.4917 0.5126 0.4917 0.4893 0.5333 0.5357 0.5171 0.5357 0.582 0.385 0.4496 0.4081 0.3897 0.4681 0.4427 0.4173 0.4611 0.4727 0.445 0.4496 0.4888 0.4681 0.4658 0.4934 0.4888 0.4796 0.498 0.5488 0.5372
0.5627 0.0 0.092 0.11 0.12 0.13 0.14 0.15 0.16 0.17 0.18 0.19 0.2 0.21 0.22 0.23 0.24 0.25 0.26 0.27 0.28 0.29 0.3 0.4152 0.3853 0.4568 0.4544 0.4199 0.4544 0.4821 0.4452 0.436 0.4959 0.4682 0.4476 0.4659 0.4936 0.4706 0.4774 0.5212 0.5051 0.5097 0.5373 0.406 0.45 0.4107 0.4083 0.4848 0.4547 0.4316 0.4871 0.4917 0.4639 0.4917 0.5126 0.4917 0.4893 0.5333 0.5357 0.5171 0.5357 0.582 0.5588 0.4496 0.4081 0.3897 0.4681 0.4427 0.4173 0.4611 0.4727 0.445 0.4496 0.4888 0.4681 0.4658 0.4934 0.4888 0.4796 0.498 0.5488 0.5372 0.5464
0.5742 0.0 0.146 0.12 0.13 0.14 0.15 0.16 0.17 0.18 0.19 0.2 0.21 0.22 0.23 0.24 0.25 0.26 0.27 0.28 0.29 0.3 0.31 0.3853 0.4568 0.4544 0.4199 0.4544 0.4821 0.4452 0.436 0.4959 0.4682 0.4476 0.4659 0.4936 0.4706 0.4774 0.5212 0.5051 0.5097 0.5373 0.5811 0.45 0.4107 0.4083 0.4848 0.4547 0.4316 0.4871 0.4917 0.4639 0.4917 0.5126 0.4917 0.4893 0.5333 0.5357 0.5171 0.5357 0.582 0.5588 0.5681 0.4081 0.3897 0.4681 0.4427 0.4173 0.4611 0.4727 0.445 0.4496 0.4888 0.4681 0.4658 0.4934 0.4888 0.4796 0.498 0.5488 0.5372 0.5464 0.5949
0.6433 0.0 0.0613 0.13 0.14 0.15 0.16 0.17 0.18 0.19 0.2 0.21 0.22 0.23 0.24 0.25 0.26 0.27 0.28 0.29 0.3 0.31 0.32 0.4568 0.4544 0.4199 0.4544 0.4821 0.4452 0.436 0.4959 0.4682 0.4476 0.4659 0.4936 0.4706 0.4774 0.5212 0.5051 0.5097 0.5373 0.5811 0.5627 0.4107 0.4083 0.4848 0.4547 0.4316 0.4871 0.4917 0.4639 0.4917 0.5126 0.4917 0.4893 0.5333 0.5357 0.5171 0.5357 0.582 0.5588 0.5681 0.6167 0.3897 0.4681 0.4427 0.4173 0.4611 0.4727 0.445 0.4496 0.4888 0.4681 0.4658 0.4934 0.4888 0.4796 0.498 0.5488 0.5372 0.5464 0.5949 0.6041
0.6064 0.0 0.0383 0.14 0.15 0.16 0.17 0.18 0.19 0.2 0.21 0.22 0.23 0.24 0.25 0.26 0.27 0.28 0.29 0.3 0.31 0.32 0.33 0.4544 0.4199 0.4544 0.4821 0.4452 0.436 0.4959 0.4682 0.4476 0.4659 0.4936 0.4706 0.4774 0.5212 0.5051 0.5097 0.5373 0.5811 0.5627 0.5742 0.4083 0.4848 0.4547 0.4316 0.4871 0.4917 0.4639 0.4917 0.5126 0.4917 0.4893 0.5333 0.5357 0.5171 0.5357 0.582 0.5588 0.5681 0.6167 0.6143 0.4681 0.4427 0.4173 0.4611 0.4727 0.445 0.4496 0.4888 0.4681 0.4658 0.4934 0.4888 0.4796 0.498 0.5488 0.5372 0.5464 0.5949 0.6041 0.5857
0.5972 0.0 0.2303 0.15 0.16 0.17 0.18 0.19 0.2 0.21 0.22 0.23 0.24 0.25 0.26 0.27 0.28 0.29 0.3 0.31 0.32 0.33 0.34 0.4199 0.4544 0.4821 0.4452 0.436 0.4959 0.4682 0.4476 0.4659 0.4936 0.4706 0.4774 0.5212 0.5051 0.5097 0.5373 0.5811 0.5627 0.5742 0.6433 0.4848 0.4547 0.4316 0.4871 0.4917 0.4639 0.4917 0.5126 0.4917 0.4893 0.5333 0.5357 0.5171 0.5357 0.582 0.5588 0.5681 0.6167 0.6143 0.6051 0.4427 0.4173 0.4611 0.4727 0.445 0.4496 0.4888 0.4681 0.4658 0.4934 0.4888 0.4796 0.498 0.5488 0.5372 0.5464 0.5949 0.6041 0.5857 0.6088
0.6594 0.0 0.123 0.16 0.17 0.18 0.19 0.2 0.21 0.22 0.23 0.24 0.25 0.26 0.27 0.28 0.29 0.3 0.31 0.32 0.33 0.34 0.35 0.4544 0.4821 0.4452 0.436 0.4959 0.4682 0.4476 0.4659 0.4936 0.4706 0.4774 0.5212 0.5051 0.5097 0.5373 0.5811 0.5627 0.5742 0.6433 0.6064 0.4547 0.4316 0.4871 0.4917 0.4639 0.4917 0.5126 0.4917 0.4893 0.5333 0.5357 0.5171 0.5357 0.582 0.5588 0.5681 0.6167 0.6143 0.6051 0.6329 0.4173 0.4611 0.4727 0.445 0.4496 0.4888 0.4681 0.4658 0.4934 0.4888 0.4796 0.498 0.5488 0.5372 0.5464 0.5949 0.6041 0.5857 0.6088 0.6549
0.6294 0.0 0.0307 0.17 0.18 0.19 0.2 0.21 0.22 0.23 0.24 0.25 0.26 0.27 0.28 0.29 0.3 0.31 0.32 0.33 0.34 0.35 0.36 0.4821 0.4452 0.436 0.4959 0.4682 0.4476 0.4659 0.4936 0.4706 0.4774 0.5212 0.5051 0.5097 0.5373 0.5811 0.5627 0.5742 0.6433 0.6064 0.5972 0.4316 0.4871 0.4917 0.4639 0.4917 0.5126 0.4917 0.4893 0.5333 0.5357 0.5171 0.5357 0.582 0.5588 0.5681 0.6167 0.6143 0.6051 0.6329 0.6444 0.4611 0.4727 0.445 0.4496 0.4888 0.4681 0.4658 0.4934 0.4888 0.4796 0.498 0.5488 0.5372 0.5464 0.5949 0.6041 0.5857 0.6088 0.6549 0.6111
0.6064 0.0 0.2073 0.18 0.19 0.2 0.21 0.22 0.23 0.24 0.25 0.26 0.27 0.28 0.29 0.3 0.31 0.32 0.33 0.34 0.35 0.36 0.37 0.4452 0.436 0.4959 0.4682 0.4476 0.4659 0.4936 0.4706 0.4774 0.5212 0.5051 0.5097 0.5373 0.5811 0.5627 0.5742 0.6433 0.6064 0.5972 0.6594 0.4871 0.4917 0.4639 0.4917 0.5126 0.4917 0.4893 0.5333 0.5357 0.5171 0.5357 0.582 0.5588 0.5681 0.6167 0.6143 0.6051 0.6329 0.6444 0.6167 0.4727 0.445 0.4496 0.4888 0.4681 0.4658 0.4934 0.4888 0.4796 0.498 0.5488 0.5372 0.5464 0.5949 0.6041 0.5857 0.6088 0.6549 0.6111 0.6111
0.6548 0.0 0.1 0.19 0.2 0.21 0.22 0.23 0.24 0.25 0.26 0.27 0.28 0.29 0.3 0.31 0.32 0.33 0.34 0.35 0.36 0.37 0.38 0.436 0.4959 0.4682 0.4476 0.4659 0.4936 0.4706 0.4774 0.5212 0.5051 0.5097 0.5373 0.5811 0.5627 0.5742 0.6433 0.6064 0.5972 0.6594 0.6294 0.4917 0.4639 0.4917 0.5126 0.4917 0.4893 0.5333 0.5357 0.5171 0.5357 0.582 0.5588 0.5681 0.6167 0.6143 0.6051 0.6329 0.6444 0.6167 0.6236 0.445 0.4496 0.4888 0.4681 0.4658 0.4934 0.4888 0.4796 0.498 0.5488 0.5372 0.5464 0.5949 0.6041 0.5857 0.6088 0.6549 0.6111 0.6111 0.671
0.6318 0.0 0.0767 0.2 0.21 0.22 0.23 0.24 0.25 0.26 0.27 0.28 0.29 0.3 0.31 0.32 0.33 0.34 0.35 0.36 0.37 0.38 0.39 0.4959 0.4682 0.4476 0.4659 0.4936 0.4706 0.4774 0.5212 0.5051 0.5097 0.5373 0.5811 0.5627 0.5742 0.6433 0.6064 0.5972 0.6594 0.6294 0.6064 0.4639 0.4917 0.5126 0.4917 0.4893 0.5333 0.5357 0.5171 0.5357 0.582 0.5588 0.5681 0.6167 0.6143 0.6051 0.6329 0.6444 0.6167 0.6236 0.6468 0.4496 0.4888 0.4681 0.4658 0.4934 0.4888 0.4796 0.498 0.5488 0.5372 0.5464 0.5949 0.6041 0.5857 0.6088 0.6549 0.6111 0.6111 0.671 0.6272
0.6041 0.0 0.1613 0.21 0.22 0.23 0.24 0.25 0.26 0.27 0.28 0.29 0.3 0.31 0.32 0.33 0.34 0.35 0.36 0.37 0.38 0.39 0.4 0.4682 0.4476 0.4659 0.4936 0.4706 0.4774 0.5212 0.5051 0.5097 0.5373 0.5811 0.5627 0.5742 0.6433 0.6064 0.5972 0.6594 0.6294 0.6064 0.6548 0.4917 0.5126 0.4917 0.4893 0.5333 0.5357 0.5171 0.5357 0.582 0.5588 0.5681 0.6167 0.6143 0.6051 0.6329 0.6444 0.6167 0.6236 0.6468 0.6167 0.4888 0.4681 0.4658 0.4934 0.4888 0.4796 0.498 0.5488 0.5372 0.5464 0.5949 0.6041 0.5857 0.6088 0.6549 0.6111 0.6111 0.671 0.6272 0.618
0.6456 0.0 0.0767 0.22 0.23 0.24 0.25 0.26 0.27 0.28 0.29 0.3 0.31 0.32 0.33 0.34 0.35 0.36 0.37 0.38 0.39 0.4 0.41 0.4476 0.4659 0.4936 0.4706 0.4774 0.5212 0.5051 0.5097 0.5373 0.5811 0.5627 0.5742 0.6433 0.6064 0.5972 0.6594 0.6294 0.6064 0.6548 0.6318 0.5126 0.4917 0.4893 0.5333 0.5357 0.5171 0.5357 0.582 0.5588 0.5681 0.6167 0.6143 0.6051 0.6329 0.6444 0.6167 0.6236 0.6468 0.6167 0.619 0.4681 0.4658 0.4934 0.4888 0.4796 0.498 0.5488 0.5372 0.5464 0.5949 0.6041 0.5857 0.6088 0.6549 0.6111 0.6111 0.671 0.6272 0.618 0.6757
0.6364 0.0 0.0923 0.23 0.24 0.25 0.26 0.27 0.28 0.29 0.3 0.31 0.32 0.33 0.34 0.35 0.36 0.37 0.38 0.39 0.4 0.41 0.42 0.4659 0.4936 0.4706 0.4774 0.5212 0.5051 0.5097 0.5373 0.5811 0.5627 0.5742 0.6433 0.6064 0.5972 0.6594 0.6294 0.6064 0.6548 0.6318 0.6041 0.4917 0.4893 0.5333 0.5357 0.5171 0.5357 0.582 0.5588 0.5681 0.6167 0.6143 0.6051 0.6329 0.6444 0.6167 0.6236 0.6468 0.6167 0.619 0.6421 0.4658 0.4934 0.4888 0.4796 0.498 0.5488 0.5372 0.5464 0.5949 0.6041 0.5857 0.6088 0.6549 0.6111 0.6111 0.671 0.6272 0.618 0.6757 0.6411
0.6064 0.0 0.1383 0.24 0.25 0.26 0.27 0.28 0.29 0.3 0.31 0.32 0.33 0.34 0.35 0.36 0.37 0.38 0.39 0.4 0.41 0.42 0.43 0.4936 0.4706 0.4774 0.5212 0.5051 0.5097 0.5373 0.5811 0.5627 0.5742 0.6433 0.6064 0.5972 0.6594 0.6294 0.6064 0.6548 0.6318 0.6041 0.6456 0.4893 0.5333 0.5357 0.5171 0.5357 0.582 0.5588 0.5681 0.6167 0.6143 0.6051 0.6329 0.6444 0.6167 0.6236 0.6468 0.6167 0.619 0.6421 0.612 0.4934 0.4888 0.4796 0.498 0.5488 0.5372 0.5464 0.5949 0.6041 0.5857 0.6088 0.6549 0.6111 0.6111 0.671 0.6272 0.618 0.6757 0.6411 0.6249
0.6548 0.0 0.0307 0.25 0.26 0.27 0.28 0.29 0.3 0.31 0.32 0.33 0.34 0.35 0.36 0.37 0.38 0.39 0.4 0.41 0.42 0.43 0.44 0.4706 0.4774 0.5212 0.5051 0.5097 0.5373 0.5811 0.5627 0.5742 0.6433 0.6064 0.5972 0.6594 0.6294 0.6064 0.6548 0.6318 0.6041 0.6456 0.6364 0.5333 0.5357 0.5171 0.5357 0.582 0.5588 0.5681 0.6167 0.6143 0.6051 0.6329 0.6444 0.6167 0.6236 0.6468 0.6167 0.619 0.6421 0.612 0.619 0.4888 0.4796 0.498 0.5488 0.5372 0.5464 0.5949 0.6041 0.5857 0.6088 0.6549 0.6111 0.6111 0.671 0.6272 0.618 0.6757 0.6411 0.6249 0.6849
0.8594 0.0 0.1 0.26 0.27 0.28 0.29 0.3 0.31 0.32 0.33 0.34 0.35 0.36 0.37 0.38 0.39 0.4 0.41 0.42 0.43 0.44 0.45 0.4774 0.5212 0.5051 0.5097 0.5373 0.5811 0.5627 0.5742 0.6433 0.6064 0.5972 0.6594 0.6294 0.6064 0.6548 0.6318 0.6041 0.6456 0.6364 0.6064 0.5357 0.5171 0.5357 0.582 0.5588 0.5681 0.6167 0.6143 0.6051 0.6329 0.6444 0.6167 0.6236 0.6468 0.6167 0.619 0.6421 0.612 0.619 0.6537 0.4796 0.498 0.5488 0.5372 0.5464 0.5949 0.6041 0.5857 0.6088 0.6549 0.6111 0.6111 0.671 0.6272 0.618 0.6757 0.6411 0.6249 0.6849 0.6433
0.8594 0.0 0.1613 0.27 0.28 0.29 0.3 0.31 0.32 0.33 0.34 0.35 0.36 0.37 0.38 0.39 0.4 0.41 0.42 0.43 0.44 0.45 0.46 0.5212 0.5051 0.5097 0.5373 0.5811 0.5627 0.5742 0.6433 0.6064 0.5972 0.6594 0.6294 0.6064 0.6548 0.6318 0.6041 0.6456 0.6364 0.6064 0.6548 0.5171 0.5357 0.582 0.5588 0.5681 0.6167 0.6143 0.6051 0.6329 0.6444 0.6167 0.6236 0.6468 0.6167 0.619 0.6421 0.612 0.619 0.6537 0.6259 0.498 0.5488 0.5372 0.5464 0.5949 0.6041 0.5857 0.6088 0.6549 0.6111 0.6111 0.671 0.6272 0.618 0.6757 0.6411 0.6249 0.6849 0.6433 0.6272
0.8594 1.0 0.682 0.28 0.29 0.3 0.31 0.32 0.33 0.34 0.35 0.36 0.37 0.38 0.39 0.4 0.41 0.42 0.43 0.44 0.45 0.46 0.47 0.5051 0.5097 0.5373 0.5811 0.5627 0.5742 0.6433 0.6064 0.5972 0.6594 0.6294 0.6064 0.6548 0.6318 0.6041 0.6456 0.6364 0.6064 0.6548 0.8594 0.5357 0.582 0.5588 0.5681 0.6167 0.6143 0.6051 0.6329 0.6444 0.6167 0.6236 0.6468 0.6167 0.619 0.6421 0.612 0.619 0.6537 0.6259 0.6306 0.5488 0.5372 0.5464 0.5949 0.6041 0.5857 0.6088 0.6549 0.6111 0.6111 0.671 0.6272 0.618 0.6757 0.6411 0.6249 0.6849 0.6433 0.6272 0.6849
0.8594 1.0 0.0 0.29 0.3 0.31 0.32 0.33 0.34 0.35 0.36 0.37 0.38 0.39 0.4 0.41 0.42 0.43 0.44 0.45 0.46 0.47 0.48 0.5097 0.5373 0.5811 0.5627 0.5742 0.6433 0.6064 0.5972 0.6594 0.6294 0.6064 0.6548 0.6318 0.6041 0.6456 0.6364 0.6064 0.6548 0.8594 0.8594 0.582 0.5588 0.5681 0.6167 0.6143 0.6051 0.6329 0.6444 0.6167 0.6236 0.6468 0.6167 0.619 0.6421 0.612 0.619 0.6537 0.6259 0.6306 0.6791 0.5372 0.5464 0.5949 0.6041 0.5857 0.6088 0.6549 0.6111 0.6111 0.671 0.6272 0.618 0.6757 0.6411 0.6249 0.6849 0.6433 0.6272 0.6849 0.6526
0.8594 1.0 0.0 0.3 0.31 0.32 0.33 0.34 0.35 0.36 0.37 0.38 0.39 0.4 0.41 0.42 0.43 0.44 0.45 0.46 0.47 0.48 0.49 0.5373 0.5811 0.5627 0.5742 0.6433 0.6064 0.5972 0.6594 0.6294 0.6064 0.6548 0.6318 0.6041 0.6456 0.6364 0.6064 0.6548 0.8594 0.8594 0.8594 0.5588 0.5681 0.6167 0.6143 0.6051 0.6329 0.6444 0.6167 0.6236 0.6468 0.6167 0.619 0.6421 0.612 0.619 0.6537 0.6259 0.6306 0.6791 0.6444 0.5464 0.5949 0.6041 0.5857 0.6088 0.6549 0.6111 0.6111 0.671 0.6272 0.618 0.6757 0.6411 0.6249 0.6849 0.6433 0.6272 0.6849 0.6526 0.6272
0.8594 1.0 0.0 0.31 0.32 0.33 0.34 0.35 0.36 0.37 0.38 0.39 0.4 0.41 0.42 0.43 0.44 0.45 0.46 0.47 0.48 0.49 0.5 0.5811 0.5627 0.5742 0.6433 0.6064 0.5972 0.6594 0.6294 0.6064 0.6548 0.6318 0.6041 0.6456 0.6364 0.6064 0.6548 0.8594 0.8594 0.8594 0.8594 0.5681 0.6167 0.6143 0.6051 0.6329 0.6444 0.6167 0.6236 0.6468 0.6167 0.619 0.6421 0.612 0.619 0.6537 0.6259 0.6306 0.6791 0.6444 0.6352 0.5949 0.6041 0.5857 0.6088 0.6549 0.6111 0.6111 0.671 0.6272 0.618 0.6757 0.6411 0.6249 0.6849 0.6433 0.6272 0.6849 0.6526 0.6272 0.6988
0.8594 1.0 0.0 0.32 0.33 0.34 0.35 0.36 0.37 0.38 0.39 0.4 0.41 0.42 0.43 0.44 0.45 0.46 0.47 0.48 0.49 0.5 0.51 0.5627 0.5742 0.6433 0.6064 0.5972 0.6594 0.6294 0.6064 0.6548 0.6318 0.6041 0.6456 0.6364 0.6064 0.6548 0.8594 0.8594 0.8594 0.8594 0.8594 0.6167 0.6143 0.6051 0.6329 0.6444 0.6167 0.6236 0.6468 0.6167 0.619 0.6421 0.612 0.619 0.6537 0.6259 0.6306 0.6791 0.6444 0.6352 0.6908 0.6041 0.5857 0.6088 0.6549 0.6111 0.6111 0.671 0.6272 0.618 0.6757 0.6411 0.6249 0.6849 0.6433 0.6272 0.6849 0.6526 0.6272 0.6988 0.678
0.8594 1.0 0.0 0.33 0.34 0.35 0.36 0.37 0.38 0.39 0.4 0.41 0.42 0.43 0.44 0.45 0.46 0.47 0.48 0.49 0.5 0.51 0.52 0.5742 0.6433 0.6064 0.5972 0.6594 0.6294 0.6064 0.6548 0.6318 0.6041 0.6456 0.6364 0.6064 0.6548 0.8594 0.8594 0.8594 0.8594 0.8594 0.8594 0.6143 0.6051 0.6329 0.6444 0.6167 0.6236 0.6468 0.6167 0.619 0.6421 0.612 0.619 0.6537 0.6259 0.6306 0.6791 0.6444 0.6352 0.6908 0.6607 0.5857 0.6088 0.6549 0.6111 0.6111 0.671 0.6272 0.618 0.6757 0.6411 0.6249 0.6849 0.6433 0.6272 0.6849 0.6526 0.6272 0.6988 0.678 0.6411
0.8594 1.0 0.0 0.34 0.35 0.36 0.37 0.38 0.39 0.4 0.41 0.42 0.43 0.44 0.45 0.46 0.47 0.48 0.49 0.5 0.51 0.52 0.53 0.6433 0.6064 0.5972 0.6594 0.6294 0.6064 0.6548 0.6318 0.6041 0.6456 0.6364 0.6064 0.6548 0.8594 0.8594 0.8594 0.8594 0.8594 0.8594 0.8594 0.6051 0.6329 0.6444 0.6167 0.6236 0.6468 0.6167 0.619 0.6421 0.612 0.619 0.6537 0.6259 0.6306 0.6791 0.6444 0.6352 0.6908 0.6607 0.6444 0.6088 0.6549 0.6111 0.6111 0.671 0.6272 0.618 0.6757 0.6411 0.6249 0.6849 0.6433 0.6272 0.6849 0.6526 0.6272 0.6988 0.678 0.6411 0.7057
0.8594 1.0 0.0 0.35 0.36 0.37 0.38 0.39 0.4 0.41 0.42 0.43 0.44 0.45 0.46 0.47 0.48 0.49 0.5 0.51 0.52 0.53 0.54 0.6064 0.5972 0.6594 0.6294 0.6064 0.6548 0.6318 0.6041 0.6456 0.6364 0.6064 0.6548 0.8594 0.8594 0.8594 0.8594 0.8594 0.8594 0.8594 0.8594 0.6329 0.6444 0.6167 0.6236 0.6468 0.6167 0.619 0.6421 0.612 0.619 0.6537 0.6259 0.6306 0.6791 0.6444 0.6352 0.6908 0.6607 0.6444 0.7092 0.6549 0.6111 0.6111 0.671 0.6272 0.618 0.6757 0.6411 0.6249 0.6849 0.6433 0.6272 0.6849 0.6526 0.6272 0.6988 0.678 0.6411 0.7057 0.6941
0.8594 1.0 0.0 0.36 0.37 0.38 0.39 0.4 0.41 0.42 0.43 0.44 0.45 0.46 0.47 0.48 0.49 0.5 0.51 0.52 0.53 0.54 0.55 0.5972 0.6594 0.6294 0.6064 0.6548 0.6318 0.6041 0.6456 0.6364 0.6064 0.6548 0.8594 0.8594 0.8594 0.8594 0.8594 0.8594 0.8594 0.8594 0.8594 0.6444 0.6167 0.6236 0.6468 0.6167 0.619 0.6421 0.612 0.619 0.6537 0.6259 0.6306 0.6791 0.6444 0.6352 0.6908 0.6607 0.6444 0.7092 0.6769 0.6111 0.6111 0.671 0.6272 0.618 0.6757 0.6411 0.6249 0.6849 0.6433 0.6272 0.6849 0.6526 0.6272 0.6988 0.678 0.6411 0.7057 0.6941 0.6503
0.8594 1.0 0.0 0.37 0.38 0.39 0.4 0.41 0.42 0.43 0.44 0.45 0.46 0.47 0.48 0.49 0.5 0.51 0.52 0.53 0.54 0.55 0.56 0.6594 0.6294 0.6064 0.6548 0.6318 0.6041 0.6456 0.6364 0.6064 0.6548 0.8594 0.8594 0.8594 0.8594 0.8594 0.8594 0.8594 0.8594 0.8594 0.8594 0.6167 0.6236 0.6468 0.6167 0.619 0.6421 0.612 0.619 0.6537 0.6259 0.6306 0.6791 0.6444 0.6352 0.6908 0.6607 0.6444 0.7092 0.6769 0.6468 0.6111 0.671 0.6272 0.618 0.6757 0.6411 0.6249 0.6849 0.6433 0.6272 0.6849 0.6526 0.6272 0.6988 0.678 0.6411 0.7057 0.6941 0.6503 0.6964
0.8594 1.0 0.0 0.38 0.39 0.4 0.41 0.42 0.43 0.44 0.45 0.46 0.47 0.48 0.49 0.5 0.51 0.52 0.53 0.54 0.55 0.56 0.57 0.6294 0.6064 0.6548 0.6318 0.6041 0.6456 0.6364 0.6064 0.6548 0.8594 0.8594 0.8594 0.8594 0.8594 0.8594 0.8594 0.8594 0.8594 0.8594 0.8594 0.6236 0.6468 0.6167 0.619 0.6421 0.612 0.619 0.6537 0.6259 0.6306 0.6791 0.6444 0.6352 0.6908 0.6607 0.6444 0.7092 0.6769 0.6468 0.7069 0.671 0.6272 0.618 0.6757 0.6411 0.6249 0.6849 0.6433 0.6272 0.6849 0.6526 0.6272 0.6988 0.678 0.6411 0.7057 0.6941 0.6503 0.6964 0.701
0.8594 1.0 0.0 0.39 0.4 0.41 0.42 0.43 0.44 0.45 0.46 0.47 0.48 0.49 0.5 0.51 0.52 0.53 0.54 0.55 0.56 0.57 0.58 0.6064 0.6548 0.6318 0.6041 0.6456 0.6364 0.6064 0.6548 0.8594 0.8594 0.8594 0.8594 0.8594 0.8594 0.8594 0.8594 0.8594 0.8594 0.8594 0.8594 0.6468 0.6167 0.619 0.6421 0.612 0.619 0.6537 0.6259 0.6306 0.6791 0.6444 0.6352 0.6908 0.6607 0.6444 0.7092 0.6769 0.6468 0.7069 0.6884 0.6272 0.618 0.6757 0.6411 0.6249 0.6849 0.6433 0.6272 0.6849 0.6526 0.6272 0.6988 0.678 0.6411 0.7057 0.6941 0.6503 0.6964 0.701 0.6549
0.8594 1.0 0.0 0.4 0.41 0.42 0.43 0.44 0.45 0.46 0.47 0.48 0.49 0.5 0.51 0.52 0.53 0.54 0.55 0.56 0.57 0.58 0.59 0.6548 0.6318 0.6041 0.6456 0.6364 0.6064 0.6548 0.8594 0.8594 0.8594 0.8594 0.8594 0.8594 0.8594 0.8594 0.8594 0.8594 0.8594 0.8594 0.8594 0.6167 0.619 0.6421 0.612 0.619 0.6537 0.6259 0.6306 0.6791 0.6444 0.6352 0.6908 0.6607 0.6444 0.7092 0.6769 0.6468 0.7069 0.6884 0.6491 0.618 0.6757 0.6411 0.6249 0.6849 0.6433 0.6272 0.6849 0.6526 0.6272 0.6988 0.678 0.6411 0.7057 0.6941 0.6503 0.6964 0.701 0.6549 0.6688
0.8594 1.0 0.0 0.41 0.42 0.43 0.44 0.45 0.46 0.47 0.48 0.49 0.5 0.51 0.52 0.53 0.54 0.55 0.56 0.57 0.58 0.59 0.6 0.6318 0.6041 0.6456 0.6364 0.6064 0.6548 0.8594 0.8594 0.8594 0.8594 0.8594 0.8594 0.8594 0.8594 0.8594 0.8594 0.8594 0.8594 0.8594 0.8594 0.619 0.6421 0.612 0.619 0.6537 0.6259 0.6306 0.6791 0.6444 0.6352 0.6908 0.6607 0.6444 0.7092 0.6769 0.6468 0.7069 0.6884 0.6491 0.6884 0.6757 0.6411 0.6249 0.6849 0.6433 0.6272 0.6849 0.6526 0.6272 0.6988 0.678 0.6411 0.7057 0.6941 0.6503 0.6964 0.701 0.6549 0.6688 0.701
0.8594 1.0 0.0 0.42 0.43 0.44 0.45 0.46 0.47 0.48 0.49 0.5 0.51 0.52 0.53 0.54 0.55 0.56 0.57 0.58 0.59 0.6 0.61 0.6041 0.6456 0.6364 0.6064 0.6548 0.8594 0.8594 0.8594 0.8594 0.8594 0.8594 0.8594 0.8594 0.8594 0.8594 0.8594 0.8594 0.8594 0.8594 0.8594 0.6421 0.612 0.619 0.6537 0.6259 0.6306 0.6791 0.6444 0.6352 0.6908 0.6607 0.6444 0.7092 0.6769 0.6468 0.7069 0.6884 0.6491 0.6884 0.693 0.6411 0.6249 0.6849 0.6433 0.6272 0.6849 0.6526 0.6272 0.6988 0.678 0.6411 0.7057 0.6941 0.6503 0.6964 0.701 0.6549 0.6688 0.701 0.6503
0.8594 1.0 0.0 0.43 0.44 0.45 0.46 0.47 0.48 0.49 0.5 0.51 0.52 0.53 0.54 0.55 0.56 0.57 0.58 0.59 0.6 0.61 0.62 0.6456 0.6364 0.6064 0.6548 0.8594 0.8594 0.8594 0.8594 0.8594 0.8594 0.8594 0.8594 0.8594 0.8594 0.8594 0.8594 0.8594 0.8594 0.8594 0.8594 0.612 0.619 0.6537 0.6259 0.6306 0.6791 0.6444 0.6352 0.6908 0.6607 0.6444 0.7092 0.6769 0.6468 0.7069 0.6884 0.6491 0.6884 0.693 0.6513 0.6249 0.6849 0.6433 0.6272 0.6849 0.6526 0.6272 0.6988 0.678 0.6411 0.7057 0.6941 0.6503 0.6964 0.701 0.6549 0.6688 0.701 0.6503 0.6364
0.8594 1.0 0.0 0.44 0.45 0.46 0.47 0.48 0.49 0.5 0.51 0.52 0.53 0.54 0.55 0.56 0.57 0.58 0.59 0.6 0.61 0.62 0.63 0.6364 0.6064 0.6548 0.8594 0.8594 0.8594 0.8594 0.8594 0.8594 0.8594 0.8594 0.8594 0.8594 0.8594 0.8594 0.8594 0.8594 0.8594 0.8594 0.8594 0.619 0.6537 0.6259 0.6306 0.6791 0.6444 0.6352 0.6908 0.6607 0.6444 0.7092 0.6769 0.6468 0.7069 0.6884 0.6491 0.6884 0.693 0.6513 0.663 0.6849 0.6433 0.6272 0.6849 0.6526 0.6272 0.6988 0.678 0.6411 0.7057 0.6941 0.6503 0.6964 0.701 0.6549 0.6688 0.701 0.6503 0.6364 0.6964
0.8594 1.0 0.0 0.45 0.46 0.47 0.48 0.49 0.5 0.51 0.52 0.53 0.54 0.55 0.56 0.57 0.58 0.59 0.6 0.61 0.62 0.63 0.64 0.6064 0.6548 0.8594 0.8594 0.8594 0.8594 0.8594 0.8594 0.8594 0.8594 0.8594 0.8594 0.8594 0.8594 0.8594 0.8594 0.8594 0.8594 0.8594 0.8594 0.6537 0.6259 0.6306 0.6791 0.6444 0.6352 0.6908 0.6607 0.6444 0.7092 0.6769 0.6468 0.7069 0.6884 0.6491 0.6884 0.693 0.6513 0.663 0.6953 0.6433 0.6272 0.6849 0.6526 0.6272 0.6988 0.678 0.6411 0.7057 0.6941 0.6503 0.6964 0.701 0.6549 0.6688 0.701 0.6503 0.6364 0.6964 0.6457
0.8594 1.0 0.0 0.46 0.47 0.48 0.49 0.5 0.51 0.52 0.53 0.54 0.55 0.56 0.57 0.58 0.59 0.6 0.61 0.62 0.63 0.64 0.65 0.6548 0.8594 0.8594 0.8594 0.8594 0.8594 0.8594 0.8594 0.8594 0.8594 0.8594 0.8594 0.8594 0.8594 0.8594 0.8594 0.8594 0.8594 0.8594 0.8594 0.6259 0.6306 0.6791 0.6444 0.6352 0.6908 0.6607 0.6444 0.7092 0.6769 0.6468 0.7069 0.6884 0.6491 0.6884 0.693 0.6513 0.663 0.6953 0.6513 0.6272 0.6849 0.6526 0.6272 0.6988 0.678 0.6411 0.7057 0.6941 0.6503 0.6964 0.701 0.6549 0.6688 0.701 0.6503 0.6364 0.6964 0.6457 0.6133
0.8594 1.0 0.0 0.47 0.48 0.49 0.5 0.51 0.52 0.53 0.54 0.55 0.56 0.57 0.58 0.59 0.6 0.61 0.62 0.63 0.64 0.65 0.66 0.8594 0.8594 0.8594 0.8594 0.8594 0.8594 0.8594 0.8594 0.8594 0.8594 0.8594 0.8594 0.8594 0.8594 0.8594 0.8594 0.8594 0.8594 0.8594 0.8594 0.6306 0.6791 0.6444 0.6352 0.6908 0.6607 0.6444 0.7092 0.6769 0.6468 0.7069 0.6884 0.6491 0.6884 0.693 0.6513 0.663 0.6953 0.6513 0.6421 0.6849 0.6526 0.6272 0.6988 0.678 0.6411 0.7057 0.6941 0.6503 0.6964 0.701 0.6549 0.6688 0.701 0.6503 0.6364 0.6964 0.6457 0.6133 0.671
0.8594 1.0 0.0 0.48 0.49 0.5 0.51 0.52 0.53 0.54 0.55 0.56 0.57 0.58 0.59 0.6 0.61 0.62 0.63 0.64 0.65 0.66 0.67 0.8594 0.8594 0.8594 0.8594 0.8594 0.8594 0.8594 0.8594 0.8594 0.8594 0.8594 0.8594 0.8594 0.8594 0.8594 0.8594 0.8594 0.8594 0.8594 0.8594 0.6791 0.6444 0.6352 0.6908 0.6607 0.6444 0.7092 0.6769 0.6468 0.7069 0.6884 0.6491 0.6884 0.693 0.6513 0.663 0.6953 0.6513 0.6421 0.6908 0.6526 0.6272 0.6988 0.678 0.6411 0.7057 0.6941 0.6503 0.6964 0.701 0.6549 0.6688 0.701 0.6503 0.6364 0.6964 0.6457 0.6133 0.671 0.6433
0.8594 1.0 0.0 0.49 0.5 0.51 0.52 0.53 0.54 0.55 0.56 0.57 0.58 0.59 0.6 0.61 0.62 0.63 0.64 0.65 0.66 0.67 0.68 0.8594 0.8594 0.8594 0.8594 0.8594 0.8594 0.8594 0.8594 0.8594 0.8594 0.8594 0.8594 0.8594 0.8594 0.8594 0.8594 0.8594 0.8594 0.8594 0.8594 0.6444 0.6352 0.6908 0.6607 0.6444 0.7092 0.6769 0.6468 0.7069 0.6884 0.6491 0.6884 0.693 0.6513 0.663 0.6953 0.6513 0.6421 0.6908 0.6583 0.6272 0.6988 0.678 0.6411 0.7057 0.6941 0.6503 0.6964 0.701 0.6549 0.6688 0.701 0.6503 0.6364 0.6964 0.6457 0.6133 0.671 0.6433 0.6111
0.8594 1.0 0.0 0.5 0.51 0.52 0.53 0.54 0.55 0.56 0.57 0.58 0.59 0.6 0.61 0.62 0.63 0.64 0.65 0.66 0.67 0.68 0.69 0.8594 0.8594 0.8594 0.8594 0.8594 0.8594 0.8594 0.8594 0.8594 0.8594 0.8594 0.8594 0.8594 0.8594 0.8594 0.8594 0.8594 0.8594 0.8594 0.8594 0.6352 0.6908 0.6607 0.6444 0.7092 0.6769 0.6468 0.7069 0.6884 0.6491 0.6884 0.693 0.6513 0.663 0.6953 0.6513 0.6421 0.6908 0.6583 0.6236 0.6988 0.678 0.6411 0.7057 0.6941 0.6503 0.6964 0.701 0.6549 0.6688 0.701 0.6503 0.6364 0.6964 0.6457 0.6133 0.671 0.6433 0.6111 0.5857
0.8594 1.0 0.0 0.51 0.52 0.53 0.54 0.55 0.56 0.57 0.58 0.59 0.6 0.61 0.62 0.63 0.64 0.65 0.66 0.67 0.68 0.69 0.7 0.8594 0.8594 0.8594 0.8594 0.8594 0.8594 0.8594 0.8594 0.8594 0.8594 0.8594 0.8594 0.8594 0.8594 0.8594 0.8594 0.8594 0.8594 0.8594 0.8594 0.6908 0.6607 0.6444 0.7092 0.6769 0.6468 0.7069 0.6884 0.6491 0.6884 0.693 0.6513 0.663 0.6953 0.6513 0.6421 0.6908 0.6583 0.6236 0.5936 0.678 0.6411 0.7057 0.6941 0.6503 0.6964 0.701 0.6549 0.6688 0.701 0.6503 0.6364 0.6964 0.6457 0.6133 0.671 0.6433 0.6111 0.5857 0.5719
0.8594 1.0 0.0 0.52 0.53 0.54 0.55 0.56 0.57 0.58 0.59 0.6 0.61 0.62 0.63 0.64 0.65 0.66 0.67 0.68 0.69 0.7 0.71 0.8594 0.8594 0.8594 0.8594 0.8594 0.8594 0.8594 0.8594 0.8594 0.8594 0.8594 0.8594 0.8594 0.8594 0.8594 0.8594 0.8594 0.8594 0.8594 0.8594 0.6607 0.6444 0.7092 0.6769 0.6468 0.7069 0.6884 0.6491 0.6884 0.693 0.6513 0.663 0.6953 0.6513 0.6421 0.6908 0.6583 0.6236 0.5936 0.5773 0.6411 0.7057 0.6941 0.6503 0.6964 0.701 0.6549 0.6688 0.701 0.6503 0.6364 0.6964 0.6457 0.6133 0.671 0.6433 0.6111 0.5857 0.5719 0.5534
0.8594 1.0 0.0 0.53 0.54 0.55 0.56 0.57 0.58 0.59 0.6 0.61 0.62 0.63 0.64 0.65 0.66 0.67 0.68 0.69 0.7 0.71 0.72 0.8594 0.8594 0.8594 0.8594 0.8594 0.8594 0.8594 0.8594 0.8594 0.8594 0.8594 0.8594 0.8594 0.8594 0.8594 0.8594 0.8594 0.8594 0.8594 0.8594 0.6444 0.7092 0.6769 0.6468 0.7069 0.6884 0.6491 0.6884 0.693 0.6513 0.663 0.6953 0.6513 0.6421 0.6908 0.6583 0.6236 0.5936 0.5773 0.5564 0.7057 0.6941 0.6503 0.6964 0.701 0.6549 0.6688 0.701 0.6503 0.6364 0.6964 0.6457 0.6133 0.671 0.6433 0.6111 0.5857 0.5719 0.5534 0.5327
0.8594 1.0 0.0 0.54 0.55 0.56 0.57 0.58 0.59 0.6 0.61 0.62 0.63 0.64 0.65 0.66 0.67 0.68 0.69 0.7 0.71 0.72 0.73 0.8594 0.8594 0.8594 0.8594 0.8594 0.8594 0.8594 0.8594 0.8594 0.8594 0.8594 0.8594 0.8594 0.8594 0.8594 0.8594 0.8594 0.8594 0.8594 0.8594 0.7092 0.6769 0.6468 0.7069 0.6884 0.6491 0.6884 0.693 0.6513 0.663 0.6953 0.6513 0.6421 0.6908 0.6583 0.6236 0.5936 0.5773 0.5564 0.531 0.6941 0.6503 0.6964 0.701 0.6549 0.6688 0.701 0.6503 0.6364 0.6964 0.6457 0.6133 0.671 0.6433 0.6111 0.5857 0.5719 0.5534 0.5327 0.5166
0.8594 1.0 0.0 0.55 0.56 0.57 0.58 0.59 0.6 0.61 0.62 0.63 0.64 0.65 0.66 0.67 0.68 0.69 0.7 0.71 0.72 0.73 0.74 0.8594 0.8594 0.8594 0.8594 0.8594 0.8594 0.8594 0.8594 0.8594 0.8594 0.8594 0.8594 0.8594 0.8594 0.8594 0.8594 0.8594 0.8594 0.8594 0.8594 0.6769 0.6468 0.7069 0.6884 0.6491 0.6884 0.693 0.6513 0.663 0.6953 0.6513 0.6421 0.6908 0.6583 0.6236 0.5936 0.5773 0.5564 0.531 0.5171 0.6503 0.6964 0.701 0.6549 0.6688 0.701 0.6503 0.6364 0.6964 0.6457 0.6133 0.671 0.6433 0.6111 0.5857 0.5719 0.5534 0.5327 0.5166 0.5072
0.8594 1.0 0.0 0.56 0.57 0.58 0.59 0.6 0.61 0.62 0.63 0.64 0.65 0.66 0.67 0.68 0.69 0.7 0.71 0.72 0.73 0.74 0.75 0.8594 0.8594 0.8594 0.8594 0.8594 0.8594 0.8594 0.8594 0.8594 0.8594 0.8594 0.8594 0.8594 0.8594 0.8594 0.8594 0.8594 0.8594 0.8594 0.8594 0.6468 0.7069 0.6884 0.6491 0.6884 0.693 0.6513 0.663 0.6953 0.6513 0.6421 0.6908 0.6583 0.6236 0.5936 0.5773 0.5564 0.531 0.5171 0.5032 0.6964 0.701 0.6549 0.6688 0.701 0.6503 0.6364 0.6964 0.6457 0.6133 0.671 0.6433 0.6111 0.5857 0.5719 0.5534 0.5327 0.5166 0.5072 0.4866
0.8594 1.0 0.0 0.57 0.58 0.59 0.6 0.61 0.62 0.63 0.64 0.65 0.66 0.67 0.68 0.69 0.7 0.71 0.72 0.73 0.74 0.75 0.76 0.8594 0.8594 0.8594 0.8594 0.8594 0.8594 0.8594 0.8594 0.8594 0.8594 0.8594 0.8594 0.8594 0.8594 0.8594 0.8594 0.8594 0.8594 0.8594 0.8594 0.7069 0.6884 0.6491 0.6884 0.693 0.6513 0.663 0.6953 0.6513 0.6421 0.6908 0.6583 0.6236 0.5936 0.5773 0.5564 0.531 0.5171 0.5032 0.4801 0.701 0.6549 0.6688 0.701 0.6503 0.6364 0.6964 0.6457 0.6133 0.671 0.6433 0.6111 0.5857 0.5719 0.5534 0.5327 0.5166 0.5072 0.4866 0.4703
0.8594 1.0 0.0 0.58 0.59 0.6 0.61 0.62 0.63 0.64 0.65 0.66 0.67 0.68 0.69 0.7 0.71 0.72 0.73 0.74 0.75 0.76 0.77 0.8594 0.8594 0.8594 0.8594 0.8594 0.8594 0.8594 0.8594 0.8594 0.8594 0.8594 0.8594 0.8594 0.8594 0.8594 0.8594 0.8594 0.8594 0.8594 0.8594 0.6884 0.6491 0.6884 0.693 0.6513 0.663 0.6953 0.6513 0.6421 0.6908 0.6583 0.6236 0.5936 0.5773 0.5564 0.531 0.5171 0.5032 0.4801 0.4662 0.6549 0.6688 0.701 0.6503 0.6364 0.6964 0.6457 0.6133 0.671 0.6433 0.6111 0.5857 0.5719 0.5534 0.5327 0.5166 0.5072 0.4866 0.4703 0.4634
0.8594 1.0 0.0 0.59 0.6 0.61 0.62 0.63 0.64 0.65 0.66 0.67 0.68 0.69 0.7 0.71 0.72 0.73 0.74 0.75 0.76 0.77 0.78 0.8594 0.8594 0.8594 0.8594 0.8594 0.8594 0.8594 0.8594 0.8594 0.8594 0.8594 0.8594 0.8594 0.8594 0.8594 0.8594 0.8594 0.8594 0.8594 0.8594 0.6491 0.6884 0.693 0.6513 0.663 0.6953 0.6513 0.6421 0.6908 0.6583 0.6236 0.5936 0.5773 0.5564 0.531 0.5171 0.5032 0.4801 0.4662 0.457 0.6688 0.701 0.6503 0.6364 0.6964 0.6457 0.6133 0.671 0.6433 0.6111 0.5857 0.5719 0.5534 0.5327 0.5166 0.5072 0.4866 0.4703 0.4634 0.445
0.8594 1.0 0.0 0.6 0.61 0.62 0.63 0.64 0.65 0.66 0.67 0.68 0.69 0.7 0.71 0.72 0.73 0.74 0.75 0.76 0.77 0.78 0.79 0.8594 0.8594 0.8594 0.8594 0.8594 0.8594 0.8594 0.8594 0.8594 0.8594 0.8594 0.8594 0.8594 0.8594 0.8594 0.8594 0.8594 0.8594 0.8594 0.8594 0.6884 0.693 0.6513 0.663 0.6953 0.6513 0.6421 0.6908 0.6583 0.6236 0.5936 0.5773 0.5564 0.531 0.5171 0.5032 0.4801 0.4662 0.457 0.4361 0.701 0.6503 0.6364 0.6964 0.6457 0.6133 0.671 0.6433 0.6111 0.5857 0.5719 0.5534 0.5327 0.5166 0.5072 0.4866 0.4703 0.4634 0.445 0.4289
0.8594 1.0 0.0 0.61 0.62 0.63 0.64 0.65 0.66 0.67 0.68 0.69 0.7 0.71 0.72 0.73 0.74 0.75 0.76 0.77 0.78 0.79 0.8 0.8594 0.8594 0.8594 0.8594 0.8594 0.8594 0.8594 0.8594 0.8594 0.8594 0.8594 0.8594 0.8594 0.8594 0.8594 0.8594 0.8594 0.8594 0.8594 0.8594 0.693 0.6513 0.663 0.6953 0.6513 0.6421 0.6908 0.6583 0.6236 0.5936 0.5773 0.5564 0.531 0.5171 0.5032 0.4801 0.4662 0.457 0.4361 0.4222 0.6503 0.6364 0.6964 0.6457 0.6133 0.671 0.6433 0.6111 0.5857 0.5719 0.5534 0.5327 0.5166 0.5072 0.4866 0.4703 0.4634 0.445 0.4289 0.4289
0.8594 1.0 0.0 0.62 0.63 0.64 0.65 0.66 0.67 0.68 0.69 0.7 0.71 0.72 0.73 0.74 0.75 0.76 0.77 0.78 0.79 0.8 0.81 0.8594 0.8594 0.8594 0.8594 0.8594 0.8594 0.8594 0.8594 0.8594 0.8594 0.8594 0.8594 0.8594 0.8594 0.8594 0.8594 0.8594 0.8594 0.8594 0.8594 0.6513 0.663 0.6953 0.6513 0.6421 0.6908 0.6583 0.6236 0.5936 0.5773 0.5564 0.531 0.5171 0.5032 0.4801 0.4662 0.457 0.4361 0.4222 0.4199 0.6364 0.6964 0.6457 0.6133 0.671 0.6433 0.6111 0.5857 0.5719 0.5534 0.5327 0.5166 0.5072 0.4866 0.4703 0.4634 0.445 0.4289 0.4289 0.4127
0.8594 1.0 0.0 0.63 0.64 0.65 0.66 0.67 0.68 0.69 0.7 0.71 0.72 0.73 0.74 0.75 0.76 0.77 0.78 0.79 0.8 0.81 0.82 0.8594 0.8594 0.8594 0.8594 0.8594 0.8594 0.8594 0.8594 0.8594 0.8594 0.8594 0.8594 0.8594 0.8594 0.8594 0.8594 0.8594 0.8594 0.8594 0.8594 0.663 0.6953 0.6513 0.6421 0.6908 0.6583 0.6236 0.5936 0.5773 0.5564 0.531 0.5171 0.5032 0.4801 0.4662 0.457 0.4361 0.4222 0.4199 0.4014 0.6964 0.6457 0.6133 0.671 0.6433 0.6111 0.5857 0.5719 0.5534 0.5327 0.5166 0.5072 0.4866 0.4703 0.4634 0.445 0.4289 0.4289 0.4127 0.3966
0.8594 1.0 0.0 0.64 0.65 0.66 0.67 0.68 0.69 0.7 0.71 0.72 0.73 0.74 0.75 0.76 0.77 0.78 0.79 0.8 0.81 0.82 0.83 0.8594 0.8594 0.8594 0.8594 0.8594 0.8594 0.8594 0.8594 0.8594 0.8594 0.8594 0.8594 0.8594 0.8594 0.8594 0.8594 0.8594 0.8594 0.8594 0.8594 0.6953 0.6513 0.6421 0.6908 0.6583 0.6236 0.5936 0.5773 0.5564 0.531 0.5171 0.5032 0.4801 0.4662 0.457 0.4361 0.4222 0.4199 0.4014 0.3876 0.6457 0.6133 0.671 0.6433 0.6111 0.5857 0.5719 0.5534 0.5327 0.5166 0.5072 0.4866 0.4703 0.4634 0.445 0.4289 0.4289 0.4127 0.3966 0.3966
0.8594 1.0 0.0 0.65 0.66 0.67 0.68 0.69 0.7 0.71 0.72 0.73 0.74 0.75 0.76 0.77 0.78 0.79 0.8 0.81 0.82 0.83 0.84 0.8594 0.8594 0.8594 0.8594 0.8594 0.8594 0.8594 0.8594 0.8594 0.8594 0.8594 0.8594 0.8594 0.8594 0.8594 0.8594 0.8594 0.8594 0.8594 0.8594 0.6513 0.6421 0.6908 0.6583 0.6236 0.5936 0.5773 0.5564 0.531 0.5171 0.5032 0.4801 0.4662 0.457 0.4361 0.4222 0.4199 0.4014 0.3876 0.3899 0.6133 0.671 0.6433 0.6111 0.5857 0.5719 0.5534 0.5327 0.5166 0.5072 0.4866 0.4703 0.4634 0.445 0.4289 0.4289 0.4127 0.3966 0.3966 0.385
0.8594 1.0 0.0 0.66 0.67 0.68 0.69 0.7 0.71 0.72 0.73 0.74 0.75 0.76 0.77 0.78 0.79 0.8 0.81 0.82 0.83 0.84 0.85 0.8594 0.8594 0.8594 0.8594 0.8594 0.8594 0.8594 0.8594 0.8594 0.8594 0.8594 0.8594 0.8594 0.8594 0.8594 0.8594 0.8594 0.8594 0.8594 0.8594 0.6421 0.6908 0.6583 0.6236 0.5936 0.5773 0.5564 0.531 0.5171 0.5032 0.4801 0.4662 0.457 0.4361 0.4222 0.4199 0.4014 0.3876 0.3899 0.3737 0.671 0.6433 0.6111 0.5857 0.5719 0.5534 0.5327 0.5166 0.5072 0.4866 0.4703 0.4634 0.445 0.4289 0.4289 0.4127 0.3966 0.3966 0.385 0.3689
0.8594 1.0 0.0 0.67 0.68 0.69 0.7 0.71 0.72 0.73 0.74 0.75 0.76 0.77 0.78 0.79 0.8 0.81 0.82 0.83 0.84 0.85 0.86 0.8594 0.8594 0.8594 0.8594 0.8594 0.8594 0.8594 0.8594 0.8594 0.8594 0.8594 0.8594 0.8594 0.8594 0.8594 0.8594 0.8594 0.8594 0.8594 0.8594 0.6908 0.6583 0.6236 0.5936 0.5773 0.5564 0.531 0.5171 0.5032 0.4801 0.4662 0.457 0.4361 0.4222 0.4199 0.4014 0.3876 0.3899 0.3737 0.3598 0.6433 0.6111 0.5857 0.5719 0.5534 0.5327 0.5166 0.5072 0.4866 0.4703 0.4634 0.445 0.4289 0.4289 0.4127 0.3966 0.3966 0.385 0.3689 0.3666
0.8594 1.0 0.0 0.68 0.69 0.7 0.71 0.72 0.73 0.74 0.75 0.76 0.77 0.78 0.79 0.8 0.81 0.82 0.83 0.84 0.85 0.86 0.87 0.8594 0.8594 0.8594 0.8594 0.8594 0.8594 0.8594 0.8594 0.8594 0.8594 0.8594 0.8594 0.8594 0.8594 0.8594 0.8594 0.8594 0.8594 0.8594 0.8594 0.6583 0.6236 0.5936 0.5773 0.5564 0.531 0.5171 0.5032 0.4801 0.4662 0.457 0.4361 0.4222 0.4199 0.4014 0.3876 0.3899 0.3737 0.3598 0.3551 0.6111 0.5857 0.5719 0.5534 0.5327 0.5166 0.5072 0.4866 0.4703 0.4634 0.445 0.4289 0.4289 0.4127 0.3966 0.3966 0.385 0.3689 0.3666 0.3597
0.8594 1.0 0.0 0.69 0.7 0.71 0.72 0.73 0.74 0.75 0.76 0.77 0.78 0.79 0.8 0.81 0.82 0.83 0.84 0.85 0.86 0.87 0.88 0.8594 0.8594 0.8594 0.8594 0.8594 0.8594 0.8594 0.8594 0.8594 0.8594 0.8594 0.8594 0.8594 0.8594 0.8594 0.8594 0.8594 0.8594 0.8594 0.8594 0.6236 0.5936 0.5773 0.5564 0.531 0.5171 0.5032 0.4801 0.4662 0.457 0.4361 0.4222 0.4199 0.4014 0.3876 0.3899 0.3737 0.3598 0.3551 0.3436 0.5857 0.5719 0.5534 0.5327 0.5166 0.5072 0.4866 0.4703 0.4634 0.445 0.4289 0.4289 0.4127 0.3966 0.3966 0.385 0.3689 0.3666 0.3597 0.3436
0.8594 1.0 0.0 0.7 0.71 0.72 0.73 0.74 0.75 0.76 0.77 0.78 0.79 0.8 0.81 0.82 0.83 0.84 0.85 0.86 0.87 0.88 0.89 0.8594 0.8594 0.8594 0.8594 0.8594 0.8594 0.8594 0.8594 0.8594 0.8594 0.8594 0.8594 0.8594 0.8594 0.8594 0.8594 0.8594 0.8594 0.8594 0.8594 0.5936 0.5773 0.5564 0.531 0.5171 0.5032 0.4801 0.4662 0.457 0.4361 0.4222 0.4199 0.4014 0.3876 0.3899 0.3737 0.3598 0.3551 0.3436 0.3297 0.5719 0.5534 0.5327 0.5166 0.5072 0.4866 0.4703 0.4634 0.445 0.4289 0.4289 0.4127 0.3966 0.3966 0.385 0.3689 0.3666 0.3597 0.3436 0.3342
0.8594 1.0 0.0 0.71 0.72 0.73 0.74 0.75 0.76 0.77 0.78 0.79 0.8 0.81 0.82 0.83 0.84 0.85 0.86 0.87 0.88 0.89 0.9 0.8594 0.8594 0.8594 0.8594 0.8594 0.8594 0.8594 0.8594 0.8594 0.8594 0.8594 0.8594 0.8594 0.8594 0.8594 0.8594 0.8594 0.8594 0.8594 0.8594 0.5773 0.5564 0.531 0.5171 0.5032 0.4801 0.4662 0.457 0.4361 0.4222 0.4199 0.4014 0.3876 0.3899 0.3737 0.3598 0.3551 0.3436 0.3297 0.3228 0.5534 0.5327 0.5166 0.5072 0.4866 0.4703 0.4634 0.445 0.4289 0.4289 0.4127 0.3966 0.3966 0.385 0.3689 0.3666 0.3597 0.3436 0.3342 0.3273
0.8594 1.0 0.0 0.72 0.73 0.74 0.75 0.76 0.77 0.78 0.79 0.8 0.81 0.82 0.83 0.84 0.85 0.86 0.87 0.88 0.89 0.9 0.91 0.8594 0.8594 0.8594 0.8594 0.8594 0.8594 0.8594 0.8594 0.8594 0.8594 0.8594 0.8594 0.8594 0.8594 0.8594 0.8594 0.8594 0.8594 0.8594 0.8594 0.5564 0.531 0.5171 0.5032 0.4801 0.4662 0.457 0.4361 0.4222 0.4199 0.4014 0.3876 0.3899 0.3737 0.3598 0.3551 0.3436 0.3297 0.3228 0.3158 0.5327 0.5166 0.5072 0.4866 0.4703 0.4634 0.445 0.4289 0.4289 0.4127 0.3966 0.3966 0.385 0.3689 0.3666 0.3597 0.3436 0.3342 0.3273 0.3158
0.8594 1.0 0.0 0.73 0.74 0.75 0.76 0.77 0.78 0.79 0.8 0.81 0.82 0.83 0.84 0.85 0.86 0.87 0.88 0.89 0.9 0.91 0.92 0.8594 0.8594 0.8594 0.8594 0.8594 0.8594 0.8594 0.8594 0.8594 0.8594 0.8594 0.8594 0.8594 0.8594 0.8594 0.8594 0.8594 0.8594 0.8594 0.8594 0.531 0.5171 0.5032 0.4801 0.4662 0.457 0.4361 0.4222 0.4199 0.4014 0.3876 0.3899 0.3737 0.3598 0.3551 0.3436 0.3297 0.3228 0.3158 0.3042 0.5166 0.5072 0.4866 0.4703 0.4634 0.445 0.4289 0.4289 0.4127 0.3966 0.3966 0.385 0.3689 0.3666 0.3597 0.3436 0.3342 0.3273 0.3158 0.3066
0.8594 1.0 0.0 0.74 0.75 0.76 0.77 0.78 0.79 0.8 0.81 0.82 0.83 0.84 0.85 0.86 0.87 0.88 0.89 0.9 0.91 0.92 0.93 0.8594 0.8594 0.8594 0.8594 0.8594 0.8594 0.8594 0.8594 0.8594 0.8594 0.8594 0.8594 0.8594 0.8594 0.8594 0.8594 0.8594 0.8594 0.8594 0.8594 0.5171 0.5032 0.4801 0.4662 0.457 0.4361 0.4222 0.4199 0.4014 0.3876 0.3899 0.3737 0.3598 0.3551 0.3436 0.3297 0.3228 0.3158 0.3042 0.295 0.5072 0.4866 0.4703 0.4634 0.445 0.4289 0.4289 0.4127 0.3966 0.3966 0.385 0.3689 0.3666 0.3597 0.3436 0.3342 0.3273 0.3158 0.3066 0.2997
0.8594 1.0 0.0 0.75 0.76 0.77 0.78 0.79 0.8 0.81 0.82 0.83 0.84 0.85 0.86 0.87 0.88 0.89 0.9 0.91 0.92 0.93 0.94 0.8594 0.8594 0.8594 0.8594 0.8594 0.8594 0.8594 0.8594 0.8594 0.8594 0.8594 0.8594 0.8594 0.8594 0.8594 0.8594 0.8594 0.8594 0.8594 0.8594 0.5032 0.4801 0.4662 0.457 0.4361 0.4222 0.4199 0.4014 0.3876 0.3899 0.3737 0.3598 0.3551 0.3436 0.3297 0.3228 0.3158 0.3042 0.295 0.288 0.4866 0.4703 0.4634 0.445 0.4289 0.4289 0.4127 0.3966 0.3966 0.385 0.3689 0.3666 0.3597 0.3436 0.3342 0.3273 0.3158 0.3066 0.2997 0.2881
0.8594 1.0 0.0 0.76 0.77 0.78 0.79 0.8 0.81 0.82 0.83 0.84 0.85 0.86 0.87 0.88 0.89 0.9 0.91 0.92 0.93 0.94 0.95 0.8594 0.8594 0.8594 0.8594 0.8594 0.8594 0.8594 0.8594 0.8594 0.8594 0.8594 0.8594 0.8594 0.8594 0.8594 0.8594 0.8594 0.8594 0.8594 0.8594 0.4801 0.4662 0.457 0.4361 0.4222 0.4199 0.4014 0.3876 0.3899 0.3737 0.3598 0.3551 0.3436 0.3297 0.3228 0.3158 0.3042 0.295 0.288 0.2788 0.4703 0.4634 0.445 0.4289 0.4289 0.4127 0.3966 0.3966 0.385 0.3689 0.3666 0.3597 0.3436 0.3342 0.3273 0.3158 0.3066 0.2997 0.2881 0.2812
0.8594 1.0 0.0 0.77 0.78 0.79 0.8 0.81 0.82 0.83 0.84 0.85 0.86 0.87 0.88 0.89 0.9 0.91 0.92 0.93 0.94 0.95 0.96 0.8594 0.8594 0.8594 0.8594 0.8594 0.8594 0.8594 0.8594 0.8594 0.8594 0.8594 0.8594 0.8594 0.8594 0.8594 0.8594 0.8594 0.8594 0.8594 0.8594 0.4662 0.457 0.4361 0.4222 0.4199 0.4014 0.3876 0.3899 0.3737 0.3598 0.3551 0.3436 0.3297 0.3228 0.3158 0.3042 0.295 0.288 0.2788 0.2694 0.4634 0.445 0.4289 0.4289 0.4127 0.3966 0.3966 0.385 0.3689 0.3666 0.3597 0.3436 0.3342 0.3273 0.3158 0.3066 0.2997 0.2881 0.2812 0.2743
0.8594 1.0 0.0 0.78 0.79 0.8 0.81 0.82 0.83 0.84 0.85 0.86 0.87 0.88 0.89 0.9 0.91 0.92 0.93 0.94 0.95 0.96 0.97 0.8594 0.8594 0.8594 0.8594 0.8594 0.8594 0.8594 0.8594 0.8594 0.8594 0.8594 0.8594 0.8594 0.8594 0.8594 0.8594 0.8594 0.8594 0.8594 0.8594 0.457 0.4361 0.4222 0.4199 0.4014 0.3876 0.3899 0.3737 0.3598 0.3551 0.3436 0.3297 0.3228 0.3158 0.3042 0.295 0.288 0.2788 0.2694 0.2626 0.445 0.4289 0.4289 0.4127 0.3966 0.3966 0.385 0.3689 0.3666 0.3597 0.3436 0.3342 0.3273 0.3158 0.3066 0.2997 0.2881 0.2812 0.2743 0.2651
0.8594 1.0 0.0 0.79 0.8 0.81 0.82 0.83 0.84 0.85 0.86 0.87 0.88 0.89 0.9 0.91 0.92 0.93 0.94 0.95 0.96 0.97 0.0 0.8594 0.8594 0.8594 0.8594 0.8594 0.8594 0.8594 0.8594 0.8594 0.8594 0.8594 0.8594 0.8594 0.8594 0.8594 0.8594 0.8594 0.8594 0.8594 0.8594 0.4361 0.4222 0.4199 0.4014 0.3876 0.3899 0.3737 0.3598 0.3551 0.3436 0.3297 0.3228 0.3158 0.3042 0.295 0.288 0.2788 0.2694 0.2626 0.2672 0.4289 0.4289 0.4127 0.3966 0.3966 0.385 0.3689 0.3666 0.3597 0.3436 0.3342 0.3273 0.3158 0.3066 0.2997 0.2881 0.2812 0.2743 0.2651 0.2928
0.8594 1.0 0.0 0.8 0.81 0.82 0.83 0.84 0.85 0.86 0.87 0.88 0.89 0.9 0.91 0.92 0.93 0.94 0.95 0.96 0.97 0.0 0.01 0.8594 0.8594 0.8594 0.8594 0.8594 0.8594 0.8594 0.8594 0.8594 0.8594 0.8594 0.8594 0.8594 0.8594 0.8594 0.8594 0.8594 0.8594 0.8594 0.8594 0.4222 0.4199 0.4014 0.3876 0.3899 0.3737 0.3598 0.3551 0.3436 0.3297 0.3228 0.3158 0.3042 0.295 0.288 0.2788 0.2694 0.2626 0.2672 0.3367 0.4289 0.4127 0.3966 0.3966 0.385 0.3689 0.3666 0.3597 0.3436 0.3342 0.3273 0.3158 0.3066 0.2997 0.2881 0.2812 0.2743 0.2651 0.2928 0.302
0.8594 1.0 0.0 0.81 0.82 0.83 0.84 0.85 0.86 0.87 0.88 0.89 0.9 0.91 0.92 0.93 0.94 0.95 0.96 0.97 0.0 0.01 0.02 0.8594 0.8594 0.8594 0.8594 0.8594 0.8594 0.8594 0.8594 0.8594 0.8594 0.8594 0.8594 0.8594 0.8594 0.8594 0.8594 0.8594 0.8594 0.8594 0.8594 0.4199 0.4014 0.3876 0.3899 0.3737 0.3598 0.3551 0.3436 0.3297 0.3228 0.3158 0.3042 0.295 0.288 0.2788 0.2694 0.2626 0.2672 0.3367 0.3158 0.4127 0.3966 0.3966 0.385 0.3689 0.3666 0.3597 0.3436 0.3342 0.3273 0.3158 0.3066 0.2997 0.2881 0.2812 0.2743 0.2651 0.2928 0.302 0.2836
0.8594 1.0 0.0 0.82 0.83 0.84 0.85 0.86 0.87 0.88 0.89 0.9 0.91 0.92 0.93 0.94 0.95 0.96 0.97 0.0 0.01 0.02 0.03 0.8594 0.8594 0.8594 0.8594 0.8594 0.8594 0.8594 0.8594 0.8594 0.8594 0.8594 0.8594 0.8594 0.8594 0.8594 0.8594 0.8594 0.8594 0.8594 0.8594 0.4014 0.3876 0.3899 0.3737 0.3598 0.3551 0.3436 0.3297 0.3228 0.3158 0.3042 0.295 0.288 0.2788 0.2694 0.2626 0.2672 0.3367 0.3158 0.2996 0.3966 0.3966 0.385 0.3689 0.3666 0.3597 0.3436 0.3342 0.3273 0.3158 0.3066 0.2997 0.2881 0.2812 0.2743 0.2651 0.2928 0.302 0.2836 0.3597
0.8594 1.0 0.0 0.83 0.84 0.85 0.86 0.87 0.88 0.89 0.9 0.91 0.92 0.93 0.94 0.95 0.96 0.97 0.0 0.01 0.02 0.03 0.04 0.8594 0.8594 0.8594 0.8594 0.8594 0.8594 0.8594 0.8594 0.8594 0.8594 0.8594 0.8594 0.8594 0.8594 0.8594 0.8594 0.8594 0.8594 0.8594 0.8594 0.3876 0.3899 0.3737 0.3598 0.3551 0.3436 0.3297 0.3228 0.3158 0.3042 0.295 0.288 0.2788 0.2694 0.2626 0.2672 0.3367 0.3158 0.2996 0.376 0.3966 0.385 0.3689 0.3666 0.3597 0.3436 0.3342 0.3273 0.3158 0.3066 0.2997 0.2881 0.2812 0.2743 0.2651 0.2928 0.302 0.2836 0.3597 0.3689
0.8594 1.0 0.0 0.84 0.85 0.86 0.87 0.88 0.89 0.9 0.91 0.92 0.93 0.94 0.95 0.96 0.97 0.0 0.01 0.02 0.03 0.04 0.05 0.8594 0.8594 0.8594 0.8594 0.8594 0.8594 0.8594 0.8594 0.8594 0.8594 0.8594 0.8594 0.8594 0.8594 0.8594 0.8594 0.8594 0.8594 0.8594 0.8594 0.3899 0.3737 0.3598 0.3551 0.3436 0.3297 0.3228 0.3158 0.3042 0.295 0.288 0.2788 0.2694 0.2626 0.2672 0.3367 0.3158 0.2996 0.376 0.3598 0.385 0.3689 0.3666 0.3597 0.3436 0.3342 0.3273 0.3158 0.3066 0.2997 0.2881 0.2812 0.2743 0.2651 0.2928 0.302 0.2836 0.3597 0.3689 0.3366
0.8594 1.0 0.0 0.85 0.86 0.87 0.88 0.89 0.9 0.91 0.92 0.93 0.94 0.95 0.96 0.97 0.0 0.01 0.02 0.03 0.04 0.05 0.06 0.8594 0.8594 0.8594 0.8594 0.8594 0.8594 0.8594 0.8594 0.8594 0.8594 0.8594 0.8594 0.8594 0.8594 0.8594 0.8594 0.8594 0.8594 0.8594 0.8594 0.3737 0.3598 0.3551 0.3436 0.3297 0.3228 0.3158 0.3042 0.295 0.288 0.2788 0.2694 0.2626 0.2672 0.3367 0.3158 0.2996 0.376 0.3598 0.3367 0.3689 0.3666 0.3597 0.3436 0.3342 0.3273 0.3158 0.3066 0.2997 0.2881 0.2812 0.2743 0.2651 0.2928 0.302 0.2836 0.3597 0.3689 0.3366 0.3827
0.8594 1.0 0.0 0.86 0.87 0.88 0.89 0.9 0.91 0.92 0.93 0.94 0.95 0.96 0.97 0.0 0.01 0.02 0.03 0.04 0.05 0.06 0.07 0.8594 0.8594 0.8594 0.8594 0.8594 0.8594 0.8594 0.8594 0.8594 0.8594 0.8594 0.8594 0.8594 0.8594 0.8594 0.8594 0.8594 0.8594 0.8594 0.8594 0.3598 0.3551 0.3436 0.3297 0.3228 0.3158 0.3042 0.295 0.288 0.2788 0.2694 0.2626 0.2672 0.3367 0.3158 0.2996 0.376 0.3598 0.3367 0.3991 0.3666 0.3597 0.3436 0.3342 0.3273 0.3158 0.3066 0.2997 0.2881 0.2812 0.2743 0.2651 0.2928 0.302 0.2836 0.3597 0.3689 0.3366 0.3827 0.4127
0.8594 1.0 0.0 0.87 0.88 0.89 0.9 0.91 0.92 0.93 0.94 0.95 0.96 0.97 0.0 0.01 0.02 0.03 0.04 0.05 0.06 0.07 0.08 0.8594 0.8594 0.8594 0.8594 0.8594 0.8594 0.8594 0.8594 0.8594 0.8594 0.8594 0.8594 0.8594 0.8594 0.8594 0.8594 0.8594 0.8594 0.8594 0.8594 0.3551 0.3436 0.3297 0.3228 0.3158 0.3042 0.295 0.288 0.2788 0.2694 0.2626 0.2672 0.3367 0.3158 0.2996 0.376 0.3598 0.3367 0.3991 0.4014 0.3597 0.3436 0.3342 0.3273 0.3158 0.3066 0.2997 0.2881 0.2812 0.2743 0.2651 0.2928 0.302 0.2836 0.3597 0.3689 0.3366 0.3827 0.4127 0.3734
0.8594 1.0 0.0 0.88 0.89 0.9 0.91 0.92 0.93 0.94 0.95 0.96 0.97 0.0 0.01 0.02 0.03 0.04 0.05 0.06 0.07 0.08 0.09 0.8594 0.8594 0.8594 0.8594 0.8594 0.8594 0.8594 0.8594 0.8594 0.8594 0.8594 0.8594 0.8594 0.8594 0.8594 0.8594 0.8594 0.8594 0.8594 0.8594 0.3436 0.3297 0.3228 0.3158 0.3042 0.295 0.288 0.2788 0.2694 0.2626 0.2672 0.3367 0.3158 0.2996 0.376 0.3598 0.3367 0.3991 0.4014 0.369 0.3436 0.3342 0.3273 0.3158 0.3066 0.2997 0.2881 0.2812 0.2743 0.2651 0.2928 0.302 0.2836 0.3597 0.3689 0.3366 0.3827 0.4127 0.3734 0.385
0.8594 1.0 0.0 0.89 0.9 0.91 0.92 0.93 0.94 0.95 0.96 0.97 0.0 0.01 0.02 0.03 0.04 0.05 0.06 0.07 0.08 0.09 0.1 0.8594 0.8594 0.8594 0.8594 0.8594 0.8594 0.8594 0.8594 0.8594 0.8594 0.8594 0.8594 0.8594 0.8594 0.8594 0.8594 0.8594 0.8594 0.8594 0.8594 0.3297 0.3228 0.3158 0.3042 0.295 0.288 0.2788 0.2694 0.2626 0.2672 0.3367 0.3158 0.2996 0.376 0.3598 0.3367 0.3991 0.4014 0.369 0.406 0.3342 0.3273 0.3158 0.3066 0.2997 0.2881 0.2812 0.2743 0.2651 0.2928 0.302 0.2836 0.3597 0.3689 0.3366 0.3827 0.4127 0.3734 0.385 0.4496
0.8594 1.0 0.0 0.9 0.91 0.92 0.93 0.94 0.95 0.96 0.97 0.0 0.01 0.02 0.03 0.04 0.05 0.06 0.07 0.08 0.09 0.1 0.11 0.8594 0.8594 0.8594 0.8594 0.8594 0.8594 0.8594 0.8594 0.8594 0.8594 0.8594 0.8594 0.8594 0.8594 0.8594 0.8594 0.8594 0.8594 0.8594 0.8594 0.3228 0.3158 0.3042 0.295 0.288 0.2788 0.2694 0.2626 0.2672 0.3367 0.3158 0.2996 0.376 0.3598 0.3367 0.3991 0.4014 0.369 0.406 0.4408 0.3273 0.3158 0.3066 0.2997 0.2881 0.2812 0.2743 0.2651 0.2928 0.302 0.2836 0.3597 0.3689 0.3366 0.3827 0.4127 0.3734 0.385 0.4496 0.4058
0.8594 1.0 0.0 0.91 0.92 0.93 0.94 0.95 0.96 0.97 0.0 0.01 0.02 0.03 0.04 0.05 0.06 0.07 0.08 0.09 0.1 0.11 0.12 0.8594 0.8594 0.8594 0.8594 0.8594 0.8594 0.8594 0.8594 0.8594 0.8594 0.8594 0.8594 0.8594 0.8594 0.8594 0.8594 0.8594 0.8594 0.8594 0.8594 0.3158 0.3042 0.295 0.288 0.2788 0.2694 0.2626 0.2672 0.3367 0.3158 0.2996 0.376 0.3598 0.3367 0.3991 0.4014 0.369 0.406 0.4408 0.4038 0.3158 0.3066 0.2997 0.2881 0.2812 0.2743 0.2651 0.2928 0.302 0.2836 0.3597 0.3689 0.3366 0.3827 0.4127 0.3734 0.385 0.4496 0.4058 0.3897
0.8594 1.0 0.0 0.92 0.93 0.94 0.95 0.96 0.97 0.0 0.01 0.02 0.03 0.04 0.05 0.06 0.07 0.08 0.09 0.1 0.11 0.12 0.13 0.8594 0.8594 0.8594 0.8594 0.8594 0.8594 0.8594 0.8594 0.8594 0.8594 0.8594 0.8594 0.8594 0.8594 0.8594 0.8594 0.8594 0.8594 0.8594 0.8594 0.3042 0.295 0.288 0.2788 0.2694 0.2626 0.2672 0.3367 0.3158 0.2996 0.376 0.3598 0.3367 0.3991 0.4014 0.369 0.406 0.4408 0.4038 0.413 0.3066 0.2997 0.2881 0.2812 0.2743 0.2651 0.2928 0.302 0.2836 0.3597 0.3689 0.3366 0.3827 0.4127 0.3734 0.385 0.4496 0.4058 0.3897 0.4703
0.8594 1.0 0.0 0.93 0.94 0.95 0.96 0.97 0.0 0.01 0.02 0.03 0.04 0.05 0.06 0.07 0.08 0.09 0.1 0.11 0.12 0.13 0.14 0.8594 0.8594 0.8594 0.8594 0.8594 0.8594 0.8594 0.8594 0.8594 0.8594 0.8594 0.8594 0.8594 0.8594 0.8594 0.8594 0.8594 0.8594 0.8594 0.8594 0.295 0.288 0.2788 0.2694 0.2626 0.2672 0.3367 0.3158 0.2996 0.376 0.3598 0.3367 0.3991 0.4014 0.369 0.406 0.4408 0.4038 0.413 0.4801 0.2997 0.2881 0.2812 0.2743 0.2651 0.2928 0.302 0.2836 0.3597 0.3689 0.3366 0.3827 0.4127 0.3734 0.385 0.4496 0.4058 0.3897 0.4703 0.4403
0.8594 1.0 0.0 0.94 0.95 0.96 0.97 0.0 0.01 0.02 0.03 0.04 0.05 0.06 0.07 0.08 0.09 0.1 0.11 0.12 0.13 0.14 0.15 0.8594 0.8594 0.8594 0.8594 0.8594 0.8594 0.8594 0.8594 0.8594 0.8594 0.8594 0.8594 0.8594 0.8594 0.8594 0.8594 0.8594 0.8594 0.8594 0.8594 0.288 0.2788 0.2694 0.2626 0.2672 0.3367 0.3158 0.2996 0.376 0.3598 0.3367 0.3991 0.4014 0.369 0.406 0.4408 0.4038 0.413 0.4801 0.4431 0.2881 0.2812 0.2743 0.2651 0.2928 0.302 0.2836 0.3597 0.3689 0.3366 0.3827 0.4127 0.3734 0.385 0.4496 0.4058 0.3897 0.4703 0.4403 0.415
0.8594 1.0 0.0 0.95 0.96 0.97 0.0 0.01 0.02 0.03 0.04 0.05 0.06 0.07 0.08 0.09 0.1 0.11 0.12 0.13 0.14 0.15 0.16 0.8594 0.8594 0.8594 0.8594 0.8594 0.8594 0.8594 0.8594 0.8594 0.8594 0.8594 0.8594 0.8594 0.8594 0.8594 0.8594 0.8594 0.8594 0.8594 0.8594 0.2788 0.2694 0.2626 0.2672 0.3367 0.3158 0.2996 0.376 0.3598 0.3367 0.3991 0.4014 0.369 0.406 0.4408 0.4038 0.413 0.4801 0.4431 0.4292 0.2812 0.2743 0.2651 0.2928 0.302 0.2836 0.3597 0.3689 0.3366 0.3827 0.4127 0.3734 0.385 0.4496 0.4058 0.3897 0.4703 0.4403 0.415 0.4727
0.8594 1.0 0.0 0.96 0.97 0.0 0.01 0.02 0.03 0.04 0.05 0.06 0.07 0.08 0.09 0.1 0.11 0.12 0.13 0.14 0.15 0.16 0.17 0.8594 0.8594 0.8594 0.8594 0.8594 0.8594 0.8594 0.8594 0.8594 0.8594 0.8594 0.8594 0.8594 0.8594 0.8594 0.8594 0.8594 0.8594 0.8594 0.8594 0.2694 0.2626 0.2672 0.3367 0.3158 0.2996 0.376 0.3598 0.3367 0.3991 0.4014 0.369 0.406 0.4408 0.4038 0.413 0.4801 0.4431 0.4292 0.5032 0.2743 0.2651 0.2928 0.302 0.2836 0.3597 0.3689 0.3366 0.3827 0.4127 0.3734 0.385 0.4496 0.4058 0.3897 0.4703 0.4403 0.415 0.4727 0.475
0.8594 1.0 0.0 0.97 0.0 0.01 0.02 0.03 0.04 0.05 0.06 0.07 0.08 0.09 0.1 0.11 0.12 0.13 0.14 0.15 0.16 0.17 0.18 0.8594 0.8594 0.8594 0.8594 0.8594 0.8594 0.8594 0.8594 0.8594 0.8594 0.8594 0.8594 0.8594 0.8594 0.8594 0.8594 0.8594 0.8594 0.8594 0.8594 0.2626 0.2672 0.3367 0.3158 0.2996 0.376 0.3598 0.3367 0.3991 0.4014 0.369 0.406 0.4408 0.4038 0.413 0.4801 0.4431 0.4292 0.5032 0.4848 0.2651 0.2928 0.302 0.2836 0.3597 0.3689 0.3366 0.3827 0.4127 0.3734 0.385 0.4496 0.4058 0.3897 0.4703 0.4403 0.415 0.4727 0.475 0.4496
0.8594 1.0 0.0 0.0 0.01 0.02 0.03 0.04 0.05 0.06 0.07 0.08 0.09 0.1 0.11 0.12 0.13 0.14 0.15 0.16 0.17 0.18 0.19 0.8594 0.8594 0.8594 0.8594 0.8594 0.8594 0.8594 0.8594 0.8594 0.8594 0.8594 0.8594 0.8594 0.8594 0.8594 0.8594 0.8594 0.8594 0.8594 0.8594 0.2672 0.3367 0.3158 0.2996 0.376 0.3598 0.3367 0.3991 0.4014 0.369 0.406 0.4408 0.4038 0.413 0.4801 0.4431 0.4292 0.5032 0.4848 0.4593 0.2928 0.302 0.2836 0.3597 0.3689 0.3366 0.3827 0.4127 0.3734 0.385 0.4496 0.4058 0.3897 0.4703 0.4403 0.415 0.4727 0.475 0.4496 0.475
0.8594 1.0 0.0 0.01 0.02 0.03 0.04 0.05 0.06 0.07 0.08 0.09 0.1 0.11 0.12 0.13 0.14 0.15 0.16 0.17 0.18 0.19 0.2 0.8594 0.8594 0.8594 0.8594 0.8594 0.8594 0.8594 0.8594 0.8594 0.8594 0.8594 0.8594 0.8594 0.8594 0.8594 0.8594 0.8594 0.8594 0.8594 0.8594 0.3367 0.3158 0.2996 0.376 0.3598 0.3367 0.3991 0.4014 0.369 0.406 0.4408 0.4038 0.413 0.4801 0.4431 0.4292 0.5032 0.4848 0.4593 0.5056 0.302 0.2836 0.3597 0.3689 0.3366 0.3827 0.4127 0.3734 0.385 0.4496 0.4058 0.3897 0.4703 0.4403 0.415 0.4727 0.475 0.4496 0.475 0.498
0.8594 1.0 0.0 0.02 0.03 0.04 0.05 0.06 0.07 0.08 0.09 0.1 0.11 0.12 0.13 0.14 0.15 0.16 0.17 0.18 0.19 0.2 0.21 0.8594 0.8594 0.8594 0.8594 0.8594 0.8594 0.8594 0.8594 0.8594 0.8594 0.8594 0.8594 0.8594 0.8594 0.8594 0.8594 0.8594 0.8594 0.8594 0.8594 0.3158 0.2996 0.376 0.3598 0.3367 0.3991 0.4014 0.369 0.406 0.4408 0.4038 0.413 0.4801 0.4431 0.4292 0.5032 0.4848 0.4593 0.5056 0.5194 0.2836 0.3597 0.3689 0.3366 0.3827 0.4127 0.3734 0.385 0.4496 0.4058 0.3897 0.4703 0.4403 0.415 0.4727 0.475 0.4496 0.475 0.498 0.4703
0.8594 1.0 0.0 0.03 0.04 0.05 0.06 0.07 0.08 0.09 0.1 0.11 0.12 0.13 0.14 0.15 0.16 0.17 0.18 0.19 0.2 0.21 0.22 0.8594 0.8594 0.8594 0.8594 0.8594 0.8594 0.8594 0.8594 0.8594 0.8594 0.8594 0.8594 0.8594 0.8594 0.8594 0.8594 0.8594 0.8594 0.8594 0.8594 0.2996 0.376 0.3598 0.3367 0.3991 0.4014 0.369 0.406 0.4408 0.4038 0.413 0.4801 0.4431 0.4292 0.5032 0.4848 0.4593 0.5056 0.5194 0.4893 0.3597 0.3689 0.3366 0.3827 0.4127 0.3734 0.385 0.4496 0.4058 0.3897 0.4703 0.4403 0.415 0.4727 0.475 0.4496 0.475 0.498 0.4703 0.4727
0.8594 1.0 0.0 0.04 0.05 0.06 0.07 0.08 0.09 0.1 0.11 0.12 0.13 0.14 0.15 0.16 0.17 0.18 0.19 0.2 0.21 0.22 0.23 0.8594 0.8594 0.8594 0.8594 0.8594 0.8594 0.8594 0.8594 0.8594 0.8594 0.8594 0.8594 0.8594 0.8594 0.8594 0.8594 0.8594 0.8594 0.8594 0.8594 0.376 0.3598 0.3367 0.3991 0.4014 0.369 0.406 0.4408 0.4038 0.413 0.4801 0.4431 0.4292 0.5032 0.4848 0.4593 0.5056 0.5194 0.4893 0.4893 0.3689 0.3366 0.3827 0.4127 0.3734 0.385 0.4496 0.4058 0.3897 0.4703 0.4403 0.415 0.4727 0.475 0.4496 0.475 0.498 0.4703 0.4727 0.5188
0.8594 1.0 0.0 0.05 0.06 0.07 0.08 0.09 0.1 0.11 0.12 0.13 0.14 0.15 0.16 0.17 0.18 0.19 0.2 0.21 0.22 0.23 0.24 0.8594 0.8594 0.8594 0.8594 0.8594 0.8594 0.8594 0.8594 0.8594 0.8594 0.8594 0.8594 0.8594 0.8594 0.8594 0.8594 0.8594 0.8594 0.8594 0.8594 0.3598 0.3367 0.3991 0.4014 0.369 0.406 0.4408 0.4038 0.413 0.4801 0.4431 0.4292 0.5032 0.4848 0.4593 0.5056 0.5194 0.4893 0.4893 0.5449 0.3366 0.3827 0.4127 0.3734 0.385 0.4496 0.4058 0.3897 0.4703 0.4403 0.415 0.4727 0.475 0.4496 0.475 0.498 0.4703 0.4727 0.5188 0.4958
0.8594 1.0 0.0 0.06 0.07 0.08 0.09 0.1 0.11 0.12 0.13 0.14 0.15 0.16 0.17 0.18 0.19 0.2 0.21 0.22 0.23 0.24 0.25 0.8594 0.8594 0.8594 0.8594 0.8594 0.8594 0.8594 0.8594 0.8594 0.8594 0.8594 0.8594 0.8594 0.8594 0.8594 0.8594 0.8594 0.8594 0.8594 0.8594 0.3367 0.3991 0.4014 0.369 0.406 0.4408 0.4038 0.413 0.4801 0.4431 0.4292 0.5032 0.4848 0.4593 0.5056 0.5194 0.4893 0.4893 0.5449 0.5287 0.3827 0.4127 0.3734 0.385 0.4496 0.4058 0.3897 0.4703 0.4403 0.415 0.4727 0.475 0.4496 0.475 0.498 0.4703 0.4727 0.5188 0.4958 0.4888
0.8594 1.0 0.0 0.07 0.08 0.09 0.1 0.11 0.12 0.13 0.14 0.15 0.16 0.17 0.18 0.19 0.2 0.21 0.22 0.23 0.24 0.25 0.26 0.8594 0.8594 0.8594 0.8594 0.8594 0.8594 0.8594 0.8594 0.8594 0.8594 0.8594 0.8594 0.8594 0.8594 0.8594 0.8594 0.8594 0.8594 0.8594 0.8594 0.3991 0.4014 0.369 0.406 0.4408 0.4038 0.413 0.4801 0.4431 0.4292 0.5032 0.4848 0.4593 0.5056 0.5194 0.4893 0.4893 0.5449 0.5287 0.5171 0.4127 0.3734 0.385 0.4496 0.4058 0.3897 0.4703 0.4403 0.415 0.4727 0.475 0.4496 0.475 0.498 0.4703 0.4727 0.5188 0.4958 0.4888 0.5096
0.8594 1.0 0.0 0.08 0.09 0.1 0.11 0.12 0.13 0.14 0.15 0.16 0.17 0.18 0.19 0.2 0.21 0.22 0.23 0.24 0.25 0.26 0.27 0.8594 0.8594 0.8594 0.8594 0.8594 0.8594 0.8594 0.8594 0.8594 0.8594 0.8594 0.8594 0.8594 0.8594 0.8594 0.8594 0.8594 0.8594 0.8594 0.8594 0.4014 0.369 0.406 0.4408 0.4038 0.413 0.4801 0.4431 0.4292 0.5032 0.4848 0.4593 0.5056 0.5194 0.4893 0.4893 0.5449 0.5287 0.5171 0.5611 0.3734 0.385 0.4496 0.4058 0.3897 0.4703 0.4403 0.415 0.4727 0.475 0.4496 0.475 0.498 0.4703 0.4727 0.5188 0.4958 0.4888 0.5096 0.5488
0.8594 1.0 0.0 0.09 0.1 0.11 0.12 0.13 0.14 0.15 0.16 0.17 0.18 0.19 0.2 0.21 0.22 0.23 0.24 0.25 0.26 0.27 0.28 0.8594 0.8594 0.8594 0.8594 0.8594 0.8594 0.8594 0.8594 0.8594 0.8594 0.8594 0.8594 0.8594 0.8594 0.8594 0.8594 0.8594 0.8594 0.8594 0.8594 0.369 0.406 0.4408 0.4038 0.413 0.4801 0.4431 0.4292 0.5032 0.4848 0.4593 0.5056 0.5194 0.4893 0.4893 0.5449 0.5287 0.5171 0.5611 0.5727 0.385 0.4496 0.4058 0.3897 0.4703 0.4403 0.415 0.4727 0.475 0.4496 0.475 0.498 0.4703 0.4727 0.5188 0.4958 0.4888 0.5096 0.5488 0.528
0.8594 1.0 0.0 0.1 0.11 0.12 0.13 0.14 0.15 0.16 0.17 0.18 0.19 0.2 0.21 0.22 0.23 0.24 0.25 0.26 0.27 0.28 0.29 0.8594 0.8594 0.8594 0.8594 0.8594 0.8594 0.8594 0.8594 0.8594 0.8594 0.8594 0.8594 0.8594 0.8594 0.8594 0.8594 0.8594 0.8594 0.8594 0.8594 0.406 0.4408 0.4038 0.413 0.4801 0.4431 0.4292 0.5032 0.4848 0.4593 0.5056 0.5194 0.4893 0.4893 0.5449 0.5287 0.5171 0.5611 0.5727 0.5496 0.4496 0.4058 0.3897 0.4703 0.4403 0.415 0.4727 0.475 0.4496 0.475 0.498 0.4703 0.4727 0.5188 0.4958 0.4888 0.5096 0.5488 0.528 0.5419
0.8594 1.0 0.0 0.11 0.12 0.13 0.14 0.15 0.16 0.17 0.18 0.19 0.2 0.21 0.22 0.23 0.24 0.25 0.26 0.27 0.28 0.29 0.3 0.8594 0.8594 0.8594 0.8594 0.8594 0.8594 0.8594 0.8594 0.8594 0.8594 0.8594 0.8594 0.8594 0.8594 0.8594 0.8594 0.8594 0.8594 0.8594 0.8594 0.4408 0.4038 0.413 0.4801 0.4431 0.4292 0.5032 0.4848 0.4593 0.5056 0.5194 0.4893 0.4893 0.5449 0.5287 0.5171 0.5611 0.5727 0.5496 0.5658 0.4058 0.3897 0.4703 0.4403 0.415 0.4727 0.475 0.4496 0.475 0.498 0.4703 0.4727 0.5188 0.4958 0.4888 0.5096 0.5488 0.528 0.5419 0.6088
0.8594 1.0 0.0 0.12 0.13 0.14 0.15 0.16 0.17 0.18 0.19 0.2 0.21 0.22 0.23 0.24 0.25 0.26 0.27 0.28 0.29 0.3 0.31 0.8594 0.8594 0.8594 0.8594 0.8594 0.8594 0.8594 0.8594 0.8594 0.8594 0.8594 0.8594 0.8594 0.8594 0.8594 0.8594 0.8594 0.8594 0.8594 0.8594 0.4038 0.413 0.4801 0.4431 0.4292 0.5032 0.4848 0.4593 0.5056 0.5194 0.4893 0.4893 0.5449 0.5287 0.5171 0.5611 0.5727 0.5496 0.5658 0.6236 0.3897 0.4703 0.4403 0.415 0.4727 0.475 0.4496 0.475 0.498 0.4703 0.4727 0.5188 0.4958 0.4888 0.5096 0.5488 0.528 0.5419 0.6088 0.5788
0.8594 1.0 0.0 0.13 0.14 0.15 0.16 0.17 0.18 0.19 0.2 0.21 0.22 0.23 0.24 0.25 0.26 0.27 0.28 0.29 0.3 0.31 0.32 0.8594 0.8594 0.8594 0.8594 0.8594 0.8594 0.8594 0.8594 0.8594 0.8594 0.8594 0.8594 0.8594 0.8594 0.8594 0.8594 0.8594 0.8594 0.8594 0.8594 0.413 0.4801 0.4431 0.4292 0.5032 0.4848 0.4593 0.5056 0.5194 0.4893 0.4893 0.5449 0.5287 0.5171 0.5611 0.5727 0.5496 0.5658 0.6236 0.5912 0.4703 0.4403 0.415 0.4727 0.475 0.4496 0.475 0.498 0.4703 0.4727 0.5188 0.4958 0.4888 0.5096 0.5488 0.528 0.5419 0.6088 0.5788 0.5742
0.8594 1.0 0.0 0.14 0.15 0.16 0.17 0.18 0.19 0.2 0.21 0.22 0.23 0.24 0.25 0.26 0.27 0.28 0.29 0.3 0.31 0.32 0.33 0.8594 0.8594 0.8594 0.8594 0.8594 0.8594 0.8594 0.8594 0.8594 0.8594 0.8594 0.8594 0.8594 0.8594 0.8594 0.8594 0.8594 0.8594 0.8594 0.8594 0.4801 0.4431 0.4292 0.5032 0.4848 0.4593 0.5056 0.5194 0.4893 0.4893 0.5449 0.5287 0.5171 0.5611 0.5727 0.5496 0.5658 0.6236 0.5912 0.5866 0.4403 0.415 0.4727 0.475 0.4496 0.475 0.498 0.4703 0.4727 0.5188 0.4958 0.4888 0.5096 0.5488 0.528 0.5419 0.6088 0.5788 0.5742 0.6249
0.8594 1.0 0.0 0.15 0.16 0.17 0.18 0.19 0.2 0.21 0.22 0.23 0.24 0.25 0.26 0.27 0.28 0.29 0.3 0.31 0.32 0.33 0.34 0.8594 0.8594 0.8594 0.8594 0.8594 0.8594 0.8594 0.8594 0.8594 0.8594 0.8594 0.8594 0.8594 0.8594 0.8594 0.8594 0.8594 0.8594 0.8594 0.8594 0.4431 0.4292 0.5032 0.4848 0.4593 0.5056 0.5194 0.4893 0.4893 0.5449 0.5287 0.5171 0.5611 0.5727 0.5496 0.5658 0.6236 0.5912 0.5866 0.6374 0.415 0.4727 0.475 0.4496 0.475 0.498 0.4703 0.4727 0.5188 0.4958 0.4888 0.5096 0.5488 0.528 0.5419 0.6088 0.5788 0.5742 0.6249 0.6203
0.8594 1.0 0.0 0.16 0.17 0.18 0.19 0.2 0.21 0.22 0.23 0.24 0.25 0.26 0.27 0.28 0.29 0.3 0.31 0.32 0.33 0.34 0.35 0.8594 0.8594 0.8594 0.8594 0.8594 0.8594 0.8594 0.8594 0.8594 0.8594 0.8594 0.8594 0.8594 0.8594 0.8594 0.8594 0.8594 0.8594 0.8594 0.8594 0.4292 0.5032 0.4848 0.4593 0.5056 0.5194 0.4893 0.4893 0.5449 0.5287 0.5171 0.5611 0.5727 0.5496 0.5658 0.6236 0.5912 0.5866 0.6374 0.612 0.4727 0.475 0.4496 0.475 0.498 0.4703 0.4727 0.5188 0.4958 0.4888 0.5096 0.5488 0.528 0.5419 0.6088 0.5788 0.5742 0.6249 0.6203 0.5972
0.8594 1.0 0.0 0.17 0.18 0.19 0.2 0.21 0.22 0.23 0.24 0.25 0.26 0.27 0.28 0.29 0.3 0.31 0.32 0.33 0.34 0.35 0.36 0.8594 0.8594 0.8594 0.8594 0.8594 0.8594 0.8594 0.8594 0.8594 0.8594 0.8594 0.8594 0.8594 0.8594 0.8594 0.8594 0.8594 0.8594 0.8594 0.8594 0.5032 0.4848 0.4593 0.5056 0.5194 0.4893 0.4893 0.5449 0.5287 0.5171 0.5611 0.5727 0.5496 0.5658 0.6236 0.5912 0.5866 0.6374 0.612 0.5981 0.475 0.4496 0.475 0.498 0.4703 0.4727 0.5188 0.4958 0.4888 0.5096 0.5488 0.528 0.5419 0.6088 0.5788 0.5742 0.6249 0.6203 0.5972 0.6341
0.8594 1.0 0.0 0.18 0.19 0.2 0.21 0.22 0.23 0.24 0.25 0.26 0.27 0.28 0.29 0.3 0.31 0.32 0.33 0.34 0.35 0.36 0.37 0.8594 0.8594 0.8594 0.8594 0.8594 0.8594 0.8594 0.8594 0.8594 0.8594 0.8594 0.8594 0.8594 0.8594 0.8594 0.8594 0.8594 0.8594 0.8594 0.8594 0.4848 0.4593 0.5056 0.5194 0.4893 0.4893 0.5449 0.5287 0.5171 0.5611 0.5727 0.5496 0.5658 0.6236 0.5912 0.5866 0.6374 0.612 0.5981 0.6306 0.4496 0.475 0.498 0.4703 0.4727 0.5188 0.4958 0.4888 0.5096 0.5488 0.528 0.5419 0.6088 0.5788 0.5742 0.6249 0.6203 0.5972 0.6341 0.6457
0.8594 1.0 0.0 0.19 0.2 0.21 0.22 0.23 0.24 0.25 0.26 0.27 0.28 0.29 0.3 0.31 0.32 0.33 0.34 0.35 0.36 0.37 0.38 0.8594 0.8594 0.8594 0.8594 0.8594 0.8594 0.8594 0.8594 0.8594 0.8594 0.8594 0.8594 0.8594 0.8594 0.8594 0.8594 0.8594 0.8594 0.8594 0.8594 0.4593 0.5056 0.5194 0.4893 0.4893 0.5449 0.5287 0.5171 0.5611 0.5727 0.5496 0.5658 0.6236 0.5912 0.5866 0.6374 0.612 0.5981 0.6306 0.612 0.475 0.498 0.4703 0.4727 0.5188 0.4958 0.4888 0.5096 0.5488 0.528 0.5419 0.6088 0.5788 0.5742 0.6249 0.6203 0.5972 0.6341 0.6457 0.6111
0.8594 1.0 0.0 0.2 0.21 0.22 0.23 0.24 0.25 0.26 0.27 0.28 0.29 0.3 0.31 0.32 0.33 0.34 0.35 0.36 0.37 0.38 0.39 0.8594 0.8594 0.8594 0.8594 0.8594 0.8594 0.8594 0.8594 0.8594 0.8594 0.8594 0.8594 0.8594 0.8594 0.8594 0.8594 0.8594 0.8594 0.8594 0.8594 0.5056 0.5194 0.4893 0.4893 0.5449 0.5287 0.5171 0.5611 0.5727 0.5496 0.5658 0.6236 0.5912 0.5866 0.6374 0.612 0.5981 0.6306 0.612 0.6004 0.498 0.4703 0.4727 0.5188 0.4958 0.4888 0.5096 0.5488 0.528 0.5419 0.6088 0.5788 0.5742 0.6249 0.6203 0.5972 0.6341 0.6457 0.6111 0.6503
0.8594 1.0 0.0 0.21 0.22 0.23 0.24 0.25 0.26 0.27 0.28 0.29 0.3 0.31 0.32 0.33 0.34 0.35 0.36 0.37 0.38 0.39 0.4 0.8594 0.8594 0.8594 0.8594 0.8594 0.8594 0.8594 0.8594 0.8594 0.8594 0.8594 0.8594 0.8594 0.8594 0.8594 0.8594 0.8594 0.8594 0.8594 0.8594 0.5194 0.4893 0.4893 0.5449 0.5287 0.5171 0.5611 0.5727 0.5496 0.5658 0.6236 0.5912 0.5866 0.6374 0.612 0.5981 0.6306 0.612 0.6004 0.6236 0.4703 0.4727 0.5188 0.4958 0.4888 0.5096 0.5488 0.528 0.5419 0.6088 0.5788 0.5742 0.6249 0.6203 0.5972 0.6341 0.6457 0.6111 0.6503 0.6526
0.8594 1.0 0.0 0.22 0.23 0.24 0.25 0.26 0.27 0.28 0.29 0.3 0.31 0.32 0.33 0.34 0.35 0.36 0.37 0.38 0.39 0.4 0.41 0.8594 0.8594 0.8594 0.8594 0.8594 0.8594 0.8594 0.8594 0.8594 0.8594 0.8594 0.8594 0.8594 0.8594 0.8594 0.8594 0.8594 0.8594 0.8594 0.8594 0.4893 0.4893 0.5449 0.5287 0.5171 0.5611 0.5727 0.5496 0.5658 0.6236 0.5912 0.5866 0.6374 0.612 0.5981 0.6306 0.612 0.6004 0.6236 0.6167 0.4727 0.5188 0.4958 0.4888 0.5096 0.5488 0.528 0.5419 0.6088 0.5788 0.5742 0.6249 0.6203 0.5972 0.6341 0.6457 0.6111 0.6503 0.6526 0.6133
0.8594 1.0 0.0 0.23 0.24 0.25 0.26 0.27 0.28 0.29 0.3 0.31 0.32 0.33 0.34 0.35 0.36 0.37 0.38 0.39 0.4 0.41 0.42 0.8594 0.8594 0.8594 0.8594 0.8594 0.8594 0.8594 0.8594 0.8594 0.8594 0.8594 0.8594 0.8594 0.8594 0.8594 0.8594 0.8594 0.8594 0.8594 0.8594 0.4893 0.5449 0.5287 0.5171 0.5611 0.5727 0.5496 0.5658 0.6236 0.5912 0.5866 0.6374 0.612 0.5981 0.6306 0.612 0.6004 0.6236 0.6167 0.6051 0.5188 0.4958 0.4888 0.5096 0.5488 0.528 0.5419 0.6088 0.5788 0.5742 0.6249 0.6203 0.5972 0.6341 0.6457 0.6111 0.6503 0.6526 0.6133 0.648
0.8594 1.0 0.0 0.24 0.25 0.26 0.27 0.28 0.29 0.3 0.31 0.32 0.33 0.34 0.35 0.36 0.37 0.38 0.39 0.4 0.41 0.42 0.43 0.8594 0.8594 0.8594 0.8594 0.8594 0.8594 0.8594 0.8594 0.8594 0.8594 0.8594 0.8594 0.8594 0.8594 0.8594 0.8594 0.8594 0.8594 0.8594 0.8594 0.5449 0.5287 0.5171 0.5611 0.5727 0.5496 0.5658 0.6236 0.5912 0.5866 0.6374 0.612 0.5981 0.6306 0.612 0.6004 0.6236 0.6167 0.6051 0.6398 0.4958 0.4888 0.5096 0.5488 0.528 0.5419 0.6088 0.5788 0.5742 0.6249 0.6203 0.5972 0.6341 0.6457 0.6111 0.6503 0.6526 0.6133 0.648 0.6411
0.8594 1.0 0.0 0.25 0.26 0.27 0.28 0.29 0.3 0.31 0.32 0.33 0.34 0.35 0.36 0.37 0.38 0.39 0.4 0.41 0.42 0.43 0.44 0.8594 0.8594 0.8594 0.8594 0.8594 0.8594 0.8594 0.8594 0.8594 0.8594 0.8594 0.8594 0.8594 0.8594 0.8594 0.8594 0.8594 0.8594 0.8594 0.8594 0.5287 0.5171 0.5611 0.5727 0.5496 0.5658 0.6236 0.5912 0.5866 0.6374 0.612 0.5981 0.6306 0.612 0.6004 0.6236 0.6167 0.6051 0.6398 0.6259 0.4888 0.5096 0.5488 0.528 0.5419 0.6088 0.5788 0.5742 0.6249 0.6203 0.5972 0.6341 0.6457 0.6111 0.6503 0.6526 0.6133 0.648 0.6411 0.6088
0.8594 1.0 0.0 0.26 0.27 0.28 0.29 0.3 0.31 0.32 0.33 0.34 0.35 0.36 0.37 0.38 0.39 0.4 0.41 0.42 0.43 0.44 0.45 0.8594 0.8594 0.8594 0.8594 0.8594 0.8594 0.8594 0.8594 0.8594 0.8594 0.8594 0.8594 0.8594 0.8594 0.8594 0.8594 0.8594 0.8594 0.8594 0.8594 0.5171 0.5611 0.5727 0.5496 0.5658 0.6236 0.5912 0.5866 0.6374 0.612 0.5981 0.6306 0.612 0.6004 0.6236 0.6167 0.6051 0.6398 0.6259 0.6098 0.5096 0.5488 0.528 0.5419 0.6088 0.5788 0.5742 0.6249 0.6203 0.5972 0.6341 0.6457 0.6111 0.6503 0.6526 0.6133 0.648 0.6411 0.6088 0.6457
0.8594 1.0 0.0 0.27 0.28 0.29 0.3 0.31 0.32 0.33 0.34 0.35 0.36 0.37 0.38 0.39 0.4 0.41 0.42 0.43 0.44 0.45 0.46 0.8594 0.8594 0.8594 0.8594 0.8594 0.8594 0.8594 0.8594 0.8594 0.8594 0.8594 0.8594 0.8594 0.8594 0.8594 0.8594 0.8594 0.8594 0.8594 0.8594 0.5611 0.5727 0.5496 0.5658 0.6236 0.5912 0.5866 0.6374 0.612 0.5981 0.6306 0.612 0.6004 0.6236 0.6167 0.6051 0.6398 0.6259 0.6098 0.6513 0.5488 0.528 0.5419 0.6088 0.5788 0.5742 0.6249 0.6203 0.5972 0.6341 0.6457 0.6111 0.6503 0.6526 0.6133 0.648 0.6411 0.6088 0.6457 0.6596
0.8594 1.0 0.0 0.28 0.29 0.3 0.31 0.32 0.33 0.34 0.35 0.36 0.37 0.38 0.39 0.4 0.41 0.42 0.43 0.44 0.45 0.46 0.47 0.8594 0.8594 0.8594 0.8594 0.8594 0.8594 0.8594 0.8594 0.8594 0.8594 0.8594 0.8594 0.8594 0.8594 0.8594 0.8594 0.8594 0.8594 0.8594 0.8594 0.5727 0.5496 0.5658 0.6236 0.5912 0.5866 0.6374 0.612 0.5981 0.6306 0.612 0.6004 0.6236 0.6167 0.6051 0.6398 0.6259 0.6098 0.6513 0.6329 0.528 0.5419 0.6088 0.5788 0.5742 0.6249 0.6203 0.5972 0.6341 0.6457 0.6111 0.6503 0.6526 0.6133 0.648 0.6411 0.6088 0.6457 0.6596 0.6203
0.8594 1.0 0.0 0.29 0.3 0.31 0.32 0.33 0.34 0.35 0.36 0.37 0.38 0.39 0.4 0.41 0.42 0.43 0.44 0.45 0.46 0.47 0.48 0.8594 0.8594 0.8594 0.8594 0.8594 0.8594 0.8594 0.8594 0.8594 0.8594 0.8594 0.8594 0.8594 0.8594 0.8594 0.8594 0.8594 0.8594 0.8594 0.8594 0.5496 0.5658 0.6236 0.5912 0.5866 0.6374 0.612 0.5981 0.6306 0.612 0.6004 0.6236 0.6167 0.6051 0.6398 0.6259 0.6098 0.6513 0.6329 0.612 0.5419 0.6088 0.5788 0.5742 0.6249 0.6203 0.5972 0.6341 0.6457 0.6111 0.6503 0.6526 0.6133 0.648 0.6411 0.6088 0.6457 0.6596 0.6203 0.6688
0.8594 1.0 0.0 0.3 0.31 0.32 0.33 0.34 0.35 0.36 0.37 0.38 0.39 0.4 0.41 0.42 0.43 0.44 0.45 0.46 0.47 0.48 0.49 0.8594 0.8594 0.8594 0.8594 0.8594 0.8594 0.8594 0.8594 0.8594 0.8594 0.8594 0.8594 0.8594 0.8594 0.8594 0.8594 0.8594 0.8594 0.8594 0.8594 0.5658 0.6236 0.5912 0.5866 0.6374 0.612 0.5981 0.6306 0.612 0.6004 0.6236 0.6167 0.6051 0.6398 0.6259 0.6098 0.6513 0.6329 0.612 0.663 0.6088 0.5788 0.5742 0.6249 0.6203 0.5972 0.6341 0.6457 0.6111 0.6503 0.6526 0.6133 0.648 0.6411 0.6088 0.6457 0.6596 0.6203 0.6688 0.6757
0.8594 1.0 0.0 0.31 0.32 0.33 0.34 0.35 0.36 0.37 0.38 0.39 0.4 0.41 0.42 0.43 0.44 0.45 0.46 0.47 0.48 0.49 0.5 0.8594 0.8594 0.8594 0.8594 0.8594 0.8594 0.8594 0.8594 0.8594 0.8594 0.8594 0.8594 0.8594 0.8594 0.8594 0.8594 0.8594 0.8594 0.8594 0.8594 0.6236 0.5912 0.5866 0.6374 0.612 0.5981 0.6306 0.612 0.6004 0.6236 0.6167 0.6051 0.6398 0.6259 0.6098 0.6513 0.6329 0.612 0.663 0.656 0.5788 0.5742 0.6249 0.6203 0.5972 0.6341 0.6457 0.6111 0.6503 0.6526 0.6133 0.648 0.6411 0.6088 0.6457 0.6596 0.6203 0.6688 0.6757 0.6319
0.8594 1.0 0.0 0.32 0.33 0.34 0.35 0.36 0.37 0.38 0.39 0.4 0.41 0.42 0.43 0.44 0.45 0.46 0.47 0.48 0.49 0.5 0.51 0.8594 0.8594 0.8594 0.8594 0.8594 0.8594 0.8594 0.8594 0.8594 0.8594 0.8594 0.8594 0.8594 0.8594 0.8594 0.8594 0.8594 0.8594 0.8594 0.8594 0.5912 0.5866 0.6374 0.612 0.5981 0.6306 0.612 0.6004 0.6236 0.6167 0.6051 0.6398 0.6259 0.6098 0.6513 0.6329 0.612 0.663 0.656 0.6282 0.5742 0.6249 0.6203 0.5972 0.6341 0.6457 0.6111 0.6503 0.6526 0.6133 0.648 0.6411 0.6088 0.6457 0.6596 0.6203 0.6688 0.6757 0.6319 0.6688
0.8594 1.0 0.0 0.33 0.34 0.35 0.36 0.37 0.38 0.39 0.4 0.41 0.42 0.43 0.44 0.45 0.46 0.47 0.48 0.49 0.5 0.51 0.52 0.8594 0.8594 0.8594 0.8594 0.8594 0.8594 0.8594 0.8594 0.8594 0.8594 0.8594 0.8594 0.8594 0.8594 0.8594 0.8594 0.8594 0.8594 0.8594 0.8594 0.5866 0.6374 0.612 0.5981 0.6306 0.612 0.6004 0.6236 0.6167 0.6051 0.6398 0.6259 0.6098 0.6513 0.6329 0.612 0.663 0.656 0.6282 0.6791 0.6249 0.6203 0.5972 0.6341 0.6457 0.6111 0.6503 0.6526 0.6133 0.648 0.6411 0.6088 0.6457 0.6596 0.6203 0.6688 0.6757 0.6319 0.6688 0.6988
0.8594 1.0 0.0 0.34 0.35 0.36 0.37 0.38 0.39 0.4 0.41 0.42 0.43 0.44 0.45 0.46 0.47 0.48 0.49 0.5 0.51 0.52 0.53 0.8594 0.8594 0.8594 0.8594 0.8594 0.8594 0.8594 0.8594 0.8594 0.8594 0.8594 0.8594 0.8594 0.8594 0.8594 0.8594 0.8594 0.8594 0.8594 0.8594 0.6374 0.612 0.5981 0.6306 0.612 0.6004 0.6236 0.6167 0.6051 0.6398 0.6259 0.6098 0.6513 0.6329 0.612 0.663 0.656 0.6282 0.6791 0.6769 0.6203 0.5972 0.6341 0.6457 0.6111 0.6503 0.6526 0.6133 0.648 0.6411 0.6088 0.6457 0.6596 0.6203 0.6688 0.6757 0.6319 0.6688 0.6988 0.6503
0.8594 1.0 0.0 0.35 0.36 0.37 0.38 0.39 0.4 0.41 0.42 0.43 0.44 0.45 0.46 0.47 0.48 0.49 0.5 0.51 0.52 0.53 0.54 0.8594 0.8594 0.8594 0.8594 0.8594 0.8594 0.8594 0.8594 0.8594 0.8594 0.8594 0.8594 0.8594 0.8594 0.8594 0.8594 0.8594 0.8594 0.8594 0.8594 0.612 0.5981 0.6306 0.612 0.6004 0.6236 0.6167 0.6051 0.6398 0.6259 0.6098 0.6513 0.6329 0.612 0.663 0.656 0.6282 0.6791 0.6769 0.6444 0.5972 0.6341 0.6457 0.6111 0.6503 0.6526 0.6133 0.648 0.6411 0.6088 0.6457 0.6596 0.6203 0.6688 0.6757 0.6319 0.6688 0.6988 0.6503 0.6664
0.8594 1.0 0.0 0.36 0.37 0.38 0.39 0.4 0.41 0.42 0.43 0.44 0.45 0.46 0.47 0.48 0.49 0.5 0.51 0.52 0.53 0.54 0.55 0.8594 0.8594 0.8594 0.8594 0.8594 0.8594 0.8594 0.8594 0.8594 0.8594 0.8594 0.8594 0.8594 0.8594 0.8594 0.8594 0.8594 0.8594 0.8594 0.8594 0.5981 0.6306 0.612 0.6004 0.6236 0.6167 0.6051 0.6398 0.6259 0.6098 0.6513 0.6329 0.612 0.663 0.656 0.6282 0.6791 0.6769 0.6444 0.6838 0.6341 0.6457 0.6111 0.6503 0.6526 0.6133 0.648 0.6411 0.6088 0.6457 0.6596 0.6203 0.6688 0.6757 0.6319 0.6688 0.6988 0.6503 0.6664 0.7126
0.8594 1.0 0.0 0.37 0.38 0.39 0.4 0.41 0.42 0.43 0.44 0.45 0.46 0.47 0.48 0.49 0.5 0.51 0.52 0.53 0.54 0.55 0.56 0.8594 0.8594 0.8594 0.8594 0.8594 0.8594 0.8594 0.8594 0.8594 0.8594 0.8594 0.8594 0.8594 0.8594 0.8594 0.8594 0.8594 0.8594 0.8594 0.8594 0.6306 0.612 0.6004 0.6236 0.6167 0.6051 0.6398 0.6259 0.6098 0.6513 0.6329 0.612 0.663 0.656 0.6282 0.6791 0.6769 0.6444 0.6838 0.693 0.6457 0.6111 0.6503 0.6526 0.6133 0.648 0.6411 0.6088 0.6457 0.6596 0.6203 0.6688 0.6757 0.6319 0.6688 0.6988 0.6503 0.6664 0.7126 0.6596
0.8594 1.0 0.0 0.38 0.39 0.4 0.41 0.42 0.43 0.44 0.45 0.46 0.47 0.48 0.49 0.5 0.51 0.52 0.53 0.54 0.55 0.56 0.57 0.8594 0.8594 0.8594 0.8594 0.8594 0.8594 0.8594 0.8594 0.8594 0.8594 0.8594 0.8594 0.8594 0.8594 0.8594 0.8594 0.8594 0.8594 0.8594 0.8594 0.612 0.6004 0.6236 0.6167 0.6051 0.6398 0.6259 0.6098 0.6513 0.6329 0.612 0.663 0.656 0.6282 0.6791 0.6769 0.6444 0.6838 0.693 0.6513 0.6111 0.6503 0.6526 0.6133 0.648 0.6411 0.6088 0.6457 0.6596 0.6203 0.6688 0.6757 0.6319 0.6688 0.6988 0.6503 0.6664 0.7126 0.6596 0.6549
0.8594 1.0 0.0 0.39 0.4 0.41 0.42 0.43 0.44 0.45 0.46 0.47 0.48 0.49 0.5 0.51 0.52 0.53 0.54 0.55 0.56 0.57 0.58 0.8594 0.8594 0.8594 0.8594 0.8594 0.8594 0.8594 0.8594 0.8594 0.8594 0.8594 0.8594 0.8594 0.8594 0.8594 0.8594 0.8594 0.8594 0.8594 0.8594 0.6004 0.6236 0.6167 0.6051 0.6398 0.6259 0.6098 0.6513 0.6329 0.612 0.663 0.656 0.6282 0.6791 0.6769 0.6444 0.6838 0.693 0.6513 0.6722 0.6503 0.6526 0.6133 0.648 0.6411 0.6088 0.6457 0.6596 0.6203 0.6688 0.6757 0.6319 0.6688 0.6988 0.6503 0.6664 0.7126 0.6596 0.6549 0.7126
0.8594 1.0 0.0 0.4 0.41 0.42 0.43 0.44 0.45 0.46 0.47 0.48 0.49 0.5 0.51 0.52 0.53 0.54 0.55 0.56 0.57 0.58 0.59 0.8594 0.8594 0.8594 0.8594 0.8594 0.8594 0.8594 0.8594 0.8594 0.8594 0.8594 0.8594 0.8594 0.8594 0.8594 0.8594 0.8594 0.8594 0.8594 0.8594 0.6236 0.6167 0.6051 0.6398 0.6259 0.6098 0.6513 0.6329 0.612 0.663 0.656 0.6282 0.6791 0.6769 0.6444 0.6838 0.693 0.6513 0.6722 0.7 0.6526 0.6133 0.648 0.6411 0.6088 0.6457 0.6596 0.6203 0.6688 0.6757 0.6319 0.6688 0.6988 0.6503 0.6664 0.7126 0.6596 0.6549 0.7126 0.6572
0.8594 1.0 0.0 0.41 0.42 0.43 0.44 0.45 0.46 0.47 0.48 0.49 0.5 0.51 0.52 0.53 0.54 0.55 0.56 0.57 0.58 0.59 0.6 0.8594 0.8594 0.8594 0.8594 0.8594 0.8594 0.8594 0.8594 0.8594 0.8594 0.8594 0.8594 0.8594 0.8594 0.8594 0.8594 0.8594 0.8594 0.8594 0.8594 0.6167 0.6051 0.6398 0.6259 0.6098 0.6513 0.6329 0.612 0.663 0.656 0.6282 0.6791 0.6769 0.6444 0.6838 0.693 0.6513 0.6722 0.7 0.6537 0.6133 0.648 0.6411 0.6088 0.6457 0.6596 0.6203 0.6688 0.6757 0.6319 0.6688 0.6988 0.6503 0.6664 0.7126 0.6596 0.6549 0.7126 0.6572 0.6319
0.8594 1.0 0.0 0.42 0.43 0.44 0.45 0.46 0.47 0.48 0.49 0.5 0.51 0.52 0.53 0.54 0.55 0.56 0.57 0.58 0.59 0.6 0.61 0.8594 0.8594 0.8594 0.8594 0.8594 0.8594 0.8594 0.8594 0.8594 0.8594 0.8594 0.8594 0.8594 0.8594 0.8594 0.8594 0.8594 0.8594 0.8594 0.8594 0.6051 0.6398 0.6259 0.6098 0.6513 0.6329 0.612 0.663 0.656 0.6282 0.6791 0.6769 0.6444 0.6838 0.693 0.6513 0.6722 0.7 0.6537 0.6513 0.648 0.6411 0.6088 0.6457 0.6596 0.6203 0.6688 0.6757 0.6319 0.6688 0.6988 0.6503 0.6664 0.7126 0.6596 0.6549 0.7126 0.6572 0.6319 0.701
0.8594 1.0 0.0 0.43 0.44 0.45 0.46 0.47 0.48 0.49 0.5 0.51 0.52 0.53 0.54 0.55 0.56 0.57 0.58 0.59 0.6 0.61 0.62 0.8594 0.8594 0.8594 0.8594 0.8594 0.8594 0.8594 0.8594 0.8594 0.8594 0.8594 0.8594 0.8594 0.8594 0.8594 0.8594 0.8594 0.8594 0.8594 0.8594 0.6398 0.6259 0.6098 0.6513 0.6329 0.612 0.663 0.656 0.6282 0.6791 0.6769 0.6444 0.6838 0.693 0.6513 0.6722 0.7 0.6537 0.6513 0.7 0.6411 0.6088 0.6457 0.6596 0.6203 0.6688 0.6757 0.6319 0.6688 0.6988 0.6503 0.6664 0.7126 0.6596 0.6549 0.7126 0.6572 0.6319 0.701 0.6526
0.8594 1.0 0.0 0.44 0.45 0.46 0.47 0.48 0.49 0.5 0.51 0.52 0.53 0.54 0.55 0.56 0.57 0.58 0.59 0.6 0.61 0.62 0.63 0.8594 0.8594 0.8594 0.8594 0.8594 0.8594 0.8594 0.8594 0.8594 0.8594 0.8594 0.8594 0.8594 0.8594 0.8594 0.8594 0.8594 0.8594 0.8594 0.8594 0.6259 0.6098 0.6513 0.6329 0.612 0.663 0.656 0.6282 0.6791 0.6769 0.6444 0.6838 0.693 0.6513 0.6722 0.7 0.6537 0.6513 0.7 0.6513 0.6088 0.6457 0.6596 0.6203 0.6688 0.6757 0.6319 0.6688 0.6988 0.6503 0.6664 0.7126 0.6596 0.6549 0.7126 0.6572 0.6319 0.701 0.6526 0.6157
0.8594 1.0 0.0 0.45 0.46 0.47 0.48 0.49 0.5 0.51 0.52 0.53 0.54 0.55 0.56 0.57 0.58 0.59 0.6 0.61 0.62 0.63 0.64 0.8594 0.8594 0.8594 0.8594 0.8594 0.8594 0.8594 0.8594 0.8594 0.8594 0.8594 0.8594 0.8594 0.8594 0.8594 0.8594 0.8594 0.8594 0.8594 0.8594 0.6098 0.6513 0.6329 0.612 0.663 0.656 0.6282 0.6791 0.6769 0.6444 0.6838 0.693 0.6513 0.6722 0.7 0.6537 0.6513 0.7 0.6513 0.6329 0.6457 0.6596 0.6203 0.6688 0.6757 0.6319 0.6688 0.6988 0.6503 0.6664 0.7126 0.6596 0.6549 0.7126 0.6572 0.6319 0.701 0.6526 0.6157 0.6757
0.8594 1.0 0.0 0.46 0.47 0.48 0.49 0.5 0.51 0.52 0.53 0.54 0.55 0.56 0.57 0.58 0.59 0.6 0.61 0.62 0.63 0.64 0.65 0.8594 0.8594 0.8594 0.8594 0.8594 0.8594 0.8594 0.8594 0.8594 0.8594 0.8594 0.8594 0.8594 0.8594 0.8594 0.8594 0.8594 0.8594 0.8594 0.8594 0.6513 0.6329 0.612 0.663 0.656 0.6282 0.6791 0.6769 0.6444 0.6838 0.693 0.6513 0.6722 0.7 0.6537 0.6513 0.7 0.6513 0.6329 0.6908 0.6596 0.6203 0.6688 0.6757 0.6319 0.6688 0.6988 0.6503 0.6664 0.7126 0.6596 0.6549 0.7126 0.6572 0.6319 0.701 0.6526 0.6157 0.6757 0.6503
0.8594 1.0 0.0 0.47 0.48 0.49 0.5 0.51 0.52 0.53 0.54 0.55 0.56 0.57 0.58 0.59 0.6 0.61 0.62 0.63 0.64 0.65 0.66 0.8594 0.8594 0.8594 0.8594 0.8594 0.8594 0.8594 0.8594 0.8594 0.8594 0.8594 0.8594 0.8594 0.8594 0.8594 0.8594 0.8594 0.8594 0.8594 0.8594 0.6329 0.612 0.663 0.656 0.6282 0.6791 0.6769 0.6444 0.6838 0.693 0.6513 0.6722 0.7 0.6537 0.6513 0.7 0.6513 0.6329 0.6908 0.6583 0.6203 0.6688 0.6757 0.6319 0.6688 0.6988 0.6503 0.6664 0.7126 0.6596 0.6549 0.7126 0.6572 0.6319 0.701 0.6526 0.6157 0.6757 0.6503 0.6133
0.8594 1.0 0.0 0.48 0.49 0.5 0.51 0.52 0.53 0.54 0.55 0.56 0.57 0.58 0.59 0.6 0.61 0.62 0.63 0.64 0.65 0.66 0.67 0.8594 0.8594 0.8594 0.8594 0.8594 0.8594 0.8594 0.8594 0.8594 0.8594 0.8594 0.8594 0.8594 0.8594 0.8594 0.8594 0.8594 0.8594 0.8594 0.8594 0.612 0.663 0.656 0.6282 0.6791 0.6769 0.6444 0.6838 0.693 0.6513 0.6722 0.7 0.6537 0.6513 0.7 0.6513 0.6329 0.6908 0.6583 0.6259 0.6688 0.6757 0.6319 0.6688 0.6988 0.6503 0.6664 0.7126 0.6596 0.6549 0.7126 0.6572 0.6319 0.701 0.6526 0.6157 0.6757 0.6503 0.6133 0.6388
0.8594 1.0 0.0 0.49 0.5 0.51 0.52 0.53 0.54 0.55 0.56 0.57 0.58 0.59 0.6 0.61 0.62 0.63 0.64 0.65 0.66 0.67 0.68 0.8594 0.8594 0.8594 0.8594 0.8594 0.8594 0.8594 0.8594 0.8594 0.8594 0.8594 0.8594 0.8594 0.8594 0.8594 0.8594 0.8594 0.8594 0.8594 0.8594 0.663 0.656 0.6282 0.6791 0.6769 0.6444 0.6838 0.693 0.6513 0.6722 0.7 0.6537 0.6513 0.7 0.6513 0.6329 0.6908 0.6583 0.6259 0.6098 0.6757 0.6319 0.6688 0.6988 0.6503 0.6664 0.7126 0.6596 0.6549 0.7126 0.6572 0.6319 0.701 0.6526 0.6157 0.6757 0.6503 0.6133 0.6388 0.6249
0.8594 1.0 0.0 0.5 0.51 0.52 0.53 0.54 0.55 0.56 0.57 0.58 0.59 0.6 0.61 0.62 0.63 0.64 0.65 0.66 0.67 0.68 0.69 0.8594 0.8594 0.8594 0.8594 0.8594 0.8594 0.8594 0.8594 0.8594 0.8594 0.8594 0.8594 0.8594 0.8594 0.8594 0.8594 0.8594 0.8594 0.8594 0.8594 0.656 0.6282 0.6791 0.6769 0.6444 0.6838 0.693 0.6513 0.6722 0.7 0.6537 0.6513 0.7 0.6513 0.6329 0.6908 0.6583 0.6259 0.6098 0.5936 0.6319 0.6688 0.6988 0.6503 0.6664 0.7126 0.6596 0.6549 0.7126 0.6572 0.6319 0.701 0.6526 0.6157 0.6757 0.6503 0.6133 0.6388 0.6249 0.5927
0.8594 1.0 0.0 0.51 0.52 0.53 0.54 0.55 0.56 0.57 0.58 0.59 0.6 0.61 0.62 0.63 0.64 0.65 0.66 0.67 0.68 0.69 0.7 0.8594 0.8594 0.8594 0.8594 0.8594 0.8594 0.8594 0.8594 0.8594 0.8594 0.8594 0.8594 0.8594 0.8594 0.8594 0.8594 0.8594 0.8594 0.8594 0.8594 0.6282 0.6791 0.6769 0.6444 0.6838 0.693 0.6513 0.6722 0.7 0.6537 0.6513 0.7 0.6513 0.6329 0.6908 0.6583 0.6259 0.6098 0.5936 0.5703 0.6688 0.6988 0.6503 0.6664 0.7126 0.6596 0.6549 0.7126 0.6572 0.6319 0.701 0.6526 0.6157 0.6757 0.6503 0.6133 0.6388 0.6249 0.5927 0.5649
0.8594 1.0 0.0 0.52 0.53 0.54 0.55 0.56 0.57 0.58 0.59 0.6 0.61 0.62 0.63 0.64 0.65 0.66 0.67 0.68 0.69 0.7 0.71 0.8594 0.8594 0.8594 0.8594 0.8594 0.8594 0.8594 0.8594 0.8594 0.8594 0.8594 0.8594 0.8594 0.8594 0.8594 0.8594 0.8594 0.8594 0.8594 0.8594 0.6791 0.6769 0.6444 0.6838 0.693 0.6513 0.6722 0.7 0.6537 0.6513 0.7 0.6513 0.6329 0.6908 0.6583 0.6259 0.6098 0.5936 0.5703 0.5472 0.6988 0.6503 0.6664 0.7126 0.6596 0.6549 0.7126 0.6572 0.6319 0.701 0.6526 0.6157 0.6757 0.6503 0.6133 0.6388 0.6249 0.5927 0.5649 0.5442
0.8594 1.0 0.0 0.53 0.54 0.55 0.56 0.57 0.58 0.59 0.6 0.61 0.62 0.63 0.64 0.65 0.66 0.67 0.68 0.69 0.7 0.71 0.72 0.8594 0.8594 0.8594 0.8594 0.8594 0.8594 0.8594 0.8594 0.8594 0.8594 0.8594 0.8594 0.8594 0.8594 0.8594 0.8594 0.8594 0.8594 0.8594 0.8594 0.6769 0.6444 0.6838 0.693 0.6513 0.6722 0.7 0.6537 0.6513 0.7 0.6513 0.6329 0.6908 0.6583 0.6259 0.6098 0.5936 0.5703 0.5472 0.5333 0.6503 0.6664 0.7126 0.6596 0.6549 0.7126 0.6572 0.6319 0.701 0.6526 0.6157 0.6757 0.6503 0.6133 0.6388 0.6249 0.5927 0.5649 0.5442 0.5303
0.8594 1.0 0.0 0.54 0.55 0.56 0.57 0.58 0.59 0.6 0.61 0.62 0.63 0.64 0.65 0.66 0.67 0.68 0.69 0.7 0.71 0.72 0.73 0.8594 0.8594 0.8594 0.8594 0.8594 0.8594 0.8594 0.8594 0.8594 0.8594 0.8594 0.8594 0.8594 0.8594 0.8594 0.8594 0.8594 0.8594 0.8594 0.8594 0.6444 0.6838 0.693 0.6513 0.6722 0.7 0.6537 0.6513 0.7 0.6513 0.6329 0.6908 0.6583 0.6259 0.6098 0.5936 0.5703 0.5472 0.5333 0.5194 0.6664 0.7126 0.6596 0.6549 0.7126 0.6572 0.6319 0.701 0.6526 0.6157 0.6757 0.6503 0.6133 0.6388 0.6249 0.5927 0.5649 0.5442 0.5303 0.505
0.8594 1.0 0.0 0.55 0.56 0.57 0.58 0.59 0.6 0.61 0.62 0.63 0.64 0.65 0.66 0.67 0.68 0.69 0.7 0.71 0.72 0.73 0.74 0.8594 0.8594 0.8594 0.8594 0.8594 0.8594 0.8594 0.8594 0.8594 0.8594 0.8594 0.8594 0.8594 0.8594 0.8594 0.8594 0.8594 0.8594 0.8594 0.8594 0.6838 0.693 0.6513 0.6722 0.7 0.6537 0.6513 0.7 0.6513 0.6329 0.6908 0.6583 0.6259 0.6098 0.5936 0.5703 0.5472 0.5333 0.5194 0.4963 0.7126 0.6596 0.6549 0.7126 0.6572 0.6319 0.701 0.6526 0.6157 0.6757 0.6503 0.6133 0.6388 0.6249 0.5927 0.5649 0.5442 0.5303 0.505 0.4911
0.8594 1.0 0.0 0.56 0.57 0.58 0.59 0.6 0.61 0.62 0.63 0.64 0.65 0.66 0.67 0.68 0.69 0.7 0.71 0.72 0.73 0.74 0.75 0.8594 0.8594 0.8594 0.8594 0.8594 0.8594 0.8594 0.8594 0.8594 0.8594 0.8594 0.8594 0.8594 0.8594 0.8594 0.8594 0.8594 0.8594 0.8594 0.8594 0.693 0.6513 0.6722 0.7 0.6537 0.6513 0.7 0.6513 0.6329 0.6908 0.6583 0.6259 0.6098 0.5936 0.5703 0.5472 0.5333 0.5194 0.4963 0.4848 0.6596 0.6549 0.7126 0.6572 0.6319 0.701 0.6526 0.6157 0.6757 0.6503 0.6133 0.6388 0.6249 0.5927 0.5649 0.5442 0.5303 0.505 0.4911 0.4796
0.8594 1.0 0.0 0.57 0.58 0.59 0.6 0.61 0.62 0.63 0.64 0.65 0.66 0.67 0.68 0.69 0.7 0.71 0.72 0.73 0.74 0.75 0.76 0.8594 0.8594 0.8594 0.8594 0.8594 0.8594 0.8594 0.8594 0.8594 0.8594 0.8594 0.8594 0.8594 0.8594 0.8594 0.8594 0.8594 0.8594 0.8594 0.8594 0.6513 0.6722 0.7 0.6537 0.6513 0.7 0.6513 0.6329 0.6908 0.6583 0.6259 0.6098 0.5936 0.5703 0.5472 0.5333 0.5194 0.4963 0.4848 0.4732 0.6549 0.7126 0.6572 0.6319 0.701 0.6526 0.6157 0.6757 0.6503 0.6133 0.6388 0.6249 0.5927 0.5649 0.5442 0.5303 0.505 0.4911 0.4796 0.4611
0.8594 1.0 0.0 0.58 0.59 0.6 0.61 0.62 0.63 0.64 0.65 0.66 0.67 0.68 0.69 0.7 0.71 0.72 0.73 0.74 0.75 0.76 0.77 0.8594 0.8594 0.8594 0.8594 0.8594 0.8594 0.8594 0.8594 0.8594 0.8594 0.8594 0.8594 0.8594 0.8594 0.8594 0.8594 0.8594 0.8594 0.8594 0.8594 0.6722 0.7 0.6537 0.6513 0.7 0.6513 0.6329 0.6908 0.6583 0.6259 0.6098 0.5936 0.5703 0.5472 0.5333 0.5194 0.4963 0.4848 0.4732 0.45 0.7126 0.6572 0.6319 0.701 0.6526 0.6157 0.6757 0.6503 0.6133 0.6388 0.6249 0.5927 0.5649 0.5442 0.5303 0.505 0.4911 0.4796 0.4611 0.4427
0.8594 1.0 0.0 0.59 0.6 0.61 0.62 0.63 0.64 0.65 0.66 0.67 0.68 0.69 0.7 0.71 0.72 0.73 0.74 0.75 0.76 0.77 0.78 0.8594 0.8594 0.8594 0.8594 0.8594 0.8594 0.8594 0.8594 0.8594 0.8594 0.8594 0.8594 0.8594 0.8594 0.8594 0.8594 0.8594 0.8594 0.8594 0.8594 0.7 0.6537 0.6513 0.7 0.6513 0.6329 0.6908 0.6583 0.6259 0.6098 0.5936 0.5703 0.5472 0.5333 0.5194 0.4963 0.4848 0.4732 0.45 0.4384 0.6572 0.6319 0.701 0.6526 0.6157 0.6757 0.6503 0.6133 0.6388 0.6249 0.5927 0.5649 0.5442 0.5303 0.505 0.4911 0.4796 0.4611 0.4427 0.4403
0.8594 1.0 0.0 0.6 0.61 0.62 0.63 0.64 0.65 0.66 0.67 0.68 0.69 0.7 0.71 0.72 0.73 0.74 0.75 0.76 0.77 0.78 0.79 0.8594 0.8594 0.8594 0.8594 0.8594 0.8594 0.8594 0.8594 0.8594 0.8594 0.8594 0.8594 0.8594 0.8594 0.8594 0.8594 0.8594 0.8594 0.8594 0.8594 0.6537 0.6513 0.7 0.6513 0.6329 0.6908 0.6583 0.6259 0.6098 0.5936 0.5703 0.5472 0.5333 0.5194 0.4963 0.4848 0.4732 0.45 0.4384 0.4316 0.6319 0.701 0.6526 0.6157 0.6757 0.6503 0.6133 0.6388 0.6249 0.5927 0.5649 0.5442 0.5303 0.505 0.4911 0.4796 0.4611 0.4427 0.4403 0.4219
0.8594 1.0 0.0 0.61 0.62 0.63 0.64 0.65 0.66 0.67 0.68 0.69 0.7 0.71 0.72 0.73 0.74 0.75 0.76 0.77 0.78 0.79 0.8 0.8594 0.8594 0.8594 0.8594 0.8594 0.8594 0.8594 0.8594 0.8594 0.8594 0.8594 0.8594 0.8594 0.8594 0.8594 0.8594 0.8594 0.8594 0.8594 0.8594 0.6513 0.7 0.6513 0.6329 0.6908 0.6583 0.6259 0.6098 0.5936 0.5703 0.5472 0.5333 0.5194 0.4963 0.4848 0.4732 0.45 0.4384 0.4316 0.413 0.701 0.6526 0.6157 0.6757 0.6503 0.6133 0.6388 0.6249 0.5927 0.5649 0.5442 0.5303 0.505 0.4911 0.4796 0.4611 0.4427 0.4403 0.4219 0.4058
0.8594 1.0 0.0 0.62 0.63 0.64 0.65 0.66 0.67 0.68 0.69 0.7 0.71 0.72 0.73 0.74 0.75 0.76 0.77 0.78 0.79 0.8 0.81 0.8594 0.8594 0.8594 0.8594 0.8594 0.8594 0.8594 0.8594 0.8594 0.8594 0.8594 0.8594 0.8594 0.8594 0.8594 0.8594 0.8594 0.8594 0.8594 0.8594 0.7 0.6513 0.6329 0.6908 0.6583 0.6259 0.6098 0.5936 0.5703 0.5472 0.5333 0.5194 0.4963 0.4848 0.4732 0.45 0.4384 0.4316 0.413 0.3991 0.6526 0.6157 0.6757 0.6503 0.6133 0.6388 0.6249 0.5927 0.5649 0.5442 0.5303 0.505 0.4911 0.4796 0.4611 0.4427 0.4403 0.4219 0.4058 0.4081
0.8594 1.0 0.0 0.63 0.64 0.65 0.66 0.67 0.68 0.69 0.7 0.71 0.72 0.73 0.74 0.75 0.76 0.77 0.78 0.79 0.8 0.81 0.82 0.8594 0.8594 0.8594 0.8594 0.8594 0.8594 0.8594 0.8594 0.8594 0.8594 0.8594 0.8594 0.8594 0.8594 0.8594 0.8594 0.8594 0.8594 0.8594 0.8594 0.6513 0.6329 0.6908 0.6583 0.6259 0.6098 0.5936 0.5703 0.5472 0.5333 0.5194 0.4963 0.4848 0.4732 0.45 0.4384 0.4316 0.413 0.3991 0.4014 0.6157 0.6757 0.6503 0.6133 0.6388 0.6249 0.5927 0.5649 0.5442 0.5303 0.505 0.4911 0.4796 0.4611 0.4427 0.4403 0.4219 0.4058 0.4081 0.3942
0.8594 1.0 0.0 0.64 0.65 0.66 0.67 0.68 0.69 0.7 0.71 0.72 0.73 0.74 0.75 0.76 0.77 0.78 0.79 0.8 0.81 0.82 0.83 0.8594 0.8594 0.8594 0.8594 0.8594 0.8594 0.8594 0.8594 0.8594 0.8594 0.8594 0.8594 0.8594 0.8594 0.8594 0.8594 0.8594 0.8594 0.8594 0.8594 0.6329 0.6908 0.6583 0.6259 0.6098 0.5936 0.5703 0.5472 0.5333 0.5194 0.4963 0.4848 0.4732 0.45 0.4384 0.4316 0.413 0.3991 0.4014 0.3852 0.6757 0.6503 0.6133 0.6388 0.6249 0.5927 0.5649 0.5442 0.5303 0.505 0.4911 0.4796 0.4611 0.4427 0.4403 0.4219 0.4058 0.4081 0.3942 0.3781
0.8594 1.0 0.0 0.65 0.66 0.67 0.68 0.69 0.7 0.71 0.72 0.73 0.74 0.75 0.76 0.77 0.78 0.79 0.8 0.81 0.82 0.83 0.84 0.8594 0.8594 0.8594 0.8594 0.8594 0.8594 0.8594 0.8594 0.8594 0.8594 0.8594 0.8594 0.8594 0.8594 0.8594 0.8594 0.8594 0.8594 0.8594 0.8594 0.6908 0.6583 0.6259 0.6098 0.5936 0.5703 0.5472 0.5333 0.5194 0.4963 0.4848 0.4732 0.45 0.4384 0.4316 0.413 0.3991 0.4014 0.3852 0.369 0.6503 0.6133 0.6388 0.6249 0.5927 0.5649 0.5442 0.5303 0.505 0.4911 0.4796 0.4611 0.4427 0.4403 0.4219 0.4058 0.4081 0.3942 0.3781 0.3781
0.8594 1.0 0.0 0.66 0.67 0.68 0.69 0.7 0.71 0.72 0.73 0.74 0.75 0.76 0.77 0.78 0.79 0.8 0.81 0.82 0.83 0.84 0.85 0.8594 0.8594 0.8594 0.8594 0.8594 0.8594 0.8594 0.8594 0.8594 0.8594 0.8594 0.8594 0.8594 0.8594 0.8594 0.8594 0.8594 0.8594 0.8594 0.8594 0.6583 0.6259 0.6098 0.5936 0.5703 0.5472 0.5333 0.5194 0.4963 0.4848 0.4732 0.45 0.4384 0.4316 0.413 0.3991 0.4014 0.3852 0.369 0.369 0.6133 0.6388 0.6249 0.5927 0.5649 0.5442 0.5303 0.505 0.4911 0.4796 0.4611 0.4427 0.4403 0.4219 0.4058 0.4081 0.3942 0.3781 0.3781 0.3712
0.8594 1.0 0.0 0.67 0.68 0.69 0.7 0.71 0.72 0.73 0.74 0.75 0.76 0.77 0.78 0.79 0.8 0.81 0.82 0.83 0.84 0.85 0.86 0.8594 0.8594 0.8594 0.8594 0.8594 0.8594 0.8594 0.8594 0.8594 0.8594 0.8594 0.8594 0.8594 0.8594 0.8594 0.8594 0.8594 0.8594 0.8594 0.8594 0.6259 0.6098 0.5936 0.5703 0.5472 0.5333 0.5194 0.4963 0.4848 0.4732 0.45 0.4384 0.4316 0.413 0.3991 0.4014 0.3852 0.369 0.369 0.3551 0.6388 0.6249 0.5927 0.5649 0.5442 0.5303 0.505 0.4911 0.4796 0.4611 0.4427 0.4403 0.4219 0.4058 0.4081 0.3942 0.3781 0.3781 0.3712 0.3528
0.8594 1.0 0.0 0.68 0.69 0.7 0.71 0.72 0.73 0.74 0.75 0.76 0.77 0.78 0.79 0.8 0.81 0.82 0.83 0.84 0.85 0.86 0.87 0.8594 0.8594 0.8594 0.8594 0.8594 0.8594 0.8594 0.8594 0.8594 0.8594 0.8594 0.8594 0.8594 0.8594 0.8594 0.8594 0.8594 0.8594 0.8594 0.8594 0.6098 0.5936 0.5703 0.5472 0.5333 0.5194 0.4963 0.4848 0.4732 0.45 0.4384 0.4316 0.413 0.3991 0.4014 0.3852 0.369 0.369 0.3551 0.3389 0.6249 0.5927 0.5649 0.5442 0.5303 0.505 0.4911 0.4796 0.4611 0.4427 0.4403 0.4219 0.4058 0.4081 0.3942 0.3781 0.3781 0.3712 0.3528 0.3481
0.8594 1.0 0.0 0.69 0.7 0.71 0.72 0.73 0.74 0.75 0.76 0.77 0.78 0.79 0.8 0.81 0.82 0.83 0.84 0.85 0.86 0.87 0.88 0.8594 0.8594 0.8594 0.8594 0.8594 0.8594 0.8594 0.8594 0.8594 0.8594 0.8594 0.8594 0.8594 0.8594 0.8594 0.8594 0.8594 0.8594 0.8594 0.8594 0.5936 0.5703 0.5472 0.5333 0.5194 0.4963 0.4848 0.4732 0.45 0.4384 0.4316 0.413 0.3991 0.4014 0.3852 0.369 0.369 0.3551 0.3389 0.3367 0.5927 0.5649 0.5442 0.5303 0.505 0.4911 0.4796 0.4611 0.4427 0.4403 0.4219 0.4058 0.4081 0.3942 0.3781 0.3781 0.3712 0.3528 0.3481 0.3389
0.8594 1.0 0.0 0.7 0.71 0.72 0.73 0.74 0.75 0.76 0.77 0.78 0.79 0.8 0.81 0.82 0.83 0.84 0.85 0.86 0.87 0.88 0.89 0.8594 0.8594 0.8594 0.8594 0.8594 0.8594 0.8594 0.8594 0.8594 0.8594 0.8594 0.8594 0.8594 0.8594 0.8594 0.8594 0.8594 0.8594 0.8594 0.8594 0.5703 0.5472 0.5333 0.5194 0.4963 0.4848 0.4732 0.45 0.4384 0.4316 0.413 0.3991 0.4014 0.3852 0.369 0.369 0.3551 0.3389 0.3367 0.3273 0.5649 0.5442 0.5303 0.505 0.4911 0.4796 0.4611 0.4427 0.4403 0.4219 0.4058 0.4081 0.3942 0.3781 0.3781 0.3712 0.3528 0.3481 0.3389 0.3273
0.8594 1.0 0.0 0.71 0.72 0.73 0.74 0.75 0.76 0.77 0.78 0.79 0.8 0.81 0.82 0.83 0.84 0.85 0.86 0.87 0.88 0.89 0.9 0.8594 0.8594 0.8594 0.8594 0.8594 0.8594 0.8594 0.8594 0.8594 0.8594 0.8594 0.8594 0.8594 0.8594 0.8594 0.8594 0.8594 0.8594 0.8594 0.8594 0.5472 0.5333 0.5194 0.4963 0.4848 0.4732 0.45 0.4384 0.4316 0.413 0.3991 0.4014 0.3852 0.369 0.369 0.3551 0.3389 0.3367 0.3273 0.3134 0.5442 0.5303 0.505 0.4911 0.4796 0.4611 0.4427 0.4403 0.4219 0.4058 0.4081 0.3942 0.3781 0.3781 0.3712 0.3528 0.3481 0.3389 0.3273 0.3181
0.8594 1.0 0.0 0.72 0.73 0.74 0.75 0.76 0.77 0.78 0.79 0.8 0.81 0.82 0.83 0.84 0.85 0.86 0.87 0.88 0.89 0.9 0.91 0.8594 0.8594 0.8594 0.8594 0.8594 0.8594 0.8594 0.8594 0.8594 0.8594 0.8594 0.8594 0.8594 0.8594 0.8594 0.8594 0.8594 0.8594 0.8594 0.8594 0.5333 0.5194 0.4963 0.4848 0.4732 0.45 0.4384 0.4316 0.413 0.3991 0.4014 0.3852 0.369 0.369 0.3551 0.3389 0.3367 0.3273 0.3134 0.3066 0.5303 0.505 0.4911 0.4796 0.4611 0.4427 0.4403 0.4219 0.4058 0.4081 0.3942 0.3781 0.3781 0.3712 0.3528 0.3481 0.3389 0.3273 0.3181 0.3112
0.8594 1.0 0.0 0.73 0.74 0.75 0.76 0.77 0.78 0.79 0.8 0.81 0.82 0.83 0.84 0.85 0.86 0.87 0.88 0.89 0.9 0.91 0.92 0.8594 0.8594 0.8594 0.8594 0.8594 0.8594 0.8594 0.8594 0.8594 0.8594 0.8594 0.8594 0.8594 0.8594 0.8594 0.8594 0.8594 0.8594 0.8594 0.8594 0.5194 0.4963 0.4848 0.4732 0.45 0.4384 0.4316 0.413 0.3991 0.4014 0.3852 0.369 0.369 0.3551 0.3389 0.3367 0.3273 0.3134 0.3066 0.2972 0.505 0.4911 0.4796 0.4611 0.4427 0.4403 0.4219 0.4058 0.4081 0.3942 0.3781 0.3781 0.3712 0.3528 0.3481 0.3389 0.3273 0.3181 0.3112 0.2997
0.8594 1.0 0.0 0.74 0.75 0.76 0.77 0.78 0.79 0.8 0.81 0.82 0.83 0.84 0.85 0.86 0.87 0.88 0.89 0.9 0.91 0.92 0.93 0.8594 0.8594 0.8594 0.8594 0.8594 0.8594 0.8594 0.8594 0.8594 0.8594 0.8594 0.8594 0.8594 0.8594 0.8594 0.8594 0.8594 0.8594 0.8594 0.8594 0.4963 0.4848 0.4732 0.45 0.4384 0.4316 0.413 0.3991 0.4014 0.3852 0.369 0.369 0.3551 0.3389 0.3367 0.3273 0.3134 0.3066 0.2972 0.2857 0.4911 0.4796 0.4611 0.4427 0.4403 0.4219 0.4058 0.4081 0.3942 0.3781 0.3781 0.3712 0.3528 0.3481 0.3389 0.3273 0.3181 0.3112 0.2997 0.2904
0.8594 1.0 0.0 0.75 0.76 0.77 0.78 0.79 0.8 0.81 0.82 0.83 0.84 0.85 0.86 0.87 0.88 0.89 0.9 0.91 0.92 0.93 0.94 0.8594 0.8594 0.8594 0.8594 0.8594 0.8594 0.8594 0.8594 0.8594 0.8594 0.8594 0.8594 0.8594 0.8594 0.8594 0.8594 0.8594 0.8594 0.8594 0.8594 0.4848 0.4732 0.45 0.4384 0.4316 0.413 0.3991 0.4014 0.3852 0.369 0.369 0.3551 0.3389 0.3367 0.3273 0.3134 0.3066 0.2972 0.2857 0.2811 0.4796 0.4611 0.4427 0.4403 0.4219 0.4058 0.4081 0.3942 0.3781 0.3781 0.3712 0.3528 0.3481 0.3389 0.3273 0.3181 0.3112 0.2997 0.2904 0.2859
0.8594 1.0 0.0 0.76 0.77 0.78 0.79 0.8 0.81 0.82 0.83 0.84 0.85 0.86 0.87 0.88 0.89 0.9 0.91 0.92 0.93 0.94 0.95 0.8594 0.8594 0.8594 0.8594 0.8594 0.8594 0.8594 0.8594 0.8594 0.8594 0.8594 0.8594 0.8594 0.8594 0.8594 0.8594 0.8594 0.8594 0.8594 0.8594 0.4732 0.45 0.4384 0.4316 0.413 0.3991 0.4014 0.3852 0.369 0.369 0.3551 0.3389 0.3367 0.3273 0.3134 0.3066 0.2972 0.2857 0.2811 0.2718 0.4611 0.4427 0.4403 0.4219 0.4058 0.4081 0.3942 0.3781 0.3781 0.3712 0.3528 0.3481 0.3389 0.3273 0.3181 0.3112 0.2997 0.2904 0.2859 0.2743
0.8594 1.0 0.0 0.77 0.78 0.79 0.8 0.81 0.82 0.83 0.84 0.85 0.86 0.87 0.88 0.89 0.9 0.91 0.92 0.93 0.94 0.95 0.96 0.8594 0.8594 0.8594 0.8594 0.8594 0.8594 0.8594 0.8594 0.8594 0.8594 0.8594 0.8594 0.8594 0.8594 0.8594 0.8594 0.8594 0.8594 0.8594 0.8594 0.45 0.4384 0.4316 0.413 0.3991 0.4014 0.3852 0.369 0.369 0.3551 0.3389 0.3367 0.3273 0.3134 0.3066 0.2972 0.2857 0.2811 0.2718 0.2626 0.4427 0.4403 0.4219 0.4058 0.4081 0.3942 0.3781 0.3781 0.3712 0.3528 0.3481 0.3389 0.3273 0.3181 0.3112 0.2997 0.2904 0.2859 0.2743 0.2673
0.8594 1.0 0.0 0.78 0.79 0.8 0.81 0.82 0.83 0.84 0.85 0.86 0.87 0.88 0.89 0.9 0.91 0.92 0.93 0.94 0.95 0.96 0.97 0.8594 0.8594 0.8594 0.8594 0.8594 0.8594 0.8594 0.8594 0.8594 0.8594 0.8594 0.8594 0.8594 0.8594 0.8594 0.8594 0.8594 0.8594 0.8594 0.8594 0.4384 0.4316 0.413 0.3991 0.4014 0.3852 0.369 0.369 0.3551 0.3389 0.3367 0.3273 0.3134 0.3066 0.2972 0.2857 0.2811 0.2718 0.2626 0.2557 0.4403 0.4219 0.4058 0.4081 0.3942 0.3781 0.3781 0.3712 0.3528 0.3481 0.3389 0.3273 0.3181 0.3112 0.2997 0.2904 0.2859 0.2743 0.2673 0.2604
0.8594 1.0 0.0 0.79 0.8 0.81 0.82 0.83 0.84 0.85 0.86 0.87 0.88 0.89 0.9 0.91 0.92 0.93 0.94 0.95 0.96 0.97 0.0 0.8594 0.8594 0.8594 0.8594 0.8594 0.8594 0.8594 0.8594 0.8594 0.8594 0.8594 0.8594 0.8594 0.8594 0.8594 0.8594 0.8594 0.8594 0.8594 0.8594 0.4316 0.413 0.3991 0.4014 0.3852 0.369 0.369 0.3551 0.3389 0.3367 0.3273 0.3134 0.3066 0.2972 0.2857 0.2811 0.2718 0.2626 0.2557 0.2487 0.4219 0.4058 0.4081 0.3942 0.3781 0.3781 0.3712 0.3528 0.3481 0.3389 0.3273 0.3181 0.3112 0.2997 0.2904 0.2859 0.2743 0.2673 0.2604 0.2536
0.8594 1.0 0.0 0.8 0.81 0.82 0.83 0.84 0.85 0.86 0.87 0.88 0.89 0.9 0.91 0.92 0.93 0.94 0.95 0.96 0.97 0.0 0.01 0.8594 0.8594 0.8594 0.8594 0.8594 0.8594 0.8594 0.8594 0.8594 0.8594 0.8594 0.8594 0.8594 0.8594 0.8594 0.8594 0.8594 0.8594 0.8594 0.8594 0.413 0.3991 0.4014 0.3852 0.369 0.369 0.3551 0.3389 0.3367 0.3273 0.3134 0.3066 0.2972 0.2857 0.2811 0.2718 0.2626 0.2557 0.2487 0.2557 0.4058 0.4081 0.3942 0.3781 0.3781 0.3712 0.3528 0.3481 0.3389 0.3273 0.3181 0.3112 0.2997 0.2904 0.2859 0.2743 0.2673 0.2604 0.2536 0.3458
0.8594 1.0 0.0 0.81 0.82 0.83 0.84 0.85 0.86 0.87 0.88 0.89 0.9 0.91 0.92 0.93 0.94 0.95 0.96 0.97 0.0 0.01 0.02 0.8594 0.8594 0.8594 0.8594 0.8594 0.8594 0.8594 0.8594 0.8594 0.8594 0.8594 0.8594 0.8594 0.8594 0.8594 0.8594 0.8594 0.8594 0.8594 0.8594 0.3991 0.4014 0.3852 0.369 0.369 0.3551 0.3389 0.3367 0.3273 0.3134 0.3066 0.2972 0.2857 0.2811 0.2718 0.2626 0.2557 0.2487 0.2557 0.3343 0.4081 0.3942 0.3781 0.3781 0.3712 0.3528 0.3481 0.3389 0.3273 0.3181 0.3112 0.2997 0.2904 0.2859 0.2743 0.2673 0.2604 0.2536 0.3458 0.3342
0.8594 1.0 0.0 0.82 0.83 0.84 0.85 0.86 0.87 0.88 0.89 0.9 0.91 0.92 0.93 0.94 0.95 0.96 0.97 0.0 0.01 0.02 0.03 0.8594 0.8594 0.8594 0.8594 0.8594 0.8594 0.8594 0.8594 0.8594 0.8594 0.8594 0.8594 0.8594 0.8594 0.8594 0.8594 0.8594 0.8594 0.8594 0.8594 0.4014 0.3852 0.369 0.369 0.3551 0.3389 0.3367 0.3273 0.3134 0.3066 0.2972 0.2857 0.2811 0.2718 0.2626 0.2557 0.2487 0.2557 0.3343 0.3158 0.3942 0.3781 0.3781 0.3712 0.3528 0.3481 0.3389 0.3273 0.3181 0.3112 0.2997 0.2904 0.2859 0.2743 0.2673 0.2604 0.2536 0.3458 0.3342 0.3112
0.8594 1.0 0.0 0.83 0.84 0.85 0.86 0.87 0.88 0.89 0.9 0.91 0.92 0.93 0.94 0.95 0.96 0.97 0.0 0.01 0.02 0.03 0.04 0.8594 0.8594 0.8594 0.8594 0.8594 0.8594 0.8594 0.8594 0.8594 0.8594 0.8594 0.8594 0.8594 0.8594 0.8594 0.8594 0.8594 0.8594 0.8594 0.8594 0.3852 0.369 0.369 0.3551 0.3389 0.3367 0.3273 0.3134 0.3066 0.2972 0.2857 0.2811 0.2718 0.2626 0.2557 0.2487 0.2557 0.3343 0.3158 0.3042 0.3781 0.3781 0.3712 0.3528 0.3481 0.3389 0.3273 0.3181 0.3112 0.2997 0.2904 0.2859 0.2743 0.2673 0.2604 0.2536 0.3458 0.3342 0.3112 0.3804
0.8594 1.0 0.0 0.84 0.85 0.86 0.87 0.88 0.89 0.9 0.91 0.92 0.93 0.94 0.95 0.96 0.97 0.0 0.01 0.02 0.03 0.04 0.05 0.8594 0.8594 0.8594 0.8594 0.8594 0.8594 0.8594 0.8594 0.8594 0.8594 0.8594 0.8594 0.8594 0.8594 0.8594 0.8594 0.8594 0.8594 0.8594 0.8594 0.369 0.369 0.3551 0.3389 0.3367 0.3273 0.3134 0.3066 0.2972 0.2857 0.2811 0.2718 0.2626 0.2557 0.2487 0.2557 0.3343 0.3158 0.3042 0.3806 0.3781 0.3712 0.3528 0.3481 0.3389 0.3273 0.3181 0.3112 0.2997 0.2904 0.2859 0.2743 0.2673 0.2604 0.2536 0.3458 0.3342 0.3112 0.3804 0.385
0.8594 1.0 0.0 0.85 0.86 0.87 0.88 0.89 0.9 0.91 0.92 0.93 0.94 0.95 0.96 0.97 0.0 0.01 0.02 0.03 0.04 0.05 0.06 0.8594 0.8594 0.8594 0.8594 0.8594 0.8594 0.8594 0.8594 0.8594 0.8594 0.8594 0.8594 0.8594 0.8594 0.8594 0.8594 0.8594 0.8594 0.8594 0.8594 0.369 0.3551 0.3389 0.3367 0.3273 0.3134 0.3066 0.2972 0.2857 0.2811 0.2718 0.2626 0.2557 0.2487 0.2557 0.3343 0.3158 0.3042 0.3806 0.3667 0.3712 0.3528 0.3481 0.3389 0.3273 0.3181 0.3112 0.2997 0.2904 0.2859 0.2743 0.2673 0.2604 0.2536 0.3458 0.3342 0.3112 0.3804 0.385 0.3504
0.8594 1.0 0.0 0.86 0.87 0.88 0.89 0.9 0.91 0.92 0.93 0.94 0.95 0.96 0.97 0.0 0.01 0.02 0.03 0.04 0.05 0.06 0.07 0.8594 0.8594 0.8594 0.8594 0.8594 0.8594 0.8594 0.8594 0.8594 0.8594 0.8594 0.8594 0.8594 0.8594 0.8594 0.8594 0.8594 0.8594 0.8594 0.8594 0.3551 0.3389 0.3367 0.3273 0.3134 0.3066 0.2972 0.2857 0.2811 0.2718 0.2626 0.2557 0.2487 0.2557 0.3343 0.3158 0.3042 0.3806 0.3667 0.3412 0.3528 0.3481 0.3389 0.3273 0.3181 0.3112 0.2997 0.2904 0.2859 0.2743 0.2673 0.2604 0.2536 0.3458 0.3342 0.3112 0.3804 0.385 0.3504 0.3942
0.8594 1.0 0.0 0.87 0.88 0.89 0.9 0.91 0.92 0.93 0.94 0.95 0.96 0.97 0.0 0.01 0.02 0.03 0.04 0.05 0.06 0.07 0.08 0.8594 0.8594 0.8594 0.8594 0.8594 0.8594 0.8594 0.8594 0.8594 0.8594 0.8594 0.8594 0.8594 0.8594 0.8594 0.8594 0.8594 0.8594 0.8594 0.8594 0.3389 0.3367 0.3273 0.3134 0.3066 0.2972 0.2857 0.2811 0.2718 0.2626 0.2557 0.2487 0.2557 0.3343 0.3158 0.3042 0.3806 0.3667 0.3412 0.406 0.3481 0.3389 0.3273 0.3181 0.3112 0.2997 0.2904 0.2859 0.2743 0.2673 0.2604 0.2536 0.3458 0.3342 0.3112 0.3804 0.385 0.3504 0.3942 0.4219
0.8594 1.0 0.0 0.88 0.89 0.9 0.91 0.92 0.93 0.94 0.95 0.96 0.97 0.0 0.01 0.02 0.03 0.04 0.05 0.06 0.07 0.08 0.09 0.8594 0.8594 0.8594 0.8594 0.8594 0.8594 0.8594 0.8594 0.8594 0.8594 0.8594 0.8594 0.8594 0.8594 0.8594 0.8594 0.8594 0.8594 0.8594 0.8594 0.3367 0.3273 0.3134 0.3066 0.2972 0.2857 0.2811 0.2718 0.2626 0.2557 0.2487 0.2557 0.3343 0.3158 0.3042 0.3806 0.3667 0.3412 0.406 0.4083 0.3389 0.3273 0.3181 0.3112 0.2997 0.2904 0.2859 0.2743 0.2673 0.2604 0.2536 0.3458 0.3342 0.3112 0.3804 0.385 0.3504 0.3942 0.4219 0.3827
0.8594 1.0 0.0 0.89 0.9 0.91 0.92 0.93 0.94 0.95 0.96 0.97 0.0 0.01 0.02 0.03 0.04 0.05 0.06 0.07 0.08 0.09 0.1 0.8594 0.8594 0.8594 0.8594 0.8594 0.8594 0.8594 0.8594 0.8594 0.8594 0.8594 0.8594 0.8594 0.8594 0.8594 0.8594 0.8594 0.8594 0.8594 0.8594 0.3273 0.3134 0.3066 0.2972 0.2857 0.2811 0.2718 0.2626 0.2557 0.2487 0.2557 0.3343 0.3158 0.3042 0.3806 0.3667 0.3412 0.406 0.4083 0.3783 0.3273 0.3181 0.3112 0.2997 0.2904 0.2859 0.2743 0.2673 0.2604 0.2536 0.3458 0.3342 0.3112 0.3804 0.385 0.3504 0.3942 0.4219 0.3827 0.3989
0.8594 1.0 0.0 0.9 0.91 0.92 0.93 0.94 0.95 0.96 0.97 0.0 0.01 0.02 0.03 0.04 0.05 0.06 0.07 0.08 0.09 0.1 0.11 0.8594 0.8594 0.8594 0.8594 0.8594 0.8594 0.8594 0.8594 0.8594 0.8594 0.8594 0.8594 0.8594 0.8594 0.8594 0.8594 0.8594 0.8594 0.8594 0.8594 0.3134 0.3066 0.2972 0.2857 0.2811 0.2718 0.2626 0.2557 0.2487 0.2557 0.3343 0.3158 0.3042 0.3806 0.3667 0.3412 0.406 0.4083 0.3783 0.4177 0.3181 0.3112 0.2997 0.2904 0.2859 0.2743 0.2673 0.2604 0.2536 0.3458 0.3342 0.3112 0.3804 0.385 0.3504 0.3942 0.4219 0.3827 0.3989 0.4542
0.8594 1.0 0.0 0.91 0.92 0.93 0.94 0.95 0.96 0.97 0.0 0.01 0.02 0.03 0.04 0.05 0.06 0.07 0.08 0.09 0.1 0.11 0.12 0.8594 0.8594 0.8594 0.8594 0.8594 0.8594 0.8594 0.8594 0.8594 0.8594 0.8594 0.8594 0.8594 0.8594 0.8594 0.8594 0.8594 0.8594 0.8594 0.8594 0.3066 0.2972 0.2857 0.2811 0.2718 0.2626 0.2557 0.2487 0.2557 0.3343 0.3158 0.3042 0.3806 0.3667 0.3412 0.406 0.4083 0.3783 0.4177 0.45 0.3112 0.2997 0.2904 0.2859 0.2743 0.2673 0.2604 0.2536 0.3458 0.3342 0.3112 0.3804 0.385 0.3504 0.3942 0.4219 0.3827 0.3989 0.4542 0.4127
0.8594 1.0 0.0 0.92 0.93 0.94 0.95 0.96 0.97 0.0 0.01 0.02 0.03 0.04 0.05 0.06 0.07 0.08 0.09 0.1 0.11 0.12 0.13 0.8594 0.8594 0.8594 0.8594 0.8594 0.8594 0.8594 0.8594 0.8594 0.8594 0.8594 0.8594 0.8594 0.8594 0.8594 0.8594 0.8594 0.8594 0.8594 0.8594 0.2972 0.2857 0.2811 0.2718 0.2626 0.2557 0.2487 0.2557 0.3343 0.3158 0.3042 0.3806 0.3667 0.3412 0.406 0.4083 0.3783 0.4177 0.45 0.413 0.2997 0.2904 0.2859 0.2743 0.2673 0.2604 0.2536 0.3458 0.3342 0.3112 0.3804 0.385 0.3504 0.3942 0.4219 0.3827 0.3989 0.4542 0.4127 0.4012
0.8594 1.0 0.0 0.93 0.94 0.95 0.96 0.97 0.0 0.01 0.02 0.03 0.04 0.05 0.06 0.07 0.08 0.09 0.1 0.11 0.12 0.13 0.14 0.8594 0.8594 0.8594 0.8594 0.8594 0.8594 0.8594 0.8594 0.8594 0.8594 0.8594 0.8594 0.8594 0.8594 0.8594 0.8594 0.8594 0.8594 0.8594 0.8594 0.2857 0.2811 0.2718 0.2626 0.2557 0.2487 0.2557 0.3343 0.3158 0.3042 0.3806 0.3667 0.3412 0.406 0.4083 0.3783 0.4177 0.45 0.413 0.4246 0.2904 0.2859 0.2743 0.2673 0.2604 0.2536 0.3458 0.3342 0.3112 0.3804 0.385 0.3504 0.3942 0.4219 0.3827 0.3989 0.4542 0.4127 0.4012 0.4819
0.8594 1.0 0.0 0.94 0.95 0.96 0.97 0.0 0.01 0.02 0.03 0.04 0.05 0.06 0.07 0.08 0.09 0.1 0.11 0.12 0.13 0.14 0.15 0.8594 0.8594 0.8594 0.8594 0.8594 0.8594 0.8594 0.8594 0.8594 0.8594 0.8594 0.8594 0.8594 0.8594 0.8594 0.8594 0.8594 0.8594 0.8594 0.8594 0.2811 0.2718 0.2626 0.2557 0.2487 0.2557 0.3343 0.3158 0.3042 0.3806 0.3667 0.3412 0.406 0.4083 0.3783 0.4177 0.45 0.413 0.4246 0.4893 0.2859 0.2743 0.2673 0.2604 0.2536 0.3458 0.3342 0.3112 0.3804 0.385 0.3504 0.3942 0.4219 0.3827 0.3989 0.4542 0.4127 0.4012 0.4819 0.445
0.8594 1.0 0.0 0.95 0.96 0.97 0.0 0.01 0.02 0.03 0.04 0.05 0.06 0.07 0.08 0.09 0.1 0.11 0.12 0.13 0.14 0.15 0.16 0.8594 0.8594 0.8594 0.8594 0.8594 0.8594 0.8594 0.8594 0.8594 0.8594 0.8594 0.8594 0.8594 0.8594 0.8594 0.8594 0.8594 0.8594 0.8594 0.8594 0.2718 0.2626 0.2557 0.2487 0.2557 0.3343 0.3158 0.3042 0.3806 0.3667 0.3412 0.406 0.4083 0.3783 0.4177 0.45 0.413 0.4246 0.4893 0.4523 0.2743 0.2673 0.2604 0.2536 0.3458 0.3342 0.3112 0.3804 0.385 0.3504 0.3942 0.4219 0.3827 0.3989 0.4542 0.4127 0.4012 0.4819 0.445 0.4242
