1.0 1.0 1.0 0.5378 0.1778 0.2346 0.0077 0.008 0.092 0.82 0.83 0.84 0.85 0.86 0.87 0.88 0.89 0.9 0.91 0.92 0.93 0.94 0.95 0.96 0.97 0.0 0.01 0.02 0.03 0.5331 0.5217 0.5262 0.5101 0.4986 0.4963 0.4848 0.471 0.4663 0.4549 0.4433 0.4364 0.4296 0.418 0.4133 0.4064 0.4341 0.5124 0.4848 0.4871 0.1987 0.1894 0.1709 0.1686 0.1617 0.1454 0.1384 0.1316 0.12 0.1107 0.1014 0.0922 0.0829 0.0783 0.069 0.076 0.0852 0.0737 0.1454 0.1478 0.2252 0.2046 0.1999 0.1976 0.1814 0.1699 0.1699 0.1538 0.1446 0.1377 0.1261 0.1169 0.1122 0.103 0.0938 0.0892 0.0822 0.1446 0.1814 0.1538
1.0 1.0 1.0 0.5193 0.1963 0.1953 0.2763 0.0697 0.1077 0.83 0.84 0.85 0.86 0.87 0.88 0.89 0.9 0.91 0.92 0.93 0.94 0.95 0.96 0.97 0.0 0.01 0.02 0.03 0.04 0.5217 0.5262 0.5101 0.4986 0.4963 0.4848 0.471 0.4663 0.4549 0.4433 0.4364 0.4296 0.418 0.4133 0.4064 0.4341 0.5124 0.4848 0.4871 0.57 0.1894 0.1709 0.1686 0.1617 0.1454 0.1384 0.1316 0.12 0.1107 0.1014 0.0922 0.0829 0.0783 0.069 0.076 0.0852 0.0737 0.1454 0.1478 0.1269 0.2046 0.1999 0.1976 0.1814 0.1699 0.1699 0.1538 0.1446 0.1377 0.1261 0.1169 0.1122 0.103 0.0938 0.0892 0.0822 0.1446 0.1814 0.1538 0.1861
1.0 1.0 1.0 0.6092 0.1686 0.1976 0.1073 0.1697 0.1617 0.84 0.85 0.86 0.87 0.88 0.89 0.9 0.91 0.92 0.93 0.94 0.95 0.96 0.97 0.0 0.01 0.02 0.03 0.04 0.05 0.5262 0.5101 0.4986 0.4963 0.4848 0.471 0.4663 0.4549 0.4433 0.4364 0.4296 0.418 0.4133 0.4064 0.4341 0.5124 0.4848 0.4871 0.57 0.5378 0.1709 0.1686 0.1617 0.1454 0.1384 0.1316 0.12 0.1107 0.1014 0.0922 0.0829 0.0783 0.069 0.076 0.0852 0.0737 0.1454 0.1478 0.1269 0.1778 0.1999 0.1976 0.1814 0.1699 0.1699 0.1538 0.1446 0.1377 0.1261 0.1169 0.1122 0.103 0.0938 0.0892 0.0822 0.1446 0.1814 0.1538 0.1861 0.2346
1.0 1.0 1.0 0.5792 0.194 0.2737 0.0617 0.0617 0.131 0.85 0.86 0.87 0.88 0.89 0.9 0.91 0.92 0.93 0.94 0.95 0.96 0.97 0.0 0.01 0.02 0.03 0.04 0.05 0.06 0.5101 0.4986 0.4963 0.4848 0.471 0.4663 0.4549 0.4433 0.4364 0.4296 0.418 0.4133 0.4064 0.4341 0.5124 0.4848 0.4871 0.57 0.5378 0.5193 0.1686 0.1617 0.1454 0.1384 0.1316 0.12 0.1107 0.1014 0.0922 0.0829 0.0783 0.069 0.076 0.0852 0.0737 0.1454 0.1478 0.1269 0.1778 0.1963 0.1976 0.1814 0.1699 0.1699 0.1538 0.1446 0.1377 0.1261 0.1169 0.1122 0.103 0.0938 0.0892 0.0822 0.1446 0.1814 0.1538 0.1861 0.2346 0.1953
1.0 1.0 1.0 0.547 0.238 0.2299 0.2997 0.0923 0.0077 0.86 0.87 0.88 0.89 0.9 0.91 0.92 0.93 0.94 0.95 0.96 0.97 0.0 0.01 0.02 0.03 0.04 0.05 0.06 0.07 0.4986 0.4963 0.4848 0.471 0.4663 0.4549 0.4433 0.4364 0.4296 0.418 0.4133 0.4064 0.4341 0.5124 0.4848 0.4871 0.57 0.5378 0.5193 0.6092 0.1617 0.1454 0.1384 0.1316 0.12 0.1107 0.1014 0.0922 0.0829 0.0783 0.069 0.076 0.0852 0.0737 0.1454 0.1478 0.1269 0.1778 0.1963 0.1686 0.1814 0.1699 0.1699 0.1538 0.1446 0.1377 0.1261 0.1169 0.1122 0.103 0.0938 0.0892 0.0822 0.1446 0.1814 0.1538 0.1861 0.2346 0.1953 0.1976
1.0 1.0 1.0 0.623 0.2056 0.2114 0.1 0.0847 0.2537 0.87 0.88 0.89 0.9 0.91 0.92 0.93 0.94 0.95 0.96 0.97 0.0 0.01 0.02 0.03 0.04 0.05 0.06 0.07 0.08 0.4963 0.4848 0.471 0.4663 0.4549 0.4433 0.4364 0.4296 0.418 0.4133 0.4064 0.4341 0.5124 0.4848 0.4871 0.57 0.5378 0.5193 0.6092 0.5792 0.1454 0.1384 0.1316 0.12 0.1107 0.1014 0.0922 0.0829 0.0783 0.069 0.076 0.0852 0.0737 0.1454 0.1478 0.1269 0.1778 0.1963 0.1686 0.194 0.1699 0.1699 0.1538 0.1446 0.1377 0.1261 0.1169 0.1122 0.103 0.0938 0.0892 0.0822 0.1446 0.1814 0.1538 0.1861 0.2346 0.1953 0.1976 0.2737
1.0 1.0 1.0 0.6183 0.2056 0.2922 0.1073 0.1467 0.146 0.88 0.89 0.9 0.91 0.92 0.93 0.94 0.95 0.96 0.97 0.0 0.01 0.02 0.03 0.04 0.05 0.06 0.07 0.08 0.09 0.4848 0.471 0.4663 0.4549 0.4433 0.4364 0.4296 0.418 0.4133 0.4064 0.4341 0.5124 0.4848 0.4871 0.57 0.5378 0.5193 0.6092 0.5792 0.547 0.1384 0.1316 0.12 0.1107 0.1014 0.0922 0.0829 0.0783 0.069 0.076 0.0852 0.0737 0.1454 0.1478 0.1269 0.1778 0.1963 0.1686 0.194 0.238 0.1699 0.1538 0.1446 0.1377 0.1261 0.1169 0.1122 0.103 0.0938 0.0892 0.0822 0.1446 0.1814 0.1538 0.1861 0.2346 0.1953 0.1976 0.2737 0.2299
1.0 1.0 1.0 0.5792 0.275 0.2622 0.2533 0.108 0.0617 0.89 0.9 0.91 0.92 0.93 0.94 0.95 0.96 0.97 0.0 0.01 0.02 0.03 0.04 0.05 0.06 0.07 0.08 0.09 0.1 0.471 0.4663 0.4549 0.4433 0.4364 0.4296 0.418 0.4133 0.4064 0.4341 0.5124 0.4848 0.4871 0.57 0.5378 0.5193 0.6092 0.5792 0.547 0.623 0.1316 0.12 0.1107 0.1014 0.0922 0.0829 0.0783 0.069 0.076 0.0852 0.0737 0.1454 0.1478 0.1269 0.1778 0.1963 0.1686 0.194 0.238 0.2056 0.1538 0.1446 0.1377 0.1261 0.1169 0.1122 0.103 0.0938 0.0892 0.0822 0.1446 0.1814 0.1538 0.1861 0.2346 0.1953 0.1976 0.2737 0.2299 0.2114
1.0 1.0 1.0 0.6253 0.238 0.2346 0.0157 0.0 0.2693 0.9 0.91 0.92 0.93 0.94 0.95 0.96 0.97 0.0 0.01 0.02 0.03 0.04 0.05 0.06 0.07 0.08 0.09 0.1 0.11 0.4663 0.4549 0.4433 0.4364 0.4296 0.418 0.4133 0.4064 0.4341 0.5124 0.4848 0.4871 0.57 0.5378 0.5193 0.6092 0.5792 0.547 0.623 0.6183 0.12 0.1107 0.1014 0.0922 0.0829 0.0783 0.069 0.076 0.0852 0.0737 0.1454 0.1478 0.1269 0.1778 0.1963 0.1686 0.194 0.238 0.2056 0.2056 0.1446 0.1377 0.1261 0.1169 0.1122 0.103 0.0938 0.0892 0.0822 0.1446 0.1814 0.1538 0.1861 0.2346 0.1953 0.1976 0.2737 0.2299 0.2114 0.2922
1.0 1.0 1.0 0.6576 0.2241 0.2968 0.1303 0.2313 0.1 0.91 0.92 0.93 0.94 0.95 0.96 0.97 0.0 0.01 0.02 0.03 0.04 0.05 0.06 0.07 0.08 0.09 0.1 0.11 0.12 0.4549 0.4433 0.4364 0.4296 0.418 0.4133 0.4064 0.4341 0.5124 0.4848 0.4871 0.57 0.5378 0.5193 0.6092 0.5792 0.547 0.623 0.6183 0.5792 0.1107 0.1014 0.0922 0.0829 0.0783 0.069 0.076 0.0852 0.0737 0.1454 0.1478 0.1269 0.1778 0.1963 0.1686 0.194 0.238 0.2056 0.2056 0.275 0.1377 0.1261 0.1169 0.1122 0.103 0.0938 0.0892 0.0822 0.1446 0.1814 0.1538 0.1861 0.2346 0.1953 0.1976 0.2737 0.2299 0.2114 0.2922 0.2622
1.0 1.0 1.0 0.6183 0.3004 0.2968 0.1537 0.1233 0.092 0.92 0.93 0.94 0.95 0.96 0.97 0.0 0.01 0.02 0.03 0.04 0.05 0.06 0.07 0.08 0.09 0.1 0.11 0.12 0.13 0.4433 0.4364 0.4296 0.418 0.4133 0.4064 0.4341 0.5124 0.4848 0.4871 0.57 0.5378 0.5193 0.6092 0.5792 0.547 0.623 0.6183 0.5792 0.6253 0.1014 0.0922 0.0829 0.0783 0.069 0.076 0.0852 0.0737 0.1454 0.1478 0.1269 0.1778 0.1963 0.1686 0.194 0.238 0.2056 0.2056 0.275 0.238 0.1261 0.1169 0.1122 0.103 0.0938 0.0892 0.0822 0.1446 0.1814 0.1538 0.1861 0.2346 0.1953 0.1976 0.2737 0.2299 0.2114 0.2922 0.2622 0.2346
1.0 1.0 1.0 0.6207 0.2773 0.2691 0.1077 0.0463 0.2073 0.93 0.94 0.95 0.96 0.97 0.0 0.01 0.02 0.03 0.04 0.05 0.06 0.07 0.08 0.09 0.1 0.11 0.12 0.13 0.14 0.4364 0.4296 0.418 0.4133 0.4064 0.4341 0.5124 0.4848 0.4871 0.57 0.5378 0.5193 0.6092 0.5792 0.547 0.623 0.6183 0.5792 0.6253 0.6576 0.0922 0.0829 0.0783 0.069 0.076 0.0852 0.0737 0.1454 0.1478 0.1269 0.1778 0.1963 0.1686 0.194 0.238 0.2056 0.2056 0.275 0.238 0.2241 0.1169 0.1122 0.103 0.0938 0.0892 0.0822 0.1446 0.1814 0.1538 0.1861 0.2346 0.1953 0.1976 0.2737 0.2299 0.2114 0.2922 0.2622 0.2346 0.2968
1.0 1.0 1.0 0.6829 0.2542 0.2991 0.131 0.2543 0.0 0.94 0.95 0.96 0.97 0.0 0.01 0.02 0.03 0.04 0.05 0.06 0.07 0.08 0.09 0.1 0.11 0.12 0.13 0.14 0.15 0.4296 0.418 0.4133 0.4064 0.4341 0.5124 0.4848 0.4871 0.57 0.5378 0.5193 0.6092 0.5792 0.547 0.623 0.6183 0.5792 0.6253 0.6576 0.6183 0.0829 0.0783 0.069 0.076 0.0852 0.0737 0.1454 0.1478 0.1269 0.1778 0.1963 0.1686 0.194 0.238 0.2056 0.2056 0.275 0.238 0.2241 0.3004 0.1122 0.103 0.0938 0.0892 0.0822 0.1446 0.1814 0.1538 0.1861 0.2346 0.1953 0.1976 0.2737 0.2299 0.2114 0.2922 0.2622 0.2346 0.2968 0.2968
1.0 1.0 1.0 0.6483 0.3051 0.3244 0.008 0.077 0.0923 0.95 0.96 0.97 0.0 0.01 0.02 0.03 0.04 0.05 0.06 0.07 0.08 0.09 0.1 0.11 0.12 0.13 0.14 0.15 0.16 0.418 0.4133 0.4064 0.4341 0.5124 0.4848 0.4871 0.57 0.5378 0.5193 0.6092 0.5792 0.547 0.623 0.6183 0.5792 0.6253 0.6576 0.6183 0.6207 0.0783 0.069 0.076 0.0852 0.0737 0.1454 0.1478 0.1269 0.1778 0.1963 0.1686 0.194 0.238 0.2056 0.2056 0.275 0.238 0.2241 0.3004 0.2773 0.103 0.0938 0.0892 0.0822 0.1446 0.1814 0.1538 0.1861 0.2346 0.1953 0.1976 0.2737 0.2299 0.2114 0.2922 0.2622 0.2346 0.2968 0.2968 0.2691
1.0 1.0 1.0 0.6322 0.3143 0.2922 0.2073 0.077 0.1 0.96 0.97 0.0 0.01 0.02 0.03 0.04 0.05 0.06 0.07 0.08 0.09 0.1 0.11 0.12 0.13 0.14 0.15 0.16 0.17 0.4133 0.4064 0.4341 0.5124 0.4848 0.4871 0.57 0.5378 0.5193 0.6092 0.5792 0.547 0.623 0.6183 0.5792 0.6253 0.6576 0.6183 0.6207 0.6829 0.069 0.076 0.0852 0.0737 0.1454 0.1478 0.1269 0.1778 0.1963 0.1686 0.194 0.238 0.2056 0.2056 0.275 0.238 0.2241 0.3004 0.2773 0.2542 0.0938 0.0892 0.0822 0.1446 0.1814 0.1538 0.1861 0.2346 0.1953 0.1976 0.2737 0.2299 0.2114 0.2922 0.2622 0.2346 0.2968 0.2968 0.2691 0.2991
1.0 1.0 1.0 0.6829 0.2843 0.2991 0.1153 0.1697 0.0843 0.97 0.0 0.01 0.02 0.03 0.04 0.05 0.06 0.07 0.08 0.09 0.1 0.11 0.12 0.13 0.14 0.15 0.16 0.17 0.18 0.4064 0.4341 0.5124 0.4848 0.4871 0.57 0.5378 0.5193 0.6092 0.5792 0.547 0.623 0.6183 0.5792 0.6253 0.6576 0.6183 0.6207 0.6829 0.6483 0.076 0.0852 0.0737 0.1454 0.1478 0.1269 0.1778 0.1963 0.1686 0.194 0.238 0.2056 0.2056 0.275 0.238 0.2241 0.3004 0.2773 0.2542 0.3051 0.0892 0.0822 0.1446 0.1814 0.1538 0.1861 0.2346 0.1953 0.1976 0.2737 0.2299 0.2114 0.2922 0.2622 0.2346 0.2968 0.2968 0.2691 0.2991 0.3244
1.0 1.0 1.0 0.6668 0.3004 0.3544 0.0537 0.0307 0.1073 0.0 0.01 0.02 0.03 0.04 0.05 0.06 0.07 0.08 0.09 0.1 0.11 0.12 0.13 0.14 0.15 0.16 0.17 0.18 0.19 0.4341 0.5124 0.4848 0.4871 0.57 0.5378 0.5193 0.6092 0.5792 0.547 0.623 0.6183 0.5792 0.6253 0.6576 0.6183 0.6207 0.6829 0.6483 0.6322 0.0852 0.0737 0.1454 0.1478 0.1269 0.1778 0.1963 0.1686 0.194 0.238 0.2056 0.2056 0.275 0.238 0.2241 0.3004 0.2773 0.2542 0.3051 0.3143 0.0822 0.1446 0.1814 0.1538 0.1861 0.2346 0.1953 0.1976 0.2737 0.2299 0.2114 0.2922 0.2622 0.2346 0.2968 0.2968 0.2691 0.2991 0.3244 0.2922
1.0 1.0 1.0 0.6529 0.3583 0.3244 0.169 0.1 0.023 0.01 0.02 0.03 0.04 0.05 0.06 0.07 0.08 0.09 0.1 0.11 0.12 0.13 0.14 0.15 0.16 0.17 0.18 0.19 0.2 0.5124 0.4848 0.4871 0.57 0.5378 0.5193 0.6092 0.5792 0.547 0.623 0.6183 0.5792 0.6253 0.6576 0.6183 0.6207 0.6829 0.6483 0.6322 0.6829 0.0737 0.1454 0.1478 0.1269 0.1778 0.1963 0.1686 0.194 0.238 0.2056 0.2056 0.275 0.238 0.2241 0.3004 0.2773 0.2542 0.3051 0.3143 0.2843 0.1446 0.1814 0.1538 0.1861 0.2346 0.1953 0.1976 0.2737 0.2299 0.2114 0.2922 0.2622 0.2346 0.2968 0.2968 0.2691 0.2991 0.3244 0.2922 0.2991
1.0 1.0 1.0 0.6921 0.3282 0.3221 0.0537 0.0537 0.1843 0.02 0.03 0.04 0.05 0.06 0.07 0.08 0.09 0.1 0.11 0.12 0.13 0.14 0.15 0.16 0.17 0.18 0.19 0.2 0.21 0.4848 0.4871 0.57 0.5378 0.5193 0.6092 0.5792 0.547 0.623 0.6183 0.5792 0.6253 0.6576 0.6183 0.6207 0.6829 0.6483 0.6322 0.6829 0.6668 0.1454 0.1478 0.1269 0.1778 0.1963 0.1686 0.194 0.238 0.2056 0.2056 0.275 0.238 0.2241 0.3004 0.2773 0.2542 0.3051 0.3143 0.2843 0.3004 0.1814 0.1538 0.1861 0.2346 0.1953 0.1976 0.2737 0.2299 0.2114 0.2922 0.2622 0.2346 0.2968 0.2968 0.2691 0.2991 0.3244 0.2922 0.2991 0.3544
1.0 1.0 1.0 0.7174 0.3259 0.3591 0.0463 0.193 0.1 0.03 0.04 0.05 0.06 0.07 0.08 0.09 0.1 0.11 0.12 0.13 0.14 0.15 0.16 0.17 0.18 0.19 0.2 0.21 0.22 0.4871 0.57 0.5378 0.5193 0.6092 0.5792 0.547 0.623 0.6183 0.5792 0.6253 0.6576 0.6183 0.6207 0.6829 0.6483 0.6322 0.6829 0.6668 0.6529 0.1478 0.1269 0.1778 0.1963 0.1686 0.194 0.238 0.2056 0.2056 0.275 0.238 0.2241 0.3004 0.2773 0.2542 0.3051 0.3143 0.2843 0.3004 0.3583 0.1538 0.1861 0.2346 0.1953 0.1976 0.2737 0.2299 0.2114 0.2922 0.2622 0.2346 0.2968 0.2968 0.2691 0.2991 0.3244 0.2922 0.2991 0.3544 0.3244
1.0 1.0 1.0 0.6898 0.3838 0.3729 0.1307 0.1003 0.0077 0.04 0.05 0.06 0.07 0.08 0.09 0.1 0.11 0.12 0.13 0.14 0.15 0.16 0.17 0.18 0.19 0.2 0.21 0.22 0.23 0.57 0.5378 0.5193 0.6092 0.5792 0.547 0.623 0.6183 0.5792 0.6253 0.6576 0.6183 0.6207 0.6829 0.6483 0.6322 0.6829 0.6668 0.6529 0.6921 0.1269 0.1778 0.1963 0.1686 0.194 0.238 0.2056 0.2056 0.275 0.238 0.2241 0.3004 0.2773 0.2542 0.3051 0.3143 0.2843 0.3004 0.3583 0.3282 0.1861 0.2346 0.1953 0.1976 0.2737 0.2299 0.2114 0.2922 0.2622 0.2346 0.2968 0.2968 0.2691 0.2991 0.3244 0.2922 0.2991 0.3544 0.3244 0.3221
1.0 1.0 1.0 0.699 0.3699 0.3591 0.0843 0.0077 0.1233 0.05 0.06 0.07 0.08 0.09 0.1 0.11 0.12 0.13 0.14 0.15 0.16 0.17 0.18 0.19 0.2 0.21 0.22 0.23 0.24 0.5378 0.5193 0.6092 0.5792 0.547 0.623 0.6183 0.5792 0.6253 0.6576 0.6183 0.6207 0.6829 0.6483 0.6322 0.6829 0.6668 0.6529 0.6921 0.7174 0.1778 0.1963 0.1686 0.194 0.238 0.2056 0.2056 0.275 0.238 0.2241 0.3004 0.2773 0.2542 0.3051 0.3143 0.2843 0.3004 0.3583 0.3282 0.3259 0.2346 0.1953 0.1976 0.2737 0.2299 0.2114 0.2922 0.2622 0.2346 0.2968 0.2968 0.2691 0.2991 0.3244 0.2922 0.2991 0.3544 0.3244 0.3221 0.3591
1.0 1.0 1.0 0.7589 0.3583 0.3844 0.092 0.193 0.046 0.06 0.07 0.08 0.09 0.1 0.11 0.12 0.13 0.14 0.15 0.16 0.17 0.18 0.19 0.2 0.21 0.22 0.23 0.24 0.25 0.5193 0.6092 0.5792 0.547 0.623 0.6183 0.5792 0.6253 0.6576 0.6183 0.6207 0.6829 0.6483 0.6322 0.6829 0.6668 0.6529 0.6921 0.7174 0.6898 0.1963 0.1686 0.194 0.238 0.2056 0.2056 0.275 0.238 0.2241 0.3004 0.2773 0.2542 0.3051 0.3143 0.2843 0.3004 0.3583 0.3282 0.3259 0.3838 0.1953 0.1976 0.2737 0.2299 0.2114 0.2922 0.2622 0.2346 0.2968 0.2968 0.2691 0.2991 0.3244 0.2922 0.2991 0.3544 0.3244 0.3221 0.3591 0.3729
1.0 1.0 1.0 0.7336 0.3884 0.4352 0.0307 0.0463 0.046 0.07 0.08 0.09 0.1 0.11 0.12 0.13 0.14 0.15 0.16 0.17 0.18 0.19 0.2 0.21 0.22 0.23 0.24 0.25 0.26 0.6092 0.5792 0.547 0.623 0.6183 0.5792 0.6253 0.6576 0.6183 0.6207 0.6829 0.6483 0.6322 0.6829 0.6668 0.6529 0.6921 0.7174 0.6898 0.699 0.1686 0.194 0.238 0.2056 0.2056 0.275 0.238 0.2241 0.3004 0.2773 0.2542 0.3051 0.3143 0.2843 0.3004 0.3583 0.3282 0.3259 0.3838 0.3699 0.1976 0.2737 0.2299 0.2114 0.2922 0.2622 0.2346 0.2968 0.2968 0.2691 0.2991 0.3244 0.2922 0.2991 0.3544 0.3244 0.3221 0.3591 0.3729 0.3591
1.0 1.0 1.0 0.722 0.4162 0.3982 0.1997 0.0387 0.0843 0.08 0.09 0.1 0.11 0.12 0.13 0.14 0.15 0.16 0.17 0.18 0.19 0.2 0.21 0.22 0.23 0.24 0.25 0.26 0.27 0.5792 0.547 0.623 0.6183 0.5792 0.6253 0.6576 0.6183 0.6207 0.6829 0.6483 0.6322 0.6829 0.6668 0.6529 0.6921 0.7174 0.6898 0.699 0.7589 0.194 0.238 0.2056 0.2056 0.275 0.238 0.2241 0.3004 0.2773 0.2542 0.3051 0.3143 0.2843 0.3004 0.3583 0.3282 0.3259 0.3838 0.3699 0.3583 0.2737 0.2299 0.2114 0.2922 0.2622 0.2346 0.2968 0.2968 0.2691 0.2991 0.3244 0.2922 0.2991 0.3544 0.3244 0.3221 0.3591 0.3729 0.3591 0.3844
1.0 1.0 1.0 0.7866 0.3861 0.3982 0.0843 0.1003 0.1693 0.09 0.1 0.11 0.12 0.13 0.14 0.15 0.16 0.17 0.18 0.19 0.2 0.21 0.22 0.23 0.24 0.25 0.26 0.27 0.28 0.547 0.623 0.6183 0.5792 0.6253 0.6576 0.6183 0.6207 0.6829 0.6483 0.6322 0.6829 0.6668 0.6529 0.6921 0.7174 0.6898 0.699 0.7589 0.7336 0.238 0.2056 0.2056 0.275 0.238 0.2241 0.3004 0.2773 0.2542 0.3051 0.3143 0.2843 0.3004 0.3583 0.3282 0.3259 0.3838 0.3699 0.3583 0.3884 0.2299 0.2114 0.2922 0.2622 0.2346 0.2968 0.2968 0.2691 0.2991 0.3244 0.2922 0.2991 0.3544 0.3244 0.3221 0.3591 0.3729 0.3591 0.3844 0.4352
1.0 1.0 1.0 0.7704 0.3953 0.4652 0.0387 0.0927 0.1233 0.1 0.11 0.12 0.13 0.14 0.15 0.16 0.17 0.18 0.19 0.2 0.21 0.22 0.23 0.24 0.25 0.26 0.27 0.28 0.29 0.623 0.6183 0.5792 0.6253 0.6576 0.6183 0.6207 0.6829 0.6483 0.6322 0.6829 0.6668 0.6529 0.6921 0.7174 0.6898 0.699 0.7589 0.7336 0.722 0.2056 0.2056 0.275 0.238 0.2241 0.3004 0.2773 0.2542 0.3051 0.3143 0.2843 0.3004 0.3583 0.3282 0.3259 0.3838 0.3699 0.3583 0.3884 0.4162 0.2114 0.2922 0.2622 0.2346 0.2968 0.2968 0.2691 0.2991 0.3244 0.2922 0.2991 0.3544 0.3244 0.3221 0.3591 0.3729 0.3591 0.3844 0.4352 0.3982
1.0 1.0 1.0 0.7497 0.4347 0.426 0.2153 0.1003 0.0 0.11 0.12 0.13 0.14 0.15 0.16 0.17 0.18 0.19 0.2 0.21 0.22 0.23 0.24 0.25 0.26 0.27 0.28 0.29 0.3 0.6183 0.5792 0.6253 0.6576 0.6183 0.6207 0.6829 0.6483 0.6322 0.6829 0.6668 0.6529 0.6921 0.7174 0.6898 0.699 0.7589 0.7336 0.722 0.7866 0.2056 0.275 0.238 0.2241 0.3004 0.2773 0.2542 0.3051 0.3143 0.2843 0.3004 0.3583 0.3282 0.3259 0.3838 0.3699 0.3583 0.3884 0.4162 0.3861 0.2922 0.2622 0.2346 0.2968 0.2968 0.2691 0.2991 0.3244 0.2922 0.2991 0.3544 0.3244 0.3221 0.3591 0.3729 0.3591 0.3844 0.4352 0.3982 0.3982
1.0 1.0 1.0 0.7934 0.3977 0.4121 0.054 0.0307 0.2233 0.12 0.13 0.14 0.15 0.16 0.17 0.18 0.19 0.2 0.21 0.22 0.23 0.24 0.25 0.26 0.27 0.28 0.29 0.3 0.31 0.5792 0.6253 0.6576 0.6183 0.6207 0.6829 0.6483 0.6322 0.6829 0.6668 0.6529 0.6921 0.7174 0.6898 0.699 0.7589 0.7336 0.722 0.7866 0.7704 0.275 0.238 0.2241 0.3004 0.2773 0.2542 0.3051 0.3143 0.2843 0.3004 0.3583 0.3282 0.3259 0.3838 0.3699 0.3583 0.3884 0.4162 0.3861 0.3953 0.2622 0.2346 0.2968 0.2968 0.2691 0.2991 0.3244 0.2922 0.2991 0.3544 0.3244 0.3221 0.3591 0.3729 0.3591 0.3844 0.4352 0.3982 0.3982 0.4652
1.0 1.0 1.0 0.7866 0.3931 0.4698 0.069 0.1313 0.1307 0.13 0.14 0.15 0.16 0.17 0.18 0.19 0.2 0.21 0.22 0.23 0.24 0.25 0.26 0.27 0.28 0.29 0.3 0.31 0.32 0.6253 0.6576 0.6183 0.6207 0.6829 0.6483 0.6322 0.6829 0.6668 0.6529 0.6921 0.7174 0.6898 0.699 0.7589 0.7336 0.722 0.7866 0.7704 0.7497 0.238 0.2241 0.3004 0.2773 0.2542 0.3051 0.3143 0.2843 0.3004 0.3583 0.3282 0.3259 0.3838 0.3699 0.3583 0.3884 0.4162 0.3861 0.3953 0.4347 0.2346 0.2968 0.2968 0.2691 0.2991 0.3244 0.2922 0.2991 0.3544 0.3244 0.3221 0.3591 0.3729 0.3591 0.3844 0.4352 0.3982 0.3982 0.4652 0.426
1.0 1.0 1.0 0.7589 0.4301 0.4329 0.1457 0.1233 0.0463 0.14 0.15 0.16 0.17 0.18 0.19 0.2 0.21 0.22 0.23 0.24 0.25 0.26 0.27 0.28 0.29 0.3 0.31 0.32 0.33 0.6576 0.6183 0.6207 0.6829 0.6483 0.6322 0.6829 0.6668 0.6529 0.6921 0.7174 0.6898 0.699 0.7589 0.7336 0.722 0.7866 0.7704 0.7497 0.7934 0.2241 0.3004 0.2773 0.2542 0.3051 0.3143 0.2843 0.3004 0.3583 0.3282 0.3259 0.3838 0.3699 0.3583 0.3884 0.4162 0.3861 0.3953 0.4347 0.3977 0.2968 0.2968 0.2691 0.2991 0.3244 0.2922 0.2991 0.3544 0.3244 0.3221 0.3591 0.3729 0.3591 0.3844 0.4352 0.3982 0.3982 0.4652 0.426 0.4121
1.0 1.0 1.0 0.7934 0.4 0.4121 0.0227 0.0153 0.1923 0.15 0.16 0.17 0.18 0.19 0.2 0.21 0.22 0.23 0.24 0.25 0.26 0.27 0.28 0.29 0.3 0.31 0.32 0.33 0.34 0.6183 0.6207 0.6829 0.6483 0.6322 0.6829 0.6668 0.6529 0.6921 0.7174 0.6898 0.699 0.7589 0.7336 0.722 0.7866 0.7704 0.7497 0.7934 0.7866 0.3004 0.2773 0.2542 0.3051 0.3143 0.2843 0.3004 0.3583 0.3282 0.3259 0.3838 0.3699 0.3583 0.3884 0.4162 0.3861 0.3953 0.4347 0.3977 0.3931 0.2968 0.2691 0.2991 0.3244 0.2922 0.2991 0.3544 0.3244 0.3221 0.3591 0.3729 0.3591 0.3844 0.4352 0.3982 0.3982 0.4652 0.426 0.4121 0.4698
1.0 1.0 1.0 0.7934 0.3977 0.4582 0.0923 0.1233 0.123 0.16 0.17 0.18 0.19 0.2 0.21 0.22 0.23 0.24 0.25 0.26 0.27 0.28 0.29 0.3 0.31 0.32 0.33 0.34 0.35 0.6207 0.6829 0.6483 0.6322 0.6829 0.6668 0.6529 0.6921 0.7174 0.6898 0.699 0.7589 0.7336 0.722 0.7866 0.7704 0.7497 0.7934 0.7866 0.7589 0.2773 0.2542 0.3051 0.3143 0.2843 0.3004 0.3583 0.3282 0.3259 0.3838 0.3699 0.3583 0.3884 0.4162 0.3861 0.3953 0.4347 0.3977 0.3931 0.4301 0.2691 0.2991 0.3244 0.2922 0.2991 0.3544 0.3244 0.3221 0.3591 0.3729 0.3591 0.3844 0.4352 0.3982 0.3982 0.4652 0.426 0.4121 0.4698 0.4329
1.0 1.0 1.0 0.7612 0.4278 0.4306 0.115 0.1003 0.0693 0.17 0.18 0.19 0.2 0.21 0.22 0.23 0.24 0.25 0.26 0.27 0.28 0.29 0.3 0.31 0.32 0.33 0.34 0.35 0.36 0.6829 0.6483 0.6322 0.6829 0.6668 0.6529 0.6921 0.7174 0.6898 0.699 0.7589 0.7336 0.722 0.7866 0.7704 0.7497 0.7934 0.7866 0.7589 0.7934 0.2542 0.3051 0.3143 0.2843 0.3004 0.3583 0.3282 0.3259 0.3838 0.3699 0.3583 0.3884 0.4162 0.3861 0.3953 0.4347 0.3977 0.3931 0.4301 0.4 0.2991 0.3244 0.2922 0.2991 0.3544 0.3244 0.3221 0.3591 0.3729 0.3591 0.3844 0.4352 0.3982 0.3982 0.4652 0.426 0.4121 0.4698 0.4329 0.4121
1.0 1.0 1.0 0.8027 0.4 0.4168 0.0 0.0077 0.1537 0.18 0.19 0.2 0.21 0.22 0.23 0.24 0.25 0.26 0.27 0.28 0.29 0.3 0.31 0.32 0.33 0.34 0.35 0.36 0.37 0.6483 0.6322 0.6829 0.6668 0.6529 0.6921 0.7174 0.6898 0.699 0.7589 0.7336 0.722 0.7866 0.7704 0.7497 0.7934 0.7866 0.7589 0.7934 0.7934 0.3051 0.3143 0.2843 0.3004 0.3583 0.3282 0.3259 0.3838 0.3699 0.3583 0.3884 0.4162 0.3861 0.3953 0.4347 0.3977 0.3931 0.4301 0.4 0.3977 0.3244 0.2922 0.2991 0.3544 0.3244 0.3221 0.3591 0.3729 0.3591 0.3844 0.4352 0.3982 0.3982 0.4652 0.426 0.4121 0.4698 0.4329 0.4121 0.4582
1.0 1.0 1.0 0.7797 0.4 0.4744 0.1073 0.1003 0.092 0.19 0.2 0.21 0.22 0.23 0.24 0.25 0.26 0.27 0.28 0.29 0.3 0.31 0.32 0.33 0.34 0.35 0.36 0.37 0.38 0.6322 0.6829 0.6668 0.6529 0.6921 0.7174 0.6898 0.699 0.7589 0.7336 0.722 0.7866 0.7704 0.7497 0.7934 0.7866 0.7589 0.7934 0.7934 0.7612 0.3143 0.2843 0.3004 0.3583 0.3282 0.3259 0.3838 0.3699 0.3583 0.3884 0.4162 0.3861 0.3953 0.4347 0.3977 0.3931 0.4301 0.4 0.3977 0.4278 0.2922 0.2991 0.3544 0.3244 0.3221 0.3591 0.3729 0.3591 0.3844 0.4352 0.3982 0.3982 0.4652 0.426 0.4121 0.4698 0.4329 0.4121 0.4582 0.4306
1.0 1.0 1.0 0.7543 0.4231 0.4444 0.1383 0.0927 0.046 0.2 0.21 0.22 0.23 0.24 0.25 0.26 0.27 0.28 0.29 0.3 0.31 0.32 0.33 0.34 0.35 0.36 0.37 0.38 0.39 0.6829 0.6668 0.6529 0.6921 0.7174 0.6898 0.699 0.7589 0.7336 0.722 0.7866 0.7704 0.7497 0.7934 0.7866 0.7589 0.7934 0.7934 0.7612 0.8027 0.2843 0.3004 0.3583 0.3282 0.3259 0.3838 0.3699 0.3583 0.3884 0.4162 0.3861 0.3953 0.4347 0.3977 0.3931 0.4301 0.4 0.3977 0.4278 0.4 0.2991 0.3544 0.3244 0.3221 0.3591 0.3729 0.3591 0.3844 0.4352 0.3982 0.3982 0.4652 0.426 0.4121 0.4698 0.4329 0.4121 0.4582 0.4306 0.4168
1.0 1.0 1.0 0.8003 0.4023 0.4329 0.0767 0.0 0.192 0.21 0.22 0.23 0.24 0.25 0.26 0.27 0.28 0.29 0.3 0.31 0.32 0.33 0.34 0.35 0.36 0.37 0.38 0.39 0.4 0.6668 0.6529 0.6921 0.7174 0.6898 0.699 0.7589 0.7336 0.722 0.7866 0.7704 0.7497 0.7934 0.7866 0.7589 0.7934 0.7934 0.7612 0.8027 0.7797 0.3004 0.3583 0.3282 0.3259 0.3838 0.3699 0.3583 0.3884 0.4162 0.3861 0.3953 0.4347 0.3977 0.3931 0.4301 0.4 0.3977 0.4278 0.4 0.4 0.3544 0.3244 0.3221 0.3591 0.3729 0.3591 0.3844 0.4352 0.3982 0.3982 0.4652 0.426 0.4121 0.4698 0.4329 0.4121 0.4582 0.4306 0.4168 0.4744
1.0 1.0 1.0 0.7934 0.4116 0.4837 0.0847 0.077 0.1 0.22 0.23 0.24 0.25 0.26 0.27 0.28 0.29 0.3 0.31 0.32 0.33 0.34 0.35 0.36 0.37 0.38 0.39 0.4 0.41 0.6529 0.6921 0.7174 0.6898 0.699 0.7589 0.7336 0.722 0.7866 0.7704 0.7497 0.7934 0.7866 0.7589 0.7934 0.7934 0.7612 0.8027 0.7797 0.7543 0.3583 0.3282 0.3259 0.3838 0.3699 0.3583 0.3884 0.4162 0.3861 0.3953 0.4347 0.3977 0.3931 0.4301 0.4 0.3977 0.4278 0.4 0.4 0.4231 0.3244 0.3221 0.3591 0.3729 0.3591 0.3844 0.4352 0.3982 0.3982 0.4652 0.426 0.4121 0.4698 0.4329 0.4121 0.4582 0.4306 0.4168 0.4744 0.4444
1.0 1.0 1.0 0.7658 0.4463 0.4537 0.1533 0.0693 0.0383 0.23 0.24 0.25 0.26 0.27 0.28 0.29 0.3 0.31 0.32 0.33 0.34 0.35 0.36 0.37 0.38 0.39 0.4 0.41 0.42 0.6921 0.7174 0.6898 0.699 0.7589 0.7336 0.722 0.7866 0.7704 0.7497 0.7934 0.7866 0.7589 0.7934 0.7934 0.7612 0.8027 0.7797 0.7543 0.8003 0.3282 0.3259 0.3838 0.3699 0.3583 0.3884 0.4162 0.3861 0.3953 0.4347 0.3977 0.3931 0.4301 0.4 0.3977 0.4278 0.4 0.4 0.4231 0.4023 0.3221 0.3591 0.3729 0.3591 0.3844 0.4352 0.3982 0.3982 0.4652 0.426 0.4121 0.4698 0.4329 0.4121 0.4582 0.4306 0.4168 0.4744 0.4444 0.4329
1.0 1.0 1.0 0.8188 0.4186 0.4421 0.023 0.031 0.1693 0.24 0.25 0.26 0.27 0.28 0.29 0.3 0.31 0.32 0.33 0.34 0.35 0.36 0.37 0.38 0.39 0.4 0.41 0.42 0.43 0.7174 0.6898 0.699 0.7589 0.7336 0.722 0.7866 0.7704 0.7497 0.7934 0.7866 0.7589 0.7934 0.7934 0.7612 0.8027 0.7797 0.7543 0.8003 0.7934 0.3259 0.3838 0.3699 0.3583 0.3884 0.4162 0.3861 0.3953 0.4347 0.3977 0.3931 0.4301 0.4 0.3977 0.4278 0.4 0.4 0.4231 0.4023 0.4116 0.3591 0.3729 0.3591 0.3844 0.4352 0.3982 0.3982 0.4652 0.426 0.4121 0.4698 0.4329 0.4121 0.4582 0.4306 0.4168 0.4744 0.4444 0.4329 0.4837
1.0 1.0 1.0 0.8096 0.4231 0.5113 0.092 0.1157 0.1 0.25 0.26 0.27 0.28 0.29 0.3 0.31 0.32 0.33 0.34 0.35 0.36 0.37 0.38 0.39 0.4 0.41 0.42 0.43 0.44 0.6898 0.699 0.7589 0.7336 0.722 0.7866 0.7704 0.7497 0.7934 0.7866 0.7589 0.7934 0.7934 0.7612 0.8027 0.7797 0.7543 0.8003 0.7934 0.7658 0.3838 0.3699 0.3583 0.3884 0.4162 0.3861 0.3953 0.4347 0.3977 0.3931 0.4301 0.4 0.3977 0.4278 0.4 0.4 0.4231 0.4023 0.4116 0.4463 0.3729 0.3591 0.3844 0.4352 0.3982 0.3982 0.4652 0.426 0.4121 0.4698 0.4329 0.4121 0.4582 0.4306 0.4168 0.4744 0.4444 0.4329 0.4837 0.4537
1.0 1.0 1.0 0.775 0.4741 0.4744 0.1767 0.0923 0.0387 0.26 0.27 0.28 0.29 0.3 0.31 0.32 0.33 0.34 0.35 0.36 0.37 0.38 0.39 0.4 0.41 0.42 0.43 0.44 0.45 0.699 0.7589 0.7336 0.722 0.7866 0.7704 0.7497 0.7934 0.7866 0.7589 0.7934 0.7934 0.7612 0.8027 0.7797 0.7543 0.8003 0.7934 0.7658 0.8188 0.3699 0.3583 0.3884 0.4162 0.3861 0.3953 0.4347 0.3977 0.3931 0.4301 0.4 0.3977 0.4278 0.4 0.4 0.4231 0.4023 0.4116 0.4463 0.4186 0.3591 0.3844 0.4352 0.3982 0.3982 0.4652 0.426 0.4121 0.4698 0.4329 0.4121 0.4582 0.4306 0.4168 0.4744 0.4444 0.4329 0.4837 0.4537 0.4421
1.0 1.0 1.0 0.8372 0.444 0.449 0.0307 0.015 0.2307 0.27 0.28 0.29 0.3 0.31 0.32 0.33 0.34 0.35 0.36 0.37 0.38 0.39 0.4 0.41 0.42 0.43 0.44 0.45 0.46 0.7589 0.7336 0.722 0.7866 0.7704 0.7497 0.7934 0.7866 0.7589 0.7934 0.7934 0.7612 0.8027 0.7797 0.7543 0.8003 0.7934 0.7658 0.8188 0.8096 0.3583 0.3884 0.4162 0.3861 0.3953 0.4347 0.3977 0.3931 0.4301 0.4 0.3977 0.4278 0.4 0.4 0.4231 0.4023 0.4116 0.4463 0.4186 0.4231 0.3844 0.4352 0.3982 0.3982 0.4652 0.426 0.4121 0.4698 0.4329 0.4121 0.4582 0.4306 0.4168 0.4744 0.4444 0.4329 0.4837 0.4537 0.4421 0.5113
1.0 1.0 1.0 0.8372 0.437 0.5251 0.1153 0.17 0.123 0.28 0.29 0.3 0.31 0.32 0.33 0.34 0.35 0.36 0.37 0.38 0.39 0.4 0.41 0.42 0.43 0.44 0.45 0.46 0.47 0.7336 0.722 0.7866 0.7704 0.7497 0.7934 0.7866 0.7589 0.7934 0.7934 0.7612 0.8027 0.7797 0.7543 0.8003 0.7934 0.7658 0.8188 0.8096 0.775 0.3884 0.4162 0.3861 0.3953 0.4347 0.3977 0.3931 0.4301 0.4 0.3977 0.4278 0.4 0.4 0.4231 0.4023 0.4116 0.4463 0.4186 0.4231 0.4741 0.4352 0.3982 0.3982 0.4652 0.426 0.4121 0.4698 0.4329 0.4121 0.4582 0.4306 0.4168 0.4744 0.4444 0.4329 0.4837 0.4537 0.4421 0.5113 0.4744
1.0 1.0 1.0 0.7958 0.4972 0.4998 0.2073 0.1003 0.0847 0.29 0.3 0.31 0.32 0.33 0.34 0.35 0.36 0.37 0.38 0.39 0.4 0.41 0.42 0.43 0.44 0.45 0.46 0.47 0.48 0.722 0.7866 0.7704 0.7497 0.7934 0.7866 0.7589 0.7934 0.7934 0.7612 0.8027 0.7797 0.7543 0.8003 0.7934 0.7658 0.8188 0.8096 0.775 0.8372 0.4162 0.3861 0.3953 0.4347 0.3977 0.3931 0.4301 0.4 0.3977 0.4278 0.4 0.4 0.4231 0.4023 0.4116 0.4463 0.4186 0.4231 0.4741 0.444 0.3982 0.3982 0.4652 0.426 0.4121 0.4698 0.4329 0.4121 0.4582 0.4306 0.4168 0.4744 0.4444 0.4329 0.4837 0.4537 0.4421 0.5113 0.4744 0.449
1.0 1.0 1.0 0.8418 0.4648 0.4629 0.0 0.0233 0.2537 0.3 0.31 0.32 0.33 0.34 0.35 0.36 0.37 0.38 0.39 0.4 0.41 0.42 0.43 0.44 0.45 0.46 0.47 0.48 0.49 0.7866 0.7704 0.7497 0.7934 0.7866 0.7589 0.7934 0.7934 0.7612 0.8027 0.7797 0.7543 0.8003 0.7934 0.7658 0.8188 0.8096 0.775 0.8372 0.8372 0.3861 0.3953 0.4347 0.3977 0.3931 0.4301 0.4 0.3977 0.4278 0.4 0.4 0.4231 0.4023 0.4116 0.4463 0.4186 0.4231 0.4741 0.444 0.437 0.3982 0.4652 0.426 0.4121 0.4698 0.4329 0.4121 0.4582 0.4306 0.4168 0.4744 0.4444 0.4329 0.4837 0.4537 0.4421 0.5113 0.4744 0.449 0.5251
1.0 1.0 1.0 0.8602 0.4486 0.5343 0.138 0.2007 0.0843 0.31 0.32 0.33 0.34 0.35 0.36 0.37 0.38 0.39 0.4 0.41 0.42 0.43 0.44 0.45 0.46 0.47 0.48 0.49 0.5 0.7704 0.7497 0.7934 0.7866 0.7589 0.7934 0.7934 0.7612 0.8027 0.7797 0.7543 0.8003 0.7934 0.7658 0.8188 0.8096 0.775 0.8372 0.8372 0.7958 0.3953 0.4347 0.3977 0.3931 0.4301 0.4 0.3977 0.4278 0.4 0.4 0.4231 0.4023 0.4116 0.4463 0.4186 0.4231 0.4741 0.444 0.437 0.4972 0.4652 0.426 0.4121 0.4698 0.4329 0.4121 0.4582 0.4306 0.4168 0.4744 0.4444 0.4329 0.4837 0.4537 0.4421 0.5113 0.4744 0.449 0.5251 0.4998
1.0 1.0 1.0 0.8119 0.5158 0.5136 0.1533 0.108 0.123 0.32 0.33 0.34 0.35 0.36 0.37 0.38 0.39 0.4 0.41 0.42 0.43 0.44 0.45 0.46 0.47 0.48 0.49 0.5 0.51 0.7497 0.7934 0.7866 0.7589 0.7934 0.7934 0.7612 0.8027 0.7797 0.7543 0.8003 0.7934 0.7658 0.8188 0.8096 0.775 0.8372 0.8372 0.7958 0.8418 0.4347 0.3977 0.3931 0.4301 0.4 0.3977 0.4278 0.4 0.4 0.4231 0.4023 0.4116 0.4463 0.4186 0.4231 0.4741 0.444 0.437 0.4972 0.4648 0.426 0.4121 0.4698 0.4329 0.4121 0.4582 0.4306 0.4168 0.4744 0.4444 0.4329 0.4837 0.4537 0.4421 0.5113 0.4744 0.449 0.5251 0.4998 0.4629
1.0 1.0 1.0 0.8349 0.4787 0.4721 0.0613 0.054 0.238 0.33 0.34 0.35 0.36 0.37 0.38 0.39 0.4 0.41 0.42 0.43 0.44 0.45 0.46 0.47 0.48 0.49 0.5 0.51 0.52 0.7934 0.7866 0.7589 0.7934 0.7934 0.7612 0.8027 0.7797 0.7543 0.8003 0.7934 0.7658 0.8188 0.8096 0.775 0.8372 0.8372 0.7958 0.8418 0.8602 0.3977 0.3931 0.4301 0.4 0.3977 0.4278 0.4 0.4 0.4231 0.4023 0.4116 0.4463 0.4186 0.4231 0.4741 0.444 0.437 0.4972 0.4648 0.4486 0.4121 0.4698 0.4329 0.4121 0.4582 0.4306 0.4168 0.4744 0.4444 0.4329 0.4837 0.4537 0.4421 0.5113 0.4744 0.449 0.5251 0.4998 0.4629 0.5343
1.0 1.0 1.0 0.8694 0.4486 0.5229 0.161 0.224 0.069 0.34 0.35 0.36 0.37 0.38 0.39 0.4 0.41 0.42 0.43 0.44 0.45 0.46 0.47 0.48 0.49 0.5 0.51 0.52 0.53 0.7866 0.7589 0.7934 0.7934 0.7612 0.8027 0.7797 0.7543 0.8003 0.7934 0.7658 0.8188 0.8096 0.775 0.8372 0.8372 0.7958 0.8418 0.8602 0.8119 0.3931 0.4301 0.4 0.3977 0.4278 0.4 0.4 0.4231 0.4023 0.4116 0.4463 0.4186 0.4231 0.4741 0.444 0.437 0.4972 0.4648 0.4486 0.5158 0.4698 0.4329 0.4121 0.4582 0.4306 0.4168 0.4744 0.4444 0.4329 0.4837 0.4537 0.4421 0.5113 0.4744 0.449 0.5251 0.4998 0.4629 0.5343 0.5136
1.0 1.0 1.0 0.8188 0.5134 0.5182 0.0767 0.1237 0.1383 0.35 0.36 0.37 0.38 0.39 0.4 0.41 0.42 0.43 0.44 0.45 0.46 0.47 0.48 0.49 0.5 0.51 0.52 0.53 0.54 0.7589 0.7934 0.7934 0.7612 0.8027 0.7797 0.7543 0.8003 0.7934 0.7658 0.8188 0.8096 0.775 0.8372 0.8372 0.7958 0.8418 0.8602 0.8119 0.8349 0.4301 0.4 0.3977 0.4278 0.4 0.4 0.4231 0.4023 0.4116 0.4463 0.4186 0.4231 0.4741 0.444 0.437 0.4972 0.4648 0.4486 0.5158 0.4787 0.4329 0.4121 0.4582 0.4306 0.4168 0.4744 0.4444 0.4329 0.4837 0.4537 0.4421 0.5113 0.4744 0.449 0.5251 0.4998 0.4629 0.5343 0.5136 0.4721
1.0 1.0 1.0 0.8164 0.4857 0.4698 0.115 0.1003 0.1693 0.36 0.37 0.38 0.39 0.4 0.41 0.42 0.43 0.44 0.45 0.46 0.47 0.48 0.49 0.5 0.51 0.52 0.53 0.54 0.55 0.7934 0.7934 0.7612 0.8027 0.7797 0.7543 0.8003 0.7934 0.7658 0.8188 0.8096 0.775 0.8372 0.8372 0.7958 0.8418 0.8602 0.8119 0.8349 0.8694 0.4 0.3977 0.4278 0.4 0.4 0.4231 0.4023 0.4116 0.4463 0.4186 0.4231 0.4741 0.444 0.437 0.4972 0.4648 0.4486 0.5158 0.4787 0.4486 0.4121 0.4582 0.4306 0.4168 0.4744 0.4444 0.4329 0.4837 0.4537 0.4421 0.5113 0.4744 0.449 0.5251 0.4998 0.4629 0.5343 0.5136 0.4721 0.5229
1.0 1.0 1.0 0.8718 0.4463 0.4974 0.1687 0.216 0.0157 0.37 0.38 0.39 0.4 0.41 0.42 0.43 0.44 0.45 0.46 0.47 0.48 0.49 0.5 0.51 0.52 0.53 0.54 0.55 0.56 0.7934 0.7612 0.8027 0.7797 0.7543 0.8003 0.7934 0.7658 0.8188 0.8096 0.775 0.8372 0.8372 0.7958 0.8418 0.8602 0.8119 0.8349 0.8694 0.8188 0.3977 0.4278 0.4 0.4 0.4231 0.4023 0.4116 0.4463 0.4186 0.4231 0.4741 0.444 0.437 0.4972 0.4648 0.4486 0.5158 0.4787 0.4486 0.5134 0.4582 0.4306 0.4168 0.4744 0.4444 0.4329 0.4837 0.4537 0.4421 0.5113 0.4744 0.449 0.5251 0.4998 0.4629 0.5343 0.5136 0.4721 0.5229 0.5182
1.0 1.0 1.0 0.8188 0.4972 0.5159 0.008 0.0923 0.1613 0.38 0.39 0.4 0.41 0.42 0.43 0.44 0.45 0.46 0.47 0.48 0.49 0.5 0.51 0.52 0.53 0.54 0.55 0.56 0.57 0.7612 0.8027 0.7797 0.7543 0.8003 0.7934 0.7658 0.8188 0.8096 0.775 0.8372 0.8372 0.7958 0.8418 0.8602 0.8119 0.8349 0.8694 0.8188 0.8164 0.4278 0.4 0.4 0.4231 0.4023 0.4116 0.4463 0.4186 0.4231 0.4741 0.444 0.437 0.4972 0.4648 0.4486 0.5158 0.4787 0.4486 0.5134 0.4857 0.4306 0.4168 0.4744 0.4444 0.4329 0.4837 0.4537 0.4421 0.5113 0.4744 0.449 0.5251 0.4998 0.4629 0.5343 0.5136 0.4721 0.5229 0.5182 0.4698
1.0 1.0 1.0 0.798 0.488 0.4674 0.1847 0.1313 0.092 0.39 0.4 0.41 0.42 0.43 0.44 0.45 0.46 0.47 0.48 0.49 0.5 0.51 0.52 0.53 0.54 0.55 0.56 0.57 0.58 0.8027 0.7797 0.7543 0.8003 0.7934 0.7658 0.8188 0.8096 0.775 0.8372 0.8372 0.7958 0.8418 0.8602 0.8119 0.8349 0.8694 0.8188 0.8164 0.8718 0.4 0.4 0.4231 0.4023 0.4116 0.4463 0.4186 0.4231 0.4741 0.444 0.437 0.4972 0.4648 0.4486 0.5158 0.4787 0.4486 0.5134 0.4857 0.4463 0.4168 0.4744 0.4444 0.4329 0.4837 0.4537 0.4421 0.5113 0.4744 0.449 0.5251 0.4998 0.4629 0.5343 0.5136 0.4721 0.5229 0.5182 0.4698 0.4974
1.0 1.0 1.0 0.8671 0.444 0.4721 0.1767 0.1697 0.0617 0.4 0.41 0.42 0.43 0.44 0.45 0.46 0.47 0.48 0.49 0.5 0.51 0.52 0.53 0.54 0.55 0.56 0.57 0.58 0.59 0.7797 0.7543 0.8003 0.7934 0.7658 0.8188 0.8096 0.775 0.8372 0.8372 0.7958 0.8418 0.8602 0.8119 0.8349 0.8694 0.8188 0.8164 0.8718 0.8188 0.4 0.4231 0.4023 0.4116 0.4463 0.4186 0.4231 0.4741 0.444 0.437 0.4972 0.4648 0.4486 0.5158 0.4787 0.4486 0.5134 0.4857 0.4463 0.4972 0.4744 0.4444 0.4329 0.4837 0.4537 0.4421 0.5113 0.4744 0.449 0.5251 0.4998 0.4629 0.5343 0.5136 0.4721 0.5229 0.5182 0.4698 0.4974 0.5159
1.0 1.0 1.0 0.8188 0.4741 0.509 0.0693 0.0307 0.1617 0.41 0.42 0.43 0.44 0.45 0.46 0.47 0.48 0.49 0.5 0.51 0.52 0.53 0.54 0.55 0.56 0.57 0.58 0.59 0.6 0.7543 0.8003 0.7934 0.7658 0.8188 0.8096 0.775 0.8372 0.8372 0.7958 0.8418 0.8602 0.8119 0.8349 0.8694 0.8188 0.8164 0.8718 0.8188 0.798 0.4231 0.4023 0.4116 0.4463 0.4186 0.4231 0.4741 0.444 0.437 0.4972 0.4648 0.4486 0.5158 0.4787 0.4486 0.5134 0.4857 0.4463 0.4972 0.488 0.4444 0.4329 0.4837 0.4537 0.4421 0.5113 0.4744 0.449 0.5251 0.4998 0.4629 0.5343 0.5136 0.4721 0.5229 0.5182 0.4698 0.4974 0.5159 0.4674
1.0 1.0 1.0 0.7819 0.4902 0.4629 0.2303 0.1467 0.0157 0.42 0.43 0.44 0.45 0.46 0.47 0.48 0.49 0.5 0.51 0.52 0.53 0.54 0.55 0.56 0.57 0.58 0.59 0.6 0.61 0.8003 0.7934 0.7658 0.8188 0.8096 0.775 0.8372 0.8372 0.7958 0.8418 0.8602 0.8119 0.8349 0.8694 0.8188 0.8164 0.8718 0.8188 0.798 0.8671 0.4023 0.4116 0.4463 0.4186 0.4231 0.4741 0.444 0.437 0.4972 0.4648 0.4486 0.5158 0.4787 0.4486 0.5134 0.4857 0.4463 0.4972 0.488 0.444 0.4329 0.4837 0.4537 0.4421 0.5113 0.4744 0.449 0.5251 0.4998 0.4629 0.5343 0.5136 0.4721 0.5229 0.5182 0.4698 0.4974 0.5159 0.4674 0.4721
1.0 1.0 1.0 0.8487 0.4463 0.4398 0.161 0.1003 0.123 0.43 0.44 0.45 0.46 0.47 0.48 0.49 0.5 0.51 0.52 0.53 0.54 0.55 0.56 0.57 0.58 0.59 0.6 0.61 0.62 0.7934 0.7658 0.8188 0.8096 0.775 0.8372 0.8372 0.7958 0.8418 0.8602 0.8119 0.8349 0.8694 0.8188 0.8164 0.8718 0.8188 0.798 0.8671 0.8188 0.4116 0.4463 0.4186 0.4231 0.4741 0.444 0.437 0.4972 0.4648 0.4486 0.5158 0.4787 0.4486 0.5134 0.4857 0.4463 0.4972 0.488 0.444 0.4741 0.4837 0.4537 0.4421 0.5113 0.4744 0.449 0.5251 0.4998 0.4629 0.5343 0.5136 0.4721 0.5229 0.5182 0.4698 0.4974 0.5159 0.4674 0.4721 0.509
1.0 1.0 1.0 0.8188 0.4509 0.5067 0.123 0.0537 0.1537 0.44 0.45 0.46 0.47 0.48 0.49 0.5 0.51 0.52 0.53 0.54 0.55 0.56 0.57 0.58 0.59 0.6 0.61 0.62 0.63 0.7658 0.8188 0.8096 0.775 0.8372 0.8372 0.7958 0.8418 0.8602 0.8119 0.8349 0.8694 0.8188 0.8164 0.8718 0.8188 0.798 0.8671 0.8188 0.7819 0.4463 0.4186 0.4231 0.4741 0.444 0.437 0.4972 0.4648 0.4486 0.5158 0.4787 0.4486 0.5134 0.4857 0.4463 0.4972 0.488 0.444 0.4741 0.4902 0.4537 0.4421 0.5113 0.4744 0.449 0.5251 0.4998 0.4629 0.5343 0.5136 0.4721 0.5229 0.5182 0.4698 0.4974 0.5159 0.4674 0.4721 0.509 0.4629
1.0 1.0 1.0 0.775 0.488 0.4629 0.2227 0.1463 0.077 0.45 0.46 0.47 0.48 0.49 0.5 0.51 0.52 0.53 0.54 0.55 0.56 0.57 0.58 0.59 0.6 0.61 0.62 0.63 0.64 0.8188 0.8096 0.775 0.8372 0.8372 0.7958 0.8418 0.8602 0.8119 0.8349 0.8694 0.8188 0.8164 0.8718 0.8188 0.798 0.8671 0.8188 0.7819 0.8487 0.4186 0.4231 0.4741 0.444 0.437 0.4972 0.4648 0.4486 0.5158 0.4787 0.4486 0.5134 0.4857 0.4463 0.4972 0.488 0.444 0.4741 0.4902 0.4463 0.4421 0.5113 0.4744 0.449 0.5251 0.4998 0.4629 0.5343 0.5136 0.4721 0.5229 0.5182 0.4698 0.4974 0.5159 0.4674 0.4721 0.509 0.4629 0.4398
1.0 1.0 1.0 0.752 0.4486 0.4282 0.0997 0.0153 0.223 0.46 0.47 0.48 0.49 0.5 0.51 0.52 0.53 0.54 0.55 0.56 0.57 0.58 0.59 0.6 0.61 0.62 0.63 0.64 0.65 0.8096 0.775 0.8372 0.8372 0.7958 0.8418 0.8602 0.8119 0.8349 0.8694 0.8188 0.8164 0.8718 0.8188 0.798 0.8671 0.8188 0.7819 0.8487 0.8188 0.4231 0.4741 0.444 0.437 0.4972 0.4648 0.4486 0.5158 0.4787 0.4486 0.5134 0.4857 0.4463 0.4972 0.488 0.444 0.4741 0.4902 0.4463 0.4509 0.5113 0.4744 0.449 0.5251 0.4998 0.4629 0.5343 0.5136 0.4721 0.5229 0.5182 0.4698 0.4974 0.5159 0.4674 0.4721 0.509 0.4629 0.4398 0.5067
1.0 1.0 1.0 0.7336 0.4116 0.4052 0.146 0.1237 0.146 0.47 0.48 0.49 0.5 0.51 0.52 0.53 0.54 0.55 0.56 0.57 0.58 0.59 0.6 0.61 0.62 0.63 0.64 0.65 0.66 0.775 0.8372 0.8372 0.7958 0.8418 0.8602 0.8119 0.8349 0.8694 0.8188 0.8164 0.8718 0.8188 0.798 0.8671 0.8188 0.7819 0.8487 0.8188 0.775 0.4741 0.444 0.437 0.4972 0.4648 0.4486 0.5158 0.4787 0.4486 0.5134 0.4857 0.4463 0.4972 0.488 0.444 0.4741 0.4902 0.4463 0.4509 0.488 0.4744 0.449 0.5251 0.4998 0.4629 0.5343 0.5136 0.4721 0.5229 0.5182 0.4698 0.4974 0.5159 0.4674 0.4721 0.509 0.4629 0.4398 0.5067 0.4629
1.0 1.0 1.0 0.7082 0.3884 0.389 0.0767 0.1313 0.1157 0.48 0.49 0.5 0.51 0.52 0.53 0.54 0.55 0.56 0.57 0.58 0.59 0.6 0.61 0.62 0.63 0.64 0.65 0.66 0.67 0.8372 0.8372 0.7958 0.8418 0.8602 0.8119 0.8349 0.8694 0.8188 0.8164 0.8718 0.8188 0.798 0.8671 0.8188 0.7819 0.8487 0.8188 0.775 0.752 0.444 0.437 0.4972 0.4648 0.4486 0.5158 0.4787 0.4486 0.5134 0.4857 0.4463 0.4972 0.488 0.444 0.4741 0.4902 0.4463 0.4509 0.488 0.4486 0.449 0.5251 0.4998 0.4629 0.5343 0.5136 0.4721 0.5229 0.5182 0.4698 0.4974 0.5159 0.4674 0.4721 0.509 0.4629 0.4398 0.5067 0.4629 0.4282
1.0 1.0 1.0 0.6829 0.3676 0.366 0.0613 0.1233 0.0767 0.49 0.5 0.51 0.52 0.53 0.54 0.55 0.56 0.57 0.58 0.59 0.6 0.61 0.62 0.63 0.64 0.65 0.66 0.67 0.68 0.8372 0.7958 0.8418 0.8602 0.8119 0.8349 0.8694 0.8188 0.8164 0.8718 0.8188 0.798 0.8671 0.8188 0.7819 0.8487 0.8188 0.775 0.752 0.7336 0.437 0.4972 0.4648 0.4486 0.5158 0.4787 0.4486 0.5134 0.4857 0.4463 0.4972 0.488 0.444 0.4741 0.4902 0.4463 0.4509 0.488 0.4486 0.4116 0.5251 0.4998 0.4629 0.5343 0.5136 0.4721 0.5229 0.5182 0.4698 0.4974 0.5159 0.4674 0.4721 0.509 0.4629 0.4398 0.5067 0.4629 0.4282 0.4052
1.0 1.0 1.0 0.6691 0.3421 0.3452 0.0847 0.0773 0.054 0.5 0.51 0.52 0.53 0.54 0.55 0.56 0.57 0.58 0.59 0.6 0.61 0.62 0.63 0.64 0.65 0.66 0.67 0.68 0.69 0.7958 0.8418 0.8602 0.8119 0.8349 0.8694 0.8188 0.8164 0.8718 0.8188 0.798 0.8671 0.8188 0.7819 0.8487 0.8188 0.775 0.752 0.7336 0.7082 0.4972 0.4648 0.4486 0.5158 0.4787 0.4486 0.5134 0.4857 0.4463 0.4972 0.488 0.444 0.4741 0.4902 0.4463 0.4509 0.488 0.4486 0.4116 0.3884 0.4998 0.4629 0.5343 0.5136 0.4721 0.5229 0.5182 0.4698 0.4974 0.5159 0.4674 0.4721 0.509 0.4629 0.4398 0.5067 0.4629 0.4282 0.4052 0.389
1.0 1.0 1.0 0.6507 0.3213 0.3337 0.0843 0.0693 0.0767 0.51 0.52 0.53 0.54 0.55 0.56 0.57 0.58 0.59 0.6 0.61 0.62 0.63 0.64 0.65 0.66 0.67 0.68 0.69 0.7 0.8418 0.8602 0.8119 0.8349 0.8694 0.8188 0.8164 0.8718 0.8188 0.798 0.8671 0.8188 0.7819 0.8487 0.8188 0.775 0.752 0.7336 0.7082 0.6829 0.4648 0.4486 0.5158 0.4787 0.4486 0.5134 0.4857 0.4463 0.4972 0.488 0.444 0.4741 0.4902 0.4463 0.4509 0.488 0.4486 0.4116 0.3884 0.3676 0.4629 0.5343 0.5136 0.4721 0.5229 0.5182 0.4698 0.4974 0.5159 0.4674 0.4721 0.509 0.4629 0.4398 0.5067 0.4629 0.4282 0.4052 0.389 0.366
1.0 1.0 1.0 0.6299 0.3074 0.3176 0.046 0.085 0.0693 0.52 0.53 0.54 0.55 0.56 0.57 0.58 0.59 0.6 0.61 0.62 0.63 0.64 0.65 0.66 0.67 0.68 0.69 0.7 0.71 0.8602 0.8119 0.8349 0.8694 0.8188 0.8164 0.8718 0.8188 0.798 0.8671 0.8188 0.7819 0.8487 0.8188 0.775 0.752 0.7336 0.7082 0.6829 0.6691 0.4486 0.5158 0.4787 0.4486 0.5134 0.4857 0.4463 0.4972 0.488 0.444 0.4741 0.4902 0.4463 0.4509 0.488 0.4486 0.4116 0.3884 0.3676 0.3421 0.5343 0.5136 0.4721 0.5229 0.5182 0.4698 0.4974 0.5159 0.4674 0.4721 0.509 0.4629 0.4398 0.5067 0.4629 0.4282 0.4052 0.389 0.366 0.3452
1.0 1.0 1.0 0.6138 0.2889 0.2968 0.0613 0.0693 0.0383 0.53 0.54 0.55 0.56 0.57 0.58 0.59 0.6 0.61 0.62 0.63 0.64 0.65 0.66 0.67 0.68 0.69 0.7 0.71 0.72 0.8119 0.8349 0.8694 0.8188 0.8164 0.8718 0.8188 0.798 0.8671 0.8188 0.7819 0.8487 0.8188 0.775 0.752 0.7336 0.7082 0.6829 0.6691 0.6507 0.5158 0.4787 0.4486 0.5134 0.4857 0.4463 0.4972 0.488 0.444 0.4741 0.4902 0.4463 0.4509 0.488 0.4486 0.4116 0.3884 0.3676 0.3421 0.3213 0.5136 0.4721 0.5229 0.5182 0.4698 0.4974 0.5159 0.4674 0.4721 0.509 0.4629 0.4398 0.5067 0.4629 0.4282 0.4052 0.389 0.366 0.3452 0.3337
1.0 1.0 1.0 0.6069 0.2681 0.2899 0.0693 0.0463 0.0537 0.54 0.55 0.56 0.57 0.58 0.59 0.6 0.61 0.62 0.63 0.64 0.65 0.66 0.67 0.68 0.69 0.7 0.71 0.72 0.73 0.8349 0.8694 0.8188 0.8164 0.8718 0.8188 0.798 0.8671 0.8188 0.7819 0.8487 0.8188 0.775 0.752 0.7336 0.7082 0.6829 0.6691 0.6507 0.6299 0.4787 0.4486 0.5134 0.4857 0.4463 0.4972 0.488 0.444 0.4741 0.4902 0.4463 0.4509 0.488 0.4486 0.4116 0.3884 0.3676 0.3421 0.3213 0.3074 0.4721 0.5229 0.5182 0.4698 0.4974 0.5159 0.4674 0.4721 0.509 0.4629 0.4398 0.5067 0.4629 0.4282 0.4052 0.389 0.366 0.3452 0.3337 0.3176
1.0 1.0 1.0 0.5861 0.2634 0.2783 0.0537 0.0617 0.0693 0.55 0.56 0.57 0.58 0.59 0.6 0.61 0.62 0.63 0.64 0.65 0.66 0.67 0.68 0.69 0.7 0.71 0.72 0.73 0.74 0.8694 0.8188 0.8164 0.8718 0.8188 0.798 0.8671 0.8188 0.7819 0.8487 0.8188 0.775 0.752 0.7336 0.7082 0.6829 0.6691 0.6507 0.6299 0.6138 0.4486 0.5134 0.4857 0.4463 0.4972 0.488 0.444 0.4741 0.4902 0.4463 0.4509 0.488 0.4486 0.4116 0.3884 0.3676 0.3421 0.3213 0.3074 0.2889 0.5229 0.5182 0.4698 0.4974 0.5159 0.4674 0.4721 0.509 0.4629 0.4398 0.5067 0.4629 0.4282 0.4052 0.389 0.366 0.3452 0.3337 0.3176 0.2968
1.0 1.0 1.0 0.5747 0.2496 0.2576 0.023 0.0693 0.023 0.56 0.57 0.58 0.59 0.6 0.61 0.62 0.63 0.64 0.65 0.66 0.67 0.68 0.69 0.7 0.71 0.72 0.73 0.74 0.75 0.8188 0.8164 0.8718 0.8188 0.798 0.8671 0.8188 0.7819 0.8487 0.8188 0.775 0.752 0.7336 0.7082 0.6829 0.6691 0.6507 0.6299 0.6138 0.6069 0.5134 0.4857 0.4463 0.4972 0.488 0.444 0.4741 0.4902 0.4463 0.4509 0.488 0.4486 0.4116 0.3884 0.3676 0.3421 0.3213 0.3074 0.2889 0.2681 0.5182 0.4698 0.4974 0.5159 0.4674 0.4721 0.509 0.4629 0.4398 0.5067 0.4629 0.4282 0.4052 0.389 0.366 0.3452 0.3337 0.3176 0.2968 0.2899
1.0 1.0 1.0 0.5769 0.2288 0.253 0.0693 0.0157 0.0387 0.57 0.58 0.59 0.6 0.61 0.62 0.63 0.64 0.65 0.66 0.67 0.68 0.69 0.7 0.71 0.72 0.73 0.74 0.75 0.76 0.8164 0.8718 0.8188 0.798 0.8671 0.8188 0.7819 0.8487 0.8188 0.775 0.752 0.7336 0.7082 0.6829 0.6691 0.6507 0.6299 0.6138 0.6069 0.5861 0.4857 0.4463 0.4972 0.488 0.444 0.4741 0.4902 0.4463 0.4509 0.488 0.4486 0.4116 0.3884 0.3676 0.3421 0.3213 0.3074 0.2889 0.2681 0.2634 0.4698 0.4974 0.5159 0.4674 0.4721 0.509 0.4629 0.4398 0.5067 0.4629 0.4282 0.4052 0.389 0.366 0.3452 0.3337 0.3176 0.2968 0.2899 0.2783
1.0 1.0 1.0 0.5584 0.2288 0.2483 0.038 0.046 0.069 0.58 0.59 0.6 0.61 0.62 0.63 0.64 0.65 0.66 0.67 0.68 0.69 0.7 0.71 0.72 0.73 0.74 0.75 0.76 0.77 0.8718 0.8188 0.798 0.8671 0.8188 0.7819 0.8487 0.8188 0.775 0.752 0.7336 0.7082 0.6829 0.6691 0.6507 0.6299 0.6138 0.6069 0.5861 0.5747 0.4463 0.4972 0.488 0.444 0.4741 0.4902 0.4463 0.4509 0.488 0.4486 0.4116 0.3884 0.3676 0.3421 0.3213 0.3074 0.2889 0.2681 0.2634 0.2496 0.4974 0.5159 0.4674 0.4721 0.509 0.4629 0.4398 0.5067 0.4629 0.4282 0.4052 0.389 0.366 0.3452 0.3337 0.3176 0.2968 0.2899 0.2783 0.2576
1.0 1.0 1.0 0.5447 0.2171 0.2299 0.0073 0.0693 0.0153 0.59 0.6 0.61 0.62 0.63 0.64 0.65 0.66 0.67 0.68 0.69 0.7 0.71 0.72 0.73 0.74 0.75 0.76 0.77 0.78 0.8188 0.798 0.8671 0.8188 0.7819 0.8487 0.8188 0.775 0.752 0.7336 0.7082 0.6829 0.6691 0.6507 0.6299 0.6138 0.6069 0.5861 0.5747 0.5769 0.4972 0.488 0.444 0.4741 0.4902 0.4463 0.4509 0.488 0.4486 0.4116 0.3884 0.3676 0.3421 0.3213 0.3074 0.2889 0.2681 0.2634 0.2496 0.2288 0.5159 0.4674 0.4721 0.509 0.4629 0.4398 0.5067 0.4629 0.4282 0.4052 0.389 0.366 0.3452 0.3337 0.3176 0.2968 0.2899 0.2783 0.2576 0.253
1.0 1.0 1.0 0.5493 0.1987 0.2207 0.0617 0.0 0.0157 0.6 0.61 0.62 0.63 0.64 0.65 0.66 0.67 0.68 0.69 0.7 0.71 0.72 0.73 0.74 0.75 0.76 0.77 0.78 0.79 0.798 0.8671 0.8188 0.7819 0.8487 0.8188 0.775 0.752 0.7336 0.7082 0.6829 0.6691 0.6507 0.6299 0.6138 0.6069 0.5861 0.5747 0.5769 0.5584 0.488 0.444 0.4741 0.4902 0.4463 0.4509 0.488 0.4486 0.4116 0.3884 0.3676 0.3421 0.3213 0.3074 0.2889 0.2681 0.2634 0.2496 0.2288 0.2288 0.4674 0.4721 0.509 0.4629 0.4398 0.5067 0.4629 0.4282 0.4052 0.389 0.366 0.3452 0.3337 0.3176 0.2968 0.2899 0.2783 0.2576 0.253 0.2483
1.0 1.0 1.0 0.5331 0.194 0.2207 0.0457 0.039 0.0613 0.61 0.62 0.63 0.64 0.65 0.66 0.67 0.68 0.69 0.7 0.71 0.72 0.73 0.74 0.75 0.76 0.77 0.78 0.79 0.8 0.8671 0.8188 0.7819 0.8487 0.8188 0.775 0.752 0.7336 0.7082 0.6829 0.6691 0.6507 0.6299 0.6138 0.6069 0.5861 0.5747 0.5769 0.5584 0.5447 0.444 0.4741 0.4902 0.4463 0.4509 0.488 0.4486 0.4116 0.3884 0.3676 0.3421 0.3213 0.3074 0.2889 0.2681 0.2634 0.2496 0.2288 0.2288 0.2171 0.4721 0.509 0.4629 0.4398 0.5067 0.4629 0.4282 0.4052 0.389 0.366 0.3452 0.3337 0.3176 0.2968 0.2899 0.2783 0.2576 0.253 0.2483 0.2299
1.0 1.0 1.0 0.5193 0.1894 0.2046 0.0153 0.0613 0.0307 0.62 0.63 0.64 0.65 0.66 0.67 0.68 0.69 0.7 0.71 0.72 0.73 0.74 0.75 0.76 0.77 0.78 0.79 0.8 0.81 0.8188 0.7819 0.8487 0.8188 0.775 0.752 0.7336 0.7082 0.6829 0.6691 0.6507 0.6299 0.6138 0.6069 0.5861 0.5747 0.5769 0.5584 0.5447 0.5493 0.4741 0.4902 0.4463 0.4509 0.488 0.4486 0.4116 0.3884 0.3676 0.3421 0.3213 0.3074 0.2889 0.2681 0.2634 0.2496 0.2288 0.2288 0.2171 0.1987 0.509 0.4629 0.4398 0.5067 0.4629 0.4282 0.4052 0.389 0.366 0.3452 0.3337 0.3176 0.2968 0.2899 0.2783 0.2576 0.253 0.2483 0.2299 0.2207
1.0 1.0 1.0 0.5217 0.1709 0.193 0.054 0.0157 0.0 0.63 0.64 0.65 0.66 0.67 0.68 0.69 0.7 0.71 0.72 0.73 0.74 0.75 0.76 0.77 0.78 0.79 0.8 0.81 0.82 0.7819 0.8487 0.8188 0.775 0.752 0.7336 0.7082 0.6829 0.6691 0.6507 0.6299 0.6138 0.6069 0.5861 0.5747 0.5769 0.5584 0.5447 0.5493 0.5331 0.4902 0.4463 0.4509 0.488 0.4486 0.4116 0.3884 0.3676 0.3421 0.3213 0.3074 0.2889 0.2681 0.2634 0.2496 0.2288 0.2288 0.2171 0.1987 0.194 0.4629 0.4398 0.5067 0.4629 0.4282 0.4052 0.389 0.366 0.3452 0.3337 0.3176 0.2968 0.2899 0.2783 0.2576 0.253 0.2483 0.2299 0.2207 0.2207
1.0 1.0 1.0 0.5078 0.1617 0.1953 0.046 0.0153 0.0537 0.64 0.65 0.66 0.67 0.68 0.69 0.7 0.71 0.72 0.73 0.74 0.75 0.76 0.77 0.78 0.79 0.8 0.81 0.82 0.83 0.8487 0.8188 0.775 0.752 0.7336 0.7082 0.6829 0.6691 0.6507 0.6299 0.6138 0.6069 0.5861 0.5747 0.5769 0.5584 0.5447 0.5493 0.5331 0.5193 0.4463 0.4509 0.488 0.4486 0.4116 0.3884 0.3676 0.3421 0.3213 0.3074 0.2889 0.2681 0.2634 0.2496 0.2288 0.2288 0.2171 0.1987 0.194 0.1894 0.4398 0.5067 0.4629 0.4282 0.4052 0.389 0.366 0.3452 0.3337 0.3176 0.2968 0.2899 0.2783 0.2576 0.253 0.2483 0.2299 0.2207 0.2207 0.2046
1.0 1.0 1.0 0.494 0.157 0.1769 0.008 0.0617 0.0387 0.65 0.66 0.67 0.68 0.69 0.7 0.71 0.72 0.73 0.74 0.75 0.76 0.77 0.78 0.79 0.8 0.81 0.82 0.83 0.84 0.8188 0.775 0.752 0.7336 0.7082 0.6829 0.6691 0.6507 0.6299 0.6138 0.6069 0.5861 0.5747 0.5769 0.5584 0.5447 0.5493 0.5331 0.5193 0.5217 0.4509 0.488 0.4486 0.4116 0.3884 0.3676 0.3421 0.3213 0.3074 0.2889 0.2681 0.2634 0.2496 0.2288 0.2288 0.2171 0.1987 0.194 0.1894 0.1709 0.5067 0.4629 0.4282 0.4052 0.389 0.366 0.3452 0.3337 0.3176 0.2968 0.2899 0.2783 0.2576 0.253 0.2483 0.2299 0.2207 0.2207 0.2046 0.193
