0.2533 0.6249 0.0 0.5534 0.6226 0.5857 0.5673 0.6226 0.5927 0.5742 0.6272 0.5949 0.5788 0.6226 0.5949 0.5811 0.6479 0.611 0.5903 0.6663 0.6387 0.6088 0.6848 0.5981 0.5727 0.5936 0.6051 0.5773 0.5842 0.6051 0.5797 0.5981 0.6028 0.582 0.6028 0.619 0.5959 0.6213 0.6374 0.6167 0.6444 0.6676 0.6374 0.5649 0.5742 0.6272 0.5834 0.5857 0.6296 0.5857 0.588 0.6296 0.5927 0.6064 0.6433 0.6019 0.6111 0.6641 0.6226 0.6319 0.6872 0.6457 0.6433
0.0693 0.694 0.0 0.6226 0.5857 0.5673 0.6226 0.5927 0.5742 0.6272 0.5949 0.5788 0.6226 0.5949 0.5811 0.6479 0.611 0.5903 0.6663 0.6387 0.6088 0.6848 0.664 0.5727 0.5936 0.6051 0.5773 0.5842 0.6051 0.5797 0.5981 0.6028 0.582 0.6028 0.619 0.5959 0.6213 0.6374 0.6167 0.6444 0.6676 0.6374 0.656 0.5742 0.6272 0.5834 0.5857 0.6296 0.5857 0.588 0.6296 0.5927 0.6064 0.6433 0.6019 0.6111 0.6641 0.6226 0.6319 0.6872 0.6457 0.6433 0.7102
0.1303 0.6779 0.0 0.5857 0.5673 0.6226 0.5927 0.5742 0.6272 0.5949 0.5788 0.6226 0.5949 0.5811 0.6479 0.611 0.5903 0.6663 0.6387 0.6088 0.6848 0.664 0.6249 0.5936 0.6051 0.5773 0.5842 0.6051 0.5797 0.5981 0.6028 0.582 0.6028 0.619 0.5959 0.6213 0.6374 0.6167 0.6444 0.6676 0.6374 0.656 0.6953 0.6272 0.5834 0.5857 0.6296 0.5857 0.588 0.6296 0.5927 0.6064 0.6433 0.6019 0.6111 0.6641 0.6226 0.6319 0.6872 0.6457 0.6433 0.7102 0.6641
0.2303 0.6318 0.0 0.5673 0.6226 0.5927 0.5742 0.6272 0.5949 0.5788 0.6226 0.5949 0.5811 0.6479 0.611 0.5903 0.6663 0.6387 0.6088 0.6848 0.664 0.6249 0.694 0.6051 0.5773 0.5842 0.6051 0.5797 0.5981 0.6028 0.582 0.6028 0.619 0.5959 0.6213 0.6374 0.6167 0.6444 0.6676 0.6374 0.656 0.6953 0.656 0.5834 0.5857 0.6296 0.5857 0.588 0.6296 0.5927 0.6064 0.6433 0.6019 0.6111 0.6641 0.6226 0.6319 0.6872 0.6457 0.6433 0.7102 0.6641 0.6411
0.0537 0.6824 0.0 0.6226 0.5927 0.5742 0.6272 0.5949 0.5788 0.6226 0.5949 0.5811 0.6479 0.611 0.5903 0.6663 0.6387 0.6088 0.6848 0.664 0.6249 0.694 0.6779 0.5773 0.5842 0.6051 0.5797 0.5981 0.6028 0.582 0.6028 0.619 0.5959 0.6213 0.6374 0.6167 0.6444 0.6676 0.6374 0.656 0.6953 0.656 0.6537 0.5857 0.6296 0.5857 0.588 0.6296 0.5927 0.6064 0.6433 0.6019 0.6111 0.6641 0.6226 0.6319 0.6872 0.6457 0.6433 0.7102 0.6641 0.6411 0.7172
0.1537 0.6824 0.0 0.5927 0.5742 0.6272 0.5949 0.5788 0.6226 0.5949 0.5811 0.6479 0.611 0.5903 0.6663 0.6387 0.6088 0.6848 0.664 0.6249 0.694 0.6779 0.6318 0.5842 0.6051 0.5797 0.5981 0.6028 0.582 0.6028 0.619 0.5959 0.6213 0.6374 0.6167 0.6444 0.6676 0.6374 0.656 0.6953 0.656 0.6537 0.7116 0.6296 0.5857 0.588 0.6296 0.5927 0.6064 0.6433 0.6019 0.6111 0.6641 0.6226 0.6319 0.6872 0.6457 0.6433 0.7102 0.6641 0.6411 0.7172 0.671
0.1687 0.6341 0.0 0.5742 0.6272 0.5949 0.5788 0.6226 0.5949 0.5811 0.6479 0.611 0.5903 0.6663 0.6387 0.6088 0.6848 0.664 0.6249 0.694 0.6779 0.6318 0.6824 0.6051 0.5797 0.5981 0.6028 0.582 0.6028 0.619 0.5959 0.6213 0.6374 0.6167 0.6444 0.6676 0.6374 0.656 0.6953 0.656 0.6537 0.7116 0.6676 0.5857 0.588 0.6296 0.5927 0.6064 0.6433 0.6019 0.6111 0.6641 0.6226 0.6319 0.6872 0.6457 0.6433 0.7102 0.6641 0.6411 0.7172 0.671 0.6341
0.0 0.6594 0.0 0.6272 0.5949 0.5788 0.6226 0.5949 0.5811 0.6479 0.611 0.5903 0.6663 0.6387 0.6088 0.6848 0.664 0.6249 0.694 0.6779 0.6318 0.6824 0.6824 0.5797 0.5981 0.6028 0.582 0.6028 0.619 0.5959 0.6213 0.6374 0.6167 0.6444 0.6676 0.6374 0.656 0.6953 0.656 0.6537 0.7116 0.6676 0.6468 0.588 0.6296 0.5927 0.6064 0.6433 0.6019 0.6111 0.6641 0.6226 0.6319 0.6872 0.6457 0.6433 0.7102 0.6641 0.6411 0.7172 0.671 0.6341 0.701
0.161 0.6871 0.0 0.5949 0.5788 0.6226 0.5949 0.5811 0.6479 0.611 0.5903 0.6663 0.6387 0.6088 0.6848 0.664 0.6249 0.694 0.6779 0.6318 0.6824 0.6824 0.6341 0.5981 0.6028 0.582 0.6028 0.619 0.5959 0.6213 0.6374 0.6167 0.6444 0.6676 0.6374 0.656 0.6953 0.656 0.6537 0.7116 0.6676 0.6468 0.7092 0.6296 0.5927 0.6064 0.6433 0.6019 0.6111 0.6641 0.6226 0.6319 0.6872 0.6457 0.6433 0.7102 0.6641 0.6411 0.7172 0.671 0.6341 0.701 0.671
0.0843 0.6341 0.0 0.5788 0.6226 0.5949 0.5811 0.6479 0.611 0.5903 0.6663 0.6387 0.6088 0.6848 0.664 0.6249 0.694 0.6779 0.6318 0.6824 0.6824 0.6341 0.6594 0.6028 0.582 0.6028 0.619 0.5959 0.6213 0.6374 0.6167 0.6444 0.6676 0.6374 0.656 0.6953 0.656 0.6537 0.7116 0.6676 0.6468 0.7092 0.6676 0.5927 0.6064 0.6433 0.6019 0.6111 0.6641 0.6226 0.6319 0.6872 0.6457 0.6433 0.7102 0.6641 0.6411 0.7172 0.671 0.6341 0.701 0.671 0.6272
0.0923 0.6318 0.0 0.6226 0.5949 0.5811 0.6479 0.611 0.5903 0.6663 0.6387 0.6088 0.6848 0.664 0.6249 0.694 0.6779 0.6318 0.6824 0.6824 0.6341 0.6594 0.6871 0.582 0.6028 0.619 0.5959 0.6213 0.6374 0.6167 0.6444 0.6676 0.6374 0.656 0.6953 0.656 0.6537 0.7116 0.6676 0.6468 0.7092 0.6676 0.6329 0.6064 0.6433 0.6019 0.6111 0.6641 0.6226 0.6319 0.6872 0.6457 0.6433 0.7102 0.6641 0.6411 0.7172 0.671 0.6341 0.701 0.671 0.6272 0.678
0.1767 0.6824 0.0 0.5949 0.5811 0.6479 0.611 0.5903 0.6663 0.6387 0.6088 0.6848 0.664 0.6249 0.694 0.6779 0.6318 0.6824 0.6824 0.6341 0.6594 0.6871 0.6341 0.6028 0.619 0.5959 0.6213 0.6374 0.6167 0.6444 0.6676 0.6374 0.656 0.6953 0.656 0.6537 0.7116 0.6676 0.6468 0.7092 0.6676 0.6329 0.693 0.6433 0.6019 0.6111 0.6641 0.6226 0.6319 0.6872 0.6457 0.6433 0.7102 0.6641 0.6411 0.7172 0.671 0.6341 0.701 0.671 0.6272 0.678 0.6664
0.0077 0.6387 0.0 0.5811 0.6479 0.611 0.5903 0.6663 0.6387 0.6088 0.6848 0.664 0.6249 0.694 0.6779 0.6318 0.6824 0.6824 0.6341 0.6594 0.6871 0.6341 0.6318 0.619 0.5959 0.6213 0.6374 0.6167 0.6444 0.6676 0.6374 0.656 0.6953 0.656 0.6537 0.7116 0.6676 0.6468 0.7092 0.6676 0.6329 0.693 0.6699 0.6019 0.6111 0.6641 0.6226 0.6319 0.6872 0.6457 0.6433 0.7102 0.6641 0.6411 0.7172 0.671 0.6341 0.701 0.671 0.6272 0.678 0.6664 0.6249
0.1687 0.6133 0.0 0.6479 0.611 0.5903 0.6663 0.6387 0.6088 0.6848 0.664 0.6249 0.694 0.6779 0.6318 0.6824 0.6824 0.6341 0.6594 0.6871 0.6341 0.6318 0.6824 0.5959 0.6213 0.6374 0.6167 0.6444 0.6676 0.6374 0.656 0.6953 0.656 0.6537 0.7116 0.6676 0.6468 0.7092 0.6676 0.6329 0.693 0.6699 0.6282 0.6111 0.6641 0.6226 0.6319 0.6872 0.6457 0.6433 0.7102 0.6641 0.6411 0.7172 0.671 0.6341 0.701 0.671 0.6272 0.678 0.6664 0.6249 0.6411
0.1457 0.6687 0.0 0.611 0.5903 0.6663 0.6387 0.6088 0.6848 0.664 0.6249 0.694 0.6779 0.6318 0.6824 0.6824 0.6341 0.6594 0.6871 0.6341 0.6318 0.6824 0.6387 0.6213 0.6374 0.6167 0.6444 0.6676 0.6374 0.656 0.6953 0.656 0.6537 0.7116 0.6676 0.6468 0.7092 0.6676 0.6329 0.693 0.6699 0.6282 0.6791 0.6641 0.6226 0.6319 0.6872 0.6457 0.6433 0.7102 0.6641 0.6411 0.7172 0.671 0.6341 0.701 0.671 0.6272 0.678 0.6664 0.6249 0.6411 0.6641
0.0847 0.6318 0.0 0.5903 0.6663 0.6387 0.6088 0.6848 0.664 0.6249 0.694 0.6779 0.6318 0.6824 0.6824 0.6341 0.6594 0.6871 0.6341 0.6318 0.6824 0.6387 0.6133 0.6374 0.6167 0.6444 0.6676 0.6374 0.656 0.6953 0.656 0.6537 0.7116 0.6676 0.6468 0.7092 0.6676 0.6329 0.693 0.6699 0.6282 0.6791 0.6699 0.6226 0.6319 0.6872 0.6457 0.6433 0.7102 0.6641 0.6411 0.7172 0.671 0.6341 0.701 0.671 0.6272 0.678 0.6664 0.6249 0.6411 0.6641 0.6226
0.1847 0.5903 0.0 0.6663 0.6387 0.6088 0.6848 0.664 0.6249 0.694 0.6779 0.6318 0.6824 0.6824 0.6341 0.6594 0.6871 0.6341 0.6318 0.6824 0.6387 0.6133 0.6687 0.6167 0.6444 0.6676 0.6374 0.656 0.6953 0.656 0.6537 0.7116 0.6676 0.6468 0.7092 0.6676 0.6329 0.693 0.6699 0.6282 0.6791 0.6699 0.6306 0.6319 0.6872 0.6457 0.6433 0.7102 0.6641 0.6411 0.7172 0.671 0.6341 0.701 0.671 0.6272 0.678 0.6664 0.6249 0.6411 0.6641 0.6226 0.6157
0.123 0.5603 0.0 0.6387 0.6088 0.6848 0.664 0.6249 0.694 0.6779 0.6318 0.6824 0.6824 0.6341 0.6594 0.6871 0.6341 0.6318 0.6824 0.6387 0.6133 0.6687 0.6318 0.6444 0.6676 0.6374 0.656 0.6953 0.656 0.6537 0.7116 0.6676 0.6468 0.7092 0.6676 0.6329 0.693 0.6699 0.6282 0.6791 0.6699 0.6306 0.6537 0.6872 0.6457 0.6433 0.7102 0.6641 0.6411 0.7172 0.671 0.6341 0.701 0.671 0.6272 0.678 0.6664 0.6249 0.6411 0.6641 0.6226 0.6157 0.6664
0.1383 0.5442 0.0 0.6088 0.6848 0.664 0.6249 0.694 0.6779 0.6318 0.6824 0.6824 0.6341 0.6594 0.6871 0.6341 0.6318 0.6824 0.6387 0.6133 0.6687 0.6318 0.5903 0.6676 0.6374 0.656 0.6953 0.656 0.6537 0.7116 0.6676 0.6468 0.7092 0.6676 0.6329 0.693 0.6699 0.6282 0.6791 0.6699 0.6306 0.6537 0.6652 0.6457 0.6433 0.7102 0.6641 0.6411 0.7172 0.671 0.6341 0.701 0.671 0.6272 0.678 0.6664 0.6249 0.6411 0.6641 0.6226 0.6157 0.6664 0.6272
0.1 0.5236 0.0 0.6848 0.664 0.6249 0.694 0.6779 0.6318 0.6824 0.6824 0.6341 0.6594 0.6871 0.6341 0.6318 0.6824 0.6387 0.6133 0.6687 0.6318 0.5903 0.5603 0.6374 0.656 0.6953 0.656 0.6537 0.7116 0.6676 0.6468 0.7092 0.6676 0.6329 0.693 0.6699 0.6282 0.6791 0.6699 0.6306 0.6537 0.6652 0.6306 0.6433 0.7102 0.6641 0.6411 0.7172 0.671 0.6341 0.701 0.671 0.6272 0.678 0.6664 0.6249 0.6411 0.6641 0.6226 0.6157 0.6664 0.6272 0.5949
0.0537 0.5004 0.0 0.664 0.6249 0.694 0.6779 0.6318 0.6824 0.6824 0.6341 0.6594 0.6871 0.6341 0.6318 0.6824 0.6387 0.6133 0.6687 0.6318 0.5903 0.5603 0.5442 0.656 0.6953 0.656 0.6537 0.7116 0.6676 0.6468 0.7092 0.6676 0.6329 0.693 0.6699 0.6282 0.6791 0.6699 0.6306 0.6537 0.6652 0.6306 0.5936 0.7102 0.6641 0.6411 0.7172 0.671 0.6341 0.701 0.671 0.6272 0.678 0.6664 0.6249 0.6411 0.6641 0.6226 0.6157 0.6664 0.6272 0.5949 0.5719
0.0687 0.489 0.0 0.6249 0.694 0.6779 0.6318 0.6824 0.6824 0.6341 0.6594 0.6871 0.6341 0.6318 0.6824 0.6387 0.6133 0.6687 0.6318 0.5903 0.5603 0.5442 0.5236 0.6953 0.656 0.6537 0.7116 0.6676 0.6468 0.7092 0.6676 0.6329 0.693 0.6699 0.6282 0.6791 0.6699 0.6306 0.6537 0.6652 0.6306 0.5936 0.5727 0.6641 0.6411 0.7172 0.671 0.6341 0.701 0.671 0.6272 0.678 0.6664 0.6249 0.6411 0.6641 0.6226 0.6157 0.6664 0.6272 0.5949 0.5719 0.5534
0.0773 0.4706 0.0 0.694 0.6779 0.6318 0.6824 0.6824 0.6341 0.6594 0.6871 0.6341 0.6318 0.6824 0.6387 0.6133 0.6687 0.6318 0.5903 0.5603 0.5442 0.5236 0.5004 0.656 0.6537 0.7116 0.6676 0.6468 0.7092 0.6676 0.6329 0.693 0.6699 0.6282 0.6791 0.6699 0.6306 0.6537 0.6652 0.6306 0.5936 0.5727 0.5542 0.6411 0.7172 0.671 0.6341 0.701 0.671 0.6272 0.678 0.6664 0.6249 0.6411 0.6641 0.6226 0.6157 0.6664 0.6272 0.5949 0.5719 0.5534 0.5327
0.038 0.4498 0.0 0.6779 0.6318 0.6824 0.6824 0.6341 0.6594 0.6871 0.6341 0.6318 0.6824 0.6387 0.6133 0.6687 0.6318 0.5903 0.5603 0.5442 0.5236 0.5004 0.489 0.6537 0.7116 0.6676 0.6468 0.7092 0.6676 0.6329 0.693 0.6699 0.6282 0.6791 0.6699 0.6306 0.6537 0.6652 0.6306 0.5936 0.5727 0.5542 0.5264 0.7172 0.671 0.6341 0.701 0.671 0.6272 0.678 0.6664 0.6249 0.6411 0.6641 0.6226 0.6157 0.6664 0.6272 0.5949 0.5719 0.5534 0.5327 0.5119
0.0613 0.4406 0.0 0.6318 0.6824 0.6824 0.6341 0.6594 0.6871 0.6341 0.6318 0.6824 0.6387 0.6133 0.6687 0.6318 0.5903 0.5603 0.5442 0.5236 0.5004 0.489 0.4706 0.7116 0.6676 0.6468 0.7092 0.6676 0.6329 0.693 0.6699 0.6282 0.6791 0.6699 0.6306 0.6537 0.6652 0.6306 0.5936 0.5727 0.5542 0.5264 0.5102 0.671 0.6341 0.701 0.671 0.6272 0.678 0.6664 0.6249 0.6411 0.6641 0.6226 0.6157 0.6664 0.6272 0.5949 0.5719 0.5534 0.5327 0.5119 0.5003
0.0693 0.4291 0.0 0.6824 0.6824 0.6341 0.6594 0.6871 0.6341 0.6318 0.6824 0.6387 0.6133 0.6687 0.6318 0.5903 0.5603 0.5442 0.5236 0.5004 0.489 0.4706 0.4498 0.6676 0.6468 0.7092 0.6676 0.6329 0.693 0.6699 0.6282 0.6791 0.6699 0.6306 0.6537 0.6652 0.6306 0.5936 0.5727 0.5542 0.5264 0.5102 0.4987 0.6341 0.701 0.671 0.6272 0.678 0.6664 0.6249 0.6411 0.6641 0.6226 0.6157 0.6664 0.6272 0.5949 0.5719 0.5534 0.5327 0.5119 0.5003 0.4842
0.0307 0.4083 0.0 0.6824 0.6341 0.6594 0.6871 0.6341 0.6318 0.6824 0.6387 0.6133 0.6687 0.6318 0.5903 0.5603 0.5442 0.5236 0.5004 0.489 0.4706 0.4498 0.4406 0.6468 0.7092 0.6676 0.6329 0.693 0.6699 0.6282 0.6791 0.6699 0.6306 0.6537 0.6652 0.6306 0.5936 0.5727 0.5542 0.5264 0.5102 0.4987 0.4754 0.701 0.671 0.6272 0.678 0.6664 0.6249 0.6411 0.6641 0.6226 0.6157 0.6664 0.6272 0.5949 0.5719 0.5534 0.5327 0.5119 0.5003 0.4842 0.4634
0.0383 0.4014 0.0 0.6341 0.6594 0.6871 0.6341 0.6318 0.6824 0.6387 0.6133 0.6687 0.6318 0.5903 0.5603 0.5442 0.5236 0.5004 0.489 0.4706 0.4498 0.4406 0.4291 0.7092 0.6676 0.6329 0.693 0.6699 0.6282 0.6791 0.6699 0.6306 0.6537 0.6652 0.6306 0.5936 0.5727 0.5542 0.5264 0.5102 0.4987 0.4754 0.4593 0.671 0.6272 0.678 0.6664 0.6249 0.6411 0.6641 0.6226 0.6157 0.6664 0.6272 0.5949 0.5719 0.5534 0.5327 0.5119 0.5003 0.4842 0.4634 0.4589
0.0693 0.3991 0.0 0.6594 0.6871 0.6341 0.6318 0.6824 0.6387 0.6133 0.6687 0.6318 0.5903 0.5603 0.5442 0.5236 0.5004 0.489 0.4706 0.4498 0.4406 0.4291 0.4083 0.6676 0.6329 0.693 0.6699 0.6282 0.6791 0.6699 0.6306 0.6537 0.6652 0.6306 0.5936 0.5727 0.5542 0.5264 0.5102 0.4987 0.4754 0.4593 0.4547 0.6272 0.678 0.6664 0.6249 0.6411 0.6641 0.6226 0.6157 0.6664 0.6272 0.5949 0.5719 0.5534 0.5327 0.5119 0.5003 0.4842 0.4634 0.4589 0.445
0.023 0.3807 0.0 0.6871 0.6341 0.6318 0.6824 0.6387 0.6133 0.6687 0.6318 0.5903 0.5603 0.5442 0.5236 0.5004 0.489 0.4706 0.4498 0.4406 0.4291 0.4083 0.4014 0.6329 0.693 0.6699 0.6282 0.6791 0.6699 0.6306 0.6537 0.6652 0.6306 0.5936 0.5727 0.5542 0.5264 0.5102 0.4987 0.4754 0.4593 0.4547 0.4384 0.678 0.6664 0.6249 0.6411 0.6641 0.6226 0.6157 0.6664 0.6272 0.5949 0.5719 0.5534 0.5327 0.5119 0.5003 0.4842 0.4634 0.4589 0.445 0.4266
0.0077 0.3716 0.0 0.6341 0.6318 0.6824 0.6387 0.6133 0.6687 0.6318 0.5903 0.5603 0.5442 0.5236 0.5004 0.489 0.4706 0.4498 0.4406 0.4291 0.4083 0.4014 0.3991 0.693 0.6699 0.6282 0.6791 0.6699 0.6306 0.6537 0.6652 0.6306 0.5936 0.5727 0.5542 0.5264 0.5102 0.4987 0.4754 0.4593 0.4547 0.4384 0.4199 0.6664 0.6249 0.6411 0.6641 0.6226 0.6157 0.6664 0.6272 0.5949 0.5719 0.5534 0.5327 0.5119 0.5003 0.4842 0.4634 0.4589 0.445 0.4266 0.4242
0.0613 0.3738 0.0 0.6318 0.6824 0.6387 0.6133 0.6687 0.6318 0.5903 0.5603 0.5442 0.5236 0.5004 0.489 0.4706 0.4498 0.4406 0.4291 0.4083 0.4014 0.3991 0.3807 0.6699 0.6282 0.6791 0.6699 0.6306 0.6537 0.6652 0.6306 0.5936 0.5727 0.5542 0.5264 0.5102 0.4987 0.4754 0.4593 0.4547 0.4384 0.4199 0.4222 0.6249 0.6411 0.6641 0.6226 0.6157 0.6664 0.6272 0.5949 0.5719 0.5534 0.5327 0.5119 0.5003 0.4842 0.4634 0.4589 0.445 0.4266 0.4242 0.4173
0.0303 0.3553 0.0 0.6824 0.6387 0.6133 0.6687 0.6318 0.5903 0.5603 0.5442 0.5236 0.5004 0.489 0.4706 0.4498 0.4406 0.4291 0.4083 0.4014 0.3991 0.3807 0.3716 0.6282 0.6791 0.6699 0.6306 0.6537 0.6652 0.6306 0.5936 0.5727 0.5542 0.5264 0.5102 0.4987 0.4754 0.4593 0.4547 0.4384 0.4199 0.4222 0.4083 0.6411 0.6641 0.6226 0.6157 0.6664 0.6272 0.5949 0.5719 0.5534 0.5327 0.5119 0.5003 0.4842 0.4634 0.4589 0.445 0.4266 0.4242 0.4173 0.3966
0.0073 0.3416 0.0 0.6387 0.6133 0.6687 0.6318 0.5903 0.5603 0.5442 0.5236 0.5004 0.489 0.4706 0.4498 0.4406 0.4291 0.4083 0.4014 0.3991 0.3807 0.3716 0.3738 0.6791 0.6699 0.6306 0.6537 0.6652 0.6306 0.5936 0.5727 0.5542 0.5264 0.5102 0.4987 0.4754 0.4593 0.4547 0.4384 0.4199 0.4222 0.4083 0.3899 0.6641 0.6226 0.6157 0.6664 0.6272 0.5949 0.5719 0.5534 0.5327 0.5119 0.5003 0.4842 0.4634 0.4589 0.445 0.4266 0.4242 0.4173 0.3966 0.3942
0.0617 0.3439 0.0 0.6133 0.6687 0.6318 0.5903 0.5603 0.5442 0.5236 0.5004 0.489 0.4706 0.4498 0.4406 0.4291 0.4083 0.4014 0.3991 0.3807 0.3716 0.3738 0.3553 0.6699 0.6306 0.6537 0.6652 0.6306 0.5936 0.5727 0.5542 0.5264 0.5102 0.4987 0.4754 0.4593 0.4547 0.4384 0.4199 0.4222 0.4083 0.3899 0.3852 0.6226 0.6157 0.6664 0.6272 0.5949 0.5719 0.5534 0.5327 0.5119 0.5003 0.4842 0.4634 0.4589 0.445 0.4266 0.4242 0.4173 0.3966 0.3942 0.3897
0.0457 0.33 0.0 0.6687 0.6318 0.5903 0.5603 0.5442 0.5236 0.5004 0.489 0.4706 0.4498 0.4406 0.4291 0.4083 0.4014 0.3991 0.3807 0.3716 0.3738 0.3553 0.3416 0.6306 0.6537 0.6652 0.6306 0.5936 0.5727 0.5542 0.5264 0.5102 0.4987 0.4754 0.4593 0.4547 0.4384 0.4199 0.4222 0.4083 0.3899 0.3852 0.3783 0.6157 0.6664 0.6272 0.5949 0.5719 0.5534 0.5327 0.5119 0.5003 0.4842 0.4634 0.4589 0.445 0.4266 0.4242 0.4173 0.3966 0.3942 0.3897 0.3712
0.0077 0.3162 0.0 0.6318 0.5903 0.5603 0.5442 0.5236 0.5004 0.489 0.4706 0.4498 0.4406 0.4291 0.4083 0.4014 0.3991 0.3807 0.3716 0.3738 0.3553 0.3416 0.3439 0.6537 0.6652 0.6306 0.5936 0.5727 0.5542 0.5264 0.5102 0.4987 0.4754 0.4593 0.4547 0.4384 0.4199 0.4222 0.4083 0.3899 0.3852 0.3783 0.3598 0.6664 0.6272 0.5949 0.5719 0.5534 0.5327 0.5119 0.5003 0.4842 0.4634 0.4589 0.445 0.4266 0.4242 0.4173 0.3966 0.3942 0.3897 0.3712 0.3642
0.0463 0.3139 0.0 0.5903 0.5603 0.5442 0.5236 0.5004 0.489 0.4706 0.4498 0.4406 0.4291 0.4083 0.4014 0.3991 0.3807 0.3716 0.3738 0.3553 0.3416 0.3439 0.33 0.6652 0.6306 0.5936 0.5727 0.5542 0.5264 0.5102 0.4987 0.4754 0.4593 0.4547 0.4384 0.4199 0.4222 0.4083 0.3899 0.3852 0.3783 0.3598 0.3551 0.6272 0.5949 0.5719 0.5534 0.5327 0.5119 0.5003 0.4842 0.4634 0.4589 0.445 0.4266 0.4242 0.4173 0.3966 0.3942 0.3897 0.3712 0.3642 0.3597
0.046 0.4158 0.0 0.5603 0.5442 0.5236 0.5004 0.489 0.4706 0.4498 0.4406 0.4291 0.4083 0.4014 0.3991 0.3807 0.3716 0.3738 0.3553 0.3416 0.3439 0.33 0.3162 0.6306 0.5936 0.5727 0.5542 0.5264 0.5102 0.4987 0.4754 0.4593 0.4547 0.4384 0.4199 0.4222 0.4083 0.3899 0.3852 0.3783 0.3598 0.3551 0.3482 0.5949 0.5719 0.5534 0.5327 0.5119 0.5003 0.4842 0.4634 0.4589 0.445 0.4266 0.4242 0.4173 0.3966 0.3942 0.3897 0.3712 0.3642 0.3597 0.3458
0.0077 0.4158 0.0 0.5442 0.5236 0.5004 0.489 0.4706 0.4498 0.4406 0.4291 0.4083 0.4014 0.3991 0.3807 0.3716 0.3738 0.3553 0.3416 0.3439 0.33 0.3162 0.3139 0.5936 0.5727 0.5542 0.5264 0.5102 0.4987 0.4754 0.4593 0.4547 0.4384 0.4199 0.4222 0.4083 0.3899 0.3852 0.3783 0.3598 0.3551 0.3482 0.332 0.5719 0.5534 0.5327 0.5119 0.5003 0.4842 0.4634 0.4589 0.445 0.4266 0.4242 0.4173 0.3966 0.3942 0.3897 0.3712 0.3642 0.3597 0.3458 0.3342
0.3397 0.4158 1.0 0.5236 0.5004 0.489 0.4706 0.4498 0.4406 0.4291 0.4083 0.4014 0.3991 0.3807 0.3716 0.3738 0.3553 0.3416 0.3439 0.33 0.3162 0.3139 0.4158 0.5727 0.5542 0.5264 0.5102 0.4987 0.4754 0.4593 0.4547 0.4384 0.4199 0.4222 0.4083 0.3899 0.3852 0.3783 0.3598 0.3551 0.3482 0.332 0.325 0.5534 0.5327 0.5119 0.5003 0.4842 0.4634 0.4589 0.445 0.4266 0.4242 0.4173 0.3966 0.3942 0.3897 0.3712 0.3642 0.3597 0.3458 0.3342 0.332
0.0 0.4158 1.0 0.5004 0.489 0.4706 0.4498 0.4406 0.4291 0.4083 0.4014 0.3991 0.3807 0.3716 0.3738 0.3553 0.3416 0.3439 0.33 0.3162 0.3139 0.4158 0.4158 0.5542 0.5264 0.5102 0.4987 0.4754 0.4593 0.4547 0.4384 0.4199 0.4222 0.4083 0.3899 0.3852 0.3783 0.3598 0.3551 0.3482 0.332 0.325 0.3181 0.5327 0.5119 0.5003 0.4842 0.4634 0.4589 0.445 0.4266 0.4242 0.4173 0.3966 0.3942 0.3897 0.3712 0.3642 0.3597 0.3458 0.3342 0.332 0.3181
0.0 0.4158 1.0 0.489 0.4706 0.4498 0.4406 0.4291 0.4083 0.4014 0.3991 0.3807 0.3716 0.3738 0.3553 0.3416 0.3439 0.33 0.3162 0.3139 0.4158 0.4158 0.4158 0.5264 0.5102 0.4987 0.4754 0.4593 0.4547 0.4384 0.4199 0.4222 0.4083 0.3899 0.3852 0.3783 0.3598 0.3551 0.3482 0.332 0.325 0.3181 0.3066 0.5119 0.5003 0.4842 0.4634 0.4589 0.445 0.4266 0.4242 0.4173 0.3966 0.3942 0.3897 0.3712 0.3642 0.3597 0.3458 0.3342 0.332 0.3181 0.3089
0.0 0.4158 1.0 0.4706 0.4498 0.4406 0.4291 0.4083 0.4014 0.3991 0.3807 0.3716 0.3738 0.3553 0.3416 0.3439 0.33 0.3162 0.3139 0.4158 0.4158 0.4158 0.4158 0.5102 0.4987 0.4754 0.4593 0.4547 0.4384 0.4199 0.4222 0.4083 0.3899 0.3852 0.3783 0.3598 0.3551 0.3482 0.332 0.325 0.3181 0.3066 0.2972 0.5003 0.4842 0.4634 0.4589 0.445 0.4266 0.4242 0.4173 0.3966 0.3942 0.3897 0.3712 0.3642 0.3597 0.3458 0.3342 0.332 0.3181 0.3089 0.302
0.0 0.4158 1.0 0.4498 0.4406 0.4291 0.4083 0.4014 0.3991 0.3807 0.3716 0.3738 0.3553 0.3416 0.3439 0.33 0.3162 0.3139 0.4158 0.4158 0.4158 0.4158 0.4158 0.4987 0.4754 0.4593 0.4547 0.4384 0.4199 0.4222 0.4083 0.3899 0.3852 0.3783 0.3598 0.3551 0.3482 0.332 0.325 0.3181 0.3066 0.2972 0.2903 0.4842 0.4634 0.4589 0.445 0.4266 0.4242 0.4173 0.3966 0.3942 0.3897 0.3712 0.3642 0.3597 0.3458 0.3342 0.332 0.3181 0.3089 0.302 0.2928
0.0 0.4158 1.0 0.4406 0.4291 0.4083 0.4014 0.3991 0.3807 0.3716 0.3738 0.3553 0.3416 0.3439 0.33 0.3162 0.3139 0.4158 0.4158 0.4158 0.4158 0.4158 0.4158 0.4754 0.4593 0.4547 0.4384 0.4199 0.4222 0.4083 0.3899 0.3852 0.3783 0.3598 0.3551 0.3482 0.332 0.325 0.3181 0.3066 0.2972 0.2903 0.2811 0.4634 0.4589 0.445 0.4266 0.4242 0.4173 0.3966 0.3942 0.3897 0.3712 0.3642 0.3597 0.3458 0.3342 0.332 0.3181 0.3089 0.302 0.2928 0.2812
0.0 0.4158 1.0 0.4291 0.4083 0.4014 0.3991 0.3807 0.3716 0.3738 0.3553 0.3416 0.3439 0.33 0.3162 0.3139 0.4158 0.4158 0.4158 0.4158 0.4158 0.4158 0.4158 0.4593 0.4547 0.4384 0.4199 0.4222 0.4083 0.3899 0.3852 0.3783 0.3598 0.3551 0.3482 0.332 0.325 0.3181 0.3066 0.2972 0.2903 0.2811 0.2694 0.4589 0.445 0.4266 0.4242 0.4173 0.3966 0.3942 0.3897 0.3712 0.3642 0.3597 0.3458 0.3342 0.332 0.3181 0.3089 0.302 0.2928 0.2812 0.2743
0.0 0.4158 1.0 0.4083 0.4014 0.3991 0.3807 0.3716 0.3738 0.3553 0.3416 0.3439 0.33 0.3162 0.3139 0.4158 0.4158 0.4158 0.4158 0.4158 0.4158 0.4158 0.4158 0.4547 0.4384 0.4199 0.4222 0.4083 0.3899 0.3852 0.3783 0.3598 0.3551 0.3482 0.332 0.325 0.3181 0.3066 0.2972 0.2903 0.2811 0.2694 0.2649 0.445 0.4266 0.4242 0.4173 0.3966 0.3942 0.3897 0.3712 0.3642 0.3597 0.3458 0.3342 0.332 0.3181 0.3089 0.302 0.2928 0.2812 0.2743 0.2673
0.0 0.4158 1.0 0.4014 0.3991 0.3807 0.3716 0.3738 0.3553 0.3416 0.3439 0.33 0.3162 0.3139 0.4158 0.4158 0.4158 0.4158 0.4158 0.4158 0.4158 0.4158 0.4158 0.4384 0.4199 0.4222 0.4083 0.3899 0.3852 0.3783 0.3598 0.3551 0.3482 0.332 0.325 0.3181 0.3066 0.2972 0.2903 0.2811 0.2694 0.2649 0.2557 0.4266 0.4242 0.4173 0.3966 0.3942 0.3897 0.3712 0.3642 0.3597 0.3458 0.3342 0.332 0.3181 0.3089 0.302 0.2928 0.2812 0.2743 0.2673 0.2859
0.0 0.4158 1.0 0.3991 0.3807 0.3716 0.3738 0.3553 0.3416 0.3439 0.33 0.3162 0.3139 0.4158 0.4158 0.4158 0.4158 0.4158 0.4158 0.4158 0.4158 0.4158 0.4158 0.4199 0.4222 0.4083 0.3899 0.3852 0.3783 0.3598 0.3551 0.3482 0.332 0.325 0.3181 0.3066 0.2972 0.2903 0.2811 0.2694 0.2649 0.2557 0.325 0.4242 0.4173 0.3966 0.3942 0.3897 0.3712 0.3642 0.3597 0.3458 0.3342 0.332 0.3181 0.3089 0.302 0.2928 0.2812 0.2743 0.2673 0.2859 0.3112
0.0 0.4158 1.0 0.3807 0.3716 0.3738 0.3553 0.3416 0.3439 0.33 0.3162 0.3139 0.4158 0.4158 0.4158 0.4158 0.4158 0.4158 0.4158 0.4158 0.4158 0.4158 0.4158 0.4222 0.4083 0.3899 0.3852 0.3783 0.3598 0.3551 0.3482 0.332 0.325 0.3181 0.3066 0.2972 0.2903 0.2811 0.2694 0.2649 0.2557 0.325 0.3134 0.4173 0.3966 0.3942 0.3897 0.3712 0.3642 0.3597 0.3458 0.3342 0.332 0.3181 0.3089 0.302 0.2928 0.2812 0.2743 0.2673 0.2859 0.3112 0.2904
0.0 0.4158 1.0 0.3716 0.3738 0.3553 0.3416 0.3439 0.33 0.3162 0.3139 0.4158 0.4158 0.4158 0.4158 0.4158 0.4158 0.4158 0.4158 0.4158 0.4158 0.4158 0.4158 0.4083 0.3899 0.3852 0.3783 0.3598 0.3551 0.3482 0.332 0.325 0.3181 0.3066 0.2972 0.2903 0.2811 0.2694 0.2649 0.2557 0.325 0.3134 0.2972 0.3966 0.3942 0.3897 0.3712 0.3642 0.3597 0.3458 0.3342 0.332 0.3181 0.3089 0.302 0.2928 0.2812 0.2743 0.2673 0.2859 0.3112 0.2904 0.3504
0.0 0.4158 1.0 0.3738 0.3553 0.3416 0.3439 0.33 0.3162 0.3139 0.4158 0.4158 0.4158 0.4158 0.4158 0.4158 0.4158 0.4158 0.4158 0.4158 0.4158 0.4158 0.4158 0.3899 0.3852 0.3783 0.3598 0.3551 0.3482 0.332 0.325 0.3181 0.3066 0.2972 0.2903 0.2811 0.2694 0.2649 0.2557 0.325 0.3134 0.2972 0.3621 0.3942 0.3897 0.3712 0.3642 0.3597 0.3458 0.3342 0.332 0.3181 0.3089 0.302 0.2928 0.2812 0.2743 0.2673 0.2859 0.3112 0.2904 0.3504 0.3734
0.0 0.4158 1.0 0.3553 0.3416 0.3439 0.33 0.3162 0.3139 0.4158 0.4158 0.4158 0.4158 0.4158 0.4158 0.4158 0.4158 0.4158 0.4158 0.4158 0.4158 0.4158 0.4158 0.3852 0.3783 0.3598 0.3551 0.3482 0.332 0.325 0.3181 0.3066 0.2972 0.2903 0.2811 0.2694 0.2649 0.2557 0.325 0.3134 0.2972 0.3621 0.3621 0.3897 0.3712 0.3642 0.3597 0.3458 0.3342 0.332 0.3181 0.3089 0.302 0.2928 0.2812 0.2743 0.2673 0.2859 0.3112 0.2904 0.3504 0.3734 0.3412
0.0 0.4158 1.0 0.3416 0.3439 0.33 0.3162 0.3139 0.4158 0.4158 0.4158 0.4158 0.4158 0.4158 0.4158 0.4158 0.4158 0.4158 0.4158 0.4158 0.4158 0.4158 0.4158 0.3783 0.3598 0.3551 0.3482 0.332 0.325 0.3181 0.3066 0.2972 0.2903 0.2811 0.2694 0.2649 0.2557 0.325 0.3134 0.2972 0.3621 0.3621 0.3367 0.3712 0.3642 0.3597 0.3458 0.3342 0.332 0.3181 0.3089 0.302 0.2928 0.2812 0.2743 0.2673 0.2859 0.3112 0.2904 0.3504 0.3734 0.3412 0.3734
0.0 0.4158 1.0 0.3439 0.33 0.3162 0.3139 0.4158 0.4158 0.4158 0.4158 0.4158 0.4158 0.4158 0.4158 0.4158 0.4158 0.4158 0.4158 0.4158 0.4158 0.4158 0.4158 0.3598 0.3551 0.3482 0.332 0.325 0.3181 0.3066 0.2972 0.2903 0.2811 0.2694 0.2649 0.2557 0.325 0.3134 0.2972 0.3621 0.3621 0.3367 0.3852 0.3642 0.3597 0.3458 0.3342 0.332 0.3181 0.3089 0.302 0.2928 0.2812 0.2743 0.2673 0.2859 0.3112 0.2904 0.3504 0.3734 0.3412 0.3734 0.4197
0.0 0.4158 1.0 0.33 0.3162 0.3139 0.4158 0.4158 0.4158 0.4158 0.4158 0.4158 0.4158 0.4158 0.4158 0.4158 0.4158 0.4158 0.4158 0.4158 0.4158 0.4158 0.4158 0.3551 0.3482 0.332 0.325 0.3181 0.3066 0.2972 0.2903 0.2811 0.2694 0.2649 0.2557 0.325 0.3134 0.2972 0.3621 0.3621 0.3367 0.3852 0.406 0.3597 0.3458 0.3342 0.332 0.3181 0.3089 0.302 0.2928 0.2812 0.2743 0.2673 0.2859 0.3112 0.2904 0.3504 0.3734 0.3412 0.3734 0.4197 0.3804
0.0 0.4158 1.0 0.3162 0.3139 0.4158 0.4158 0.4158 0.4158 0.4158 0.4158 0.4158 0.4158 0.4158 0.4158 0.4158 0.4158 0.4158 0.4158 0.4158 0.4158 0.4158 0.4158 0.3482 0.332 0.325 0.3181 0.3066 0.2972 0.2903 0.2811 0.2694 0.2649 0.2557 0.325 0.3134 0.2972 0.3621 0.3621 0.3367 0.3852 0.406 0.3737 0.3458 0.3342 0.332 0.3181 0.3089 0.302 0.2928 0.2812 0.2743 0.2673 0.2859 0.3112 0.2904 0.3504 0.3734 0.3412 0.3734 0.4197 0.3804 0.3804
0.0 0.4158 1.0 0.3139 0.4158 0.4158 0.4158 0.4158 0.4158 0.4158 0.4158 0.4158 0.4158 0.4158 0.4158 0.4158 0.4158 0.4158 0.4158 0.4158 0.4158 0.4158 0.4158 0.332 0.325 0.3181 0.3066 0.2972 0.2903 0.2811 0.2694 0.2649 0.2557 0.325 0.3134 0.2972 0.3621 0.3621 0.3367 0.3852 0.406 0.3737 0.4014 0.3342 0.332 0.3181 0.3089 0.302 0.2928 0.2812 0.2743 0.2673 0.2859 0.3112 0.2904 0.3504 0.3734 0.3412 0.3734 0.4197 0.3804 0.3804 0.4542
0.0 0.4158 1.0 0.4158 0.4158 0.4158 0.4158 0.4158 0.4158 0.4158 0.4158 0.4158 0.4158 0.4158 0.4158 0.4158 0.4158 0.4158 0.4158 0.4158 0.4158 0.4158 0.4158 0.325 0.3181 0.3066 0.2972 0.2903 0.2811 0.2694 0.2649 0.2557 0.325 0.3134 0.2972 0.3621 0.3621 0.3367 0.3852 0.406 0.3737 0.4014 0.4454 0.332 0.3181 0.3089 0.302 0.2928 0.2812 0.2743 0.2673 0.2859 0.3112 0.2904 0.3504 0.3734 0.3412 0.3734 0.4197 0.3804 0.3804 0.4542 0.4104
0.0 0.4158 1.0 0.4158 0.4158 0.4158 0.4158 0.4158 0.4158 0.4158 0.4158 0.4158 0.4158 0.4158 0.4158 0.4158 0.4158 0.4158 0.4158 0.4158 0.4158 0.4158 0.4158 0.3181 0.3066 0.2972 0.2903 0.2811 0.2694 0.2649 0.2557 0.325 0.3134 0.2972 0.3621 0.3621 0.3367 0.3852 0.406 0.3737 0.4014 0.4454 0.406 0.3181 0.3089 0.302 0.2928 0.2812 0.2743 0.2673 0.2859 0.3112 0.2904 0.3504 0.3734 0.3412 0.3734 0.4197 0.3804 0.3804 0.4542 0.4104 0.3897
0.0 0.4158 1.0 0.4158 0.4158 0.4158 0.4158 0.4158 0.4158 0.4158 0.4158 0.4158 0.4158 0.4158 0.4158 0.4158 0.4158 0.4158 0.4158 0.4158 0.4158 0.4158 0.4158 0.3066 0.2972 0.2903 0.2811 0.2694 0.2649 0.2557 0.325 0.3134 0.2972 0.3621 0.3621 0.3367 0.3852 0.406 0.3737 0.4014 0.4454 0.406 0.4107 0.3089 0.302 0.2928 0.2812 0.2743 0.2673 0.2859 0.3112 0.2904 0.3504 0.3734 0.3412 0.3734 0.4197 0.3804 0.3804 0.4542 0.4104 0.3897 0.4681
0.0 0.4158 1.0 0.4158 0.4158 0.4158 0.4158 0.4158 0.4158 0.4158 0.4158 0.4158 0.4158 0.4158 0.4158 0.4158 0.4158 0.4158 0.4158 0.4158 0.4158 0.4158 0.4158 0.2972 0.2903 0.2811 0.2694 0.2649 0.2557 0.325 0.3134 0.2972 0.3621 0.3621 0.3367 0.3852 0.406 0.3737 0.4014 0.4454 0.406 0.4107 0.4801 0.302 0.2928 0.2812 0.2743 0.2673 0.2859 0.3112 0.2904 0.3504 0.3734 0.3412 0.3734 0.4197 0.3804 0.3804 0.4542 0.4104 0.3897 0.4681 0.4381
0.0 0.4452 1.0 0.4158 0.4158 0.4158 0.4158 0.4158 0.4158 0.4158 0.4158 0.4158 0.4158 0.4158 0.4158 0.4158 0.4158 0.4158 0.4158 0.4158 0.4158 0.4158 0.4158 0.2903 0.2811 0.2694 0.2649 0.2557 0.325 0.3134 0.2972 0.3621 0.3621 0.3367 0.3852 0.406 0.3737 0.4014 0.4454 0.406 0.4107 0.4801 0.4431 0.2928 0.2812 0.2743 0.2673 0.2859 0.3112 0.2904 0.3504 0.3734 0.3412 0.3734 0.4197 0.3804 0.3804 0.4542 0.4104 0.3897 0.4681 0.4381 0.415
0.0 0.4521 1.0 0.4158 0.4158 0.4158 0.4158 0.4158 0.4158 0.4158 0.4158 0.4158 0.4158 0.4158 0.4158 0.4158 0.4158 0.4158 0.4158 0.4158 0.4158 0.4158 0.4158 0.2811 0.2694 0.2649 0.2557 0.325 0.3134 0.2972 0.3621 0.3621 0.3367 0.3852 0.406 0.3737 0.4014 0.4454 0.406 0.4107 0.4801 0.4431 0.4246 0.2812 0.2743 0.2673 0.2859 0.3112 0.2904 0.3504 0.3734 0.3412 0.3734 0.4197 0.3804 0.3804 0.4542 0.4104 0.3897 0.4681 0.4381 0.415 0.4703
0.098 0.5028 0.0 0.4158 0.4158 0.4158 0.4158 0.4158 0.4158 0.4158 0.4158 0.4158 0.4158 0.4158 0.4158 0.4158 0.4158 0.4158 0.4158 0.4158 0.4158 0.4158 0.4452 0.2694 0.2649 0.2557 0.325 0.3134 0.2972 0.3621 0.3621 0.3367 0.3852 0.406 0.3737 0.4014 0.4454 0.406 0.4107 0.4801 0.4431 0.4246 0.494 0.2743 0.2673 0.2859 0.3112 0.2904 0.3504 0.3734 0.3412 0.3734 0.4197 0.3804 0.3804 0.4542 0.4104 0.3897 0.4681 0.4381 0.415 0.4703 0.4658
0.023 0.4682 0.0 0.4158 0.4158 0.4158 0.4158 0.4158 0.4158 0.4158 0.4158 0.4158 0.4158 0.4158 0.4158 0.4158 0.4158 0.4158 0.4158 0.4158 0.4158 0.4452 0.4521 0.2649 0.2557 0.325 0.3134 0.2972 0.3621 0.3621 0.3367 0.3852 0.406 0.3737 0.4014 0.4454 0.406 0.4107 0.4801 0.4431 0.4246 0.494 0.4801 0.2673 0.2859 0.3112 0.2904 0.3504 0.3734 0.3412 0.3734 0.4197 0.3804 0.3804 0.4542 0.4104 0.3897 0.4681 0.4381 0.415 0.4703 0.4658 0.4403
0.169 0.4613 0.0 0.4158 0.4158 0.4158 0.4158 0.4158 0.4158 0.4158 0.4158 0.4158 0.4158 0.4158 0.4158 0.4158 0.4158 0.4158 0.4158 0.4158 0.4452 0.4521 0.5028 0.2557 0.325 0.3134 0.2972 0.3621 0.3621 0.3367 0.3852 0.406 0.3737 0.4014 0.4454 0.406 0.4107 0.4801 0.4431 0.4246 0.494 0.4801 0.4593 0.2859 0.3112 0.2904 0.3504 0.3734 0.3412 0.3734 0.4197 0.3804 0.3804 0.4542 0.4104 0.3897 0.4681 0.4381 0.415 0.4703 0.4658 0.4403 0.4634
0.1153 0.5074 0.0 0.4158 0.4158 0.4158 0.4158 0.4158 0.4158 0.4158 0.4158 0.4158 0.4158 0.4158 0.4158 0.4158 0.4158 0.4158 0.4158 0.4452 0.4521 0.5028 0.4682 0.325 0.3134 0.2972 0.3621 0.3621 0.3367 0.3852 0.406 0.3737 0.4014 0.4454 0.406 0.4107 0.4801 0.4431 0.4246 0.494 0.4801 0.4593 0.4963 0.3112 0.2904 0.3504 0.3734 0.3412 0.3734 0.4197 0.3804 0.3804 0.4542 0.4104 0.3897 0.4681 0.4381 0.415 0.4703 0.4658 0.4403 0.4634 0.505
0.023 0.5097 0.0 0.4158 0.4158 0.4158 0.4158 0.4158 0.4158 0.4158 0.4158 0.4158 0.4158 0.4158 0.4158 0.4158 0.4158 0.4158 0.4452 0.4521 0.5028 0.4682 0.4613 0.3134 0.2972 0.3621 0.3621 0.3367 0.3852 0.406 0.3737 0.4014 0.4454 0.406 0.4107 0.4801 0.4431 0.4246 0.494 0.4801 0.4593 0.4963 0.5264 0.2904 0.3504 0.3734 0.3412 0.3734 0.4197 0.3804 0.3804 0.4542 0.4104 0.3897 0.4681 0.4381 0.415 0.4703 0.4658 0.4403 0.4634 0.505 0.4773
0.1537 0.4936 0.0 0.4158 0.4158 0.4158 0.4158 0.4158 0.4158 0.4158 0.4158 0.4158 0.4158 0.4158 0.4158 0.4158 0.4158 0.4452 0.4521 0.5028 0.4682 0.4613 0.5074 0.2972 0.3621 0.3621 0.3367 0.3852 0.406 0.3737 0.4014 0.4454 0.406 0.4107 0.4801 0.4431 0.4246 0.494 0.4801 0.4593 0.4963 0.5264 0.4963 0.3504 0.3734 0.3412 0.3734 0.4197 0.3804 0.3804 0.4542 0.4104 0.3897 0.4681 0.4381 0.415 0.4703 0.4658 0.4403 0.4634 0.505 0.4773 0.4773
0.0077 0.5212 0.0 0.4158 0.4158 0.4158 0.4158 0.4158 0.4158 0.4158 0.4158 0.4158 0.4158 0.4158 0.4158 0.4158 0.4452 0.4521 0.5028 0.4682 0.4613 0.5074 0.5097 0.3621 0.3621 0.3367 0.3852 0.406 0.3737 0.4014 0.4454 0.406 0.4107 0.4801 0.4431 0.4246 0.494 0.4801 0.4593 0.4963 0.5264 0.4963 0.5056 0.3734 0.3412 0.3734 0.4197 0.3804 0.3804 0.4542 0.4104 0.3897 0.4681 0.4381 0.415 0.4703 0.4658 0.4403 0.4634 0.505 0.4773 0.4773 0.5211
0.0537 0.5581 0.0 0.4158 0.4158 0.4158 0.4158 0.4158 0.4158 0.4158 0.4158 0.4158 0.4158 0.4158 0.4158 0.4452 0.4521 0.5028 0.4682 0.4613 0.5074 0.5097 0.4936 0.3621 0.3367 0.3852 0.406 0.3737 0.4014 0.4454 0.406 0.4107 0.4801 0.4431 0.4246 0.494 0.4801 0.4593 0.4963 0.5264 0.4963 0.5056 0.5658 0.3412 0.3734 0.4197 0.3804 0.3804 0.4542 0.4104 0.3897 0.4681 0.4381 0.415 0.4703 0.4658 0.4403 0.4634 0.505 0.4773 0.4773 0.5211 0.505
0.092 0.5304 0.0 0.4158 0.4158 0.4158 0.4158 0.4158 0.4158 0.4158 0.4158 0.4158 0.4158 0.4158 0.4452 0.4521 0.5028 0.4682 0.4613 0.5074 0.5097 0.4936 0.5212 0.3367 0.3852 0.406 0.3737 0.4014 0.4454 0.406 0.4107 0.4801 0.4431 0.4246 0.494 0.4801 0.4593 0.4963 0.5264 0.4963 0.5056 0.5658 0.5357 0.3734 0.4197 0.3804 0.3804 0.4542 0.4104 0.3897 0.4681 0.4381 0.415 0.4703 0.4658 0.4403 0.4634 0.505 0.4773 0.4773 0.5211 0.505 0.505
0.123 0.5397 0.0 0.4158 0.4158 0.4158 0.4158 0.4158 0.4158 0.4158 0.4158 0.4158 0.4158 0.4452 0.4521 0.5028 0.4682 0.4613 0.5074 0.5097 0.4936 0.5212 0.5581 0.3852 0.406 0.3737 0.4014 0.4454 0.406 0.4107 0.4801 0.4431 0.4246 0.494 0.4801 0.4593 0.4963 0.5264 0.4963 0.5056 0.5658 0.5357 0.531 0.4197 0.3804 0.3804 0.4542 0.4104 0.3897 0.4681 0.4381 0.415 0.4703 0.4658 0.4403 0.4634 0.505 0.4773 0.4773 0.5211 0.505 0.505 0.5419
0.0923 0.6088 0.0 0.4158 0.4158 0.4158 0.4158 0.4158 0.4158 0.4158 0.4158 0.4158 0.4452 0.4521 0.5028 0.4682 0.4613 0.5074 0.5097 0.4936 0.5212 0.5581 0.5304 0.406 0.3737 0.4014 0.4454 0.406 0.4107 0.4801 0.4431 0.4246 0.494 0.4801 0.4593 0.4963 0.5264 0.4963 0.5056 0.5658 0.5357 0.531 0.5797 0.3804 0.3804 0.4542 0.4104 0.3897 0.4681 0.4381 0.415 0.4703 0.4658 0.4403 0.4634 0.505 0.4773 0.4773 0.5211 0.505 0.505 0.5419 0.5696
0.031 0.5788 0.0 0.4158 0.4158 0.4158 0.4158 0.4158 0.4158 0.4158 0.4158 0.4452 0.4521 0.5028 0.4682 0.4613 0.5074 0.5097 0.4936 0.5212 0.5581 0.5304 0.5397 0.3737 0.4014 0.4454 0.406 0.4107 0.4801 0.4431 0.4246 0.494 0.4801 0.4593 0.4963 0.5264 0.4963 0.5056 0.5658 0.5357 0.531 0.5797 0.582 0.3804 0.4542 0.4104 0.3897 0.4681 0.4381 0.415 0.4703 0.4658 0.4403 0.4634 0.505 0.4773 0.4773 0.5211 0.505 0.505 0.5419 0.5696 0.5464
0.2303 0.5719 0.0 0.4158 0.4158 0.4158 0.4158 0.4158 0.4158 0.4158 0.4452 0.4521 0.5028 0.4682 0.4613 0.5074 0.5097 0.4936 0.5212 0.5581 0.5304 0.5397 0.6088 0.4014 0.4454 0.406 0.4107 0.4801 0.4431 0.4246 0.494 0.4801 0.4593 0.4963 0.5264 0.4963 0.5056 0.5658 0.5357 0.531 0.5797 0.582 0.5681 0.4542 0.4104 0.3897 0.4681 0.4381 0.415 0.4703 0.4658 0.4403 0.4634 0.505 0.4773 0.4773 0.5211 0.505 0.505 0.5419 0.5696 0.5464 0.5696
0.1 0.6341 0.0 0.4158 0.4158 0.4158 0.4158 0.4158 0.4158 0.4452 0.4521 0.5028 0.4682 0.4613 0.5074 0.5097 0.4936 0.5212 0.5581 0.5304 0.5397 0.6088 0.5788 0.4454 0.406 0.4107 0.4801 0.4431 0.4246 0.494 0.4801 0.4593 0.4963 0.5264 0.4963 0.5056 0.5658 0.5357 0.531 0.5797 0.582 0.5681 0.5959 0.4104 0.3897 0.4681 0.4381 0.415 0.4703 0.4658 0.4403 0.4634 0.505 0.4773 0.4773 0.5211 0.505 0.505 0.5419 0.5696 0.5464 0.5696 0.6226
0.023 0.6064 0.0 0.4158 0.4158 0.4158 0.4158 0.4158 0.4452 0.4521 0.5028 0.4682 0.4613 0.5074 0.5097 0.4936 0.5212 0.5581 0.5304 0.5397 0.6088 0.5788 0.5719 0.406 0.4107 0.4801 0.4431 0.4246 0.494 0.4801 0.4593 0.4963 0.5264 0.4963 0.5056 0.5658 0.5357 0.531 0.5797 0.582 0.5681 0.5959 0.6167 0.3897 0.4681 0.4381 0.415 0.4703 0.4658 0.4403 0.4634 0.505 0.4773 0.4773 0.5211 0.505 0.505 0.5419 0.5696 0.5464 0.5696 0.6226 0.5834
0.2073 0.5857 0.0 0.4158 0.4158 0.4158 0.4158 0.4452 0.4521 0.5028 0.4682 0.4613 0.5074 0.5097 0.4936 0.5212 0.5581 0.5304 0.5397 0.6088 0.5788 0.5719 0.6341 0.4107 0.4801 0.4431 0.4246 0.494 0.4801 0.4593 0.4963 0.5264 0.4963 0.5056 0.5658 0.5357 0.531 0.5797 0.582 0.5681 0.5959 0.6167 0.5889 0.4681 0.4381 0.415 0.4703 0.4658 0.4403 0.4634 0.505 0.4773 0.4773 0.5211 0.505 0.505 0.5419 0.5696 0.5464 0.5696 0.6226 0.5834 0.588
0.0923 0.6387 0.0 0.4158 0.4158 0.4158 0.4452 0.4521 0.5028 0.4682 0.4613 0.5074 0.5097 0.4936 0.5212 0.5581 0.5304 0.5397 0.6088 0.5788 0.5719 0.6341 0.6064 0.4801 0.4431 0.4246 0.494 0.4801 0.4593 0.4963 0.5264 0.4963 0.5056 0.5658 0.5357 0.531 0.5797 0.582 0.5681 0.5959 0.6167 0.5889 0.5959 0.4381 0.415 0.4703 0.4658 0.4403 0.4634 0.505 0.4773 0.4773 0.5211 0.505 0.505 0.5419 0.5696 0.5464 0.5696 0.6226 0.5834 0.588 0.6433
0.069 0.6133 0.0 0.4158 0.4158 0.4452 0.4521 0.5028 0.4682 0.4613 0.5074 0.5097 0.4936 0.5212 0.5581 0.5304 0.5397 0.6088 0.5788 0.5719 0.6341 0.6064 0.5857 0.4431 0.4246 0.494 0.4801 0.4593 0.4963 0.5264 0.4963 0.5056 0.5658 0.5357 0.531 0.5797 0.582 0.5681 0.5959 0.6167 0.5889 0.5959 0.6282 0.415 0.4703 0.4658 0.4403 0.4634 0.505 0.4773 0.4773 0.5211 0.505 0.505 0.5419 0.5696 0.5464 0.5696 0.6226 0.5834 0.588 0.6433 0.5972
0.1767 0.588 0.0 0.4158 0.4452 0.4521 0.5028 0.4682 0.4613 0.5074 0.5097 0.4936 0.5212 0.5581 0.5304 0.5397 0.6088 0.5788 0.5719 0.6341 0.6064 0.5857 0.6387 0.4246 0.494 0.4801 0.4593 0.4963 0.5264 0.4963 0.5056 0.5658 0.5357 0.531 0.5797 0.582 0.5681 0.5959 0.6167 0.5889 0.5959 0.6282 0.5959 0.4703 0.4658 0.4403 0.4634 0.505 0.4773 0.4773 0.5211 0.505 0.505 0.5419 0.5696 0.5464 0.5696 0.6226 0.5834 0.588 0.6433 0.5972 0.5857
0.0847 0.6318 0.0 0.4452 0.4521 0.5028 0.4682 0.4613 0.5074 0.5097 0.4936 0.5212 0.5581 0.5304 0.5397 0.6088 0.5788 0.5719 0.6341 0.6064 0.5857 0.6387 0.6133 0.494 0.4801 0.4593 0.4963 0.5264 0.4963 0.5056 0.5658 0.5357 0.531 0.5797 0.582 0.5681 0.5959 0.6167 0.5889 0.5959 0.6282 0.5959 0.6004 0.4658 0.4403 0.4634 0.505 0.4773 0.4773 0.5211 0.505 0.505 0.5419 0.5696 0.5464 0.5696 0.6226 0.5834 0.588 0.6433 0.5972 0.5857 0.6364
0.0843 0.611 0.0 0.4521 0.5028 0.4682 0.4613 0.5074 0.5097 0.4936 0.5212 0.5581 0.5304 0.5397 0.6088 0.5788 0.5719 0.6341 0.6064 0.5857 0.6387 0.6133 0.588 0.4801 0.4593 0.4963 0.5264 0.4963 0.5056 0.5658 0.5357 0.531 0.5797 0.582 0.5681 0.5959 0.6167 0.5889 0.5959 0.6282 0.5959 0.6004 0.6167 0.4403 0.4634 0.505 0.4773 0.4773 0.5211 0.505 0.505 0.5419 0.5696 0.5464 0.5696 0.6226 0.5834 0.588 0.6433 0.5972 0.5857 0.6364 0.6019
0.146 0.5903 0.0 0.5028 0.4682 0.4613 0.5074 0.5097 0.4936 0.5212 0.5581 0.5304 0.5397 0.6088 0.5788 0.5719 0.6341 0.6064 0.5857 0.6387 0.6133 0.588 0.6318 0.4593 0.4963 0.5264 0.4963 0.5056 0.5658 0.5357 0.531 0.5797 0.582 0.5681 0.5959 0.6167 0.5889 0.5959 0.6282 0.5959 0.6004 0.6167 0.5889 0.4634 0.505 0.4773 0.4773 0.5211 0.505 0.505 0.5419 0.5696 0.5464 0.5696 0.6226 0.5834 0.588 0.6433 0.5972 0.5857 0.6364 0.6019 0.5996
0.0693 0.6456 0.0 0.4682 0.4613 0.5074 0.5097 0.4936 0.5212 0.5581 0.5304 0.5397 0.6088 0.5788 0.5719 0.6341 0.6064 0.5857 0.6387 0.6133 0.588 0.6318 0.611 0.4963 0.5264 0.4963 0.5056 0.5658 0.5357 0.531 0.5797 0.582 0.5681 0.5959 0.6167 0.5889 0.5959 0.6282 0.5959 0.6004 0.6167 0.5889 0.6004 0.505 0.4773 0.4773 0.5211 0.505 0.505 0.5419 0.5696 0.5464 0.5696 0.6226 0.5834 0.588 0.6433 0.5972 0.5857 0.6364 0.6019 0.5996 0.6503
0.069 0.618 0.0 0.4613 0.5074 0.5097 0.4936 0.5212 0.5581 0.5304 0.5397 0.6088 0.5788 0.5719 0.6341 0.6064 0.5857 0.6387 0.6133 0.588 0.6318 0.611 0.5903 0.5264 0.4963 0.5056 0.5658 0.5357 0.531 0.5797 0.582 0.5681 0.5959 0.6167 0.5889 0.5959 0.6282 0.5959 0.6004 0.6167 0.5889 0.6004 0.6282 0.4773 0.4773 0.5211 0.505 0.505 0.5419 0.5696 0.5464 0.5696 0.6226 0.5834 0.588 0.6433 0.5972 0.5857 0.6364 0.6019 0.5996 0.6503 0.6088
0.1843 0.5927 0.0 0.5074 0.5097 0.4936 0.5212 0.5581 0.5304 0.5397 0.6088 0.5788 0.5719 0.6341 0.6064 0.5857 0.6387 0.6133 0.588 0.6318 0.611 0.5903 0.6456 0.4963 0.5056 0.5658 0.5357 0.531 0.5797 0.582 0.5681 0.5959 0.6167 0.5889 0.5959 0.6282 0.5959 0.6004 0.6167 0.5889 0.6004 0.6282 0.6028 0.4773 0.5211 0.505 0.505 0.5419 0.5696 0.5464 0.5696 0.6226 0.5834 0.588 0.6433 0.5972 0.5857 0.6364 0.6019 0.5996 0.6503 0.6088 0.6041
0.092 0.6594 0.0 0.5097 0.4936 0.5212 0.5581 0.5304 0.5397 0.6088 0.5788 0.5719 0.6341 0.6064 0.5857 0.6387 0.6133 0.588 0.6318 0.611 0.5903 0.6456 0.618 0.5056 0.5658 0.5357 0.531 0.5797 0.582 0.5681 0.5959 0.6167 0.5889 0.5959 0.6282 0.5959 0.6004 0.6167 0.5889 0.6004 0.6282 0.6028 0.612 0.5211 0.505 0.505 0.5419 0.5696 0.5464 0.5696 0.6226 0.5834 0.588 0.6433 0.5972 0.5857 0.6364 0.6019 0.5996 0.6503 0.6088 0.6041 0.6618
0.0843 0.641 0.0 0.4936 0.5212 0.5581 0.5304 0.5397 0.6088 0.5788 0.5719 0.6341 0.6064 0.5857 0.6387 0.6133 0.588 0.6318 0.611 0.5903 0.6456 0.618 0.5927 0.5658 0.5357 0.531 0.5797 0.582 0.5681 0.5959 0.6167 0.5889 0.5959 0.6282 0.5959 0.6004 0.6167 0.5889 0.6004 0.6282 0.6028 0.612 0.6398 0.505 0.505 0.5419 0.5696 0.5464 0.5696 0.6226 0.5834 0.588 0.6433 0.5972 0.5857 0.6364 0.6019 0.5996 0.6503 0.6088 0.6041 0.6618 0.6249
0.2223 0.6088 0.0 0.5212 0.5581 0.5304 0.5397 0.6088 0.5788 0.5719 0.6341 0.6064 0.5857 0.6387 0.6133 0.588 0.6318 0.611 0.5903 0.6456 0.618 0.5927 0.6594 0.5357 0.531 0.5797 0.582 0.5681 0.5959 0.6167 0.5889 0.5959 0.6282 0.5959 0.6004 0.6167 0.5889 0.6004 0.6282 0.6028 0.612 0.6398 0.6167 0.505 0.5419 0.5696 0.5464 0.5696 0.6226 0.5834 0.588 0.6433 0.5972 0.5857 0.6364 0.6019 0.5996 0.6503 0.6088 0.6041 0.6618 0.6249 0.6203
0.0613 0.6756 0.0 0.5581 0.5304 0.5397 0.6088 0.5788 0.5719 0.6341 0.6064 0.5857 0.6387 0.6133 0.588 0.6318 0.611 0.5903 0.6456 0.618 0.5927 0.6594 0.641 0.531 0.5797 0.582 0.5681 0.5959 0.6167 0.5889 0.5959 0.6282 0.5959 0.6004 0.6167 0.5889 0.6004 0.6282 0.6028 0.612 0.6398 0.6167 0.6329 0.5419 0.5696 0.5464 0.5696 0.6226 0.5834 0.588 0.6433 0.5972 0.5857 0.6364 0.6019 0.5996 0.6503 0.6088 0.6041 0.6618 0.6249 0.6203 0.6826
0.1073 0.6687 0.0 0.5304 0.5397 0.6088 0.5788 0.5719 0.6341 0.6064 0.5857 0.6387 0.6133 0.588 0.6318 0.611 0.5903 0.6456 0.618 0.5927 0.6594 0.641 0.6088 0.5797 0.582 0.5681 0.5959 0.6167 0.5889 0.5959 0.6282 0.5959 0.6004 0.6167 0.5889 0.6004 0.6282 0.6028 0.612 0.6398 0.6167 0.6329 0.6676 0.5696 0.5464 0.5696 0.6226 0.5834 0.588 0.6433 0.5972 0.5857 0.6364 0.6019 0.5996 0.6503 0.6088 0.6041 0.6618 0.6249 0.6203 0.6826 0.648
0.2227 0.6294 0.0 0.5397 0.6088 0.5788 0.5719 0.6341 0.6064 0.5857 0.6387 0.6133 0.588 0.6318 0.611 0.5903 0.6456 0.618 0.5927 0.6594 0.641 0.6088 0.6756 0.582 0.5681 0.5959 0.6167 0.5889 0.5959 0.6282 0.5959 0.6004 0.6167 0.5889 0.6004 0.6282 0.6028 0.612 0.6398 0.6167 0.6329 0.6676 0.6398 0.5464 0.5696 0.6226 0.5834 0.588 0.6433 0.5972 0.5857 0.6364 0.6019 0.5996 0.6503 0.6088 0.6041 0.6618 0.6249 0.6203 0.6826 0.648 0.6341
0.023 0.6893 0.0 0.6088 0.5788 0.5719 0.6341 0.6064 0.5857 0.6387 0.6133 0.588 0.6318 0.611 0.5903 0.6456 0.618 0.5927 0.6594 0.641 0.6088 0.6756 0.6687 0.5681 0.5959 0.6167 0.5889 0.5959 0.6282 0.5959 0.6004 0.6167 0.5889 0.6004 0.6282 0.6028 0.612 0.6398 0.6167 0.6329 0.6676 0.6398 0.6491 0.5696 0.6226 0.5834 0.588 0.6433 0.5972 0.5857 0.6364 0.6019 0.5996 0.6503 0.6088 0.6041 0.6618 0.6249 0.6203 0.6826 0.648 0.6341 0.7057
0.131 0.6917 0.0 0.5788 0.5719 0.6341 0.6064 0.5857 0.6387 0.6133 0.588 0.6318 0.611 0.5903 0.6456 0.618 0.5927 0.6594 0.641 0.6088 0.6756 0.6687 0.6294 0.5959 0.6167 0.5889 0.5959 0.6282 0.5959 0.6004 0.6167 0.5889 0.6004 0.6282 0.6028 0.612 0.6398 0.6167 0.6329 0.6676 0.6398 0.6491 0.7 0.6226 0.5834 0.588 0.6433 0.5972 0.5857 0.6364 0.6019 0.5996 0.6503 0.6088 0.6041 0.6618 0.6249 0.6203 0.6826 0.648 0.6341 0.7057 0.671
0.1997 0.6479 0.0 0.5719 0.6341 0.6064 0.5857 0.6387 0.6133 0.588 0.6318 0.611 0.5903 0.6456 0.618 0.5927 0.6594 0.641 0.6088 0.6756 0.6687 0.6294 0.6893 0.6167 0.5889 0.5959 0.6282 0.5959 0.6004 0.6167 0.5889 0.6004 0.6282 0.6028 0.612 0.6398 0.6167 0.6329 0.6676 0.6398 0.6491 0.7 0.6676 0.5834 0.588 0.6433 0.5972 0.5857 0.6364 0.6019 0.5996 0.6503 0.6088 0.6041 0.6618 0.6249 0.6203 0.6826 0.648 0.6341 0.7057 0.671 0.6433
0.008 0.6801 0.0 0.6341 0.6064 0.5857 0.6387 0.6133 0.588 0.6318 0.611 0.5903 0.6456 0.618 0.5927 0.6594 0.641 0.6088 0.6756 0.6687 0.6294 0.6893 0.6917 0.5889 0.5959 0.6282 0.5959 0.6004 0.6167 0.5889 0.6004 0.6282 0.6028 0.612 0.6398 0.6167 0.6329 0.6676 0.6398 0.6491 0.7 0.6676 0.656 0.588 0.6433 0.5972 0.5857 0.6364 0.6019 0.5996 0.6503 0.6088 0.6041 0.6618 0.6249 0.6203 0.6826 0.648 0.6341 0.7057 0.671 0.6433 0.7172
0.146 0.7009 0.0 0.6064 0.5857 0.6387 0.6133 0.588 0.6318 0.611 0.5903 0.6456 0.618 0.5927 0.6594 0.641 0.6088 0.6756 0.6687 0.6294 0.6893 0.6917 0.6479 0.5959 0.6282 0.5959 0.6004 0.6167 0.5889 0.6004 0.6282 0.6028 0.612 0.6398 0.6167 0.6329 0.6676 0.6398 0.6491 0.7 0.6676 0.656 0.7208 0.6433 0.5972 0.5857 0.6364 0.6019 0.5996 0.6503 0.6088 0.6041 0.6618 0.6249 0.6203 0.6826 0.648 0.6341 0.7057 0.671 0.6433 0.7172 0.6872
0.1073 0.6526 0.0 0.5857 0.6387 0.6133 0.588 0.6318 0.611 0.5903 0.6456 0.618 0.5927 0.6594 0.641 0.6088 0.6756 0.6687 0.6294 0.6893 0.6917 0.6479 0.6801 0.6282 0.5959 0.6004 0.6167 0.5889 0.6004 0.6282 0.6028 0.612 0.6398 0.6167 0.6329 0.6676 0.6398 0.6491 0.7 0.6676 0.656 0.7208 0.6814 0.5972 0.5857 0.6364 0.6019 0.5996 0.6503 0.6088 0.6041 0.6618 0.6249 0.6203 0.6826 0.648 0.6341 0.7057 0.671 0.6433 0.7172 0.6872 0.648
0.0693 0.6594 0.0 0.6387 0.6133 0.588 0.6318 0.611 0.5903 0.6456 0.618 0.5927 0.6594 0.641 0.6088 0.6756 0.6687 0.6294 0.6893 0.6917 0.6479 0.6801 0.7009 0.5959 0.6004 0.6167 0.5889 0.6004 0.6282 0.6028 0.612 0.6398 0.6167 0.6329 0.6676 0.6398 0.6491 0.7 0.6676 0.656 0.7208 0.6814 0.6537 0.5857 0.6364 0.6019 0.5996 0.6503 0.6088 0.6041 0.6618 0.6249 0.6203 0.6826 0.648 0.6341 0.7057 0.671 0.6433 0.7172 0.6872 0.648 0.7057
0.161 0.7078 0.0 0.6133 0.588 0.6318 0.611 0.5903 0.6456 0.618 0.5927 0.6594 0.641 0.6088 0.6756 0.6687 0.6294 0.6893 0.6917 0.6479 0.6801 0.7009 0.6526 0.6004 0.6167 0.5889 0.6004 0.6282 0.6028 0.612 0.6398 0.6167 0.6329 0.6676 0.6398 0.6491 0.7 0.6676 0.656 0.7208 0.6814 0.6537 0.7208 0.6364 0.6019 0.5996 0.6503 0.6088 0.6041 0.6618 0.6249 0.6203 0.6826 0.648 0.6341 0.7057 0.671 0.6433 0.7172 0.6872 0.648 0.7057 0.6918
0.0227 0.6526 0.0 0.588 0.6318 0.611 0.5903 0.6456 0.618 0.5927 0.6594 0.641 0.6088 0.6756 0.6687 0.6294 0.6893 0.6917 0.6479 0.6801 0.7009 0.6526 0.6594 0.6167 0.5889 0.6004 0.6282 0.6028 0.612 0.6398 0.6167 0.6329 0.6676 0.6398 0.6491 0.7 0.6676 0.656 0.7208 0.6814 0.6537 0.7208 0.6861 0.6019 0.5996 0.6503 0.6088 0.6041 0.6618 0.6249 0.6203 0.6826 0.648 0.6341 0.7057 0.671 0.6433 0.7172 0.6872 0.648 0.7057 0.6918 0.6457
0.1613 0.6364 0.0 0.6318 0.611 0.5903 0.6456 0.618 0.5927 0.6594 0.641 0.6088 0.6756 0.6687 0.6294 0.6893 0.6917 0.6479 0.6801 0.7009 0.6526 0.6594 0.7078 0.5889 0.6004 0.6282 0.6028 0.612 0.6398 0.6167 0.6329 0.6676 0.6398 0.6491 0.7 0.6676 0.656 0.7208 0.6814 0.6537 0.7208 0.6861 0.6491 0.5996 0.6503 0.6088 0.6041 0.6618 0.6249 0.6203 0.6826 0.648 0.6341 0.7057 0.671 0.6433 0.7172 0.6872 0.648 0.7057 0.6918 0.6457 0.6802
0.184 0.6917 0.0 0.611 0.5903 0.6456 0.618 0.5927 0.6594 0.641 0.6088 0.6756 0.6687 0.6294 0.6893 0.6917 0.6479 0.6801 0.7009 0.6526 0.6594 0.7078 0.6526 0.6004 0.6282 0.6028 0.612 0.6398 0.6167 0.6329 0.6676 0.6398 0.6491 0.7 0.6676 0.656 0.7208 0.6814 0.6537 0.7208 0.6861 0.6491 0.7047 0.6503 0.6088 0.6041 0.6618 0.6249 0.6203 0.6826 0.648 0.6341 0.7057 0.671 0.6433 0.7172 0.6872 0.648 0.7057 0.6918 0.6457 0.6802 0.6849
0.054 0.6502 0.0 0.5903 0.6456 0.618 0.5927 0.6594 0.641 0.6088 0.6756 0.6687 0.6294 0.6893 0.6917 0.6479 0.6801 0.7009 0.6526 0.6594 0.7078 0.6526 0.6364 0.6282 0.6028 0.612 0.6398 0.6167 0.6329 0.6676 0.6398 0.6491 0.7 0.6676 0.656 0.7208 0.6814 0.6537 0.7208 0.6861 0.6491 0.7047 0.6861 0.6088 0.6041 0.6618 0.6249 0.6203 0.6826 0.648 0.6341 0.7057 0.671 0.6433 0.7172 0.6872 0.648 0.7057 0.6918 0.6457 0.6802 0.6849 0.6411
0.1843 0.6133 0.0 0.6456 0.618 0.5927 0.6594 0.641 0.6088 0.6756 0.6687 0.6294 0.6893 0.6917 0.6479 0.6801 0.7009 0.6526 0.6594 0.7078 0.6526 0.6364 0.6917 0.6028 0.612 0.6398 0.6167 0.6329 0.6676 0.6398 0.6491 0.7 0.6676 0.656 0.7208 0.6814 0.6537 0.7208 0.6861 0.6491 0.7047 0.6861 0.6491 0.6041 0.6618 0.6249 0.6203 0.6826 0.648 0.6341 0.7057 0.671 0.6433 0.7172 0.6872 0.648 0.7057 0.6918 0.6457 0.6802 0.6849 0.6411 0.6457
0.1383 0.6663 0.0 0.618 0.5927 0.6594 0.641 0.6088 0.6756 0.6687 0.6294 0.6893 0.6917 0.6479 0.6801 0.7009 0.6526 0.6594 0.7078 0.6526 0.6364 0.6917 0.6502 0.612 0.6398 0.6167 0.6329 0.6676 0.6398 0.6491 0.7 0.6676 0.656 0.7208 0.6814 0.6537 0.7208 0.6861 0.6491 0.7047 0.6861 0.6491 0.6769 0.6618 0.6249 0.6203 0.6826 0.648 0.6341 0.7057 0.671 0.6433 0.7172 0.6872 0.648 0.7057 0.6918 0.6457 0.6802 0.6849 0.6411 0.6457 0.6849
0.123 0.6479 0.0 0.5927 0.6594 0.641 0.6088 0.6756 0.6687 0.6294 0.6893 0.6917 0.6479 0.6801 0.7009 0.6526 0.6594 0.7078 0.6526 0.6364 0.6917 0.6502 0.6133 0.6398 0.6167 0.6329 0.6676 0.6398 0.6491 0.7 0.6676 0.656 0.7208 0.6814 0.6537 0.7208 0.6861 0.6491 0.7047 0.6861 0.6491 0.6769 0.6861 0.6249 0.6203 0.6826 0.648 0.6341 0.7057 0.671 0.6433 0.7172 0.6872 0.648 0.7057 0.6918 0.6457 0.6802 0.6849 0.6411 0.6457 0.6849 0.6388
0.1767 0.6064 0.0 0.6594 0.641 0.6088 0.6756 0.6687 0.6294 0.6893 0.6917 0.6479 0.6801 0.7009 0.6526 0.6594 0.7078 0.6526 0.6364 0.6917 0.6502 0.6133 0.6663 0.6167 0.6329 0.6676 0.6398 0.6491 0.7 0.6676 0.656 0.7208 0.6814 0.6537 0.7208 0.6861 0.6491 0.7047 0.6861 0.6491 0.6769 0.6861 0.6468 0.6203 0.6826 0.648 0.6341 0.7057 0.671 0.6433 0.7172 0.6872 0.648 0.7057 0.6918 0.6457 0.6802 0.6849 0.6411 0.6457 0.6849 0.6388 0.6249
0.0613 0.6502 0.0 0.641 0.6088 0.6756 0.6687 0.6294 0.6893 0.6917 0.6479 0.6801 0.7009 0.6526 0.6594 0.7078 0.6526 0.6364 0.6917 0.6502 0.6133 0.6663 0.6479 0.6329 0.6676 0.6398 0.6491 0.7 0.6676 0.656 0.7208 0.6814 0.6537 0.7208 0.6861 0.6491 0.7047 0.6861 0.6491 0.6769 0.6861 0.6468 0.6491 0.6826 0.648 0.6341 0.7057 0.671 0.6433 0.7172 0.6872 0.648 0.7057 0.6918 0.6457 0.6802 0.6849 0.6411 0.6457 0.6849 0.6388 0.6249 0.6733
0.1383 0.6526 0.0 0.6088 0.6756 0.6687 0.6294 0.6893 0.6917 0.6479 0.6801 0.7009 0.6526 0.6594 0.7078 0.6526 0.6364 0.6917 0.6502 0.6133 0.6663 0.6479 0.6064 0.6676 0.6398 0.6491 0.7 0.6676 0.656 0.7208 0.6814 0.6537 0.7208 0.6861 0.6491 0.7047 0.6861 0.6491 0.6769 0.6861 0.6468 0.6491 0.693 0.648 0.6341 0.7057 0.671 0.6433 0.7172 0.6872 0.648 0.7057 0.6918 0.6457 0.6802 0.6849 0.6411 0.6457 0.6849 0.6388 0.6249 0.6733 0.6341
0.146 0.6064 0.0 0.6756 0.6687 0.6294 0.6893 0.6917 0.6479 0.6801 0.7009 0.6526 0.6594 0.7078 0.6526 0.6364 0.6917 0.6502 0.6133 0.6663 0.6479 0.6064 0.6502 0.6398 0.6491 0.7 0.6676 0.656 0.7208 0.6814 0.6537 0.7208 0.6861 0.6491 0.7047 0.6861 0.6491 0.6769 0.6861 0.6468 0.6491 0.693 0.6537 0.6341 0.7057 0.671 0.6433 0.7172 0.6872 0.648 0.7057 0.6918 0.6457 0.6802 0.6849 0.6411 0.6457 0.6849 0.6388 0.6249 0.6733 0.6341 0.6088
0.008 0.5742 0.0 0.6687 0.6294 0.6893 0.6917 0.6479 0.6801 0.7009 0.6526 0.6594 0.7078 0.6526 0.6364 0.6917 0.6502 0.6133 0.6663 0.6479 0.6064 0.6502 0.6526 0.6491 0.7 0.6676 0.656 0.7208 0.6814 0.6537 0.7208 0.6861 0.6491 0.7047 0.6861 0.6491 0.6769 0.6861 0.6468 0.6491 0.693 0.6537 0.6398 0.7057 0.671 0.6433 0.7172 0.6872 0.648 0.7057 0.6918 0.6457 0.6802 0.6849 0.6411 0.6457 0.6849 0.6388 0.6249 0.6733 0.6341 0.6088 0.6549
0.154 0.5534 0.0 0.6294 0.6893 0.6917 0.6479 0.6801 0.7009 0.6526 0.6594 0.7078 0.6526 0.6364 0.6917 0.6502 0.6133 0.6663 0.6479 0.6064 0.6502 0.6526 0.6064 0.7 0.6676 0.656 0.7208 0.6814 0.6537 0.7208 0.6861 0.6491 0.7047 0.6861 0.6491 0.6769 0.6861 0.6468 0.6491 0.693 0.6537 0.6398 0.6329 0.671 0.6433 0.7172 0.6872 0.648 0.7057 0.6918 0.6457 0.6802 0.6849 0.6411 0.6457 0.6849 0.6388 0.6249 0.6733 0.6341 0.6088 0.6549 0.6296
0.1073 0.5304 0.0 0.6893 0.6917 0.6479 0.6801 0.7009 0.6526 0.6594 0.7078 0.6526 0.6364 0.6917 0.6502 0.6133 0.6663 0.6479 0.6064 0.6502 0.6526 0.6064 0.5742 0.6676 0.656 0.7208 0.6814 0.6537 0.7208 0.6861 0.6491 0.7047 0.6861 0.6491 0.6769 0.6861 0.6468 0.6491 0.693 0.6537 0.6398 0.6329 0.6098 0.6433 0.7172 0.6872 0.648 0.7057 0.6918 0.6457 0.6802 0.6849 0.6411 0.6457 0.6849 0.6388 0.6249 0.6733 0.6341 0.6088 0.6549 0.6296 0.5996
0.0693 0.5051 0.0 0.6917 0.6479 0.6801 0.7009 0.6526 0.6594 0.7078 0.6526 0.6364 0.6917 0.6502 0.6133 0.6663 0.6479 0.6064 0.6502 0.6526 0.6064 0.5742 0.5534 0.656 0.7208 0.6814 0.6537 0.7208 0.6861 0.6491 0.7047 0.6861 0.6491 0.6769 0.6861 0.6468 0.6491 0.693 0.6537 0.6398 0.6329 0.6098 0.582 0.7172 0.6872 0.648 0.7057 0.6918 0.6457 0.6802 0.6849 0.6411 0.6457 0.6849 0.6388 0.6249 0.6733 0.6341 0.6088 0.6549 0.6296 0.5996 0.5719
0.0767 0.4913 0.0 0.6479 0.6801 0.7009 0.6526 0.6594 0.7078 0.6526 0.6364 0.6917 0.6502 0.6133 0.6663 0.6479 0.6064 0.6502 0.6526 0.6064 0.5742 0.5534 0.5304 0.7208 0.6814 0.6537 0.7208 0.6861 0.6491 0.7047 0.6861 0.6491 0.6769 0.6861 0.6468 0.6491 0.693 0.6537 0.6398 0.6329 0.6098 0.582 0.5611 0.6872 0.648 0.7057 0.6918 0.6457 0.6802 0.6849 0.6411 0.6457 0.6849 0.6388 0.6249 0.6733 0.6341 0.6088 0.6549 0.6296 0.5996 0.5719 0.558
0.0843 0.4798 0.0 0.6801 0.7009 0.6526 0.6594 0.7078 0.6526 0.6364 0.6917 0.6502 0.6133 0.6663 0.6479 0.6064 0.6502 0.6526 0.6064 0.5742 0.5534 0.5304 0.5051 0.6814 0.6537 0.7208 0.6861 0.6491 0.7047 0.6861 0.6491 0.6769 0.6861 0.6468 0.6491 0.693 0.6537 0.6398 0.6329 0.6098 0.582 0.5611 0.5472 0.648 0.7057 0.6918 0.6457 0.6802 0.6849 0.6411 0.6457 0.6849 0.6388 0.6249 0.6733 0.6341 0.6088 0.6549 0.6296 0.5996 0.5719 0.558 0.5372
0.046 0.4568 0.0 0.7009 0.6526 0.6594 0.7078 0.6526 0.6364 0.6917 0.6502 0.6133 0.6663 0.6479 0.6064 0.6502 0.6526 0.6064 0.5742 0.5534 0.5304 0.5051 0.4913 0.6537 0.7208 0.6861 0.6491 0.7047 0.6861 0.6491 0.6769 0.6861 0.6468 0.6491 0.693 0.6537 0.6398 0.6329 0.6098 0.582 0.5611 0.5472 0.5287 0.7057 0.6918 0.6457 0.6802 0.6849 0.6411 0.6457 0.6849 0.6388 0.6249 0.6733 0.6341 0.6088 0.6549 0.6296 0.5996 0.5719 0.558 0.5372 0.5166
0.0383 0.4429 0.0 0.6526 0.6594 0.7078 0.6526 0.6364 0.6917 0.6502 0.6133 0.6663 0.6479 0.6064 0.6502 0.6526 0.6064 0.5742 0.5534 0.5304 0.5051 0.4913 0.4798 0.7208 0.6861 0.6491 0.7047 0.6861 0.6491 0.6769 0.6861 0.6468 0.6491 0.693 0.6537 0.6398 0.6329 0.6098 0.582 0.5611 0.5472 0.5287 0.5079 0.6918 0.6457 0.6802 0.6849 0.6411 0.6457 0.6849 0.6388 0.6249 0.6733 0.6341 0.6088 0.6549 0.6296 0.5996 0.5719 0.558 0.5372 0.5166 0.5072
0.0767 0.4406 0.0 0.6594 0.7078 0.6526 0.6364 0.6917 0.6502 0.6133 0.6663 0.6479 0.6064 0.6502 0.6526 0.6064 0.5742 0.5534 0.5304 0.5051 0.4913 0.4798 0.4568 0.6861 0.6491 0.7047 0.6861 0.6491 0.6769 0.6861 0.6468 0.6491 0.693 0.6537 0.6398 0.6329 0.6098 0.582 0.5611 0.5472 0.5287 0.5079 0.501 0.6457 0.6802 0.6849 0.6411 0.6457 0.6849 0.6388 0.6249 0.6733 0.6341 0.6088 0.6549 0.6296 0.5996 0.5719 0.558 0.5372 0.5166 0.5072 0.4911
0.0463 0.4199 0.0 0.7078 0.6526 0.6364 0.6917 0.6502 0.6133 0.6663 0.6479 0.6064 0.6502 0.6526 0.6064 0.5742 0.5534 0.5304 0.5051 0.4913 0.4798 0.4568 0.4429 0.6491 0.7047 0.6861 0.6491 0.6769 0.6861 0.6468 0.6491 0.693 0.6537 0.6398 0.6329 0.6098 0.582 0.5611 0.5472 0.5287 0.5079 0.501 0.4824 0.6802 0.6849 0.6411 0.6457 0.6849 0.6388 0.6249 0.6733 0.6341 0.6088 0.6549 0.6296 0.5996 0.5719 0.558 0.5372 0.5166 0.5072 0.4911 0.4681
0.0077 0.406 0.0 0.6526 0.6364 0.6917 0.6502 0.6133 0.6663 0.6479 0.6064 0.6502 0.6526 0.6064 0.5742 0.5534 0.5304 0.5051 0.4913 0.4798 0.4568 0.4429 0.4406 0.7047 0.6861 0.6491 0.6769 0.6861 0.6468 0.6491 0.693 0.6537 0.6398 0.6329 0.6098 0.582 0.5611 0.5472 0.5287 0.5079 0.501 0.4824 0.4639 0.6849 0.6411 0.6457 0.6849 0.6388 0.6249 0.6733 0.6341 0.6088 0.6549 0.6296 0.5996 0.5719 0.558 0.5372 0.5166 0.5072 0.4911 0.4681 0.4634
0.069 0.4083 0.0 0.6364 0.6917 0.6502 0.6133 0.6663 0.6479 0.6064 0.6502 0.6526 0.6064 0.5742 0.5534 0.5304 0.5051 0.4913 0.4798 0.4568 0.4429 0.4406 0.4199 0.6861 0.6491 0.6769 0.6861 0.6468 0.6491 0.693 0.6537 0.6398 0.6329 0.6098 0.582 0.5611 0.5472 0.5287 0.5079 0.501 0.4824 0.4639 0.4593 0.6411 0.6457 0.6849 0.6388 0.6249 0.6733 0.6341 0.6088 0.6549 0.6296 0.5996 0.5719 0.558 0.5372 0.5166 0.5072 0.4911 0.4681 0.4634 0.4542
0.0463 0.3922 0.0 0.6917 0.6502 0.6133 0.6663 0.6479 0.6064 0.6502 0.6526 0.6064 0.5742 0.5534 0.5304 0.5051 0.4913 0.4798 0.4568 0.4429 0.4406 0.4199 0.406 0.6491 0.6769 0.6861 0.6468 0.6491 0.693 0.6537 0.6398 0.6329 0.6098 0.582 0.5611 0.5472 0.5287 0.5079 0.501 0.4824 0.4639 0.4593 0.4477 0.6457 0.6849 0.6388 0.6249 0.6733 0.6341 0.6088 0.6549 0.6296 0.5996 0.5719 0.558 0.5372 0.5166 0.5072 0.4911 0.4681 0.4634 0.4542 0.4358
0.0077 0.3761 0.0 0.6502 0.6133 0.6663 0.6479 0.6064 0.6502 0.6526 0.6064 0.5742 0.5534 0.5304 0.5051 0.4913 0.4798 0.4568 0.4429 0.4406 0.4199 0.406 0.4083 0.6769 0.6861 0.6468 0.6491 0.693 0.6537 0.6398 0.6329 0.6098 0.582 0.5611 0.5472 0.5287 0.5079 0.501 0.4824 0.4639 0.4593 0.4477 0.4269 0.6849 0.6388 0.6249 0.6733 0.6341 0.6088 0.6549 0.6296 0.5996 0.5719 0.558 0.5372 0.5166 0.5072 0.4911 0.4681 0.4634 0.4542 0.4358 0.4266
0.0537 0.3784 0.0 0.6133 0.6663 0.6479 0.6064 0.6502 0.6526 0.6064 0.5742 0.5534 0.5304 0.5051 0.4913 0.4798 0.4568 0.4429 0.4406 0.4199 0.406 0.4083 0.3922 0.6861 0.6468 0.6491 0.693 0.6537 0.6398 0.6329 0.6098 0.582 0.5611 0.5472 0.5287 0.5079 0.501 0.4824 0.4639 0.4593 0.4477 0.4269 0.4246 0.6388 0.6249 0.6733 0.6341 0.6088 0.6549 0.6296 0.5996 0.5719 0.558 0.5372 0.5166 0.5072 0.4911 0.4681 0.4634 0.4542 0.4358 0.4266 0.4266
0.0537 0.3646 0.0 0.6663 0.6479 0.6064 0.6502 0.6526 0.6064 0.5742 0.5534 0.5304 0.5051 0.4913 0.4798 0.4568 0.4429 0.4406 0.4199 0.406 0.4083 0.3922 0.3761 0.6468 0.6491 0.693 0.6537 0.6398 0.6329 0.6098 0.582 0.5611 0.5472 0.5287 0.5079 0.501 0.4824 0.4639 0.4593 0.4477 0.4269 0.4246 0.4153 0.6249 0.6733 0.6341 0.6088 0.6549 0.6296 0.5996 0.5719 0.558 0.5372 0.5166 0.5072 0.4911 0.4681 0.4634 0.4542 0.4358 0.4266 0.4266 0.4058
0.0077 0.3462 0.0 0.6479 0.6064 0.6502 0.6526 0.6064 0.5742 0.5534 0.5304 0.5051 0.4913 0.4798 0.4568 0.4429 0.4406 0.4199 0.406 0.4083 0.3922 0.3761 0.3784 0.6491 0.693 0.6537 0.6398 0.6329 0.6098 0.582 0.5611 0.5472 0.5287 0.5079 0.501 0.4824 0.4639 0.4593 0.4477 0.4269 0.4246 0.4153 0.3968 0.6733 0.6341 0.6088 0.6549 0.6296 0.5996 0.5719 0.558 0.5372 0.5166 0.5072 0.4911 0.4681 0.4634 0.4542 0.4358 0.4266 0.4266 0.4058 0.3966
0.046 0.3462 0.0 0.6064 0.6502 0.6526 0.6064 0.5742 0.5534 0.5304 0.5051 0.4913 0.4798 0.4568 0.4429 0.4406 0.4199 0.406 0.4083 0.3922 0.3761 0.3784 0.3646 0.693 0.6537 0.6398 0.6329 0.6098 0.582 0.5611 0.5472 0.5287 0.5079 0.501 0.4824 0.4639 0.4593 0.4477 0.4269 0.4246 0.4153 0.3968 0.3876 0.6341 0.6088 0.6549 0.6296 0.5996 0.5719 0.558 0.5372 0.5166 0.5072 0.4911 0.4681 0.4634 0.4542 0.4358 0.4266 0.4266 0.4058 0.3966 0.3942
0.0613 0.3347 0.0 0.6502 0.6526 0.6064 0.5742 0.5534 0.5304 0.5051 0.4913 0.4798 0.4568 0.4429 0.4406 0.4199 0.406 0.4083 0.3922 0.3761 0.3784 0.3646 0.3462 0.6537 0.6398 0.6329 0.6098 0.582 0.5611 0.5472 0.5287 0.5079 0.501 0.4824 0.4639 0.4593 0.4477 0.4269 0.4246 0.4153 0.3968 0.3876 0.3829 0.6088 0.6549 0.6296 0.5996 0.5719 0.558 0.5372 0.5166 0.5072 0.4911 0.4681 0.4634 0.4542 0.4358 0.4266 0.4266 0.4058 0.3966 0.3942 0.3758
0.0 0.3186 0.0 0.6526 0.6064 0.5742 0.5534 0.5304 0.5051 0.4913 0.4798 0.4568 0.4429 0.4406 0.4199 0.406 0.4083 0.3922 0.3761 0.3784 0.3646 0.3462 0.3462 0.6398 0.6329 0.6098 0.582 0.5611 0.5472 0.5287 0.5079 0.501 0.4824 0.4639 0.4593 0.4477 0.4269 0.4246 0.4153 0.3968 0.3876 0.3829 0.3644 0.6549 0.6296 0.5996 0.5719 0.558 0.5372 0.5166 0.5072 0.4911 0.4681 0.4634 0.4542 0.4358 0.4266 0.4266 0.4058 0.3966 0.3942 0.3758 0.3642
0.0383 0.3139 0.0 0.6064 0.5742 0.5534 0.5304 0.5051 0.4913 0.4798 0.4568 0.4429 0.4406 0.4199 0.406 0.4083 0.3922 0.3761 0.3784 0.3646 0.3462 0.3462 0.3347 0.6329 0.6098 0.582 0.5611 0.5472 0.5287 0.5079 0.501 0.4824 0.4639 0.4593 0.4477 0.4269 0.4246 0.4153 0.3968 0.3876 0.3829 0.3644 0.3551 0.6296 0.5996 0.5719 0.558 0.5372 0.5166 0.5072 0.4911 0.4681 0.4634 0.4542 0.4358 0.4266 0.4266 0.4058 0.3966 0.3942 0.3758 0.3642 0.362
0.0537 0.307 0.0 0.5742 0.5534 0.5304 0.5051 0.4913 0.4798 0.4568 0.4429 0.4406 0.4199 0.406 0.4083 0.3922 0.3761 0.3784 0.3646 0.3462 0.3462 0.3347 0.3186 0.6098 0.582 0.5611 0.5472 0.5287 0.5079 0.501 0.4824 0.4639 0.4593 0.4477 0.4269 0.4246 0.4153 0.3968 0.3876 0.3829 0.3644 0.3551 0.3506 0.5996 0.5719 0.558 0.5372 0.5166 0.5072 0.4911 0.4681 0.4634 0.4542 0.4358 0.4266 0.4266 0.4058 0.3966 0.3942 0.3758 0.3642 0.362 0.3504
0.0157 0.2909 0.0 0.5534 0.5304 0.5051 0.4913 0.4798 0.4568 0.4429 0.4406 0.4199 0.406 0.4083 0.3922 0.3761 0.3784 0.3646 0.3462 0.3462 0.3347 0.3186 0.3139 0.582 0.5611 0.5472 0.5287 0.5079 0.501 0.4824 0.4639 0.4593 0.4477 0.4269 0.4246 0.4153 0.3968 0.3876 0.3829 0.3644 0.3551 0.3506 0.3367 0.5719 0.558 0.5372 0.5166 0.5072 0.4911 0.4681 0.4634 0.4542 0.4358 0.4266 0.4266 0.4058 0.3966 0.3942 0.3758 0.3642 0.362 0.3504 0.3366
0.023 0.2863 0.0 0.5304 0.5051 0.4913 0.4798 0.4568 0.4429 0.4406 0.4199 0.406 0.4083 0.3922 0.3761 0.3784 0.3646 0.3462 0.3462 0.3347 0.3186 0.3139 0.307 0.5611 0.5472 0.5287 0.5079 0.501 0.4824 0.4639 0.4593 0.4477 0.4269 0.4246 0.4153 0.3968 0.3876 0.3829 0.3644 0.3551 0.3506 0.3367 0.325 0.558 0.5372 0.5166 0.5072 0.4911 0.4681 0.4634 0.4542 0.4358 0.4266 0.4266 0.4058 0.3966 0.3942 0.3758 0.3642 0.362 0.3504 0.3366 0.3342
0.0537 0.2771 0.0 0.5051 0.4913 0.4798 0.4568 0.4429 0.4406 0.4199 0.406 0.4083 0.3922 0.3761 0.3784 0.3646 0.3462 0.3462 0.3347 0.3186 0.3139 0.307 0.2909 0.5472 0.5287 0.5079 0.501 0.4824 0.4639 0.4593 0.4477 0.4269 0.4246 0.4153 0.3968 0.3876 0.3829 0.3644 0.3551 0.3506 0.3367 0.325 0.3204 0.5372 0.5166 0.5072 0.4911 0.4681 0.4634 0.4542 0.4358 0.4266 0.4266 0.4058 0.3966 0.3942 0.3758 0.3642 0.362 0.3504 0.3366 0.3342 0.3204
0.0153 0.2679 0.0 0.4913 0.4798 0.4568 0.4429 0.4406 0.4199 0.406 0.4083 0.3922 0.3761 0.3784 0.3646 0.3462 0.3462 0.3347 0.3186 0.3139 0.307 0.2909 0.2863 0.5287 0.5079 0.501 0.4824 0.4639 0.4593 0.4477 0.4269 0.4246 0.4153 0.3968 0.3876 0.3829 0.3644 0.3551 0.3506 0.3367 0.325 0.3204 0.3089 0.5166 0.5072 0.4911 0.4681 0.4634 0.4542 0.4358 0.4266 0.4266 0.4058 0.3966 0.3942 0.3758 0.3642 0.362 0.3504 0.3366 0.3342 0.3204 0.3112
0.0307 0.2587 0.0 0.4798 0.4568 0.4429 0.4406 0.4199 0.406 0.4083 0.3922 0.3761 0.3784 0.3646 0.3462 0.3462 0.3347 0.3186 0.3139 0.307 0.2909 0.2863 0.2771 0.5079 0.501 0.4824 0.4639 0.4593 0.4477 0.4269 0.4246 0.4153 0.3968 0.3876 0.3829 0.3644 0.3551 0.3506 0.3367 0.325 0.3204 0.3089 0.2996 0.5072 0.4911 0.4681 0.4634 0.4542 0.4358 0.4266 0.4266 0.4058 0.3966 0.3942 0.3758 0.3642 0.362 0.3504 0.3366 0.3342 0.3204 0.3112 0.3043
0.0307 0.2518 0.0 0.4568 0.4429 0.4406 0.4199 0.406 0.4083 0.3922 0.3761 0.3784 0.3646 0.3462 0.3462 0.3347 0.3186 0.3139 0.307 0.2909 0.2863 0.2771 0.2679 0.501 0.4824 0.4639 0.4593 0.4477 0.4269 0.4246 0.4153 0.3968 0.3876 0.3829 0.3644 0.3551 0.3506 0.3367 0.325 0.3204 0.3089 0.2996 0.2927 0.4911 0.4681 0.4634 0.4542 0.4358 0.4266 0.4266 0.4058 0.3966 0.3942 0.3758 0.3642 0.362 0.3504 0.3366 0.3342 0.3204 0.3112 0.3043 0.2951
0.0307 0.2426 0.0 0.4429 0.4406 0.4199 0.406 0.4083 0.3922 0.3761 0.3784 0.3646 0.3462 0.3462 0.3347 0.3186 0.3139 0.307 0.2909 0.2863 0.2771 0.2679 0.2587 0.4824 0.4639 0.4593 0.4477 0.4269 0.4246 0.4153 0.3968 0.3876 0.3829 0.3644 0.3551 0.3506 0.3367 0.325 0.3204 0.3089 0.2996 0.2927 0.2833 0.4681 0.4634 0.4542 0.4358 0.4266 0.4266 0.4058 0.3966 0.3942 0.3758 0.3642 0.362 0.3504 0.3366 0.3342 0.3204 0.3112 0.3043 0.2951 0.2859
0.023 0.2863 0.0 0.4406 0.4199 0.406 0.4083 0.3922 0.3761 0.3784 0.3646 0.3462 0.3462 0.3347 0.3186 0.3139 0.307 0.2909 0.2863 0.2771 0.2679 0.2587 0.2518 0.4639 0.4593 0.4477 0.4269 0.4246 0.4153 0.3968 0.3876 0.3829 0.3644 0.3551 0.3506 0.3367 0.325 0.3204 0.3089 0.2996 0.2927 0.2833 0.2741 0.4634 0.4542 0.4358 0.4266 0.4266 0.4058 0.3966 0.3942 0.3758 0.3642 0.362 0.3504 0.3366 0.3342 0.3204 0.3112 0.3043 0.2951 0.2859 0.2789
0.0307 0.2701 0.0 0.4199 0.406 0.4083 0.3922 0.3761 0.3784 0.3646 0.3462 0.3462 0.3347 0.3186 0.3139 0.307 0.2909 0.2863 0.2771 0.2679 0.2587 0.2518 0.2426 0.4593 0.4477 0.4269 0.4246 0.4153 0.3968 0.3876 0.3829 0.3644 0.3551 0.3506 0.3367 0.325 0.3204 0.3089 0.2996 0.2927 0.2833 0.2741 0.2672 0.4542 0.4358 0.4266 0.4266 0.4058 0.3966 0.3942 0.3758 0.3642 0.362 0.3504 0.3366 0.3342 0.3204 0.3112 0.3043 0.2951 0.2859 0.2789 0.2697
0.1457 0.284 0.0 0.406 0.4083 0.3922 0.3761 0.3784 0.3646 0.3462 0.3462 0.3347 0.3186 0.3139 0.307 0.2909 0.2863 0.2771 0.2679 0.2587 0.2518 0.2426 0.2863 0.4477 0.4269 0.4246 0.4153 0.3968 0.3876 0.3829 0.3644 0.3551 0.3506 0.3367 0.325 0.3204 0.3089 0.2996 0.2927 0.2833 0.2741 0.2672 0.2579 0.4358 0.4266 0.4266 0.4058 0.3966 0.3942 0.3758 0.3642 0.362 0.3504 0.3366 0.3342 0.3204 0.3112 0.3043 0.2951 0.2859 0.2789 0.2697 0.3181
0.054 0.3716 0.0 0.4083 0.3922 0.3761 0.3784 0.3646 0.3462 0.3462 0.3347 0.3186 0.3139 0.307 0.2909 0.2863 0.2771 0.2679 0.2587 0.2518 0.2426 0.2863 0.2701 0.4269 0.4246 0.4153 0.3968 0.3876 0.3829 0.3644 0.3551 0.3506 0.3367 0.325 0.3204 0.3089 0.2996 0.2927 0.2833 0.2741 0.2672 0.2579 0.3204 0.4266 0.4266 0.4058 0.3966 0.3942 0.3758 0.3642 0.362 0.3504 0.3366 0.3342 0.3204 0.3112 0.3043 0.2951 0.2859 0.2789 0.2697 0.3181 0.3504
0.0463 0.3416 0.0 0.3922 0.3761 0.3784 0.3646 0.3462 0.3462 0.3347 0.3186 0.3139 0.307 0.2909 0.2863 0.2771 0.2679 0.2587 0.2518 0.2426 0.2863 0.2701 0.284 0.4246 0.4153 0.3968 0.3876 0.3829 0.3644 0.3551 0.3506 0.3367 0.325 0.3204 0.3089 0.2996 0.2927 0.2833 0.2741 0.2672 0.2579 0.3204 0.3228 0.4266 0.4058 0.3966 0.3942 0.3758 0.3642 0.362 0.3504 0.3366 0.3342 0.3204 0.3112 0.3043 0.2951 0.2859 0.2789 0.2697 0.3181 0.3504 0.3181
0.292 0.3323 0.0 0.3761 0.3784 0.3646 0.3462 0.3462 0.3347 0.3186 0.3139 0.307 0.2909 0.2863 0.2771 0.2679 0.2587 0.2518 0.2426 0.2863 0.2701 0.284 0.3716 0.4153 0.3968 0.3876 0.3829 0.3644 0.3551 0.3506 0.3367 0.325 0.3204 0.3089 0.2996 0.2927 0.2833 0.2741 0.2672 0.2579 0.3204 0.3228 0.3089 0.4058 0.3966 0.3942 0.3758 0.3642 0.362 0.3504 0.3366 0.3342 0.3204 0.3112 0.3043 0.2951 0.2859 0.2789 0.2697 0.3181 0.3504 0.3181 0.355
0.1 0.4199 0.0 0.3784 0.3646 0.3462 0.3462 0.3347 0.3186 0.3139 0.307 0.2909 0.2863 0.2771 0.2679 0.2587 0.2518 0.2426 0.2863 0.2701 0.284 0.3716 0.3416 0.3968 0.3876 0.3829 0.3644 0.3551 0.3506 0.3367 0.325 0.3204 0.3089 0.2996 0.2927 0.2833 0.2741 0.2672 0.2579 0.3204 0.3228 0.3089 0.3644 0.3966 0.3942 0.3758 0.3642 0.362 0.3504 0.3366 0.3342 0.3204 0.3112 0.3043 0.2951 0.2859 0.2789 0.2697 0.3181 0.3504 0.3181 0.355 0.3989
0.031 0.3899 0.0 0.3646 0.3462 0.3462 0.3347 0.3186 0.3139 0.307 0.2909 0.2863 0.2771 0.2679 0.2587 0.2518 0.2426 0.2863 0.2701 0.284 0.3716 0.3416 0.3323 0.3876 0.3829 0.3644 0.3551 0.3506 0.3367 0.325 0.3204 0.3089 0.2996 0.2927 0.2833 0.2741 0.2672 0.2579 0.3204 0.3228 0.3089 0.3644 0.376 0.3942 0.3758 0.3642 0.362 0.3504 0.3366 0.3342 0.3204 0.3112 0.3043 0.2951 0.2859 0.2789 0.2697 0.3181 0.3504 0.3181 0.355 0.3989 0.3597
0.292 0.3623 0.0 0.3462 0.3462 0.3347 0.3186 0.3139 0.307 0.2909 0.2863 0.2771 0.2679 0.2587 0.2518 0.2426 0.2863 0.2701 0.284 0.3716 0.3416 0.3323 0.4199 0.3829 0.3644 0.3551 0.3506 0.3367 0.325 0.3204 0.3089 0.2996 0.2927 0.2833 0.2741 0.2672 0.2579 0.3204 0.3228 0.3089 0.3644 0.376 0.3506 0.3758 0.3642 0.362 0.3504 0.3366 0.3342 0.3204 0.3112 0.3043 0.2951 0.2859 0.2789 0.2697 0.3181 0.3504 0.3181 0.355 0.3989 0.3597 0.3734
0.1 0.4498 0.0 0.3462 0.3347 0.3186 0.3139 0.307 0.2909 0.2863 0.2771 0.2679 0.2587 0.2518 0.2426 0.2863 0.2701 0.284 0.3716 0.3416 0.3323 0.4199 0.3899 0.3644 0.3551 0.3506 0.3367 0.325 0.3204 0.3089 0.2996 0.2927 0.2833 0.2741 0.2672 0.2579 0.3204 0.3228 0.3089 0.3644 0.376 0.3506 0.3876 0.3642 0.362 0.3504 0.3366 0.3342 0.3204 0.3112 0.3043 0.2951 0.2859 0.2789 0.2697 0.3181 0.3504 0.3181 0.355 0.3989 0.3597 0.3734 0.4381
0.092 0.4337 0.0 0.3347 0.3186 0.3139 0.307 0.2909 0.2863 0.2771 0.2679 0.2587 0.2518 0.2426 0.2863 0.2701 0.284 0.3716 0.3416 0.3323 0.4199 0.3899 0.3623 0.3551 0.3506 0.3367 0.325 0.3204 0.3089 0.2996 0.2927 0.2833 0.2741 0.2672 0.2579 0.3204 0.3228 0.3089 0.3644 0.376 0.3506 0.3876 0.4222 0.362 0.3504 0.3366 0.3342 0.3204 0.3112 0.3043 0.2951 0.2859 0.2789 0.2697 0.3181 0.3504 0.3181 0.355 0.3989 0.3597 0.3734 0.4381 0.3942
0.2917 0.3969 0.0 0.3186 0.3139 0.307 0.2909 0.2863 0.2771 0.2679 0.2587 0.2518 0.2426 0.2863 0.2701 0.284 0.3716 0.3416 0.3323 0.4199 0.3899 0.3623 0.4498 0.3506 0.3367 0.325 0.3204 0.3089 0.2996 0.2927 0.2833 0.2741 0.2672 0.2579 0.3204 0.3228 0.3089 0.3644 0.376 0.3506 0.3876 0.4222 0.3876 0.3504 0.3366 0.3342 0.3204 0.3112 0.3043 0.2951 0.2859 0.2789 0.2697 0.3181 0.3504 0.3181 0.355 0.3989 0.3597 0.3734 0.4381 0.3942 0.3804
0.0537 0.4544 0.0 0.3139 0.307 0.2909 0.2863 0.2771 0.2679 0.2587 0.2518 0.2426 0.2863 0.2701 0.284 0.3716 0.3416 0.3323 0.4199 0.3899 0.3623 0.4498 0.4337 0.3367 0.325 0.3204 0.3089 0.2996 0.2927 0.2833 0.2741 0.2672 0.2579 0.3204 0.3228 0.3089 0.3644 0.376 0.3506 0.3876 0.4222 0.3876 0.3991 0.3366 0.3342 0.3204 0.3112 0.3043 0.2951 0.2859 0.2789 0.2697 0.3181 0.3504 0.3181 0.355 0.3989 0.3597 0.3734 0.4381 0.3942 0.3804 0.4611
0.1227 0.4659 0.0 0.307 0.2909 0.2863 0.2771 0.2679 0.2587 0.2518 0.2426 0.2863 0.2701 0.284 0.3716 0.3416 0.3323 0.4199 0.3899 0.3623 0.4498 0.4337 0.3969 0.325 0.3204 0.3089 0.2996 0.2927 0.2833 0.2741 0.2672 0.2579 0.3204 0.3228 0.3089 0.3644 0.376 0.3506 0.3876 0.4222 0.3876 0.3991 0.4593 0.3342 0.3204 0.3112 0.3043 0.2951 0.2859 0.2789 0.2697 0.3181 0.3504 0.3181 0.355 0.3989 0.3597 0.3734 0.4381 0.3942 0.3804 0.4611 0.4242
0.1917 0.4268 0.0 0.2909 0.2863 0.2771 0.2679 0.2587 0.2518 0.2426 0.2863 0.2701 0.284 0.3716 0.3416 0.3323 0.4199 0.3899 0.3623 0.4498 0.4337 0.3969 0.4544 0.3204 0.3089 0.2996 0.2927 0.2833 0.2741 0.2672 0.2579 0.3204 0.3228 0.3089 0.3644 0.376 0.3506 0.3876 0.4222 0.3876 0.3991 0.4593 0.4222 0.3204 0.3112 0.3043 0.2951 0.2859 0.2789 0.2697 0.3181 0.3504 0.3181 0.355 0.3989 0.3597 0.3734 0.4381 0.3942 0.3804 0.4611 0.4242 0.3966
0.0383 0.4406 0.0 0.2863 0.2771 0.2679 0.2587 0.2518 0.2426 0.2863 0.2701 0.284 0.3716 0.3416 0.3323 0.4199 0.3899 0.3623 0.4498 0.4337 0.3969 0.4544 0.4659 0.3089 0.2996 0.2927 0.2833 0.2741 0.2672 0.2579 0.3204 0.3228 0.3089 0.3644 0.376 0.3506 0.3876 0.4222 0.3876 0.3991 0.4593 0.4222 0.413 0.3112 0.3043 0.2951 0.2859 0.2789 0.2697 0.3181 0.3504 0.3181 0.355 0.3989 0.3597 0.3734 0.4381 0.3942 0.3804 0.4611 0.4242 0.3966 0.4658
0.1303 0.489 0.0 0.2771 0.2679 0.2587 0.2518 0.2426 0.2863 0.2701 0.284 0.3716 0.3416 0.3323 0.4199 0.3899 0.3623 0.4498 0.4337 0.3969 0.4544 0.4659 0.4268 0.2996 0.2927 0.2833 0.2741 0.2672 0.2579 0.3204 0.3228 0.3089 0.3644 0.376 0.3506 0.3876 0.4222 0.3876 0.3991 0.4593 0.4222 0.413 0.4848 0.3043 0.2951 0.2859 0.2789 0.2697 0.3181 0.3504 0.3181 0.355 0.3989 0.3597 0.3734 0.4381 0.3942 0.3804 0.4611 0.4242 0.3966 0.4658 0.4519
0.046 0.4521 0.0 0.2679 0.2587 0.2518 0.2426 0.2863 0.2701 0.284 0.3716 0.3416 0.3323 0.4199 0.3899 0.3623 0.4498 0.4337 0.3969 0.4544 0.4659 0.4268 0.4406 0.2927 0.2833 0.2741 0.2672 0.2579 0.3204 0.3228 0.3089 0.3644 0.376 0.3506 0.3876 0.4222 0.3876 0.3991 0.4593 0.4222 0.413 0.4848 0.457 0.2951 0.2859 0.2789 0.2697 0.3181 0.3504 0.3181 0.355 0.3989 0.3597 0.3734 0.4381 0.3942 0.3804 0.4611 0.4242 0.3966 0.4658 0.4519 0.4242
0.1613 0.4429 0.0 0.2587 0.2518 0.2426 0.2863 0.2701 0.284 0.3716 0.3416 0.3323 0.4199 0.3899 0.3623 0.4498 0.4337 0.3969 0.4544 0.4659 0.4268 0.4406 0.489 0.2833 0.2741 0.2672 0.2579 0.3204 0.3228 0.3089 0.3644 0.376 0.3506 0.3876 0.4222 0.3876 0.3991 0.4593 0.4222 0.413 0.4848 0.457 0.4338 0.2859 0.2789 0.2697 0.3181 0.3504 0.3181 0.355 0.3989 0.3597 0.3734 0.4381 0.3942 0.3804 0.4611 0.4242 0.3966 0.4658 0.4519 0.4242 0.4589
0.123 0.489 0.0 0.2518 0.2426 0.2863 0.2701 0.284 0.3716 0.3416 0.3323 0.4199 0.3899 0.3623 0.4498 0.4337 0.3969 0.4544 0.4659 0.4268 0.4406 0.489 0.4521 0.2741 0.2672 0.2579 0.3204 0.3228 0.3089 0.3644 0.376 0.3506 0.3876 0.4222 0.3876 0.3991 0.4593 0.4222 0.413 0.4848 0.457 0.4338 0.4987 0.2789 0.2697 0.3181 0.3504 0.3181 0.355 0.3989 0.3597 0.3734 0.4381 0.3942 0.3804 0.4611 0.4242 0.3966 0.4658 0.4519 0.4242 0.4589 0.4727
0.0307 0.4706 0.0 0.2426 0.2863 0.2701 0.284 0.3716 0.3416 0.3323 0.4199 0.3899 0.3623 0.4498 0.4337 0.3969 0.4544 0.4659 0.4268 0.4406 0.489 0.4521 0.4429 0.2672 0.2579 0.3204 0.3228 0.3089 0.3644 0.376 0.3506 0.3876 0.4222 0.3876 0.3991 0.4593 0.4222 0.413 0.4848 0.457 0.4338 0.4987 0.4917 0.2697 0.3181 0.3504 0.3181 0.355 0.3989 0.3597 0.3734 0.4381 0.3942 0.3804 0.4611 0.4242 0.3966 0.4658 0.4519 0.4242 0.4589 0.4727 0.4473
0.1537 0.459 0.0 0.2863 0.2701 0.284 0.3716 0.3416 0.3323 0.4199 0.3899 0.3623 0.4498 0.4337 0.3969 0.4544 0.4659 0.4268 0.4406 0.489 0.4521 0.4429 0.489 0.2579 0.3204 0.3228 0.3089 0.3644 0.376 0.3506 0.3876 0.4222 0.3876 0.3991 0.4593 0.4222 0.413 0.4848 0.457 0.4338 0.4987 0.4917 0.4639 0.3181 0.3504 0.3181 0.355 0.3989 0.3597 0.3734 0.4381 0.3942 0.3804 0.4611 0.4242 0.3966 0.4658 0.4519 0.4242 0.4589 0.4727 0.4473 0.4589
0.0613 0.4982 0.0 0.2701 0.284 0.3716 0.3416 0.3323 0.4199 0.3899 0.3623 0.4498 0.4337 0.3969 0.4544 0.4659 0.4268 0.4406 0.489 0.4521 0.4429 0.489 0.4706 0.3204 0.3228 0.3089 0.3644 0.376 0.3506 0.3876 0.4222 0.3876 0.3991 0.4593 0.4222 0.413 0.4848 0.457 0.4338 0.4987 0.4917 0.4639 0.4824 0.3504 0.3181 0.355 0.3989 0.3597 0.3734 0.4381 0.3942 0.3804 0.4611 0.4242 0.3966 0.4658 0.4519 0.4242 0.4589 0.4727 0.4473 0.4589 0.5003
0.0387 0.5143 0.0 0.284 0.3716 0.3416 0.3323 0.4199 0.3899 0.3623 0.4498 0.4337 0.3969 0.4544 0.4659 0.4268 0.4406 0.489 0.4521 0.4429 0.489 0.4706 0.459 0.3228 0.3089 0.3644 0.376 0.3506 0.3876 0.4222 0.3876 0.3991 0.4593 0.4222 0.413 0.4848 0.457 0.4338 0.4987 0.4917 0.4639 0.4824 0.5357 0.3181 0.355 0.3989 0.3597 0.3734 0.4381 0.3942 0.3804 0.4611 0.4242 0.3966 0.4658 0.4519 0.4242 0.4589 0.4727 0.4473 0.4589 0.5003 0.4727
0.1307 0.4936 0.0 0.3716 0.3416 0.3323 0.4199 0.3899 0.3623 0.4498 0.4337 0.3969 0.4544 0.4659 0.4268 0.4406 0.489 0.4521 0.4429 0.489 0.4706 0.459 0.4982 0.3089 0.3644 0.376 0.3506 0.3876 0.4222 0.3876 0.3991 0.4593 0.4222 0.413 0.4848 0.457 0.4338 0.4987 0.4917 0.4639 0.4824 0.5357 0.5056 0.355 0.3989 0.3597 0.3734 0.4381 0.3942 0.3804 0.4611 0.4242 0.3966 0.4658 0.4519 0.4242 0.4589 0.4727 0.4473 0.4589 0.5003 0.4727 0.475
0.0537 0.5051 0.0 0.3416 0.3323 0.4199 0.3899 0.3623 0.4498 0.4337 0.3969 0.4544 0.4659 0.4268 0.4406 0.489 0.4521 0.4429 0.489 0.4706 0.459 0.4982 0.5143 0.3644 0.376 0.3506 0.3876 0.4222 0.3876 0.3991 0.4593 0.4222 0.413 0.4848 0.457 0.4338 0.4987 0.4917 0.4639 0.4824 0.5357 0.5056 0.5032 0.3989 0.3597 0.3734 0.4381 0.3942 0.3804 0.4611 0.4242 0.3966 0.4658 0.4519 0.4242 0.4589 0.4727 0.4473 0.4589 0.5003 0.4727 0.475 0.5119
0.069 0.5696 0.0 0.3323 0.4199 0.3899 0.3623 0.4498 0.4337 0.3969 0.4544 0.4659 0.4268 0.4406 0.489 0.4521 0.4429 0.489 0.4706 0.459 0.4982 0.5143 0.4936 0.376 0.3506 0.3876 0.4222 0.3876 0.3991 0.4593 0.4222 0.413 0.4848 0.457 0.4338 0.4987 0.4917 0.4639 0.4824 0.5357 0.5056 0.5032 0.5588 0.3597 0.3734 0.4381 0.3942 0.3804 0.4611 0.4242 0.3966 0.4658 0.4519 0.4242 0.4589 0.4727 0.4473 0.4589 0.5003 0.4727 0.475 0.5119 0.5258
0.0383 0.542 0.0 0.4199 0.3899 0.3623 0.4498 0.4337 0.3969 0.4544 0.4659 0.4268 0.4406 0.489 0.4521 0.4429 0.489 0.4706 0.459 0.4982 0.5143 0.4936 0.5051 0.3506 0.3876 0.4222 0.3876 0.3991 0.4593 0.4222 0.413 0.4848 0.457 0.4338 0.4987 0.4917 0.4639 0.4824 0.5357 0.5056 0.5032 0.5588 0.5472 0.3734 0.4381 0.3942 0.3804 0.4611 0.4242 0.3966 0.4658 0.4519 0.4242 0.4589 0.4727 0.4473 0.4589 0.5003 0.4727 0.475 0.5119 0.5258 0.5142
0.215 0.535 0.0 0.3899 0.3623 0.4498 0.4337 0.3969 0.4544 0.4659 0.4268 0.4406 0.489 0.4521 0.4429 0.489 0.4706 0.459 0.4982 0.5143 0.4936 0.5051 0.5696 0.3876 0.4222 0.3876 0.3991 0.4593 0.4222 0.413 0.4848 0.457 0.4338 0.4987 0.4917 0.4639 0.4824 0.5357 0.5056 0.5032 0.5588 0.5472 0.538 0.4381 0.3942 0.3804 0.4611 0.4242 0.3966 0.4658 0.4519 0.4242 0.4589 0.4727 0.4473 0.4589 0.5003 0.4727 0.475 0.5119 0.5258 0.5142 0.5419
0.092 0.6041 0.0 0.3623 0.4498 0.4337 0.3969 0.4544 0.4659 0.4268 0.4406 0.489 0.4521 0.4429 0.489 0.4706 0.459 0.4982 0.5143 0.4936 0.5051 0.5696 0.542 0.4222 0.3876 0.3991 0.4593 0.4222 0.413 0.4848 0.457 0.4338 0.4987 0.4917 0.4639 0.4824 0.5357 0.5056 0.5032 0.5588 0.5472 0.538 0.5703 0.3942 0.3804 0.4611 0.4242 0.3966 0.4658 0.4519 0.4242 0.4589 0.4727 0.4473 0.4589 0.5003 0.4727 0.475 0.5119 0.5258 0.5142 0.5419 0.588
0.0233 0.5834 0.0 0.4498 0.4337 0.3969 0.4544 0.4659 0.4268 0.4406 0.489 0.4521 0.4429 0.489 0.4706 0.459 0.4982 0.5143 0.4936 0.5051 0.5696 0.542 0.535 0.3876 0.3991 0.4593 0.4222 0.413 0.4848 0.457 0.4338 0.4987 0.4917 0.4639 0.4824 0.5357 0.5056 0.5032 0.5588 0.5472 0.538 0.5703 0.5959 0.3804 0.4611 0.4242 0.3966 0.4658 0.4519 0.4242 0.4589 0.4727 0.4473 0.4589 0.5003 0.4727 0.475 0.5119 0.5258 0.5142 0.5419 0.588 0.5534
0.2303 0.5696 0.0 0.4337 0.3969 0.4544 0.4659 0.4268 0.4406 0.489 0.4521 0.4429 0.489 0.4706 0.459 0.4982 0.5143 0.4936 0.5051 0.5696 0.542 0.535 0.6041 0.3991 0.4593 0.4222 0.413 0.4848 0.457 0.4338 0.4987 0.4917 0.4639 0.4824 0.5357 0.5056 0.5032 0.5588 0.5472 0.538 0.5703 0.5959 0.5681 0.4611 0.4242 0.3966 0.4658 0.4519 0.4242 0.4589 0.4727 0.4473 0.4589 0.5003 0.4727 0.475 0.5119 0.5258 0.5142 0.5419 0.588 0.5534 0.558
0.069 0.6249 0.0 0.3969 0.4544 0.4659 0.4268 0.4406 0.489 0.4521 0.4429 0.489 0.4706 0.459 0.4982 0.5143 0.4936 0.5051 0.5696 0.542 0.535 0.6041 0.5834 0.4593 0.4222 0.413 0.4848 0.457 0.4338 0.4987 0.4917 0.4639 0.4824 0.5357 0.5056 0.5032 0.5588 0.5472 0.538 0.5703 0.5959 0.5681 0.582 0.4242 0.3966 0.4658 0.4519 0.4242 0.4589 0.4727 0.4473 0.4589 0.5003 0.4727 0.475 0.5119 0.5258 0.5142 0.5419 0.588 0.5534 0.558 0.6226
0.046 0.6133 0.0 0.4544 0.4659 0.4268 0.4406 0.489 0.4521 0.4429 0.489 0.4706 0.459 0.4982 0.5143 0.4936 0.5051 0.5696 0.542 0.535 0.6041 0.5834 0.5696 0.4222 0.413 0.4848 0.457 0.4338 0.4987 0.4917 0.4639 0.4824 0.5357 0.5056 0.5032 0.5588 0.5472 0.538 0.5703 0.5959 0.5681 0.582 0.6213 0.3966 0.4658 0.4519 0.4242 0.4589 0.4727 0.4473 0.4589 0.5003 0.4727 0.475 0.5119 0.5258 0.5142 0.5419 0.588 0.5534 0.558 0.6226 0.5834
0.1843 0.5857 0.0 0.4659 0.4268 0.4406 0.489 0.4521 0.4429 0.489 0.4706 0.459 0.4982 0.5143 0.4936 0.5051 0.5696 0.542 0.535 0.6041 0.5834 0.5696 0.6249 0.413 0.4848 0.457 0.4338 0.4987 0.4917 0.4639 0.4824 0.5357 0.5056 0.5032 0.5588 0.5472 0.538 0.5703 0.5959 0.5681 0.582 0.6213 0.5866 0.4658 0.4519 0.4242 0.4589 0.4727 0.4473 0.4589 0.5003 0.4727 0.475 0.5119 0.5258 0.5142 0.5419 0.588 0.5534 0.558 0.6226 0.5834 0.5719
0.0387 0.6294 0.0 0.4268 0.4406 0.489 0.4521 0.4429 0.489 0.4706 0.459 0.4982 0.5143 0.4936 0.5051 0.5696 0.542 0.535 0.6041 0.5834 0.5696 0.6249 0.6133 0.4848 0.457 0.4338 0.4987 0.4917 0.4639 0.4824 0.5357 0.5056 0.5032 0.5588 0.5472 0.538 0.5703 0.5959 0.5681 0.582 0.6213 0.5866 0.5889 0.4519 0.4242 0.4589 0.4727 0.4473 0.4589 0.5003 0.4727 0.475 0.5119 0.5258 0.5142 0.5419 0.588 0.5534 0.558 0.6226 0.5834 0.5719 0.6296
0.092 0.6157 0.0 0.4406 0.489 0.4521 0.4429 0.489 0.4706 0.459 0.4982 0.5143 0.4936 0.5051 0.5696 0.542 0.535 0.6041 0.5834 0.5696 0.6249 0.6133 0.5857 0.457 0.4338 0.4987 0.4917 0.4639 0.4824 0.5357 0.5056 0.5032 0.5588 0.5472 0.538 0.5703 0.5959 0.5681 0.582 0.6213 0.5866 0.5889 0.6213 0.4242 0.4589 0.4727 0.4473 0.4589 0.5003 0.4727 0.475 0.5119 0.5258 0.5142 0.5419 0.588 0.5534 0.558 0.6226 0.5834 0.5719 0.6296 0.5972
0.1457 0.5903 0.0 0.489 0.4521 0.4429 0.489 0.4706 0.459 0.4982 0.5143 0.4936 0.5051 0.5696 0.542 0.535 0.6041 0.5834 0.5696 0.6249 0.6133 0.5857 0.6294 0.4338 0.4987 0.4917 0.4639 0.4824 0.5357 0.5056 0.5032 0.5588 0.5472 0.538 0.5703 0.5959 0.5681 0.582 0.6213 0.5866 0.5889 0.6213 0.5912 0.4589 0.4727 0.4473 0.4589 0.5003 0.4727 0.475 0.5119 0.5258 0.5142 0.5419 0.588 0.5534 0.558 0.6226 0.5834 0.5719 0.6296 0.5972 0.588
0.0457 0.641 0.0 0.4521 0.4429 0.489 0.4706 0.459 0.4982 0.5143 0.4936 0.5051 0.5696 0.542 0.535 0.6041 0.5834 0.5696 0.6249 0.6133 0.5857 0.6294 0.6157 0.4987 0.4917 0.4639 0.4824 0.5357 0.5056 0.5032 0.5588 0.5472 0.538 0.5703 0.5959 0.5681 0.582 0.6213 0.5866 0.5889 0.6213 0.5912 0.5959 0.4727 0.4473 0.4589 0.5003 0.4727 0.475 0.5119 0.5258 0.5142 0.5419 0.588 0.5534 0.558 0.6226 0.5834 0.5719 0.6296 0.5972 0.588 0.6457
0.0847 0.6226 0.0 0.4429 0.489 0.4706 0.459 0.4982 0.5143 0.4936 0.5051 0.5696 0.542 0.535 0.6041 0.5834 0.5696 0.6249 0.6133 0.5857 0.6294 0.6157 0.5903 0.4917 0.4639 0.4824 0.5357 0.5056 0.5032 0.5588 0.5472 0.538 0.5703 0.5959 0.5681 0.582 0.6213 0.5866 0.5889 0.6213 0.5912 0.5959 0.6306 0.4473 0.4589 0.5003 0.4727 0.475 0.5119 0.5258 0.5142 0.5419 0.588 0.5534 0.558 0.6226 0.5834 0.5719 0.6296 0.5972 0.588 0.6457 0.6088
0.169 0.5927 0.0 0.489 0.4706 0.459 0.4982 0.5143 0.4936 0.5051 0.5696 0.542 0.535 0.6041 0.5834 0.5696 0.6249 0.6133 0.5857 0.6294 0.6157 0.5903 0.641 0.4639 0.4824 0.5357 0.5056 0.5032 0.5588 0.5472 0.538 0.5703 0.5959 0.5681 0.582 0.6213 0.5866 0.5889 0.6213 0.5912 0.5959 0.6306 0.6051 0.4589 0.5003 0.4727 0.475 0.5119 0.5258 0.5142 0.5419 0.588 0.5534 0.558 0.6226 0.5834 0.5719 0.6296 0.5972 0.588 0.6457 0.6088 0.5949
0.0613 0.6456 0.0 0.4706 0.459 0.4982 0.5143 0.4936 0.5051 0.5696 0.542 0.535 0.6041 0.5834 0.5696 0.6249 0.6133 0.5857 0.6294 0.6157 0.5903 0.641 0.6226 0.4824 0.5357 0.5056 0.5032 0.5588 0.5472 0.538 0.5703 0.5959 0.5681 0.582 0.6213 0.5866 0.5889 0.6213 0.5912 0.5959 0.6306 0.6051 0.6074 0.5003 0.4727 0.475 0.5119 0.5258 0.5142 0.5419 0.588 0.5534 0.558 0.6226 0.5834 0.5719 0.6296 0.5972 0.588 0.6457 0.6088 0.5949 0.6549
0.0997 0.6387 0.0 0.459 0.4982 0.5143 0.4936 0.5051 0.5696 0.542 0.535 0.6041 0.5834 0.5696 0.6249 0.6133 0.5857 0.6294 0.6157 0.5903 0.641 0.6226 0.5927 0.5357 0.5056 0.5032 0.5588 0.5472 0.538 0.5703 0.5959 0.5681 0.582 0.6213 0.5866 0.5889 0.6213 0.5912 0.5959 0.6306 0.6051 0.6074 0.6352 0.4727 0.475 0.5119 0.5258 0.5142 0.5419 0.588 0.5534 0.558 0.6226 0.5834 0.5719 0.6296 0.5972 0.588 0.6457 0.6088 0.5949 0.6549 0.6226
