0.023 0.1392 1.0 0.2222 0.2014 0.1922 0.1899 0.1761 0.16 0.16 0.1462 0.1323 0.1254 0.1162 0.1047 0.0954 0.0909 0.0771 0.0701 0.0632 0.054 0.0448 0.0379 0.4408 0.4361 0.4246 0.406 0.4014 0.3921 0.376 0.369 0.3598 0.3459 0.3367 0.332 0.3181 0.3089 0.3019 0.2927 0.2833 0.2764 0.2672 0.2788 0.4473 0.4381 0.4173 0.4127 0.4081 0.3897 0.3804 0.3781 0.362 0.3504 0.3436 0.3342 0.3204 0.3158 0.3066 0.2973 0.2904 0.2812 0.272 0.2697
0.023 0.1254 1.0 0.2014 0.1922 0.1899 0.1761 0.16 0.16 0.1462 0.1323 0.1254 0.1162 0.1047 0.0954 0.0909 0.0771 0.0701 0.0632 0.054 0.0448 0.0379 0.0448 0.4361 0.4246 0.406 0.4014 0.3921 0.376 0.369 0.3598 0.3459 0.3367 0.332 0.3181 0.3089 0.3019 0.2927 0.2833 0.2764 0.2672 0.2788 0.2996 0.4381 0.4173 0.4127 0.4081 0.3897 0.3804 0.3781 0.362 0.3504 0.3436 0.3342 0.3204 0.3158 0.3066 0.2973 0.2904 0.2812 0.272 0.2697 0.2651
0.3147 0.1047 1.0 0.1922 0.1899 0.1761 0.16 0.16 0.1462 0.1323 0.1254 0.1162 0.1047 0.0954 0.0909 0.0771 0.0701 0.0632 0.054 0.0448 0.0379 0.0448 0.1392 0.4246 0.406 0.4014 0.3921 0.376 0.369 0.3598 0.3459 0.3367 0.332 0.3181 0.3089 0.3019 0.2927 0.2833 0.2764 0.2672 0.2788 0.2996 0.2857 0.4173 0.4127 0.4081 0.3897 0.3804 0.3781 0.362 0.3504 0.3436 0.3342 0.3204 0.3158 0.3066 0.2973 0.2904 0.2812 0.272 0.2697 0.2651 0.2973
0.046 0.1899 1.0 0.1899 0.1761 0.16 0.16 0.1462 0.1323 0.1254 0.1162 0.1047 0.0954 0.0909 0.0771 0.0701 0.0632 0.054 0.0448 0.0379 0.0448 0.1392 0.1254 0.406 0.4014 0.3921 0.376 0.369 0.3598 0.3459 0.3367 0.332 0.3181 0.3089 0.3019 0.2927 0.2833 0.2764 0.2672 0.2788 0.2996 0.2857 0.3204 0.4127 0.4081 0.3897 0.3804 0.3781 0.362 0.3504 0.3436 0.3342 0.3204 0.3158 0.3066 0.2973 0.2904 0.2812 0.272 0.2697 0.2651 0.2973 0.3712
0.069 0.1853 1.0 0.1761 0.16 0.16 0.1462 0.1323 0.1254 0.1162 0.1047 0.0954 0.0909 0.0771 0.0701 0.0632 0.054 0.0448 0.0379 0.0448 0.1392 0.1254 0.1047 0.4014 0.3921 0.376 0.369 0.3598 0.3459 0.3367 0.332 0.3181 0.3089 0.3019 0.2927 0.2833 0.2764 0.2672 0.2788 0.2996 0.2857 0.3204 0.3644 0.4081 0.3897 0.3804 0.3781 0.362 0.3504 0.3436 0.3342 0.3204 0.3158 0.3066 0.2973 0.2904 0.2812 0.272 0.2697 0.2651 0.2973 0.3712 0.3412
0.284 0.1531 1.0 0.16 0.16 0.1462 0.1323 0.1254 0.1162 0.1047 0.0954 0.0909 0.0771 0.0701 0.0632 0.054 0.0448 0.0379 0.0448 0.1392 0.1254 0.1047 0.1899 0.3921 0.376 0.369 0.3598 0.3459 0.3367 0.332 0.3181 0.3089 0.3019 0.2927 0.2833 0.2764 0.2672 0.2788 0.2996 0.2857 0.3204 0.3644 0.3389 0.3897 0.3804 0.3781 0.362 0.3504 0.3436 0.3342 0.3204 0.3158 0.3066 0.2973 0.2904 0.2812 0.272 0.2697 0.2651 0.2973 0.3712 0.3412 0.3342
0.0153 0.2038 1.0 0.16 0.1462 0.1323 0.1254 0.1162 0.1047 0.0954 0.0909 0.0771 0.0701 0.0632 0.054 0.0448 0.0379 0.0448 0.1392 0.1254 0.1047 0.1899 0.1853 0.376 0.369 0.3598 0.3459 0.3367 0.332 0.3181 0.3089 0.3019 0.2927 0.2833 0.2764 0.2672 0.2788 0.2996 0.2857 0.3204 0.3644 0.3389 0.3436 0.3804 0.3781 0.362 0.3504 0.3436 0.3342 0.3204 0.3158 0.3066 0.2973 0.2904 0.2812 0.272 0.2697 0.2651 0.2973 0.3712 0.3412 0.3342 0.4197
0.1073 0.2314 1.0 0.1462 0.1323 0.1254 0.1162 0.1047 0.0954 0.0909 0.0771 0.0701 0.0632 0.054 0.0448 0.0379 0.0448 0.1392 0.1254 0.1047 0.1899 0.1853 0.1531 0.369 0.3598 0.3459 0.3367 0.332 0.3181 0.3089 0.3019 0.2927 0.2833 0.2764 0.2672 0.2788 0.2996 0.2857 0.3204 0.3644 0.3389 0.3436 0.4153 0.3781 0.362 0.3504 0.3436 0.3342 0.3204 0.3158 0.3066 0.2973 0.2904 0.2812 0.272 0.2697 0.2651 0.2973 0.3712 0.3412 0.3342 0.4197 0.3873
0.169 0.1899 1.0 0.1323 0.1254 0.1162 0.1047 0.0954 0.0909 0.0771 0.0701 0.0632 0.054 0.0448 0.0379 0.0448 0.1392 0.1254 0.1047 0.1899 0.1853 0.1531 0.2038 0.3598 0.3459 0.3367 0.332 0.3181 0.3089 0.3019 0.2927 0.2833 0.2764 0.2672 0.2788 0.2996 0.2857 0.3204 0.3644 0.3389 0.3436 0.4153 0.3783 0.362 0.3504 0.3436 0.3342 0.3204 0.3158 0.3066 0.2973 0.2904 0.2812 0.272 0.2697 0.2651 0.2973 0.3712 0.3412 0.3342 0.4197 0.3873 0.3597
0.092 0.206 1.0 0.1254 0.1162 0.1047 0.0954 0.0909 0.0771 0.0701 0.0632 0.054 0.0448 0.0379 0.0448 0.1392 0.1254 0.1047 0.1899 0.1853 0.1531 0.2038 0.2314 0.3459 0.3367 0.332 0.3181 0.3089 0.3019 0.2927 0.2833 0.2764 0.2672 0.2788 0.2996 0.2857 0.3204 0.3644 0.3389 0.3436 0.4153 0.3783 0.3644 0.3504 0.3436 0.3342 0.3204 0.3158 0.3066 0.2973 0.2904 0.2812 0.272 0.2697 0.2651 0.2973 0.3712 0.3412 0.3342 0.4197 0.3873 0.3597 0.4311
0.1383 0.2706 1.0 0.1162 0.1047 0.0954 0.0909 0.0771 0.0701 0.0632 0.054 0.0448 0.0379 0.0448 0.1392 0.1254 0.1047 0.1899 0.1853 0.1531 0.2038 0.2314 0.1899 0.3367 0.332 0.3181 0.3089 0.3019 0.2927 0.2833 0.2764 0.2672 0.2788 0.2996 0.2857 0.3204 0.3644 0.3389 0.3436 0.4153 0.3783 0.3644 0.4408 0.3436 0.3342 0.3204 0.3158 0.3066 0.2973 0.2904 0.2812 0.272 0.2697 0.2651 0.2973 0.3712 0.3412 0.3342 0.4197 0.3873 0.3597 0.4311 0.4266
0.0537 0.2291 1.0 0.1047 0.0954 0.0909 0.0771 0.0701 0.0632 0.054 0.0448 0.0379 0.0448 0.1392 0.1254 0.1047 0.1899 0.1853 0.1531 0.2038 0.2314 0.1899 0.206 0.332 0.3181 0.3089 0.3019 0.2927 0.2833 0.2764 0.2672 0.2788 0.2996 0.2857 0.3204 0.3644 0.3389 0.3436 0.4153 0.3783 0.3644 0.4408 0.4177 0.3342 0.3204 0.3158 0.3066 0.2973 0.2904 0.2812 0.272 0.2697 0.2651 0.2973 0.3712 0.3412 0.3342 0.4197 0.3873 0.3597 0.4311 0.4266 0.3897
0.2153 0.206 1.0 0.0954 0.0909 0.0771 0.0701 0.0632 0.054 0.0448 0.0379 0.0448 0.1392 0.1254 0.1047 0.1899 0.1853 0.1531 0.2038 0.2314 0.1899 0.206 0.2706 0.3181 0.3089 0.3019 0.2927 0.2833 0.2764 0.2672 0.2788 0.2996 0.2857 0.3204 0.3644 0.3389 0.3436 0.4153 0.3783 0.3644 0.4408 0.4177 0.3899 0.3204 0.3158 0.3066 0.2973 0.2904 0.2812 0.272 0.2697 0.2651 0.2973 0.3712 0.3412 0.3342 0.4197 0.3873 0.3597 0.4311 0.4266 0.3897 0.4242
0.1383 0.289 1.0 0.0909 0.0771 0.0701 0.0632 0.054 0.0448 0.0379 0.0448 0.1392 0.1254 0.1047 0.1899 0.1853 0.1531 0.2038 0.2314 0.1899 0.206 0.2706 0.2291 0.3089 0.3019 0.2927 0.2833 0.2764 0.2672 0.2788 0.2996 0.2857 0.3204 0.3644 0.3389 0.3436 0.4153 0.3783 0.3644 0.4408 0.4177 0.3899 0.4523 0.3158 0.3066 0.2973 0.2904 0.2812 0.272 0.2697 0.2651 0.2973 0.3712 0.3412 0.3342 0.4197 0.3873 0.3597 0.4311 0.4266 0.3897 0.4242 0.4611
0.077 0.2637 1.0 0.0771 0.0701 0.0632 0.054 0.0448 0.0379 0.0448 0.1392 0.1254 0.1047 0.1899 0.1853 0.1531 0.2038 0.2314 0.1899 0.206 0.2706 0.2291 0.206 0.3019 0.2927 0.2833 0.2764 0.2672 0.2788 0.2996 0.2857 0.3204 0.3644 0.3389 0.3436 0.4153 0.3783 0.3644 0.4408 0.4177 0.3899 0.4523 0.4593 0.3066 0.2973 0.2904 0.2812 0.272 0.2697 0.2651 0.2973 0.3712 0.3412 0.3342 0.4197 0.3873 0.3597 0.4311 0.4266 0.3897 0.4242 0.4611 0.4219
0.2767 0.2314 1.0 0.0701 0.0632 0.054 0.0448 0.0379 0.0448 0.1392 0.1254 0.1047 0.1899 0.1853 0.1531 0.2038 0.2314 0.1899 0.206 0.2706 0.2291 0.206 0.289 0.2927 0.2833 0.2764 0.2672 0.2788 0.2996 0.2857 0.3204 0.3644 0.3389 0.3436 0.4153 0.3783 0.3644 0.4408 0.4177 0.3899 0.4523 0.4593 0.4246 0.2973 0.2904 0.2812 0.272 0.2697 0.2651 0.2973 0.3712 0.3412 0.3342 0.4197 0.3873 0.3597 0.4311 0.4266 0.3897 0.4242 0.4611 0.4219 0.4197
0.0843 0.2729 1.0 0.0632 0.054 0.0448 0.0379 0.0448 0.1392 0.1254 0.1047 0.1899 0.1853 0.1531 0.2038 0.2314 0.1899 0.206 0.2706 0.2291 0.206 0.289 0.2637 0.2833 0.2764 0.2672 0.2788 0.2996 0.2857 0.3204 0.3644 0.3389 0.3436 0.4153 0.3783 0.3644 0.4408 0.4177 0.3899 0.4523 0.4593 0.4246 0.4523 0.2904 0.2812 0.272 0.2697 0.2651 0.2973 0.3712 0.3412 0.3342 0.4197 0.3873 0.3597 0.4311 0.4266 0.3897 0.4242 0.4611 0.4219 0.4197 0.4866
0.1077 0.289 1.0 0.054 0.0448 0.0379 0.0448 0.1392 0.1254 0.1047 0.1899 0.1853 0.1531 0.2038 0.2314 0.1899 0.206 0.2706 0.2291 0.206 0.289 0.2637 0.2314 0.2764 0.2672 0.2788 0.2996 0.2857 0.3204 0.3644 0.3389 0.3436 0.4153 0.3783 0.3644 0.4408 0.4177 0.3899 0.4523 0.4593 0.4246 0.4523 0.4987 0.2812 0.272 0.2697 0.2651 0.2973 0.3712 0.3412 0.3342 0.4197 0.3873 0.3597 0.4311 0.4266 0.3897 0.4242 0.4611 0.4219 0.4197 0.4866 0.4542
0.1383 0.2568 1.0 0.0448 0.0379 0.0448 0.1392 0.1254 0.1047 0.1899 0.1853 0.1531 0.2038 0.2314 0.1899 0.206 0.2706 0.2291 0.206 0.289 0.2637 0.2314 0.2729 0.2672 0.2788 0.2996 0.2857 0.3204 0.3644 0.3389 0.3436 0.4153 0.3783 0.3644 0.4408 0.4177 0.3899 0.4523 0.4593 0.4246 0.4523 0.4987 0.4639 0.272 0.2697 0.2651 0.2973 0.3712 0.3412 0.3342 0.4197 0.3873 0.3597 0.4311 0.4266 0.3897 0.4242 0.4611 0.4219 0.4197 0.4866 0.4542 0.4358
0.0537 0.2568 1.0 0.0379 0.0448 0.1392 0.1254 0.1047 0.1899 0.1853 0.1531 0.2038 0.2314 0.1899 0.206 0.2706 0.2291 0.206 0.289 0.2637 0.2314 0.2729 0.289 0.2788 0.2996 0.2857 0.3204 0.3644 0.3389 0.3436 0.4153 0.3783 0.3644 0.4408 0.4177 0.3899 0.4523 0.4593 0.4246 0.4523 0.4987 0.4639 0.457 0.2697 0.2651 0.2973 0.3712 0.3412 0.3342 0.4197 0.3873 0.3597 0.4311 0.4266 0.3897 0.4242 0.4611 0.4219 0.4197 0.4866 0.4542 0.4358 0.4773
0.1073 0.3074 1.0 0.0448 0.1392 0.1254 0.1047 0.1899 0.1853 0.1531 0.2038 0.2314 0.1899 0.206 0.2706 0.2291 0.206 0.289 0.2637 0.2314 0.2729 0.289 0.2568 0.2996 0.2857 0.3204 0.3644 0.3389 0.3436 0.4153 0.3783 0.3644 0.4408 0.4177 0.3899 0.4523 0.4593 0.4246 0.4523 0.4987 0.4639 0.457 0.5126 0.2651 0.2973 0.3712 0.3412 0.3342 0.4197 0.3873 0.3597 0.4311 0.4266 0.3897 0.4242 0.4611 0.4219 0.4197 0.4866 0.4542 0.4358 0.4773 0.4819
0.0 0.2867 1.0 0.1392 0.1254 0.1047 0.1899 0.1853 0.1531 0.2038 0.2314 0.1899 0.206 0.2706 0.2291 0.206 0.289 0.2637 0.2314 0.2729 0.289 0.2568 0.2568 0.2857 0.3204 0.3644 0.3389 0.3436 0.4153 0.3783 0.3644 0.4408 0.4177 0.3899 0.4523 0.4593 0.4246 0.4523 0.4987 0.4639 0.457 0.5126 0.5032 0.2973 0.3712 0.3412 0.3342 0.4197 0.3873 0.3597 0.4311 0.4266 0.3897 0.4242 0.4611 0.4219 0.4197 0.4866 0.4542 0.4358 0.4773 0.4819 0.4634
0.1687 0.2798 1.0 0.1254 0.1047 0.1899 0.1853 0.1531 0.2038 0.2314 0.1899 0.206 0.2706 0.2291 0.206 0.289 0.2637 0.2314 0.2729 0.289 0.2568 0.2568 0.3074 0.3204 0.3644 0.3389 0.3436 0.4153 0.3783 0.3644 0.4408 0.4177 0.3899 0.4523 0.4593 0.4246 0.4523 0.4987 0.4639 0.457 0.5126 0.5032 0.4848 0.3712 0.3412 0.3342 0.4197 0.3873 0.3597 0.4311 0.4266 0.3897 0.4242 0.4611 0.4219 0.4197 0.4866 0.4542 0.4358 0.4773 0.4819 0.4634 0.4773
0.069 0.3004 1.0 0.1047 0.1899 0.1853 0.1531 0.2038 0.2314 0.1899 0.206 0.2706 0.2291 0.206 0.289 0.2637 0.2314 0.2729 0.289 0.2568 0.2568 0.3074 0.2867 0.3644 0.3389 0.3436 0.4153 0.3783 0.3644 0.4408 0.4177 0.3899 0.4523 0.4593 0.4246 0.4523 0.4987 0.4639 0.457 0.5126 0.5032 0.4848 0.5126 0.3412 0.3342 0.4197 0.3873 0.3597 0.4311 0.4266 0.3897 0.4242 0.4611 0.4219 0.4197 0.4866 0.4542 0.4358 0.4773 0.4819 0.4634 0.4773 0.5096
0.023 0.3442 1.0 0.1899 0.1853 0.1531 0.2038 0.2314 0.1899 0.206 0.2706 0.2291 0.206 0.289 0.2637 0.2314 0.2729 0.289 0.2568 0.2568 0.3074 0.2867 0.2798 0.3389 0.3436 0.4153 0.3783 0.3644 0.4408 0.4177 0.3899 0.4523 0.4593 0.4246 0.4523 0.4987 0.4639 0.457 0.5126 0.5032 0.4848 0.5126 0.5496 0.3342 0.4197 0.3873 0.3597 0.4311 0.4266 0.3897 0.4242 0.4611 0.4219 0.4197 0.4866 0.4542 0.4358 0.4773 0.4819 0.4634 0.4773 0.5096 0.4934
0.0687 0.3189 1.0 0.1853 0.1531 0.2038 0.2314 0.1899 0.206 0.2706 0.2291 0.206 0.289 0.2637 0.2314 0.2729 0.289 0.2568 0.2568 0.3074 0.2867 0.2798 0.3004 0.3436 0.4153 0.3783 0.3644 0.4408 0.4177 0.3899 0.4523 0.4593 0.4246 0.4523 0.4987 0.4639 0.457 0.5126 0.5032 0.4848 0.5126 0.5496 0.5194 0.4197 0.3873 0.3597 0.4311 0.4266 0.3897 0.4242 0.4611 0.4219 0.4197 0.4866 0.4542 0.4358 0.4773 0.4819 0.4634 0.4773 0.5096 0.4934 0.498
0.146 0.3258 1.0 0.1531 0.2038 0.2314 0.1899 0.206 0.2706 0.2291 0.206 0.289 0.2637 0.2314 0.2729 0.289 0.2568 0.2568 0.3074 0.2867 0.2798 0.3004 0.3442 0.4153 0.3783 0.3644 0.4408 0.4177 0.3899 0.4523 0.4593 0.4246 0.4523 0.4987 0.4639 0.457 0.5126 0.5032 0.4848 0.5126 0.5496 0.5194 0.5218 0.3873 0.3597 0.4311 0.4266 0.3897 0.4242 0.4611 0.4219 0.4197 0.4866 0.4542 0.4358 0.4773 0.4819 0.4634 0.4773 0.5096 0.4934 0.498 0.5442
0.0843 0.4041 1.0 0.2038 0.2314 0.1899 0.206 0.2706 0.2291 0.206 0.289 0.2637 0.2314 0.2729 0.289 0.2568 0.2568 0.3074 0.2867 0.2798 0.3004 0.3442 0.3189 0.3783 0.3644 0.4408 0.4177 0.3899 0.4523 0.4593 0.4246 0.4523 0.4987 0.4639 0.457 0.5126 0.5032 0.4848 0.5126 0.5496 0.5194 0.5218 0.575 0.3597 0.4311 0.4266 0.3897 0.4242 0.4611 0.4219 0.4197 0.4866 0.4542 0.4358 0.4773 0.4819 0.4634 0.4773 0.5096 0.4934 0.498 0.5442 0.5534
0.023 0.3719 1.0 0.2314 0.1899 0.206 0.2706 0.2291 0.206 0.289 0.2637 0.2314 0.2729 0.289 0.2568 0.2568 0.3074 0.2867 0.2798 0.3004 0.3442 0.3189 0.3258 0.3644 0.4408 0.4177 0.3899 0.4523 0.4593 0.4246 0.4523 0.4987 0.4639 0.457 0.5126 0.5032 0.4848 0.5126 0.5496 0.5194 0.5218 0.575 0.5773 0.4311 0.4266 0.3897 0.4242 0.4611 0.4219 0.4197 0.4866 0.4542 0.4358 0.4773 0.4819 0.4634 0.4773 0.5096 0.4934 0.498 0.5442 0.5534 0.5396
0.261 0.3673 1.0 0.1899 0.206 0.2706 0.2291 0.206 0.289 0.2637 0.2314 0.2729 0.289 0.2568 0.2568 0.3074 0.2867 0.2798 0.3004 0.3442 0.3189 0.3258 0.4041 0.4408 0.4177 0.3899 0.4523 0.4593 0.4246 0.4523 0.4987 0.4639 0.457 0.5126 0.5032 0.4848 0.5126 0.5496 0.5194 0.5218 0.575 0.5773 0.5658 0.4266 0.3897 0.4242 0.4611 0.4219 0.4197 0.4866 0.4542 0.4358 0.4773 0.4819 0.4634 0.4773 0.5096 0.4934 0.498 0.5442 0.5534 0.5396 0.5534
0.1073 0.4272 1.0 0.206 0.2706 0.2291 0.206 0.289 0.2637 0.2314 0.2729 0.289 0.2568 0.2568 0.3074 0.2867 0.2798 0.3004 0.3442 0.3189 0.3258 0.4041 0.3719 0.4177 0.3899 0.4523 0.4593 0.4246 0.4523 0.4987 0.4639 0.457 0.5126 0.5032 0.4848 0.5126 0.5496 0.5194 0.5218 0.575 0.5773 0.5658 0.5936 0.3897 0.4242 0.4611 0.4219 0.4197 0.4866 0.4542 0.4358 0.4773 0.4819 0.4634 0.4773 0.5096 0.4934 0.498 0.5442 0.5534 0.5396 0.5534 0.6133
0.0153 0.4041 1.0 0.2706 0.2291 0.206 0.289 0.2637 0.2314 0.2729 0.289 0.2568 0.2568 0.3074 0.2867 0.2798 0.3004 0.3442 0.3189 0.3258 0.4041 0.3719 0.3673 0.3899 0.4523 0.4593 0.4246 0.4523 0.4987 0.4639 0.457 0.5126 0.5032 0.4848 0.5126 0.5496 0.5194 0.5218 0.575 0.5773 0.5658 0.5936 0.619 0.4242 0.4611 0.4219 0.4197 0.4866 0.4542 0.4358 0.4773 0.4819 0.4634 0.4773 0.5096 0.4934 0.498 0.5442 0.5534 0.5396 0.5534 0.6133 0.5719
0.1997 0.3766 1.0 0.2291 0.206 0.289 0.2637 0.2314 0.2729 0.289 0.2568 0.2568 0.3074 0.2867 0.2798 0.3004 0.3442 0.3189 0.3258 0.4041 0.3719 0.3673 0.4272 0.4523 0.4593 0.4246 0.4523 0.4987 0.4639 0.457 0.5126 0.5032 0.4848 0.5126 0.5496 0.5194 0.5218 0.575 0.5773 0.5658 0.5936 0.619 0.5866 0.4611 0.4219 0.4197 0.4866 0.4542 0.4358 0.4773 0.4819 0.4634 0.4773 0.5096 0.4934 0.498 0.5442 0.5534 0.5396 0.5534 0.6133 0.5719 0.5719
0.077 0.4226 1.0 0.206 0.289 0.2637 0.2314 0.2729 0.289 0.2568 0.2568 0.3074 0.2867 0.2798 0.3004 0.3442 0.3189 0.3258 0.4041 0.3719 0.3673 0.4272 0.4041 0.4593 0.4246 0.4523 0.4987 0.4639 0.457 0.5126 0.5032 0.4848 0.5126 0.5496 0.5194 0.5218 0.575 0.5773 0.5658 0.5936 0.619 0.5866 0.5889 0.4219 0.4197 0.4866 0.4542 0.4358 0.4773 0.4819 0.4634 0.4773 0.5096 0.4934 0.498 0.5442 0.5534 0.5396 0.5534 0.6133 0.5719 0.5719 0.6364
0.0917 0.4202 1.0 0.289 0.2637 0.2314 0.2729 0.289 0.2568 0.2568 0.3074 0.2867 0.2798 0.3004 0.3442 0.3189 0.3258 0.4041 0.3719 0.3673 0.4272 0.4041 0.3766 0.4246 0.4523 0.4987 0.4639 0.457 0.5126 0.5032 0.4848 0.5126 0.5496 0.5194 0.5218 0.575 0.5773 0.5658 0.5936 0.619 0.5866 0.5889 0.6259 0.4197 0.4866 0.4542 0.4358 0.4773 0.4819 0.4634 0.4773 0.5096 0.4934 0.498 0.5442 0.5534 0.5396 0.5534 0.6133 0.5719 0.5719 0.6364 0.5996
0.1533 0.388 1.0 0.2637 0.2314 0.2729 0.289 0.2568 0.2568 0.3074 0.2867 0.2798 0.3004 0.3442 0.3189 0.3258 0.4041 0.3719 0.3673 0.4272 0.4041 0.3766 0.4226 0.4523 0.4987 0.4639 0.457 0.5126 0.5032 0.4848 0.5126 0.5496 0.5194 0.5218 0.575 0.5773 0.5658 0.5936 0.619 0.5866 0.5889 0.6259 0.5936 0.4866 0.4542 0.4358 0.4773 0.4819 0.4634 0.4773 0.5096 0.4934 0.498 0.5442 0.5534 0.5396 0.5534 0.6133 0.5719 0.5719 0.6364 0.5996 0.5764
0.008 0.4249 1.0 0.2314 0.2729 0.289 0.2568 0.2568 0.3074 0.2867 0.2798 0.3004 0.3442 0.3189 0.3258 0.4041 0.3719 0.3673 0.4272 0.4041 0.3766 0.4226 0.4202 0.4987 0.4639 0.457 0.5126 0.5032 0.4848 0.5126 0.5496 0.5194 0.5218 0.575 0.5773 0.5658 0.5936 0.619 0.5866 0.5889 0.6259 0.5936 0.5912 0.4542 0.4358 0.4773 0.4819 0.4634 0.4773 0.5096 0.4934 0.498 0.5442 0.5534 0.5396 0.5534 0.6133 0.5719 0.5719 0.6364 0.5996 0.5764 0.6341
0.1073 0.4318 1.0 0.2729 0.289 0.2568 0.2568 0.3074 0.2867 0.2798 0.3004 0.3442 0.3189 0.3258 0.4041 0.3719 0.3673 0.4272 0.4041 0.3766 0.4226 0.4202 0.388 0.4639 0.457 0.5126 0.5032 0.4848 0.5126 0.5496 0.5194 0.5218 0.575 0.5773 0.5658 0.5936 0.619 0.5866 0.5889 0.6259 0.5936 0.5912 0.6329 0.4358 0.4773 0.4819 0.4634 0.4773 0.5096 0.4934 0.498 0.5442 0.5534 0.5396 0.5534 0.6133 0.5719 0.5719 0.6364 0.5996 0.5764 0.6341 0.6064
0.123 0.4019 1.0 0.289 0.2568 0.2568 0.3074 0.2867 0.2798 0.3004 0.3442 0.3189 0.3258 0.4041 0.3719 0.3673 0.4272 0.4041 0.3766 0.4226 0.4202 0.388 0.4249 0.457 0.5126 0.5032 0.4848 0.5126 0.5496 0.5194 0.5218 0.575 0.5773 0.5658 0.5936 0.619 0.5866 0.5889 0.6259 0.5936 0.5912 0.6329 0.6028 0.4773 0.4819 0.4634 0.4773 0.5096 0.4934 0.498 0.5442 0.5534 0.5396 0.5534 0.6133 0.5719 0.5719 0.6364 0.5996 0.5764 0.6341 0.6064 0.588
0.023 0.4341 1.0 0.2568 0.2568 0.3074 0.2867 0.2798 0.3004 0.3442 0.3189 0.3258 0.4041 0.3719 0.3673 0.4272 0.4041 0.3766 0.4226 0.4202 0.388 0.4249 0.4318 0.5126 0.5032 0.4848 0.5126 0.5496 0.5194 0.5218 0.575 0.5773 0.5658 0.5936 0.619 0.5866 0.5889 0.6259 0.5936 0.5912 0.6329 0.6028 0.5959 0.4819 0.4634 0.4773 0.5096 0.4934 0.498 0.5442 0.5534 0.5396 0.5534 0.6133 0.5719 0.5719 0.6364 0.5996 0.5764 0.6341 0.6064 0.588 0.6503
0.0997 0.4594 1.0 0.2568 0.3074 0.2867 0.2798 0.3004 0.3442 0.3189 0.3258 0.4041 0.3719 0.3673 0.4272 0.4041 0.3766 0.4226 0.4202 0.388 0.4249 0.4318 0.4019 0.5032 0.4848 0.5126 0.5496 0.5194 0.5218 0.575 0.5773 0.5658 0.5936 0.619 0.5866 0.5889 0.6259 0.5936 0.5912 0.6329 0.6028 0.5959 0.6491 0.4634 0.4773 0.5096 0.4934 0.498 0.5442 0.5534 0.5396 0.5534 0.6133 0.5719 0.5719 0.6364 0.5996 0.5764 0.6341 0.6064 0.588 0.6503 0.6272
0.1073 0.4226 1.0 0.3074 0.2867 0.2798 0.3004 0.3442 0.3189 0.3258 0.4041 0.3719 0.3673 0.4272 0.4041 0.3766 0.4226 0.4202 0.388 0.4249 0.4318 0.4019 0.4341 0.4848 0.5126 0.5496 0.5194 0.5218 0.575 0.5773 0.5658 0.5936 0.619 0.5866 0.5889 0.6259 0.5936 0.5912 0.6329 0.6028 0.5959 0.6491 0.6282 0.4773 0.5096 0.4934 0.498 0.5442 0.5534 0.5396 0.5534 0.6133 0.5719 0.5719 0.6364 0.5996 0.5764 0.6341 0.6064 0.588 0.6503 0.6272 0.6019
0.0843 0.4364 1.0 0.2867 0.2798 0.3004 0.3442 0.3189 0.3258 0.4041 0.3719 0.3673 0.4272 0.4041 0.3766 0.4226 0.4202 0.388 0.4249 0.4318 0.4019 0.4341 0.4594 0.5126 0.5496 0.5194 0.5218 0.575 0.5773 0.5658 0.5936 0.619 0.5866 0.5889 0.6259 0.5936 0.5912 0.6329 0.6028 0.5959 0.6491 0.6282 0.612 0.5096 0.4934 0.498 0.5442 0.5534 0.5396 0.5534 0.6133 0.5719 0.5719 0.6364 0.5996 0.5764 0.6341 0.6064 0.588 0.6503 0.6272 0.6019 0.6572
0.1227 0.4917 1.0 0.2798 0.3004 0.3442 0.3189 0.3258 0.4041 0.3719 0.3673 0.4272 0.4041 0.3766 0.4226 0.4202 0.388 0.4249 0.4318 0.4019 0.4341 0.4594 0.4226 0.5496 0.5194 0.5218 0.575 0.5773 0.5658 0.5936 0.619 0.5866 0.5889 0.6259 0.5936 0.5912 0.6329 0.6028 0.5959 0.6491 0.6282 0.612 0.6676 0.4934 0.498 0.5442 0.5534 0.5396 0.5534 0.6133 0.5719 0.5719 0.6364 0.5996 0.5764 0.6341 0.6064 0.588 0.6503 0.6272 0.6019 0.6572 0.6572
0.046 0.4479 1.0 0.3004 0.3442 0.3189 0.3258 0.4041 0.3719 0.3673 0.4272 0.4041 0.3766 0.4226 0.4202 0.388 0.4249 0.4318 0.4019 0.4341 0.4594 0.4226 0.4364 0.5194 0.5218 0.575 0.5773 0.5658 0.5936 0.619 0.5866 0.5889 0.6259 0.5936 0.5912 0.6329 0.6028 0.5959 0.6491 0.6282 0.612 0.6676 0.6491 0.498 0.5442 0.5534 0.5396 0.5534 0.6133 0.5719 0.5719 0.6364 0.5996 0.5764 0.6341 0.6064 0.588 0.6503 0.6272 0.6019 0.6572 0.6572 0.6272
0.1843 0.4364 1.0 0.3442 0.3189 0.3258 0.4041 0.3719 0.3673 0.4272 0.4041 0.3766 0.4226 0.4202 0.388 0.4249 0.4318 0.4019 0.4341 0.4594 0.4226 0.4364 0.4917 0.5218 0.575 0.5773 0.5658 0.5936 0.619 0.5866 0.5889 0.6259 0.5936 0.5912 0.6329 0.6028 0.5959 0.6491 0.6282 0.612 0.6676 0.6491 0.6352 0.5442 0.5534 0.5396 0.5534 0.6133 0.5719 0.5719 0.6364 0.5996 0.5764 0.6341 0.6064 0.588 0.6503 0.6272 0.6019 0.6572 0.6572 0.6272 0.6641
0.146 0.5101 1.0 0.3189 0.3258 0.4041 0.3719 0.3673 0.4272 0.4041 0.3766 0.4226 0.4202 0.388 0.4249 0.4318 0.4019 0.4341 0.4594 0.4226 0.4364 0.4917 0.4479 0.575 0.5773 0.5658 0.5936 0.619 0.5866 0.5889 0.6259 0.5936 0.5912 0.6329 0.6028 0.5959 0.6491 0.6282 0.612 0.6676 0.6491 0.6352 0.6838 0.5534 0.5396 0.5534 0.6133 0.5719 0.5719 0.6364 0.5996 0.5764 0.6341 0.6064 0.588 0.6503 0.6272 0.6019 0.6572 0.6572 0.6272 0.6641 0.6826
0.0383 0.4687 1.0 0.3258 0.4041 0.3719 0.3673 0.4272 0.4041 0.3766 0.4226 0.4202 0.388 0.4249 0.4318 0.4019 0.4341 0.4594 0.4226 0.4364 0.4917 0.4479 0.4364 0.5773 0.5658 0.5936 0.619 0.5866 0.5889 0.6259 0.5936 0.5912 0.6329 0.6028 0.5959 0.6491 0.6282 0.612 0.6676 0.6491 0.6352 0.6838 0.6791 0.5396 0.5534 0.6133 0.5719 0.5719 0.6364 0.5996 0.5764 0.6341 0.6064 0.588 0.6503 0.6272 0.6019 0.6572 0.6572 0.6272 0.6641 0.6826 0.6457
0.2457 0.441 1.0 0.4041 0.3719 0.3673 0.4272 0.4041 0.3766 0.4226 0.4202 0.388 0.4249 0.4318 0.4019 0.4341 0.4594 0.4226 0.4364 0.4917 0.4479 0.4364 0.5101 0.5658 0.5936 0.619 0.5866 0.5889 0.6259 0.5936 0.5912 0.6329 0.6028 0.5959 0.6491 0.6282 0.612 0.6676 0.6491 0.6352 0.6838 0.6791 0.6513 0.5534 0.6133 0.5719 0.5719 0.6364 0.5996 0.5764 0.6341 0.6064 0.588 0.6503 0.6272 0.6019 0.6572 0.6572 0.6272 0.6641 0.6826 0.6457 0.6596
0.138 0.5101 1.0 0.3719 0.3673 0.4272 0.4041 0.3766 0.4226 0.4202 0.388 0.4249 0.4318 0.4019 0.4341 0.4594 0.4226 0.4364 0.4917 0.4479 0.4364 0.5101 0.4687 0.5936 0.619 0.5866 0.5889 0.6259 0.5936 0.5912 0.6329 0.6028 0.5959 0.6491 0.6282 0.612 0.6676 0.6491 0.6352 0.6838 0.6791 0.6513 0.6838 0.6133 0.5719 0.5719 0.6364 0.5996 0.5764 0.6341 0.6064 0.588 0.6503 0.6272 0.6019 0.6572 0.6572 0.6272 0.6641 0.6826 0.6457 0.6596 0.708
0.0923 0.4801 1.0 0.3673 0.4272 0.4041 0.3766 0.4226 0.4202 0.388 0.4249 0.4318 0.4019 0.4341 0.4594 0.4226 0.4364 0.4917 0.4479 0.4364 0.5101 0.4687 0.441 0.619 0.5866 0.5889 0.6259 0.5936 0.5912 0.6329 0.6028 0.5959 0.6491 0.6282 0.612 0.6676 0.6491 0.6352 0.6838 0.6791 0.6513 0.6838 0.7023 0.5719 0.5719 0.6364 0.5996 0.5764 0.6341 0.6064 0.588 0.6503 0.6272 0.6019 0.6572 0.6572 0.6272 0.6641 0.6826 0.6457 0.6596 0.708 0.6572
0.2303 0.441 1.0 0.4272 0.4041 0.3766 0.4226 0.4202 0.388 0.4249 0.4318 0.4019 0.4341 0.4594 0.4226 0.4364 0.4917 0.4479 0.4364 0.5101 0.4687 0.441 0.5101 0.5866 0.5889 0.6259 0.5936 0.5912 0.6329 0.6028 0.5959 0.6491 0.6282 0.612 0.6676 0.6491 0.6352 0.6838 0.6791 0.6513 0.6838 0.7023 0.6652 0.5719 0.6364 0.5996 0.5764 0.6341 0.6064 0.588 0.6503 0.6272 0.6019 0.6572 0.6572 0.6272 0.6641 0.6826 0.6457 0.6596 0.708 0.6572 0.648
0.1 0.4871 1.0 0.4041 0.3766 0.4226 0.4202 0.388 0.4249 0.4318 0.4019 0.4341 0.4594 0.4226 0.4364 0.4917 0.4479 0.4364 0.5101 0.4687 0.441 0.5101 0.4801 0.5889 0.6259 0.5936 0.5912 0.6329 0.6028 0.5959 0.6491 0.6282 0.612 0.6676 0.6491 0.6352 0.6838 0.6791 0.6513 0.6838 0.7023 0.6652 0.6722 0.6364 0.5996 0.5764 0.6341 0.6064 0.588 0.6503 0.6272 0.6019 0.6572 0.6572 0.6272 0.6641 0.6826 0.6457 0.6596 0.708 0.6572 0.648 0.7149
0.1303 0.4893 1.0 0.3766 0.4226 0.4202 0.388 0.4249 0.4318 0.4019 0.4341 0.4594 0.4226 0.4364 0.4917 0.4479 0.4364 0.5101 0.4687 0.441 0.5101 0.4801 0.441 0.6259 0.5936 0.5912 0.6329 0.6028 0.5959 0.6491 0.6282 0.612 0.6676 0.6491 0.6352 0.6838 0.6791 0.6513 0.6838 0.7023 0.6652 0.6722 0.7186 0.5996 0.5764 0.6341 0.6064 0.588 0.6503 0.6272 0.6019 0.6572 0.6572 0.6272 0.6641 0.6826 0.6457 0.6596 0.708 0.6572 0.648 0.7149 0.6688
0.1537 0.4433 1.0 0.4226 0.4202 0.388 0.4249 0.4318 0.4019 0.4341 0.4594 0.4226 0.4364 0.4917 0.4479 0.4364 0.5101 0.4687 0.441 0.5101 0.4801 0.441 0.4871 0.5936 0.5912 0.6329 0.6028 0.5959 0.6491 0.6282 0.612 0.6676 0.6491 0.6352 0.6838 0.6791 0.6513 0.6838 0.7023 0.6652 0.6722 0.7186 0.6722 0.5764 0.6341 0.6064 0.588 0.6503 0.6272 0.6019 0.6572 0.6572 0.6272 0.6641 0.6826 0.6457 0.6596 0.708 0.6572 0.648 0.7149 0.6688 0.6341
0.0073 0.4571 1.0 0.4202 0.388 0.4249 0.4318 0.4019 0.4341 0.4594 0.4226 0.4364 0.4917 0.4479 0.4364 0.5101 0.4687 0.441 0.5101 0.4801 0.441 0.4871 0.4893 0.5912 0.6329 0.6028 0.5959 0.6491 0.6282 0.612 0.6676 0.6491 0.6352 0.6838 0.6791 0.6513 0.6838 0.7023 0.6652 0.6722 0.7186 0.6722 0.6513 0.6341 0.6064 0.588 0.6503 0.6272 0.6019 0.6572 0.6572 0.6272 0.6641 0.6826 0.6457 0.6596 0.708 0.6572 0.648 0.7149 0.6688 0.6341 0.6988
0.1533 0.4824 1.0 0.388 0.4249 0.4318 0.4019 0.4341 0.4594 0.4226 0.4364 0.4917 0.4479 0.4364 0.5101 0.4687 0.441 0.5101 0.4801 0.441 0.4871 0.4893 0.4433 0.6329 0.6028 0.5959 0.6491 0.6282 0.612 0.6676 0.6491 0.6352 0.6838 0.6791 0.6513 0.6838 0.7023 0.6652 0.6722 0.7186 0.6722 0.6513 0.7162 0.6064 0.588 0.6503 0.6272 0.6019 0.6572 0.6572 0.6272 0.6641 0.6826 0.6457 0.6596 0.708 0.6572 0.648 0.7149 0.6688 0.6341 0.6988 0.6664
0.046 0.4387 1.0 0.4249 0.4318 0.4019 0.4341 0.4594 0.4226 0.4364 0.4917 0.4479 0.4364 0.5101 0.4687 0.441 0.5101 0.4801 0.441 0.4871 0.4893 0.4433 0.4571 0.6028 0.5959 0.6491 0.6282 0.612 0.6676 0.6491 0.6352 0.6838 0.6791 0.6513 0.6838 0.7023 0.6652 0.6722 0.7186 0.6722 0.6513 0.7162 0.6746 0.588 0.6503 0.6272 0.6019 0.6572 0.6572 0.6272 0.6641 0.6826 0.6457 0.6596 0.708 0.6572 0.648 0.7149 0.6688 0.6341 0.6988 0.6664 0.6319
0.0843 0.411 1.0 0.4318 0.4019 0.4341 0.4594 0.4226 0.4364 0.4917 0.4479 0.4364 0.5101 0.4687 0.441 0.5101 0.4801 0.441 0.4871 0.4893 0.4433 0.4571 0.4824 0.5959 0.6491 0.6282 0.612 0.6676 0.6491 0.6352 0.6838 0.6791 0.6513 0.6838 0.7023 0.6652 0.6722 0.7186 0.6722 0.6513 0.7162 0.6746 0.6421 0.6503 0.6272 0.6019 0.6572 0.6572 0.6272 0.6641 0.6826 0.6457 0.6596 0.708 0.6572 0.648 0.7149 0.6688 0.6341 0.6988 0.6664 0.6319 0.6572
0.1457 0.4663 1.0 0.4019 0.4341 0.4594 0.4226 0.4364 0.4917 0.4479 0.4364 0.5101 0.4687 0.441 0.5101 0.4801 0.441 0.4871 0.4893 0.4433 0.4571 0.4824 0.4387 0.6491 0.6282 0.612 0.6676 0.6491 0.6352 0.6838 0.6791 0.6513 0.6838 0.7023 0.6652 0.6722 0.7186 0.6722 0.6513 0.7162 0.6746 0.6421 0.6884 0.6272 0.6019 0.6572 0.6572 0.6272 0.6641 0.6826 0.6457 0.6596 0.708 0.6572 0.648 0.7149 0.6688 0.6341 0.6988 0.6664 0.6319 0.6572 0.6688
0.0923 0.4341 1.0 0.4341 0.4594 0.4226 0.4364 0.4917 0.4479 0.4364 0.5101 0.4687 0.441 0.5101 0.4801 0.441 0.4871 0.4893 0.4433 0.4571 0.4824 0.4387 0.411 0.6282 0.612 0.6676 0.6491 0.6352 0.6838 0.6791 0.6513 0.6838 0.7023 0.6652 0.6722 0.7186 0.6722 0.6513 0.7162 0.6746 0.6421 0.6884 0.6769 0.6019 0.6572 0.6572 0.6272 0.6641 0.6826 0.6457 0.6596 0.708 0.6572 0.648 0.7149 0.6688 0.6341 0.6988 0.6664 0.6319 0.6572 0.6688 0.6296
0.1843 0.4041 1.0 0.4594 0.4226 0.4364 0.4917 0.4479 0.4364 0.5101 0.4687 0.441 0.5101 0.4801 0.441 0.4871 0.4893 0.4433 0.4571 0.4824 0.4387 0.411 0.4663 0.612 0.6676 0.6491 0.6352 0.6838 0.6791 0.6513 0.6838 0.7023 0.6652 0.6722 0.7186 0.6722 0.6513 0.7162 0.6746 0.6421 0.6884 0.6769 0.6421 0.6572 0.6572 0.6272 0.6641 0.6826 0.6457 0.6596 0.708 0.6572 0.648 0.7149 0.6688 0.6341 0.6988 0.6664 0.6319 0.6572 0.6688 0.6296 0.6272
0.1073 0.4318 1.0 0.4226 0.4364 0.4917 0.4479 0.4364 0.5101 0.4687 0.441 0.5101 0.4801 0.441 0.4871 0.4893 0.4433 0.4571 0.4824 0.4387 0.411 0.4663 0.4341 0.6676 0.6491 0.6352 0.6838 0.6791 0.6513 0.6838 0.7023 0.6652 0.6722 0.7186 0.6722 0.6513 0.7162 0.6746 0.6421 0.6884 0.6769 0.6421 0.6652 0.6572 0.6272 0.6641 0.6826 0.6457 0.6596 0.708 0.6572 0.648 0.7149 0.6688 0.6341 0.6988 0.6664 0.6319 0.6572 0.6688 0.6296 0.6272 0.648
0.1 0.411 1.0 0.4364 0.4917 0.4479 0.4364 0.5101 0.4687 0.441 0.5101 0.4801 0.441 0.4871 0.4893 0.4433 0.4571 0.4824 0.4387 0.411 0.4663 0.4341 0.4041 0.6491 0.6352 0.6838 0.6791 0.6513 0.6838 0.7023 0.6652 0.6722 0.7186 0.6722 0.6513 0.7162 0.6746 0.6421 0.6884 0.6769 0.6421 0.6652 0.6769 0.6272 0.6641 0.6826 0.6457 0.6596 0.708 0.6572 0.648 0.7149 0.6688 0.6341 0.6988 0.6664 0.6319 0.6572 0.6688 0.6296 0.6272 0.648 0.6226
0.0923 0.3927 1.0 0.4917 0.4479 0.4364 0.5101 0.4687 0.441 0.5101 0.4801 0.441 0.4871 0.4893 0.4433 0.4571 0.4824 0.4387 0.411 0.4663 0.4341 0.4041 0.4318 0.6352 0.6838 0.6791 0.6513 0.6838 0.7023 0.6652 0.6722 0.7186 0.6722 0.6513 0.7162 0.6746 0.6421 0.6884 0.6769 0.6421 0.6652 0.6769 0.6444 0.6641 0.6826 0.6457 0.6596 0.708 0.6572 0.648 0.7149 0.6688 0.6341 0.6988 0.6664 0.6319 0.6572 0.6688 0.6296 0.6272 0.648 0.6226 0.5996
0.0693 0.3719 1.0 0.4479 0.4364 0.5101 0.4687 0.441 0.5101 0.4801 0.441 0.4871 0.4893 0.4433 0.4571 0.4824 0.4387 0.411 0.4663 0.4341 0.4041 0.4318 0.411 0.6838 0.6791 0.6513 0.6838 0.7023 0.6652 0.6722 0.7186 0.6722 0.6513 0.7162 0.6746 0.6421 0.6884 0.6769 0.6421 0.6652 0.6769 0.6444 0.6329 0.6826 0.6457 0.6596 0.708 0.6572 0.648 0.7149 0.6688 0.6341 0.6988 0.6664 0.6319 0.6572 0.6688 0.6296 0.6272 0.648 0.6226 0.5996 0.6364
0.061 0.3673 1.0 0.4364 0.5101 0.4687 0.441 0.5101 0.4801 0.441 0.4871 0.4893 0.4433 0.4571 0.4824 0.4387 0.411 0.4663 0.4341 0.4041 0.4318 0.411 0.3927 0.6791 0.6513 0.6838 0.7023 0.6652 0.6722 0.7186 0.6722 0.6513 0.7162 0.6746 0.6421 0.6884 0.6769 0.6421 0.6652 0.6769 0.6444 0.6329 0.6537 0.6457 0.6596 0.708 0.6572 0.648 0.7149 0.6688 0.6341 0.6988 0.6664 0.6319 0.6572 0.6688 0.6296 0.6272 0.648 0.6226 0.5996 0.6364 0.6203
0.0693 0.3558 1.0 0.5101 0.4687 0.441 0.5101 0.4801 0.441 0.4871 0.4893 0.4433 0.4571 0.4824 0.4387 0.411 0.4663 0.4341 0.4041 0.4318 0.411 0.3927 0.3719 0.6513 0.6838 0.7023 0.6652 0.6722 0.7186 0.6722 0.6513 0.7162 0.6746 0.6421 0.6884 0.6769 0.6421 0.6652 0.6769 0.6444 0.6329 0.6537 0.6491 0.6596 0.708 0.6572 0.648 0.7149 0.6688 0.6341 0.6988 0.6664 0.6319 0.6572 0.6688 0.6296 0.6272 0.648 0.6226 0.5996 0.6364 0.6203 0.6019
0.0153 0.3328 1.0 0.4687 0.441 0.5101 0.4801 0.441 0.4871 0.4893 0.4433 0.4571 0.4824 0.4387 0.411 0.4663 0.4341 0.4041 0.4318 0.411 0.3927 0.3719 0.3673 0.6838 0.7023 0.6652 0.6722 0.7186 0.6722 0.6513 0.7162 0.6746 0.6421 0.6884 0.6769 0.6421 0.6652 0.6769 0.6444 0.6329 0.6537 0.6491 0.6213 0.708 0.6572 0.648 0.7149 0.6688 0.6341 0.6988 0.6664 0.6319 0.6572 0.6688 0.6296 0.6272 0.648 0.6226 0.5996 0.6364 0.6203 0.6019 0.5834
0.0383 0.3097 1.0 0.441 0.5101 0.4801 0.441 0.4871 0.4893 0.4433 0.4571 0.4824 0.4387 0.411 0.4663 0.4341 0.4041 0.4318 0.411 0.3927 0.3719 0.3673 0.3558 0.7023 0.6652 0.6722 0.7186 0.6722 0.6513 0.7162 0.6746 0.6421 0.6884 0.6769 0.6421 0.6652 0.6769 0.6444 0.6329 0.6537 0.6491 0.6213 0.5959 0.6572 0.648 0.7149 0.6688 0.6341 0.6988 0.6664 0.6319 0.6572 0.6688 0.6296 0.6272 0.648 0.6226 0.5996 0.6364 0.6203 0.6019 0.5834 0.5696
0.0767 0.3051 1.0 0.5101 0.4801 0.441 0.4871 0.4893 0.4433 0.4571 0.4824 0.4387 0.411 0.4663 0.4341 0.4041 0.4318 0.411 0.3927 0.3719 0.3673 0.3558 0.3328 0.6652 0.6722 0.7186 0.6722 0.6513 0.7162 0.6746 0.6421 0.6884 0.6769 0.6421 0.6652 0.6769 0.6444 0.6329 0.6537 0.6491 0.6213 0.5959 0.5797 0.648 0.7149 0.6688 0.6341 0.6988 0.6664 0.6319 0.6572 0.6688 0.6296 0.6272 0.648 0.6226 0.5996 0.6364 0.6203 0.6019 0.5834 0.5696 0.5649
0.077 0.289 1.0 0.4801 0.441 0.4871 0.4893 0.4433 0.4571 0.4824 0.4387 0.411 0.4663 0.4341 0.4041 0.4318 0.411 0.3927 0.3719 0.3673 0.3558 0.3328 0.3097 0.6722 0.7186 0.6722 0.6513 0.7162 0.6746 0.6421 0.6884 0.6769 0.6421 0.6652 0.6769 0.6444 0.6329 0.6537 0.6491 0.6213 0.5959 0.5797 0.5634 0.7149 0.6688 0.6341 0.6988 0.6664 0.6319 0.6572 0.6688 0.6296 0.6272 0.648 0.6226 0.5996 0.6364 0.6203 0.6019 0.5834 0.5696 0.5649 0.5419
0.0153 0.2659 1.0 0.441 0.4871 0.4893 0.4433 0.4571 0.4824 0.4387 0.411 0.4663 0.4341 0.4041 0.4318 0.411 0.3927 0.3719 0.3673 0.3558 0.3328 0.3097 0.3051 0.7186 0.6722 0.6513 0.7162 0.6746 0.6421 0.6884 0.6769 0.6421 0.6652 0.6769 0.6444 0.6329 0.6537 0.6491 0.6213 0.5959 0.5797 0.5634 0.538 0.6688 0.6341 0.6988 0.6664 0.6319 0.6572 0.6688 0.6296 0.6272 0.648 0.6226 0.5996 0.6364 0.6203 0.6019 0.5834 0.5696 0.5649 0.5419 0.5258
0.0537 0.2637 1.0 0.4871 0.4893 0.4433 0.4571 0.4824 0.4387 0.411 0.4663 0.4341 0.4041 0.4318 0.411 0.3927 0.3719 0.3673 0.3558 0.3328 0.3097 0.3051 0.289 0.6722 0.6513 0.7162 0.6746 0.6421 0.6884 0.6769 0.6421 0.6652 0.6769 0.6444 0.6329 0.6537 0.6491 0.6213 0.5959 0.5797 0.5634 0.538 0.5241 0.6341 0.6988 0.6664 0.6319 0.6572 0.6688 0.6296 0.6272 0.648 0.6226 0.5996 0.6364 0.6203 0.6019 0.5834 0.5696 0.5649 0.5419 0.5258 0.5234
0.077 0.2544 1.0 0.4893 0.4433 0.4571 0.4824 0.4387 0.411 0.4663 0.4341 0.4041 0.4318 0.411 0.3927 0.3719 0.3673 0.3558 0.3328 0.3097 0.3051 0.289 0.2659 0.6513 0.7162 0.6746 0.6421 0.6884 0.6769 0.6421 0.6652 0.6769 0.6444 0.6329 0.6537 0.6491 0.6213 0.5959 0.5797 0.5634 0.538 0.5241 0.5171 0.6988 0.6664 0.6319 0.6572 0.6688 0.6296 0.6272 0.648 0.6226 0.5996 0.6364 0.6203 0.6019 0.5834 0.5696 0.5649 0.5419 0.5258 0.5234 0.5027
0.0073 0.2314 1.0 0.4433 0.4571 0.4824 0.4387 0.411 0.4663 0.4341 0.4041 0.4318 0.411 0.3927 0.3719 0.3673 0.3558 0.3328 0.3097 0.3051 0.289 0.2659 0.2637 0.7162 0.6746 0.6421 0.6884 0.6769 0.6421 0.6652 0.6769 0.6444 0.6329 0.6537 0.6491 0.6213 0.5959 0.5797 0.5634 0.538 0.5241 0.5171 0.494 0.6664 0.6319 0.6572 0.6688 0.6296 0.6272 0.648 0.6226 0.5996 0.6364 0.6203 0.6019 0.5834 0.5696 0.5649 0.5419 0.5258 0.5234 0.5027 0.4819
0.031 0.2222 1.0 0.4571 0.4824 0.4387 0.411 0.4663 0.4341 0.4041 0.4318 0.411 0.3927 0.3719 0.3673 0.3558 0.3328 0.3097 0.3051 0.289 0.2659 0.2637 0.2544 0.6746 0.6421 0.6884 0.6769 0.6421 0.6652 0.6769 0.6444 0.6329 0.6537 0.6491 0.6213 0.5959 0.5797 0.5634 0.538 0.5241 0.5171 0.494 0.4754 0.6319 0.6572 0.6688 0.6296 0.6272 0.648 0.6226 0.5996 0.6364 0.6203 0.6019 0.5834 0.5696 0.5649 0.5419 0.5258 0.5234 0.5027 0.4819 0.4819
0.0767 0.2176 1.0 0.4824 0.4387 0.411 0.4663 0.4341 0.4041 0.4318 0.411 0.3927 0.3719 0.3673 0.3558 0.3328 0.3097 0.3051 0.289 0.2659 0.2637 0.2544 0.2314 0.6421 0.6884 0.6769 0.6421 0.6652 0.6769 0.6444 0.6329 0.6537 0.6491 0.6213 0.5959 0.5797 0.5634 0.538 0.5241 0.5171 0.494 0.4754 0.4732 0.6572 0.6688 0.6296 0.6272 0.648 0.6226 0.5996 0.6364 0.6203 0.6019 0.5834 0.5696 0.5649 0.5419 0.5258 0.5234 0.5027 0.4819 0.4819 0.4658
0.0307 0.1969 1.0 0.4387 0.411 0.4663 0.4341 0.4041 0.4318 0.411 0.3927 0.3719 0.3673 0.3558 0.3328 0.3097 0.3051 0.289 0.2659 0.2637 0.2544 0.2314 0.2222 0.6884 0.6769 0.6421 0.6652 0.6769 0.6444 0.6329 0.6537 0.6491 0.6213 0.5959 0.5797 0.5634 0.538 0.5241 0.5171 0.494 0.4754 0.4732 0.4547 0.6688 0.6296 0.6272 0.648 0.6226 0.5996 0.6364 0.6203 0.6019 0.5834 0.5696 0.5649 0.5419 0.5258 0.5234 0.5027 0.4819 0.4819 0.4658 0.445
0.0153 0.1853 1.0 0.411 0.4663 0.4341 0.4041 0.4318 0.411 0.3927 0.3719 0.3673 0.3558 0.3328 0.3097 0.3051 0.289 0.2659 0.2637 0.2544 0.2314 0.2222 0.2176 0.6769 0.6421 0.6652 0.6769 0.6444 0.6329 0.6537 0.6491 0.6213 0.5959 0.5797 0.5634 0.538 0.5241 0.5171 0.494 0.4754 0.4732 0.4547 0.4361 0.6296 0.6272 0.648 0.6226 0.5996 0.6364 0.6203 0.6019 0.5834 0.5696 0.5649 0.5419 0.5258 0.5234 0.5027 0.4819 0.4819 0.4658 0.445 0.4403
0.069 0.1853 1.0 0.4663 0.4341 0.4041 0.4318 0.411 0.3927 0.3719 0.3673 0.3558 0.3328 0.3097 0.3051 0.289 0.2659 0.2637 0.2544 0.2314 0.2222 0.2176 0.1969 0.6421 0.6652 0.6769 0.6444 0.6329 0.6537 0.6491 0.6213 0.5959 0.5797 0.5634 0.538 0.5241 0.5171 0.494 0.4754 0.4732 0.4547 0.4361 0.4316 0.6272 0.648 0.6226 0.5996 0.6364 0.6203 0.6019 0.5834 0.5696 0.5649 0.5419 0.5258 0.5234 0.5027 0.4819 0.4819 0.4658 0.445 0.4403 0.4311
0.0387 0.1692 1.0 0.4341 0.4041 0.4318 0.411 0.3927 0.3719 0.3673 0.3558 0.3328 0.3097 0.3051 0.289 0.2659 0.2637 0.2544 0.2314 0.2222 0.2176 0.1969 0.1853 0.6652 0.6769 0.6444 0.6329 0.6537 0.6491 0.6213 0.5959 0.5797 0.5634 0.538 0.5241 0.5171 0.494 0.4754 0.4732 0.4547 0.4361 0.4316 0.4199 0.648 0.6226 0.5996 0.6364 0.6203 0.6019 0.5834 0.5696 0.5649 0.5419 0.5258 0.5234 0.5027 0.4819 0.4819 0.4658 0.445 0.4403 0.4311 0.4127
