0.008 0.4822 1.0 0.4776 0.4661 0.4707 0.4546 0.443 0.4408 0.4292 0.4154 0.4108 0.3993 0.3878 0.3809 0.374 0.3624 0.3578 0.3509 0.3786 0.4569 0.4292 0.4316 0.3876 0.3783 0.3598 0.3574 0.3506 0.3343 0.3273 0.3204 0.3089 0.2996 0.2903 0.2811 0.2718 0.2672 0.2579 0.2649 0.2741 0.2626 0.3343 0.3367 0.3919 0.3712 0.3666 0.3642 0.3481 0.3366 0.3366 0.3204 0.3112 0.3043 0.2928 0.2836 0.2789 0.2697 0.2604 0.2559 0.2489 0.3112 0.3481 0.3204
0.276 0.4638 1.0 0.4661 0.4707 0.4546 0.443 0.4408 0.4292 0.4154 0.4108 0.3993 0.3878 0.3809 0.374 0.3624 0.3578 0.3509 0.3786 0.4569 0.4292 0.4316 0.5144 0.3783 0.3598 0.3574 0.3506 0.3343 0.3273 0.3204 0.3089 0.2996 0.2903 0.2811 0.2718 0.2672 0.2579 0.2649 0.2741 0.2626 0.3343 0.3367 0.3158 0.3712 0.3666 0.3642 0.3481 0.3366 0.3366 0.3204 0.3112 0.3043 0.2928 0.2836 0.2789 0.2697 0.2604 0.2559 0.2489 0.3112 0.3481 0.3204 0.3528
0.1073 0.5537 1.0 0.4707 0.4546 0.443 0.4408 0.4292 0.4154 0.4108 0.3993 0.3878 0.3809 0.374 0.3624 0.3578 0.3509 0.3786 0.4569 0.4292 0.4316 0.5144 0.4822 0.3598 0.3574 0.3506 0.3343 0.3273 0.3204 0.3089 0.2996 0.2903 0.2811 0.2718 0.2672 0.2579 0.2649 0.2741 0.2626 0.3343 0.3367 0.3158 0.3667 0.3666 0.3642 0.3481 0.3366 0.3366 0.3204 0.3112 0.3043 0.2928 0.2836 0.2789 0.2697 0.2604 0.2559 0.2489 0.3112 0.3481 0.3204 0.3528 0.4012
0.0613 0.5237 1.0 0.4546 0.443 0.4408 0.4292 0.4154 0.4108 0.3993 0.3878 0.3809 0.374 0.3624 0.3578 0.3509 0.3786 0.4569 0.4292 0.4316 0.5144 0.4822 0.4638 0.3574 0.3506 0.3343 0.3273 0.3204 0.3089 0.2996 0.2903 0.2811 0.2718 0.2672 0.2579 0.2649 0.2741 0.2626 0.3343 0.3367 0.3158 0.3667 0.3852 0.3642 0.3481 0.3366 0.3366 0.3204 0.3112 0.3043 0.2928 0.2836 0.2789 0.2697 0.2604 0.2559 0.2489 0.3112 0.3481 0.3204 0.3528 0.4012 0.362
0.2997 0.4914 1.0 0.443 0.4408 0.4292 0.4154 0.4108 0.3993 0.3878 0.3809 0.374 0.3624 0.3578 0.3509 0.3786 0.4569 0.4292 0.4316 0.5144 0.4822 0.4638 0.5537 0.3506 0.3343 0.3273 0.3204 0.3089 0.2996 0.2903 0.2811 0.2718 0.2672 0.2579 0.2649 0.2741 0.2626 0.3343 0.3367 0.3158 0.3667 0.3852 0.3574 0.3481 0.3366 0.3366 0.3204 0.3112 0.3043 0.2928 0.2836 0.2789 0.2697 0.2604 0.2559 0.2489 0.3112 0.3481 0.3204 0.3528 0.4012 0.362 0.3642
0.1 0.5674 1.0 0.4408 0.4292 0.4154 0.4108 0.3993 0.3878 0.3809 0.374 0.3624 0.3578 0.3509 0.3786 0.4569 0.4292 0.4316 0.5144 0.4822 0.4638 0.5537 0.5237 0.3343 0.3273 0.3204 0.3089 0.2996 0.2903 0.2811 0.2718 0.2672 0.2579 0.2649 0.2741 0.2626 0.3343 0.3367 0.3158 0.3667 0.3852 0.3574 0.3829 0.3366 0.3366 0.3204 0.3112 0.3043 0.2928 0.2836 0.2789 0.2697 0.2604 0.2559 0.2489 0.3112 0.3481 0.3204 0.3528 0.4012 0.362 0.3642 0.4403
0.1077 0.5628 1.0 0.4292 0.4154 0.4108 0.3993 0.3878 0.3809 0.374 0.3624 0.3578 0.3509 0.3786 0.4569 0.4292 0.4316 0.5144 0.4822 0.4638 0.5537 0.5237 0.4914 0.3273 0.3204 0.3089 0.2996 0.2903 0.2811 0.2718 0.2672 0.2579 0.2649 0.2741 0.2626 0.3343 0.3367 0.3158 0.3667 0.3852 0.3574 0.3829 0.4269 0.3366 0.3204 0.3112 0.3043 0.2928 0.2836 0.2789 0.2697 0.2604 0.2559 0.2489 0.3112 0.3481 0.3204 0.3528 0.4012 0.362 0.3642 0.4403 0.3966
0.2533 0.5237 1.0 0.4154 0.4108 0.3993 0.3878 0.3809 0.374 0.3624 0.3578 0.3509 0.3786 0.4569 0.4292 0.4316 0.5144 0.4822 0.4638 0.5537 0.5237 0.4914 0.5674 0.3204 0.3089 0.2996 0.2903 0.2811 0.2718 0.2672 0.2579 0.2649 0.2741 0.2626 0.3343 0.3367 0.3158 0.3667 0.3852 0.3574 0.3829 0.4269 0.3944 0.3204 0.3112 0.3043 0.2928 0.2836 0.2789 0.2697 0.2604 0.2559 0.2489 0.3112 0.3481 0.3204 0.3528 0.4012 0.362 0.3642 0.4403 0.3966 0.3781
0.0153 0.5698 1.0 0.4108 0.3993 0.3878 0.3809 0.374 0.3624 0.3578 0.3509 0.3786 0.4569 0.4292 0.4316 0.5144 0.4822 0.4638 0.5537 0.5237 0.4914 0.5674 0.5628 0.3089 0.2996 0.2903 0.2811 0.2718 0.2672 0.2579 0.2649 0.2741 0.2626 0.3343 0.3367 0.3158 0.3667 0.3852 0.3574 0.3829 0.4269 0.3944 0.3944 0.3112 0.3043 0.2928 0.2836 0.2789 0.2697 0.2604 0.2559 0.2489 0.3112 0.3481 0.3204 0.3528 0.4012 0.362 0.3642 0.4403 0.3966 0.3781 0.4589
0.1303 0.602 1.0 0.3993 0.3878 0.3809 0.374 0.3624 0.3578 0.3509 0.3786 0.4569 0.4292 0.4316 0.5144 0.4822 0.4638 0.5537 0.5237 0.4914 0.5674 0.5628 0.5237 0.2996 0.2903 0.2811 0.2718 0.2672 0.2579 0.2649 0.2741 0.2626 0.3343 0.3367 0.3158 0.3667 0.3852 0.3574 0.3829 0.4269 0.3944 0.3944 0.4639 0.3043 0.2928 0.2836 0.2789 0.2697 0.2604 0.2559 0.2489 0.3112 0.3481 0.3204 0.3528 0.4012 0.362 0.3642 0.4403 0.3966 0.3781 0.4589 0.4289
0.1537 0.5628 1.0 0.3878 0.3809 0.374 0.3624 0.3578 0.3509 0.3786 0.4569 0.4292 0.4316 0.5144 0.4822 0.4638 0.5537 0.5237 0.4914 0.5674 0.5628 0.5237 0.5698 0.2903 0.2811 0.2718 0.2672 0.2579 0.2649 0.2741 0.2626 0.3343 0.3367 0.3158 0.3667 0.3852 0.3574 0.3829 0.4269 0.3944 0.3944 0.4639 0.4269 0.2928 0.2836 0.2789 0.2697 0.2604 0.2559 0.2489 0.3112 0.3481 0.3204 0.3528 0.4012 0.362 0.3642 0.4403 0.3966 0.3781 0.4589 0.4289 0.4012
0.1073 0.5651 1.0 0.3809 0.374 0.3624 0.3578 0.3509 0.3786 0.4569 0.4292 0.4316 0.5144 0.4822 0.4638 0.5537 0.5237 0.4914 0.5674 0.5628 0.5237 0.5698 0.602 0.2811 0.2718 0.2672 0.2579 0.2649 0.2741 0.2626 0.3343 0.3367 0.3158 0.3667 0.3852 0.3574 0.3829 0.4269 0.3944 0.3944 0.4639 0.4269 0.413 0.2836 0.2789 0.2697 0.2604 0.2559 0.2489 0.3112 0.3481 0.3204 0.3528 0.4012 0.362 0.3642 0.4403 0.3966 0.3781 0.4589 0.4289 0.4012 0.4634
0.1307 0.6273 1.0 0.374 0.3624 0.3578 0.3509 0.3786 0.4569 0.4292 0.4316 0.5144 0.4822 0.4638 0.5537 0.5237 0.4914 0.5674 0.5628 0.5237 0.5698 0.602 0.5628 0.2718 0.2672 0.2579 0.2649 0.2741 0.2626 0.3343 0.3367 0.3158 0.3667 0.3852 0.3574 0.3829 0.4269 0.3944 0.3944 0.4639 0.4269 0.413 0.4893 0.2789 0.2697 0.2604 0.2559 0.2489 0.3112 0.3481 0.3204 0.3528 0.4012 0.362 0.3642 0.4403 0.3966 0.3781 0.4589 0.4289 0.4012 0.4634 0.4634
0.0077 0.5928 1.0 0.3624 0.3578 0.3509 0.3786 0.4569 0.4292 0.4316 0.5144 0.4822 0.4638 0.5537 0.5237 0.4914 0.5674 0.5628 0.5237 0.5698 0.602 0.5628 0.5651 0.2672 0.2579 0.2649 0.2741 0.2626 0.3343 0.3367 0.3158 0.3667 0.3852 0.3574 0.3829 0.4269 0.3944 0.3944 0.4639 0.4269 0.413 0.4893 0.4662 0.2697 0.2604 0.2559 0.2489 0.3112 0.3481 0.3204 0.3528 0.4012 0.362 0.3642 0.4403 0.3966 0.3781 0.4589 0.4289 0.4012 0.4634 0.4634 0.4358
0.2073 0.5767 1.0 0.3578 0.3509 0.3786 0.4569 0.4292 0.4316 0.5144 0.4822 0.4638 0.5537 0.5237 0.4914 0.5674 0.5628 0.5237 0.5698 0.602 0.5628 0.5651 0.6273 0.2579 0.2649 0.2741 0.2626 0.3343 0.3367 0.3158 0.3667 0.3852 0.3574 0.3829 0.4269 0.3944 0.3944 0.4639 0.4269 0.413 0.4893 0.4662 0.4431 0.2604 0.2559 0.2489 0.3112 0.3481 0.3204 0.3528 0.4012 0.362 0.3642 0.4403 0.3966 0.3781 0.4589 0.4289 0.4012 0.4634 0.4634 0.4358 0.4658
0.115 0.6273 1.0 0.3509 0.3786 0.4569 0.4292 0.4316 0.5144 0.4822 0.4638 0.5537 0.5237 0.4914 0.5674 0.5628 0.5237 0.5698 0.602 0.5628 0.5651 0.6273 0.5928 0.2649 0.2741 0.2626 0.3343 0.3367 0.3158 0.3667 0.3852 0.3574 0.3829 0.4269 0.3944 0.3944 0.4639 0.4269 0.413 0.4893 0.4662 0.4431 0.494 0.2559 0.2489 0.3112 0.3481 0.3204 0.3528 0.4012 0.362 0.3642 0.4403 0.3966 0.3781 0.4589 0.4289 0.4012 0.4634 0.4634 0.4358 0.4658 0.4911
0.0537 0.6112 1.0 0.3786 0.4569 0.4292 0.4316 0.5144 0.4822 0.4638 0.5537 0.5237 0.4914 0.5674 0.5628 0.5237 0.5698 0.602 0.5628 0.5651 0.6273 0.5928 0.5767 0.2741 0.2626 0.3343 0.3367 0.3158 0.3667 0.3852 0.3574 0.3829 0.4269 0.3944 0.3944 0.4639 0.4269 0.413 0.4893 0.4662 0.4431 0.494 0.5032 0.2489 0.3112 0.3481 0.3204 0.3528 0.4012 0.362 0.3642 0.4403 0.3966 0.3781 0.4589 0.4289 0.4012 0.4634 0.4634 0.4358 0.4658 0.4911 0.4589
0.1687 0.5973 1.0 0.4569 0.4292 0.4316 0.5144 0.4822 0.4638 0.5537 0.5237 0.4914 0.5674 0.5628 0.5237 0.5698 0.602 0.5628 0.5651 0.6273 0.5928 0.5767 0.6273 0.2626 0.3343 0.3367 0.3158 0.3667 0.3852 0.3574 0.3829 0.4269 0.3944 0.3944 0.4639 0.4269 0.413 0.4893 0.4662 0.4431 0.494 0.5032 0.4732 0.3112 0.3481 0.3204 0.3528 0.4012 0.362 0.3642 0.4403 0.3966 0.3781 0.4589 0.4289 0.4012 0.4634 0.4634 0.4358 0.4658 0.4911 0.4589 0.4658
0.0537 0.6366 1.0 0.4292 0.4316 0.5144 0.4822 0.4638 0.5537 0.5237 0.4914 0.5674 0.5628 0.5237 0.5698 0.602 0.5628 0.5651 0.6273 0.5928 0.5767 0.6273 0.6112 0.3343 0.3367 0.3158 0.3667 0.3852 0.3574 0.3829 0.4269 0.3944 0.3944 0.4639 0.4269 0.413 0.4893 0.4662 0.4431 0.494 0.5032 0.4732 0.4893 0.3481 0.3204 0.3528 0.4012 0.362 0.3642 0.4403 0.3966 0.3781 0.4589 0.4289 0.4012 0.4634 0.4634 0.4358 0.4658 0.4911 0.4589 0.4658 0.5211
0.0463 0.6619 1.0 0.4316 0.5144 0.4822 0.4638 0.5537 0.5237 0.4914 0.5674 0.5628 0.5237 0.5698 0.602 0.5628 0.5651 0.6273 0.5928 0.5767 0.6273 0.6112 0.5973 0.3367 0.3158 0.3667 0.3852 0.3574 0.3829 0.4269 0.3944 0.3944 0.4639 0.4269 0.413 0.4893 0.4662 0.4431 0.494 0.5032 0.4732 0.4893 0.5472 0.3204 0.3528 0.4012 0.362 0.3642 0.4403 0.3966 0.3781 0.4589 0.4289 0.4012 0.4634 0.4634 0.4358 0.4658 0.4911 0.4589 0.4658 0.5211 0.4911
0.131 0.6342 1.0 0.5144 0.4822 0.4638 0.5537 0.5237 0.4914 0.5674 0.5628 0.5237 0.5698 0.602 0.5628 0.5651 0.6273 0.5928 0.5767 0.6273 0.6112 0.5973 0.6366 0.3158 0.3667 0.3852 0.3574 0.3829 0.4269 0.3944 0.3944 0.4639 0.4269 0.413 0.4893 0.4662 0.4431 0.494 0.5032 0.4732 0.4893 0.5472 0.5171 0.3528 0.4012 0.362 0.3642 0.4403 0.3966 0.3781 0.4589 0.4289 0.4012 0.4634 0.4634 0.4358 0.4658 0.4911 0.4589 0.4658 0.5211 0.4911 0.4888
0.0843 0.6434 1.0 0.4822 0.4638 0.5537 0.5237 0.4914 0.5674 0.5628 0.5237 0.5698 0.602 0.5628 0.5651 0.6273 0.5928 0.5767 0.6273 0.6112 0.5973 0.6366 0.6619 0.3667 0.3852 0.3574 0.3829 0.4269 0.3944 0.3944 0.4639 0.4269 0.413 0.4893 0.4662 0.4431 0.494 0.5032 0.4732 0.4893 0.5472 0.5171 0.5148 0.4012 0.362 0.3642 0.4403 0.3966 0.3781 0.4589 0.4289 0.4012 0.4634 0.4634 0.4358 0.4658 0.4911 0.4589 0.4658 0.5211 0.4911 0.4888 0.5258
0.0923 0.7033 1.0 0.4638 0.5537 0.5237 0.4914 0.5674 0.5628 0.5237 0.5698 0.602 0.5628 0.5651 0.6273 0.5928 0.5767 0.6273 0.6112 0.5973 0.6366 0.6619 0.6342 0.3852 0.3574 0.3829 0.4269 0.3944 0.3944 0.4639 0.4269 0.413 0.4893 0.4662 0.4431 0.494 0.5032 0.4732 0.4893 0.5472 0.5171 0.5148 0.5727 0.362 0.3642 0.4403 0.3966 0.3781 0.4589 0.4289 0.4012 0.4634 0.4634 0.4358 0.4658 0.4911 0.4589 0.4658 0.5211 0.4911 0.4888 0.5258 0.5396
0.0307 0.678 1.0 0.5537 0.5237 0.4914 0.5674 0.5628 0.5237 0.5698 0.602 0.5628 0.5651 0.6273 0.5928 0.5767 0.6273 0.6112 0.5973 0.6366 0.6619 0.6342 0.6434 0.3574 0.3829 0.4269 0.3944 0.3944 0.4639 0.4269 0.413 0.4893 0.4662 0.4431 0.494 0.5032 0.4732 0.4893 0.5472 0.5171 0.5148 0.5727 0.5588 0.3642 0.4403 0.3966 0.3781 0.4589 0.4289 0.4012 0.4634 0.4634 0.4358 0.4658 0.4911 0.4589 0.4658 0.5211 0.4911 0.4888 0.5258 0.5396 0.5258
0.1997 0.6664 1.0 0.5237 0.4914 0.5674 0.5628 0.5237 0.5698 0.602 0.5628 0.5651 0.6273 0.5928 0.5767 0.6273 0.6112 0.5973 0.6366 0.6619 0.6342 0.6434 0.7033 0.3829 0.4269 0.3944 0.3944 0.4639 0.4269 0.413 0.4893 0.4662 0.4431 0.494 0.5032 0.4732 0.4893 0.5472 0.5171 0.5148 0.5727 0.5588 0.5472 0.4403 0.3966 0.3781 0.4589 0.4289 0.4012 0.4634 0.4634 0.4358 0.4658 0.4911 0.4589 0.4658 0.5211 0.4911 0.4888 0.5258 0.5396 0.5258 0.5511
0.0843 0.731 1.0 0.4914 0.5674 0.5628 0.5237 0.5698 0.602 0.5628 0.5651 0.6273 0.5928 0.5767 0.6273 0.6112 0.5973 0.6366 0.6619 0.6342 0.6434 0.7033 0.678 0.4269 0.3944 0.3944 0.4639 0.4269 0.413 0.4893 0.4662 0.4431 0.494 0.5032 0.4732 0.4893 0.5472 0.5171 0.5148 0.5727 0.5588 0.5472 0.5773 0.3966 0.3781 0.4589 0.4289 0.4012 0.4634 0.4634 0.4358 0.4658 0.4911 0.4589 0.4658 0.5211 0.4911 0.4888 0.5258 0.5396 0.5258 0.5511 0.6019
0.0387 0.7149 1.0 0.5674 0.5628 0.5237 0.5698 0.602 0.5628 0.5651 0.6273 0.5928 0.5767 0.6273 0.6112 0.5973 0.6366 0.6619 0.6342 0.6434 0.7033 0.678 0.6664 0.3944 0.3944 0.4639 0.4269 0.413 0.4893 0.4662 0.4431 0.494 0.5032 0.4732 0.4893 0.5472 0.5171 0.5148 0.5727 0.5588 0.5472 0.5773 0.6051 0.3781 0.4589 0.4289 0.4012 0.4634 0.4634 0.4358 0.4658 0.4911 0.4589 0.4658 0.5211 0.4911 0.4888 0.5258 0.5396 0.5258 0.5511 0.6019 0.5649
0.2153 0.6941 1.0 0.5628 0.5237 0.5698 0.602 0.5628 0.5651 0.6273 0.5928 0.5767 0.6273 0.6112 0.5973 0.6366 0.6619 0.6342 0.6434 0.7033 0.678 0.6664 0.731 0.3944 0.4639 0.4269 0.413 0.4893 0.4662 0.4431 0.494 0.5032 0.4732 0.4893 0.5472 0.5171 0.5148 0.5727 0.5588 0.5472 0.5773 0.6051 0.575 0.4589 0.4289 0.4012 0.4634 0.4634 0.4358 0.4658 0.4911 0.4589 0.4658 0.5211 0.4911 0.4888 0.5258 0.5396 0.5258 0.5511 0.6019 0.5649 0.5649
0.0537 0.7379 1.0 0.5237 0.5698 0.602 0.5628 0.5651 0.6273 0.5928 0.5767 0.6273 0.6112 0.5973 0.6366 0.6619 0.6342 0.6434 0.7033 0.678 0.6664 0.731 0.7149 0.4639 0.4269 0.413 0.4893 0.4662 0.4431 0.494 0.5032 0.4732 0.4893 0.5472 0.5171 0.5148 0.5727 0.5588 0.5472 0.5773 0.6051 0.575 0.5842 0.4289 0.4012 0.4634 0.4634 0.4358 0.4658 0.4911 0.4589 0.4658 0.5211 0.4911 0.4888 0.5258 0.5396 0.5258 0.5511 0.6019 0.5649 0.5649 0.6319
0.0693 0.731 1.0 0.5698 0.602 0.5628 0.5651 0.6273 0.5928 0.5767 0.6273 0.6112 0.5973 0.6366 0.6619 0.6342 0.6434 0.7033 0.678 0.6664 0.731 0.7149 0.6941 0.4269 0.413 0.4893 0.4662 0.4431 0.494 0.5032 0.4732 0.4893 0.5472 0.5171 0.5148 0.5727 0.5588 0.5472 0.5773 0.6051 0.575 0.5842 0.6236 0.4012 0.4634 0.4634 0.4358 0.4658 0.4911 0.4589 0.4658 0.5211 0.4911 0.4888 0.5258 0.5396 0.5258 0.5511 0.6019 0.5649 0.5649 0.6319 0.5927
0.146 0.7033 1.0 0.602 0.5628 0.5651 0.6273 0.5928 0.5767 0.6273 0.6112 0.5973 0.6366 0.6619 0.6342 0.6434 0.7033 0.678 0.6664 0.731 0.7149 0.6941 0.7379 0.413 0.4893 0.4662 0.4431 0.494 0.5032 0.4732 0.4893 0.5472 0.5171 0.5148 0.5727 0.5588 0.5472 0.5773 0.6051 0.575 0.5842 0.6236 0.5866 0.4634 0.4634 0.4358 0.4658 0.4911 0.4589 0.4658 0.5211 0.4911 0.4888 0.5258 0.5396 0.5258 0.5511 0.6019 0.5649 0.5649 0.6319 0.5927 0.5788
0.023 0.7379 1.0 0.5628 0.5651 0.6273 0.5928 0.5767 0.6273 0.6112 0.5973 0.6366 0.6619 0.6342 0.6434 0.7033 0.678 0.6664 0.731 0.7149 0.6941 0.7379 0.731 0.4893 0.4662 0.4431 0.494 0.5032 0.4732 0.4893 0.5472 0.5171 0.5148 0.5727 0.5588 0.5472 0.5773 0.6051 0.575 0.5842 0.6236 0.5866 0.582 0.4634 0.4358 0.4658 0.4911 0.4589 0.4658 0.5211 0.4911 0.4888 0.5258 0.5396 0.5258 0.5511 0.6019 0.5649 0.5649 0.6319 0.5927 0.5788 0.6364
0.0923 0.7379 1.0 0.5651 0.6273 0.5928 0.5767 0.6273 0.6112 0.5973 0.6366 0.6619 0.6342 0.6434 0.7033 0.678 0.6664 0.731 0.7149 0.6941 0.7379 0.731 0.7033 0.4662 0.4431 0.494 0.5032 0.4732 0.4893 0.5472 0.5171 0.5148 0.5727 0.5588 0.5472 0.5773 0.6051 0.575 0.5842 0.6236 0.5866 0.582 0.619 0.4358 0.4658 0.4911 0.4589 0.4658 0.5211 0.4911 0.4888 0.5258 0.5396 0.5258 0.5511 0.6019 0.5649 0.5649 0.6319 0.5927 0.5788 0.6364 0.5996
0.1153 0.7057 1.0 0.6273 0.5928 0.5767 0.6273 0.6112 0.5973 0.6366 0.6619 0.6342 0.6434 0.7033 0.678 0.6664 0.731 0.7149 0.6941 0.7379 0.731 0.7033 0.7379 0.4431 0.494 0.5032 0.4732 0.4893 0.5472 0.5171 0.5148 0.5727 0.5588 0.5472 0.5773 0.6051 0.575 0.5842 0.6236 0.5866 0.582 0.619 0.5889 0.4658 0.4911 0.4589 0.4658 0.5211 0.4911 0.4888 0.5258 0.5396 0.5258 0.5511 0.6019 0.5649 0.5649 0.6319 0.5927 0.5788 0.6364 0.5996 0.5788
0.0 0.7471 1.0 0.5928 0.5767 0.6273 0.6112 0.5973 0.6366 0.6619 0.6342 0.6434 0.7033 0.678 0.6664 0.731 0.7149 0.6941 0.7379 0.731 0.7033 0.7379 0.7379 0.494 0.5032 0.4732 0.4893 0.5472 0.5171 0.5148 0.5727 0.5588 0.5472 0.5773 0.6051 0.575 0.5842 0.6236 0.5866 0.582 0.619 0.5889 0.5866 0.4911 0.4589 0.4658 0.5211 0.4911 0.4888 0.5258 0.5396 0.5258 0.5511 0.6019 0.5649 0.5649 0.6319 0.5927 0.5788 0.6364 0.5996 0.5788 0.6249
0.1073 0.7241 1.0 0.5767 0.6273 0.6112 0.5973 0.6366 0.6619 0.6342 0.6434 0.7033 0.678 0.6664 0.731 0.7149 0.6941 0.7379 0.731 0.7033 0.7379 0.7379 0.7057 0.5032 0.4732 0.4893 0.5472 0.5171 0.5148 0.5727 0.5588 0.5472 0.5773 0.6051 0.575 0.5842 0.6236 0.5866 0.582 0.619 0.5889 0.5866 0.6167 0.4589 0.4658 0.5211 0.4911 0.4888 0.5258 0.5396 0.5258 0.5511 0.6019 0.5649 0.5649 0.6319 0.5927 0.5788 0.6364 0.5996 0.5788 0.6249 0.5972
0.138 0.6988 1.0 0.6273 0.6112 0.5973 0.6366 0.6619 0.6342 0.6434 0.7033 0.678 0.6664 0.731 0.7149 0.6941 0.7379 0.731 0.7033 0.7379 0.7379 0.7057 0.7471 0.4732 0.4893 0.5472 0.5171 0.5148 0.5727 0.5588 0.5472 0.5773 0.6051 0.575 0.5842 0.6236 0.5866 0.582 0.619 0.5889 0.5866 0.6167 0.5889 0.4658 0.5211 0.4911 0.4888 0.5258 0.5396 0.5258 0.5511 0.6019 0.5649 0.5649 0.6319 0.5927 0.5788 0.6364 0.5996 0.5788 0.6249 0.5972 0.5834
0.0767 0.7448 1.0 0.6112 0.5973 0.6366 0.6619 0.6342 0.6434 0.7033 0.678 0.6664 0.731 0.7149 0.6941 0.7379 0.731 0.7033 0.7379 0.7379 0.7057 0.7471 0.7241 0.4893 0.5472 0.5171 0.5148 0.5727 0.5588 0.5472 0.5773 0.6051 0.575 0.5842 0.6236 0.5866 0.582 0.619 0.5889 0.5866 0.6167 0.5889 0.5889 0.5211 0.4911 0.4888 0.5258 0.5396 0.5258 0.5511 0.6019 0.5649 0.5649 0.6319 0.5927 0.5788 0.6364 0.5996 0.5788 0.6249 0.5972 0.5834 0.6411
0.0843 0.7379 1.0 0.5973 0.6366 0.6619 0.6342 0.6434 0.7033 0.678 0.6664 0.731 0.7149 0.6941 0.7379 0.731 0.7033 0.7379 0.7379 0.7057 0.7471 0.7241 0.6988 0.5472 0.5171 0.5148 0.5727 0.5588 0.5472 0.5773 0.6051 0.575 0.5842 0.6236 0.5866 0.582 0.619 0.5889 0.5866 0.6167 0.5889 0.5889 0.612 0.4911 0.4888 0.5258 0.5396 0.5258 0.5511 0.6019 0.5649 0.5649 0.6319 0.5927 0.5788 0.6364 0.5996 0.5788 0.6249 0.5972 0.5834 0.6411 0.6111
0.1533 0.7102 1.0 0.6366 0.6619 0.6342 0.6434 0.7033 0.678 0.6664 0.731 0.7149 0.6941 0.7379 0.731 0.7033 0.7379 0.7379 0.7057 0.7471 0.7241 0.6988 0.7448 0.5171 0.5148 0.5727 0.5588 0.5472 0.5773 0.6051 0.575 0.5842 0.6236 0.5866 0.582 0.619 0.5889 0.5866 0.6167 0.5889 0.5889 0.612 0.5912 0.4888 0.5258 0.5396 0.5258 0.5511 0.6019 0.5649 0.5649 0.6319 0.5927 0.5788 0.6364 0.5996 0.5788 0.6249 0.5972 0.5834 0.6411 0.6111 0.5996
0.023 0.7632 1.0 0.6619 0.6342 0.6434 0.7033 0.678 0.6664 0.731 0.7149 0.6941 0.7379 0.731 0.7033 0.7379 0.7379 0.7057 0.7471 0.7241 0.6988 0.7448 0.7379 0.5148 0.5727 0.5588 0.5472 0.5773 0.6051 0.575 0.5842 0.6236 0.5866 0.582 0.619 0.5889 0.5866 0.6167 0.5889 0.5889 0.612 0.5912 0.6004 0.5258 0.5396 0.5258 0.5511 0.6019 0.5649 0.5649 0.6319 0.5927 0.5788 0.6364 0.5996 0.5788 0.6249 0.5972 0.5834 0.6411 0.6111 0.5996 0.6503
0.0923 0.754 1.0 0.6342 0.6434 0.7033 0.678 0.6664 0.731 0.7149 0.6941 0.7379 0.731 0.7033 0.7379 0.7379 0.7057 0.7471 0.7241 0.6988 0.7448 0.7379 0.7102 0.5727 0.5588 0.5472 0.5773 0.6051 0.575 0.5842 0.6236 0.5866 0.582 0.619 0.5889 0.5866 0.6167 0.5889 0.5889 0.612 0.5912 0.6004 0.6352 0.5396 0.5258 0.5511 0.6019 0.5649 0.5649 0.6319 0.5927 0.5788 0.6364 0.5996 0.5788 0.6249 0.5972 0.5834 0.6411 0.6111 0.5996 0.6503 0.6203
0.1767 0.7194 1.0 0.6434 0.7033 0.678 0.6664 0.731 0.7149 0.6941 0.7379 0.731 0.7033 0.7379 0.7379 0.7057 0.7471 0.7241 0.6988 0.7448 0.7379 0.7102 0.7632 0.5588 0.5472 0.5773 0.6051 0.575 0.5842 0.6236 0.5866 0.582 0.619 0.5889 0.5866 0.6167 0.5889 0.5889 0.612 0.5912 0.6004 0.6352 0.6074 0.5258 0.5511 0.6019 0.5649 0.5649 0.6319 0.5927 0.5788 0.6364 0.5996 0.5788 0.6249 0.5972 0.5834 0.6411 0.6111 0.5996 0.6503 0.6203 0.6088
0.0307 0.7817 1.0 0.7033 0.678 0.6664 0.731 0.7149 0.6941 0.7379 0.731 0.7033 0.7379 0.7379 0.7057 0.7471 0.7241 0.6988 0.7448 0.7379 0.7102 0.7632 0.754 0.5472 0.5773 0.6051 0.575 0.5842 0.6236 0.5866 0.582 0.619 0.5889 0.5866 0.6167 0.5889 0.5889 0.612 0.5912 0.6004 0.6352 0.6074 0.612 0.5511 0.6019 0.5649 0.5649 0.6319 0.5927 0.5788 0.6364 0.5996 0.5788 0.6249 0.5972 0.5834 0.6411 0.6111 0.5996 0.6503 0.6203 0.6088 0.678
0.1153 0.7817 1.0 0.678 0.6664 0.731 0.7149 0.6941 0.7379 0.731 0.7033 0.7379 0.7379 0.7057 0.7471 0.7241 0.6988 0.7448 0.7379 0.7102 0.7632 0.754 0.7194 0.5773 0.6051 0.575 0.5842 0.6236 0.5866 0.582 0.619 0.5889 0.5866 0.6167 0.5889 0.5889 0.612 0.5912 0.6004 0.6352 0.6074 0.612 0.663 0.6019 0.5649 0.5649 0.6319 0.5927 0.5788 0.6364 0.5996 0.5788 0.6249 0.5972 0.5834 0.6411 0.6111 0.5996 0.6503 0.6203 0.6088 0.678 0.6411
0.2077 0.7402 1.0 0.6664 0.731 0.7149 0.6941 0.7379 0.731 0.7033 0.7379 0.7379 0.7057 0.7471 0.7241 0.6988 0.7448 0.7379 0.7102 0.7632 0.754 0.7194 0.7817 0.6051 0.575 0.5842 0.6236 0.5866 0.582 0.619 0.5889 0.5866 0.6167 0.5889 0.5889 0.612 0.5912 0.6004 0.6352 0.6074 0.612 0.663 0.6329 0.5649 0.5649 0.6319 0.5927 0.5788 0.6364 0.5996 0.5788 0.6249 0.5972 0.5834 0.6411 0.6111 0.5996 0.6503 0.6203 0.6088 0.678 0.6411 0.6157
0.0 0.7862 1.0 0.731 0.7149 0.6941 0.7379 0.731 0.7033 0.7379 0.7379 0.7057 0.7471 0.7241 0.6988 0.7448 0.7379 0.7102 0.7632 0.754 0.7194 0.7817 0.7817 0.575 0.5842 0.6236 0.5866 0.582 0.619 0.5889 0.5866 0.6167 0.5889 0.5889 0.612 0.5912 0.6004 0.6352 0.6074 0.612 0.663 0.6329 0.6259 0.5649 0.6319 0.5927 0.5788 0.6364 0.5996 0.5788 0.6249 0.5972 0.5834 0.6411 0.6111 0.5996 0.6503 0.6203 0.6088 0.678 0.6411 0.6157 0.6918
0.1383 0.8047 1.0 0.7149 0.6941 0.7379 0.731 0.7033 0.7379 0.7379 0.7057 0.7471 0.7241 0.6988 0.7448 0.7379 0.7102 0.7632 0.754 0.7194 0.7817 0.7817 0.7402 0.5842 0.6236 0.5866 0.582 0.619 0.5889 0.5866 0.6167 0.5889 0.5889 0.612 0.5912 0.6004 0.6352 0.6074 0.612 0.663 0.6329 0.6259 0.6861 0.6319 0.5927 0.5788 0.6364 0.5996 0.5788 0.6249 0.5972 0.5834 0.6411 0.6111 0.5996 0.6503 0.6203 0.6088 0.678 0.6411 0.6157 0.6918 0.6664
0.1533 0.7563 1.0 0.6941 0.7379 0.731 0.7033 0.7379 0.7379 0.7057 0.7471 0.7241 0.6988 0.7448 0.7379 0.7102 0.7632 0.754 0.7194 0.7817 0.7817 0.7402 0.7862 0.6236 0.5866 0.582 0.619 0.5889 0.5866 0.6167 0.5889 0.5889 0.612 0.5912 0.6004 0.6352 0.6074 0.612 0.663 0.6329 0.6259 0.6861 0.6537 0.5927 0.5788 0.6364 0.5996 0.5788 0.6249 0.5972 0.5834 0.6411 0.6111 0.5996 0.6503 0.6203 0.6088 0.678 0.6411 0.6157 0.6918 0.6664 0.6296
0.0617 0.7793 1.0 0.7379 0.731 0.7033 0.7379 0.7379 0.7057 0.7471 0.7241 0.6988 0.7448 0.7379 0.7102 0.7632 0.754 0.7194 0.7817 0.7817 0.7402 0.7862 0.8047 0.5866 0.582 0.619 0.5889 0.5866 0.6167 0.5889 0.5889 0.612 0.5912 0.6004 0.6352 0.6074 0.612 0.663 0.6329 0.6259 0.6861 0.6537 0.6374 0.5788 0.6364 0.5996 0.5788 0.6249 0.5972 0.5834 0.6411 0.6111 0.5996 0.6503 0.6203 0.6088 0.678 0.6411 0.6157 0.6918 0.6664 0.6296 0.701
0.1613 0.8139 1.0 0.731 0.7033 0.7379 0.7379 0.7057 0.7471 0.7241 0.6988 0.7448 0.7379 0.7102 0.7632 0.754 0.7194 0.7817 0.7817 0.7402 0.7862 0.8047 0.7563 0.582 0.619 0.5889 0.5866 0.6167 0.5889 0.5889 0.612 0.5912 0.6004 0.6352 0.6074 0.612 0.663 0.6329 0.6259 0.6861 0.6537 0.6374 0.7047 0.6364 0.5996 0.5788 0.6249 0.5972 0.5834 0.6411 0.6111 0.5996 0.6503 0.6203 0.6088 0.678 0.6411 0.6157 0.6918 0.6664 0.6296 0.701 0.6802
0.0767 0.7632 1.0 0.7033 0.7379 0.7379 0.7057 0.7471 0.7241 0.6988 0.7448 0.7379 0.7102 0.7632 0.754 0.7194 0.7817 0.7817 0.7402 0.7862 0.8047 0.7563 0.7793 0.619 0.5889 0.5866 0.6167 0.5889 0.5889 0.612 0.5912 0.6004 0.6352 0.6074 0.612 0.663 0.6329 0.6259 0.6861 0.6537 0.6374 0.7047 0.6676 0.5996 0.5788 0.6249 0.5972 0.5834 0.6411 0.6111 0.5996 0.6503 0.6203 0.6088 0.678 0.6411 0.6157 0.6918 0.6664 0.6296 0.701 0.6802 0.6388
0.1153 0.7609 1.0 0.7379 0.7379 0.7057 0.7471 0.7241 0.6988 0.7448 0.7379 0.7102 0.7632 0.754 0.7194 0.7817 0.7817 0.7402 0.7862 0.8047 0.7563 0.7793 0.8139 0.5889 0.5866 0.6167 0.5889 0.5889 0.612 0.5912 0.6004 0.6352 0.6074 0.612 0.663 0.6329 0.6259 0.6861 0.6537 0.6374 0.7047 0.6676 0.6374 0.5788 0.6249 0.5972 0.5834 0.6411 0.6111 0.5996 0.6503 0.6203 0.6088 0.678 0.6411 0.6157 0.6918 0.6664 0.6296 0.701 0.6802 0.6388 0.6896
0.169 0.8162 1.0 0.7379 0.7057 0.7471 0.7241 0.6988 0.7448 0.7379 0.7102 0.7632 0.754 0.7194 0.7817 0.7817 0.7402 0.7862 0.8047 0.7563 0.7793 0.8139 0.7632 0.5866 0.6167 0.5889 0.5889 0.612 0.5912 0.6004 0.6352 0.6074 0.612 0.663 0.6329 0.6259 0.6861 0.6537 0.6374 0.7047 0.6676 0.6374 0.7023 0.6249 0.5972 0.5834 0.6411 0.6111 0.5996 0.6503 0.6203 0.6088 0.678 0.6411 0.6157 0.6918 0.6664 0.6296 0.701 0.6802 0.6388 0.6896 0.6849
0.0077 0.7632 1.0 0.7057 0.7471 0.7241 0.6988 0.7448 0.7379 0.7102 0.7632 0.754 0.7194 0.7817 0.7817 0.7402 0.7862 0.8047 0.7563 0.7793 0.8139 0.7632 0.7609 0.6167 0.5889 0.5889 0.612 0.5912 0.6004 0.6352 0.6074 0.612 0.663 0.6329 0.6259 0.6861 0.6537 0.6374 0.7047 0.6676 0.6374 0.7023 0.6746 0.5972 0.5834 0.6411 0.6111 0.5996 0.6503 0.6203 0.6088 0.678 0.6411 0.6157 0.6918 0.6664 0.6296 0.701 0.6802 0.6388 0.6896 0.6849 0.6364
0.1843 0.7424 1.0 0.7471 0.7241 0.6988 0.7448 0.7379 0.7102 0.7632 0.754 0.7194 0.7817 0.7817 0.7402 0.7862 0.8047 0.7563 0.7793 0.8139 0.7632 0.7609 0.8162 0.5889 0.5889 0.612 0.5912 0.6004 0.6352 0.6074 0.612 0.663 0.6329 0.6259 0.6861 0.6537 0.6374 0.7047 0.6676 0.6374 0.7023 0.6746 0.6352 0.5834 0.6411 0.6111 0.5996 0.6503 0.6203 0.6088 0.678 0.6411 0.6157 0.6918 0.6664 0.6296 0.701 0.6802 0.6388 0.6896 0.6849 0.6364 0.6641
0.1767 0.8116 1.0 0.7241 0.6988 0.7448 0.7379 0.7102 0.7632 0.754 0.7194 0.7817 0.7817 0.7402 0.7862 0.8047 0.7563 0.7793 0.8139 0.7632 0.7609 0.8162 0.7632 0.5889 0.612 0.5912 0.6004 0.6352 0.6074 0.612 0.663 0.6329 0.6259 0.6861 0.6537 0.6374 0.7047 0.6676 0.6374 0.7023 0.6746 0.6352 0.6861 0.6411 0.6111 0.5996 0.6503 0.6203 0.6088 0.678 0.6411 0.6157 0.6918 0.6664 0.6296 0.701 0.6802 0.6388 0.6896 0.6849 0.6364 0.6641 0.6826
0.0693 0.7632 1.0 0.6988 0.7448 0.7379 0.7102 0.7632 0.754 0.7194 0.7817 0.7817 0.7402 0.7862 0.8047 0.7563 0.7793 0.8139 0.7632 0.7609 0.8162 0.7632 0.7424 0.612 0.5912 0.6004 0.6352 0.6074 0.612 0.663 0.6329 0.6259 0.6861 0.6537 0.6374 0.7047 0.6676 0.6374 0.7023 0.6746 0.6352 0.6861 0.6769 0.6111 0.5996 0.6503 0.6203 0.6088 0.678 0.6411 0.6157 0.6918 0.6664 0.6296 0.701 0.6802 0.6388 0.6896 0.6849 0.6364 0.6641 0.6826 0.6341
0.2307 0.7263 1.0 0.7448 0.7379 0.7102 0.7632 0.754 0.7194 0.7817 0.7817 0.7402 0.7862 0.8047 0.7563 0.7793 0.8139 0.7632 0.7609 0.8162 0.7632 0.7424 0.8116 0.5912 0.6004 0.6352 0.6074 0.612 0.663 0.6329 0.6259 0.6861 0.6537 0.6374 0.7047 0.6676 0.6374 0.7023 0.6746 0.6352 0.6861 0.6769 0.6329 0.5996 0.6503 0.6203 0.6088 0.678 0.6411 0.6157 0.6918 0.6664 0.6296 0.701 0.6802 0.6388 0.6896 0.6849 0.6364 0.6641 0.6826 0.6341 0.6388
0.1613 0.7931 1.0 0.7379 0.7102 0.7632 0.754 0.7194 0.7817 0.7817 0.7402 0.7862 0.8047 0.7563 0.7793 0.8139 0.7632 0.7609 0.8162 0.7632 0.7424 0.8116 0.7632 0.6004 0.6352 0.6074 0.612 0.663 0.6329 0.6259 0.6861 0.6537 0.6374 0.7047 0.6676 0.6374 0.7023 0.6746 0.6352 0.6861 0.6769 0.6329 0.663 0.6503 0.6203 0.6088 0.678 0.6411 0.6157 0.6918 0.6664 0.6296 0.701 0.6802 0.6388 0.6896 0.6849 0.6364 0.6641 0.6826 0.6341 0.6388 0.6757
0.123 0.7632 1.0 0.7102 0.7632 0.754 0.7194 0.7817 0.7817 0.7402 0.7862 0.8047 0.7563 0.7793 0.8139 0.7632 0.7609 0.8162 0.7632 0.7424 0.8116 0.7632 0.7263 0.6352 0.6074 0.612 0.663 0.6329 0.6259 0.6861 0.6537 0.6374 0.7047 0.6676 0.6374 0.7023 0.6746 0.6352 0.6861 0.6769 0.6329 0.663 0.6791 0.6203 0.6088 0.678 0.6411 0.6157 0.6918 0.6664 0.6296 0.701 0.6802 0.6388 0.6896 0.6849 0.6364 0.6641 0.6826 0.6341 0.6388 0.6757 0.6296
0.2227 0.7194 1.0 0.7632 0.754 0.7194 0.7817 0.7817 0.7402 0.7862 0.8047 0.7563 0.7793 0.8139 0.7632 0.7609 0.8162 0.7632 0.7424 0.8116 0.7632 0.7263 0.7931 0.6074 0.612 0.663 0.6329 0.6259 0.6861 0.6537 0.6374 0.7047 0.6676 0.6374 0.7023 0.6746 0.6352 0.6861 0.6769 0.6329 0.663 0.6791 0.6352 0.6088 0.678 0.6411 0.6157 0.6918 0.6664 0.6296 0.701 0.6802 0.6388 0.6896 0.6849 0.6364 0.6641 0.6826 0.6341 0.6388 0.6757 0.6296 0.6064
0.0997 0.6964 1.0 0.754 0.7194 0.7817 0.7817 0.7402 0.7862 0.8047 0.7563 0.7793 0.8139 0.7632 0.7609 0.8162 0.7632 0.7424 0.8116 0.7632 0.7263 0.7931 0.7632 0.612 0.663 0.6329 0.6259 0.6861 0.6537 0.6374 0.7047 0.6676 0.6374 0.7023 0.6746 0.6352 0.6861 0.6769 0.6329 0.663 0.6791 0.6352 0.6398 0.678 0.6411 0.6157 0.6918 0.6664 0.6296 0.701 0.6802 0.6388 0.6896 0.6849 0.6364 0.6641 0.6826 0.6341 0.6388 0.6757 0.6296 0.6064 0.6733
0.146 0.678 1.0 0.7194 0.7817 0.7817 0.7402 0.7862 0.8047 0.7563 0.7793 0.8139 0.7632 0.7609 0.8162 0.7632 0.7424 0.8116 0.7632 0.7263 0.7931 0.7632 0.7194 0.663 0.6329 0.6259 0.6861 0.6537 0.6374 0.7047 0.6676 0.6374 0.7023 0.6746 0.6352 0.6861 0.6769 0.6329 0.663 0.6791 0.6352 0.6398 0.6769 0.6411 0.6157 0.6918 0.6664 0.6296 0.701 0.6802 0.6388 0.6896 0.6849 0.6364 0.6641 0.6826 0.6341 0.6388 0.6757 0.6296 0.6064 0.6733 0.6296
0.0767 0.6527 1.0 0.7817 0.7817 0.7402 0.7862 0.8047 0.7563 0.7793 0.8139 0.7632 0.7609 0.8162 0.7632 0.7424 0.8116 0.7632 0.7263 0.7931 0.7632 0.7194 0.6964 0.6329 0.6259 0.6861 0.6537 0.6374 0.7047 0.6676 0.6374 0.7023 0.6746 0.6352 0.6861 0.6769 0.6329 0.663 0.6791 0.6352 0.6398 0.6769 0.6374 0.6157 0.6918 0.6664 0.6296 0.701 0.6802 0.6388 0.6896 0.6849 0.6364 0.6641 0.6826 0.6341 0.6388 0.6757 0.6296 0.6064 0.6733 0.6296 0.5949
0.0613 0.6273 1.0 0.7817 0.7402 0.7862 0.8047 0.7563 0.7793 0.8139 0.7632 0.7609 0.8162 0.7632 0.7424 0.8116 0.7632 0.7263 0.7931 0.7632 0.7194 0.6964 0.678 0.6259 0.6861 0.6537 0.6374 0.7047 0.6676 0.6374 0.7023 0.6746 0.6352 0.6861 0.6769 0.6329 0.663 0.6791 0.6352 0.6398 0.6769 0.6374 0.6004 0.6918 0.6664 0.6296 0.701 0.6802 0.6388 0.6896 0.6849 0.6364 0.6641 0.6826 0.6341 0.6388 0.6757 0.6296 0.6064 0.6733 0.6296 0.5949 0.5719
0.0843 0.6136 1.0 0.7402 0.7862 0.8047 0.7563 0.7793 0.8139 0.7632 0.7609 0.8162 0.7632 0.7424 0.8116 0.7632 0.7263 0.7931 0.7632 0.7194 0.6964 0.678 0.6527 0.6861 0.6537 0.6374 0.7047 0.6676 0.6374 0.7023 0.6746 0.6352 0.6861 0.6769 0.6329 0.663 0.6791 0.6352 0.6398 0.6769 0.6374 0.6004 0.5773 0.6664 0.6296 0.701 0.6802 0.6388 0.6896 0.6849 0.6364 0.6641 0.6826 0.6341 0.6388 0.6757 0.6296 0.6064 0.6733 0.6296 0.5949 0.5719 0.5557
0.0847 0.5951 1.0 0.7862 0.8047 0.7563 0.7793 0.8139 0.7632 0.7609 0.8162 0.7632 0.7424 0.8116 0.7632 0.7263 0.7931 0.7632 0.7194 0.6964 0.678 0.6527 0.6273 0.6537 0.6374 0.7047 0.6676 0.6374 0.7023 0.6746 0.6352 0.6861 0.6769 0.6329 0.663 0.6791 0.6352 0.6398 0.6769 0.6374 0.6004 0.5773 0.5564 0.6296 0.701 0.6802 0.6388 0.6896 0.6849 0.6364 0.6641 0.6826 0.6341 0.6388 0.6757 0.6296 0.6064 0.6733 0.6296 0.5949 0.5719 0.5557 0.5327
0.0457 0.5743 1.0 0.8047 0.7563 0.7793 0.8139 0.7632 0.7609 0.8162 0.7632 0.7424 0.8116 0.7632 0.7263 0.7931 0.7632 0.7194 0.6964 0.678 0.6527 0.6273 0.6136 0.6374 0.7047 0.6676 0.6374 0.7023 0.6746 0.6352 0.6861 0.6769 0.6329 0.663 0.6791 0.6352 0.6398 0.6769 0.6374 0.6004 0.5773 0.5564 0.531 0.701 0.6802 0.6388 0.6896 0.6849 0.6364 0.6641 0.6826 0.6341 0.6388 0.6757 0.6296 0.6064 0.6733 0.6296 0.5949 0.5719 0.5557 0.5327 0.5119
0.0617 0.5582 1.0 0.7563 0.7793 0.8139 0.7632 0.7609 0.8162 0.7632 0.7424 0.8116 0.7632 0.7263 0.7931 0.7632 0.7194 0.6964 0.678 0.6527 0.6273 0.6136 0.5951 0.7047 0.6676 0.6374 0.7023 0.6746 0.6352 0.6861 0.6769 0.6329 0.663 0.6791 0.6352 0.6398 0.6769 0.6374 0.6004 0.5773 0.5564 0.531 0.5102 0.6802 0.6388 0.6896 0.6849 0.6364 0.6641 0.6826 0.6341 0.6388 0.6757 0.6296 0.6064 0.6733 0.6296 0.5949 0.5719 0.5557 0.5327 0.5119 0.5003
0.0693 0.5513 1.0 0.7793 0.8139 0.7632 0.7609 0.8162 0.7632 0.7424 0.8116 0.7632 0.7263 0.7931 0.7632 0.7194 0.6964 0.678 0.6527 0.6273 0.6136 0.5951 0.5743 0.6676 0.6374 0.7023 0.6746 0.6352 0.6861 0.6769 0.6329 0.663 0.6791 0.6352 0.6398 0.6769 0.6374 0.6004 0.5773 0.5564 0.531 0.5102 0.4963 0.6388 0.6896 0.6849 0.6364 0.6641 0.6826 0.6341 0.6388 0.6757 0.6296 0.6064 0.6733 0.6296 0.5949 0.5719 0.5557 0.5327 0.5119 0.5003 0.4842
0.0537 0.5306 1.0 0.8139 0.7632 0.7609 0.8162 0.7632 0.7424 0.8116 0.7632 0.7263 0.7931 0.7632 0.7194 0.6964 0.678 0.6527 0.6273 0.6136 0.5951 0.5743 0.5582 0.6374 0.7023 0.6746 0.6352 0.6861 0.6769 0.6329 0.663 0.6791 0.6352 0.6398 0.6769 0.6374 0.6004 0.5773 0.5564 0.531 0.5102 0.4963 0.4778 0.6896 0.6849 0.6364 0.6641 0.6826 0.6341 0.6388 0.6757 0.6296 0.6064 0.6733 0.6296 0.5949 0.5719 0.5557 0.5327 0.5119 0.5003 0.4842 0.4634
0.023 0.5191 1.0 0.7632 0.7609 0.8162 0.7632 0.7424 0.8116 0.7632 0.7263 0.7931 0.7632 0.7194 0.6964 0.678 0.6527 0.6273 0.6136 0.5951 0.5743 0.5582 0.5513 0.7023 0.6746 0.6352 0.6861 0.6769 0.6329 0.663 0.6791 0.6352 0.6398 0.6769 0.6374 0.6004 0.5773 0.5564 0.531 0.5102 0.4963 0.4778 0.457 0.6849 0.6364 0.6641 0.6826 0.6341 0.6388 0.6757 0.6296 0.6064 0.6733 0.6296 0.5949 0.5719 0.5557 0.5327 0.5119 0.5003 0.4842 0.4634 0.4566
0.069 0.5213 1.0 0.7609 0.8162 0.7632 0.7424 0.8116 0.7632 0.7263 0.7931 0.7632 0.7194 0.6964 0.678 0.6527 0.6273 0.6136 0.5951 0.5743 0.5582 0.5513 0.5306 0.6746 0.6352 0.6861 0.6769 0.6329 0.663 0.6791 0.6352 0.6398 0.6769 0.6374 0.6004 0.5773 0.5564 0.531 0.5102 0.4963 0.4778 0.457 0.4523 0.6364 0.6641 0.6826 0.6341 0.6388 0.6757 0.6296 0.6064 0.6733 0.6296 0.5949 0.5719 0.5557 0.5327 0.5119 0.5003 0.4842 0.4634 0.4566 0.445
0.0383 0.5029 1.0 0.8162 0.7632 0.7424 0.8116 0.7632 0.7263 0.7931 0.7632 0.7194 0.6964 0.678 0.6527 0.6273 0.6136 0.5951 0.5743 0.5582 0.5513 0.5306 0.5191 0.6352 0.6861 0.6769 0.6329 0.663 0.6791 0.6352 0.6398 0.6769 0.6374 0.6004 0.5773 0.5564 0.531 0.5102 0.4963 0.4778 0.457 0.4523 0.4384 0.6641 0.6826 0.6341 0.6388 0.6757 0.6296 0.6064 0.6733 0.6296 0.5949 0.5719 0.5557 0.5327 0.5119 0.5003 0.4842 0.4634 0.4566 0.445 0.4242
0.0073 0.4891 1.0 0.7632 0.7424 0.8116 0.7632 0.7263 0.7931 0.7632 0.7194 0.6964 0.678 0.6527 0.6273 0.6136 0.5951 0.5743 0.5582 0.5513 0.5306 0.5191 0.5213 0.6861 0.6769 0.6329 0.663 0.6791 0.6352 0.6398 0.6769 0.6374 0.6004 0.5773 0.5564 0.531 0.5102 0.4963 0.4778 0.457 0.4523 0.4384 0.4177 0.6826 0.6341 0.6388 0.6757 0.6296 0.6064 0.6733 0.6296 0.5949 0.5719 0.5557 0.5327 0.5119 0.5003 0.4842 0.4634 0.4566 0.445 0.4242 0.4197
0.0613 0.4938 1.0 0.7424 0.8116 0.7632 0.7263 0.7931 0.7632 0.7194 0.6964 0.678 0.6527 0.6273 0.6136 0.5951 0.5743 0.5582 0.5513 0.5306 0.5191 0.5213 0.5029 0.6769 0.6329 0.663 0.6791 0.6352 0.6398 0.6769 0.6374 0.6004 0.5773 0.5564 0.531 0.5102 0.4963 0.4778 0.457 0.4523 0.4384 0.4177 0.4177 0.6341 0.6388 0.6757 0.6296 0.6064 0.6733 0.6296 0.5949 0.5719 0.5557 0.5327 0.5119 0.5003 0.4842 0.4634 0.4566 0.445 0.4242 0.4197 0.415
0.046 0.4776 1.0 0.8116 0.7632 0.7263 0.7931 0.7632 0.7194 0.6964 0.678 0.6527 0.6273 0.6136 0.5951 0.5743 0.5582 0.5513 0.5306 0.5191 0.5213 0.5029 0.4891 0.6329 0.663 0.6791 0.6352 0.6398 0.6769 0.6374 0.6004 0.5773 0.5564 0.531 0.5102 0.4963 0.4778 0.457 0.4523 0.4384 0.4177 0.4177 0.406 0.6388 0.6757 0.6296 0.6064 0.6733 0.6296 0.5949 0.5719 0.5557 0.5327 0.5119 0.5003 0.4842 0.4634 0.4566 0.445 0.4242 0.4197 0.415 0.3966
0.0157 0.4638 1.0 0.7632 0.7263 0.7931 0.7632 0.7194 0.6964 0.678 0.6527 0.6273 0.6136 0.5951 0.5743 0.5582 0.5513 0.5306 0.5191 0.5213 0.5029 0.4891 0.4938 0.663 0.6791 0.6352 0.6398 0.6769 0.6374 0.6004 0.5773 0.5564 0.531 0.5102 0.4963 0.4778 0.457 0.4523 0.4384 0.4177 0.4177 0.406 0.3876 0.6757 0.6296 0.6064 0.6733 0.6296 0.5949 0.5719 0.5557 0.5327 0.5119 0.5003 0.4842 0.4634 0.4566 0.445 0.4242 0.4197 0.415 0.3966 0.3873
0.054 0.4661 1.0 0.7263 0.7931 0.7632 0.7194 0.6964 0.678 0.6527 0.6273 0.6136 0.5951 0.5743 0.5582 0.5513 0.5306 0.5191 0.5213 0.5029 0.4891 0.4938 0.4776 0.6791 0.6352 0.6398 0.6769 0.6374 0.6004 0.5773 0.5564 0.531 0.5102 0.4963 0.4778 0.457 0.4523 0.4384 0.4177 0.4177 0.406 0.3876 0.3829 0.6296 0.6064 0.6733 0.6296 0.5949 0.5719 0.5557 0.5327 0.5119 0.5003 0.4842 0.4634 0.4566 0.445 0.4242 0.4197 0.415 0.3966 0.3873 0.3873
0.046 0.4522 1.0 0.7931 0.7632 0.7194 0.6964 0.678 0.6527 0.6273 0.6136 0.5951 0.5743 0.5582 0.5513 0.5306 0.5191 0.5213 0.5029 0.4891 0.4938 0.4776 0.4638 0.6352 0.6398 0.6769 0.6374 0.6004 0.5773 0.5564 0.531 0.5102 0.4963 0.4778 0.457 0.4523 0.4384 0.4177 0.4177 0.406 0.3876 0.3829 0.3783 0.6064 0.6733 0.6296 0.5949 0.5719 0.5557 0.5327 0.5119 0.5003 0.4842 0.4634 0.4566 0.445 0.4242 0.4197 0.415 0.3966 0.3873 0.3873 0.3712
0.0077 0.4384 1.0 0.7632 0.7194 0.6964 0.678 0.6527 0.6273 0.6136 0.5951 0.5743 0.5582 0.5513 0.5306 0.5191 0.5213 0.5029 0.4891 0.4938 0.4776 0.4638 0.4661 0.6398 0.6769 0.6374 0.6004 0.5773 0.5564 0.531 0.5102 0.4963 0.4778 0.457 0.4523 0.4384 0.4177 0.4177 0.406 0.3876 0.3829 0.3783 0.3598 0.6733 0.6296 0.5949 0.5719 0.5557 0.5327 0.5119 0.5003 0.4842 0.4634 0.4566 0.445 0.4242 0.4197 0.415 0.3966 0.3873 0.3873 0.3712 0.3597
