0.0693 0.2348 1.0 0.5388 0.4904 0.4513 0.5066 0.4928 0.4513 0.4767 0.4767 0.4467 0.4306 0.4052 0.3891 0.3683 0.3453 0.3316 0.3177 0.2947 0.2809 0.2717 0.2509 0.6513 0.6746 0.6953 0.6513 0.6421 0.6977 0.6537 0.6306 0.6722 0.663 0.6329 0.6004 0.5797 0.5634 0.538 0.5171 0.5079 0.4871 0.4662 0.4593 0.6503 0.6941 0.6457 0.6203 0.6757 0.6411 0.6111 0.648 0.6341 0.6111 0.588 0.5719 0.5603 0.5419 0.5188 0.5119 0.4934 0.475 0.4634 0.4542
0.046 0.2163 1.0 0.4904 0.4513 0.5066 0.4928 0.4513 0.4767 0.4767 0.4467 0.4306 0.4052 0.3891 0.3683 0.3453 0.3316 0.3177 0.2947 0.2809 0.2717 0.2509 0.2371 0.6746 0.6953 0.6513 0.6421 0.6977 0.6537 0.6306 0.6722 0.663 0.6329 0.6004 0.5797 0.5634 0.538 0.5171 0.5079 0.4871 0.4662 0.4593 0.4431 0.6941 0.6457 0.6203 0.6757 0.6411 0.6111 0.648 0.6341 0.6111 0.588 0.5719 0.5603 0.5419 0.5188 0.5119 0.4934 0.475 0.4634 0.4542 0.4311
0.0077 0.2026 1.0 0.4513 0.5066 0.4928 0.4513 0.4767 0.4767 0.4467 0.4306 0.4052 0.3891 0.3683 0.3453 0.3316 0.3177 0.2947 0.2809 0.2717 0.2509 0.2371 0.2348 0.6953 0.6513 0.6421 0.6977 0.6537 0.6306 0.6722 0.663 0.6329 0.6004 0.5797 0.5634 0.538 0.5171 0.5079 0.4871 0.4662 0.4593 0.4431 0.4246 0.6457 0.6203 0.6757 0.6411 0.6111 0.648 0.6341 0.6111 0.588 0.5719 0.5603 0.5419 0.5188 0.5119 0.4934 0.475 0.4634 0.4542 0.4311 0.4242
0.0617 0.2071 1.0 0.5066 0.4928 0.4513 0.4767 0.4767 0.4467 0.4306 0.4052 0.3891 0.3683 0.3453 0.3316 0.3177 0.2947 0.2809 0.2717 0.2509 0.2371 0.2348 0.2163 0.6513 0.6421 0.6977 0.6537 0.6306 0.6722 0.663 0.6329 0.6004 0.5797 0.5634 0.538 0.5171 0.5079 0.4871 0.4662 0.4593 0.4431 0.4246 0.4177 0.6203 0.6757 0.6411 0.6111 0.648 0.6341 0.6111 0.588 0.5719 0.5603 0.5419 0.5188 0.5119 0.4934 0.475 0.4634 0.4542 0.4311 0.4242 0.4173
0.0457 0.1933 1.0 0.4928 0.4513 0.4767 0.4767 0.4467 0.4306 0.4052 0.3891 0.3683 0.3453 0.3316 0.3177 0.2947 0.2809 0.2717 0.2509 0.2371 0.2348 0.2163 0.2026 0.6421 0.6977 0.6537 0.6306 0.6722 0.663 0.6329 0.6004 0.5797 0.5634 0.538 0.5171 0.5079 0.4871 0.4662 0.4593 0.4431 0.4246 0.4177 0.4083 0.6757 0.6411 0.6111 0.648 0.6341 0.6111 0.588 0.5719 0.5603 0.5419 0.5188 0.5119 0.4934 0.475 0.4634 0.4542 0.4311 0.4242 0.4173 0.3989
0.015 0.1772 1.0 0.4513 0.4767 0.4767 0.4467 0.4306 0.4052 0.3891 0.3683 0.3453 0.3316 0.3177 0.2947 0.2809 0.2717 0.2509 0.2371 0.2348 0.2163 0.2026 0.2071 0.6977 0.6537 0.6306 0.6722 0.663 0.6329 0.6004 0.5797 0.5634 0.538 0.5171 0.5079 0.4871 0.4662 0.4593 0.4431 0.4246 0.4177 0.4083 0.3899 0.6411 0.6111 0.648 0.6341 0.6111 0.588 0.5719 0.5603 0.5419 0.5188 0.5119 0.4934 0.475 0.4634 0.4542 0.4311 0.4242 0.4173 0.3989 0.3897
0.046 0.1796 1.0 0.4767 0.4767 0.4467 0.4306 0.4052 0.3891 0.3683 0.3453 0.3316 0.3177 0.2947 0.2809 0.2717 0.2509 0.2371 0.2348 0.2163 0.2026 0.2071 0.1933 0.6537 0.6306 0.6722 0.663 0.6329 0.6004 0.5797 0.5634 0.538 0.5171 0.5079 0.4871 0.4662 0.4593 0.4431 0.4246 0.4177 0.4083 0.3899 0.3852 0.6111 0.648 0.6341 0.6111 0.588 0.5719 0.5603 0.5419 0.5188 0.5119 0.4934 0.475 0.4634 0.4542 0.4311 0.4242 0.4173 0.3989 0.3897 0.3942
0.0537 0.1703 1.0 0.4767 0.4467 0.4306 0.4052 0.3891 0.3683 0.3453 0.3316 0.3177 0.2947 0.2809 0.2717 0.2509 0.2371 0.2348 0.2163 0.2026 0.2071 0.1933 0.1772 0.6306 0.6722 0.663 0.6329 0.6004 0.5797 0.5634 0.538 0.5171 0.5079 0.4871 0.4662 0.4593 0.4431 0.4246 0.4177 0.4083 0.3899 0.3852 0.3806 0.648 0.6341 0.6111 0.588 0.5719 0.5603 0.5419 0.5188 0.5119 0.4934 0.475 0.4634 0.4542 0.4311 0.4242 0.4173 0.3989 0.3897 0.3942 0.3781
0.008 0.1519 1.0 0.4467 0.4306 0.4052 0.3891 0.3683 0.3453 0.3316 0.3177 0.2947 0.2809 0.2717 0.2509 0.2371 0.2348 0.2163 0.2026 0.2071 0.1933 0.1772 0.1796 0.6722 0.663 0.6329 0.6004 0.5797 0.5634 0.538 0.5171 0.5079 0.4871 0.4662 0.4593 0.4431 0.4246 0.4177 0.4083 0.3899 0.3852 0.3806 0.3644 0.6341 0.6111 0.588 0.5719 0.5603 0.5419 0.5188 0.5119 0.4934 0.475 0.4634 0.4542 0.4311 0.4242 0.4173 0.3989 0.3897 0.3942 0.3781 0.3642
0.031 0.1472 1.0 0.4306 0.4052 0.3891 0.3683 0.3453 0.3316 0.3177 0.2947 0.2809 0.2717 0.2509 0.2371 0.2348 0.2163 0.2026 0.2071 0.1933 0.1772 0.1796 0.1703 0.663 0.6329 0.6004 0.5797 0.5634 0.538 0.5171 0.5079 0.4871 0.4662 0.4593 0.4431 0.4246 0.4177 0.4083 0.3899 0.3852 0.3806 0.3644 0.3528 0.6111 0.588 0.5719 0.5603 0.5419 0.5188 0.5119 0.4934 0.475 0.4634 0.4542 0.4311 0.4242 0.4173 0.3989 0.3897 0.3942 0.3781 0.3642 0.3666
0.0613 0.1403 1.0 0.4052 0.3891 0.3683 0.3453 0.3316 0.3177 0.2947 0.2809 0.2717 0.2509 0.2371 0.2348 0.2163 0.2026 0.2071 0.1933 0.1772 0.1796 0.1703 0.1519 0.6329 0.6004 0.5797 0.5634 0.538 0.5171 0.5079 0.4871 0.4662 0.4593 0.4431 0.4246 0.4177 0.4083 0.3899 0.3852 0.3806 0.3644 0.3528 0.3506 0.588 0.5719 0.5603 0.5419 0.5188 0.5119 0.4934 0.475 0.4634 0.4542 0.4311 0.4242 0.4173 0.3989 0.3897 0.3942 0.3781 0.3642 0.3666 0.3504
0.0157 0.1266 1.0 0.3891 0.3683 0.3453 0.3316 0.3177 0.2947 0.2809 0.2717 0.2509 0.2371 0.2348 0.2163 0.2026 0.2071 0.1933 0.1772 0.1796 0.1703 0.1519 0.1472 0.6004 0.5797 0.5634 0.538 0.5171 0.5079 0.4871 0.4662 0.4593 0.4431 0.4246 0.4177 0.4083 0.3899 0.3852 0.3806 0.3644 0.3528 0.3506 0.3367 0.5719 0.5603 0.5419 0.5188 0.5119 0.4934 0.475 0.4634 0.4542 0.4311 0.4242 0.4173 0.3989 0.3897 0.3942 0.3781 0.3642 0.3666 0.3504 0.3366
0.023 0.1173 1.0 0.3683 0.3453 0.3316 0.3177 0.2947 0.2809 0.2717 0.2509 0.2371 0.2348 0.2163 0.2026 0.2071 0.1933 0.1772 0.1796 0.1703 0.1519 0.1472 0.1403 0.5797 0.5634 0.538 0.5171 0.5079 0.4871 0.4662 0.4593 0.4431 0.4246 0.4177 0.4083 0.3899 0.3852 0.3806 0.3644 0.3528 0.3506 0.3367 0.325 0.5603 0.5419 0.5188 0.5119 0.4934 0.475 0.4634 0.4542 0.4311 0.4242 0.4173 0.3989 0.3897 0.3942 0.3781 0.3642 0.3666 0.3504 0.3366 0.332
0.0457 0.115 1.0 0.3453 0.3316 0.3177 0.2947 0.2809 0.2717 0.2509 0.2371 0.2348 0.2163 0.2026 0.2071 0.1933 0.1772 0.1796 0.1703 0.1519 0.1472 0.1403 0.1266 0.5634 0.538 0.5171 0.5079 0.4871 0.4662 0.4593 0.4431 0.4246 0.4177 0.4083 0.3899 0.3852 0.3806 0.3644 0.3528 0.3506 0.3367 0.325 0.3204 0.5419 0.5188 0.5119 0.4934 0.475 0.4634 0.4542 0.4311 0.4242 0.4173 0.3989 0.3897 0.3942 0.3781 0.3642 0.3666 0.3504 0.3366 0.332 0.325
0.031 0.1012 1.0 0.3316 0.3177 0.2947 0.2809 0.2717 0.2509 0.2371 0.2348 0.2163 0.2026 0.2071 0.1933 0.1772 0.1796 0.1703 0.1519 0.1472 0.1403 0.1266 0.1173 0.538 0.5171 0.5079 0.4871 0.4662 0.4593 0.4431 0.4246 0.4177 0.4083 0.3899 0.3852 0.3806 0.3644 0.3528 0.3506 0.3367 0.325 0.3204 0.3089 0.5188 0.5119 0.4934 0.475 0.4634 0.4542 0.4311 0.4242 0.4173 0.3989 0.3897 0.3942 0.3781 0.3642 0.3666 0.3504 0.3366 0.332 0.325 0.3089
0.0077 0.092 1.0 0.3177 0.2947 0.2809 0.2717 0.2509 0.2371 0.2348 0.2163 0.2026 0.2071 0.1933 0.1772 0.1796 0.1703 0.1519 0.1472 0.1403 0.1266 0.1173 0.115 0.5171 0.5079 0.4871 0.4662 0.4593 0.4431 0.4246 0.4177 0.4083 0.3899 0.3852 0.3806 0.3644 0.3528 0.3506 0.3367 0.325 0.3204 0.3089 0.2996 0.5119 0.4934 0.475 0.4634 0.4542 0.4311 0.4242 0.4173 0.3989 0.3897 0.3942 0.3781 0.3642 0.3666 0.3504 0.3366 0.332 0.325 0.3089 0.3066
0.046 0.0873 1.0 0.2947 0.2809 0.2717 0.2509 0.2371 0.2348 0.2163 0.2026 0.2071 0.1933 0.1772 0.1796 0.1703 0.1519 0.1472 0.1403 0.1266 0.1173 0.115 0.1012 0.5079 0.4871 0.4662 0.4593 0.4431 0.4246 0.4177 0.4083 0.3899 0.3852 0.3806 0.3644 0.3528 0.3506 0.3367 0.325 0.3204 0.3089 0.2996 0.2927 0.4934 0.475 0.4634 0.4542 0.4311 0.4242 0.4173 0.3989 0.3897 0.3942 0.3781 0.3642 0.3666 0.3504 0.3366 0.332 0.325 0.3089 0.3066 0.2973
0.0307 0.0781 1.0 0.2809 0.2717 0.2509 0.2371 0.2348 0.2163 0.2026 0.2071 0.1933 0.1772 0.1796 0.1703 0.1519 0.1472 0.1403 0.1266 0.1173 0.115 0.1012 0.092 0.4871 0.4662 0.4593 0.4431 0.4246 0.4177 0.4083 0.3899 0.3852 0.3806 0.3644 0.3528 0.3506 0.3367 0.325 0.3204 0.3089 0.2996 0.2927 0.2833 0.475 0.4634 0.4542 0.4311 0.4242 0.4173 0.3989 0.3897 0.3942 0.3781 0.3642 0.3666 0.3504 0.3366 0.332 0.325 0.3089 0.3066 0.2973 0.2859
0.0157 0.0736 1.0 0.2717 0.2509 0.2371 0.2348 0.2163 0.2026 0.2071 0.1933 0.1772 0.1796 0.1703 0.1519 0.1472 0.1403 0.1266 0.1173 0.115 0.1012 0.092 0.0873 0.4662 0.4593 0.4431 0.4246 0.4177 0.4083 0.3899 0.3852 0.3806 0.3644 0.3528 0.3506 0.3367 0.325 0.3204 0.3089 0.2996 0.2927 0.2833 0.2741 0.4634 0.4542 0.4311 0.4242 0.4173 0.3989 0.3897 0.3942 0.3781 0.3642 0.3666 0.3504 0.3366 0.332 0.325 0.3089 0.3066 0.2973 0.2859 0.2789
0.0307 0.0828 1.0 0.2509 0.2371 0.2348 0.2163 0.2026 0.2071 0.1933 0.1772 0.1796 0.1703 0.1519 0.1472 0.1403 0.1266 0.1173 0.115 0.1012 0.092 0.0873 0.0781 0.4593 0.4431 0.4246 0.4177 0.4083 0.3899 0.3852 0.3806 0.3644 0.3528 0.3506 0.3367 0.325 0.3204 0.3089 0.2996 0.2927 0.2833 0.2741 0.2672 0.4542 0.4311 0.4242 0.4173 0.3989 0.3897 0.3942 0.3781 0.3642 0.3666 0.3504 0.3366 0.332 0.325 0.3089 0.3066 0.2973 0.2859 0.2789 0.272
0.015 0.0759 1.0 0.2371 0.2348 0.2163 0.2026 0.2071 0.1933 0.1772 0.1796 0.1703 0.1519 0.1472 0.1403 0.1266 0.1173 0.115 0.1012 0.092 0.0873 0.0781 0.0736 0.4431 0.4246 0.4177 0.4083 0.3899 0.3852 0.3806 0.3644 0.3528 0.3506 0.3367 0.325 0.3204 0.3089 0.2996 0.2927 0.2833 0.2741 0.2672 0.2602 0.4311 0.4242 0.4173 0.3989 0.3897 0.3942 0.3781 0.3642 0.3666 0.3504 0.3366 0.332 0.325 0.3089 0.3066 0.2973 0.2859 0.2789 0.272 0.2651
0.0307 0.1611 1.0 0.2348 0.2163 0.2026 0.2071 0.1933 0.1772 0.1796 0.1703 0.1519 0.1472 0.1403 0.1266 0.1173 0.115 0.1012 0.092 0.0873 0.0781 0.0736 0.0828 0.4246 0.4177 0.4083 0.3899 0.3852 0.3806 0.3644 0.3528 0.3506 0.3367 0.325 0.3204 0.3089 0.2996 0.2927 0.2833 0.2741 0.2672 0.2602 0.2857 0.4242 0.4173 0.3989 0.3897 0.3942 0.3781 0.3642 0.3666 0.3504 0.3366 0.332 0.325 0.3089 0.3066 0.2973 0.2859 0.2789 0.272 0.2651 0.3389
0.023 0.1726 1.0 0.2163 0.2026 0.2071 0.1933 0.1772 0.1796 0.1703 0.1519 0.1472 0.1403 0.1266 0.1173 0.115 0.1012 0.092 0.0873 0.0781 0.0736 0.0828 0.0759 0.4177 0.4083 0.3899 0.3852 0.3806 0.3644 0.3528 0.3506 0.3367 0.325 0.3204 0.3089 0.2996 0.2927 0.2833 0.2741 0.2672 0.2602 0.2857 0.3297 0.4173 0.3989 0.3897 0.3942 0.3781 0.3642 0.3666 0.3504 0.3366 0.332 0.325 0.3089 0.3066 0.2973 0.2859 0.2789 0.272 0.2651 0.3389 0.3136
0.284 0.1496 1.0 0.2026 0.2071 0.1933 0.1772 0.1796 0.1703 0.1519 0.1472 0.1403 0.1266 0.1173 0.115 0.1012 0.092 0.0873 0.0781 0.0736 0.0828 0.0759 0.1611 0.4083 0.3899 0.3852 0.3806 0.3644 0.3528 0.3506 0.3367 0.325 0.3204 0.3089 0.2996 0.2927 0.2833 0.2741 0.2672 0.2602 0.2857 0.3297 0.3089 0.3989 0.3897 0.3942 0.3781 0.3642 0.3666 0.3504 0.3366 0.332 0.325 0.3089 0.3066 0.2973 0.2859 0.2789 0.272 0.2651 0.3389 0.3136 0.3066
0.0383 0.2026 1.0 0.2071 0.1933 0.1772 0.1796 0.1703 0.1519 0.1472 0.1403 0.1266 0.1173 0.115 0.1012 0.092 0.0873 0.0781 0.0736 0.0828 0.0759 0.1611 0.1726 0.3899 0.3852 0.3806 0.3644 0.3528 0.3506 0.3367 0.325 0.3204 0.3089 0.2996 0.2927 0.2833 0.2741 0.2672 0.2602 0.2857 0.3297 0.3089 0.3134 0.3897 0.3942 0.3781 0.3642 0.3666 0.3504 0.3366 0.332 0.325 0.3089 0.3066 0.2973 0.2859 0.2789 0.272 0.2651 0.3389 0.3136 0.3066 0.3897
0.0767 0.2348 1.0 0.1933 0.1772 0.1796 0.1703 0.1519 0.1472 0.1403 0.1266 0.1173 0.115 0.1012 0.092 0.0873 0.0781 0.0736 0.0828 0.0759 0.1611 0.1726 0.1496 0.3852 0.3806 0.3644 0.3528 0.3506 0.3367 0.325 0.3204 0.3089 0.2996 0.2927 0.2833 0.2741 0.2672 0.2602 0.2857 0.3297 0.3089 0.3134 0.3852 0.3942 0.3781 0.3642 0.3666 0.3504 0.3366 0.332 0.325 0.3089 0.3066 0.2973 0.2859 0.2789 0.272 0.2651 0.3389 0.3136 0.3066 0.3897 0.3666
0.1767 0.1979 1.0 0.1772 0.1796 0.1703 0.1519 0.1472 0.1403 0.1266 0.1173 0.115 0.1012 0.092 0.0873 0.0781 0.0736 0.0828 0.0759 0.1611 0.1726 0.1496 0.2026 0.3806 0.3644 0.3528 0.3506 0.3367 0.325 0.3204 0.3089 0.2996 0.2927 0.2833 0.2741 0.2672 0.2602 0.2857 0.3297 0.3089 0.3134 0.3852 0.3528 0.3781 0.3642 0.3666 0.3504 0.3366 0.332 0.325 0.3089 0.3066 0.2973 0.2859 0.2789 0.272 0.2651 0.3389 0.3136 0.3066 0.3897 0.3666 0.3389
0.1073 0.2163 1.0 0.1796 0.1703 0.1519 0.1472 0.1403 0.1266 0.1173 0.115 0.1012 0.092 0.0873 0.0781 0.0736 0.0828 0.0759 0.1611 0.1726 0.1496 0.2026 0.2348 0.3644 0.3528 0.3506 0.3367 0.325 0.3204 0.3089 0.2996 0.2927 0.2833 0.2741 0.2672 0.2602 0.2857 0.3297 0.3089 0.3134 0.3852 0.3528 0.3389 0.3642 0.3666 0.3504 0.3366 0.332 0.325 0.3089 0.3066 0.2973 0.2859 0.2789 0.272 0.2651 0.3389 0.3136 0.3066 0.3897 0.3666 0.3389 0.4127
0.123 0.2854 1.0 0.1703 0.1519 0.1472 0.1403 0.1266 0.1173 0.115 0.1012 0.092 0.0873 0.0781 0.0736 0.0828 0.0759 0.1611 0.1726 0.1496 0.2026 0.2348 0.1979 0.3528 0.3506 0.3367 0.325 0.3204 0.3089 0.2996 0.2927 0.2833 0.2741 0.2672 0.2602 0.2857 0.3297 0.3089 0.3134 0.3852 0.3528 0.3389 0.4177 0.3666 0.3504 0.3366 0.332 0.325 0.3089 0.3066 0.2973 0.2859 0.2789 0.272 0.2651 0.3389 0.3136 0.3066 0.3897 0.3666 0.3389 0.4127 0.4058
0.0613 0.244 1.0 0.1519 0.1472 0.1403 0.1266 0.1173 0.115 0.1012 0.092 0.0873 0.0781 0.0736 0.0828 0.0759 0.1611 0.1726 0.1496 0.2026 0.2348 0.1979 0.2163 0.3506 0.3367 0.325 0.3204 0.3089 0.2996 0.2927 0.2833 0.2741 0.2672 0.2602 0.2857 0.3297 0.3089 0.3134 0.3852 0.3528 0.3389 0.4177 0.3968 0.3504 0.3366 0.332 0.325 0.3089 0.3066 0.2973 0.2859 0.2789 0.272 0.2651 0.3389 0.3136 0.3066 0.3897 0.3666 0.3389 0.4127 0.4058 0.3734
0.2303 0.2232 1.0 0.1472 0.1403 0.1266 0.1173 0.115 0.1012 0.092 0.0873 0.0781 0.0736 0.0828 0.0759 0.1611 0.1726 0.1496 0.2026 0.2348 0.1979 0.2163 0.2854 0.3367 0.325 0.3204 0.3089 0.2996 0.2927 0.2833 0.2741 0.2672 0.2602 0.2857 0.3297 0.3089 0.3134 0.3852 0.3528 0.3389 0.4177 0.3968 0.369 0.3366 0.332 0.325 0.3089 0.3066 0.2973 0.2859 0.2789 0.272 0.2651 0.3389 0.3136 0.3066 0.3897 0.3666 0.3389 0.4127 0.4058 0.3734 0.4104
0.138 0.3108 1.0 0.1403 0.1266 0.1173 0.115 0.1012 0.092 0.0873 0.0781 0.0736 0.0828 0.0759 0.1611 0.1726 0.1496 0.2026 0.2348 0.1979 0.2163 0.2854 0.244 0.325 0.3204 0.3089 0.2996 0.2927 0.2833 0.2741 0.2672 0.2602 0.2857 0.3297 0.3089 0.3134 0.3852 0.3528 0.3389 0.4177 0.3968 0.369 0.4316 0.332 0.325 0.3089 0.3066 0.2973 0.2859 0.2789 0.272 0.2651 0.3389 0.3136 0.3066 0.3897 0.3666 0.3389 0.4127 0.4058 0.3734 0.4104 0.445
0.0693 0.2831 1.0 0.1266 0.1173 0.115 0.1012 0.092 0.0873 0.0781 0.0736 0.0828 0.0759 0.1611 0.1726 0.1496 0.2026 0.2348 0.1979 0.2163 0.2854 0.244 0.2232 0.3204 0.3089 0.2996 0.2927 0.2833 0.2741 0.2672 0.2602 0.2857 0.3297 0.3089 0.3134 0.3852 0.3528 0.3389 0.4177 0.3968 0.369 0.4316 0.4384 0.325 0.3089 0.3066 0.2973 0.2859 0.2789 0.272 0.2651 0.3389 0.3136 0.3066 0.3897 0.3666 0.3389 0.4127 0.4058 0.3734 0.4104 0.445 0.4058
0.292 0.2486 1.0 0.1173 0.115 0.1012 0.092 0.0873 0.0781 0.0736 0.0828 0.0759 0.1611 0.1726 0.1496 0.2026 0.2348 0.1979 0.2163 0.2854 0.244 0.2232 0.3108 0.3089 0.2996 0.2927 0.2833 0.2741 0.2672 0.2602 0.2857 0.3297 0.3089 0.3134 0.3852 0.3528 0.3389 0.4177 0.3968 0.369 0.4316 0.4384 0.406 0.3089 0.3066 0.2973 0.2859 0.2789 0.272 0.2651 0.3389 0.3136 0.3066 0.3897 0.3666 0.3389 0.4127 0.4058 0.3734 0.4104 0.445 0.4058 0.4104
0.0923 0.2992 1.0 0.115 0.1012 0.092 0.0873 0.0781 0.0736 0.0828 0.0759 0.1611 0.1726 0.1496 0.2026 0.2348 0.1979 0.2163 0.2854 0.244 0.2232 0.3108 0.2831 0.2996 0.2927 0.2833 0.2741 0.2672 0.2602 0.2857 0.3297 0.3089 0.3134 0.3852 0.3528 0.3389 0.4177 0.3968 0.369 0.4316 0.4384 0.406 0.4384 0.3066 0.2973 0.2859 0.2789 0.272 0.2651 0.3389 0.3136 0.3066 0.3897 0.3666 0.3389 0.4127 0.4058 0.3734 0.4104 0.445 0.4058 0.4104 0.4727
0.115 0.3108 1.0 0.1012 0.092 0.0873 0.0781 0.0736 0.0828 0.0759 0.1611 0.1726 0.1496 0.2026 0.2348 0.1979 0.2163 0.2854 0.244 0.2232 0.3108 0.2831 0.2486 0.2927 0.2833 0.2741 0.2672 0.2602 0.2857 0.3297 0.3089 0.3134 0.3852 0.3528 0.3389 0.4177 0.3968 0.369 0.4316 0.4384 0.406 0.4384 0.4801 0.2973 0.2859 0.2789 0.272 0.2651 0.3389 0.3136 0.3066 0.3897 0.3666 0.3389 0.4127 0.4058 0.3734 0.4104 0.445 0.4058 0.4104 0.4727 0.4358
0.1687 0.2786 1.0 0.092 0.0873 0.0781 0.0736 0.0828 0.0759 0.1611 0.1726 0.1496 0.2026 0.2348 0.1979 0.2163 0.2854 0.244 0.2232 0.3108 0.2831 0.2486 0.2992 0.2833 0.2741 0.2672 0.2602 0.2857 0.3297 0.3089 0.3134 0.3852 0.3528 0.3389 0.4177 0.3968 0.369 0.4316 0.4384 0.406 0.4384 0.4801 0.4408 0.2859 0.2789 0.272 0.2651 0.3389 0.3136 0.3066 0.3897 0.3666 0.3389 0.4127 0.4058 0.3734 0.4104 0.445 0.4058 0.4104 0.4727 0.4358 0.4197
0.0387 0.2947 1.0 0.0873 0.0781 0.0736 0.0828 0.0759 0.1611 0.1726 0.1496 0.2026 0.2348 0.1979 0.2163 0.2854 0.244 0.2232 0.3108 0.2831 0.2486 0.2992 0.3108 0.2741 0.2672 0.2602 0.2857 0.3297 0.3089 0.3134 0.3852 0.3528 0.3389 0.4177 0.3968 0.369 0.4316 0.4384 0.406 0.4384 0.4801 0.4408 0.4361 0.2789 0.272 0.2651 0.3389 0.3136 0.3066 0.3897 0.3666 0.3389 0.4127 0.4058 0.3734 0.4104 0.445 0.4058 0.4104 0.4727 0.4358 0.4197 0.4773
0.1073 0.32 1.0 0.0781 0.0736 0.0828 0.0759 0.1611 0.1726 0.1496 0.2026 0.2348 0.1979 0.2163 0.2854 0.244 0.2232 0.3108 0.2831 0.2486 0.2992 0.3108 0.2786 0.2672 0.2602 0.2857 0.3297 0.3089 0.3134 0.3852 0.3528 0.3389 0.4177 0.3968 0.369 0.4316 0.4384 0.406 0.4384 0.4801 0.4408 0.4361 0.5079 0.272 0.2651 0.3389 0.3136 0.3066 0.3897 0.3666 0.3389 0.4127 0.4058 0.3734 0.4104 0.445 0.4058 0.4104 0.4727 0.4358 0.4197 0.4773 0.4589
0.0537 0.2923 1.0 0.0736 0.0828 0.0759 0.1611 0.1726 0.1496 0.2026 0.2348 0.1979 0.2163 0.2854 0.244 0.2232 0.3108 0.2831 0.2486 0.2992 0.3108 0.2786 0.2947 0.2602 0.2857 0.3297 0.3089 0.3134 0.3852 0.3528 0.3389 0.4177 0.3968 0.369 0.4316 0.4384 0.406 0.4384 0.4801 0.4408 0.4361 0.5079 0.4778 0.2651 0.3389 0.3136 0.3066 0.3897 0.3666 0.3389 0.4127 0.4058 0.3734 0.4104 0.445 0.4058 0.4104 0.4727 0.4358 0.4197 0.4773 0.4589 0.4427
0.0843 0.2923 1.0 0.0828 0.0759 0.1611 0.1726 0.1496 0.2026 0.2348 0.1979 0.2163 0.2854 0.244 0.2232 0.3108 0.2831 0.2486 0.2992 0.3108 0.2786 0.2947 0.32 0.2857 0.3297 0.3089 0.3134 0.3852 0.3528 0.3389 0.4177 0.3968 0.369 0.4316 0.4384 0.406 0.4384 0.4801 0.4408 0.4361 0.5079 0.4778 0.4593 0.3389 0.3136 0.3066 0.3897 0.3666 0.3389 0.4127 0.4058 0.3734 0.4104 0.445 0.4058 0.4104 0.4727 0.4358 0.4197 0.4773 0.4589 0.4427 0.4727
0.0923 0.3408 1.0 0.0759 0.1611 0.1726 0.1496 0.2026 0.2348 0.1979 0.2163 0.2854 0.244 0.2232 0.3108 0.2831 0.2486 0.2992 0.3108 0.2786 0.2947 0.32 0.2923 0.3297 0.3089 0.3134 0.3852 0.3528 0.3389 0.4177 0.3968 0.369 0.4316 0.4384 0.406 0.4384 0.4801 0.4408 0.4361 0.5079 0.4778 0.4593 0.4893 0.3136 0.3066 0.3897 0.3666 0.3389 0.4127 0.4058 0.3734 0.4104 0.445 0.4058 0.4104 0.4727 0.4358 0.4197 0.4773 0.4589 0.4427 0.4727 0.4934
0.0 0.3453 1.0 0.1611 0.1726 0.1496 0.2026 0.2348 0.1979 0.2163 0.2854 0.244 0.2232 0.3108 0.2831 0.2486 0.2992 0.3108 0.2786 0.2947 0.32 0.2923 0.2923 0.3089 0.3134 0.3852 0.3528 0.3389 0.4177 0.3968 0.369 0.4316 0.4384 0.406 0.4384 0.4801 0.4408 0.4361 0.5079 0.4778 0.4593 0.4893 0.531 0.3066 0.3897 0.3666 0.3389 0.4127 0.4058 0.3734 0.4104 0.445 0.4058 0.4104 0.4727 0.4358 0.4197 0.4773 0.4589 0.4427 0.4727 0.4934 0.4681
0.1617 0.3316 1.0 0.1726 0.1496 0.2026 0.2348 0.1979 0.2163 0.2854 0.244 0.2232 0.3108 0.2831 0.2486 0.2992 0.3108 0.2786 0.2947 0.32 0.2923 0.2923 0.3408 0.3134 0.3852 0.3528 0.3389 0.4177 0.3968 0.369 0.4316 0.4384 0.406 0.4384 0.4801 0.4408 0.4361 0.5079 0.4778 0.4593 0.4893 0.531 0.501 0.3897 0.3666 0.3389 0.4127 0.4058 0.3734 0.4104 0.445 0.4058 0.4104 0.4727 0.4358 0.4197 0.4773 0.4589 0.4427 0.4727 0.4934 0.4681 0.4796
0.015 0.3453 1.0 0.1496 0.2026 0.2348 0.1979 0.2163 0.2854 0.244 0.2232 0.3108 0.2831 0.2486 0.2992 0.3108 0.2786 0.2947 0.32 0.2923 0.2923 0.3408 0.3453 0.3852 0.3528 0.3389 0.4177 0.3968 0.369 0.4316 0.4384 0.406 0.4384 0.4801 0.4408 0.4361 0.5079 0.4778 0.4593 0.4893 0.531 0.501 0.5126 0.3666 0.3389 0.4127 0.4058 0.3734 0.4104 0.445 0.4058 0.4104 0.4727 0.4358 0.4197 0.4773 0.4589 0.4427 0.4727 0.4934 0.4681 0.4796 0.5142
0.0457 0.4076 1.0 0.2026 0.2348 0.1979 0.2163 0.2854 0.244 0.2232 0.3108 0.2831 0.2486 0.2992 0.3108 0.2786 0.2947 0.32 0.2923 0.2923 0.3408 0.3453 0.3316 0.3528 0.3389 0.4177 0.3968 0.369 0.4316 0.4384 0.406 0.4384 0.4801 0.4408 0.4361 0.5079 0.4778 0.4593 0.4893 0.531 0.501 0.5126 0.5658 0.3389 0.4127 0.4058 0.3734 0.4104 0.445 0.4058 0.4104 0.4727 0.4358 0.4197 0.4773 0.4589 0.4427 0.4727 0.4934 0.4681 0.4796 0.5142 0.528
0.0457 0.3868 1.0 0.2348 0.1979 0.2163 0.2854 0.244 0.2232 0.3108 0.2831 0.2486 0.2992 0.3108 0.2786 0.2947 0.32 0.2923 0.2923 0.3408 0.3453 0.3316 0.3453 0.3389 0.4177 0.3968 0.369 0.4316 0.4384 0.406 0.4384 0.4801 0.4408 0.4361 0.5079 0.4778 0.4593 0.4893 0.531 0.501 0.5126 0.5658 0.5519 0.4127 0.4058 0.3734 0.4104 0.445 0.4058 0.4104 0.4727 0.4358 0.4197 0.4773 0.4589 0.4427 0.4727 0.4934 0.4681 0.4796 0.5142 0.528 0.5211
0.2077 0.3753 1.0 0.1979 0.2163 0.2854 0.244 0.2232 0.3108 0.2831 0.2486 0.2992 0.3108 0.2786 0.2947 0.32 0.2923 0.2923 0.3408 0.3453 0.3316 0.3453 0.4076 0.4177 0.3968 0.369 0.4316 0.4384 0.406 0.4384 0.4801 0.4408 0.4361 0.5079 0.4778 0.4593 0.4893 0.531 0.501 0.5126 0.5658 0.5519 0.5472 0.4058 0.3734 0.4104 0.445 0.4058 0.4104 0.4727 0.4358 0.4197 0.4773 0.4589 0.4427 0.4727 0.4934 0.4681 0.4796 0.5142 0.528 0.5211 0.5464
0.0693 0.4352 1.0 0.2163 0.2854 0.244 0.2232 0.3108 0.2831 0.2486 0.2992 0.3108 0.2786 0.2947 0.32 0.2923 0.2923 0.3408 0.3453 0.3316 0.3453 0.4076 0.3868 0.3968 0.369 0.4316 0.4384 0.406 0.4384 0.4801 0.4408 0.4361 0.5079 0.4778 0.4593 0.4893 0.531 0.501 0.5126 0.5658 0.5519 0.5472 0.575 0.3734 0.4104 0.445 0.4058 0.4104 0.4727 0.4358 0.4197 0.4773 0.4589 0.4427 0.4727 0.4934 0.4681 0.4796 0.5142 0.528 0.5211 0.5464 0.5996
0.0383 0.4282 1.0 0.2854 0.244 0.2232 0.3108 0.2831 0.2486 0.2992 0.3108 0.2786 0.2947 0.32 0.2923 0.2923 0.3408 0.3453 0.3316 0.3453 0.4076 0.3868 0.3753 0.369 0.4316 0.4384 0.406 0.4384 0.4801 0.4408 0.4361 0.5079 0.4778 0.4593 0.4893 0.531 0.501 0.5126 0.5658 0.5519 0.5472 0.575 0.6098 0.4104 0.445 0.4058 0.4104 0.4727 0.4358 0.4197 0.4773 0.4589 0.4427 0.4727 0.4934 0.4681 0.4796 0.5142 0.528 0.5211 0.5464 0.5996 0.5627
0.1997 0.4007 1.0 0.244 0.2232 0.3108 0.2831 0.2486 0.2992 0.3108 0.2786 0.2947 0.32 0.2923 0.2923 0.3408 0.3453 0.3316 0.3453 0.4076 0.3868 0.3753 0.4352 0.4316 0.4384 0.406 0.4384 0.4801 0.4408 0.4361 0.5079 0.4778 0.4593 0.4893 0.531 0.501 0.5126 0.5658 0.5519 0.5472 0.575 0.6098 0.5773 0.445 0.4058 0.4104 0.4727 0.4358 0.4197 0.4773 0.4589 0.4427 0.4727 0.4934 0.4681 0.4796 0.5142 0.528 0.5211 0.5464 0.5996 0.5627 0.558
0.0233 0.4374 1.0 0.2232 0.3108 0.2831 0.2486 0.2992 0.3108 0.2786 0.2947 0.32 0.2923 0.2923 0.3408 0.3453 0.3316 0.3453 0.4076 0.3868 0.3753 0.4352 0.4282 0.4384 0.406 0.4384 0.4801 0.4408 0.4361 0.5079 0.4778 0.4593 0.4893 0.531 0.501 0.5126 0.5658 0.5519 0.5472 0.575 0.6098 0.5773 0.5797 0.4058 0.4104 0.4727 0.4358 0.4197 0.4773 0.4589 0.4427 0.4727 0.4934 0.4681 0.4796 0.5142 0.528 0.5211 0.5464 0.5996 0.5627 0.558 0.6272
0.0917 0.4467 1.0 0.3108 0.2831 0.2486 0.2992 0.3108 0.2786 0.2947 0.32 0.2923 0.2923 0.3408 0.3453 0.3316 0.3453 0.4076 0.3868 0.3753 0.4352 0.4282 0.4007 0.406 0.4384 0.4801 0.4408 0.4361 0.5079 0.4778 0.4593 0.4893 0.531 0.501 0.5126 0.5658 0.5519 0.5472 0.575 0.6098 0.5773 0.5797 0.6259 0.4104 0.4727 0.4358 0.4197 0.4773 0.4589 0.4427 0.4727 0.4934 0.4681 0.4796 0.5142 0.528 0.5211 0.5464 0.5996 0.5627 0.558 0.6272 0.5949
0.1223 0.4144 1.0 0.2831 0.2486 0.2992 0.3108 0.2786 0.2947 0.32 0.2923 0.2923 0.3408 0.3453 0.3316 0.3453 0.4076 0.3868 0.3753 0.4352 0.4282 0.4007 0.4374 0.4384 0.4801 0.4408 0.4361 0.5079 0.4778 0.4593 0.4893 0.531 0.501 0.5126 0.5658 0.5519 0.5472 0.575 0.6098 0.5773 0.5797 0.6259 0.5912 0.4727 0.4358 0.4197 0.4773 0.4589 0.4427 0.4727 0.4934 0.4681 0.4796 0.5142 0.528 0.5211 0.5464 0.5996 0.5627 0.558 0.6272 0.5949 0.5742
0.031 0.4374 1.0 0.2486 0.2992 0.3108 0.2786 0.2947 0.32 0.2923 0.2923 0.3408 0.3453 0.3316 0.3453 0.4076 0.3868 0.3753 0.4352 0.4282 0.4007 0.4374 0.4467 0.4801 0.4408 0.4361 0.5079 0.4778 0.4593 0.4893 0.531 0.501 0.5126 0.5658 0.5519 0.5472 0.575 0.6098 0.5773 0.5797 0.6259 0.5912 0.5797 0.4358 0.4197 0.4773 0.4589 0.4427 0.4727 0.4934 0.4681 0.4796 0.5142 0.528 0.5211 0.5464 0.5996 0.5627 0.558 0.6272 0.5949 0.5742 0.6319
0.1077 0.4651 1.0 0.2992 0.3108 0.2786 0.2947 0.32 0.2923 0.2923 0.3408 0.3453 0.3316 0.3453 0.4076 0.3868 0.3753 0.4352 0.4282 0.4007 0.4374 0.4467 0.4144 0.4408 0.4361 0.5079 0.4778 0.4593 0.4893 0.531 0.501 0.5126 0.5658 0.5519 0.5472 0.575 0.6098 0.5773 0.5797 0.6259 0.5912 0.5797 0.6306 0.4197 0.4773 0.4589 0.4427 0.4727 0.4934 0.4681 0.4796 0.5142 0.528 0.5211 0.5464 0.5996 0.5627 0.558 0.6272 0.5949 0.5742 0.6319 0.6088
0.0767 0.4282 1.0 0.3108 0.2786 0.2947 0.32 0.2923 0.2923 0.3408 0.3453 0.3316 0.3453 0.4076 0.3868 0.3753 0.4352 0.4282 0.4007 0.4374 0.4467 0.4144 0.4374 0.4361 0.5079 0.4778 0.4593 0.4893 0.531 0.501 0.5126 0.5658 0.5519 0.5472 0.575 0.6098 0.5773 0.5797 0.6259 0.5912 0.5797 0.6306 0.5981 0.4773 0.4589 0.4427 0.4727 0.4934 0.4681 0.4796 0.5142 0.528 0.5211 0.5464 0.5996 0.5627 0.558 0.6272 0.5949 0.5742 0.6319 0.6088 0.5811
0.0923 0.4421 1.0 0.2786 0.2947 0.32 0.2923 0.2923 0.3408 0.3453 0.3316 0.3453 0.4076 0.3868 0.3753 0.4352 0.4282 0.4007 0.4374 0.4467 0.4144 0.4374 0.4651 0.5079 0.4778 0.4593 0.4893 0.531 0.501 0.5126 0.5658 0.5519 0.5472 0.575 0.6098 0.5773 0.5797 0.6259 0.5912 0.5797 0.6306 0.5981 0.5866 0.4589 0.4427 0.4727 0.4934 0.4681 0.4796 0.5142 0.528 0.5211 0.5464 0.5996 0.5627 0.558 0.6272 0.5949 0.5742 0.6319 0.6088 0.5811 0.6341
0.123 0.4904 1.0 0.2947 0.32 0.2923 0.2923 0.3408 0.3453 0.3316 0.3453 0.4076 0.3868 0.3753 0.4352 0.4282 0.4007 0.4374 0.4467 0.4144 0.4374 0.4651 0.4282 0.4778 0.4593 0.4893 0.531 0.501 0.5126 0.5658 0.5519 0.5472 0.575 0.6098 0.5773 0.5797 0.6259 0.5912 0.5797 0.6306 0.5981 0.5866 0.6329 0.4427 0.4727 0.4934 0.4681 0.4796 0.5142 0.528 0.5211 0.5464 0.5996 0.5627 0.558 0.6272 0.5949 0.5742 0.6319 0.6088 0.5811 0.6341 0.6203
0.0463 0.449 1.0 0.32 0.2923 0.2923 0.3408 0.3453 0.3316 0.3453 0.4076 0.3868 0.3753 0.4352 0.4282 0.4007 0.4374 0.4467 0.4144 0.4374 0.4651 0.4282 0.4421 0.4593 0.4893 0.531 0.501 0.5126 0.5658 0.5519 0.5472 0.575 0.6098 0.5773 0.5797 0.6259 0.5912 0.5797 0.6306 0.5981 0.5866 0.6329 0.6167 0.4727 0.4934 0.4681 0.4796 0.5142 0.528 0.5211 0.5464 0.5996 0.5627 0.558 0.6272 0.5949 0.5742 0.6319 0.6088 0.5811 0.6341 0.6203 0.5903
0.161 0.4559 1.0 0.2923 0.2923 0.3408 0.3453 0.3316 0.3453 0.4076 0.3868 0.3753 0.4352 0.4282 0.4007 0.4374 0.4467 0.4144 0.4374 0.4651 0.4282 0.4421 0.4904 0.4893 0.531 0.501 0.5126 0.5658 0.5519 0.5472 0.575 0.6098 0.5773 0.5797 0.6259 0.5912 0.5797 0.6306 0.5981 0.5866 0.6329 0.6167 0.6028 0.4934 0.4681 0.4796 0.5142 0.528 0.5211 0.5464 0.5996 0.5627 0.558 0.6272 0.5949 0.5742 0.6319 0.6088 0.5811 0.6341 0.6203 0.5903 0.6319
0.138 0.5158 1.0 0.2923 0.3408 0.3453 0.3316 0.3453 0.4076 0.3868 0.3753 0.4352 0.4282 0.4007 0.4374 0.4467 0.4144 0.4374 0.4651 0.4282 0.4421 0.4904 0.449 0.531 0.501 0.5126 0.5658 0.5519 0.5472 0.575 0.6098 0.5773 0.5797 0.6259 0.5912 0.5797 0.6306 0.5981 0.5866 0.6329 0.6167 0.6028 0.6468 0.4681 0.4796 0.5142 0.528 0.5211 0.5464 0.5996 0.5627 0.558 0.6272 0.5949 0.5742 0.6319 0.6088 0.5811 0.6341 0.6203 0.5903 0.6319 0.6364
0.023 0.4698 1.0 0.3408 0.3453 0.3316 0.3453 0.4076 0.3868 0.3753 0.4352 0.4282 0.4007 0.4374 0.4467 0.4144 0.4374 0.4651 0.4282 0.4421 0.4904 0.449 0.4559 0.501 0.5126 0.5658 0.5519 0.5472 0.575 0.6098 0.5773 0.5797 0.6259 0.5912 0.5797 0.6306 0.5981 0.5866 0.6329 0.6167 0.6028 0.6468 0.6374 0.4796 0.5142 0.528 0.5211 0.5464 0.5996 0.5627 0.558 0.6272 0.5949 0.5742 0.6319 0.6088 0.5811 0.6341 0.6203 0.5903 0.6319 0.6364 0.6041
0.1997 0.4651 1.0 0.3453 0.3316 0.3453 0.4076 0.3868 0.3753 0.4352 0.4282 0.4007 0.4374 0.4467 0.4144 0.4374 0.4651 0.4282 0.4421 0.4904 0.449 0.4559 0.5158 0.5126 0.5658 0.5519 0.5472 0.575 0.6098 0.5773 0.5797 0.6259 0.5912 0.5797 0.6306 0.5981 0.5866 0.6329 0.6167 0.6028 0.6468 0.6374 0.6236 0.5142 0.528 0.5211 0.5464 0.5996 0.5627 0.558 0.6272 0.5949 0.5742 0.6319 0.6088 0.5811 0.6341 0.6203 0.5903 0.6319 0.6364 0.6041 0.6341
0.1533 0.5342 1.0 0.3316 0.3453 0.4076 0.3868 0.3753 0.4352 0.4282 0.4007 0.4374 0.4467 0.4144 0.4374 0.4651 0.4282 0.4421 0.4904 0.449 0.4559 0.5158 0.4698 0.5658 0.5519 0.5472 0.575 0.6098 0.5773 0.5797 0.6259 0.5912 0.5797 0.6306 0.5981 0.5866 0.6329 0.6167 0.6028 0.6468 0.6374 0.6236 0.663 0.528 0.5211 0.5464 0.5996 0.5627 0.558 0.6272 0.5949 0.5742 0.6319 0.6088 0.5811 0.6341 0.6203 0.5903 0.6319 0.6364 0.6041 0.6341 0.6641
0.0157 0.4859 1.0 0.3453 0.4076 0.3868 0.3753 0.4352 0.4282 0.4007 0.4374 0.4467 0.4144 0.4374 0.4651 0.4282 0.4421 0.4904 0.449 0.4559 0.5158 0.4698 0.4651 0.5519 0.5472 0.575 0.6098 0.5773 0.5797 0.6259 0.5912 0.5797 0.6306 0.5981 0.5866 0.6329 0.6167 0.6028 0.6468 0.6374 0.6236 0.663 0.663 0.5211 0.5464 0.5996 0.5627 0.558 0.6272 0.5949 0.5742 0.6319 0.6088 0.5811 0.6341 0.6203 0.5903 0.6319 0.6364 0.6041 0.6341 0.6641 0.6249
0.2303 0.4606 1.0 0.4076 0.3868 0.3753 0.4352 0.4282 0.4007 0.4374 0.4467 0.4144 0.4374 0.4651 0.4282 0.4421 0.4904 0.449 0.4559 0.5158 0.4698 0.4651 0.5342 0.5472 0.575 0.6098 0.5773 0.5797 0.6259 0.5912 0.5797 0.6306 0.5981 0.5866 0.6329 0.6167 0.6028 0.6468 0.6374 0.6236 0.663 0.663 0.6352 0.5464 0.5996 0.5627 0.558 0.6272 0.5949 0.5742 0.6319 0.6088 0.5811 0.6341 0.6203 0.5903 0.6319 0.6364 0.6041 0.6341 0.6641 0.6249 0.6433
0.161 0.5319 1.0 0.3868 0.3753 0.4352 0.4282 0.4007 0.4374 0.4467 0.4144 0.4374 0.4651 0.4282 0.4421 0.4904 0.449 0.4559 0.5158 0.4698 0.4651 0.5342 0.4859 0.575 0.6098 0.5773 0.5797 0.6259 0.5912 0.5797 0.6306 0.5981 0.5866 0.6329 0.6167 0.6028 0.6468 0.6374 0.6236 0.663 0.663 0.6352 0.6652 0.5996 0.5627 0.558 0.6272 0.5949 0.5742 0.6319 0.6088 0.5811 0.6341 0.6203 0.5903 0.6319 0.6364 0.6041 0.6341 0.6641 0.6249 0.6433 0.6988
0.0843 0.502 1.0 0.3753 0.4352 0.4282 0.4007 0.4374 0.4467 0.4144 0.4374 0.4651 0.4282 0.4421 0.4904 0.449 0.4559 0.5158 0.4698 0.4651 0.5342 0.4859 0.4606 0.6098 0.5773 0.5797 0.6259 0.5912 0.5797 0.6306 0.5981 0.5866 0.6329 0.6167 0.6028 0.6468 0.6374 0.6236 0.663 0.663 0.6352 0.6652 0.6769 0.5627 0.558 0.6272 0.5949 0.5742 0.6319 0.6088 0.5811 0.6341 0.6203 0.5903 0.6319 0.6364 0.6041 0.6341 0.6641 0.6249 0.6433 0.6988 0.6526
0.2377 0.4698 1.0 0.4352 0.4282 0.4007 0.4374 0.4467 0.4144 0.4374 0.4651 0.4282 0.4421 0.4904 0.449 0.4559 0.5158 0.4698 0.4651 0.5342 0.4859 0.4606 0.5319 0.5773 0.5797 0.6259 0.5912 0.5797 0.6306 0.5981 0.5866 0.6329 0.6167 0.6028 0.6468 0.6374 0.6236 0.663 0.663 0.6352 0.6652 0.6769 0.6444 0.558 0.6272 0.5949 0.5742 0.6319 0.6088 0.5811 0.6341 0.6203 0.5903 0.6319 0.6364 0.6041 0.6341 0.6641 0.6249 0.6433 0.6988 0.6526 0.6549
0.0997 0.5366 1.0 0.4282 0.4007 0.4374 0.4467 0.4144 0.4374 0.4651 0.4282 0.4421 0.4904 0.449 0.4559 0.5158 0.4698 0.4651 0.5342 0.4859 0.4606 0.5319 0.502 0.5797 0.6259 0.5912 0.5797 0.6306 0.5981 0.5866 0.6329 0.6167 0.6028 0.6468 0.6374 0.6236 0.663 0.663 0.6352 0.6652 0.6769 0.6444 0.6607 0.6272 0.5949 0.5742 0.6319 0.6088 0.5811 0.6341 0.6203 0.5903 0.6319 0.6364 0.6041 0.6341 0.6641 0.6249 0.6433 0.6988 0.6526 0.6549 0.7172
0.1073 0.5227 1.0 0.4007 0.4374 0.4467 0.4144 0.4374 0.4651 0.4282 0.4421 0.4904 0.449 0.4559 0.5158 0.4698 0.4651 0.5342 0.4859 0.4606 0.5319 0.502 0.4698 0.6259 0.5912 0.5797 0.6306 0.5981 0.5866 0.6329 0.6167 0.6028 0.6468 0.6374 0.6236 0.663 0.663 0.6352 0.6652 0.6769 0.6444 0.6607 0.7069 0.5949 0.5742 0.6319 0.6088 0.5811 0.6341 0.6203 0.5903 0.6319 0.6364 0.6041 0.6341 0.6641 0.6249 0.6433 0.6988 0.6526 0.6549 0.7172 0.6688
0.2227 0.4767 1.0 0.4374 0.4467 0.4144 0.4374 0.4651 0.4282 0.4421 0.4904 0.449 0.4559 0.5158 0.4698 0.4651 0.5342 0.4859 0.4606 0.5319 0.502 0.4698 0.5366 0.5912 0.5797 0.6306 0.5981 0.5866 0.6329 0.6167 0.6028 0.6468 0.6374 0.6236 0.663 0.663 0.6352 0.6652 0.6769 0.6444 0.6607 0.7069 0.6652 0.5742 0.6319 0.6088 0.5811 0.6341 0.6203 0.5903 0.6319 0.6364 0.6041 0.6341 0.6641 0.6249 0.6433 0.6988 0.6526 0.6549 0.7172 0.6688 0.6457
0.0463 0.5181 1.0 0.4467 0.4144 0.4374 0.4651 0.4282 0.4421 0.4904 0.449 0.4559 0.5158 0.4698 0.4651 0.5342 0.4859 0.4606 0.5319 0.502 0.4698 0.5366 0.5227 0.5797 0.6306 0.5981 0.5866 0.6329 0.6167 0.6028 0.6468 0.6374 0.6236 0.663 0.663 0.6352 0.6652 0.6769 0.6444 0.6607 0.7069 0.6652 0.663 0.6319 0.6088 0.5811 0.6341 0.6203 0.5903 0.6319 0.6364 0.6041 0.6341 0.6641 0.6249 0.6433 0.6988 0.6526 0.6549 0.7172 0.6688 0.6457 0.7218
0.1533 0.5342 1.0 0.4144 0.4374 0.4651 0.4282 0.4421 0.4904 0.449 0.4559 0.5158 0.4698 0.4651 0.5342 0.4859 0.4606 0.5319 0.502 0.4698 0.5366 0.5227 0.4767 0.6306 0.5981 0.5866 0.6329 0.6167 0.6028 0.6468 0.6374 0.6236 0.663 0.663 0.6352 0.6652 0.6769 0.6444 0.6607 0.7069 0.6652 0.663 0.7186 0.6088 0.5811 0.6341 0.6203 0.5903 0.6319 0.6364 0.6041 0.6341 0.6641 0.6249 0.6433 0.6988 0.6526 0.6549 0.7172 0.6688 0.6457 0.7218 0.6826
0.138 0.4812 1.0 0.4374 0.4651 0.4282 0.4421 0.4904 0.449 0.4559 0.5158 0.4698 0.4651 0.5342 0.4859 0.4606 0.5319 0.502 0.4698 0.5366 0.5227 0.4767 0.5181 0.5981 0.5866 0.6329 0.6167 0.6028 0.6468 0.6374 0.6236 0.663 0.663 0.6352 0.6652 0.6769 0.6444 0.6607 0.7069 0.6652 0.663 0.7186 0.6769 0.5811 0.6341 0.6203 0.5903 0.6319 0.6364 0.6041 0.6341 0.6641 0.6249 0.6433 0.6988 0.6526 0.6549 0.7172 0.6688 0.6457 0.7218 0.6826 0.6457
0.0537 0.4881 1.0 0.4651 0.4282 0.4421 0.4904 0.449 0.4559 0.5158 0.4698 0.4651 0.5342 0.4859 0.4606 0.5319 0.502 0.4698 0.5366 0.5227 0.4767 0.5181 0.5342 0.5866 0.6329 0.6167 0.6028 0.6468 0.6374 0.6236 0.663 0.663 0.6352 0.6652 0.6769 0.6444 0.6607 0.7069 0.6652 0.663 0.7186 0.6769 0.6513 0.6341 0.6203 0.5903 0.6319 0.6364 0.6041 0.6341 0.6641 0.6249 0.6433 0.6988 0.6526 0.6549 0.7172 0.6688 0.6457 0.7218 0.6826 0.6457 0.7102
0.1767 0.5319 1.0 0.4282 0.4421 0.4904 0.449 0.4559 0.5158 0.4698 0.4651 0.5342 0.4859 0.4606 0.5319 0.502 0.4698 0.5366 0.5227 0.4767 0.5181 0.5342 0.4812 0.6329 0.6167 0.6028 0.6468 0.6374 0.6236 0.663 0.663 0.6352 0.6652 0.6769 0.6444 0.6607 0.7069 0.6652 0.663 0.7186 0.6769 0.6513 0.7186 0.6203 0.5903 0.6319 0.6364 0.6041 0.6341 0.6641 0.6249 0.6433 0.6988 0.6526 0.6549 0.7172 0.6688 0.6457 0.7218 0.6826 0.6457 0.7102 0.6896
0.023 0.4812 1.0 0.4421 0.4904 0.449 0.4559 0.5158 0.4698 0.4651 0.5342 0.4859 0.4606 0.5319 0.502 0.4698 0.5366 0.5227 0.4767 0.5181 0.5342 0.4812 0.4881 0.6167 0.6028 0.6468 0.6374 0.6236 0.663 0.663 0.6352 0.6652 0.6769 0.6444 0.6607 0.7069 0.6652 0.663 0.7186 0.6769 0.6513 0.7186 0.6814 0.5903 0.6319 0.6364 0.6041 0.6341 0.6641 0.6249 0.6433 0.6988 0.6526 0.6549 0.7172 0.6688 0.6457 0.7218 0.6826 0.6457 0.7102 0.6896 0.6433
0.146 0.4606 1.0 0.4904 0.449 0.4559 0.5158 0.4698 0.4651 0.5342 0.4859 0.4606 0.5319 0.502 0.4698 0.5366 0.5227 0.4767 0.5181 0.5342 0.4812 0.4881 0.5319 0.6028 0.6468 0.6374 0.6236 0.663 0.663 0.6352 0.6652 0.6769 0.6444 0.6607 0.7069 0.6652 0.663 0.7186 0.6769 0.6513 0.7186 0.6814 0.6468 0.6319 0.6364 0.6041 0.6341 0.6641 0.6249 0.6433 0.6988 0.6526 0.6549 0.7172 0.6688 0.6457 0.7218 0.6826 0.6457 0.7102 0.6896 0.6433 0.6757
0.169 0.525 1.0 0.449 0.4559 0.5158 0.4698 0.4651 0.5342 0.4859 0.4606 0.5319 0.502 0.4698 0.5366 0.5227 0.4767 0.5181 0.5342 0.4812 0.4881 0.5319 0.4812 0.6468 0.6374 0.6236 0.663 0.663 0.6352 0.6652 0.6769 0.6444 0.6607 0.7069 0.6652 0.663 0.7186 0.6769 0.6513 0.7186 0.6814 0.6468 0.6953 0.6364 0.6041 0.6341 0.6641 0.6249 0.6433 0.6988 0.6526 0.6549 0.7172 0.6688 0.6457 0.7218 0.6826 0.6457 0.7102 0.6896 0.6433 0.6757 0.6872
0.0687 0.4812 1.0 0.4559 0.5158 0.4698 0.4651 0.5342 0.4859 0.4606 0.5319 0.502 0.4698 0.5366 0.5227 0.4767 0.5181 0.5342 0.4812 0.4881 0.5319 0.4812 0.4606 0.6374 0.6236 0.663 0.663 0.6352 0.6652 0.6769 0.6444 0.6607 0.7069 0.6652 0.663 0.7186 0.6769 0.6513 0.7186 0.6814 0.6468 0.6953 0.6861 0.6041 0.6341 0.6641 0.6249 0.6433 0.6988 0.6526 0.6549 0.7172 0.6688 0.6457 0.7218 0.6826 0.6457 0.7102 0.6896 0.6433 0.6757 0.6872 0.6411
0.2147 0.4443 1.0 0.5158 0.4698 0.4651 0.5342 0.4859 0.4606 0.5319 0.502 0.4698 0.5366 0.5227 0.4767 0.5181 0.5342 0.4812 0.4881 0.5319 0.4812 0.4606 0.525 0.6236 0.663 0.663 0.6352 0.6652 0.6769 0.6444 0.6607 0.7069 0.6652 0.663 0.7186 0.6769 0.6513 0.7186 0.6814 0.6468 0.6953 0.6861 0.6468 0.6341 0.6641 0.6249 0.6433 0.6988 0.6526 0.6549 0.7172 0.6688 0.6457 0.7218 0.6826 0.6457 0.7102 0.6896 0.6433 0.6757 0.6872 0.6411 0.6364
0.146 0.4997 1.0 0.4698 0.4651 0.5342 0.4859 0.4606 0.5319 0.502 0.4698 0.5366 0.5227 0.4767 0.5181 0.5342 0.4812 0.4881 0.5319 0.4812 0.4606 0.525 0.4812 0.663 0.663 0.6352 0.6652 0.6769 0.6444 0.6607 0.7069 0.6652 0.663 0.7186 0.6769 0.6513 0.7186 0.6814 0.6468 0.6953 0.6861 0.6468 0.6652 0.6641 0.6249 0.6433 0.6988 0.6526 0.6549 0.7172 0.6688 0.6457 0.7218 0.6826 0.6457 0.7102 0.6896 0.6433 0.6757 0.6872 0.6411 0.6364 0.6826
0.123 0.4743 1.0 0.4651 0.5342 0.4859 0.4606 0.5319 0.502 0.4698 0.5366 0.5227 0.4767 0.5181 0.5342 0.4812 0.4881 0.5319 0.4812 0.4606 0.525 0.4812 0.4443 0.663 0.6352 0.6652 0.6769 0.6444 0.6607 0.7069 0.6652 0.663 0.7186 0.6769 0.6513 0.7186 0.6814 0.6468 0.6953 0.6861 0.6468 0.6652 0.693 0.6249 0.6433 0.6988 0.6526 0.6549 0.7172 0.6688 0.6457 0.7218 0.6826 0.6457 0.7102 0.6896 0.6433 0.6757 0.6872 0.6411 0.6364 0.6826 0.6388
0.1847 0.4421 1.0 0.5342 0.4859 0.4606 0.5319 0.502 0.4698 0.5366 0.5227 0.4767 0.5181 0.5342 0.4812 0.4881 0.5319 0.4812 0.4606 0.525 0.4812 0.4443 0.4997 0.6352 0.6652 0.6769 0.6444 0.6607 0.7069 0.6652 0.663 0.7186 0.6769 0.6513 0.7186 0.6814 0.6468 0.6953 0.6861 0.6468 0.6652 0.693 0.6491 0.6433 0.6988 0.6526 0.6549 0.7172 0.6688 0.6457 0.7218 0.6826 0.6457 0.7102 0.6896 0.6433 0.6757 0.6872 0.6411 0.6364 0.6826 0.6388 0.6111
0.0847 0.4121 1.0 0.4859 0.4606 0.5319 0.502 0.4698 0.5366 0.5227 0.4767 0.5181 0.5342 0.4812 0.4881 0.5319 0.4812 0.4606 0.525 0.4812 0.4443 0.4997 0.4743 0.6652 0.6769 0.6444 0.6607 0.7069 0.6652 0.663 0.7186 0.6769 0.6513 0.7186 0.6814 0.6468 0.6953 0.6861 0.6468 0.6652 0.693 0.6491 0.6444 0.6988 0.6526 0.6549 0.7172 0.6688 0.6457 0.7218 0.6826 0.6457 0.7102 0.6896 0.6433 0.6757 0.6872 0.6411 0.6364 0.6826 0.6388 0.6111 0.6618
0.1073 0.3891 1.0 0.4606 0.5319 0.502 0.4698 0.5366 0.5227 0.4767 0.5181 0.5342 0.4812 0.4881 0.5319 0.4812 0.4606 0.525 0.4812 0.4443 0.4997 0.4743 0.4421 0.6769 0.6444 0.6607 0.7069 0.6652 0.663 0.7186 0.6769 0.6513 0.7186 0.6814 0.6468 0.6953 0.6861 0.6468 0.6652 0.693 0.6491 0.6444 0.6861 0.6526 0.6549 0.7172 0.6688 0.6457 0.7218 0.6826 0.6457 0.7102 0.6896 0.6433 0.6757 0.6872 0.6411 0.6364 0.6826 0.6388 0.6111 0.6618 0.6341
0.1 0.3776 1.0 0.5319 0.502 0.4698 0.5366 0.5227 0.4767 0.5181 0.5342 0.4812 0.4881 0.5319 0.4812 0.4606 0.525 0.4812 0.4443 0.4997 0.4743 0.4421 0.4121 0.6444 0.6607 0.7069 0.6652 0.663 0.7186 0.6769 0.6513 0.7186 0.6814 0.6468 0.6953 0.6861 0.6468 0.6652 0.693 0.6491 0.6444 0.6861 0.656 0.6549 0.7172 0.6688 0.6457 0.7218 0.6826 0.6457 0.7102 0.6896 0.6433 0.6757 0.6872 0.6411 0.6364 0.6826 0.6388 0.6111 0.6618 0.6341 0.6088
0.0767 0.3522 1.0 0.502 0.4698 0.5366 0.5227 0.4767 0.5181 0.5342 0.4812 0.4881 0.5319 0.4812 0.4606 0.525 0.4812 0.4443 0.4997 0.4743 0.4421 0.4121 0.3891 0.6607 0.7069 0.6652 0.663 0.7186 0.6769 0.6513 0.7186 0.6814 0.6468 0.6953 0.6861 0.6468 0.6652 0.693 0.6491 0.6444 0.6861 0.656 0.6236 0.7172 0.6688 0.6457 0.7218 0.6826 0.6457 0.7102 0.6896 0.6433 0.6757 0.6872 0.6411 0.6364 0.6826 0.6388 0.6111 0.6618 0.6341 0.6088 0.5834
0.0383 0.3338 1.0 0.4698 0.5366 0.5227 0.4767 0.5181 0.5342 0.4812 0.4881 0.5319 0.4812 0.4606 0.525 0.4812 0.4443 0.4997 0.4743 0.4421 0.4121 0.3891 0.3776 0.7069 0.6652 0.663 0.7186 0.6769 0.6513 0.7186 0.6814 0.6468 0.6953 0.6861 0.6468 0.6652 0.693 0.6491 0.6444 0.6861 0.656 0.6236 0.5936 0.6688 0.6457 0.7218 0.6826 0.6457 0.7102 0.6896 0.6433 0.6757 0.6872 0.6411 0.6364 0.6826 0.6388 0.6111 0.6618 0.6341 0.6088 0.5834 0.5672
0.0847 0.3223 1.0 0.5366 0.5227 0.4767 0.5181 0.5342 0.4812 0.4881 0.5319 0.4812 0.4606 0.525 0.4812 0.4443 0.4997 0.4743 0.4421 0.4121 0.3891 0.3776 0.3522 0.6652 0.663 0.7186 0.6769 0.6513 0.7186 0.6814 0.6468 0.6953 0.6861 0.6468 0.6652 0.693 0.6491 0.6444 0.6861 0.656 0.6236 0.5936 0.575 0.6457 0.7218 0.6826 0.6457 0.7102 0.6896 0.6433 0.6757 0.6872 0.6411 0.6364 0.6826 0.6388 0.6111 0.6618 0.6341 0.6088 0.5834 0.5672 0.5534
0.0613 0.3062 1.0 0.5227 0.4767 0.5181 0.5342 0.4812 0.4881 0.5319 0.4812 0.4606 0.525 0.4812 0.4443 0.4997 0.4743 0.4421 0.4121 0.3891 0.3776 0.3522 0.3338 0.663 0.7186 0.6769 0.6513 0.7186 0.6814 0.6468 0.6953 0.6861 0.6468 0.6652 0.693 0.6491 0.6444 0.6861 0.656 0.6236 0.5936 0.575 0.5542 0.7218 0.6826 0.6457 0.7102 0.6896 0.6433 0.6757 0.6872 0.6411 0.6364 0.6826 0.6388 0.6111 0.6618 0.6341 0.6088 0.5834 0.5672 0.5534 0.5327
0.0383 0.2831 1.0 0.4767 0.5181 0.5342 0.4812 0.4881 0.5319 0.4812 0.4606 0.525 0.4812 0.4443 0.4997 0.4743 0.4421 0.4121 0.3891 0.3776 0.3522 0.3338 0.3223 0.7186 0.6769 0.6513 0.7186 0.6814 0.6468 0.6953 0.6861 0.6468 0.6652 0.693 0.6491 0.6444 0.6861 0.656 0.6236 0.5936 0.575 0.5542 0.5287 0.6826 0.6457 0.7102 0.6896 0.6433 0.6757 0.6872 0.6411 0.6364 0.6826 0.6388 0.6111 0.6618 0.6341 0.6088 0.5834 0.5672 0.5534 0.5327 0.5142
0.0537 0.2762 1.0 0.5181 0.5342 0.4812 0.4881 0.5319 0.4812 0.4606 0.525 0.4812 0.4443 0.4997 0.4743 0.4421 0.4121 0.3891 0.3776 0.3522 0.3338 0.3223 0.3062 0.6769 0.6513 0.7186 0.6814 0.6468 0.6953 0.6861 0.6468 0.6652 0.693 0.6491 0.6444 0.6861 0.656 0.6236 0.5936 0.575 0.5542 0.5287 0.5126 0.6457 0.7102 0.6896 0.6433 0.6757 0.6872 0.6411 0.6364 0.6826 0.6388 0.6111 0.6618 0.6341 0.6088 0.5834 0.5672 0.5534 0.5327 0.5142 0.505
0.077 0.2624 1.0 0.5342 0.4812 0.4881 0.5319 0.4812 0.4606 0.525 0.4812 0.4443 0.4997 0.4743 0.4421 0.4121 0.3891 0.3776 0.3522 0.3338 0.3223 0.3062 0.2831 0.6513 0.7186 0.6814 0.6468 0.6953 0.6861 0.6468 0.6652 0.693 0.6491 0.6444 0.6861 0.656 0.6236 0.5936 0.575 0.5542 0.5287 0.5126 0.501 0.7102 0.6896 0.6433 0.6757 0.6872 0.6411 0.6364 0.6826 0.6388 0.6111 0.6618 0.6341 0.6088 0.5834 0.5672 0.5534 0.5327 0.5142 0.505 0.4842
0.023 0.2417 1.0 0.4812 0.4881 0.5319 0.4812 0.4606 0.525 0.4812 0.4443 0.4997 0.4743 0.4421 0.4121 0.3891 0.3776 0.3522 0.3338 0.3223 0.3062 0.2831 0.2762 0.7186 0.6814 0.6468 0.6953 0.6861 0.6468 0.6652 0.693 0.6491 0.6444 0.6861 0.656 0.6236 0.5936 0.575 0.5542 0.5287 0.5126 0.501 0.4778 0.6896 0.6433 0.6757 0.6872 0.6411 0.6364 0.6826 0.6388 0.6111 0.6618 0.6341 0.6088 0.5834 0.5672 0.5534 0.5327 0.5142 0.505 0.4842 0.4658
0.046 0.2371 1.0 0.4881 0.5319 0.4812 0.4606 0.525 0.4812 0.4443 0.4997 0.4743 0.4421 0.4121 0.3891 0.3776 0.3522 0.3338 0.3223 0.3062 0.2831 0.2762 0.2624 0.6814 0.6468 0.6953 0.6861 0.6468 0.6652 0.693 0.6491 0.6444 0.6861 0.656 0.6236 0.5936 0.575 0.5542 0.5287 0.5126 0.501 0.4778 0.4616 0.6433 0.6757 0.6872 0.6411 0.6364 0.6826 0.6388 0.6111 0.6618 0.6341 0.6088 0.5834 0.5672 0.5534 0.5327 0.5142 0.505 0.4842 0.4658 0.4611
0.069 0.2324 1.0 0.5319 0.4812 0.4606 0.525 0.4812 0.4443 0.4997 0.4743 0.4421 0.4121 0.3891 0.3776 0.3522 0.3338 0.3223 0.3062 0.2831 0.2762 0.2624 0.2417 0.6468 0.6953 0.6861 0.6468 0.6652 0.693 0.6491 0.6444 0.6861 0.656 0.6236 0.5936 0.575 0.5542 0.5287 0.5126 0.501 0.4778 0.4616 0.4547 0.6757 0.6872 0.6411 0.6364 0.6826 0.6388 0.6111 0.6618 0.6341 0.6088 0.5834 0.5672 0.5534 0.5327 0.5142 0.505 0.4842 0.4658 0.4611 0.4427
0.0153 0.2118 1.0 0.4812 0.4606 0.525 0.4812 0.4443 0.4997 0.4743 0.4421 0.4121 0.3891 0.3776 0.3522 0.3338 0.3223 0.3062 0.2831 0.2762 0.2624 0.2417 0.2371 0.6953 0.6861 0.6468 0.6652 0.693 0.6491 0.6444 0.6861 0.656 0.6236 0.5936 0.575 0.5542 0.5287 0.5126 0.501 0.4778 0.4616 0.4547 0.4361 0.6872 0.6411 0.6364 0.6826 0.6388 0.6111 0.6618 0.6341 0.6088 0.5834 0.5672 0.5534 0.5327 0.5142 0.505 0.4842 0.4658 0.4611 0.4427 0.4266
0.0157 0.2049 1.0 0.4606 0.525 0.4812 0.4443 0.4997 0.4743 0.4421 0.4121 0.3891 0.3776 0.3522 0.3338 0.3223 0.3062 0.2831 0.2762 0.2624 0.2417 0.2371 0.2324 0.6861 0.6468 0.6652 0.693 0.6491 0.6444 0.6861 0.656 0.6236 0.5936 0.575 0.5542 0.5287 0.5126 0.501 0.4778 0.4616 0.4547 0.4361 0.4199 0.6411 0.6364 0.6826 0.6388 0.6111 0.6618 0.6341 0.6088 0.5834 0.5672 0.5534 0.5327 0.5142 0.505 0.4842 0.4658 0.4611 0.4427 0.4266 0.4266
0.0687 0.2071 1.0 0.525 0.4812 0.4443 0.4997 0.4743 0.4421 0.4121 0.3891 0.3776 0.3522 0.3338 0.3223 0.3062 0.2831 0.2762 0.2624 0.2417 0.2371 0.2324 0.2118 0.6468 0.6652 0.693 0.6491 0.6444 0.6861 0.656 0.6236 0.5936 0.575 0.5542 0.5287 0.5126 0.501 0.4778 0.4616 0.4547 0.4361 0.4199 0.4199 0.6364 0.6826 0.6388 0.6111 0.6618 0.6341 0.6088 0.5834 0.5672 0.5534 0.5327 0.5142 0.505 0.4842 0.4658 0.4611 0.4427 0.4266 0.4266 0.415
0.023 0.1887 1.0 0.4812 0.4443 0.4997 0.4743 0.4421 0.4121 0.3891 0.3776 0.3522 0.3338 0.3223 0.3062 0.2831 0.2762 0.2624 0.2417 0.2371 0.2324 0.2118 0.2049 0.6652 0.693 0.6491 0.6444 0.6861 0.656 0.6236 0.5936 0.575 0.5542 0.5287 0.5126 0.501 0.4778 0.4616 0.4547 0.4361 0.4199 0.4199 0.4038 0.6826 0.6388 0.6111 0.6618 0.6341 0.6088 0.5834 0.5672 0.5534 0.5327 0.5142 0.505 0.4842 0.4658 0.4611 0.4427 0.4266 0.4266 0.415 0.3942
0.0073 0.1772 1.0 0.4443 0.4997 0.4743 0.4421 0.4121 0.3891 0.3776 0.3522 0.3338 0.3223 0.3062 0.2831 0.2762 0.2624 0.2417 0.2371 0.2324 0.2118 0.2049 0.2071 0.693 0.6491 0.6444 0.6861 0.656 0.6236 0.5936 0.575 0.5542 0.5287 0.5126 0.501 0.4778 0.4616 0.4547 0.4361 0.4199 0.4199 0.4038 0.3876 0.6388 0.6111 0.6618 0.6341 0.6088 0.5834 0.5672 0.5534 0.5327 0.5142 0.505 0.4842 0.4658 0.4611 0.4427 0.4266 0.4266 0.415 0.3942 0.3942
0.0613 0.1796 1.0 0.4997 0.4743 0.4421 0.4121 0.3891 0.3776 0.3522 0.3338 0.3223 0.3062 0.2831 0.2762 0.2624 0.2417 0.2371 0.2324 0.2118 0.2049 0.2071 0.1887 0.6491 0.6444 0.6861 0.656 0.6236 0.5936 0.575 0.5542 0.5287 0.5126 0.501 0.4778 0.4616 0.4547 0.4361 0.4199 0.4199 0.4038 0.3876 0.3852 0.6111 0.6618 0.6341 0.6088 0.5834 0.5672 0.5534 0.5327 0.5142 0.505 0.4842 0.4658 0.4611 0.4427 0.4266 0.4266 0.415 0.3942 0.3942 0.3919
0.0383 0.1657 1.0 0.4743 0.4421 0.4121 0.3891 0.3776 0.3522 0.3338 0.3223 0.3062 0.2831 0.2762 0.2624 0.2417 0.2371 0.2324 0.2118 0.2049 0.2071 0.1887 0.1772 0.6444 0.6861 0.656 0.6236 0.5936 0.575 0.5542 0.5287 0.5126 0.501 0.4778 0.4616 0.4547 0.4361 0.4199 0.4199 0.4038 0.3876 0.3852 0.3783 0.6618 0.6341 0.6088 0.5834 0.5672 0.5534 0.5327 0.5142 0.505 0.4842 0.4658 0.4611 0.4427 0.4266 0.4266 0.415 0.3942 0.3942 0.3919 0.3712
0.008 0.1519 1.0 0.4421 0.4121 0.3891 0.3776 0.3522 0.3338 0.3223 0.3062 0.2831 0.2762 0.2624 0.2417 0.2371 0.2324 0.2118 0.2049 0.2071 0.1887 0.1772 0.1796 0.6861 0.656 0.6236 0.5936 0.575 0.5542 0.5287 0.5126 0.501 0.4778 0.4616 0.4547 0.4361 0.4199 0.4199 0.4038 0.3876 0.3852 0.3783 0.3621 0.6341 0.6088 0.5834 0.5672 0.5534 0.5327 0.5142 0.505 0.4842 0.4658 0.4611 0.4427 0.4266 0.4266 0.415 0.3942 0.3942 0.3919 0.3712 0.3666
0.0463 0.1496 1.0 0.4121 0.3891 0.3776 0.3522 0.3338 0.3223 0.3062 0.2831 0.2762 0.2624 0.2417 0.2371 0.2324 0.2118 0.2049 0.2071 0.1887 0.1772 0.1796 0.1657 0.656 0.6236 0.5936 0.575 0.5542 0.5287 0.5126 0.501 0.4778 0.4616 0.4547 0.4361 0.4199 0.4199 0.4038 0.3876 0.3852 0.3783 0.3621 0.3551 0.6088 0.5834 0.5672 0.5534 0.5327 0.5142 0.505 0.4842 0.4658 0.4611 0.4427 0.4266 0.4266 0.415 0.3942 0.3942 0.3919 0.3712 0.3666 0.362
0.046 0.138 1.0 0.3891 0.3776 0.3522 0.3338 0.3223 0.3062 0.2831 0.2762 0.2624 0.2417 0.2371 0.2324 0.2118 0.2049 0.2071 0.1887 0.1772 0.1796 0.1657 0.1519 0.6236 0.5936 0.575 0.5542 0.5287 0.5126 0.501 0.4778 0.4616 0.4547 0.4361 0.4199 0.4199 0.4038 0.3876 0.3852 0.3783 0.3621 0.3551 0.3482 0.5834 0.5672 0.5534 0.5327 0.5142 0.505 0.4842 0.4658 0.4611 0.4427 0.4266 0.4266 0.415 0.3942 0.3942 0.3919 0.3712 0.3666 0.362 0.3458
0.0077 0.1242 1.0 0.3776 0.3522 0.3338 0.3223 0.3062 0.2831 0.2762 0.2624 0.2417 0.2371 0.2324 0.2118 0.2049 0.2071 0.1887 0.1772 0.1796 0.1657 0.1519 0.1496 0.5936 0.575 0.5542 0.5287 0.5126 0.501 0.4778 0.4616 0.4547 0.4361 0.4199 0.4199 0.4038 0.3876 0.3852 0.3783 0.3621 0.3551 0.3482 0.3343 0.5672 0.5534 0.5327 0.5142 0.505 0.4842 0.4658 0.4611 0.4427 0.4266 0.4266 0.415 0.3942 0.3942 0.3919 0.3712 0.3666 0.362 0.3458 0.3342
0.0387 0.1197 1.0 0.3522 0.3338 0.3223 0.3062 0.2831 0.2762 0.2624 0.2417 0.2371 0.2324 0.2118 0.2049 0.2071 0.1887 0.1772 0.1796 0.1657 0.1519 0.1496 0.138 0.575 0.5542 0.5287 0.5126 0.501 0.4778 0.4616 0.4547 0.4361 0.4199 0.4199 0.4038 0.3876 0.3852 0.3783 0.3621 0.3551 0.3482 0.3343 0.325 0.5534 0.5327 0.5142 0.505 0.4842 0.4658 0.4611 0.4427 0.4266 0.4266 0.415 0.3942 0.3942 0.3919 0.3712 0.3666 0.362 0.3458 0.3342 0.332
0.046 0.1104 1.0 0.3338 0.3223 0.3062 0.2831 0.2762 0.2624 0.2417 0.2371 0.2324 0.2118 0.2049 0.2071 0.1887 0.1772 0.1796 0.1657 0.1519 0.1496 0.138 0.1242 0.5542 0.5287 0.5126 0.501 0.4778 0.4616 0.4547 0.4361 0.4199 0.4199 0.4038 0.3876 0.3852 0.3783 0.3621 0.3551 0.3482 0.3343 0.325 0.3181 0.5327 0.5142 0.505 0.4842 0.4658 0.4611 0.4427 0.4266 0.4266 0.415 0.3942 0.3942 0.3919 0.3712 0.3666 0.362 0.3458 0.3342 0.332 0.3181
0.015 0.0989 1.0 0.3223 0.3062 0.2831 0.2762 0.2624 0.2417 0.2371 0.2324 0.2118 0.2049 0.2071 0.1887 0.1772 0.1796 0.1657 0.1519 0.1496 0.138 0.1242 0.1197 0.5287 0.5126 0.501 0.4778 0.4616 0.4547 0.4361 0.4199 0.4199 0.4038 0.3876 0.3852 0.3783 0.3621 0.3551 0.3482 0.3343 0.325 0.3181 0.3066 0.5142 0.505 0.4842 0.4658 0.4611 0.4427 0.4266 0.4266 0.415 0.3942 0.3942 0.3919 0.3712 0.3666 0.362 0.3458 0.3342 0.332 0.3181 0.3089
0.031 0.0897 1.0 0.3062 0.2831 0.2762 0.2624 0.2417 0.2371 0.2324 0.2118 0.2049 0.2071 0.1887 0.1772 0.1796 0.1657 0.1519 0.1496 0.138 0.1242 0.1197 0.1104 0.5126 0.501 0.4778 0.4616 0.4547 0.4361 0.4199 0.4199 0.4038 0.3876 0.3852 0.3783 0.3621 0.3551 0.3482 0.3343 0.325 0.3181 0.3066 0.2972 0.505 0.4842 0.4658 0.4611 0.4427 0.4266 0.4266 0.415 0.3942 0.3942 0.3919 0.3712 0.3666 0.362 0.3458 0.3342 0.332 0.3181 0.3089 0.302
0.0383 0.0828 1.0 0.2831 0.2762 0.2624 0.2417 0.2371 0.2324 0.2118 0.2049 0.2071 0.1887 0.1772 0.1796 0.1657 0.1519 0.1496 0.138 0.1242 0.1197 0.1104 0.0989 0.501 0.4778 0.4616 0.4547 0.4361 0.4199 0.4199 0.4038 0.3876 0.3852 0.3783 0.3621 0.3551 0.3482 0.3343 0.325 0.3181 0.3066 0.2972 0.2903 0.4842 0.4658 0.4611 0.4427 0.4266 0.4266 0.415 0.3942 0.3942 0.3919 0.3712 0.3666 0.362 0.3458 0.3342 0.332 0.3181 0.3089 0.302 0.2951
0.0307 0.0712 1.0 0.2762 0.2624 0.2417 0.2371 0.2324 0.2118 0.2049 0.2071 0.1887 0.1772 0.1796 0.1657 0.1519 0.1496 0.138 0.1242 0.1197 0.1104 0.0989 0.0897 0.4778 0.4616 0.4547 0.4361 0.4199 0.4199 0.4038 0.3876 0.3852 0.3783 0.3621 0.3551 0.3482 0.3343 0.325 0.3181 0.3066 0.2972 0.2903 0.2811 0.4658 0.4611 0.4427 0.4266 0.4266 0.415 0.3942 0.3942 0.3919 0.3712 0.3666 0.362 0.3458 0.3342 0.332 0.3181 0.3089 0.302 0.2951 0.2836
0.023 0.0873 1.0 0.2624 0.2417 0.2371 0.2324 0.2118 0.2049 0.2071 0.1887 0.1772 0.1796 0.1657 0.1519 0.1496 0.138 0.1242 0.1197 0.1104 0.0989 0.0897 0.0828 0.4616 0.4547 0.4361 0.4199 0.4199 0.4038 0.3876 0.3852 0.3783 0.3621 0.3551 0.3482 0.3343 0.325 0.3181 0.3066 0.2972 0.2903 0.2811 0.2694 0.4611 0.4427 0.4266 0.4266 0.415 0.3942 0.3942 0.3919 0.3712 0.3666 0.362 0.3458 0.3342 0.332 0.3181 0.3089 0.302 0.2951 0.2836 0.2743
0.0387 0.0804 1.0 0.2417 0.2371 0.2324 0.2118 0.2049 0.2071 0.1887 0.1772 0.1796 0.1657 0.1519 0.1496 0.138 0.1242 0.1197 0.1104 0.0989 0.0897 0.0828 0.0712 0.4547 0.4361 0.4199 0.4199 0.4038 0.3876 0.3852 0.3783 0.3621 0.3551 0.3482 0.3343 0.325 0.3181 0.3066 0.2972 0.2903 0.2811 0.2694 0.2626 0.4427 0.4266 0.4266 0.415 0.3942 0.3942 0.3919 0.3712 0.3666 0.362 0.3458 0.3342 0.332 0.3181 0.3089 0.302 0.2951 0.2836 0.2743 0.2673
0.0537 0.092 1.0 0.2371 0.2324 0.2118 0.2049 0.2071 0.1887 0.1772 0.1796 0.1657 0.1519 0.1496 0.138 0.1242 0.1197 0.1104 0.0989 0.0897 0.0828 0.0712 0.0873 0.4361 0.4199 0.4199 0.4038 0.3876 0.3852 0.3783 0.3621 0.3551 0.3482 0.3343 0.325 0.3181 0.3066 0.2972 0.2903 0.2811 0.2694 0.2626 0.2557 0.4266 0.4266 0.415 0.3942 0.3942 0.3919 0.3712 0.3666 0.362 0.3458 0.3342 0.332 0.3181 0.3089 0.302 0.2951 0.2836 0.2743 0.2673 0.302
0.023 0.191 1.0 0.2324 0.2118 0.2049 0.2071 0.1887 0.1772 0.1796 0.1657 0.1519 0.1496 0.138 0.1242 0.1197 0.1104 0.0989 0.0897 0.0828 0.0712 0.0873 0.0804 0.4199 0.4199 0.4038 0.3876 0.3852 0.3783 0.3621 0.3551 0.3482 0.3343 0.325 0.3181 0.3066 0.2972 0.2903 0.2811 0.2694 0.2626 0.2557 0.3111 0.4266 0.415 0.3942 0.3942 0.3919 0.3712 0.3666 0.362 0.3458 0.3342 0.332 0.3181 0.3089 0.302 0.2951 0.2836 0.2743 0.2673 0.302 0.3412
0.0387 0.1657 1.0 0.2118 0.2049 0.2071 0.1887 0.1772 0.1796 0.1657 0.1519 0.1496 0.138 0.1242 0.1197 0.1104 0.0989 0.0897 0.0828 0.0712 0.0873 0.0804 0.092 0.4199 0.4038 0.3876 0.3852 0.3783 0.3621 0.3551 0.3482 0.3343 0.325 0.3181 0.3066 0.2972 0.2903 0.2811 0.2694 0.2626 0.2557 0.3111 0.325 0.415 0.3942 0.3942 0.3919 0.3712 0.3666 0.362 0.3458 0.3342 0.332 0.3181 0.3089 0.302 0.2951 0.2836 0.2743 0.2673 0.302 0.3412 0.3112
0.33 0.1472 1.0 0.2049 0.2071 0.1887 0.1772 0.1796 0.1657 0.1519 0.1496 0.138 0.1242 0.1197 0.1104 0.0989 0.0897 0.0828 0.0712 0.0873 0.0804 0.092 0.191 0.4038 0.3876 0.3852 0.3783 0.3621 0.3551 0.3482 0.3343 0.325 0.3181 0.3066 0.2972 0.2903 0.2811 0.2694 0.2626 0.2557 0.3111 0.325 0.3042 0.3942 0.3942 0.3919 0.3712 0.3666 0.362 0.3458 0.3342 0.332 0.3181 0.3089 0.302 0.2951 0.2836 0.2743 0.2673 0.302 0.3412 0.3112 0.3342
0.0843 0.2371 1.0 0.2071 0.1887 0.1772 0.1796 0.1657 0.1519 0.1496 0.138 0.1242 0.1197 0.1104 0.0989 0.0897 0.0828 0.0712 0.0873 0.0804 0.092 0.191 0.1657 0.3876 0.3852 0.3783 0.3621 0.3551 0.3482 0.3343 0.325 0.3181 0.3066 0.2972 0.2903 0.2811 0.2694 0.2626 0.2557 0.3111 0.325 0.3042 0.3459 0.3942 0.3919 0.3712 0.3666 0.362 0.3458 0.3342 0.332 0.3181 0.3089 0.302 0.2951 0.2836 0.2743 0.2673 0.302 0.3412 0.3112 0.3342 0.3966
0.0617 0.2232 1.0 0.1887 0.1772 0.1796 0.1657 0.1519 0.1496 0.138 0.1242 0.1197 0.1104 0.0989 0.0897 0.0828 0.0712 0.0873 0.0804 0.092 0.191 0.1657 0.1472 0.3852 0.3783 0.3621 0.3551 0.3482 0.3343 0.325 0.3181 0.3066 0.2972 0.2903 0.2811 0.2694 0.2626 0.2557 0.3111 0.325 0.3042 0.3459 0.3783 0.3919 0.3712 0.3666 0.362 0.3458 0.3342 0.332 0.3181 0.3089 0.302 0.2951 0.2836 0.2743 0.2673 0.302 0.3412 0.3112 0.3342 0.3966 0.3573
0.2997 0.191 1.0 0.1772 0.1796 0.1657 0.1519 0.1496 0.138 0.1242 0.1197 0.1104 0.0989 0.0897 0.0828 0.0712 0.0873 0.0804 0.092 0.191 0.1657 0.1472 0.2371 0.3783 0.3621 0.3551 0.3482 0.3343 0.325 0.3181 0.3066 0.2972 0.2903 0.2811 0.2694 0.2626 0.2557 0.3111 0.325 0.3042 0.3459 0.3783 0.3482 0.3712 0.3666 0.362 0.3458 0.3342 0.332 0.3181 0.3089 0.302 0.2951 0.2836 0.2743 0.2673 0.302 0.3412 0.3112 0.3342 0.3966 0.3573 0.3528
0.0463 0.2601 1.0 0.1796 0.1657 0.1519 0.1496 0.138 0.1242 0.1197 0.1104 0.0989 0.0897 0.0828 0.0712 0.0873 0.0804 0.092 0.191 0.1657 0.1472 0.2371 0.2232 0.3621 0.3551 0.3482 0.3343 0.325 0.3181 0.3066 0.2972 0.2903 0.2811 0.2694 0.2626 0.2557 0.3111 0.325 0.3042 0.3459 0.3783 0.3482 0.3667 0.3666 0.362 0.3458 0.3342 0.332 0.3181 0.3089 0.302 0.2951 0.2836 0.2743 0.2673 0.302 0.3412 0.3112 0.3342 0.3966 0.3573 0.3528 0.4311
0.1073 0.2693 1.0 0.1657 0.1519 0.1496 0.138 0.1242 0.1197 0.1104 0.0989 0.0897 0.0828 0.0712 0.0873 0.0804 0.092 0.191 0.1657 0.1472 0.2371 0.2232 0.191 0.3551 0.3482 0.3343 0.325 0.3181 0.3066 0.2972 0.2903 0.2811 0.2694 0.2626 0.2557 0.3111 0.325 0.3042 0.3459 0.3783 0.3482 0.3667 0.4246 0.362 0.3458 0.3342 0.332 0.3181 0.3089 0.302 0.2951 0.2836 0.2743 0.2673 0.302 0.3412 0.3112 0.3342 0.3966 0.3573 0.3528 0.4311 0.3919
0.2303 0.2302 1.0 0.1519 0.1496 0.138 0.1242 0.1197 0.1104 0.0989 0.0897 0.0828 0.0712 0.0873 0.0804 0.092 0.191 0.1657 0.1472 0.2371 0.2232 0.191 0.2601 0.3482 0.3343 0.325 0.3181 0.3066 0.2972 0.2903 0.2811 0.2694 0.2626 0.2557 0.3111 0.325 0.3042 0.3459 0.3783 0.3482 0.3667 0.4246 0.3876 0.3458 0.3342 0.332 0.3181 0.3089 0.302 0.2951 0.2836 0.2743 0.2673 0.302 0.3412 0.3112 0.3342 0.3966 0.3573 0.3528 0.4311 0.3919 0.3666
0.0307 0.2624 1.0 0.1496 0.138 0.1242 0.1197 0.1104 0.0989 0.0897 0.0828 0.0712 0.0873 0.0804 0.092 0.191 0.1657 0.1472 0.2371 0.2232 0.191 0.2601 0.2693 0.3343 0.325 0.3181 0.3066 0.2972 0.2903 0.2811 0.2694 0.2626 0.2557 0.3111 0.325 0.3042 0.3459 0.3783 0.3482 0.3667 0.4246 0.3876 0.376 0.3342 0.332 0.3181 0.3089 0.302 0.2951 0.2836 0.2743 0.2673 0.302 0.3412 0.3112 0.3342 0.3966 0.3573 0.3528 0.4311 0.3919 0.3666 0.4473
0.1303 0.3039 1.0 0.138 0.1242 0.1197 0.1104 0.0989 0.0897 0.0828 0.0712 0.0873 0.0804 0.092 0.191 0.1657 0.1472 0.2371 0.2232 0.191 0.2601 0.2693 0.2302 0.325 0.3181 0.3066 0.2972 0.2903 0.2811 0.2694 0.2626 0.2557 0.3111 0.325 0.3042 0.3459 0.3783 0.3482 0.3667 0.4246 0.3876 0.376 0.4547 0.332 0.3181 0.3089 0.302 0.2951 0.2836 0.2743 0.2673 0.302 0.3412 0.3112 0.3342 0.3966 0.3573 0.3528 0.4311 0.3919 0.3666 0.4473 0.4266
0.1073 0.2624 1.0 0.1242 0.1197 0.1104 0.0989 0.0897 0.0828 0.0712 0.0873 0.0804 0.092 0.191 0.1657 0.1472 0.2371 0.2232 0.191 0.2601 0.2693 0.2302 0.2624 0.3181 0.3066 0.2972 0.2903 0.2811 0.2694 0.2626 0.2557 0.3111 0.325 0.3042 0.3459 0.3783 0.3482 0.3667 0.4246 0.3876 0.376 0.4547 0.4246 0.3181 0.3089 0.302 0.2951 0.2836 0.2743 0.2673 0.302 0.3412 0.3112 0.3342 0.3966 0.3573 0.3528 0.4311 0.3919 0.3666 0.4473 0.4266 0.3919
0.1383 0.2556 1.0 0.1197 0.1104 0.0989 0.0897 0.0828 0.0712 0.0873 0.0804 0.092 0.191 0.1657 0.1472 0.2371 0.2232 0.191 0.2601 0.2693 0.2302 0.2624 0.3039 0.3066 0.2972 0.2903 0.2811 0.2694 0.2626 0.2557 0.3111 0.325 0.3042 0.3459 0.3783 0.3482 0.3667 0.4246 0.3876 0.376 0.4547 0.4246 0.3991 0.3089 0.302 0.2951 0.2836 0.2743 0.2673 0.302 0.3412 0.3112 0.3342 0.3966 0.3573 0.3528 0.4311 0.3919 0.3666 0.4473 0.4266 0.3919 0.4427
0.1383 0.3292 1.0 0.1104 0.0989 0.0897 0.0828 0.0712 0.0873 0.0804 0.092 0.191 0.1657 0.1472 0.2371 0.2232 0.191 0.2601 0.2693 0.2302 0.2624 0.3039 0.2624 0.2972 0.2903 0.2811 0.2694 0.2626 0.2557 0.3111 0.325 0.3042 0.3459 0.3783 0.3482 0.3667 0.4246 0.3876 0.376 0.4547 0.4246 0.3991 0.4662 0.302 0.2951 0.2836 0.2743 0.2673 0.302 0.3412 0.3112 0.3342 0.3966 0.3573 0.3528 0.4311 0.3919 0.3666 0.4473 0.4266 0.3919 0.4427 0.4611
0.0227 0.2947 1.0 0.0989 0.0897 0.0828 0.0712 0.0873 0.0804 0.092 0.191 0.1657 0.1472 0.2371 0.2232 0.191 0.2601 0.2693 0.2302 0.2624 0.3039 0.2624 0.2556 0.2903 0.2811 0.2694 0.2626 0.2557 0.3111 0.325 0.3042 0.3459 0.3783 0.3482 0.3667 0.4246 0.3876 0.376 0.4547 0.4246 0.3991 0.4662 0.4662 0.2951 0.2836 0.2743 0.2673 0.302 0.3412 0.3112 0.3342 0.3966 0.3573 0.3528 0.4311 0.3919 0.3666 0.4473 0.4266 0.3919 0.4427 0.4611 0.4242
0.2453 0.2693 1.0 0.0897 0.0828 0.0712 0.0873 0.0804 0.092 0.191 0.1657 0.1472 0.2371 0.2232 0.191 0.2601 0.2693 0.2302 0.2624 0.3039 0.2624 0.2556 0.3292 0.2811 0.2694 0.2626 0.2557 0.3111 0.325 0.3042 0.3459 0.3783 0.3482 0.3667 0.4246 0.3876 0.376 0.4547 0.4246 0.3991 0.4662 0.4662 0.4361 0.2836 0.2743 0.2673 0.302 0.3412 0.3112 0.3342 0.3966 0.3573 0.3528 0.4311 0.3919 0.3666 0.4473 0.4266 0.3919 0.4427 0.4611 0.4242 0.4311
0.115 0.3016 1.0 0.0828 0.0712 0.0873 0.0804 0.092 0.191 0.1657 0.1472 0.2371 0.2232 0.191 0.2601 0.2693 0.2302 0.2624 0.3039 0.2624 0.2556 0.3292 0.2947 0.2694 0.2626 0.2557 0.3111 0.325 0.3042 0.3459 0.3783 0.3482 0.3667 0.4246 0.3876 0.376 0.4547 0.4246 0.3991 0.4662 0.4662 0.4361 0.4754 0.2743 0.2673 0.302 0.3412 0.3112 0.3342 0.3966 0.3573 0.3528 0.4311 0.3919 0.3666 0.4473 0.4266 0.3919 0.4427 0.4611 0.4242 0.4311 0.4866
0.0847 0.3131 1.0 0.0712 0.0873 0.0804 0.092 0.191 0.1657 0.1472 0.2371 0.2232 0.191 0.2601 0.2693 0.2302 0.2624 0.3039 0.2624 0.2556 0.3292 0.2947 0.2693 0.2626 0.2557 0.3111 0.325 0.3042 0.3459 0.3783 0.3482 0.3667 0.4246 0.3876 0.376 0.4547 0.4246 0.3991 0.4662 0.4662 0.4361 0.4754 0.501 0.2673 0.302 0.3412 0.3112 0.3342 0.3966 0.3573 0.3528 0.4311 0.3919 0.3666 0.4473 0.4266 0.3919 0.4427 0.4611 0.4242 0.4311 0.4866 0.4566
0.1077 0.2878 1.0 0.0873 0.0804 0.092 0.191 0.1657 0.1472 0.2371 0.2232 0.191 0.2601 0.2693 0.2302 0.2624 0.3039 0.2624 0.2556 0.3292 0.2947 0.2693 0.3016 0.2557 0.3111 0.325 0.3042 0.3459 0.3783 0.3482 0.3667 0.4246 0.3876 0.376 0.4547 0.4246 0.3991 0.4662 0.4662 0.4361 0.4754 0.501 0.4709 0.302 0.3412 0.3112 0.3342 0.3966 0.3573 0.3528 0.4311 0.3919 0.3666 0.4473 0.4266 0.3919 0.4427 0.4611 0.4242 0.4311 0.4866 0.4566 0.445
0.0383 0.2923 1.0 0.0804 0.092 0.191 0.1657 0.1472 0.2371 0.2232 0.191 0.2601 0.2693 0.2302 0.2624 0.3039 0.2624 0.2556 0.3292 0.2947 0.2693 0.3016 0.3131 0.3111 0.325 0.3042 0.3459 0.3783 0.3482 0.3667 0.4246 0.3876 0.376 0.4547 0.4246 0.3991 0.4662 0.4662 0.4361 0.4754 0.501 0.4709 0.4639 0.3412 0.3112 0.3342 0.3966 0.3573 0.3528 0.4311 0.3919 0.3666 0.4473 0.4266 0.3919 0.4427 0.4611 0.4242 0.4311 0.4866 0.4566 0.445 0.475
0.0843 0.3131 1.0 0.092 0.191 0.1657 0.1472 0.2371 0.2232 0.191 0.2601 0.2693 0.2302 0.2624 0.3039 0.2624 0.2556 0.3292 0.2947 0.2693 0.3016 0.3131 0.2878 0.325 0.3042 0.3459 0.3783 0.3482 0.3667 0.4246 0.3876 0.376 0.4547 0.4246 0.3991 0.4662 0.4662 0.4361 0.4754 0.501 0.4709 0.4639 0.5218 0.3112 0.3342 0.3966 0.3573 0.3528 0.4311 0.3919 0.3666 0.4473 0.4266 0.3919 0.4427 0.4611 0.4242 0.4311 0.4866 0.4566 0.445 0.475 0.4703
0.015 0.3039 1.0 0.191 0.1657 0.1472 0.2371 0.2232 0.191 0.2601 0.2693 0.2302 0.2624 0.3039 0.2624 0.2556 0.3292 0.2947 0.2693 0.3016 0.3131 0.2878 0.2923 0.3042 0.3459 0.3783 0.3482 0.3667 0.4246 0.3876 0.376 0.4547 0.4246 0.3991 0.4662 0.4662 0.4361 0.4754 0.501 0.4709 0.4639 0.5218 0.4987 0.3342 0.3966 0.3573 0.3528 0.4311 0.3919 0.3666 0.4473 0.4266 0.3919 0.4427 0.4611 0.4242 0.4311 0.4866 0.4566 0.445 0.475 0.4703 0.4589
0.0693 0.3039 1.0 0.1657 0.1472 0.2371 0.2232 0.191 0.2601 0.2693 0.2302 0.2624 0.3039 0.2624 0.2556 0.3292 0.2947 0.2693 0.3016 0.3131 0.2878 0.2923 0.3131 0.3459 0.3783 0.3482 0.3667 0.4246 0.3876 0.376 0.4547 0.4246 0.3991 0.4662 0.4662 0.4361 0.4754 0.501 0.4709 0.4639 0.5218 0.4987 0.4848 0.3966 0.3573 0.3528 0.4311 0.3919 0.3666 0.4473 0.4266 0.3919 0.4427 0.4611 0.4242 0.4311 0.4866 0.4566 0.445 0.475 0.4703 0.4589 0.475
0.0307 0.3316 1.0 0.1472 0.2371 0.2232 0.191 0.2601 0.2693 0.2302 0.2624 0.3039 0.2624 0.2556 0.3292 0.2947 0.2693 0.3016 0.3131 0.2878 0.2923 0.3131 0.3039 0.3783 0.3482 0.3667 0.4246 0.3876 0.376 0.4547 0.4246 0.3991 0.4662 0.4662 0.4361 0.4754 0.501 0.4709 0.4639 0.5218 0.4987 0.4848 0.4963 0.3573 0.3528 0.4311 0.3919 0.3666 0.4473 0.4266 0.3919 0.4427 0.4611 0.4242 0.4311 0.4866 0.4566 0.445 0.475 0.4703 0.4589 0.475 0.5166
0.0 0.3822 1.0 0.2371 0.2232 0.191 0.2601 0.2693 0.2302 0.2624 0.3039 0.2624 0.2556 0.3292 0.2947 0.2693 0.3016 0.3131 0.2878 0.2923 0.3131 0.3039 0.3039 0.3482 0.3667 0.4246 0.3876 0.376 0.4547 0.4246 0.3991 0.4662 0.4662 0.4361 0.4754 0.501 0.4709 0.4639 0.5218 0.4987 0.4848 0.4963 0.5472 0.3528 0.4311 0.3919 0.3666 0.4473 0.4266 0.3919 0.4427 0.4611 0.4242 0.4311 0.4866 0.4566 0.445 0.475 0.4703 0.4589 0.475 0.5166 0.4934
0.0923 0.3591 1.0 0.2232 0.191 0.2601 0.2693 0.2302 0.2624 0.3039 0.2624 0.2556 0.3292 0.2947 0.2693 0.3016 0.3131 0.2878 0.2923 0.3131 0.3039 0.3039 0.3316 0.3667 0.4246 0.3876 0.376 0.4547 0.4246 0.3991 0.4662 0.4662 0.4361 0.4754 0.501 0.4709 0.4639 0.5218 0.4987 0.4848 0.4963 0.5472 0.531 0.4311 0.3919 0.3666 0.4473 0.4266 0.3919 0.4427 0.4611 0.4242 0.4311 0.4866 0.4566 0.445 0.475 0.4703 0.4589 0.475 0.5166 0.4934 0.5003
0.1687 0.3661 1.0 0.191 0.2601 0.2693 0.2302 0.2624 0.3039 0.2624 0.2556 0.3292 0.2947 0.2693 0.3016 0.3131 0.2878 0.2923 0.3131 0.3039 0.3039 0.3316 0.3822 0.4246 0.3876 0.376 0.4547 0.4246 0.3991 0.4662 0.4662 0.4361 0.4754 0.501 0.4709 0.4639 0.5218 0.4987 0.4848 0.4963 0.5472 0.531 0.5287 0.3919 0.3666 0.4473 0.4266 0.3919 0.4427 0.4611 0.4242 0.4311 0.4866 0.4566 0.445 0.475 0.4703 0.4589 0.475 0.5166 0.4934 0.5003 0.5303
0.077 0.4398 1.0 0.2601 0.2693 0.2302 0.2624 0.3039 0.2624 0.2556 0.3292 0.2947 0.2693 0.3016 0.3131 0.2878 0.2923 0.3131 0.3039 0.3039 0.3316 0.3822 0.3591 0.3876 0.376 0.4547 0.4246 0.3991 0.4662 0.4662 0.4361 0.4754 0.501 0.4709 0.4639 0.5218 0.4987 0.4848 0.4963 0.5472 0.531 0.5287 0.5842 0.3666 0.4473 0.4266 0.3919 0.4427 0.4611 0.4242 0.4311 0.4866 0.4566 0.445 0.475 0.4703 0.4589 0.475 0.5166 0.4934 0.5003 0.5303 0.5488
0.0233 0.4052 1.0 0.2693 0.2302 0.2624 0.3039 0.2624 0.2556 0.3292 0.2947 0.2693 0.3016 0.3131 0.2878 0.2923 0.3131 0.3039 0.3039 0.3316 0.3822 0.3591 0.3661 0.376 0.4547 0.4246 0.3991 0.4662 0.4662 0.4361 0.4754 0.501 0.4709 0.4639 0.5218 0.4987 0.4848 0.4963 0.5472 0.531 0.5287 0.5842 0.582 0.4473 0.4266 0.3919 0.4427 0.4611 0.4242 0.4311 0.4866 0.4566 0.445 0.475 0.4703 0.4589 0.475 0.5166 0.4934 0.5003 0.5303 0.5488 0.5396
0.2457 0.3937 1.0 0.2302 0.2624 0.3039 0.2624 0.2556 0.3292 0.2947 0.2693 0.3016 0.3131 0.2878 0.2923 0.3131 0.3039 0.3039 0.3316 0.3822 0.3591 0.3661 0.4398 0.4547 0.4246 0.3991 0.4662 0.4662 0.4361 0.4754 0.501 0.4709 0.4639 0.5218 0.4987 0.4848 0.4963 0.5472 0.531 0.5287 0.5842 0.582 0.5658 0.4266 0.3919 0.4427 0.4611 0.4242 0.4311 0.4866 0.4566 0.445 0.475 0.4703 0.4589 0.475 0.5166 0.4934 0.5003 0.5303 0.5488 0.5396 0.5534
0.1153 0.4606 1.0 0.2624 0.3039 0.2624 0.2556 0.3292 0.2947 0.2693 0.3016 0.3131 0.2878 0.2923 0.3131 0.3039 0.3039 0.3316 0.3822 0.3591 0.3661 0.4398 0.4052 0.4246 0.3991 0.4662 0.4662 0.4361 0.4754 0.501 0.4709 0.4639 0.5218 0.4987 0.4848 0.4963 0.5472 0.531 0.5287 0.5842 0.582 0.5658 0.5936 0.3919 0.4427 0.4611 0.4242 0.4311 0.4866 0.4566 0.445 0.475 0.4703 0.4589 0.475 0.5166 0.4934 0.5003 0.5303 0.5488 0.5396 0.5534 0.6064
0.0383 0.4352 1.0 0.3039 0.2624 0.2556 0.3292 0.2947 0.2693 0.3016 0.3131 0.2878 0.2923 0.3131 0.3039 0.3039 0.3316 0.3822 0.3591 0.3661 0.4398 0.4052 0.3937 0.3991 0.4662 0.4662 0.4361 0.4754 0.501 0.4709 0.4639 0.5218 0.4987 0.4848 0.4963 0.5472 0.531 0.5287 0.5842 0.582 0.5658 0.5936 0.6143 0.4427 0.4611 0.4242 0.4311 0.4866 0.4566 0.445 0.475 0.4703 0.4589 0.475 0.5166 0.4934 0.5003 0.5303 0.5488 0.5396 0.5534 0.6064 0.5742
0.223 0.4144 1.0 0.2624 0.2556 0.3292 0.2947 0.2693 0.3016 0.3131 0.2878 0.2923 0.3131 0.3039 0.3039 0.3316 0.3822 0.3591 0.3661 0.4398 0.4052 0.3937 0.4606 0.4662 0.4662 0.4361 0.4754 0.501 0.4709 0.4639 0.5218 0.4987 0.4848 0.4963 0.5472 0.531 0.5287 0.5842 0.582 0.5658 0.5936 0.6143 0.5866 0.4611 0.4242 0.4311 0.4866 0.4566 0.445 0.475 0.4703 0.4589 0.475 0.5166 0.4934 0.5003 0.5303 0.5488 0.5396 0.5534 0.6064 0.5742 0.5672
0.0847 0.4651 1.0 0.2556 0.3292 0.2947 0.2693 0.3016 0.3131 0.2878 0.2923 0.3131 0.3039 0.3039 0.3316 0.3822 0.3591 0.3661 0.4398 0.4052 0.3937 0.4606 0.4352 0.4662 0.4361 0.4754 0.501 0.4709 0.4639 0.5218 0.4987 0.4848 0.4963 0.5472 0.531 0.5287 0.5842 0.582 0.5658 0.5936 0.6143 0.5866 0.5936 0.4242 0.4311 0.4866 0.4566 0.445 0.475 0.4703 0.4589 0.475 0.5166 0.4934 0.5003 0.5303 0.5488 0.5396 0.5534 0.6064 0.5742 0.5672 0.6296
0.0693 0.4582 1.0 0.3292 0.2947 0.2693 0.3016 0.3131 0.2878 0.2923 0.3131 0.3039 0.3039 0.3316 0.3822 0.3591 0.3661 0.4398 0.4052 0.3937 0.4606 0.4352 0.4144 0.4361 0.4754 0.501 0.4709 0.4639 0.5218 0.4987 0.4848 0.4963 0.5472 0.531 0.5287 0.5842 0.582 0.5658 0.5936 0.6143 0.5866 0.5936 0.6329 0.4311 0.4866 0.4566 0.445 0.475 0.4703 0.4589 0.475 0.5166 0.4934 0.5003 0.5303 0.5488 0.5396 0.5534 0.6064 0.5742 0.5672 0.6296 0.5903
0.169 0.4329 1.0 0.2947 0.2693 0.3016 0.3131 0.2878 0.2923 0.3131 0.3039 0.3039 0.3316 0.3822 0.3591 0.3661 0.4398 0.4052 0.3937 0.4606 0.4352 0.4144 0.4651 0.4754 0.501 0.4709 0.4639 0.5218 0.4987 0.4848 0.4963 0.5472 0.531 0.5287 0.5842 0.582 0.5658 0.5936 0.6143 0.5866 0.5936 0.6329 0.5981 0.4866 0.4566 0.445 0.475 0.4703 0.4589 0.475 0.5166 0.4934 0.5003 0.5303 0.5488 0.5396 0.5534 0.6064 0.5742 0.5672 0.6296 0.5903 0.5719
0.023 0.4698 1.0 0.2693 0.3016 0.3131 0.2878 0.2923 0.3131 0.3039 0.3039 0.3316 0.3822 0.3591 0.3661 0.4398 0.4052 0.3937 0.4606 0.4352 0.4144 0.4651 0.4582 0.501 0.4709 0.4639 0.5218 0.4987 0.4848 0.4963 0.5472 0.531 0.5287 0.5842 0.582 0.5658 0.5936 0.6143 0.5866 0.5936 0.6329 0.5981 0.5936 0.4566 0.445 0.475 0.4703 0.4589 0.475 0.5166 0.4934 0.5003 0.5303 0.5488 0.5396 0.5534 0.6064 0.5742 0.5672 0.6296 0.5903 0.5719 0.6341
0.0843 0.4812 1.0 0.3016 0.3131 0.2878 0.2923 0.3131 0.3039 0.3039 0.3316 0.3822 0.3591 0.3661 0.4398 0.4052 0.3937 0.4606 0.4352 0.4144 0.4651 0.4582 0.4329 0.4709 0.4639 0.5218 0.4987 0.4848 0.4963 0.5472 0.531 0.5287 0.5842 0.582 0.5658 0.5936 0.6143 0.5866 0.5936 0.6329 0.5981 0.5936 0.6468 0.445 0.475 0.4703 0.4589 0.475 0.5166 0.4934 0.5003 0.5303 0.5488 0.5396 0.5534 0.6064 0.5742 0.5672 0.6296 0.5903 0.5719 0.6341 0.6019
0.123 0.4443 1.0 0.3131 0.2878 0.2923 0.3131 0.3039 0.3039 0.3316 0.3822 0.3591 0.3661 0.4398 0.4052 0.3937 0.4606 0.4352 0.4144 0.4651 0.4582 0.4329 0.4698 0.4639 0.5218 0.4987 0.4848 0.4963 0.5472 0.531 0.5287 0.5842 0.582 0.5658 0.5936 0.6143 0.5866 0.5936 0.6329 0.5981 0.5936 0.6468 0.6098 0.475 0.4703 0.4589 0.475 0.5166 0.4934 0.5003 0.5303 0.5488 0.5396 0.5534 0.6064 0.5742 0.5672 0.6296 0.5903 0.5719 0.6341 0.6019 0.5811
0.038 0.4743 1.0 0.2878 0.2923 0.3131 0.3039 0.3039 0.3316 0.3822 0.3591 0.3661 0.4398 0.4052 0.3937 0.4606 0.4352 0.4144 0.4651 0.4582 0.4329 0.4698 0.4812 0.5218 0.4987 0.4848 0.4963 0.5472 0.531 0.5287 0.5842 0.582 0.5658 0.5936 0.6143 0.5866 0.5936 0.6329 0.5981 0.5936 0.6468 0.6098 0.6004 0.4703 0.4589 0.475 0.5166 0.4934 0.5003 0.5303 0.5488 0.5396 0.5534 0.6064 0.5742 0.5672 0.6296 0.5903 0.5719 0.6341 0.6019 0.5811 0.6364
0.123 0.502 1.0 0.2923 0.3131 0.3039 0.3039 0.3316 0.3822 0.3591 0.3661 0.4398 0.4052 0.3937 0.4606 0.4352 0.4144 0.4651 0.4582 0.4329 0.4698 0.4812 0.4443 0.4987 0.4848 0.4963 0.5472 0.531 0.5287 0.5842 0.582 0.5658 0.5936 0.6143 0.5866 0.5936 0.6329 0.5981 0.5936 0.6468 0.6098 0.6004 0.6537 0.4589 0.475 0.5166 0.4934 0.5003 0.5303 0.5488 0.5396 0.5534 0.6064 0.5742 0.5672 0.6296 0.5903 0.5719 0.6341 0.6019 0.5811 0.6364 0.6203
0.1 0.4559 1.0 0.3131 0.3039 0.3039 0.3316 0.3822 0.3591 0.3661 0.4398 0.4052 0.3937 0.4606 0.4352 0.4144 0.4651 0.4582 0.4329 0.4698 0.4812 0.4443 0.4743 0.4848 0.4963 0.5472 0.531 0.5287 0.5842 0.582 0.5658 0.5936 0.6143 0.5866 0.5936 0.6329 0.5981 0.5936 0.6468 0.6098 0.6004 0.6537 0.6236 0.475 0.5166 0.4934 0.5003 0.5303 0.5488 0.5396 0.5534 0.6064 0.5742 0.5672 0.6296 0.5903 0.5719 0.6341 0.6019 0.5811 0.6364 0.6203 0.5927
0.0923 0.4698 1.0 0.3039 0.3039 0.3316 0.3822 0.3591 0.3661 0.4398 0.4052 0.3937 0.4606 0.4352 0.4144 0.4651 0.4582 0.4329 0.4698 0.4812 0.4443 0.4743 0.502 0.4963 0.5472 0.531 0.5287 0.5842 0.582 0.5658 0.5936 0.6143 0.5866 0.5936 0.6329 0.5981 0.5936 0.6468 0.6098 0.6004 0.6537 0.6236 0.6098 0.5166 0.4934 0.5003 0.5303 0.5488 0.5396 0.5534 0.6064 0.5742 0.5672 0.6296 0.5903 0.5719 0.6341 0.6019 0.5811 0.6364 0.6203 0.5927 0.6388
0.1537 0.5089 1.0 0.3039 0.3316 0.3822 0.3591 0.3661 0.4398 0.4052 0.3937 0.4606 0.4352 0.4144 0.4651 0.4582 0.4329 0.4698 0.4812 0.4443 0.4743 0.502 0.4559 0.5472 0.531 0.5287 0.5842 0.582 0.5658 0.5936 0.6143 0.5866 0.5936 0.6329 0.5981 0.5936 0.6468 0.6098 0.6004 0.6537 0.6236 0.6098 0.6607 0.4934 0.5003 0.5303 0.5488 0.5396 0.5534 0.6064 0.5742 0.5672 0.6296 0.5903 0.5719 0.6341 0.6019 0.5811 0.6364 0.6203 0.5927 0.6388 0.648
0.0463 0.4606 1.0 0.3316 0.3822 0.3591 0.3661 0.4398 0.4052 0.3937 0.4606 0.4352 0.4144 0.4651 0.4582 0.4329 0.4698 0.4812 0.4443 0.4743 0.502 0.4559 0.4698 0.531 0.5287 0.5842 0.582 0.5658 0.5936 0.6143 0.5866 0.5936 0.6329 0.5981 0.5936 0.6468 0.6098 0.6004 0.6537 0.6236 0.6098 0.6607 0.6329 0.5003 0.5303 0.5488 0.5396 0.5534 0.6064 0.5742 0.5672 0.6296 0.5903 0.5719 0.6341 0.6019 0.5811 0.6364 0.6203 0.5927 0.6388 0.648 0.6157
0.1303 0.4582 1.0 0.3822 0.3591 0.3661 0.4398 0.4052 0.3937 0.4606 0.4352 0.4144 0.4651 0.4582 0.4329 0.4698 0.4812 0.4443 0.4743 0.502 0.4559 0.4698 0.5089 0.5287 0.5842 0.582 0.5658 0.5936 0.6143 0.5866 0.5936 0.6329 0.5981 0.5936 0.6468 0.6098 0.6004 0.6537 0.6236 0.6098 0.6607 0.6329 0.6143 0.5303 0.5488 0.5396 0.5534 0.6064 0.5742 0.5672 0.6296 0.5903 0.5719 0.6341 0.6019 0.5811 0.6364 0.6203 0.5927 0.6388 0.648 0.6157 0.6596
0.161 0.5296 1.0 0.3591 0.3661 0.4398 0.4052 0.3937 0.4606 0.4352 0.4144 0.4651 0.4582 0.4329 0.4698 0.4812 0.4443 0.4743 0.502 0.4559 0.4698 0.5089 0.4606 0.5842 0.582 0.5658 0.5936 0.6143 0.5866 0.5936 0.6329 0.5981 0.5936 0.6468 0.6098 0.6004 0.6537 0.6236 0.6098 0.6607 0.6329 0.6143 0.656 0.5488 0.5396 0.5534 0.6064 0.5742 0.5672 0.6296 0.5903 0.5719 0.6341 0.6019 0.5811 0.6364 0.6203 0.5927 0.6388 0.648 0.6157 0.6596 0.6802
0.008 0.4836 1.0 0.3661 0.4398 0.4052 0.3937 0.4606 0.4352 0.4144 0.4651 0.4582 0.4329 0.4698 0.4812 0.4443 0.4743 0.502 0.4559 0.4698 0.5089 0.4606 0.4582 0.582 0.5658 0.5936 0.6143 0.5866 0.5936 0.6329 0.5981 0.5936 0.6468 0.6098 0.6004 0.6537 0.6236 0.6098 0.6607 0.6329 0.6143 0.656 0.6513 0.5396 0.5534 0.6064 0.5742 0.5672 0.6296 0.5903 0.5719 0.6341 0.6019 0.5811 0.6364 0.6203 0.5927 0.6388 0.648 0.6157 0.6596 0.6802 0.6341
0.238 0.4628 1.0 0.4398 0.4052 0.3937 0.4606 0.4352 0.4144 0.4651 0.4582 0.4329 0.4698 0.4812 0.4443 0.4743 0.502 0.4559 0.4698 0.5089 0.4606 0.4582 0.5296 0.5658 0.5936 0.6143 0.5866 0.5936 0.6329 0.5981 0.5936 0.6468 0.6098 0.6004 0.6537 0.6236 0.6098 0.6607 0.6329 0.6143 0.656 0.6513 0.6306 0.5534 0.6064 0.5742 0.5672 0.6296 0.5903 0.5719 0.6341 0.6019 0.5811 0.6364 0.6203 0.5927 0.6388 0.648 0.6157 0.6596 0.6802 0.6341 0.6641
0.1533 0.5411 1.0 0.4052 0.3937 0.4606 0.4352 0.4144 0.4651 0.4582 0.4329 0.4698 0.4812 0.4443 0.4743 0.502 0.4559 0.4698 0.5089 0.4606 0.4582 0.5296 0.4836 0.5936 0.6143 0.5866 0.5936 0.6329 0.5981 0.5936 0.6468 0.6098 0.6004 0.6537 0.6236 0.6098 0.6607 0.6329 0.6143 0.656 0.6513 0.6306 0.6746 0.6064 0.5742 0.5672 0.6296 0.5903 0.5719 0.6341 0.6019 0.5811 0.6364 0.6203 0.5927 0.6388 0.648 0.6157 0.6596 0.6802 0.6341 0.6641 0.6964
0.0693 0.4997 1.0 0.3937 0.4606 0.4352 0.4144 0.4651 0.4582 0.4329 0.4698 0.4812 0.4443 0.4743 0.502 0.4559 0.4698 0.5089 0.4606 0.4582 0.5296 0.4836 0.4628 0.6143 0.5866 0.5936 0.6329 0.5981 0.5936 0.6468 0.6098 0.6004 0.6537 0.6236 0.6098 0.6607 0.6329 0.6143 0.656 0.6513 0.6306 0.6746 0.6814 0.5742 0.5672 0.6296 0.5903 0.5719 0.6341 0.6019 0.5811 0.6364 0.6203 0.5927 0.6388 0.648 0.6157 0.6596 0.6802 0.6341 0.6641 0.6964 0.648
0.261 0.4606 1.0 0.4606 0.4352 0.4144 0.4651 0.4582 0.4329 0.4698 0.4812 0.4443 0.4743 0.502 0.4559 0.4698 0.5089 0.4606 0.4582 0.5296 0.4836 0.4628 0.5411 0.5866 0.5936 0.6329 0.5981 0.5936 0.6468 0.6098 0.6004 0.6537 0.6236 0.6098 0.6607 0.6329 0.6143 0.656 0.6513 0.6306 0.6746 0.6814 0.6468 0.5672 0.6296 0.5903 0.5719 0.6341 0.6019 0.5811 0.6364 0.6203 0.5927 0.6388 0.648 0.6157 0.6596 0.6802 0.6341 0.6641 0.6964 0.648 0.6572
0.138 0.5366 1.0 0.4352 0.4144 0.4651 0.4582 0.4329 0.4698 0.4812 0.4443 0.4743 0.502 0.4559 0.4698 0.5089 0.4606 0.4582 0.5296 0.4836 0.4628 0.5411 0.4997 0.5936 0.6329 0.5981 0.5936 0.6468 0.6098 0.6004 0.6537 0.6236 0.6098 0.6607 0.6329 0.6143 0.656 0.6513 0.6306 0.6746 0.6814 0.6468 0.6676 0.6296 0.5903 0.5719 0.6341 0.6019 0.5811 0.6364 0.6203 0.5927 0.6388 0.648 0.6157 0.6596 0.6802 0.6341 0.6641 0.6964 0.648 0.6572 0.7194
0.1303 0.5134 1.0 0.4144 0.4651 0.4582 0.4329 0.4698 0.4812 0.4443 0.4743 0.502 0.4559 0.4698 0.5089 0.4606 0.4582 0.5296 0.4836 0.4628 0.5411 0.4997 0.4606 0.6329 0.5981 0.5936 0.6468 0.6098 0.6004 0.6537 0.6236 0.6098 0.6607 0.6329 0.6143 0.656 0.6513 0.6306 0.6746 0.6814 0.6468 0.6676 0.7023 0.5903 0.5719 0.6341 0.6019 0.5811 0.6364 0.6203 0.5927 0.6388 0.648 0.6157 0.6596 0.6802 0.6341 0.6641 0.6964 0.648 0.6572 0.7194 0.6641
0.2533 0.4651 1.0 0.4651 0.4582 0.4329 0.4698 0.4812 0.4443 0.4743 0.502 0.4559 0.4698 0.5089 0.4606 0.4582 0.5296 0.4836 0.4628 0.5411 0.4997 0.4606 0.5366 0.5981 0.5936 0.6468 0.6098 0.6004 0.6537 0.6236 0.6098 0.6607 0.6329 0.6143 0.656 0.6513 0.6306 0.6746 0.6814 0.6468 0.6676 0.7023 0.6607 0.5719 0.6341 0.6019 0.5811 0.6364 0.6203 0.5927 0.6388 0.648 0.6157 0.6596 0.6802 0.6341 0.6641 0.6964 0.648 0.6572 0.7194 0.6641 0.6433
0.0773 0.5134 1.0 0.4582 0.4329 0.4698 0.4812 0.4443 0.4743 0.502 0.4559 0.4698 0.5089 0.4606 0.4582 0.5296 0.4836 0.4628 0.5411 0.4997 0.4606 0.5366 0.5134 0.5936 0.6468 0.6098 0.6004 0.6537 0.6236 0.6098 0.6607 0.6329 0.6143 0.656 0.6513 0.6306 0.6746 0.6814 0.6468 0.6676 0.7023 0.6607 0.6583 0.6341 0.6019 0.5811 0.6364 0.6203 0.5927 0.6388 0.648 0.6157 0.6596 0.6802 0.6341 0.6641 0.6964 0.648 0.6572 0.7194 0.6641 0.6433 0.7172
0.161 0.5227 1.0 0.4329 0.4698 0.4812 0.4443 0.4743 0.502 0.4559 0.4698 0.5089 0.4606 0.4582 0.5296 0.4836 0.4628 0.5411 0.4997 0.4606 0.5366 0.5134 0.4651 0.6468 0.6098 0.6004 0.6537 0.6236 0.6098 0.6607 0.6329 0.6143 0.656 0.6513 0.6306 0.6746 0.6814 0.6468 0.6676 0.7023 0.6607 0.6583 0.7139 0.6019 0.5811 0.6364 0.6203 0.5927 0.6388 0.648 0.6157 0.6596 0.6802 0.6341 0.6641 0.6964 0.648 0.6572 0.7194 0.6641 0.6433 0.7172 0.6733
0.161 0.472 1.0 0.4698 0.4812 0.4443 0.4743 0.502 0.4559 0.4698 0.5089 0.4606 0.4582 0.5296 0.4836 0.4628 0.5411 0.4997 0.4606 0.5366 0.5134 0.4651 0.5134 0.6098 0.6004 0.6537 0.6236 0.6098 0.6607 0.6329 0.6143 0.656 0.6513 0.6306 0.6746 0.6814 0.6468 0.6676 0.7023 0.6607 0.6583 0.7139 0.6652 0.5811 0.6364 0.6203 0.5927 0.6388 0.648 0.6157 0.6596 0.6802 0.6341 0.6641 0.6964 0.648 0.6572 0.7194 0.6641 0.6433 0.7172 0.6733 0.6319
0.031 0.4789 1.0 0.4812 0.4443 0.4743 0.502 0.4559 0.4698 0.5089 0.4606 0.4582 0.5296 0.4836 0.4628 0.5411 0.4997 0.4606 0.5366 0.5134 0.4651 0.5134 0.5227 0.6004 0.6537 0.6236 0.6098 0.6607 0.6329 0.6143 0.656 0.6513 0.6306 0.6746 0.6814 0.6468 0.6676 0.7023 0.6607 0.6583 0.7139 0.6652 0.6421 0.6364 0.6203 0.5927 0.6388 0.648 0.6157 0.6596 0.6802 0.6341 0.6641 0.6964 0.648 0.6572 0.7194 0.6641 0.6433 0.7172 0.6733 0.6319 0.6964
0.169 0.5227 1.0 0.4443 0.4743 0.502 0.4559 0.4698 0.5089 0.4606 0.4582 0.5296 0.4836 0.4628 0.5411 0.4997 0.4606 0.5366 0.5134 0.4651 0.5134 0.5227 0.472 0.6537 0.6236 0.6098 0.6607 0.6329 0.6143 0.656 0.6513 0.6306 0.6746 0.6814 0.6468 0.6676 0.7023 0.6607 0.6583 0.7139 0.6652 0.6421 0.7092 0.6203 0.5927 0.6388 0.648 0.6157 0.6596 0.6802 0.6341 0.6641 0.6964 0.648 0.6572 0.7194 0.6641 0.6433 0.7172 0.6733 0.6319 0.6964 0.671
0.023 0.4743 1.0 0.4743 0.502 0.4559 0.4698 0.5089 0.4606 0.4582 0.5296 0.4836 0.4628 0.5411 0.4997 0.4606 0.5366 0.5134 0.4651 0.5134 0.5227 0.472 0.4789 0.6236 0.6098 0.6607 0.6329 0.6143 0.656 0.6513 0.6306 0.6746 0.6814 0.6468 0.6676 0.7023 0.6607 0.6583 0.7139 0.6652 0.6421 0.7092 0.6699 0.5927 0.6388 0.648 0.6157 0.6596 0.6802 0.6341 0.6641 0.6964 0.648 0.6572 0.7194 0.6641 0.6433 0.7172 0.6733 0.6319 0.6964 0.671 0.6296
0.146 0.4513 1.0 0.502 0.4559 0.4698 0.5089 0.4606 0.4582 0.5296 0.4836 0.4628 0.5411 0.4997 0.4606 0.5366 0.5134 0.4651 0.5134 0.5227 0.472 0.4789 0.5227 0.6098 0.6607 0.6329 0.6143 0.656 0.6513 0.6306 0.6746 0.6814 0.6468 0.6676 0.7023 0.6607 0.6583 0.7139 0.6652 0.6421 0.7092 0.6699 0.6329 0.6388 0.648 0.6157 0.6596 0.6802 0.6341 0.6641 0.6964 0.648 0.6572 0.7194 0.6641 0.6433 0.7172 0.6733 0.6319 0.6964 0.671 0.6296 0.6618
0.1613 0.502 1.0 0.4559 0.4698 0.5089 0.4606 0.4582 0.5296 0.4836 0.4628 0.5411 0.4997 0.4606 0.5366 0.5134 0.4651 0.5134 0.5227 0.472 0.4789 0.5227 0.4743 0.6607 0.6329 0.6143 0.656 0.6513 0.6306 0.6746 0.6814 0.6468 0.6676 0.7023 0.6607 0.6583 0.7139 0.6652 0.6421 0.7092 0.6699 0.6329 0.6861 0.648 0.6157 0.6596 0.6802 0.6341 0.6641 0.6964 0.648 0.6572 0.7194 0.6641 0.6433 0.7172 0.6733 0.6319 0.6964 0.671 0.6296 0.6618 0.6664
0.0767 0.472 1.0 0.4698 0.5089 0.4606 0.4582 0.5296 0.4836 0.4628 0.5411 0.4997 0.4606 0.5366 0.5134 0.4651 0.5134 0.5227 0.472 0.4789 0.5227 0.4743 0.4513 0.6329 0.6143 0.656 0.6513 0.6306 0.6746 0.6814 0.6468 0.6676 0.7023 0.6607 0.6583 0.7139 0.6652 0.6421 0.7092 0.6699 0.6329 0.6861 0.6722 0.6157 0.6596 0.6802 0.6341 0.6641 0.6964 0.648 0.6572 0.7194 0.6641 0.6433 0.7172 0.6733 0.6319 0.6964 0.671 0.6296 0.6618 0.6664 0.6272
0.169 0.4374 1.0 0.5089 0.4606 0.4582 0.5296 0.4836 0.4628 0.5411 0.4997 0.4606 0.5366 0.5134 0.4651 0.5134 0.5227 0.472 0.4789 0.5227 0.4743 0.4513 0.502 0.6143 0.656 0.6513 0.6306 0.6746 0.6814 0.6468 0.6676 0.7023 0.6607 0.6583 0.7139 0.6652 0.6421 0.7092 0.6699 0.6329 0.6861 0.6722 0.6398 0.6596 0.6802 0.6341 0.6641 0.6964 0.648 0.6572 0.7194 0.6641 0.6433 0.7172 0.6733 0.6319 0.6964 0.671 0.6296 0.6618 0.6664 0.6272 0.6272
0.1 0.4052 1.0 0.4606 0.4582 0.5296 0.4836 0.4628 0.5411 0.4997 0.4606 0.5366 0.5134 0.4651 0.5134 0.5227 0.472 0.4789 0.5227 0.4743 0.4513 0.502 0.472 0.656 0.6513 0.6306 0.6746 0.6814 0.6468 0.6676 0.7023 0.6607 0.6583 0.7139 0.6652 0.6421 0.7092 0.6699 0.6329 0.6861 0.6722 0.6398 0.656 0.6802 0.6341 0.6641 0.6964 0.648 0.6572 0.7194 0.6641 0.6433 0.7172 0.6733 0.6319 0.6964 0.671 0.6296 0.6618 0.6664 0.6272 0.6272 0.6572
0.1153 0.3868 1.0 0.4582 0.5296 0.4836 0.4628 0.5411 0.4997 0.4606 0.5366 0.5134 0.4651 0.5134 0.5227 0.472 0.4789 0.5227 0.4743 0.4513 0.502 0.472 0.4374 0.6513 0.6306 0.6746 0.6814 0.6468 0.6676 0.7023 0.6607 0.6583 0.7139 0.6652 0.6421 0.7092 0.6699 0.6329 0.6861 0.6722 0.6398 0.656 0.6791 0.6341 0.6641 0.6964 0.648 0.6572 0.7194 0.6641 0.6433 0.7172 0.6733 0.6319 0.6964 0.671 0.6296 0.6618 0.6664 0.6272 0.6272 0.6572 0.6272
