0.0537 0.5373 0.0 0.36 0.4476 0.4152 0.3853 0.4568 0.4544 0.4199 0.4544 0.4821 0.4452 0.436 0.4959 0.4682 0.4476 0.4659 0.4936 0.4706 0.4774 0.5212 0.5051 0.4083 0.3737 0.406 0.45 0.4107 0.4083 0.4848 0.4547 0.4316 0.4871 0.4917 0.4639 0.4917 0.5126 0.4917 0.4893 0.5333 0.5357 0.5171 0.5357 0.3781 0.385 0.4496 0.4081 0.3897 0.4681 0.4427 0.4173 0.4611 0.4727 0.445 0.4496 0.4888 0.4681 0.4658 0.4934 0.4888 0.4796 0.498 0.5488
0.0153 0.5811 0.0 0.4476 0.4152 0.3853 0.4568 0.4544 0.4199 0.4544 0.4821 0.4452 0.436 0.4959 0.4682 0.4476 0.4659 0.4936 0.4706 0.4774 0.5212 0.5051 0.5097 0.3737 0.406 0.45 0.4107 0.4083 0.4848 0.4547 0.4316 0.4871 0.4917 0.4639 0.4917 0.5126 0.4917 0.4893 0.5333 0.5357 0.5171 0.5357 0.582 0.385 0.4496 0.4081 0.3897 0.4681 0.4427 0.4173 0.4611 0.4727 0.445 0.4496 0.4888 0.4681 0.4658 0.4934 0.4888 0.4796 0.498 0.5488 0.5372
0.092 0.5627 0.0 0.4152 0.3853 0.4568 0.4544 0.4199 0.4544 0.4821 0.4452 0.436 0.4959 0.4682 0.4476 0.4659 0.4936 0.4706 0.4774 0.5212 0.5051 0.5097 0.5373 0.406 0.45 0.4107 0.4083 0.4848 0.4547 0.4316 0.4871 0.4917 0.4639 0.4917 0.5126 0.4917 0.4893 0.5333 0.5357 0.5171 0.5357 0.582 0.5588 0.4496 0.4081 0.3897 0.4681 0.4427 0.4173 0.4611 0.4727 0.445 0.4496 0.4888 0.4681 0.4658 0.4934 0.4888 0.4796 0.498 0.5488 0.5372 0.5464
0.146 0.5742 0.0 0.3853 0.4568 0.4544 0.4199 0.4544 0.4821 0.4452 0.436 0.4959 0.4682 0.4476 0.4659 0.4936 0.4706 0.4774 0.5212 0.5051 0.5097 0.5373 0.5811 0.45 0.4107 0.4083 0.4848 0.4547 0.4316 0.4871 0.4917 0.4639 0.4917 0.5126 0.4917 0.4893 0.5333 0.5357 0.5171 0.5357 0.582 0.5588 0.5681 0.4081 0.3897 0.4681 0.4427 0.4173 0.4611 0.4727 0.445 0.4496 0.4888 0.4681 0.4658 0.4934 0.4888 0.4796 0.498 0.5488 0.5372 0.5464 0.5949
0.0613 0.6433 0.0 0.4568 0.4544 0.4199 0.4544 0.4821 0.4452 0.436 0.4959 0.4682 0.4476 0.4659 0.4936 0.4706 0.4774 0.5212 0.5051 0.5097 0.5373 0.5811 0.5627 0.4107 0.4083 0.4848 0.4547 0.4316 0.4871 0.4917 0.4639 0.4917 0.5126 0.4917 0.4893 0.5333 0.5357 0.5171 0.5357 0.582 0.5588 0.5681 0.6167 0.3897 0.4681 0.4427 0.4173 0.4611 0.4727 0.445 0.4496 0.4888 0.4681 0.4658 0.4934 0.4888 0.4796 0.498 0.5488 0.5372 0.5464 0.5949 0.6041
0.0383 0.6064 0.0 0.4544 0.4199 0.4544 0.4821 0.4452 0.436 0.4959 0.4682 0.4476 0.4659 0.4936 0.4706 0.4774 0.5212 0.5051 0.5097 0.5373 0.5811 0.5627 0.5742 0.4083 0.4848 0.4547 0.4316 0.4871 0.4917 0.4639 0.4917 0.5126 0.4917 0.4893 0.5333 0.5357 0.5171 0.5357 0.582 0.5588 0.5681 0.6167 0.6143 0.4681 0.4427 0.4173 0.4611 0.4727 0.445 0.4496 0.4888 0.4681 0.4658 0.4934 0.4888 0.4796 0.498 0.5488 0.5372 0.5464 0.5949 0.6041 0.5857
0.2303 0.5972 0.0 0.4199 0.4544 0.4821 0.4452 0.436 0.4959 0.4682 0.4476 0.4659 0.4936 0.4706 0.4774 0.5212 0.5051 0.5097 0.5373 0.5811 0.5627 0.5742 0.6433 0.4848 0.4547 0.4316 0.4871 0.4917 0.4639 0.4917 0.5126 0.4917 0.4893 0.5333 0.5357 0.5171 0.5357 0.582 0.5588 0.5681 0.6167 0.6143 0.6051 0.4427 0.4173 0.4611 0.4727 0.445 0.4496 0.4888 0.4681 0.4658 0.4934 0.4888 0.4796 0.498 0.5488 0.5372 0.5464 0.5949 0.6041 0.5857 0.6088
0.123 0.6594 0.0 0.4544 0.4821 0.4452 0.436 0.4959 0.4682 0.4476 0.4659 0.4936 0.4706 0.4774 0.5212 0.5051 0.5097 0.5373 0.5811 0.5627 0.5742 0.6433 0.6064 0.4547 0.4316 0.4871 0.4917 0.4639 0.4917 0.5126 0.4917 0.4893 0.5333 0.5357 0.5171 0.5357 0.582 0.5588 0.5681 0.6167 0.6143 0.6051 0.6329 0.4173 0.4611 0.4727 0.445 0.4496 0.4888 0.4681 0.4658 0.4934 0.4888 0.4796 0.498 0.5488 0.5372 0.5464 0.5949 0.6041 0.5857 0.6088 0.6549
0.0307 0.6294 0.0 0.4821 0.4452 0.436 0.4959 0.4682 0.4476 0.4659 0.4936 0.4706 0.4774 0.5212 0.5051 0.5097 0.5373 0.5811 0.5627 0.5742 0.6433 0.6064 0.5972 0.4316 0.4871 0.4917 0.4639 0.4917 0.5126 0.4917 0.4893 0.5333 0.5357 0.5171 0.5357 0.582 0.5588 0.5681 0.6167 0.6143 0.6051 0.6329 0.6444 0.4611 0.4727 0.445 0.4496 0.4888 0.4681 0.4658 0.4934 0.4888 0.4796 0.498 0.5488 0.5372 0.5464 0.5949 0.6041 0.5857 0.6088 0.6549 0.6111
0.2073 0.6064 0.0 0.4452 0.436 0.4959 0.4682 0.4476 0.4659 0.4936 0.4706 0.4774 0.5212 0.5051 0.5097 0.5373 0.5811 0.5627 0.5742 0.6433 0.6064 0.5972 0.6594 0.4871 0.4917 0.4639 0.4917 0.5126 0.4917 0.4893 0.5333 0.5357 0.5171 0.5357 0.582 0.5588 0.5681 0.6167 0.6143 0.6051 0.6329 0.6444 0.6167 0.4727 0.445 0.4496 0.4888 0.4681 0.4658 0.4934 0.4888 0.4796 0.498 0.5488 0.5372 0.5464 0.5949 0.6041 0.5857 0.6088 0.6549 0.6111 0.6111
0.1 0.6548 0.0 0.436 0.4959 0.4682 0.4476 0.4659 0.4936 0.4706 0.4774 0.5212 0.5051 0.5097 0.5373 0.5811 0.5627 0.5742 0.6433 0.6064 0.5972 0.6594 0.6294 0.4917 0.4639 0.4917 0.5126 0.4917 0.4893 0.5333 0.5357 0.5171 0.5357 0.582 0.5588 0.5681 0.6167 0.6143 0.6051 0.6329 0.6444 0.6167 0.6236 0.445 0.4496 0.4888 0.4681 0.4658 0.4934 0.4888 0.4796 0.498 0.5488 0.5372 0.5464 0.5949 0.6041 0.5857 0.6088 0.6549 0.6111 0.6111 0.671
0.0767 0.6318 0.0 0.4959 0.4682 0.4476 0.4659 0.4936 0.4706 0.4774 0.5212 0.5051 0.5097 0.5373 0.5811 0.5627 0.5742 0.6433 0.6064 0.5972 0.6594 0.6294 0.6064 0.4639 0.4917 0.5126 0.4917 0.4893 0.5333 0.5357 0.5171 0.5357 0.582 0.5588 0.5681 0.6167 0.6143 0.6051 0.6329 0.6444 0.6167 0.6236 0.6468 0.4496 0.4888 0.4681 0.4658 0.4934 0.4888 0.4796 0.498 0.5488 0.5372 0.5464 0.5949 0.6041 0.5857 0.6088 0.6549 0.6111 0.6111 0.671 0.6272
0.1613 0.6041 0.0 0.4682 0.4476 0.4659 0.4936 0.4706 0.4774 0.5212 0.5051 0.5097 0.5373 0.5811 0.5627 0.5742 0.6433 0.6064 0.5972 0.6594 0.6294 0.6064 0.6548 0.4917 0.5126 0.4917 0.4893 0.5333 0.5357 0.5171 0.5357 0.582 0.5588 0.5681 0.6167 0.6143 0.6051 0.6329 0.6444 0.6167 0.6236 0.6468 0.6167 0.4888 0.4681 0.4658 0.4934 0.4888 0.4796 0.498 0.5488 0.5372 0.5464 0.5949 0.6041 0.5857 0.6088 0.6549 0.6111 0.6111 0.671 0.6272 0.618
0.0767 0.6456 0.0 0.4476 0.4659 0.4936 0.4706 0.4774 0.5212 0.5051 0.5097 0.5373 0.5811 0.5627 0.5742 0.6433 0.6064 0.5972 0.6594 0.6294 0.6064 0.6548 0.6318 0.5126 0.4917 0.4893 0.5333 0.5357 0.5171 0.5357 0.582 0.5588 0.5681 0.6167 0.6143 0.6051 0.6329 0.6444 0.6167 0.6236 0.6468 0.6167 0.619 0.4681 0.4658 0.4934 0.4888 0.4796 0.498 0.5488 0.5372 0.5464 0.5949 0.6041 0.5857 0.6088 0.6549 0.6111 0.6111 0.671 0.6272 0.618 0.6757
0.0923 0.6364 0.0 0.4659 0.4936 0.4706 0.4774 0.5212 0.5051 0.5097 0.5373 0.5811 0.5627 0.5742 0.6433 0.6064 0.5972 0.6594 0.6294 0.6064 0.6548 0.6318 0.6041 0.4917 0.4893 0.5333 0.5357 0.5171 0.5357 0.582 0.5588 0.5681 0.6167 0.6143 0.6051 0.6329 0.6444 0.6167 0.6236 0.6468 0.6167 0.619 0.6421 0.4658 0.4934 0.4888 0.4796 0.498 0.5488 0.5372 0.5464 0.5949 0.6041 0.5857 0.6088 0.6549 0.6111 0.6111 0.671 0.6272 0.618 0.6757 0.6411
0.1383 0.6064 0.0 0.4936 0.4706 0.4774 0.5212 0.5051 0.5097 0.5373 0.5811 0.5627 0.5742 0.6433 0.6064 0.5972 0.6594 0.6294 0.6064 0.6548 0.6318 0.6041 0.6456 0.4893 0.5333 0.5357 0.5171 0.5357 0.582 0.5588 0.5681 0.6167 0.6143 0.6051 0.6329 0.6444 0.6167 0.6236 0.6468 0.6167 0.619 0.6421 0.612 0.4934 0.4888 0.4796 0.498 0.5488 0.5372 0.5464 0.5949 0.6041 0.5857 0.6088 0.6549 0.6111 0.6111 0.671 0.6272 0.618 0.6757 0.6411 0.6249
0.0307 0.6548 0.0 0.4706 0.4774 0.5212 0.5051 0.5097 0.5373 0.5811 0.5627 0.5742 0.6433 0.6064 0.5972 0.6594 0.6294 0.6064 0.6548 0.6318 0.6041 0.6456 0.6364 0.5333 0.5357 0.5171 0.5357 0.582 0.5588 0.5681 0.6167 0.6143 0.6051 0.6329 0.6444 0.6167 0.6236 0.6468 0.6167 0.619 0.6421 0.612 0.619 0.4888 0.4796 0.498 0.5488 0.5372 0.5464 0.5949 0.6041 0.5857 0.6088 0.6549 0.6111 0.6111 0.671 0.6272 0.618 0.6757 0.6411 0.6249 0.6849
0.1 0.6594 0.0 0.4774 0.5212 0.5051 0.5097 0.5373 0.5811 0.5627 0.5742 0.6433 0.6064 0.5972 0.6594 0.6294 0.6064 0.6548 0.6318 0.6041 0.6456 0.6364 0.6064 0.5357 0.5171 0.5357 0.582 0.5588 0.5681 0.6167 0.6143 0.6051 0.6329 0.6444 0.6167 0.6236 0.6468 0.6167 0.619 0.6421 0.612 0.619 0.6537 0.4796 0.498 0.5488 0.5372 0.5464 0.5949 0.6041 0.5857 0.6088 0.6549 0.6111 0.6111 0.671 0.6272 0.618 0.6757 0.6411 0.6249 0.6849 0.6433
0.1613 0.6202 0.0 0.5212 0.5051 0.5097 0.5373 0.5811 0.5627 0.5742 0.6433 0.6064 0.5972 0.6594 0.6294 0.6064 0.6548 0.6318 0.6041 0.6456 0.6364 0.6064 0.6548 0.5171 0.5357 0.582 0.5588 0.5681 0.6167 0.6143 0.6051 0.6329 0.6444 0.6167 0.6236 0.6468 0.6167 0.619 0.6421 0.612 0.619 0.6537 0.6259 0.498 0.5488 0.5372 0.5464 0.5949 0.6041 0.5857 0.6088 0.6549 0.6111 0.6111 0.671 0.6272 0.618 0.6757 0.6411 0.6249 0.6849 0.6433 0.6272
0.0153 0.6732 0.0 0.5051 0.5097 0.5373 0.5811 0.5627 0.5742 0.6433 0.6064 0.5972 0.6594 0.6294 0.6064 0.6548 0.6318 0.6041 0.6456 0.6364 0.6064 0.6548 0.6594 0.5357 0.582 0.5588 0.5681 0.6167 0.6143 0.6051 0.6329 0.6444 0.6167 0.6236 0.6468 0.6167 0.619 0.6421 0.612 0.619 0.6537 0.6259 0.6306 0.5488 0.5372 0.5464 0.5949 0.6041 0.5857 0.6088 0.6549 0.6111 0.6111 0.671 0.6272 0.618 0.6757 0.6411 0.6249 0.6849 0.6433 0.6272 0.6849
0.1307 0.6709 0.0 0.5097 0.5373 0.5811 0.5627 0.5742 0.6433 0.6064 0.5972 0.6594 0.6294 0.6064 0.6548 0.6318 0.6041 0.6456 0.6364 0.6064 0.6548 0.6594 0.6202 0.582 0.5588 0.5681 0.6167 0.6143 0.6051 0.6329 0.6444 0.6167 0.6236 0.6468 0.6167 0.619 0.6421 0.612 0.619 0.6537 0.6259 0.6306 0.6791 0.5372 0.5464 0.5949 0.6041 0.5857 0.6088 0.6549 0.6111 0.6111 0.671 0.6272 0.618 0.6757 0.6411 0.6249 0.6849 0.6433 0.6272 0.6849 0.6526
0.1767 0.6294 0.0 0.5373 0.5811 0.5627 0.5742 0.6433 0.6064 0.5972 0.6594 0.6294 0.6064 0.6548 0.6318 0.6041 0.6456 0.6364 0.6064 0.6548 0.6594 0.6202 0.6732 0.5588 0.5681 0.6167 0.6143 0.6051 0.6329 0.6444 0.6167 0.6236 0.6468 0.6167 0.619 0.6421 0.612 0.619 0.6537 0.6259 0.6306 0.6791 0.6444 0.5464 0.5949 0.6041 0.5857 0.6088 0.6549 0.6111 0.6111 0.671 0.6272 0.618 0.6757 0.6411 0.6249 0.6849 0.6433 0.6272 0.6849 0.6526 0.6272
0.0077 0.6687 0.0 0.5811 0.5627 0.5742 0.6433 0.6064 0.5972 0.6594 0.6294 0.6064 0.6548 0.6318 0.6041 0.6456 0.6364 0.6064 0.6548 0.6594 0.6202 0.6732 0.6709 0.5681 0.6167 0.6143 0.6051 0.6329 0.6444 0.6167 0.6236 0.6468 0.6167 0.619 0.6421 0.612 0.619 0.6537 0.6259 0.6306 0.6791 0.6444 0.6352 0.5949 0.6041 0.5857 0.6088 0.6549 0.6111 0.6111 0.671 0.6272 0.618 0.6757 0.6411 0.6249 0.6849 0.6433 0.6272 0.6849 0.6526 0.6272 0.6988
0.1383 0.6962 0.0 0.5627 0.5742 0.6433 0.6064 0.5972 0.6594 0.6294 0.6064 0.6548 0.6318 0.6041 0.6456 0.6364 0.6064 0.6548 0.6594 0.6202 0.6732 0.6709 0.6294 0.6167 0.6143 0.6051 0.6329 0.6444 0.6167 0.6236 0.6468 0.6167 0.619 0.6421 0.612 0.619 0.6537 0.6259 0.6306 0.6791 0.6444 0.6352 0.6908 0.6041 0.5857 0.6088 0.6549 0.6111 0.6111 0.671 0.6272 0.618 0.6757 0.6411 0.6249 0.6849 0.6433 0.6272 0.6849 0.6526 0.6272 0.6988 0.678
0.131 0.6456 0.0 0.5742 0.6433 0.6064 0.5972 0.6594 0.6294 0.6064 0.6548 0.6318 0.6041 0.6456 0.6364 0.6064 0.6548 0.6594 0.6202 0.6732 0.6709 0.6294 0.6687 0.6143 0.6051 0.6329 0.6444 0.6167 0.6236 0.6468 0.6167 0.619 0.6421 0.612 0.619 0.6537 0.6259 0.6306 0.6791 0.6444 0.6352 0.6908 0.6607 0.5857 0.6088 0.6549 0.6111 0.6111 0.671 0.6272 0.618 0.6757 0.6411 0.6249 0.6849 0.6433 0.6272 0.6849 0.6526 0.6272 0.6988 0.678 0.6411
0.0917 0.6594 0.0 0.6433 0.6064 0.5972 0.6594 0.6294 0.6064 0.6548 0.6318 0.6041 0.6456 0.6364 0.6064 0.6548 0.6594 0.6202 0.6732 0.6709 0.6294 0.6687 0.6962 0.6051 0.6329 0.6444 0.6167 0.6236 0.6468 0.6167 0.619 0.6421 0.612 0.619 0.6537 0.6259 0.6306 0.6791 0.6444 0.6352 0.6908 0.6607 0.6444 0.6088 0.6549 0.6111 0.6111 0.671 0.6272 0.618 0.6757 0.6411 0.6249 0.6849 0.6433 0.6272 0.6849 0.6526 0.6272 0.6988 0.678 0.6411 0.7057
0.1687 0.7078 0.0 0.6064 0.5972 0.6594 0.6294 0.6064 0.6548 0.6318 0.6041 0.6456 0.6364 0.6064 0.6548 0.6594 0.6202 0.6732 0.6709 0.6294 0.6687 0.6962 0.6456 0.6329 0.6444 0.6167 0.6236 0.6468 0.6167 0.619 0.6421 0.612 0.619 0.6537 0.6259 0.6306 0.6791 0.6444 0.6352 0.6908 0.6607 0.6444 0.7092 0.6549 0.6111 0.6111 0.671 0.6272 0.618 0.6757 0.6411 0.6249 0.6849 0.6433 0.6272 0.6849 0.6526 0.6272 0.6988 0.678 0.6411 0.7057 0.6941
0.046 0.6548 0.0 0.5972 0.6594 0.6294 0.6064 0.6548 0.6318 0.6041 0.6456 0.6364 0.6064 0.6548 0.6594 0.6202 0.6732 0.6709 0.6294 0.6687 0.6962 0.6456 0.6594 0.6444 0.6167 0.6236 0.6468 0.6167 0.619 0.6421 0.612 0.619 0.6537 0.6259 0.6306 0.6791 0.6444 0.6352 0.6908 0.6607 0.6444 0.7092 0.6769 0.6111 0.6111 0.671 0.6272 0.618 0.6757 0.6411 0.6249 0.6849 0.6433 0.6272 0.6849 0.6526 0.6272 0.6988 0.678 0.6411 0.7057 0.6941 0.6503
0.1613 0.6433 0.0 0.6594 0.6294 0.6064 0.6548 0.6318 0.6041 0.6456 0.6364 0.6064 0.6548 0.6594 0.6202 0.6732 0.6709 0.6294 0.6687 0.6962 0.6456 0.6594 0.7078 0.6167 0.6236 0.6468 0.6167 0.619 0.6421 0.612 0.619 0.6537 0.6259 0.6306 0.6791 0.6444 0.6352 0.6908 0.6607 0.6444 0.7092 0.6769 0.6468 0.6111 0.671 0.6272 0.618 0.6757 0.6411 0.6249 0.6849 0.6433 0.6272 0.6849 0.6526 0.6272 0.6988 0.678 0.6411 0.7057 0.6941 0.6503 0.6964
0.1767 0.7078 0.0 0.6294 0.6064 0.6548 0.6318 0.6041 0.6456 0.6364 0.6064 0.6548 0.6594 0.6202 0.6732 0.6709 0.6294 0.6687 0.6962 0.6456 0.6594 0.7078 0.6548 0.6236 0.6468 0.6167 0.619 0.6421 0.612 0.619 0.6537 0.6259 0.6306 0.6791 0.6444 0.6352 0.6908 0.6607 0.6444 0.7092 0.6769 0.6468 0.7069 0.671 0.6272 0.618 0.6757 0.6411 0.6249 0.6849 0.6433 0.6272 0.6849 0.6526 0.6272 0.6988 0.678 0.6411 0.7057 0.6941 0.6503 0.6964 0.701
0.0383 0.6571 0.0 0.6064 0.6548 0.6318 0.6041 0.6456 0.6364 0.6064 0.6548 0.6594 0.6202 0.6732 0.6709 0.6294 0.6687 0.6962 0.6456 0.6594 0.7078 0.6548 0.6433 0.6468 0.6167 0.619 0.6421 0.612 0.619 0.6537 0.6259 0.6306 0.6791 0.6444 0.6352 0.6908 0.6607 0.6444 0.7092 0.6769 0.6468 0.7069 0.6884 0.6272 0.618 0.6757 0.6411 0.6249 0.6849 0.6433 0.6272 0.6849 0.6526 0.6272 0.6988 0.678 0.6411 0.7057 0.6941 0.6503 0.6964 0.701 0.6549
0.215 0.6249 0.0 0.6548 0.6318 0.6041 0.6456 0.6364 0.6064 0.6548 0.6594 0.6202 0.6732 0.6709 0.6294 0.6687 0.6962 0.6456 0.6594 0.7078 0.6548 0.6433 0.7078 0.6167 0.619 0.6421 0.612 0.619 0.6537 0.6259 0.6306 0.6791 0.6444 0.6352 0.6908 0.6607 0.6444 0.7092 0.6769 0.6468 0.7069 0.6884 0.6491 0.618 0.6757 0.6411 0.6249 0.6849 0.6433 0.6272 0.6849 0.6526 0.6272 0.6988 0.678 0.6411 0.7057 0.6941 0.6503 0.6964 0.701 0.6549 0.6688
0.169 0.7009 0.0 0.6318 0.6041 0.6456 0.6364 0.6064 0.6548 0.6594 0.6202 0.6732 0.6709 0.6294 0.6687 0.6962 0.6456 0.6594 0.7078 0.6548 0.6433 0.7078 0.6571 0.619 0.6421 0.612 0.619 0.6537 0.6259 0.6306 0.6791 0.6444 0.6352 0.6908 0.6607 0.6444 0.7092 0.6769 0.6468 0.7069 0.6884 0.6491 0.6884 0.6757 0.6411 0.6249 0.6849 0.6433 0.6272 0.6849 0.6526 0.6272 0.6988 0.678 0.6411 0.7057 0.6941 0.6503 0.6964 0.701 0.6549 0.6688 0.701
0.1073 0.6594 0.0 0.6041 0.6456 0.6364 0.6064 0.6548 0.6594 0.6202 0.6732 0.6709 0.6294 0.6687 0.6962 0.6456 0.6594 0.7078 0.6548 0.6433 0.7078 0.6571 0.6249 0.6421 0.612 0.619 0.6537 0.6259 0.6306 0.6791 0.6444 0.6352 0.6908 0.6607 0.6444 0.7092 0.6769 0.6468 0.7069 0.6884 0.6491 0.6884 0.693 0.6411 0.6249 0.6849 0.6433 0.6272 0.6849 0.6526 0.6272 0.6988 0.678 0.6411 0.7057 0.6941 0.6503 0.6964 0.701 0.6549 0.6688 0.701 0.6503
0.2533 0.618 0.0 0.6456 0.6364 0.6064 0.6548 0.6594 0.6202 0.6732 0.6709 0.6294 0.6687 0.6962 0.6456 0.6594 0.7078 0.6548 0.6433 0.7078 0.6571 0.6249 0.7009 0.612 0.619 0.6537 0.6259 0.6306 0.6791 0.6444 0.6352 0.6908 0.6607 0.6444 0.7092 0.6769 0.6468 0.7069 0.6884 0.6491 0.6884 0.693 0.6513 0.6249 0.6849 0.6433 0.6272 0.6849 0.6526 0.6272 0.6988 0.678 0.6411 0.7057 0.6941 0.6503 0.6964 0.701 0.6549 0.6688 0.701 0.6503 0.6364
0.1383 0.6687 0.0 0.6364 0.6064 0.6548 0.6594 0.6202 0.6732 0.6709 0.6294 0.6687 0.6962 0.6456 0.6594 0.7078 0.6548 0.6433 0.7078 0.6571 0.6249 0.7009 0.6594 0.619 0.6537 0.6259 0.6306 0.6791 0.6444 0.6352 0.6908 0.6607 0.6444 0.7092 0.6769 0.6468 0.7069 0.6884 0.6491 0.6884 0.693 0.6513 0.663 0.6849 0.6433 0.6272 0.6849 0.6526 0.6272 0.6988 0.678 0.6411 0.7057 0.6941 0.6503 0.6964 0.701 0.6549 0.6688 0.701 0.6503 0.6364 0.6964
0.138 0.6548 0.0 0.6064 0.6548 0.6594 0.6202 0.6732 0.6709 0.6294 0.6687 0.6962 0.6456 0.6594 0.7078 0.6548 0.6433 0.7078 0.6571 0.6249 0.7009 0.6594 0.618 0.6537 0.6259 0.6306 0.6791 0.6444 0.6352 0.6908 0.6607 0.6444 0.7092 0.6769 0.6468 0.7069 0.6884 0.6491 0.6884 0.693 0.6513 0.663 0.6953 0.6433 0.6272 0.6849 0.6526 0.6272 0.6988 0.678 0.6411 0.7057 0.6941 0.6503 0.6964 0.701 0.6549 0.6688 0.701 0.6503 0.6364 0.6964 0.6457
0.169 0.6157 0.0 0.6548 0.6594 0.6202 0.6732 0.6709 0.6294 0.6687 0.6962 0.6456 0.6594 0.7078 0.6548 0.6433 0.7078 0.6571 0.6249 0.7009 0.6594 0.618 0.6687 0.6259 0.6306 0.6791 0.6444 0.6352 0.6908 0.6607 0.6444 0.7092 0.6769 0.6468 0.7069 0.6884 0.6491 0.6884 0.693 0.6513 0.663 0.6953 0.6513 0.6272 0.6849 0.6526 0.6272 0.6988 0.678 0.6411 0.7057 0.6941 0.6503 0.6964 0.701 0.6549 0.6688 0.701 0.6503 0.6364 0.6964 0.6457 0.6133
0.0463 0.5927 0.0 0.6594 0.6202 0.6732 0.6709 0.6294 0.6687 0.6962 0.6456 0.6594 0.7078 0.6548 0.6433 0.7078 0.6571 0.6249 0.7009 0.6594 0.618 0.6687 0.6548 0.6306 0.6791 0.6444 0.6352 0.6908 0.6607 0.6444 0.7092 0.6769 0.6468 0.7069 0.6884 0.6491 0.6884 0.693 0.6513 0.663 0.6953 0.6513 0.6421 0.6849 0.6526 0.6272 0.6988 0.678 0.6411 0.7057 0.6941 0.6503 0.6964 0.701 0.6549 0.6688 0.701 0.6503 0.6364 0.6964 0.6457 0.6133 0.671
0.1303 0.5673 0.0 0.6202 0.6732 0.6709 0.6294 0.6687 0.6962 0.6456 0.6594 0.7078 0.6548 0.6433 0.7078 0.6571 0.6249 0.7009 0.6594 0.618 0.6687 0.6548 0.6157 0.6791 0.6444 0.6352 0.6908 0.6607 0.6444 0.7092 0.6769 0.6468 0.7069 0.6884 0.6491 0.6884 0.693 0.6513 0.663 0.6953 0.6513 0.6421 0.6908 0.6526 0.6272 0.6988 0.678 0.6411 0.7057 0.6941 0.6503 0.6964 0.701 0.6549 0.6688 0.701 0.6503 0.6364 0.6964 0.6457 0.6133 0.671 0.6433
0.0767 0.5511 0.0 0.6732 0.6709 0.6294 0.6687 0.6962 0.6456 0.6594 0.7078 0.6548 0.6433 0.7078 0.6571 0.6249 0.7009 0.6594 0.618 0.6687 0.6548 0.6157 0.5927 0.6444 0.6352 0.6908 0.6607 0.6444 0.7092 0.6769 0.6468 0.7069 0.6884 0.6491 0.6884 0.693 0.6513 0.663 0.6953 0.6513 0.6421 0.6908 0.6583 0.6272 0.6988 0.678 0.6411 0.7057 0.6941 0.6503 0.6964 0.701 0.6549 0.6688 0.701 0.6503 0.6364 0.6964 0.6457 0.6133 0.671 0.6433 0.6111
0.0847 0.5258 0.0 0.6709 0.6294 0.6687 0.6962 0.6456 0.6594 0.7078 0.6548 0.6433 0.7078 0.6571 0.6249 0.7009 0.6594 0.618 0.6687 0.6548 0.6157 0.5927 0.5673 0.6352 0.6908 0.6607 0.6444 0.7092 0.6769 0.6468 0.7069 0.6884 0.6491 0.6884 0.693 0.6513 0.663 0.6953 0.6513 0.6421 0.6908 0.6583 0.6236 0.6988 0.678 0.6411 0.7057 0.6941 0.6503 0.6964 0.701 0.6549 0.6688 0.701 0.6503 0.6364 0.6964 0.6457 0.6133 0.671 0.6433 0.6111 0.5857
0.054 0.5074 0.0 0.6294 0.6687 0.6962 0.6456 0.6594 0.7078 0.6548 0.6433 0.7078 0.6571 0.6249 0.7009 0.6594 0.618 0.6687 0.6548 0.6157 0.5927 0.5673 0.5511 0.6908 0.6607 0.6444 0.7092 0.6769 0.6468 0.7069 0.6884 0.6491 0.6884 0.693 0.6513 0.663 0.6953 0.6513 0.6421 0.6908 0.6583 0.6236 0.5936 0.678 0.6411 0.7057 0.6941 0.6503 0.6964 0.701 0.6549 0.6688 0.701 0.6503 0.6364 0.6964 0.6457 0.6133 0.671 0.6433 0.6111 0.5857 0.5719
0.0843 0.4936 0.0 0.6687 0.6962 0.6456 0.6594 0.7078 0.6548 0.6433 0.7078 0.6571 0.6249 0.7009 0.6594 0.618 0.6687 0.6548 0.6157 0.5927 0.5673 0.5511 0.5258 0.6607 0.6444 0.7092 0.6769 0.6468 0.7069 0.6884 0.6491 0.6884 0.693 0.6513 0.663 0.6953 0.6513 0.6421 0.6908 0.6583 0.6236 0.5936 0.5773 0.6411 0.7057 0.6941 0.6503 0.6964 0.701 0.6549 0.6688 0.701 0.6503 0.6364 0.6964 0.6457 0.6133 0.671 0.6433 0.6111 0.5857 0.5719 0.5534
0.0613 0.4751 0.0 0.6962 0.6456 0.6594 0.7078 0.6548 0.6433 0.7078 0.6571 0.6249 0.7009 0.6594 0.618 0.6687 0.6548 0.6157 0.5927 0.5673 0.5511 0.5258 0.5074 0.6444 0.7092 0.6769 0.6468 0.7069 0.6884 0.6491 0.6884 0.693 0.6513 0.663 0.6953 0.6513 0.6421 0.6908 0.6583 0.6236 0.5936 0.5773 0.5564 0.7057 0.6941 0.6503 0.6964 0.701 0.6549 0.6688 0.701 0.6503 0.6364 0.6964 0.6457 0.6133 0.671 0.6433 0.6111 0.5857 0.5719 0.5534 0.5327
0.046 0.4544 0.0 0.6456 0.6594 0.7078 0.6548 0.6433 0.7078 0.6571 0.6249 0.7009 0.6594 0.618 0.6687 0.6548 0.6157 0.5927 0.5673 0.5511 0.5258 0.5074 0.4936 0.7092 0.6769 0.6468 0.7069 0.6884 0.6491 0.6884 0.693 0.6513 0.663 0.6953 0.6513 0.6421 0.6908 0.6583 0.6236 0.5936 0.5773 0.5564 0.531 0.6941 0.6503 0.6964 0.701 0.6549 0.6688 0.701 0.6503 0.6364 0.6964 0.6457 0.6133 0.671 0.6433 0.6111 0.5857 0.5719 0.5534 0.5327 0.5166
0.0617 0.4498 0.0 0.6594 0.7078 0.6548 0.6433 0.7078 0.6571 0.6249 0.7009 0.6594 0.618 0.6687 0.6548 0.6157 0.5927 0.5673 0.5511 0.5258 0.5074 0.4936 0.4751 0.6769 0.6468 0.7069 0.6884 0.6491 0.6884 0.693 0.6513 0.663 0.6953 0.6513 0.6421 0.6908 0.6583 0.6236 0.5936 0.5773 0.5564 0.531 0.5171 0.6503 0.6964 0.701 0.6549 0.6688 0.701 0.6503 0.6364 0.6964 0.6457 0.6133 0.671 0.6433 0.6111 0.5857 0.5719 0.5534 0.5327 0.5166 0.5072
0.069 0.4314 0.0 0.7078 0.6548 0.6433 0.7078 0.6571 0.6249 0.7009 0.6594 0.618 0.6687 0.6548 0.6157 0.5927 0.5673 0.5511 0.5258 0.5074 0.4936 0.4751 0.4544 0.6468 0.7069 0.6884 0.6491 0.6884 0.693 0.6513 0.663 0.6953 0.6513 0.6421 0.6908 0.6583 0.6236 0.5936 0.5773 0.5564 0.531 0.5171 0.5032 0.6964 0.701 0.6549 0.6688 0.701 0.6503 0.6364 0.6964 0.6457 0.6133 0.671 0.6433 0.6111 0.5857 0.5719 0.5534 0.5327 0.5166 0.5072 0.4866
0.0153 0.4107 0.0 0.6548 0.6433 0.7078 0.6571 0.6249 0.7009 0.6594 0.618 0.6687 0.6548 0.6157 0.5927 0.5673 0.5511 0.5258 0.5074 0.4936 0.4751 0.4544 0.4498 0.7069 0.6884 0.6491 0.6884 0.693 0.6513 0.663 0.6953 0.6513 0.6421 0.6908 0.6583 0.6236 0.5936 0.5773 0.5564 0.531 0.5171 0.5032 0.4801 0.701 0.6549 0.6688 0.701 0.6503 0.6364 0.6964 0.6457 0.6133 0.671 0.6433 0.6111 0.5857 0.5719 0.5534 0.5327 0.5166 0.5072 0.4866 0.4703
0.0613 0.406 0.0 0.6433 0.7078 0.6571 0.6249 0.7009 0.6594 0.618 0.6687 0.6548 0.6157 0.5927 0.5673 0.5511 0.5258 0.5074 0.4936 0.4751 0.4544 0.4498 0.4314 0.6884 0.6491 0.6884 0.693 0.6513 0.663 0.6953 0.6513 0.6421 0.6908 0.6583 0.6236 0.5936 0.5773 0.5564 0.531 0.5171 0.5032 0.4801 0.4662 0.6549 0.6688 0.701 0.6503 0.6364 0.6964 0.6457 0.6133 0.671 0.6433 0.6111 0.5857 0.5719 0.5534 0.5327 0.5166 0.5072 0.4866 0.4703 0.4634
0.069 0.3969 0.0 0.7078 0.6571 0.6249 0.7009 0.6594 0.618 0.6687 0.6548 0.6157 0.5927 0.5673 0.5511 0.5258 0.5074 0.4936 0.4751 0.4544 0.4498 0.4314 0.4107 0.6491 0.6884 0.693 0.6513 0.663 0.6953 0.6513 0.6421 0.6908 0.6583 0.6236 0.5936 0.5773 0.5564 0.531 0.5171 0.5032 0.4801 0.4662 0.457 0.6688 0.701 0.6503 0.6364 0.6964 0.6457 0.6133 0.671 0.6433 0.6111 0.5857 0.5719 0.5534 0.5327 0.5166 0.5072 0.4866 0.4703 0.4634 0.445
0.0157 0.3784 0.0 0.6571 0.6249 0.7009 0.6594 0.618 0.6687 0.6548 0.6157 0.5927 0.5673 0.5511 0.5258 0.5074 0.4936 0.4751 0.4544 0.4498 0.4314 0.4107 0.406 0.6884 0.693 0.6513 0.663 0.6953 0.6513 0.6421 0.6908 0.6583 0.6236 0.5936 0.5773 0.5564 0.531 0.5171 0.5032 0.4801 0.4662 0.457 0.4361 0.701 0.6503 0.6364 0.6964 0.6457 0.6133 0.671 0.6433 0.6111 0.5857 0.5719 0.5534 0.5327 0.5166 0.5072 0.4866 0.4703 0.4634 0.445 0.4289
0.0303 0.3738 0.0 0.6249 0.7009 0.6594 0.618 0.6687 0.6548 0.6157 0.5927 0.5673 0.5511 0.5258 0.5074 0.4936 0.4751 0.4544 0.4498 0.4314 0.4107 0.406 0.3969 0.693 0.6513 0.663 0.6953 0.6513 0.6421 0.6908 0.6583 0.6236 0.5936 0.5773 0.5564 0.531 0.5171 0.5032 0.4801 0.4662 0.457 0.4361 0.4222 0.6503 0.6364 0.6964 0.6457 0.6133 0.671 0.6433 0.6111 0.5857 0.5719 0.5534 0.5327 0.5166 0.5072 0.4866 0.4703 0.4634 0.445 0.4289 0.4289
0.0617 0.3716 0.0 0.7009 0.6594 0.618 0.6687 0.6548 0.6157 0.5927 0.5673 0.5511 0.5258 0.5074 0.4936 0.4751 0.4544 0.4498 0.4314 0.4107 0.406 0.3969 0.3784 0.6513 0.663 0.6953 0.6513 0.6421 0.6908 0.6583 0.6236 0.5936 0.5773 0.5564 0.531 0.5171 0.5032 0.4801 0.4662 0.457 0.4361 0.4222 0.4199 0.6364 0.6964 0.6457 0.6133 0.671 0.6433 0.6111 0.5857 0.5719 0.5534 0.5327 0.5166 0.5072 0.4866 0.4703 0.4634 0.445 0.4289 0.4289 0.4127
0.0153 0.3508 0.0 0.6594 0.618 0.6687 0.6548 0.6157 0.5927 0.5673 0.5511 0.5258 0.5074 0.4936 0.4751 0.4544 0.4498 0.4314 0.4107 0.406 0.3969 0.3784 0.3738 0.663 0.6953 0.6513 0.6421 0.6908 0.6583 0.6236 0.5936 0.5773 0.5564 0.531 0.5171 0.5032 0.4801 0.4662 0.457 0.4361 0.4222 0.4199 0.4014 0.6964 0.6457 0.6133 0.671 0.6433 0.6111 0.5857 0.5719 0.5534 0.5327 0.5166 0.5072 0.4866 0.4703 0.4634 0.445 0.4289 0.4289 0.4127 0.3966
0.0073 0.3462 0.0 0.618 0.6687 0.6548 0.6157 0.5927 0.5673 0.5511 0.5258 0.5074 0.4936 0.4751 0.4544 0.4498 0.4314 0.4107 0.406 0.3969 0.3784 0.3738 0.3716 0.6953 0.6513 0.6421 0.6908 0.6583 0.6236 0.5936 0.5773 0.5564 0.531 0.5171 0.5032 0.4801 0.4662 0.457 0.4361 0.4222 0.4199 0.4014 0.3876 0.6457 0.6133 0.671 0.6433 0.6111 0.5857 0.5719 0.5534 0.5327 0.5166 0.5072 0.4866 0.4703 0.4634 0.445 0.4289 0.4289 0.4127 0.3966 0.3966
0.0693 0.3439 0.0 0.6687 0.6548 0.6157 0.5927 0.5673 0.5511 0.5258 0.5074 0.4936 0.4751 0.4544 0.4498 0.4314 0.4107 0.406 0.3969 0.3784 0.3738 0.3716 0.3508 0.6513 0.6421 0.6908 0.6583 0.6236 0.5936 0.5773 0.5564 0.531 0.5171 0.5032 0.4801 0.4662 0.457 0.4361 0.4222 0.4199 0.4014 0.3876 0.3899 0.6133 0.671 0.6433 0.6111 0.5857 0.5719 0.5534 0.5327 0.5166 0.5072 0.4866 0.4703 0.4634 0.445 0.4289 0.4289 0.4127 0.3966 0.3966 0.385
0.0153 0.3278 0.0 0.6548 0.6157 0.5927 0.5673 0.5511 0.5258 0.5074 0.4936 0.4751 0.4544 0.4498 0.4314 0.4107 0.406 0.3969 0.3784 0.3738 0.3716 0.3508 0.3462 0.6421 0.6908 0.6583 0.6236 0.5936 0.5773 0.5564 0.531 0.5171 0.5032 0.4801 0.4662 0.457 0.4361 0.4222 0.4199 0.4014 0.3876 0.3899 0.3737 0.671 0.6433 0.6111 0.5857 0.5719 0.5534 0.5327 0.5166 0.5072 0.4866 0.4703 0.4634 0.445 0.4289 0.4289 0.4127 0.3966 0.3966 0.385 0.3689
0.0077 0.3162 0.0 0.6157 0.5927 0.5673 0.5511 0.5258 0.5074 0.4936 0.4751 0.4544 0.4498 0.4314 0.4107 0.406 0.3969 0.3784 0.3738 0.3716 0.3508 0.3462 0.3439 0.6908 0.6583 0.6236 0.5936 0.5773 0.5564 0.531 0.5171 0.5032 0.4801 0.4662 0.457 0.4361 0.4222 0.4199 0.4014 0.3876 0.3899 0.3737 0.3598 0.6433 0.6111 0.5857 0.5719 0.5534 0.5327 0.5166 0.5072 0.4866 0.4703 0.4634 0.445 0.4289 0.4289 0.4127 0.3966 0.3966 0.385 0.3689 0.3666
0.0537 0.3139 0.0 0.5927 0.5673 0.5511 0.5258 0.5074 0.4936 0.4751 0.4544 0.4498 0.4314 0.4107 0.406 0.3969 0.3784 0.3738 0.3716 0.3508 0.3462 0.3439 0.3278 0.6583 0.6236 0.5936 0.5773 0.5564 0.531 0.5171 0.5032 0.4801 0.4662 0.457 0.4361 0.4222 0.4199 0.4014 0.3876 0.3899 0.3737 0.3598 0.3551 0.6111 0.5857 0.5719 0.5534 0.5327 0.5166 0.5072 0.4866 0.4703 0.4634 0.445 0.4289 0.4289 0.4127 0.3966 0.3966 0.385 0.3689 0.3666 0.3597
0.0387 0.2978 0.0 0.5673 0.5511 0.5258 0.5074 0.4936 0.4751 0.4544 0.4498 0.4314 0.4107 0.406 0.3969 0.3784 0.3738 0.3716 0.3508 0.3462 0.3439 0.3278 0.3162 0.6236 0.5936 0.5773 0.5564 0.531 0.5171 0.5032 0.4801 0.4662 0.457 0.4361 0.4222 0.4199 0.4014 0.3876 0.3899 0.3737 0.3598 0.3551 0.3436 0.5857 0.5719 0.5534 0.5327 0.5166 0.5072 0.4866 0.4703 0.4634 0.445 0.4289 0.4289 0.4127 0.3966 0.3966 0.385 0.3689 0.3666 0.3597 0.3436
0.0077 0.2886 0.0 0.5511 0.5258 0.5074 0.4936 0.4751 0.4544 0.4498 0.4314 0.4107 0.406 0.3969 0.3784 0.3738 0.3716 0.3508 0.3462 0.3439 0.3278 0.3162 0.3139 0.5936 0.5773 0.5564 0.531 0.5171 0.5032 0.4801 0.4662 0.457 0.4361 0.4222 0.4199 0.4014 0.3876 0.3899 0.3737 0.3598 0.3551 0.3436 0.3297 0.5719 0.5534 0.5327 0.5166 0.5072 0.4866 0.4703 0.4634 0.445 0.4289 0.4289 0.4127 0.3966 0.3966 0.385 0.3689 0.3666 0.3597 0.3436 0.3342
0.0537 0.2817 0.0 0.5258 0.5074 0.4936 0.4751 0.4544 0.4498 0.4314 0.4107 0.406 0.3969 0.3784 0.3738 0.3716 0.3508 0.3462 0.3439 0.3278 0.3162 0.3139 0.2978 0.5773 0.5564 0.531 0.5171 0.5032 0.4801 0.4662 0.457 0.4361 0.4222 0.4199 0.4014 0.3876 0.3899 0.3737 0.3598 0.3551 0.3436 0.3297 0.3228 0.5534 0.5327 0.5166 0.5072 0.4866 0.4703 0.4634 0.445 0.4289 0.4289 0.4127 0.3966 0.3966 0.385 0.3689 0.3666 0.3597 0.3436 0.3342 0.3273
0.0307 0.2724 0.0 0.5074 0.4936 0.4751 0.4544 0.4498 0.4314 0.4107 0.406 0.3969 0.3784 0.3738 0.3716 0.3508 0.3462 0.3439 0.3278 0.3162 0.3139 0.2978 0.2886 0.5564 0.531 0.5171 0.5032 0.4801 0.4662 0.457 0.4361 0.4222 0.4199 0.4014 0.3876 0.3899 0.3737 0.3598 0.3551 0.3436 0.3297 0.3228 0.3158 0.5327 0.5166 0.5072 0.4866 0.4703 0.4634 0.445 0.4289 0.4289 0.4127 0.3966 0.3966 0.385 0.3689 0.3666 0.3597 0.3436 0.3342 0.3273 0.3158
0.023 0.2632 0.0 0.4936 0.4751 0.4544 0.4498 0.4314 0.4107 0.406 0.3969 0.3784 0.3738 0.3716 0.3508 0.3462 0.3439 0.3278 0.3162 0.3139 0.2978 0.2886 0.2817 0.531 0.5171 0.5032 0.4801 0.4662 0.457 0.4361 0.4222 0.4199 0.4014 0.3876 0.3899 0.3737 0.3598 0.3551 0.3436 0.3297 0.3228 0.3158 0.3042 0.5166 0.5072 0.4866 0.4703 0.4634 0.445 0.4289 0.4289 0.4127 0.3966 0.3966 0.385 0.3689 0.3666 0.3597 0.3436 0.3342 0.3273 0.3158 0.3066
0.031 0.2563 0.0 0.4751 0.4544 0.4498 0.4314 0.4107 0.406 0.3969 0.3784 0.3738 0.3716 0.3508 0.3462 0.3439 0.3278 0.3162 0.3139 0.2978 0.2886 0.2817 0.2724 0.5171 0.5032 0.4801 0.4662 0.457 0.4361 0.4222 0.4199 0.4014 0.3876 0.3899 0.3737 0.3598 0.3551 0.3436 0.3297 0.3228 0.3158 0.3042 0.295 0.5072 0.4866 0.4703 0.4634 0.445 0.4289 0.4289 0.4127 0.3966 0.3966 0.385 0.3689 0.3666 0.3597 0.3436 0.3342 0.3273 0.3158 0.3066 0.2997
0.0307 0.2471 0.0 0.4544 0.4498 0.4314 0.4107 0.406 0.3969 0.3784 0.3738 0.3716 0.3508 0.3462 0.3439 0.3278 0.3162 0.3139 0.2978 0.2886 0.2817 0.2724 0.2632 0.5032 0.4801 0.4662 0.457 0.4361 0.4222 0.4199 0.4014 0.3876 0.3899 0.3737 0.3598 0.3551 0.3436 0.3297 0.3228 0.3158 0.3042 0.295 0.288 0.4866 0.4703 0.4634 0.445 0.4289 0.4289 0.4127 0.3966 0.3966 0.385 0.3689 0.3666 0.3597 0.3436 0.3342 0.3273 0.3158 0.3066 0.2997 0.2881
0.023 0.2379 0.0 0.4498 0.4314 0.4107 0.406 0.3969 0.3784 0.3738 0.3716 0.3508 0.3462 0.3439 0.3278 0.3162 0.3139 0.2978 0.2886 0.2817 0.2724 0.2632 0.2563 0.4801 0.4662 0.457 0.4361 0.4222 0.4199 0.4014 0.3876 0.3899 0.3737 0.3598 0.3551 0.3436 0.3297 0.3228 0.3158 0.3042 0.295 0.288 0.2788 0.4703 0.4634 0.445 0.4289 0.4289 0.4127 0.3966 0.3966 0.385 0.3689 0.3666 0.3597 0.3436 0.3342 0.3273 0.3158 0.3066 0.2997 0.2881 0.2812
0.0307 0.2333 0.0 0.4314 0.4107 0.406 0.3969 0.3784 0.3738 0.3716 0.3508 0.3462 0.3439 0.3278 0.3162 0.3139 0.2978 0.2886 0.2817 0.2724 0.2632 0.2563 0.2471 0.4662 0.457 0.4361 0.4222 0.4199 0.4014 0.3876 0.3899 0.3737 0.3598 0.3551 0.3436 0.3297 0.3228 0.3158 0.3042 0.295 0.288 0.2788 0.2694 0.4634 0.445 0.4289 0.4289 0.4127 0.3966 0.3966 0.385 0.3689 0.3666 0.3597 0.3436 0.3342 0.3273 0.3158 0.3066 0.2997 0.2881 0.2812 0.2743
0.0307 0.2287 0.0 0.4107 0.406 0.3969 0.3784 0.3738 0.3716 0.3508 0.3462 0.3439 0.3278 0.3162 0.3139 0.2978 0.2886 0.2817 0.2724 0.2632 0.2563 0.2471 0.2379 0.457 0.4361 0.4222 0.4199 0.4014 0.3876 0.3899 0.3737 0.3598 0.3551 0.3436 0.3297 0.3228 0.3158 0.3042 0.295 0.288 0.2788 0.2694 0.2626 0.445 0.4289 0.4289 0.4127 0.3966 0.3966 0.385 0.3689 0.3666 0.3597 0.3436 0.3342 0.3273 0.3158 0.3066 0.2997 0.2881 0.2812 0.2743 0.2651
0.0153 0.284 0.0 0.406 0.3969 0.3784 0.3738 0.3716 0.3508 0.3462 0.3439 0.3278 0.3162 0.3139 0.2978 0.2886 0.2817 0.2724 0.2632 0.2563 0.2471 0.2379 0.2333 0.4361 0.4222 0.4199 0.4014 0.3876 0.3899 0.3737 0.3598 0.3551 0.3436 0.3297 0.3228 0.3158 0.3042 0.295 0.288 0.2788 0.2694 0.2626 0.2672 0.4289 0.4289 0.4127 0.3966 0.3966 0.385 0.3689 0.3666 0.3597 0.3436 0.3342 0.3273 0.3158 0.3066 0.2997 0.2881 0.2812 0.2743 0.2651 0.2928
0.0153 0.3392 0.0 0.3969 0.3784 0.3738 0.3716 0.3508 0.3462 0.3439 0.3278 0.3162 0.3139 0.2978 0.2886 0.2817 0.2724 0.2632 0.2563 0.2471 0.2379 0.2333 0.2287 0.4222 0.4199 0.4014 0.3876 0.3899 0.3737 0.3598 0.3551 0.3436 0.3297 0.3228 0.3158 0.3042 0.295 0.288 0.2788 0.2694 0.2626 0.2672 0.3367 0.4289 0.4127 0.3966 0.3966 0.385 0.3689 0.3666 0.3597 0.3436 0.3342 0.3273 0.3158 0.3066 0.2997 0.2881 0.2812 0.2743 0.2651 0.2928 0.302
0.1843 0.3139 0.0 0.3784 0.3738 0.3716 0.3508 0.3462 0.3439 0.3278 0.3162 0.3139 0.2978 0.2886 0.2817 0.2724 0.2632 0.2563 0.2471 0.2379 0.2333 0.2287 0.284 0.4199 0.4014 0.3876 0.3899 0.3737 0.3598 0.3551 0.3436 0.3297 0.3228 0.3158 0.3042 0.295 0.288 0.2788 0.2694 0.2626 0.2672 0.3367 0.3158 0.4127 0.3966 0.3966 0.385 0.3689 0.3666 0.3597 0.3436 0.3342 0.3273 0.3158 0.3066 0.2997 0.2881 0.2812 0.2743 0.2651 0.2928 0.302 0.2836
0.184 0.3323 0.0 0.3738 0.3716 0.3508 0.3462 0.3439 0.3278 0.3162 0.3139 0.2978 0.2886 0.2817 0.2724 0.2632 0.2563 0.2471 0.2379 0.2333 0.2287 0.284 0.3392 0.4014 0.3876 0.3899 0.3737 0.3598 0.3551 0.3436 0.3297 0.3228 0.3158 0.3042 0.295 0.288 0.2788 0.2694 0.2626 0.2672 0.3367 0.3158 0.2996 0.3966 0.3966 0.385 0.3689 0.3666 0.3597 0.3436 0.3342 0.3273 0.3158 0.3066 0.2997 0.2881 0.2812 0.2743 0.2651 0.2928 0.302 0.2836 0.3597
0.0843 0.4038 0.0 0.3716 0.3508 0.3462 0.3439 0.3278 0.3162 0.3139 0.2978 0.2886 0.2817 0.2724 0.2632 0.2563 0.2471 0.2379 0.2333 0.2287 0.284 0.3392 0.3139 0.3876 0.3899 0.3737 0.3598 0.3551 0.3436 0.3297 0.3228 0.3158 0.3042 0.295 0.288 0.2788 0.2694 0.2626 0.2672 0.3367 0.3158 0.2996 0.376 0.3966 0.385 0.3689 0.3666 0.3597 0.3436 0.3342 0.3273 0.3158 0.3066 0.2997 0.2881 0.2812 0.2743 0.2651 0.2928 0.302 0.2836 0.3597 0.3689
0.0613 0.3669 0.0 0.3508 0.3462 0.3439 0.3278 0.3162 0.3139 0.2978 0.2886 0.2817 0.2724 0.2632 0.2563 0.2471 0.2379 0.2333 0.2287 0.284 0.3392 0.3139 0.3323 0.3899 0.3737 0.3598 0.3551 0.3436 0.3297 0.3228 0.3158 0.3042 0.295 0.288 0.2788 0.2694 0.2626 0.2672 0.3367 0.3158 0.2996 0.376 0.3598 0.385 0.3689 0.3666 0.3597 0.3436 0.3342 0.3273 0.3158 0.3066 0.2997 0.2881 0.2812 0.2743 0.2651 0.2928 0.302 0.2836 0.3597 0.3689 0.3366
0.2383 0.3553 0.0 0.3462 0.3439 0.3278 0.3162 0.3139 0.2978 0.2886 0.2817 0.2724 0.2632 0.2563 0.2471 0.2379 0.2333 0.2287 0.284 0.3392 0.3139 0.3323 0.4038 0.3737 0.3598 0.3551 0.3436 0.3297 0.3228 0.3158 0.3042 0.295 0.288 0.2788 0.2694 0.2626 0.2672 0.3367 0.3158 0.2996 0.376 0.3598 0.3367 0.3689 0.3666 0.3597 0.3436 0.3342 0.3273 0.3158 0.3066 0.2997 0.2881 0.2812 0.2743 0.2651 0.2928 0.302 0.2836 0.3597 0.3689 0.3366 0.3827
0.123 0.4452 0.0 0.3439 0.3278 0.3162 0.3139 0.2978 0.2886 0.2817 0.2724 0.2632 0.2563 0.2471 0.2379 0.2333 0.2287 0.284 0.3392 0.3139 0.3323 0.4038 0.3669 0.3598 0.3551 0.3436 0.3297 0.3228 0.3158 0.3042 0.295 0.288 0.2788 0.2694 0.2626 0.2672 0.3367 0.3158 0.2996 0.376 0.3598 0.3367 0.3991 0.3666 0.3597 0.3436 0.3342 0.3273 0.3158 0.3066 0.2997 0.2881 0.2812 0.2743 0.2651 0.2928 0.302 0.2836 0.3597 0.3689 0.3366 0.3827 0.4127
0.0387 0.413 0.0 0.3278 0.3162 0.3139 0.2978 0.2886 0.2817 0.2724 0.2632 0.2563 0.2471 0.2379 0.2333 0.2287 0.284 0.3392 0.3139 0.3323 0.4038 0.3669 0.3553 0.3551 0.3436 0.3297 0.3228 0.3158 0.3042 0.295 0.288 0.2788 0.2694 0.2626 0.2672 0.3367 0.3158 0.2996 0.376 0.3598 0.3367 0.3991 0.4014 0.3597 0.3436 0.3342 0.3273 0.3158 0.3066 0.2997 0.2881 0.2812 0.2743 0.2651 0.2928 0.302 0.2836 0.3597 0.3689 0.3366 0.3827 0.4127 0.3734
0.2997 0.3807 0.0 0.3162 0.3139 0.2978 0.2886 0.2817 0.2724 0.2632 0.2563 0.2471 0.2379 0.2333 0.2287 0.284 0.3392 0.3139 0.3323 0.4038 0.3669 0.3553 0.4452 0.3436 0.3297 0.3228 0.3158 0.3042 0.295 0.288 0.2788 0.2694 0.2626 0.2672 0.3367 0.3158 0.2996 0.376 0.3598 0.3367 0.3991 0.4014 0.369 0.3436 0.3342 0.3273 0.3158 0.3066 0.2997 0.2881 0.2812 0.2743 0.2651 0.2928 0.302 0.2836 0.3597 0.3689 0.3366 0.3827 0.4127 0.3734 0.385
0.1073 0.4613 0.0 0.3139 0.2978 0.2886 0.2817 0.2724 0.2632 0.2563 0.2471 0.2379 0.2333 0.2287 0.284 0.3392 0.3139 0.3323 0.4038 0.3669 0.3553 0.4452 0.413 0.3297 0.3228 0.3158 0.3042 0.295 0.288 0.2788 0.2694 0.2626 0.2672 0.3367 0.3158 0.2996 0.376 0.3598 0.3367 0.3991 0.4014 0.369 0.406 0.3342 0.3273 0.3158 0.3066 0.2997 0.2881 0.2812 0.2743 0.2651 0.2928 0.302 0.2836 0.3597 0.3689 0.3366 0.3827 0.4127 0.3734 0.385 0.4496
0.1077 0.4521 0.0 0.2978 0.2886 0.2817 0.2724 0.2632 0.2563 0.2471 0.2379 0.2333 0.2287 0.284 0.3392 0.3139 0.3323 0.4038 0.3669 0.3553 0.4452 0.413 0.3807 0.3228 0.3158 0.3042 0.295 0.288 0.2788 0.2694 0.2626 0.2672 0.3367 0.3158 0.2996 0.376 0.3598 0.3367 0.3991 0.4014 0.369 0.406 0.4408 0.3273 0.3158 0.3066 0.2997 0.2881 0.2812 0.2743 0.2651 0.2928 0.302 0.2836 0.3597 0.3689 0.3366 0.3827 0.4127 0.3734 0.385 0.4496 0.4058
0.2687 0.4152 0.0 0.2886 0.2817 0.2724 0.2632 0.2563 0.2471 0.2379 0.2333 0.2287 0.284 0.3392 0.3139 0.3323 0.4038 0.3669 0.3553 0.4452 0.413 0.3807 0.4613 0.3158 0.3042 0.295 0.288 0.2788 0.2694 0.2626 0.2672 0.3367 0.3158 0.2996 0.376 0.3598 0.3367 0.3991 0.4014 0.369 0.406 0.4408 0.4038 0.3158 0.3066 0.2997 0.2881 0.2812 0.2743 0.2651 0.2928 0.302 0.2836 0.3597 0.3689 0.3366 0.3827 0.4127 0.3734 0.385 0.4496 0.4058 0.3897
0.0307 0.4568 0.0 0.2817 0.2724 0.2632 0.2563 0.2471 0.2379 0.2333 0.2287 0.284 0.3392 0.3139 0.3323 0.4038 0.3669 0.3553 0.4452 0.413 0.3807 0.4613 0.4521 0.3042 0.295 0.288 0.2788 0.2694 0.2626 0.2672 0.3367 0.3158 0.2996 0.376 0.3598 0.3367 0.3991 0.4014 0.369 0.406 0.4408 0.4038 0.413 0.3066 0.2997 0.2881 0.2812 0.2743 0.2651 0.2928 0.302 0.2836 0.3597 0.3689 0.3366 0.3827 0.4127 0.3734 0.385 0.4496 0.4058 0.3897 0.4703
0.123 0.489 0.0 0.2724 0.2632 0.2563 0.2471 0.2379 0.2333 0.2287 0.284 0.3392 0.3139 0.3323 0.4038 0.3669 0.3553 0.4452 0.413 0.3807 0.4613 0.4521 0.4152 0.295 0.288 0.2788 0.2694 0.2626 0.2672 0.3367 0.3158 0.2996 0.376 0.3598 0.3367 0.3991 0.4014 0.369 0.406 0.4408 0.4038 0.413 0.4801 0.2997 0.2881 0.2812 0.2743 0.2651 0.2928 0.302 0.2836 0.3597 0.3689 0.3366 0.3827 0.4127 0.3734 0.385 0.4496 0.4058 0.3897 0.4703 0.4403
0.1387 0.4521 0.0 0.2632 0.2563 0.2471 0.2379 0.2333 0.2287 0.284 0.3392 0.3139 0.3323 0.4038 0.3669 0.3553 0.4452 0.413 0.3807 0.4613 0.4521 0.4152 0.4568 0.288 0.2788 0.2694 0.2626 0.2672 0.3367 0.3158 0.2996 0.376 0.3598 0.3367 0.3991 0.4014 0.369 0.406 0.4408 0.4038 0.413 0.4801 0.4431 0.2881 0.2812 0.2743 0.2651 0.2928 0.302 0.2836 0.3597 0.3689 0.3366 0.3827 0.4127 0.3734 0.385 0.4496 0.4058 0.3897 0.4703 0.4403 0.415
0.1073 0.4498 0.0 0.2563 0.2471 0.2379 0.2333 0.2287 0.284 0.3392 0.3139 0.3323 0.4038 0.3669 0.3553 0.4452 0.413 0.3807 0.4613 0.4521 0.4152 0.4568 0.489 0.2788 0.2694 0.2626 0.2672 0.3367 0.3158 0.2996 0.376 0.3598 0.3367 0.3991 0.4014 0.369 0.406 0.4408 0.4038 0.413 0.4801 0.4431 0.4292 0.2812 0.2743 0.2651 0.2928 0.302 0.2836 0.3597 0.3689 0.3366 0.3827 0.4127 0.3734 0.385 0.4496 0.4058 0.3897 0.4703 0.4403 0.415 0.4727
0.123 0.5074 0.0 0.2471 0.2379 0.2333 0.2287 0.284 0.3392 0.3139 0.3323 0.4038 0.3669 0.3553 0.4452 0.413 0.3807 0.4613 0.4521 0.4152 0.4568 0.489 0.4521 0.2694 0.2626 0.2672 0.3367 0.3158 0.2996 0.376 0.3598 0.3367 0.3991 0.4014 0.369 0.406 0.4408 0.4038 0.413 0.4801 0.4431 0.4292 0.5032 0.2743 0.2651 0.2928 0.302 0.2836 0.3597 0.3689 0.3366 0.3827 0.4127 0.3734 0.385 0.4496 0.4058 0.3897 0.4703 0.4403 0.415 0.4727 0.475
0.0077 0.4798 0.0 0.2379 0.2333 0.2287 0.284 0.3392 0.3139 0.3323 0.4038 0.3669 0.3553 0.4452 0.413 0.3807 0.4613 0.4521 0.4152 0.4568 0.489 0.4521 0.4498 0.2626 0.2672 0.3367 0.3158 0.2996 0.376 0.3598 0.3367 0.3991 0.4014 0.369 0.406 0.4408 0.4038 0.413 0.4801 0.4431 0.4292 0.5032 0.4848 0.2651 0.2928 0.302 0.2836 0.3597 0.3689 0.3366 0.3827 0.4127 0.3734 0.385 0.4496 0.4058 0.3897 0.4703 0.4403 0.415 0.4727 0.475 0.4496
0.192 0.4613 0.0 0.2333 0.2287 0.284 0.3392 0.3139 0.3323 0.4038 0.3669 0.3553 0.4452 0.413 0.3807 0.4613 0.4521 0.4152 0.4568 0.489 0.4521 0.4498 0.5074 0.2672 0.3367 0.3158 0.2996 0.376 0.3598 0.3367 0.3991 0.4014 0.369 0.406 0.4408 0.4038 0.413 0.4801 0.4431 0.4292 0.5032 0.4848 0.4593 0.2928 0.302 0.2836 0.3597 0.3689 0.3366 0.3827 0.4127 0.3734 0.385 0.4496 0.4058 0.3897 0.4703 0.4403 0.415 0.4727 0.475 0.4496 0.475
0.092 0.4959 0.0 0.2287 0.284 0.3392 0.3139 0.3323 0.4038 0.3669 0.3553 0.4452 0.413 0.3807 0.4613 0.4521 0.4152 0.4568 0.489 0.4521 0.4498 0.5074 0.4798 0.3367 0.3158 0.2996 0.376 0.3598 0.3367 0.3991 0.4014 0.369 0.406 0.4408 0.4038 0.413 0.4801 0.4431 0.4292 0.5032 0.4848 0.4593 0.5056 0.302 0.2836 0.3597 0.3689 0.3366 0.3827 0.4127 0.3734 0.385 0.4496 0.4058 0.3897 0.4703 0.4403 0.415 0.4727 0.475 0.4496 0.475 0.498
0.0617 0.489 0.0 0.284 0.3392 0.3139 0.3323 0.4038 0.3669 0.3553 0.4452 0.413 0.3807 0.4613 0.4521 0.4152 0.4568 0.489 0.4521 0.4498 0.5074 0.4798 0.4613 0.3158 0.2996 0.376 0.3598 0.3367 0.3991 0.4014 0.369 0.406 0.4408 0.4038 0.413 0.4801 0.4431 0.4292 0.5032 0.4848 0.4593 0.5056 0.5194 0.2836 0.3597 0.3689 0.3366 0.3827 0.4127 0.3734 0.385 0.4496 0.4058 0.3897 0.4703 0.4403 0.415 0.4727 0.475 0.4496 0.475 0.498 0.4703
0.1153 0.4729 0.0 0.3392 0.3139 0.3323 0.4038 0.3669 0.3553 0.4452 0.413 0.3807 0.4613 0.4521 0.4152 0.4568 0.489 0.4521 0.4498 0.5074 0.4798 0.4613 0.4959 0.2996 0.376 0.3598 0.3367 0.3991 0.4014 0.369 0.406 0.4408 0.4038 0.413 0.4801 0.4431 0.4292 0.5032 0.4848 0.4593 0.5056 0.5194 0.4893 0.3597 0.3689 0.3366 0.3827 0.4127 0.3734 0.385 0.4496 0.4058 0.3897 0.4703 0.4403 0.415 0.4727 0.475 0.4496 0.475 0.498 0.4703 0.4727
0.023 0.4936 0.0 0.3139 0.3323 0.4038 0.3669 0.3553 0.4452 0.413 0.3807 0.4613 0.4521 0.4152 0.4568 0.489 0.4521 0.4498 0.5074 0.4798 0.4613 0.4959 0.489 0.376 0.3598 0.3367 0.3991 0.4014 0.369 0.406 0.4408 0.4038 0.413 0.4801 0.4431 0.4292 0.5032 0.4848 0.4593 0.5056 0.5194 0.4893 0.4893 0.3689 0.3366 0.3827 0.4127 0.3734 0.385 0.4496 0.4058 0.3897 0.4703 0.4403 0.415 0.4727 0.475 0.4496 0.475 0.498 0.4703 0.4727 0.5188
0.0537 0.535 0.0 0.3323 0.4038 0.3669 0.3553 0.4452 0.413 0.3807 0.4613 0.4521 0.4152 0.4568 0.489 0.4521 0.4498 0.5074 0.4798 0.4613 0.4959 0.489 0.4729 0.3598 0.3367 0.3991 0.4014 0.369 0.406 0.4408 0.4038 0.413 0.4801 0.4431 0.4292 0.5032 0.4848 0.4593 0.5056 0.5194 0.4893 0.4893 0.5449 0.3366 0.3827 0.4127 0.3734 0.385 0.4496 0.4058 0.3897 0.4703 0.4403 0.415 0.4727 0.475 0.4496 0.475 0.498 0.4703 0.4727 0.5188 0.4958
0.069 0.5074 0.0 0.4038 0.3669 0.3553 0.4452 0.413 0.3807 0.4613 0.4521 0.4152 0.4568 0.489 0.4521 0.4498 0.5074 0.4798 0.4613 0.4959 0.489 0.4729 0.4936 0.3367 0.3991 0.4014 0.369 0.406 0.4408 0.4038 0.413 0.4801 0.4431 0.4292 0.5032 0.4848 0.4593 0.5056 0.5194 0.4893 0.4893 0.5449 0.5287 0.3827 0.4127 0.3734 0.385 0.4496 0.4058 0.3897 0.4703 0.4403 0.415 0.4727 0.475 0.4496 0.475 0.498 0.4703 0.4727 0.5188 0.4958 0.4888
0.138 0.5097 0.0 0.3669 0.3553 0.4452 0.413 0.3807 0.4613 0.4521 0.4152 0.4568 0.489 0.4521 0.4498 0.5074 0.4798 0.4613 0.4959 0.489 0.4729 0.4936 0.535 0.3991 0.4014 0.369 0.406 0.4408 0.4038 0.413 0.4801 0.4431 0.4292 0.5032 0.4848 0.4593 0.5056 0.5194 0.4893 0.4893 0.5449 0.5287 0.5171 0.4127 0.3734 0.385 0.4496 0.4058 0.3897 0.4703 0.4403 0.415 0.4727 0.475 0.4496 0.475 0.498 0.4703 0.4727 0.5188 0.4958 0.4888 0.5096
0.092 0.5603 0.0 0.3553 0.4452 0.413 0.3807 0.4613 0.4521 0.4152 0.4568 0.489 0.4521 0.4498 0.5074 0.4798 0.4613 0.4959 0.489 0.4729 0.4936 0.535 0.5074 0.4014 0.369 0.406 0.4408 0.4038 0.413 0.4801 0.4431 0.4292 0.5032 0.4848 0.4593 0.5056 0.5194 0.4893 0.4893 0.5449 0.5287 0.5171 0.5611 0.3734 0.385 0.4496 0.4058 0.3897 0.4703 0.4403 0.415 0.4727 0.475 0.4496 0.475 0.498 0.4703 0.4727 0.5188 0.4958 0.4888 0.5096 0.5488
0.0077 0.5603 0.0 0.4452 0.413 0.3807 0.4613 0.4521 0.4152 0.4568 0.489 0.4521 0.4498 0.5074 0.4798 0.4613 0.4959 0.489 0.4729 0.4936 0.535 0.5074 0.5097 0.369 0.406 0.4408 0.4038 0.413 0.4801 0.4431 0.4292 0.5032 0.4848 0.4593 0.5056 0.5194 0.4893 0.4893 0.5449 0.5287 0.5171 0.5611 0.5727 0.385 0.4496 0.4058 0.3897 0.4703 0.4403 0.415 0.4727 0.475 0.4496 0.475 0.498 0.4703 0.4727 0.5188 0.4958 0.4888 0.5096 0.5488 0.528
0.1687 0.5511 0.0 0.413 0.3807 0.4613 0.4521 0.4152 0.4568 0.489 0.4521 0.4498 0.5074 0.4798 0.4613 0.4959 0.489 0.4729 0.4936 0.535 0.5074 0.5097 0.5603 0.406 0.4408 0.4038 0.413 0.4801 0.4431 0.4292 0.5032 0.4848 0.4593 0.5056 0.5194 0.4893 0.4893 0.5449 0.5287 0.5171 0.5611 0.5727 0.5496 0.4496 0.4058 0.3897 0.4703 0.4403 0.415 0.4727 0.475 0.4496 0.475 0.498 0.4703 0.4727 0.5188 0.4958 0.4888 0.5096 0.5488 0.528 0.5419
0.0 0.5903 0.0 0.3807 0.4613 0.4521 0.4152 0.4568 0.489 0.4521 0.4498 0.5074 0.4798 0.4613 0.4959 0.489 0.4729 0.4936 0.535 0.5074 0.5097 0.5603 0.5603 0.4408 0.4038 0.413 0.4801 0.4431 0.4292 0.5032 0.4848 0.4593 0.5056 0.5194 0.4893 0.4893 0.5449 0.5287 0.5171 0.5611 0.5727 0.5496 0.5658 0.4058 0.3897 0.4703 0.4403 0.415 0.4727 0.475 0.4496 0.475 0.498 0.4703 0.4727 0.5188 0.4958 0.4888 0.5096 0.5488 0.528 0.5419 0.6088
0.0307 0.6226 0.0 0.4613 0.4521 0.4152 0.4568 0.489 0.4521 0.4498 0.5074 0.4798 0.4613 0.4959 0.489 0.4729 0.4936 0.535 0.5074 0.5097 0.5603 0.5603 0.5511 0.4038 0.413 0.4801 0.4431 0.4292 0.5032 0.4848 0.4593 0.5056 0.5194 0.4893 0.4893 0.5449 0.5287 0.5171 0.5611 0.5727 0.5496 0.5658 0.6236 0.3897 0.4703 0.4403 0.415 0.4727 0.475 0.4496 0.475 0.498 0.4703 0.4727 0.5188 0.4958 0.4888 0.5096 0.5488 0.528 0.5419 0.6088 0.5788
0.1307 0.588 0.0 0.4521 0.4152 0.4568 0.489 0.4521 0.4498 0.5074 0.4798 0.4613 0.4959 0.489 0.4729 0.4936 0.535 0.5074 0.5097 0.5603 0.5603 0.5511 0.5903 0.413 0.4801 0.4431 0.4292 0.5032 0.4848 0.4593 0.5056 0.5194 0.4893 0.4893 0.5449 0.5287 0.5171 0.5611 0.5727 0.5496 0.5658 0.6236 0.5912 0.4703 0.4403 0.415 0.4727 0.475 0.4496 0.475 0.498 0.4703 0.4727 0.5188 0.4958 0.4888 0.5096 0.5488 0.528 0.5419 0.6088 0.5788 0.5742
0.1077 0.6019 0.0 0.4152 0.4568 0.489 0.4521 0.4498 0.5074 0.4798 0.4613 0.4959 0.489 0.4729 0.4936 0.535 0.5074 0.5097 0.5603 0.5603 0.5511 0.5903 0.6226 0.4801 0.4431 0.4292 0.5032 0.4848 0.4593 0.5056 0.5194 0.4893 0.4893 0.5449 0.5287 0.5171 0.5611 0.5727 0.5496 0.5658 0.6236 0.5912 0.5866 0.4403 0.415 0.4727 0.475 0.4496 0.475 0.498 0.4703 0.4727 0.5188 0.4958 0.4888 0.5096 0.5488 0.528 0.5419 0.6088 0.5788 0.5742 0.6249
0.1153 0.6433 0.0 0.4568 0.489 0.4521 0.4498 0.5074 0.4798 0.4613 0.4959 0.489 0.4729 0.4936 0.535 0.5074 0.5097 0.5603 0.5603 0.5511 0.5903 0.6226 0.588 0.4431 0.4292 0.5032 0.4848 0.4593 0.5056 0.5194 0.4893 0.4893 0.5449 0.5287 0.5171 0.5611 0.5727 0.5496 0.5658 0.6236 0.5912 0.5866 0.6374 0.415 0.4727 0.475 0.4496 0.475 0.498 0.4703 0.4727 0.5188 0.4958 0.4888 0.5096 0.5488 0.528 0.5419 0.6088 0.5788 0.5742 0.6249 0.6203
0.0463 0.6019 0.0 0.489 0.4521 0.4498 0.5074 0.4798 0.4613 0.4959 0.489 0.4729 0.4936 0.535 0.5074 0.5097 0.5603 0.5603 0.5511 0.5903 0.6226 0.588 0.6019 0.4292 0.5032 0.4848 0.4593 0.5056 0.5194 0.4893 0.4893 0.5449 0.5287 0.5171 0.5611 0.5727 0.5496 0.5658 0.6236 0.5912 0.5866 0.6374 0.612 0.4727 0.475 0.4496 0.475 0.498 0.4703 0.4727 0.5188 0.4958 0.4888 0.5096 0.5488 0.528 0.5419 0.6088 0.5788 0.5742 0.6249 0.6203 0.5972
0.138 0.6064 0.0 0.4521 0.4498 0.5074 0.4798 0.4613 0.4959 0.489 0.4729 0.4936 0.535 0.5074 0.5097 0.5603 0.5603 0.5511 0.5903 0.6226 0.588 0.6019 0.6433 0.5032 0.4848 0.4593 0.5056 0.5194 0.4893 0.4893 0.5449 0.5287 0.5171 0.5611 0.5727 0.5496 0.5658 0.6236 0.5912 0.5866 0.6374 0.612 0.5981 0.475 0.4496 0.475 0.498 0.4703 0.4727 0.5188 0.4958 0.4888 0.5096 0.5488 0.528 0.5419 0.6088 0.5788 0.5742 0.6249 0.6203 0.5972 0.6341
0.138 0.641 0.0 0.4498 0.5074 0.4798 0.4613 0.4959 0.489 0.4729 0.4936 0.535 0.5074 0.5097 0.5603 0.5603 0.5511 0.5903 0.6226 0.588 0.6019 0.6433 0.6019 0.4848 0.4593 0.5056 0.5194 0.4893 0.4893 0.5449 0.5287 0.5171 0.5611 0.5727 0.5496 0.5658 0.6236 0.5912 0.5866 0.6374 0.612 0.5981 0.6306 0.4496 0.475 0.498 0.4703 0.4727 0.5188 0.4958 0.4888 0.5096 0.5488 0.528 0.5419 0.6088 0.5788 0.5742 0.6249 0.6203 0.5972 0.6341 0.6457
0.015 0.6019 0.0 0.5074 0.4798 0.4613 0.4959 0.489 0.4729 0.4936 0.535 0.5074 0.5097 0.5603 0.5603 0.5511 0.5903 0.6226 0.588 0.6019 0.6433 0.6019 0.6064 0.4593 0.5056 0.5194 0.4893 0.4893 0.5449 0.5287 0.5171 0.5611 0.5727 0.5496 0.5658 0.6236 0.5912 0.5866 0.6374 0.612 0.5981 0.6306 0.612 0.475 0.498 0.4703 0.4727 0.5188 0.4958 0.4888 0.5096 0.5488 0.528 0.5419 0.6088 0.5788 0.5742 0.6249 0.6203 0.5972 0.6341 0.6457 0.6111
0.1153 0.6088 0.0 0.4798 0.4613 0.4959 0.489 0.4729 0.4936 0.535 0.5074 0.5097 0.5603 0.5603 0.5511 0.5903 0.6226 0.588 0.6019 0.6433 0.6019 0.6064 0.641 0.5056 0.5194 0.4893 0.4893 0.5449 0.5287 0.5171 0.5611 0.5727 0.5496 0.5658 0.6236 0.5912 0.5866 0.6374 0.612 0.5981 0.6306 0.612 0.6004 0.498 0.4703 0.4727 0.5188 0.4958 0.4888 0.5096 0.5488 0.528 0.5419 0.6088 0.5788 0.5742 0.6249 0.6203 0.5972 0.6341 0.6457 0.6111 0.6503
0.1303 0.6479 0.0 0.4613 0.4959 0.489 0.4729 0.4936 0.535 0.5074 0.5097 0.5603 0.5603 0.5511 0.5903 0.6226 0.588 0.6019 0.6433 0.6019 0.6064 0.641 0.6019 0.5194 0.4893 0.4893 0.5449 0.5287 0.5171 0.5611 0.5727 0.5496 0.5658 0.6236 0.5912 0.5866 0.6374 0.612 0.5981 0.6306 0.612 0.6004 0.6236 0.4703 0.4727 0.5188 0.4958 0.4888 0.5096 0.5488 0.528 0.5419 0.6088 0.5788 0.5742 0.6249 0.6203 0.5972 0.6341 0.6457 0.6111 0.6503 0.6526
0.023 0.6064 0.0 0.4959 0.489 0.4729 0.4936 0.535 0.5074 0.5097 0.5603 0.5603 0.5511 0.5903 0.6226 0.588 0.6019 0.6433 0.6019 0.6064 0.641 0.6019 0.6088 0.4893 0.4893 0.5449 0.5287 0.5171 0.5611 0.5727 0.5496 0.5658 0.6236 0.5912 0.5866 0.6374 0.612 0.5981 0.6306 0.612 0.6004 0.6236 0.6167 0.4727 0.5188 0.4958 0.4888 0.5096 0.5488 0.528 0.5419 0.6088 0.5788 0.5742 0.6249 0.6203 0.5972 0.6341 0.6457 0.6111 0.6503 0.6526 0.6133
0.1303 0.6226 0.0 0.489 0.4729 0.4936 0.535 0.5074 0.5097 0.5603 0.5603 0.5511 0.5903 0.6226 0.588 0.6019 0.6433 0.6019 0.6064 0.641 0.6019 0.6088 0.6479 0.4893 0.5449 0.5287 0.5171 0.5611 0.5727 0.5496 0.5658 0.6236 0.5912 0.5866 0.6374 0.612 0.5981 0.6306 0.612 0.6004 0.6236 0.6167 0.6051 0.5188 0.4958 0.4888 0.5096 0.5488 0.528 0.5419 0.6088 0.5788 0.5742 0.6249 0.6203 0.5972 0.6341 0.6457 0.6111 0.6503 0.6526 0.6133 0.648
0.1383 0.6571 0.0 0.4729 0.4936 0.535 0.5074 0.5097 0.5603 0.5603 0.5511 0.5903 0.6226 0.588 0.6019 0.6433 0.6019 0.6064 0.641 0.6019 0.6088 0.6479 0.6064 0.5449 0.5287 0.5171 0.5611 0.5727 0.5496 0.5658 0.6236 0.5912 0.5866 0.6374 0.612 0.5981 0.6306 0.612 0.6004 0.6236 0.6167 0.6051 0.6398 0.4958 0.4888 0.5096 0.5488 0.528 0.5419 0.6088 0.5788 0.5742 0.6249 0.6203 0.5972 0.6341 0.6457 0.6111 0.6503 0.6526 0.6133 0.648 0.6411
0.054 0.611 0.0 0.4936 0.535 0.5074 0.5097 0.5603 0.5603 0.5511 0.5903 0.6226 0.588 0.6019 0.6433 0.6019 0.6064 0.641 0.6019 0.6088 0.6479 0.6064 0.6226 0.5287 0.5171 0.5611 0.5727 0.5496 0.5658 0.6236 0.5912 0.5866 0.6374 0.612 0.5981 0.6306 0.612 0.6004 0.6236 0.6167 0.6051 0.6398 0.6259 0.4888 0.5096 0.5488 0.528 0.5419 0.6088 0.5788 0.5742 0.6249 0.6203 0.5972 0.6341 0.6457 0.6111 0.6503 0.6526 0.6133 0.648 0.6411 0.6088
0.115 0.618 0.0 0.535 0.5074 0.5097 0.5603 0.5603 0.5511 0.5903 0.6226 0.588 0.6019 0.6433 0.6019 0.6064 0.641 0.6019 0.6088 0.6479 0.6064 0.6226 0.6571 0.5171 0.5611 0.5727 0.5496 0.5658 0.6236 0.5912 0.5866 0.6374 0.612 0.5981 0.6306 0.612 0.6004 0.6236 0.6167 0.6051 0.6398 0.6259 0.6098 0.5096 0.5488 0.528 0.5419 0.6088 0.5788 0.5742 0.6249 0.6203 0.5972 0.6341 0.6457 0.6111 0.6503 0.6526 0.6133 0.648 0.6411 0.6088 0.6457
0.1537 0.664 0.0 0.5074 0.5097 0.5603 0.5603 0.5511 0.5903 0.6226 0.588 0.6019 0.6433 0.6019 0.6064 0.641 0.6019 0.6088 0.6479 0.6064 0.6226 0.6571 0.611 0.5611 0.5727 0.5496 0.5658 0.6236 0.5912 0.5866 0.6374 0.612 0.5981 0.6306 0.612 0.6004 0.6236 0.6167 0.6051 0.6398 0.6259 0.6098 0.6513 0.5488 0.528 0.5419 0.6088 0.5788 0.5742 0.6249 0.6203 0.5972 0.6341 0.6457 0.6111 0.6503 0.6526 0.6133 0.648 0.6411 0.6088 0.6457 0.6596
0.0233 0.6226 0.0 0.5097 0.5603 0.5603 0.5511 0.5903 0.6226 0.588 0.6019 0.6433 0.6019 0.6064 0.641 0.6019 0.6088 0.6479 0.6064 0.6226 0.6571 0.611 0.618 0.5727 0.5496 0.5658 0.6236 0.5912 0.5866 0.6374 0.612 0.5981 0.6306 0.612 0.6004 0.6236 0.6167 0.6051 0.6398 0.6259 0.6098 0.6513 0.6329 0.528 0.5419 0.6088 0.5788 0.5742 0.6249 0.6203 0.5972 0.6341 0.6457 0.6111 0.6503 0.6526 0.6133 0.648 0.6411 0.6088 0.6457 0.6596 0.6203
0.1533 0.6294 0.0 0.5603 0.5603 0.5511 0.5903 0.6226 0.588 0.6019 0.6433 0.6019 0.6064 0.641 0.6019 0.6088 0.6479 0.6064 0.6226 0.6571 0.611 0.618 0.664 0.5496 0.5658 0.6236 0.5912 0.5866 0.6374 0.612 0.5981 0.6306 0.612 0.6004 0.6236 0.6167 0.6051 0.6398 0.6259 0.6098 0.6513 0.6329 0.612 0.5419 0.6088 0.5788 0.5742 0.6249 0.6203 0.5972 0.6341 0.6457 0.6111 0.6503 0.6526 0.6133 0.648 0.6411 0.6088 0.6457 0.6596 0.6203 0.6688
0.138 0.6893 0.0 0.5603 0.5511 0.5903 0.6226 0.588 0.6019 0.6433 0.6019 0.6064 0.641 0.6019 0.6088 0.6479 0.6064 0.6226 0.6571 0.611 0.618 0.664 0.6226 0.5658 0.6236 0.5912 0.5866 0.6374 0.612 0.5981 0.6306 0.612 0.6004 0.6236 0.6167 0.6051 0.6398 0.6259 0.6098 0.6513 0.6329 0.612 0.663 0.6088 0.5788 0.5742 0.6249 0.6203 0.5972 0.6341 0.6457 0.6111 0.6503 0.6526 0.6133 0.648 0.6411 0.6088 0.6457 0.6596 0.6203 0.6688 0.6757
0.0227 0.641 0.0 0.5511 0.5903 0.6226 0.588 0.6019 0.6433 0.6019 0.6064 0.641 0.6019 0.6088 0.6479 0.6064 0.6226 0.6571 0.611 0.618 0.664 0.6226 0.6294 0.6236 0.5912 0.5866 0.6374 0.612 0.5981 0.6306 0.612 0.6004 0.6236 0.6167 0.6051 0.6398 0.6259 0.6098 0.6513 0.6329 0.612 0.663 0.656 0.5788 0.5742 0.6249 0.6203 0.5972 0.6341 0.6457 0.6111 0.6503 0.6526 0.6133 0.648 0.6411 0.6088 0.6457 0.6596 0.6203 0.6688 0.6757 0.6319
0.1997 0.6294 0.0 0.5903 0.6226 0.588 0.6019 0.6433 0.6019 0.6064 0.641 0.6019 0.6088 0.6479 0.6064 0.6226 0.6571 0.611 0.618 0.664 0.6226 0.6294 0.6893 0.5912 0.5866 0.6374 0.612 0.5981 0.6306 0.612 0.6004 0.6236 0.6167 0.6051 0.6398 0.6259 0.6098 0.6513 0.6329 0.612 0.663 0.656 0.6282 0.5742 0.6249 0.6203 0.5972 0.6341 0.6457 0.6111 0.6503 0.6526 0.6133 0.648 0.6411 0.6088 0.6457 0.6596 0.6203 0.6688 0.6757 0.6319 0.6688
0.161 0.7054 0.0 0.6226 0.588 0.6019 0.6433 0.6019 0.6064 0.641 0.6019 0.6088 0.6479 0.6064 0.6226 0.6571 0.611 0.618 0.664 0.6226 0.6294 0.6893 0.641 0.5866 0.6374 0.612 0.5981 0.6306 0.612 0.6004 0.6236 0.6167 0.6051 0.6398 0.6259 0.6098 0.6513 0.6329 0.612 0.663 0.656 0.6282 0.6791 0.6249 0.6203 0.5972 0.6341 0.6457 0.6111 0.6503 0.6526 0.6133 0.648 0.6411 0.6088 0.6457 0.6596 0.6203 0.6688 0.6757 0.6319 0.6688 0.6988
0.0387 0.6594 0.0 0.588 0.6019 0.6433 0.6019 0.6064 0.641 0.6019 0.6088 0.6479 0.6064 0.6226 0.6571 0.611 0.618 0.664 0.6226 0.6294 0.6893 0.641 0.6294 0.6374 0.612 0.5981 0.6306 0.612 0.6004 0.6236 0.6167 0.6051 0.6398 0.6259 0.6098 0.6513 0.6329 0.612 0.663 0.656 0.6282 0.6791 0.6769 0.6203 0.5972 0.6341 0.6457 0.6111 0.6503 0.6526 0.6133 0.648 0.6411 0.6088 0.6457 0.6596 0.6203 0.6688 0.6757 0.6319 0.6688 0.6988 0.6503
0.2533 0.6272 0.0 0.6019 0.6433 0.6019 0.6064 0.641 0.6019 0.6088 0.6479 0.6064 0.6226 0.6571 0.611 0.618 0.664 0.6226 0.6294 0.6893 0.641 0.6294 0.7054 0.612 0.5981 0.6306 0.612 0.6004 0.6236 0.6167 0.6051 0.6398 0.6259 0.6098 0.6513 0.6329 0.612 0.663 0.656 0.6282 0.6791 0.6769 0.6444 0.5972 0.6341 0.6457 0.6111 0.6503 0.6526 0.6133 0.648 0.6411 0.6088 0.6457 0.6596 0.6203 0.6688 0.6757 0.6319 0.6688 0.6988 0.6503 0.6664
0.1533 0.7032 0.0 0.6433 0.6019 0.6064 0.641 0.6019 0.6088 0.6479 0.6064 0.6226 0.6571 0.611 0.618 0.664 0.6226 0.6294 0.6893 0.641 0.6294 0.7054 0.6594 0.5981 0.6306 0.612 0.6004 0.6236 0.6167 0.6051 0.6398 0.6259 0.6098 0.6513 0.6329 0.612 0.663 0.656 0.6282 0.6791 0.6769 0.6444 0.6838 0.6341 0.6457 0.6111 0.6503 0.6526 0.6133 0.648 0.6411 0.6088 0.6457 0.6596 0.6203 0.6688 0.6757 0.6319 0.6688 0.6988 0.6503 0.6664 0.7126
0.1073 0.6663 0.0 0.6019 0.6064 0.641 0.6019 0.6088 0.6479 0.6064 0.6226 0.6571 0.611 0.618 0.664 0.6226 0.6294 0.6893 0.641 0.6294 0.7054 0.6594 0.6272 0.6306 0.612 0.6004 0.6236 0.6167 0.6051 0.6398 0.6259 0.6098 0.6513 0.6329 0.612 0.663 0.656 0.6282 0.6791 0.6769 0.6444 0.6838 0.693 0.6457 0.6111 0.6503 0.6526 0.6133 0.648 0.6411 0.6088 0.6457 0.6596 0.6203 0.6688 0.6757 0.6319 0.6688 0.6988 0.6503 0.6664 0.7126 0.6596
0.2533 0.6202 0.0 0.6064 0.641 0.6019 0.6088 0.6479 0.6064 0.6226 0.6571 0.611 0.618 0.664 0.6226 0.6294 0.6893 0.641 0.6294 0.7054 0.6594 0.6272 0.7032 0.612 0.6004 0.6236 0.6167 0.6051 0.6398 0.6259 0.6098 0.6513 0.6329 0.612 0.663 0.656 0.6282 0.6791 0.6769 0.6444 0.6838 0.693 0.6513 0.6111 0.6503 0.6526 0.6133 0.648 0.6411 0.6088 0.6457 0.6596 0.6203 0.6688 0.6757 0.6319 0.6688 0.6988 0.6503 0.6664 0.7126 0.6596 0.6549
0.123 0.694 0.0 0.641 0.6019 0.6088 0.6479 0.6064 0.6226 0.6571 0.611 0.618 0.664 0.6226 0.6294 0.6893 0.641 0.6294 0.7054 0.6594 0.6272 0.7032 0.6663 0.6004 0.6236 0.6167 0.6051 0.6398 0.6259 0.6098 0.6513 0.6329 0.612 0.663 0.656 0.6282 0.6791 0.6769 0.6444 0.6838 0.693 0.6513 0.6722 0.6503 0.6526 0.6133 0.648 0.6411 0.6088 0.6457 0.6596 0.6203 0.6688 0.6757 0.6319 0.6688 0.6988 0.6503 0.6664 0.7126 0.6596 0.6549 0.7126
0.1537 0.6663 0.0 0.6019 0.6088 0.6479 0.6064 0.6226 0.6571 0.611 0.618 0.664 0.6226 0.6294 0.6893 0.641 0.6294 0.7054 0.6594 0.6272 0.7032 0.6663 0.6202 0.6236 0.6167 0.6051 0.6398 0.6259 0.6098 0.6513 0.6329 0.612 0.663 0.656 0.6282 0.6791 0.6769 0.6444 0.6838 0.693 0.6513 0.6722 0.7 0.6526 0.6133 0.648 0.6411 0.6088 0.6457 0.6596 0.6203 0.6688 0.6757 0.6319 0.6688 0.6988 0.6503 0.6664 0.7126 0.6596 0.6549 0.7126 0.6572
0.246 0.618 0.0 0.6088 0.6479 0.6064 0.6226 0.6571 0.611 0.618 0.664 0.6226 0.6294 0.6893 0.641 0.6294 0.7054 0.6594 0.6272 0.7032 0.6663 0.6202 0.694 0.6167 0.6051 0.6398 0.6259 0.6098 0.6513 0.6329 0.612 0.663 0.656 0.6282 0.6791 0.6769 0.6444 0.6838 0.693 0.6513 0.6722 0.7 0.6537 0.6133 0.648 0.6411 0.6088 0.6457 0.6596 0.6203 0.6688 0.6757 0.6319 0.6688 0.6988 0.6503 0.6664 0.7126 0.6596 0.6549 0.7126 0.6572 0.6319
0.0923 0.6663 0.0 0.6479 0.6064 0.6226 0.6571 0.611 0.618 0.664 0.6226 0.6294 0.6893 0.641 0.6294 0.7054 0.6594 0.6272 0.7032 0.6663 0.6202 0.694 0.6663 0.6051 0.6398 0.6259 0.6098 0.6513 0.6329 0.612 0.663 0.656 0.6282 0.6791 0.6769 0.6444 0.6838 0.693 0.6513 0.6722 0.7 0.6537 0.6513 0.648 0.6411 0.6088 0.6457 0.6596 0.6203 0.6688 0.6757 0.6319 0.6688 0.6988 0.6503 0.6664 0.7126 0.6596 0.6549 0.7126 0.6572 0.6319 0.701
0.161 0.6663 0.0 0.6064 0.6226 0.6571 0.611 0.618 0.664 0.6226 0.6294 0.6893 0.641 0.6294 0.7054 0.6594 0.6272 0.7032 0.6663 0.6202 0.694 0.6663 0.618 0.6398 0.6259 0.6098 0.6513 0.6329 0.612 0.663 0.656 0.6282 0.6791 0.6769 0.6444 0.6838 0.693 0.6513 0.6722 0.7 0.6537 0.6513 0.7 0.6411 0.6088 0.6457 0.6596 0.6203 0.6688 0.6757 0.6319 0.6688 0.6988 0.6503 0.6664 0.7126 0.6596 0.6549 0.7126 0.6572 0.6319 0.701 0.6526
0.161 0.6157 0.0 0.6226 0.6571 0.611 0.618 0.664 0.6226 0.6294 0.6893 0.641 0.6294 0.7054 0.6594 0.6272 0.7032 0.6663 0.6202 0.694 0.6663 0.618 0.6663 0.6259 0.6098 0.6513 0.6329 0.612 0.663 0.656 0.6282 0.6791 0.6769 0.6444 0.6838 0.693 0.6513 0.6722 0.7 0.6537 0.6513 0.7 0.6513 0.6088 0.6457 0.6596 0.6203 0.6688 0.6757 0.6319 0.6688 0.6988 0.6503 0.6664 0.7126 0.6596 0.6549 0.7126 0.6572 0.6319 0.701 0.6526 0.6157
0.0 0.6294 0.0 0.6571 0.611 0.618 0.664 0.6226 0.6294 0.6893 0.641 0.6294 0.7054 0.6594 0.6272 0.7032 0.6663 0.6202 0.694 0.6663 0.618 0.6663 0.6663 0.6098 0.6513 0.6329 0.612 0.663 0.656 0.6282 0.6791 0.6769 0.6444 0.6838 0.693 0.6513 0.6722 0.7 0.6537 0.6513 0.7 0.6513 0.6329 0.6457 0.6596 0.6203 0.6688 0.6757 0.6319 0.6688 0.6988 0.6503 0.6664 0.7126 0.6596 0.6549 0.7126 0.6572 0.6319 0.701 0.6526 0.6157 0.6757
0.1687 0.6618 0.0 0.611 0.618 0.664 0.6226 0.6294 0.6893 0.641 0.6294 0.7054 0.6594 0.6272 0.7032 0.6663 0.6202 0.694 0.6663 0.618 0.6663 0.6663 0.6157 0.6513 0.6329 0.612 0.663 0.656 0.6282 0.6791 0.6769 0.6444 0.6838 0.693 0.6513 0.6722 0.7 0.6537 0.6513 0.7 0.6513 0.6329 0.6908 0.6596 0.6203 0.6688 0.6757 0.6319 0.6688 0.6988 0.6503 0.6664 0.7126 0.6596 0.6549 0.7126 0.6572 0.6319 0.701 0.6526 0.6157 0.6757 0.6503
0.0457 0.618 0.0 0.618 0.664 0.6226 0.6294 0.6893 0.641 0.6294 0.7054 0.6594 0.6272 0.7032 0.6663 0.6202 0.694 0.6663 0.618 0.6663 0.6663 0.6157 0.6294 0.6329 0.612 0.663 0.656 0.6282 0.6791 0.6769 0.6444 0.6838 0.693 0.6513 0.6722 0.7 0.6537 0.6513 0.7 0.6513 0.6329 0.6908 0.6583 0.6203 0.6688 0.6757 0.6319 0.6688 0.6988 0.6503 0.6664 0.7126 0.6596 0.6549 0.7126 0.6572 0.6319 0.701 0.6526 0.6157 0.6757 0.6503 0.6133
0.108 0.5788 0.0 0.664 0.6226 0.6294 0.6893 0.641 0.6294 0.7054 0.6594 0.6272 0.7032 0.6663 0.6202 0.694 0.6663 0.618 0.6663 0.6663 0.6157 0.6294 0.6618 0.612 0.663 0.656 0.6282 0.6791 0.6769 0.6444 0.6838 0.693 0.6513 0.6722 0.7 0.6537 0.6513 0.7 0.6513 0.6329 0.6908 0.6583 0.6259 0.6688 0.6757 0.6319 0.6688 0.6988 0.6503 0.6664 0.7126 0.6596 0.6549 0.7126 0.6572 0.6319 0.701 0.6526 0.6157 0.6757 0.6503 0.6133 0.6388
0.146 0.5489 0.0 0.6226 0.6294 0.6893 0.641 0.6294 0.7054 0.6594 0.6272 0.7032 0.6663 0.6202 0.694 0.6663 0.618 0.6663 0.6663 0.6157 0.6294 0.6618 0.618 0.663 0.656 0.6282 0.6791 0.6769 0.6444 0.6838 0.693 0.6513 0.6722 0.7 0.6537 0.6513 0.7 0.6513 0.6329 0.6908 0.6583 0.6259 0.6098 0.6757 0.6319 0.6688 0.6988 0.6503 0.6664 0.7126 0.6596 0.6549 0.7126 0.6572 0.6319 0.701 0.6526 0.6157 0.6757 0.6503 0.6133 0.6388 0.6249
0.1307 0.5281 0.0 0.6294 0.6893 0.641 0.6294 0.7054 0.6594 0.6272 0.7032 0.6663 0.6202 0.694 0.6663 0.618 0.6663 0.6663 0.6157 0.6294 0.6618 0.618 0.5788 0.656 0.6282 0.6791 0.6769 0.6444 0.6838 0.693 0.6513 0.6722 0.7 0.6537 0.6513 0.7 0.6513 0.6329 0.6908 0.6583 0.6259 0.6098 0.5936 0.6319 0.6688 0.6988 0.6503 0.6664 0.7126 0.6596 0.6549 0.7126 0.6572 0.6319 0.701 0.6526 0.6157 0.6757 0.6503 0.6133 0.6388 0.6249 0.5927
0.0997 0.5051 0.0 0.6893 0.641 0.6294 0.7054 0.6594 0.6272 0.7032 0.6663 0.6202 0.694 0.6663 0.618 0.6663 0.6663 0.6157 0.6294 0.6618 0.618 0.5788 0.5489 0.6282 0.6791 0.6769 0.6444 0.6838 0.693 0.6513 0.6722 0.7 0.6537 0.6513 0.7 0.6513 0.6329 0.6908 0.6583 0.6259 0.6098 0.5936 0.5703 0.6688 0.6988 0.6503 0.6664 0.7126 0.6596 0.6549 0.7126 0.6572 0.6319 0.701 0.6526 0.6157 0.6757 0.6503 0.6133 0.6388 0.6249 0.5927 0.5649
0.0693 0.4798 0.0 0.641 0.6294 0.7054 0.6594 0.6272 0.7032 0.6663 0.6202 0.694 0.6663 0.618 0.6663 0.6663 0.6157 0.6294 0.6618 0.618 0.5788 0.5489 0.5281 0.6791 0.6769 0.6444 0.6838 0.693 0.6513 0.6722 0.7 0.6537 0.6513 0.7 0.6513 0.6329 0.6908 0.6583 0.6259 0.6098 0.5936 0.5703 0.5472 0.6988 0.6503 0.6664 0.7126 0.6596 0.6549 0.7126 0.6572 0.6319 0.701 0.6526 0.6157 0.6757 0.6503 0.6133 0.6388 0.6249 0.5927 0.5649 0.5442
0.0767 0.4729 0.0 0.6294 0.7054 0.6594 0.6272 0.7032 0.6663 0.6202 0.694 0.6663 0.618 0.6663 0.6663 0.6157 0.6294 0.6618 0.618 0.5788 0.5489 0.5281 0.5051 0.6769 0.6444 0.6838 0.693 0.6513 0.6722 0.7 0.6537 0.6513 0.7 0.6513 0.6329 0.6908 0.6583 0.6259 0.6098 0.5936 0.5703 0.5472 0.5333 0.6503 0.6664 0.7126 0.6596 0.6549 0.7126 0.6572 0.6319 0.701 0.6526 0.6157 0.6757 0.6503 0.6133 0.6388 0.6249 0.5927 0.5649 0.5442 0.5303
0.0843 0.4521 0.0 0.7054 0.6594 0.6272 0.7032 0.6663 0.6202 0.694 0.6663 0.618 0.6663 0.6663 0.6157 0.6294 0.6618 0.618 0.5788 0.5489 0.5281 0.5051 0.4798 0.6444 0.6838 0.693 0.6513 0.6722 0.7 0.6537 0.6513 0.7 0.6513 0.6329 0.6908 0.6583 0.6259 0.6098 0.5936 0.5703 0.5472 0.5333 0.5194 0.6664 0.7126 0.6596 0.6549 0.7126 0.6572 0.6319 0.701 0.6526 0.6157 0.6757 0.6503 0.6133 0.6388 0.6249 0.5927 0.5649 0.5442 0.5303 0.505
0.023 0.4314 0.0 0.6594 0.6272 0.7032 0.6663 0.6202 0.694 0.6663 0.618 0.6663 0.6663 0.6157 0.6294 0.6618 0.618 0.5788 0.5489 0.5281 0.5051 0.4798 0.4729 0.6838 0.693 0.6513 0.6722 0.7 0.6537 0.6513 0.7 0.6513 0.6329 0.6908 0.6583 0.6259 0.6098 0.5936 0.5703 0.5472 0.5333 0.5194 0.4963 0.7126 0.6596 0.6549 0.7126 0.6572 0.6319 0.701 0.6526 0.6157 0.6757 0.6503 0.6133 0.6388 0.6249 0.5927 0.5649 0.5442 0.5303 0.505 0.4911
0.0693 0.4222 0.0 0.6272 0.7032 0.6663 0.6202 0.694 0.6663 0.618 0.6663 0.6663 0.6157 0.6294 0.6618 0.618 0.5788 0.5489 0.5281 0.5051 0.4798 0.4729 0.4521 0.693 0.6513 0.6722 0.7 0.6537 0.6513 0.7 0.6513 0.6329 0.6908 0.6583 0.6259 0.6098 0.5936 0.5703 0.5472 0.5333 0.5194 0.4963 0.4848 0.6596 0.6549 0.7126 0.6572 0.6319 0.701 0.6526 0.6157 0.6757 0.6503 0.6133 0.6388 0.6249 0.5927 0.5649 0.5442 0.5303 0.505 0.4911 0.4796
0.069 0.4083 0.0 0.7032 0.6663 0.6202 0.694 0.6663 0.618 0.6663 0.6663 0.6157 0.6294 0.6618 0.618 0.5788 0.5489 0.5281 0.5051 0.4798 0.4729 0.4521 0.4314 0.6513 0.6722 0.7 0.6537 0.6513 0.7 0.6513 0.6329 0.6908 0.6583 0.6259 0.6098 0.5936 0.5703 0.5472 0.5333 0.5194 0.4963 0.4848 0.4732 0.6549 0.7126 0.6572 0.6319 0.701 0.6526 0.6157 0.6757 0.6503 0.6133 0.6388 0.6249 0.5927 0.5649 0.5442 0.5303 0.505 0.4911 0.4796 0.4611
0.0307 0.3877 0.0 0.6663 0.6202 0.694 0.6663 0.618 0.6663 0.6663 0.6157 0.6294 0.6618 0.618 0.5788 0.5489 0.5281 0.5051 0.4798 0.4729 0.4521 0.4314 0.4222 0.6722 0.7 0.6537 0.6513 0.7 0.6513 0.6329 0.6908 0.6583 0.6259 0.6098 0.5936 0.5703 0.5472 0.5333 0.5194 0.4963 0.4848 0.4732 0.45 0.7126 0.6572 0.6319 0.701 0.6526 0.6157 0.6757 0.6503 0.6133 0.6388 0.6249 0.5927 0.5649 0.5442 0.5303 0.505 0.4911 0.4796 0.4611 0.4427
0.0463 0.3853 0.0 0.6202 0.694 0.6663 0.618 0.6663 0.6663 0.6157 0.6294 0.6618 0.618 0.5788 0.5489 0.5281 0.5051 0.4798 0.4729 0.4521 0.4314 0.4222 0.4083 0.7 0.6537 0.6513 0.7 0.6513 0.6329 0.6908 0.6583 0.6259 0.6098 0.5936 0.5703 0.5472 0.5333 0.5194 0.4963 0.4848 0.4732 0.45 0.4384 0.6572 0.6319 0.701 0.6526 0.6157 0.6757 0.6503 0.6133 0.6388 0.6249 0.5927 0.5649 0.5442 0.5303 0.505 0.4911 0.4796 0.4611 0.4427 0.4403
0.0687 0.3784 0.0 0.694 0.6663 0.618 0.6663 0.6663 0.6157 0.6294 0.6618 0.618 0.5788 0.5489 0.5281 0.5051 0.4798 0.4729 0.4521 0.4314 0.4222 0.4083 0.3877 0.6537 0.6513 0.7 0.6513 0.6329 0.6908 0.6583 0.6259 0.6098 0.5936 0.5703 0.5472 0.5333 0.5194 0.4963 0.4848 0.4732 0.45 0.4384 0.4316 0.6319 0.701 0.6526 0.6157 0.6757 0.6503 0.6133 0.6388 0.6249 0.5927 0.5649 0.5442 0.5303 0.505 0.4911 0.4796 0.4611 0.4427 0.4403 0.4219
0.008 0.36 0.0 0.6663 0.618 0.6663 0.6663 0.6157 0.6294 0.6618 0.618 0.5788 0.5489 0.5281 0.5051 0.4798 0.4729 0.4521 0.4314 0.4222 0.4083 0.3877 0.3853 0.6513 0.7 0.6513 0.6329 0.6908 0.6583 0.6259 0.6098 0.5936 0.5703 0.5472 0.5333 0.5194 0.4963 0.4848 0.4732 0.45 0.4384 0.4316 0.413 0.701 0.6526 0.6157 0.6757 0.6503 0.6133 0.6388 0.6249 0.5927 0.5649 0.5442 0.5303 0.505 0.4911 0.4796 0.4611 0.4427 0.4403 0.4219 0.4058
0.023 0.3577 0.0 0.618 0.6663 0.6663 0.6157 0.6294 0.6618 0.618 0.5788 0.5489 0.5281 0.5051 0.4798 0.4729 0.4521 0.4314 0.4222 0.4083 0.3877 0.3853 0.3784 0.7 0.6513 0.6329 0.6908 0.6583 0.6259 0.6098 0.5936 0.5703 0.5472 0.5333 0.5194 0.4963 0.4848 0.4732 0.45 0.4384 0.4316 0.413 0.3991 0.6526 0.6157 0.6757 0.6503 0.6133 0.6388 0.6249 0.5927 0.5649 0.5442 0.5303 0.505 0.4911 0.4796 0.4611 0.4427 0.4403 0.4219 0.4058 0.4081
0.0613 0.3553 0.0 0.6663 0.6663 0.6157 0.6294 0.6618 0.618 0.5788 0.5489 0.5281 0.5051 0.4798 0.4729 0.4521 0.4314 0.4222 0.4083 0.3877 0.3853 0.3784 0.36 0.6513 0.6329 0.6908 0.6583 0.6259 0.6098 0.5936 0.5703 0.5472 0.5333 0.5194 0.4963 0.4848 0.4732 0.45 0.4384 0.4316 0.413 0.3991 0.4014 0.6157 0.6757 0.6503 0.6133 0.6388 0.6249 0.5927 0.5649 0.5442 0.5303 0.505 0.4911 0.4796 0.4611 0.4427 0.4403 0.4219 0.4058 0.4081 0.3942
0.0077 0.337 0.0 0.6663 0.6157 0.6294 0.6618 0.618 0.5788 0.5489 0.5281 0.5051 0.4798 0.4729 0.4521 0.4314 0.4222 0.4083 0.3877 0.3853 0.3784 0.36 0.3577 0.6329 0.6908 0.6583 0.6259 0.6098 0.5936 0.5703 0.5472 0.5333 0.5194 0.4963 0.4848 0.4732 0.45 0.4384 0.4316 0.413 0.3991 0.4014 0.3852 0.6757 0.6503 0.6133 0.6388 0.6249 0.5927 0.5649 0.5442 0.5303 0.505 0.4911 0.4796 0.4611 0.4427 0.4403 0.4219 0.4058 0.4081 0.3942 0.3781
0.008 0.33 0.0 0.6157 0.6294 0.6618 0.618 0.5788 0.5489 0.5281 0.5051 0.4798 0.4729 0.4521 0.4314 0.4222 0.4083 0.3877 0.3853 0.3784 0.36 0.3577 0.3553 0.6908 0.6583 0.6259 0.6098 0.5936 0.5703 0.5472 0.5333 0.5194 0.4963 0.4848 0.4732 0.45 0.4384 0.4316 0.413 0.3991 0.4014 0.3852 0.369 0.6503 0.6133 0.6388 0.6249 0.5927 0.5649 0.5442 0.5303 0.505 0.4911 0.4796 0.4611 0.4427 0.4403 0.4219 0.4058 0.4081 0.3942 0.3781 0.3781
0.061 0.3254 0.0 0.6294 0.6618 0.618 0.5788 0.5489 0.5281 0.5051 0.4798 0.4729 0.4521 0.4314 0.4222 0.4083 0.3877 0.3853 0.3784 0.36 0.3577 0.3553 0.337 0.6583 0.6259 0.6098 0.5936 0.5703 0.5472 0.5333 0.5194 0.4963 0.4848 0.4732 0.45 0.4384 0.4316 0.413 0.3991 0.4014 0.3852 0.369 0.369 0.6133 0.6388 0.6249 0.5927 0.5649 0.5442 0.5303 0.505 0.4911 0.4796 0.4611 0.4427 0.4403 0.4219 0.4058 0.4081 0.3942 0.3781 0.3781 0.3712
0.0233 0.3117 0.0 0.6618 0.618 0.5788 0.5489 0.5281 0.5051 0.4798 0.4729 0.4521 0.4314 0.4222 0.4083 0.3877 0.3853 0.3784 0.36 0.3577 0.3553 0.337 0.33 0.6259 0.6098 0.5936 0.5703 0.5472 0.5333 0.5194 0.4963 0.4848 0.4732 0.45 0.4384 0.4316 0.413 0.3991 0.4014 0.3852 0.369 0.369 0.3551 0.6388 0.6249 0.5927 0.5649 0.5442 0.5303 0.505 0.4911 0.4796 0.4611 0.4427 0.4403 0.4219 0.4058 0.4081 0.3942 0.3781 0.3781 0.3712 0.3528
0.0153 0.3001 0.0 0.618 0.5788 0.5489 0.5281 0.5051 0.4798 0.4729 0.4521 0.4314 0.4222 0.4083 0.3877 0.3853 0.3784 0.36 0.3577 0.3553 0.337 0.33 0.3254 0.6098 0.5936 0.5703 0.5472 0.5333 0.5194 0.4963 0.4848 0.4732 0.45 0.4384 0.4316 0.413 0.3991 0.4014 0.3852 0.369 0.369 0.3551 0.3389 0.6249 0.5927 0.5649 0.5442 0.5303 0.505 0.4911 0.4796 0.4611 0.4427 0.4403 0.4219 0.4058 0.4081 0.3942 0.3781 0.3781 0.3712 0.3528 0.3481
0.0457 0.2932 0.0 0.5788 0.5489 0.5281 0.5051 0.4798 0.4729 0.4521 0.4314 0.4222 0.4083 0.3877 0.3853 0.3784 0.36 0.3577 0.3553 0.337 0.33 0.3254 0.3117 0.5936 0.5703 0.5472 0.5333 0.5194 0.4963 0.4848 0.4732 0.45 0.4384 0.4316 0.413 0.3991 0.4014 0.3852 0.369 0.369 0.3551 0.3389 0.3367 0.5927 0.5649 0.5442 0.5303 0.505 0.4911 0.4796 0.4611 0.4427 0.4403 0.4219 0.4058 0.4081 0.3942 0.3781 0.3781 0.3712 0.3528 0.3481 0.3389
0.0387 0.2817 0.0 0.5489 0.5281 0.5051 0.4798 0.4729 0.4521 0.4314 0.4222 0.4083 0.3877 0.3853 0.3784 0.36 0.3577 0.3553 0.337 0.33 0.3254 0.3117 0.3001 0.5703 0.5472 0.5333 0.5194 0.4963 0.4848 0.4732 0.45 0.4384 0.4316 0.413 0.3991 0.4014 0.3852 0.369 0.369 0.3551 0.3389 0.3367 0.3273 0.5649 0.5442 0.5303 0.505 0.4911 0.4796 0.4611 0.4427 0.4403 0.4219 0.4058 0.4081 0.3942 0.3781 0.3781 0.3712 0.3528 0.3481 0.3389 0.3273
0.023 0.2724 0.0 0.5281 0.5051 0.4798 0.4729 0.4521 0.4314 0.4222 0.4083 0.3877 0.3853 0.3784 0.36 0.3577 0.3553 0.337 0.33 0.3254 0.3117 0.3001 0.2932 0.5472 0.5333 0.5194 0.4963 0.4848 0.4732 0.45 0.4384 0.4316 0.413 0.3991 0.4014 0.3852 0.369 0.369 0.3551 0.3389 0.3367 0.3273 0.3134 0.5442 0.5303 0.505 0.4911 0.4796 0.4611 0.4427 0.4403 0.4219 0.4058 0.4081 0.3942 0.3781 0.3781 0.3712 0.3528 0.3481 0.3389 0.3273 0.3181
0.0383 0.2679 0.0 0.5051 0.4798 0.4729 0.4521 0.4314 0.4222 0.4083 0.3877 0.3853 0.3784 0.36 0.3577 0.3553 0.337 0.33 0.3254 0.3117 0.3001 0.2932 0.2817 0.5333 0.5194 0.4963 0.4848 0.4732 0.45 0.4384 0.4316 0.413 0.3991 0.4014 0.3852 0.369 0.369 0.3551 0.3389 0.3367 0.3273 0.3134 0.3066 0.5303 0.505 0.4911 0.4796 0.4611 0.4427 0.4403 0.4219 0.4058 0.4081 0.3942 0.3781 0.3781 0.3712 0.3528 0.3481 0.3389 0.3273 0.3181 0.3112
0.031 0.2563 0.0 0.4798 0.4729 0.4521 0.4314 0.4222 0.4083 0.3877 0.3853 0.3784 0.36 0.3577 0.3553 0.337 0.33 0.3254 0.3117 0.3001 0.2932 0.2817 0.2724 0.5194 0.4963 0.4848 0.4732 0.45 0.4384 0.4316 0.413 0.3991 0.4014 0.3852 0.369 0.369 0.3551 0.3389 0.3367 0.3273 0.3134 0.3066 0.2972 0.505 0.4911 0.4796 0.4611 0.4427 0.4403 0.4219 0.4058 0.4081 0.3942 0.3781 0.3781 0.3712 0.3528 0.3481 0.3389 0.3273 0.3181 0.3112 0.2997
0.015 0.2471 0.0 0.4729 0.4521 0.4314 0.4222 0.4083 0.3877 0.3853 0.3784 0.36 0.3577 0.3553 0.337 0.33 0.3254 0.3117 0.3001 0.2932 0.2817 0.2724 0.2679 0.4963 0.4848 0.4732 0.45 0.4384 0.4316 0.413 0.3991 0.4014 0.3852 0.369 0.369 0.3551 0.3389 0.3367 0.3273 0.3134 0.3066 0.2972 0.2857 0.4911 0.4796 0.4611 0.4427 0.4403 0.4219 0.4058 0.4081 0.3942 0.3781 0.3781 0.3712 0.3528 0.3481 0.3389 0.3273 0.3181 0.3112 0.2997 0.2904
0.0387 0.2402 0.0 0.4521 0.4314 0.4222 0.4083 0.3877 0.3853 0.3784 0.36 0.3577 0.3553 0.337 0.33 0.3254 0.3117 0.3001 0.2932 0.2817 0.2724 0.2679 0.2563 0.4848 0.4732 0.45 0.4384 0.4316 0.413 0.3991 0.4014 0.3852 0.369 0.369 0.3551 0.3389 0.3367 0.3273 0.3134 0.3066 0.2972 0.2857 0.2811 0.4796 0.4611 0.4427 0.4403 0.4219 0.4058 0.4081 0.3942 0.3781 0.3781 0.3712 0.3528 0.3481 0.3389 0.3273 0.3181 0.3112 0.2997 0.2904 0.2859
0.0307 0.5643 0.0 0.4314 0.4222 0.4083 0.3877 0.3853 0.3784 0.36 0.3577 0.3553 0.337 0.33 0.3254 0.3117 0.3001 0.2932 0.2817 0.2724 0.2679 0.2563 0.2471 0.4732 0.45 0.4384 0.4316 0.413 0.3991 0.4014 0.3852 0.369 0.369 0.3551 0.3389 0.3367 0.3273 0.3134 0.3066 0.2972 0.2857 0.2811 0.2718 0.4611 0.4427 0.4403 0.4219 0.4058 0.4081 0.3942 0.3781 0.3781 0.3712 0.3528 0.3481 0.3389 0.3273 0.3181 0.3112 0.2997 0.2904 0.2859 0.2743
0.023 0.5643 0.0 0.4222 0.4083 0.3877 0.3853 0.3784 0.36 0.3577 0.3553 0.337 0.33 0.3254 0.3117 0.3001 0.2932 0.2817 0.2724 0.2679 0.2563 0.2471 0.2402 0.45 0.4384 0.4316 0.413 0.3991 0.4014 0.3852 0.369 0.369 0.3551 0.3389 0.3367 0.3273 0.3134 0.3066 0.2972 0.2857 0.2811 0.2718 0.2626 0.4427 0.4403 0.4219 0.4058 0.4081 0.3942 0.3781 0.3781 0.3712 0.3528 0.3481 0.3389 0.3273 0.3181 0.3112 0.2997 0.2904 0.2859 0.2743 0.2673
1.0 0.3186 1.0 0.4083 0.3877 0.3853 0.3784 0.36 0.3577 0.3553 0.337 0.33 0.3254 0.3117 0.3001 0.2932 0.2817 0.2724 0.2679 0.2563 0.2471 0.2402 0.5643 0.4384 0.4316 0.413 0.3991 0.4014 0.3852 0.369 0.369 0.3551 0.3389 0.3367 0.3273 0.3134 0.3066 0.2972 0.2857 0.2811 0.2718 0.2626 0.2557 0.4403 0.4219 0.4058 0.4081 0.3942 0.3781 0.3781 0.3712 0.3528 0.3481 0.3389 0.3273 0.3181 0.3112 0.2997 0.2904 0.2859 0.2743 0.2673 0.2604
0.0 0.2932 1.0 0.3877 0.3853 0.3784 0.36 0.3577 0.3553 0.337 0.33 0.3254 0.3117 0.3001 0.2932 0.2817 0.2724 0.2679 0.2563 0.2471 0.2402 0.5643 0.5643 0.4316 0.413 0.3991 0.4014 0.3852 0.369 0.369 0.3551 0.3389 0.3367 0.3273 0.3134 0.3066 0.2972 0.2857 0.2811 0.2718 0.2626 0.2557 0.2487 0.4219 0.4058 0.4081 0.3942 0.3781 0.3781 0.3712 0.3528 0.3481 0.3389 0.3273 0.3181 0.3112 0.2997 0.2904 0.2859 0.2743 0.2673 0.2604 0.2536
0.819 0.3392 0.0 0.3853 0.3784 0.36 0.3577 0.3553 0.337 0.33 0.3254 0.3117 0.3001 0.2932 0.2817 0.2724 0.2679 0.2563 0.2471 0.2402 0.5643 0.5643 0.3186 0.413 0.3991 0.4014 0.3852 0.369 0.369 0.3551 0.3389 0.3367 0.3273 0.3134 0.3066 0.2972 0.2857 0.2811 0.2718 0.2626 0.2557 0.2487 0.2557 0.4058 0.4081 0.3942 0.3781 0.3781 0.3712 0.3528 0.3481 0.3389 0.3273 0.3181 0.3112 0.2997 0.2904 0.2859 0.2743 0.2673 0.2604 0.2536 0.3458
0.0847 0.3807 0.0 0.3784 0.36 0.3577 0.3553 0.337 0.33 0.3254 0.3117 0.3001 0.2932 0.2817 0.2724 0.2679 0.2563 0.2471 0.2402 0.5643 0.5643 0.3186 0.2932 0.3991 0.4014 0.3852 0.369 0.369 0.3551 0.3389 0.3367 0.3273 0.3134 0.3066 0.2972 0.2857 0.2811 0.2718 0.2626 0.2557 0.2487 0.2557 0.3343 0.4081 0.3942 0.3781 0.3781 0.3712 0.3528 0.3481 0.3389 0.3273 0.3181 0.3112 0.2997 0.2904 0.2859 0.2743 0.2673 0.2604 0.2536 0.3458 0.3342
0.1533 0.3462 0.0 0.36 0.3577 0.3553 0.337 0.33 0.3254 0.3117 0.3001 0.2932 0.2817 0.2724 0.2679 0.2563 0.2471 0.2402 0.5643 0.5643 0.3186 0.2932 0.3392 0.4014 0.3852 0.369 0.369 0.3551 0.3389 0.3367 0.3273 0.3134 0.3066 0.2972 0.2857 0.2811 0.2718 0.2626 0.2557 0.2487 0.2557 0.3343 0.3158 0.3942 0.3781 0.3781 0.3712 0.3528 0.3481 0.3389 0.3273 0.3181 0.3112 0.2997 0.2904 0.2859 0.2743 0.2673 0.2604 0.2536 0.3458 0.3342 0.3112
0.1383 0.36 0.0 0.3577 0.3553 0.337 0.33 0.3254 0.3117 0.3001 0.2932 0.2817 0.2724 0.2679 0.2563 0.2471 0.2402 0.5643 0.5643 0.3186 0.2932 0.3392 0.3807 0.3852 0.369 0.369 0.3551 0.3389 0.3367 0.3273 0.3134 0.3066 0.2972 0.2857 0.2811 0.2718 0.2626 0.2557 0.2487 0.2557 0.3343 0.3158 0.3042 0.3781 0.3781 0.3712 0.3528 0.3481 0.3389 0.3273 0.3181 0.3112 0.2997 0.2904 0.2859 0.2743 0.2673 0.2604 0.2536 0.3458 0.3342 0.3112 0.3804
0.115 0.4244 0.0 0.3553 0.337 0.33 0.3254 0.3117 0.3001 0.2932 0.2817 0.2724 0.2679 0.2563 0.2471 0.2402 0.5643 0.5643 0.3186 0.2932 0.3392 0.3807 0.3462 0.369 0.369 0.3551 0.3389 0.3367 0.3273 0.3134 0.3066 0.2972 0.2857 0.2811 0.2718 0.2626 0.2557 0.2487 0.2557 0.3343 0.3158 0.3042 0.3806 0.3781 0.3712 0.3528 0.3481 0.3389 0.3273 0.3181 0.3112 0.2997 0.2904 0.2859 0.2743 0.2673 0.2604 0.2536 0.3458 0.3342 0.3112 0.3804 0.385
0.046 0.3853 0.0 0.337 0.33 0.3254 0.3117 0.3001 0.2932 0.2817 0.2724 0.2679 0.2563 0.2471 0.2402 0.5643 0.5643 0.3186 0.2932 0.3392 0.3807 0.3462 0.36 0.369 0.3551 0.3389 0.3367 0.3273 0.3134 0.3066 0.2972 0.2857 0.2811 0.2718 0.2626 0.2557 0.2487 0.2557 0.3343 0.3158 0.3042 0.3806 0.3667 0.3712 0.3528 0.3481 0.3389 0.3273 0.3181 0.3112 0.2997 0.2904 0.2859 0.2743 0.2673 0.2604 0.2536 0.3458 0.3342 0.3112 0.3804 0.385 0.3504
0.2147 0.3738 0.0 0.33 0.3254 0.3117 0.3001 0.2932 0.2817 0.2724 0.2679 0.2563 0.2471 0.2402 0.5643 0.5643 0.3186 0.2932 0.3392 0.3807 0.3462 0.36 0.4244 0.3551 0.3389 0.3367 0.3273 0.3134 0.3066 0.2972 0.2857 0.2811 0.2718 0.2626 0.2557 0.2487 0.2557 0.3343 0.3158 0.3042 0.3806 0.3667 0.3412 0.3528 0.3481 0.3389 0.3273 0.3181 0.3112 0.2997 0.2904 0.2859 0.2743 0.2673 0.2604 0.2536 0.3458 0.3342 0.3112 0.3804 0.385 0.3504 0.3942
0.1303 0.459 0.0 0.3254 0.3117 0.3001 0.2932 0.2817 0.2724 0.2679 0.2563 0.2471 0.2402 0.5643 0.5643 0.3186 0.2932 0.3392 0.3807 0.3462 0.36 0.4244 0.3853 0.3389 0.3367 0.3273 0.3134 0.3066 0.2972 0.2857 0.2811 0.2718 0.2626 0.2557 0.2487 0.2557 0.3343 0.3158 0.3042 0.3806 0.3667 0.3412 0.406 0.3481 0.3389 0.3273 0.3181 0.3112 0.2997 0.2904 0.2859 0.2743 0.2673 0.2604 0.2536 0.3458 0.3342 0.3112 0.3804 0.385 0.3504 0.3942 0.4219
0.0383 0.4199 0.0 0.3117 0.3001 0.2932 0.2817 0.2724 0.2679 0.2563 0.2471 0.2402 0.5643 0.5643 0.3186 0.2932 0.3392 0.3807 0.3462 0.36 0.4244 0.3853 0.3738 0.3367 0.3273 0.3134 0.3066 0.2972 0.2857 0.2811 0.2718 0.2626 0.2557 0.2487 0.2557 0.3343 0.3158 0.3042 0.3806 0.3667 0.3412 0.406 0.4083 0.3389 0.3273 0.3181 0.3112 0.2997 0.2904 0.2859 0.2743 0.2673 0.2604 0.2536 0.3458 0.3342 0.3112 0.3804 0.385 0.3504 0.3942 0.4219 0.3827
0.284 0.3946 0.0 0.3001 0.2932 0.2817 0.2724 0.2679 0.2563 0.2471 0.2402 0.5643 0.5643 0.3186 0.2932 0.3392 0.3807 0.3462 0.36 0.4244 0.3853 0.3738 0.459 0.3273 0.3134 0.3066 0.2972 0.2857 0.2811 0.2718 0.2626 0.2557 0.2487 0.2557 0.3343 0.3158 0.3042 0.3806 0.3667 0.3412 0.406 0.4083 0.3783 0.3273 0.3181 0.3112 0.2997 0.2904 0.2859 0.2743 0.2673 0.2604 0.2536 0.3458 0.3342 0.3112 0.3804 0.385 0.3504 0.3942 0.4219 0.3827 0.3989
0.1303 0.4751 0.0 0.2932 0.2817 0.2724 0.2679 0.2563 0.2471 0.2402 0.5643 0.5643 0.3186 0.2932 0.3392 0.3807 0.3462 0.36 0.4244 0.3853 0.3738 0.459 0.4199 0.3134 0.3066 0.2972 0.2857 0.2811 0.2718 0.2626 0.2557 0.2487 0.2557 0.3343 0.3158 0.3042 0.3806 0.3667 0.3412 0.406 0.4083 0.3783 0.4177 0.3181 0.3112 0.2997 0.2904 0.2859 0.2743 0.2673 0.2604 0.2536 0.3458 0.3342 0.3112 0.3804 0.385 0.3504 0.3942 0.4219 0.3827 0.3989 0.4542
0.0843 0.459 0.0 0.2817 0.2724 0.2679 0.2563 0.2471 0.2402 0.5643 0.5643 0.3186 0.2932 0.3392 0.3807 0.3462 0.36 0.4244 0.3853 0.3738 0.459 0.4199 0.3946 0.3066 0.2972 0.2857 0.2811 0.2718 0.2626 0.2557 0.2487 0.2557 0.3343 0.3158 0.3042 0.3806 0.3667 0.3412 0.406 0.4083 0.3783 0.4177 0.45 0.3112 0.2997 0.2904 0.2859 0.2743 0.2673 0.2604 0.2536 0.3458 0.3342 0.3112 0.3804 0.385 0.3504 0.3942 0.4219 0.3827 0.3989 0.4542 0.4127
0.2683 0.4268 0.0 0.2724 0.2679 0.2563 0.2471 0.2402 0.5643 0.5643 0.3186 0.2932 0.3392 0.3807 0.3462 0.36 0.4244 0.3853 0.3738 0.459 0.4199 0.3946 0.4751 0.2972 0.2857 0.2811 0.2718 0.2626 0.2557 0.2487 0.2557 0.3343 0.3158 0.3042 0.3806 0.3667 0.3412 0.406 0.4083 0.3783 0.4177 0.45 0.413 0.2997 0.2904 0.2859 0.2743 0.2673 0.2604 0.2536 0.3458 0.3342 0.3112 0.3804 0.385 0.3504 0.3942 0.4219 0.3827 0.3989 0.4542 0.4127 0.4012
0.0537 0.4798 0.0 0.2679 0.2563 0.2471 0.2402 0.5643 0.5643 0.3186 0.2932 0.3392 0.3807 0.3462 0.36 0.4244 0.3853 0.3738 0.459 0.4199 0.3946 0.4751 0.459 0.2857 0.2811 0.2718 0.2626 0.2557 0.2487 0.2557 0.3343 0.3158 0.3042 0.3806 0.3667 0.3412 0.406 0.4083 0.3783 0.4177 0.45 0.413 0.4246 0.2904 0.2859 0.2743 0.2673 0.2604 0.2536 0.3458 0.3342 0.3112 0.3804 0.385 0.3504 0.3942 0.4219 0.3827 0.3989 0.4542 0.4127 0.4012 0.4819
0.1073 0.489 0.0 0.2563 0.2471 0.2402 0.5643 0.5643 0.3186 0.2932 0.3392 0.3807 0.3462 0.36 0.4244 0.3853 0.3738 0.459 0.4199 0.3946 0.4751 0.459 0.4268 0.2811 0.2718 0.2626 0.2557 0.2487 0.2557 0.3343 0.3158 0.3042 0.3806 0.3667 0.3412 0.406 0.4083 0.3783 0.4177 0.45 0.413 0.4246 0.4893 0.2859 0.2743 0.2673 0.2604 0.2536 0.3458 0.3342 0.3112 0.3804 0.385 0.3504 0.3942 0.4219 0.3827 0.3989 0.4542 0.4127 0.4012 0.4819 0.445
0.1767 0.4544 0.0 0.2471 0.2402 0.5643 0.5643 0.3186 0.2932 0.3392 0.3807 0.3462 0.36 0.4244 0.3853 0.3738 0.459 0.4199 0.3946 0.4751 0.459 0.4268 0.4798 0.2718 0.2626 0.2557 0.2487 0.2557 0.3343 0.3158 0.3042 0.3806 0.3667 0.3412 0.406 0.4083 0.3783 0.4177 0.45 0.413 0.4246 0.4893 0.4523 0.2743 0.2673 0.2604 0.2536 0.3458 0.3342 0.3112 0.3804 0.385 0.3504 0.3942 0.4219 0.3827 0.3989 0.4542 0.4127 0.4012 0.4819 0.445 0.4242
