0.069 0.2972 1.0 0.5576 0.5621 0.523 0.5091 0.5529 0.5183 0.4908 0.5507 0.523 0.4884 0.47 0.4516 0.4286 0.4056 0.394 0.3756 0.3526 0.3457 0.3318 0.3111 0.6722 0.6444 0.6953 0.6722 0.6374 0.6769 0.6814 0.6444 0.663 0.6884 0.6491 0.6143 0.5912 0.5703 0.5449 0.5264 0.5148 0.4893 0.4732 0.4662 0.6272 0.671 0.6618 0.6272 0.6549 0.6526 0.6249 0.6157 0.6411 0.6226 0.5972 0.5811 0.5696 0.5488 0.528 0.5211 0.5003 0.4796 0.475 0.4589
0.0233 0.2766 1.0 0.5621 0.523 0.5091 0.5529 0.5183 0.4908 0.5507 0.523 0.4884 0.47 0.4516 0.4286 0.4056 0.394 0.3756 0.3526 0.3457 0.3318 0.3111 0.3041 0.6444 0.6953 0.6722 0.6374 0.6769 0.6814 0.6444 0.663 0.6884 0.6491 0.6143 0.5912 0.5703 0.5449 0.5264 0.5148 0.4893 0.4732 0.4662 0.4454 0.671 0.6618 0.6272 0.6549 0.6526 0.6249 0.6157 0.6411 0.6226 0.5972 0.5811 0.5696 0.5488 0.528 0.5211 0.5003 0.4796 0.475 0.4589 0.4381
0.023 0.2696 1.0 0.523 0.5091 0.5529 0.5183 0.4908 0.5507 0.523 0.4884 0.47 0.4516 0.4286 0.4056 0.394 0.3756 0.3526 0.3457 0.3318 0.3111 0.3041 0.2972 0.6953 0.6722 0.6374 0.6769 0.6814 0.6444 0.663 0.6884 0.6491 0.6143 0.5912 0.5703 0.5449 0.5264 0.5148 0.4893 0.4732 0.4662 0.4454 0.4292 0.6618 0.6272 0.6549 0.6526 0.6249 0.6157 0.6411 0.6226 0.5972 0.5811 0.5696 0.5488 0.528 0.5211 0.5003 0.4796 0.475 0.4589 0.4381 0.4358
0.0687 0.2673 1.0 0.5091 0.5529 0.5183 0.4908 0.5507 0.523 0.4884 0.47 0.4516 0.4286 0.4056 0.394 0.3756 0.3526 0.3457 0.3318 0.3111 0.3041 0.2972 0.2766 0.6722 0.6374 0.6769 0.6814 0.6444 0.663 0.6884 0.6491 0.6143 0.5912 0.5703 0.5449 0.5264 0.5148 0.4893 0.4732 0.4662 0.4454 0.4292 0.4269 0.6272 0.6549 0.6526 0.6249 0.6157 0.6411 0.6226 0.5972 0.5811 0.5696 0.5488 0.528 0.5211 0.5003 0.4796 0.475 0.4589 0.4381 0.4358 0.4242
0.0233 0.2489 1.0 0.5529 0.5183 0.4908 0.5507 0.523 0.4884 0.47 0.4516 0.4286 0.4056 0.394 0.3756 0.3526 0.3457 0.3318 0.3111 0.3041 0.2972 0.2766 0.2696 0.6374 0.6769 0.6814 0.6444 0.663 0.6884 0.6491 0.6143 0.5912 0.5703 0.5449 0.5264 0.5148 0.4893 0.4732 0.4662 0.4454 0.4292 0.4269 0.4107 0.6549 0.6526 0.6249 0.6157 0.6411 0.6226 0.5972 0.5811 0.5696 0.5488 0.528 0.5211 0.5003 0.4796 0.475 0.4589 0.4381 0.4358 0.4242 0.4034
0.0077 0.2373 1.0 0.5183 0.4908 0.5507 0.523 0.4884 0.47 0.4516 0.4286 0.4056 0.394 0.3756 0.3526 0.3457 0.3318 0.3111 0.3041 0.2972 0.2766 0.2696 0.2673 0.6769 0.6814 0.6444 0.663 0.6884 0.6491 0.6143 0.5912 0.5703 0.5449 0.5264 0.5148 0.4893 0.4732 0.4662 0.4454 0.4292 0.4269 0.4107 0.3944 0.6526 0.6249 0.6157 0.6411 0.6226 0.5972 0.5811 0.5696 0.5488 0.528 0.5211 0.5003 0.4796 0.475 0.4589 0.4381 0.4358 0.4242 0.4034 0.4012
0.0613 0.2397 1.0 0.4908 0.5507 0.523 0.4884 0.47 0.4516 0.4286 0.4056 0.394 0.3756 0.3526 0.3457 0.3318 0.3111 0.3041 0.2972 0.2766 0.2696 0.2673 0.2489 0.6814 0.6444 0.663 0.6884 0.6491 0.6143 0.5912 0.5703 0.5449 0.5264 0.5148 0.4893 0.4732 0.4662 0.4454 0.4292 0.4269 0.4107 0.3944 0.3899 0.6249 0.6157 0.6411 0.6226 0.5972 0.5811 0.5696 0.5488 0.528 0.5211 0.5003 0.4796 0.475 0.4589 0.4381 0.4358 0.4242 0.4034 0.4012 0.3966
0.0387 0.2236 1.0 0.5507 0.523 0.4884 0.47 0.4516 0.4286 0.4056 0.394 0.3756 0.3526 0.3457 0.3318 0.3111 0.3041 0.2972 0.2766 0.2696 0.2673 0.2489 0.2373 0.6444 0.663 0.6884 0.6491 0.6143 0.5912 0.5703 0.5449 0.5264 0.5148 0.4893 0.4732 0.4662 0.4454 0.4292 0.4269 0.4107 0.3944 0.3899 0.3806 0.6157 0.6411 0.6226 0.5972 0.5811 0.5696 0.5488 0.528 0.5211 0.5003 0.4796 0.475 0.4589 0.4381 0.4358 0.4242 0.4034 0.4012 0.3966 0.3781
0.008 0.212 1.0 0.523 0.4884 0.47 0.4516 0.4286 0.4056 0.394 0.3756 0.3526 0.3457 0.3318 0.3111 0.3041 0.2972 0.2766 0.2696 0.2673 0.2489 0.2373 0.2397 0.663 0.6884 0.6491 0.6143 0.5912 0.5703 0.5449 0.5264 0.5148 0.4893 0.4732 0.4662 0.4454 0.4292 0.4269 0.4107 0.3944 0.3899 0.3806 0.3667 0.6411 0.6226 0.5972 0.5811 0.5696 0.5488 0.528 0.5211 0.5003 0.4796 0.475 0.4589 0.4381 0.4358 0.4242 0.4034 0.4012 0.3966 0.3781 0.3734
0.0537 0.212 1.0 0.4884 0.47 0.4516 0.4286 0.4056 0.394 0.3756 0.3526 0.3457 0.3318 0.3111 0.3041 0.2972 0.2766 0.2696 0.2673 0.2489 0.2373 0.2397 0.2236 0.6884 0.6491 0.6143 0.5912 0.5703 0.5449 0.5264 0.5148 0.4893 0.4732 0.4662 0.4454 0.4292 0.4269 0.4107 0.3944 0.3899 0.3806 0.3667 0.3598 0.6226 0.5972 0.5811 0.5696 0.5488 0.528 0.5211 0.5003 0.4796 0.475 0.4589 0.4381 0.4358 0.4242 0.4034 0.4012 0.3966 0.3781 0.3734 0.3666
0.0387 0.1982 1.0 0.47 0.4516 0.4286 0.4056 0.394 0.3756 0.3526 0.3457 0.3318 0.3111 0.3041 0.2972 0.2766 0.2696 0.2673 0.2489 0.2373 0.2397 0.2236 0.212 0.6491 0.6143 0.5912 0.5703 0.5449 0.5264 0.5148 0.4893 0.4732 0.4662 0.4454 0.4292 0.4269 0.4107 0.3944 0.3899 0.3806 0.3667 0.3598 0.3528 0.5972 0.5811 0.5696 0.5488 0.528 0.5211 0.5003 0.4796 0.475 0.4589 0.4381 0.4358 0.4242 0.4034 0.4012 0.3966 0.3781 0.3734 0.3666 0.3504
0.0 0.1843 1.0 0.4516 0.4286 0.4056 0.394 0.3756 0.3526 0.3457 0.3318 0.3111 0.3041 0.2972 0.2766 0.2696 0.2673 0.2489 0.2373 0.2397 0.2236 0.212 0.212 0.6143 0.5912 0.5703 0.5449 0.5264 0.5148 0.4893 0.4732 0.4662 0.4454 0.4292 0.4269 0.4107 0.3944 0.3899 0.3806 0.3667 0.3598 0.3528 0.3389 0.5811 0.5696 0.5488 0.528 0.5211 0.5003 0.4796 0.475 0.4589 0.4381 0.4358 0.4242 0.4034 0.4012 0.3966 0.3781 0.3734 0.3666 0.3504 0.3436
0.046 0.1798 1.0 0.4286 0.4056 0.394 0.3756 0.3526 0.3457 0.3318 0.3111 0.3041 0.2972 0.2766 0.2696 0.2673 0.2489 0.2373 0.2397 0.2236 0.212 0.212 0.1982 0.5912 0.5703 0.5449 0.5264 0.5148 0.4893 0.4732 0.4662 0.4454 0.4292 0.4269 0.4107 0.3944 0.3899 0.3806 0.3667 0.3598 0.3528 0.3389 0.3297 0.5696 0.5488 0.528 0.5211 0.5003 0.4796 0.475 0.4589 0.4381 0.4358 0.4242 0.4034 0.4012 0.3966 0.3781 0.3734 0.3666 0.3504 0.3436 0.3389
0.0463 0.1682 1.0 0.4056 0.394 0.3756 0.3526 0.3457 0.3318 0.3111 0.3041 0.2972 0.2766 0.2696 0.2673 0.2489 0.2373 0.2397 0.2236 0.212 0.212 0.1982 0.1843 0.5703 0.5449 0.5264 0.5148 0.4893 0.4732 0.4662 0.4454 0.4292 0.4269 0.4107 0.3944 0.3899 0.3806 0.3667 0.3598 0.3528 0.3389 0.3297 0.325 0.5488 0.528 0.5211 0.5003 0.4796 0.475 0.4589 0.4381 0.4358 0.4242 0.4034 0.4012 0.3966 0.3781 0.3734 0.3666 0.3504 0.3436 0.3389 0.325
0.015 0.159 1.0 0.394 0.3756 0.3526 0.3457 0.3318 0.3111 0.3041 0.2972 0.2766 0.2696 0.2673 0.2489 0.2373 0.2397 0.2236 0.212 0.212 0.1982 0.1843 0.1798 0.5449 0.5264 0.5148 0.4893 0.4732 0.4662 0.4454 0.4292 0.4269 0.4107 0.3944 0.3899 0.3806 0.3667 0.3598 0.3528 0.3389 0.3297 0.325 0.3111 0.528 0.5211 0.5003 0.4796 0.475 0.4589 0.4381 0.4358 0.4242 0.4034 0.4012 0.3966 0.3781 0.3734 0.3666 0.3504 0.3436 0.3389 0.325 0.3158
0.0387 0.1521 1.0 0.3756 0.3526 0.3457 0.3318 0.3111 0.3041 0.2972 0.2766 0.2696 0.2673 0.2489 0.2373 0.2397 0.2236 0.212 0.212 0.1982 0.1843 0.1798 0.1682 0.5264 0.5148 0.4893 0.4732 0.4662 0.4454 0.4292 0.4269 0.4107 0.3944 0.3899 0.3806 0.3667 0.3598 0.3528 0.3389 0.3297 0.325 0.3111 0.3042 0.5211 0.5003 0.4796 0.475 0.4589 0.4381 0.4358 0.4242 0.4034 0.4012 0.3966 0.3781 0.3734 0.3666 0.3504 0.3436 0.3389 0.325 0.3158 0.3089
0.0307 0.1429 1.0 0.3526 0.3457 0.3318 0.3111 0.3041 0.2972 0.2766 0.2696 0.2673 0.2489 0.2373 0.2397 0.2236 0.212 0.212 0.1982 0.1843 0.1798 0.1682 0.159 0.5148 0.4893 0.4732 0.4662 0.4454 0.4292 0.4269 0.4107 0.3944 0.3899 0.3806 0.3667 0.3598 0.3528 0.3389 0.3297 0.325 0.3111 0.3042 0.295 0.5003 0.4796 0.475 0.4589 0.4381 0.4358 0.4242 0.4034 0.4012 0.3966 0.3781 0.3734 0.3666 0.3504 0.3436 0.3389 0.325 0.3158 0.3089 0.2973
0.023 0.136 1.0 0.3457 0.3318 0.3111 0.3041 0.2972 0.2766 0.2696 0.2673 0.2489 0.2373 0.2397 0.2236 0.212 0.212 0.1982 0.1843 0.1798 0.1682 0.159 0.1521 0.4893 0.4732 0.4662 0.4454 0.4292 0.4269 0.4107 0.3944 0.3899 0.3806 0.3667 0.3598 0.3528 0.3389 0.3297 0.325 0.3111 0.3042 0.295 0.2857 0.4796 0.475 0.4589 0.4381 0.4358 0.4242 0.4034 0.4012 0.3966 0.3781 0.3734 0.3666 0.3504 0.3436 0.3389 0.325 0.3158 0.3089 0.2973 0.2881
0.0307 0.1268 1.0 0.3318 0.3111 0.3041 0.2972 0.2766 0.2696 0.2673 0.2489 0.2373 0.2397 0.2236 0.212 0.212 0.1982 0.1843 0.1798 0.1682 0.159 0.1521 0.1429 0.4732 0.4662 0.4454 0.4292 0.4269 0.4107 0.3944 0.3899 0.3806 0.3667 0.3598 0.3528 0.3389 0.3297 0.325 0.3111 0.3042 0.295 0.2857 0.2788 0.475 0.4589 0.4381 0.4358 0.4242 0.4034 0.4012 0.3966 0.3781 0.3734 0.3666 0.3504 0.3436 0.3389 0.325 0.3158 0.3089 0.2973 0.2881 0.2836
0.023 0.1222 1.0 0.3111 0.3041 0.2972 0.2766 0.2696 0.2673 0.2489 0.2373 0.2397 0.2236 0.212 0.212 0.1982 0.1843 0.1798 0.1682 0.159 0.1521 0.1429 0.136 0.4662 0.4454 0.4292 0.4269 0.4107 0.3944 0.3899 0.3806 0.3667 0.3598 0.3528 0.3389 0.3297 0.325 0.3111 0.3042 0.295 0.2857 0.2788 0.2694 0.4589 0.4381 0.4358 0.4242 0.4034 0.4012 0.3966 0.3781 0.3734 0.3666 0.3504 0.3436 0.3389 0.325 0.3158 0.3089 0.2973 0.2881 0.2836 0.2743
0.0307 0.166 1.0 0.3041 0.2972 0.2766 0.2696 0.2673 0.2489 0.2373 0.2397 0.2236 0.212 0.212 0.1982 0.1843 0.1798 0.1682 0.159 0.1521 0.1429 0.136 0.1268 0.4454 0.4292 0.4269 0.4107 0.3944 0.3899 0.3806 0.3667 0.3598 0.3528 0.3389 0.3297 0.325 0.3111 0.3042 0.295 0.2857 0.2788 0.2694 0.2626 0.4381 0.4358 0.4242 0.4034 0.4012 0.3966 0.3781 0.3734 0.3666 0.3504 0.3436 0.3389 0.325 0.3158 0.3089 0.2973 0.2881 0.2836 0.2743 0.2651
0.0153 0.2304 1.0 0.2972 0.2766 0.2696 0.2673 0.2489 0.2373 0.2397 0.2236 0.212 0.212 0.1982 0.1843 0.1798 0.1682 0.159 0.1521 0.1429 0.136 0.1268 0.1222 0.4292 0.4269 0.4107 0.3944 0.3899 0.3806 0.3667 0.3598 0.3528 0.3389 0.3297 0.325 0.3111 0.3042 0.295 0.2857 0.2788 0.2694 0.2626 0.3089 0.4358 0.4242 0.4034 0.4012 0.3966 0.3781 0.3734 0.3666 0.3504 0.3436 0.3389 0.325 0.3158 0.3089 0.2973 0.2881 0.2836 0.2743 0.2651 0.272
0.146 0.2028 1.0 0.2766 0.2696 0.2673 0.2489 0.2373 0.2397 0.2236 0.212 0.212 0.1982 0.1843 0.1798 0.1682 0.159 0.1521 0.1429 0.136 0.1268 0.1222 0.166 0.4269 0.4107 0.3944 0.3899 0.3806 0.3667 0.3598 0.3528 0.3389 0.3297 0.325 0.3111 0.3042 0.295 0.2857 0.2788 0.2694 0.2626 0.3089 0.3019 0.4242 0.4034 0.4012 0.3966 0.3781 0.3734 0.3666 0.3504 0.3436 0.3389 0.325 0.3158 0.3089 0.2973 0.2881 0.2836 0.2743 0.2651 0.272 0.2673
0.2147 0.2097 1.0 0.2696 0.2673 0.2489 0.2373 0.2397 0.2236 0.212 0.212 0.1982 0.1843 0.1798 0.1682 0.159 0.1521 0.1429 0.136 0.1268 0.1222 0.166 0.2304 0.4107 0.3944 0.3899 0.3806 0.3667 0.3598 0.3528 0.3389 0.3297 0.325 0.3111 0.3042 0.295 0.2857 0.2788 0.2694 0.2626 0.3089 0.3019 0.288 0.4034 0.4012 0.3966 0.3781 0.3734 0.3666 0.3504 0.3436 0.3389 0.325 0.3158 0.3089 0.2973 0.2881 0.2836 0.2743 0.2651 0.272 0.2673 0.3342
0.092 0.2927 1.0 0.2673 0.2489 0.2373 0.2397 0.2236 0.212 0.212 0.1982 0.1843 0.1798 0.1682 0.159 0.1521 0.1429 0.136 0.1268 0.1222 0.166 0.2304 0.2028 0.3944 0.3899 0.3806 0.3667 0.3598 0.3528 0.3389 0.3297 0.325 0.3111 0.3042 0.295 0.2857 0.2788 0.2694 0.2626 0.3089 0.3019 0.288 0.3574 0.4012 0.3966 0.3781 0.3734 0.3666 0.3504 0.3436 0.3389 0.325 0.3158 0.3089 0.2973 0.2881 0.2836 0.2743 0.2651 0.272 0.2673 0.3342 0.362
0.023 0.2604 1.0 0.2489 0.2373 0.2397 0.2236 0.212 0.212 0.1982 0.1843 0.1798 0.1682 0.159 0.1521 0.1429 0.136 0.1268 0.1222 0.166 0.2304 0.2028 0.2097 0.3899 0.3806 0.3667 0.3598 0.3528 0.3389 0.3297 0.325 0.3111 0.3042 0.295 0.2857 0.2788 0.2694 0.2626 0.3089 0.3019 0.288 0.3574 0.3528 0.3966 0.3781 0.3734 0.3666 0.3504 0.3436 0.3389 0.325 0.3158 0.3089 0.2973 0.2881 0.2836 0.2743 0.2651 0.272 0.2673 0.3342 0.362 0.332
0.2767 0.2397 1.0 0.2373 0.2397 0.2236 0.212 0.212 0.1982 0.1843 0.1798 0.1682 0.159 0.1521 0.1429 0.136 0.1268 0.1222 0.166 0.2304 0.2028 0.2097 0.2927 0.3806 0.3667 0.3598 0.3528 0.3389 0.3297 0.325 0.3111 0.3042 0.295 0.2857 0.2788 0.2694 0.2626 0.3089 0.3019 0.288 0.3574 0.3528 0.3297 0.3781 0.3734 0.3666 0.3504 0.3436 0.3389 0.325 0.3158 0.3089 0.2973 0.2881 0.2836 0.2743 0.2651 0.272 0.2673 0.3342 0.362 0.332 0.3689
0.1077 0.3294 1.0 0.2397 0.2236 0.212 0.212 0.1982 0.1843 0.1798 0.1682 0.159 0.1521 0.1429 0.136 0.1268 0.1222 0.166 0.2304 0.2028 0.2097 0.2927 0.2604 0.3667 0.3598 0.3528 0.3389 0.3297 0.325 0.3111 0.3042 0.295 0.2857 0.2788 0.2694 0.2626 0.3089 0.3019 0.288 0.3574 0.3528 0.3297 0.3852 0.3734 0.3666 0.3504 0.3436 0.3389 0.325 0.3158 0.3089 0.2973 0.2881 0.2836 0.2743 0.2651 0.272 0.2673 0.3342 0.362 0.332 0.3689 0.4173
0.069 0.3064 1.0 0.2236 0.212 0.212 0.1982 0.1843 0.1798 0.1682 0.159 0.1521 0.1429 0.136 0.1268 0.1222 0.166 0.2304 0.2028 0.2097 0.2927 0.2604 0.2397 0.3598 0.3528 0.3389 0.3297 0.325 0.3111 0.3042 0.295 0.2857 0.2788 0.2694 0.2626 0.3089 0.3019 0.288 0.3574 0.3528 0.3297 0.3852 0.4014 0.3666 0.3504 0.3436 0.3389 0.325 0.3158 0.3089 0.2973 0.2881 0.2836 0.2743 0.2651 0.272 0.2673 0.3342 0.362 0.332 0.3689 0.4173 0.3758
0.299 0.2719 1.0 0.212 0.212 0.1982 0.1843 0.1798 0.1682 0.159 0.1521 0.1429 0.136 0.1268 0.1222 0.166 0.2304 0.2028 0.2097 0.2927 0.2604 0.2397 0.3294 0.3528 0.3389 0.3297 0.325 0.3111 0.3042 0.295 0.2857 0.2788 0.2694 0.2626 0.3089 0.3019 0.288 0.3574 0.3528 0.3297 0.3852 0.4014 0.3713 0.3504 0.3436 0.3389 0.325 0.3158 0.3089 0.2973 0.2881 0.2836 0.2743 0.2651 0.272 0.2673 0.3342 0.362 0.332 0.3689 0.4173 0.3758 0.3758
0.0767 0.3387 1.0 0.212 0.1982 0.1843 0.1798 0.1682 0.159 0.1521 0.1429 0.136 0.1268 0.1222 0.166 0.2304 0.2028 0.2097 0.2927 0.2604 0.2397 0.3294 0.3064 0.3389 0.3297 0.325 0.3111 0.3042 0.295 0.2857 0.2788 0.2694 0.2626 0.3089 0.3019 0.288 0.3574 0.3528 0.3297 0.3852 0.4014 0.3713 0.3921 0.3436 0.3389 0.325 0.3158 0.3089 0.2973 0.2881 0.2836 0.2743 0.2651 0.272 0.2673 0.3342 0.362 0.332 0.3689 0.4173 0.3758 0.3758 0.4496
0.115 0.341 1.0 0.1982 0.1843 0.1798 0.1682 0.159 0.1521 0.1429 0.136 0.1268 0.1222 0.166 0.2304 0.2028 0.2097 0.2927 0.2604 0.2397 0.3294 0.3064 0.2719 0.3297 0.325 0.3111 0.3042 0.295 0.2857 0.2788 0.2694 0.2626 0.3089 0.3019 0.288 0.3574 0.3528 0.3297 0.3852 0.4014 0.3713 0.3921 0.4454 0.3389 0.325 0.3158 0.3089 0.2973 0.2881 0.2836 0.2743 0.2651 0.272 0.2673 0.3342 0.362 0.332 0.3689 0.4173 0.3758 0.3758 0.4496 0.4081
0.2227 0.3019 1.0 0.1843 0.1798 0.1682 0.159 0.1521 0.1429 0.136 0.1268 0.1222 0.166 0.2304 0.2028 0.2097 0.2927 0.2604 0.2397 0.3294 0.3064 0.2719 0.3387 0.325 0.3111 0.3042 0.295 0.2857 0.2788 0.2694 0.2626 0.3089 0.3019 0.288 0.3574 0.3528 0.3297 0.3852 0.4014 0.3713 0.3921 0.4454 0.406 0.325 0.3158 0.3089 0.2973 0.2881 0.2836 0.2743 0.2651 0.272 0.2673 0.3342 0.362 0.332 0.3689 0.4173 0.3758 0.3758 0.4496 0.4081 0.3827
0.0077 0.3318 1.0 0.1798 0.1682 0.159 0.1521 0.1429 0.136 0.1268 0.1222 0.166 0.2304 0.2028 0.2097 0.2927 0.2604 0.2397 0.3294 0.3064 0.2719 0.3387 0.341 0.3111 0.3042 0.295 0.2857 0.2788 0.2694 0.2626 0.3089 0.3019 0.288 0.3574 0.3528 0.3297 0.3852 0.4014 0.3713 0.3921 0.4454 0.406 0.3991 0.3158 0.3089 0.2973 0.2881 0.2836 0.2743 0.2651 0.272 0.2673 0.3342 0.362 0.332 0.3689 0.4173 0.3758 0.3758 0.4496 0.4081 0.3827 0.4611
0.1303 0.3687 1.0 0.1682 0.159 0.1521 0.1429 0.136 0.1268 0.1222 0.166 0.2304 0.2028 0.2097 0.2927 0.2604 0.2397 0.3294 0.3064 0.2719 0.3387 0.341 0.3019 0.3042 0.295 0.2857 0.2788 0.2694 0.2626 0.3089 0.3019 0.288 0.3574 0.3528 0.3297 0.3852 0.4014 0.3713 0.3921 0.4454 0.406 0.3991 0.4732 0.3089 0.2973 0.2881 0.2836 0.2743 0.2651 0.272 0.2673 0.3342 0.362 0.332 0.3689 0.4173 0.3758 0.3758 0.4496 0.4081 0.3827 0.4611 0.4381
0.0997 0.3294 1.0 0.159 0.1521 0.1429 0.136 0.1268 0.1222 0.166 0.2304 0.2028 0.2097 0.2927 0.2604 0.2397 0.3294 0.3064 0.2719 0.3387 0.341 0.3019 0.3318 0.295 0.2857 0.2788 0.2694 0.2626 0.3089 0.3019 0.288 0.3574 0.3528 0.3297 0.3852 0.4014 0.3713 0.3921 0.4454 0.406 0.3991 0.4732 0.4431 0.2973 0.2881 0.2836 0.2743 0.2651 0.272 0.2673 0.3342 0.362 0.332 0.3689 0.4173 0.3758 0.3758 0.4496 0.4081 0.3827 0.4611 0.4381 0.4081
0.123 0.3203 1.0 0.1521 0.1429 0.136 0.1268 0.1222 0.166 0.2304 0.2028 0.2097 0.2927 0.2604 0.2397 0.3294 0.3064 0.2719 0.3387 0.341 0.3019 0.3318 0.3687 0.2857 0.2788 0.2694 0.2626 0.3089 0.3019 0.288 0.3574 0.3528 0.3297 0.3852 0.4014 0.3713 0.3921 0.4454 0.406 0.3991 0.4732 0.4431 0.4199 0.2881 0.2836 0.2743 0.2651 0.272 0.2673 0.3342 0.362 0.332 0.3689 0.4173 0.3758 0.3758 0.4496 0.4081 0.3827 0.4611 0.4381 0.4081 0.4496
0.131 0.3824 1.0 0.1429 0.136 0.1268 0.1222 0.166 0.2304 0.2028 0.2097 0.2927 0.2604 0.2397 0.3294 0.3064 0.2719 0.3387 0.341 0.3019 0.3318 0.3687 0.3294 0.2788 0.2694 0.2626 0.3089 0.3019 0.288 0.3574 0.3528 0.3297 0.3852 0.4014 0.3713 0.3921 0.4454 0.406 0.3991 0.4732 0.4431 0.4199 0.4778 0.2836 0.2743 0.2651 0.272 0.2673 0.3342 0.362 0.332 0.3689 0.4173 0.3758 0.3758 0.4496 0.4081 0.3827 0.4611 0.4381 0.4081 0.4496 0.4681
0.0303 0.3526 1.0 0.136 0.1268 0.1222 0.166 0.2304 0.2028 0.2097 0.2927 0.2604 0.2397 0.3294 0.3064 0.2719 0.3387 0.341 0.3019 0.3318 0.3687 0.3294 0.3203 0.2694 0.2626 0.3089 0.3019 0.288 0.3574 0.3528 0.3297 0.3852 0.4014 0.3713 0.3921 0.4454 0.406 0.3991 0.4732 0.4431 0.4199 0.4778 0.4848 0.2743 0.2651 0.272 0.2673 0.3342 0.362 0.332 0.3689 0.4173 0.3758 0.3758 0.4496 0.4081 0.3827 0.4611 0.4381 0.4081 0.4496 0.4681 0.4381
0.207 0.3364 1.0 0.1268 0.1222 0.166 0.2304 0.2028 0.2097 0.2927 0.2604 0.2397 0.3294 0.3064 0.2719 0.3387 0.341 0.3019 0.3318 0.3687 0.3294 0.3203 0.3824 0.2626 0.3089 0.3019 0.288 0.3574 0.3528 0.3297 0.3852 0.4014 0.3713 0.3921 0.4454 0.406 0.3991 0.4732 0.4431 0.4199 0.4778 0.4848 0.4547 0.2651 0.272 0.2673 0.3342 0.362 0.332 0.3689 0.4173 0.3758 0.3758 0.4496 0.4081 0.3827 0.4611 0.4381 0.4081 0.4496 0.4681 0.4381 0.4403
0.0993 0.3756 1.0 0.1222 0.166 0.2304 0.2028 0.2097 0.2927 0.2604 0.2397 0.3294 0.3064 0.2719 0.3387 0.341 0.3019 0.3318 0.3687 0.3294 0.3203 0.3824 0.3526 0.3089 0.3019 0.288 0.3574 0.3528 0.3297 0.3852 0.4014 0.3713 0.3921 0.4454 0.406 0.3991 0.4732 0.4431 0.4199 0.4778 0.4848 0.4547 0.4801 0.272 0.2673 0.3342 0.362 0.332 0.3689 0.4173 0.3758 0.3758 0.4496 0.4081 0.3827 0.4611 0.4381 0.4081 0.4496 0.4681 0.4381 0.4403 0.4934
0.054 0.3986 1.0 0.166 0.2304 0.2028 0.2097 0.2927 0.2604 0.2397 0.3294 0.3064 0.2719 0.3387 0.341 0.3019 0.3318 0.3687 0.3294 0.3203 0.3824 0.3526 0.3364 0.3019 0.288 0.3574 0.3528 0.3297 0.3852 0.4014 0.3713 0.3921 0.4454 0.406 0.3991 0.4732 0.4431 0.4199 0.4778 0.4848 0.4547 0.4801 0.5194 0.2673 0.3342 0.362 0.332 0.3689 0.4173 0.3758 0.3758 0.4496 0.4081 0.3827 0.4611 0.4381 0.4081 0.4496 0.4681 0.4381 0.4403 0.4934 0.4658
0.1307 0.3756 1.0 0.2304 0.2028 0.2097 0.2927 0.2604 0.2397 0.3294 0.3064 0.2719 0.3387 0.341 0.3019 0.3318 0.3687 0.3294 0.3203 0.3824 0.3526 0.3364 0.3756 0.288 0.3574 0.3528 0.3297 0.3852 0.4014 0.3713 0.3921 0.4454 0.406 0.3991 0.4732 0.4431 0.4199 0.4778 0.4848 0.4547 0.4801 0.5194 0.4963 0.3342 0.362 0.332 0.3689 0.4173 0.3758 0.3758 0.4496 0.4081 0.3827 0.4611 0.4381 0.4081 0.4496 0.4681 0.4381 0.4403 0.4934 0.4658 0.4658
0.0767 0.3871 1.0 0.2028 0.2097 0.2927 0.2604 0.2397 0.3294 0.3064 0.2719 0.3387 0.341 0.3019 0.3318 0.3687 0.3294 0.3203 0.3824 0.3526 0.3364 0.3756 0.3986 0.3574 0.3528 0.3297 0.3852 0.4014 0.3713 0.3921 0.4454 0.406 0.3991 0.4732 0.4431 0.4199 0.4778 0.4848 0.4547 0.4801 0.5194 0.4963 0.4963 0.362 0.332 0.3689 0.4173 0.3758 0.3758 0.4496 0.4081 0.3827 0.4611 0.4381 0.4081 0.4496 0.4681 0.4381 0.4403 0.4934 0.4658 0.4658 0.4958
0.0767 0.4378 1.0 0.2097 0.2927 0.2604 0.2397 0.3294 0.3064 0.2719 0.3387 0.341 0.3019 0.3318 0.3687 0.3294 0.3203 0.3824 0.3526 0.3364 0.3756 0.3986 0.3756 0.3528 0.3297 0.3852 0.4014 0.3713 0.3921 0.4454 0.406 0.3991 0.4732 0.4431 0.4199 0.4778 0.4848 0.4547 0.4801 0.5194 0.4963 0.4963 0.5472 0.332 0.3689 0.4173 0.3758 0.3758 0.4496 0.4081 0.3827 0.4611 0.4381 0.4081 0.4496 0.4681 0.4381 0.4403 0.4934 0.4658 0.4658 0.4958 0.5211
0.0383 0.4378 1.0 0.2927 0.2604 0.2397 0.3294 0.3064 0.2719 0.3387 0.341 0.3019 0.3318 0.3687 0.3294 0.3203 0.3824 0.3526 0.3364 0.3756 0.3986 0.3756 0.3871 0.3297 0.3852 0.4014 0.3713 0.3921 0.4454 0.406 0.3991 0.4732 0.4431 0.4199 0.4778 0.4848 0.4547 0.4801 0.5194 0.4963 0.4963 0.5472 0.5519 0.3689 0.4173 0.3758 0.3758 0.4496 0.4081 0.3827 0.4611 0.4381 0.4081 0.4496 0.4681 0.4381 0.4403 0.4934 0.4658 0.4658 0.4958 0.5211 0.5072
0.169 0.4331 1.0 0.2604 0.2397 0.3294 0.3064 0.2719 0.3387 0.341 0.3019 0.3318 0.3687 0.3294 0.3203 0.3824 0.3526 0.3364 0.3756 0.3986 0.3756 0.3871 0.4378 0.3852 0.4014 0.3713 0.3921 0.4454 0.406 0.3991 0.4732 0.4431 0.4199 0.4778 0.4848 0.4547 0.4801 0.5194 0.4963 0.4963 0.5472 0.5519 0.5357 0.4173 0.3758 0.3758 0.4496 0.4081 0.3827 0.4611 0.4381 0.4081 0.4496 0.4681 0.4381 0.4403 0.4934 0.4658 0.4658 0.4958 0.5211 0.5072 0.5258
0.0 0.4792 1.0 0.2397 0.3294 0.3064 0.2719 0.3387 0.341 0.3019 0.3318 0.3687 0.3294 0.3203 0.3824 0.3526 0.3364 0.3756 0.3986 0.3756 0.3871 0.4378 0.4378 0.4014 0.3713 0.3921 0.4454 0.406 0.3991 0.4732 0.4431 0.4199 0.4778 0.4848 0.4547 0.4801 0.5194 0.4963 0.4963 0.5472 0.5519 0.5357 0.5542 0.3758 0.3758 0.4496 0.4081 0.3827 0.4611 0.4381 0.4081 0.4496 0.4681 0.4381 0.4403 0.4934 0.4658 0.4658 0.4958 0.5211 0.5072 0.5258 0.5788
0.0157 0.4977 1.0 0.3294 0.3064 0.2719 0.3387 0.341 0.3019 0.3318 0.3687 0.3294 0.3203 0.3824 0.3526 0.3364 0.3756 0.3986 0.3756 0.3871 0.4378 0.4378 0.4331 0.3713 0.3921 0.4454 0.406 0.3991 0.4732 0.4431 0.4199 0.4778 0.4848 0.4547 0.4801 0.5194 0.4963 0.4963 0.5472 0.5519 0.5357 0.5542 0.6143 0.3758 0.4496 0.4081 0.3827 0.4611 0.4381 0.4081 0.4496 0.4681 0.4381 0.4403 0.4934 0.4658 0.4658 0.4958 0.5211 0.5072 0.5258 0.5788 0.5557
0.1537 0.4723 1.0 0.3064 0.2719 0.3387 0.341 0.3019 0.3318 0.3687 0.3294 0.3203 0.3824 0.3526 0.3364 0.3756 0.3986 0.3756 0.3871 0.4378 0.4378 0.4331 0.4792 0.3921 0.4454 0.406 0.3991 0.4732 0.4431 0.4199 0.4778 0.4848 0.4547 0.4801 0.5194 0.4963 0.4963 0.5472 0.5519 0.5357 0.5542 0.6143 0.582 0.4496 0.4081 0.3827 0.4611 0.4381 0.4081 0.4496 0.4681 0.4381 0.4403 0.4934 0.4658 0.4658 0.4958 0.5211 0.5072 0.5258 0.5788 0.5557 0.5557
0.0617 0.4861 1.0 0.2719 0.3387 0.341 0.3019 0.3318 0.3687 0.3294 0.3203 0.3824 0.3526 0.3364 0.3756 0.3986 0.3756 0.3871 0.4378 0.4378 0.4331 0.4792 0.4977 0.4454 0.406 0.3991 0.4732 0.4431 0.4199 0.4778 0.4848 0.4547 0.4801 0.5194 0.4963 0.4963 0.5472 0.5519 0.5357 0.5542 0.6143 0.582 0.5797 0.4081 0.3827 0.4611 0.4381 0.4081 0.4496 0.4681 0.4381 0.4403 0.4934 0.4658 0.4658 0.4958 0.5211 0.5072 0.5258 0.5788 0.5557 0.5557 0.6111
0.0847 0.5276 1.0 0.3387 0.341 0.3019 0.3318 0.3687 0.3294 0.3203 0.3824 0.3526 0.3364 0.3756 0.3986 0.3756 0.3871 0.4378 0.4378 0.4331 0.4792 0.4977 0.4723 0.406 0.3991 0.4732 0.4431 0.4199 0.4778 0.4848 0.4547 0.4801 0.5194 0.4963 0.4963 0.5472 0.5519 0.5357 0.5542 0.6143 0.582 0.5797 0.6374 0.3827 0.4611 0.4381 0.4081 0.4496 0.4681 0.4381 0.4403 0.4934 0.4658 0.4658 0.4958 0.5211 0.5072 0.5258 0.5788 0.5557 0.5557 0.6111 0.6041
0.046 0.4838 1.0 0.341 0.3019 0.3318 0.3687 0.3294 0.3203 0.3824 0.3526 0.3364 0.3756 0.3986 0.3756 0.3871 0.4378 0.4378 0.4331 0.4792 0.4977 0.4723 0.4861 0.3991 0.4732 0.4431 0.4199 0.4778 0.4848 0.4547 0.4801 0.5194 0.4963 0.4963 0.5472 0.5519 0.5357 0.5542 0.6143 0.582 0.5797 0.6374 0.6074 0.4611 0.4381 0.4081 0.4496 0.4681 0.4381 0.4403 0.4934 0.4658 0.4658 0.4958 0.5211 0.5072 0.5258 0.5788 0.5557 0.5557 0.6111 0.6041 0.5834
0.1383 0.4861 1.0 0.3019 0.3318 0.3687 0.3294 0.3203 0.3824 0.3526 0.3364 0.3756 0.3986 0.3756 0.3871 0.4378 0.4378 0.4331 0.4792 0.4977 0.4723 0.4861 0.5276 0.4732 0.4431 0.4199 0.4778 0.4848 0.4547 0.4801 0.5194 0.4963 0.4963 0.5472 0.5519 0.5357 0.5542 0.6143 0.582 0.5797 0.6374 0.6074 0.5912 0.4381 0.4081 0.4496 0.4681 0.4381 0.4403 0.4934 0.4658 0.4658 0.4958 0.5211 0.5072 0.5258 0.5788 0.5557 0.5557 0.6111 0.6041 0.5834 0.6226
0.146 0.5391 1.0 0.3318 0.3687 0.3294 0.3203 0.3824 0.3526 0.3364 0.3756 0.3986 0.3756 0.3871 0.4378 0.4378 0.4331 0.4792 0.4977 0.4723 0.4861 0.5276 0.4838 0.4431 0.4199 0.4778 0.4848 0.4547 0.4801 0.5194 0.4963 0.4963 0.5472 0.5519 0.5357 0.5542 0.6143 0.582 0.5797 0.6374 0.6074 0.5912 0.6236 0.4081 0.4496 0.4681 0.4381 0.4403 0.4934 0.4658 0.4658 0.4958 0.5211 0.5072 0.5258 0.5788 0.5557 0.5557 0.6111 0.6041 0.5834 0.6226 0.6319
0.0077 0.493 1.0 0.3687 0.3294 0.3203 0.3824 0.3526 0.3364 0.3756 0.3986 0.3756 0.3871 0.4378 0.4378 0.4331 0.4792 0.4977 0.4723 0.4861 0.5276 0.4838 0.4861 0.4199 0.4778 0.4848 0.4547 0.4801 0.5194 0.4963 0.4963 0.5472 0.5519 0.5357 0.5542 0.6143 0.582 0.5797 0.6374 0.6074 0.5912 0.6236 0.6143 0.4496 0.4681 0.4381 0.4403 0.4934 0.4658 0.4658 0.4958 0.5211 0.5072 0.5258 0.5788 0.5557 0.5557 0.6111 0.6041 0.5834 0.6226 0.6319 0.5927
0.1767 0.4792 1.0 0.3294 0.3203 0.3824 0.3526 0.3364 0.3756 0.3986 0.3756 0.3871 0.4378 0.4378 0.4331 0.4792 0.4977 0.4723 0.4861 0.5276 0.4838 0.4861 0.5391 0.4778 0.4848 0.4547 0.4801 0.5194 0.4963 0.4963 0.5472 0.5519 0.5357 0.5542 0.6143 0.582 0.5797 0.6374 0.6074 0.5912 0.6236 0.6143 0.5936 0.4681 0.4381 0.4403 0.4934 0.4658 0.4658 0.4958 0.5211 0.5072 0.5258 0.5788 0.5557 0.5557 0.6111 0.6041 0.5834 0.6226 0.6319 0.5927 0.6133
0.1537 0.5368 1.0 0.3203 0.3824 0.3526 0.3364 0.3756 0.3986 0.3756 0.3871 0.4378 0.4378 0.4331 0.4792 0.4977 0.4723 0.4861 0.5276 0.4838 0.4861 0.5391 0.493 0.4848 0.4547 0.4801 0.5194 0.4963 0.4963 0.5472 0.5519 0.5357 0.5542 0.6143 0.582 0.5797 0.6374 0.6074 0.5912 0.6236 0.6143 0.5936 0.6259 0.4381 0.4403 0.4934 0.4658 0.4658 0.4958 0.5211 0.5072 0.5258 0.5788 0.5557 0.5557 0.6111 0.6041 0.5834 0.6226 0.6319 0.5927 0.6133 0.6388
0.046 0.5022 1.0 0.3824 0.3526 0.3364 0.3756 0.3986 0.3756 0.3871 0.4378 0.4378 0.4331 0.4792 0.4977 0.4723 0.4861 0.5276 0.4838 0.4861 0.5391 0.493 0.4792 0.4547 0.4801 0.5194 0.4963 0.4963 0.5472 0.5519 0.5357 0.5542 0.6143 0.582 0.5797 0.6374 0.6074 0.5912 0.6236 0.6143 0.5936 0.6259 0.612 0.4403 0.4934 0.4658 0.4658 0.4958 0.5211 0.5072 0.5258 0.5788 0.5557 0.5557 0.6111 0.6041 0.5834 0.6226 0.6319 0.5927 0.6133 0.6388 0.5996
0.192 0.493 1.0 0.3526 0.3364 0.3756 0.3986 0.3756 0.3871 0.4378 0.4378 0.4331 0.4792 0.4977 0.4723 0.4861 0.5276 0.4838 0.4861 0.5391 0.493 0.4792 0.5368 0.4801 0.5194 0.4963 0.4963 0.5472 0.5519 0.5357 0.5542 0.6143 0.582 0.5797 0.6374 0.6074 0.5912 0.6236 0.6143 0.5936 0.6259 0.612 0.5959 0.4934 0.4658 0.4658 0.4958 0.5211 0.5072 0.5258 0.5788 0.5557 0.5557 0.6111 0.6041 0.5834 0.6226 0.6319 0.5927 0.6133 0.6388 0.5996 0.6249
0.1153 0.5552 1.0 0.3364 0.3756 0.3986 0.3756 0.3871 0.4378 0.4378 0.4331 0.4792 0.4977 0.4723 0.4861 0.5276 0.4838 0.4861 0.5391 0.493 0.4792 0.5368 0.5022 0.5194 0.4963 0.4963 0.5472 0.5519 0.5357 0.5542 0.6143 0.582 0.5797 0.6374 0.6074 0.5912 0.6236 0.6143 0.5936 0.6259 0.612 0.5959 0.6329 0.4658 0.4658 0.4958 0.5211 0.5072 0.5258 0.5788 0.5557 0.5557 0.6111 0.6041 0.5834 0.6226 0.6319 0.5927 0.6133 0.6388 0.5996 0.6249 0.648
0.0307 0.5183 1.0 0.3756 0.3986 0.3756 0.3871 0.4378 0.4378 0.4331 0.4792 0.4977 0.4723 0.4861 0.5276 0.4838 0.4861 0.5391 0.493 0.4792 0.5368 0.5022 0.493 0.4963 0.4963 0.5472 0.5519 0.5357 0.5542 0.6143 0.582 0.5797 0.6374 0.6074 0.5912 0.6236 0.6143 0.5936 0.6259 0.612 0.5959 0.6329 0.6329 0.4658 0.4958 0.5211 0.5072 0.5258 0.5788 0.5557 0.5557 0.6111 0.6041 0.5834 0.6226 0.6319 0.5927 0.6133 0.6388 0.5996 0.6249 0.648 0.6111
0.2073 0.4999 1.0 0.3986 0.3756 0.3871 0.4378 0.4378 0.4331 0.4792 0.4977 0.4723 0.4861 0.5276 0.4838 0.4861 0.5391 0.493 0.4792 0.5368 0.5022 0.493 0.5552 0.4963 0.5472 0.5519 0.5357 0.5542 0.6143 0.582 0.5797 0.6374 0.6074 0.5912 0.6236 0.6143 0.5936 0.6259 0.612 0.5959 0.6329 0.6329 0.6098 0.4958 0.5211 0.5072 0.5258 0.5788 0.5557 0.5557 0.6111 0.6041 0.5834 0.6226 0.6319 0.5927 0.6133 0.6388 0.5996 0.6249 0.648 0.6111 0.6319
0.123 0.5713 1.0 0.3756 0.3871 0.4378 0.4378 0.4331 0.4792 0.4977 0.4723 0.4861 0.5276 0.4838 0.4861 0.5391 0.493 0.4792 0.5368 0.5022 0.493 0.5552 0.5183 0.5472 0.5519 0.5357 0.5542 0.6143 0.582 0.5797 0.6374 0.6074 0.5912 0.6236 0.6143 0.5936 0.6259 0.612 0.5959 0.6329 0.6329 0.6098 0.6398 0.5211 0.5072 0.5258 0.5788 0.5557 0.5557 0.6111 0.6041 0.5834 0.6226 0.6319 0.5927 0.6133 0.6388 0.5996 0.6249 0.648 0.6111 0.6319 0.6733
0.0613 0.5414 1.0 0.3871 0.4378 0.4378 0.4331 0.4792 0.4977 0.4723 0.4861 0.5276 0.4838 0.4861 0.5391 0.493 0.4792 0.5368 0.5022 0.493 0.5552 0.5183 0.4999 0.5519 0.5357 0.5542 0.6143 0.582 0.5797 0.6374 0.6074 0.5912 0.6236 0.6143 0.5936 0.6259 0.612 0.5959 0.6329 0.6329 0.6098 0.6398 0.6607 0.5072 0.5258 0.5788 0.5557 0.5557 0.6111 0.6041 0.5834 0.6226 0.6319 0.5927 0.6133 0.6388 0.5996 0.6249 0.648 0.6111 0.6319 0.6733 0.6319
0.238 0.5138 1.0 0.4378 0.4378 0.4331 0.4792 0.4977 0.4723 0.4861 0.5276 0.4838 0.4861 0.5391 0.493 0.4792 0.5368 0.5022 0.493 0.5552 0.5183 0.4999 0.5713 0.5357 0.5542 0.6143 0.582 0.5797 0.6374 0.6074 0.5912 0.6236 0.6143 0.5936 0.6259 0.612 0.5959 0.6329 0.6329 0.6098 0.6398 0.6607 0.6329 0.5258 0.5788 0.5557 0.5557 0.6111 0.6041 0.5834 0.6226 0.6319 0.5927 0.6133 0.6388 0.5996 0.6249 0.648 0.6111 0.6319 0.6733 0.6319 0.6341
0.0997 0.5806 1.0 0.4378 0.4331 0.4792 0.4977 0.4723 0.4861 0.5276 0.4838 0.4861 0.5391 0.493 0.4792 0.5368 0.5022 0.493 0.5552 0.5183 0.4999 0.5713 0.5414 0.5542 0.6143 0.582 0.5797 0.6374 0.6074 0.5912 0.6236 0.6143 0.5936 0.6259 0.612 0.5959 0.6329 0.6329 0.6098 0.6398 0.6607 0.6329 0.6468 0.5788 0.5557 0.5557 0.6111 0.6041 0.5834 0.6226 0.6319 0.5927 0.6133 0.6388 0.5996 0.6249 0.648 0.6111 0.6319 0.6733 0.6319 0.6341 0.6964
0.092 0.5713 1.0 0.4331 0.4792 0.4977 0.4723 0.4861 0.5276 0.4838 0.4861 0.5391 0.493 0.4792 0.5368 0.5022 0.493 0.5552 0.5183 0.4999 0.5713 0.5414 0.5138 0.6143 0.582 0.5797 0.6374 0.6074 0.5912 0.6236 0.6143 0.5936 0.6259 0.612 0.5959 0.6329 0.6329 0.6098 0.6398 0.6607 0.6329 0.6468 0.6884 0.5557 0.5557 0.6111 0.6041 0.5834 0.6226 0.6319 0.5927 0.6133 0.6388 0.5996 0.6249 0.648 0.6111 0.6319 0.6733 0.6319 0.6341 0.6964 0.6549
0.2227 0.5322 1.0 0.4792 0.4977 0.4723 0.4861 0.5276 0.4838 0.4861 0.5391 0.493 0.4792 0.5368 0.5022 0.493 0.5552 0.5183 0.4999 0.5713 0.5414 0.5138 0.5806 0.582 0.5797 0.6374 0.6074 0.5912 0.6236 0.6143 0.5936 0.6259 0.612 0.5959 0.6329 0.6329 0.6098 0.6398 0.6607 0.6329 0.6468 0.6884 0.6583 0.5557 0.6111 0.6041 0.5834 0.6226 0.6319 0.5927 0.6133 0.6388 0.5996 0.6249 0.648 0.6111 0.6319 0.6733 0.6319 0.6341 0.6964 0.6549 0.6341
0.031 0.5782 1.0 0.4977 0.4723 0.4861 0.5276 0.4838 0.4861 0.5391 0.493 0.4792 0.5368 0.5022 0.493 0.5552 0.5183 0.4999 0.5713 0.5414 0.5138 0.5806 0.5713 0.5797 0.6374 0.6074 0.5912 0.6236 0.6143 0.5936 0.6259 0.612 0.5959 0.6329 0.6329 0.6098 0.6398 0.6607 0.6329 0.6468 0.6884 0.6583 0.6583 0.6111 0.6041 0.5834 0.6226 0.6319 0.5927 0.6133 0.6388 0.5996 0.6249 0.648 0.6111 0.6319 0.6733 0.6319 0.6341 0.6964 0.6549 0.6341 0.7102
0.1303 0.5898 1.0 0.4723 0.4861 0.5276 0.4838 0.4861 0.5391 0.493 0.4792 0.5368 0.5022 0.493 0.5552 0.5183 0.4999 0.5713 0.5414 0.5138 0.5806 0.5713 0.5322 0.6374 0.6074 0.5912 0.6236 0.6143 0.5936 0.6259 0.612 0.5959 0.6329 0.6329 0.6098 0.6398 0.6607 0.6329 0.6468 0.6884 0.6583 0.6583 0.7162 0.6041 0.5834 0.6226 0.6319 0.5927 0.6133 0.6388 0.5996 0.6249 0.648 0.6111 0.6319 0.6733 0.6319 0.6341 0.6964 0.6549 0.6341 0.7102 0.6757
0.1533 0.5414 1.0 0.4861 0.5276 0.4838 0.4861 0.5391 0.493 0.4792 0.5368 0.5022 0.493 0.5552 0.5183 0.4999 0.5713 0.5414 0.5138 0.5806 0.5713 0.5322 0.5782 0.6074 0.5912 0.6236 0.6143 0.5936 0.6259 0.612 0.5959 0.6329 0.6329 0.6098 0.6398 0.6607 0.6329 0.6468 0.6884 0.6583 0.6583 0.7162 0.6769 0.5834 0.6226 0.6319 0.5927 0.6133 0.6388 0.5996 0.6249 0.648 0.6111 0.6319 0.6733 0.6319 0.6341 0.6964 0.6549 0.6341 0.7102 0.6757 0.6411
0.0387 0.5552 1.0 0.5276 0.4838 0.4861 0.5391 0.493 0.4792 0.5368 0.5022 0.493 0.5552 0.5183 0.4999 0.5713 0.5414 0.5138 0.5806 0.5713 0.5322 0.5782 0.5898 0.5912 0.6236 0.6143 0.5936 0.6259 0.612 0.5959 0.6329 0.6329 0.6098 0.6398 0.6607 0.6329 0.6468 0.6884 0.6583 0.6583 0.7162 0.6769 0.6583 0.6226 0.6319 0.5927 0.6133 0.6388 0.5996 0.6249 0.648 0.6111 0.6319 0.6733 0.6319 0.6341 0.6964 0.6549 0.6341 0.7102 0.6757 0.6411 0.7057
0.1613 0.5921 1.0 0.4838 0.4861 0.5391 0.493 0.4792 0.5368 0.5022 0.493 0.5552 0.5183 0.4999 0.5713 0.5414 0.5138 0.5806 0.5713 0.5322 0.5782 0.5898 0.5414 0.6236 0.6143 0.5936 0.6259 0.612 0.5959 0.6329 0.6329 0.6098 0.6398 0.6607 0.6329 0.6468 0.6884 0.6583 0.6583 0.7162 0.6769 0.6583 0.7231 0.6319 0.5927 0.6133 0.6388 0.5996 0.6249 0.648 0.6111 0.6319 0.6733 0.6319 0.6341 0.6964 0.6549 0.6341 0.7102 0.6757 0.6411 0.7057 0.6826
0.046 0.5437 1.0 0.4861 0.5391 0.493 0.4792 0.5368 0.5022 0.493 0.5552 0.5183 0.4999 0.5713 0.5414 0.5138 0.5806 0.5713 0.5322 0.5782 0.5898 0.5414 0.5552 0.6143 0.5936 0.6259 0.612 0.5959 0.6329 0.6329 0.6098 0.6398 0.6607 0.6329 0.6468 0.6884 0.6583 0.6583 0.7162 0.6769 0.6583 0.7231 0.6861 0.5927 0.6133 0.6388 0.5996 0.6249 0.648 0.6111 0.6319 0.6733 0.6319 0.6341 0.6964 0.6549 0.6341 0.7102 0.6757 0.6411 0.7057 0.6826 0.6457
0.123 0.5207 1.0 0.5391 0.493 0.4792 0.5368 0.5022 0.493 0.5552 0.5183 0.4999 0.5713 0.5414 0.5138 0.5806 0.5713 0.5322 0.5782 0.5898 0.5414 0.5552 0.5921 0.5936 0.6259 0.612 0.5959 0.6329 0.6329 0.6098 0.6398 0.6607 0.6329 0.6468 0.6884 0.6583 0.6583 0.7162 0.6769 0.6583 0.7231 0.6861 0.6537 0.6133 0.6388 0.5996 0.6249 0.648 0.6111 0.6319 0.6733 0.6319 0.6341 0.6964 0.6549 0.6341 0.7102 0.6757 0.6411 0.7057 0.6826 0.6457 0.678
0.1613 0.5874 1.0 0.493 0.4792 0.5368 0.5022 0.493 0.5552 0.5183 0.4999 0.5713 0.5414 0.5138 0.5806 0.5713 0.5322 0.5782 0.5898 0.5414 0.5552 0.5921 0.5437 0.6259 0.612 0.5959 0.6329 0.6329 0.6098 0.6398 0.6607 0.6329 0.6468 0.6884 0.6583 0.6583 0.7162 0.6769 0.6583 0.7231 0.6861 0.6537 0.7023 0.6388 0.5996 0.6249 0.648 0.6111 0.6319 0.6733 0.6319 0.6341 0.6964 0.6549 0.6341 0.7102 0.6757 0.6411 0.7057 0.6826 0.6457 0.678 0.6872
0.0767 0.5437 1.0 0.4792 0.5368 0.5022 0.493 0.5552 0.5183 0.4999 0.5713 0.5414 0.5138 0.5806 0.5713 0.5322 0.5782 0.5898 0.5414 0.5552 0.5921 0.5437 0.5207 0.612 0.5959 0.6329 0.6329 0.6098 0.6398 0.6607 0.6329 0.6468 0.6884 0.6583 0.6583 0.7162 0.6769 0.6583 0.7231 0.6861 0.6537 0.7023 0.6908 0.5996 0.6249 0.648 0.6111 0.6319 0.6733 0.6319 0.6341 0.6964 0.6549 0.6341 0.7102 0.6757 0.6411 0.7057 0.6826 0.6457 0.678 0.6872 0.6433
0.2223 0.5091 1.0 0.5368 0.5022 0.493 0.5552 0.5183 0.4999 0.5713 0.5414 0.5138 0.5806 0.5713 0.5322 0.5782 0.5898 0.5414 0.5552 0.5921 0.5437 0.5207 0.5874 0.5959 0.6329 0.6329 0.6098 0.6398 0.6607 0.6329 0.6468 0.6884 0.6583 0.6583 0.7162 0.6769 0.6583 0.7231 0.6861 0.6537 0.7023 0.6908 0.6513 0.6249 0.648 0.6111 0.6319 0.6733 0.6319 0.6341 0.6964 0.6549 0.6341 0.7102 0.6757 0.6411 0.7057 0.6826 0.6457 0.678 0.6872 0.6433 0.648
0.1457 0.5483 1.0 0.5022 0.493 0.5552 0.5183 0.4999 0.5713 0.5414 0.5138 0.5806 0.5713 0.5322 0.5782 0.5898 0.5414 0.5552 0.5921 0.5437 0.5207 0.5874 0.5437 0.6329 0.6329 0.6098 0.6398 0.6607 0.6329 0.6468 0.6884 0.6583 0.6583 0.7162 0.6769 0.6583 0.7231 0.6861 0.6537 0.7023 0.6908 0.6513 0.6814 0.648 0.6111 0.6319 0.6733 0.6319 0.6341 0.6964 0.6549 0.6341 0.7102 0.6757 0.6411 0.7057 0.6826 0.6457 0.678 0.6872 0.6433 0.648 0.678
0.1153 0.5276 1.0 0.493 0.5552 0.5183 0.4999 0.5713 0.5414 0.5138 0.5806 0.5713 0.5322 0.5782 0.5898 0.5414 0.5552 0.5921 0.5437 0.5207 0.5874 0.5437 0.5091 0.6329 0.6098 0.6398 0.6607 0.6329 0.6468 0.6884 0.6583 0.6583 0.7162 0.6769 0.6583 0.7231 0.6861 0.6537 0.7023 0.6908 0.6513 0.6814 0.6908 0.6111 0.6319 0.6733 0.6319 0.6341 0.6964 0.6549 0.6341 0.7102 0.6757 0.6411 0.7057 0.6826 0.6457 0.678 0.6872 0.6433 0.648 0.678 0.6411
0.1307 0.4977 1.0 0.5552 0.5183 0.4999 0.5713 0.5414 0.5138 0.5806 0.5713 0.5322 0.5782 0.5898 0.5414 0.5552 0.5921 0.5437 0.5207 0.5874 0.5437 0.5091 0.5483 0.6098 0.6398 0.6607 0.6329 0.6468 0.6884 0.6583 0.6583 0.7162 0.6769 0.6583 0.7231 0.6861 0.6537 0.7023 0.6908 0.6513 0.6814 0.6908 0.6537 0.6319 0.6733 0.6319 0.6341 0.6964 0.6549 0.6341 0.7102 0.6757 0.6411 0.7057 0.6826 0.6457 0.678 0.6872 0.6433 0.648 0.678 0.6411 0.6133
