0.169 0.6638 1.0 0.4957 0.5256 0.5739 0.5324 0.5302 0.6108 0.5717 0.544 0.6223 0.6062 0.5762 0.6084 0.6338 0.5992 0.5947 0.6453 0.6338 0.62 0.6384 0.6891 0.4199 0.3899 0.3644 0.4361 0.4292 0.3991 0.4408 0.4732 0.4384 0.4454 0.5079 0.4801 0.4639 0.5126 0.5194 0.4963 0.5126 0.5588 0.531 0.5287 0.3989 0.3689 0.4219 0.4358 0.3966 0.4127 0.4703 0.4289 0.4197 0.4911 0.4658 0.445 0.475 0.4958 0.4727 0.4796 0.5142 0.505 0.505 0.5464
0.0923 0.7421 1.0 0.5256 0.5739 0.5324 0.5302 0.6108 0.5717 0.544 0.6223 0.6062 0.5762 0.6084 0.6338 0.5992 0.5947 0.6453 0.6338 0.62 0.6384 0.6891 0.6614 0.3899 0.3644 0.4361 0.4292 0.3991 0.4408 0.4732 0.4384 0.4454 0.5079 0.4801 0.4639 0.5126 0.5194 0.4963 0.5126 0.5588 0.531 0.5287 0.5727 0.3689 0.4219 0.4358 0.3966 0.4127 0.4703 0.4289 0.4197 0.4911 0.4658 0.445 0.475 0.4958 0.4727 0.4796 0.5142 0.505 0.505 0.5464 0.5672
0.008 0.7144 1.0 0.5739 0.5324 0.5302 0.6108 0.5717 0.544 0.6223 0.6062 0.5762 0.6084 0.6338 0.5992 0.5947 0.6453 0.6338 0.62 0.6384 0.6891 0.6614 0.6638 0.3644 0.4361 0.4292 0.3991 0.4408 0.4732 0.4384 0.4454 0.5079 0.4801 0.4639 0.5126 0.5194 0.4963 0.5126 0.5588 0.531 0.5287 0.5727 0.5889 0.4219 0.4358 0.3966 0.4127 0.4703 0.4289 0.4197 0.4911 0.4658 0.445 0.475 0.4958 0.4727 0.4796 0.5142 0.505 0.505 0.5464 0.5672 0.5464
0.261 0.7052 1.0 0.5324 0.5302 0.6108 0.5717 0.544 0.6223 0.6062 0.5762 0.6084 0.6338 0.5992 0.5947 0.6453 0.6338 0.62 0.6384 0.6891 0.6614 0.6638 0.7421 0.4361 0.4292 0.3991 0.4408 0.4732 0.4384 0.4454 0.5079 0.4801 0.4639 0.5126 0.5194 0.4963 0.5126 0.5588 0.531 0.5287 0.5727 0.5889 0.5681 0.4358 0.3966 0.4127 0.4703 0.4289 0.4197 0.4911 0.4658 0.445 0.475 0.4958 0.4727 0.4796 0.5142 0.505 0.505 0.5464 0.5672 0.5464 0.5557
0.0923 0.7582 1.0 0.5302 0.6108 0.5717 0.544 0.6223 0.6062 0.5762 0.6084 0.6338 0.5992 0.5947 0.6453 0.6338 0.62 0.6384 0.6891 0.6614 0.6638 0.7421 0.7144 0.4292 0.3991 0.4408 0.4732 0.4384 0.4454 0.5079 0.4801 0.4639 0.5126 0.5194 0.4963 0.5126 0.5588 0.531 0.5287 0.5727 0.5889 0.5681 0.5889 0.3966 0.4127 0.4703 0.4289 0.4197 0.4911 0.4658 0.445 0.475 0.4958 0.4727 0.4796 0.5142 0.505 0.505 0.5464 0.5672 0.5464 0.5557 0.618
0.0307 0.749 1.0 0.6108 0.5717 0.544 0.6223 0.6062 0.5762 0.6084 0.6338 0.5992 0.5947 0.6453 0.6338 0.62 0.6384 0.6891 0.6614 0.6638 0.7421 0.7144 0.7052 0.3991 0.4408 0.4732 0.4384 0.4454 0.5079 0.4801 0.4639 0.5126 0.5194 0.4963 0.5126 0.5588 0.531 0.5287 0.5727 0.5889 0.5681 0.5889 0.6259 0.4127 0.4703 0.4289 0.4197 0.4911 0.4658 0.445 0.475 0.4958 0.4727 0.4796 0.5142 0.505 0.505 0.5464 0.5672 0.5464 0.5557 0.618 0.5811
0.1767 0.7168 1.0 0.5717 0.544 0.6223 0.6062 0.5762 0.6084 0.6338 0.5992 0.5947 0.6453 0.6338 0.62 0.6384 0.6891 0.6614 0.6638 0.7421 0.7144 0.7052 0.7582 0.4408 0.4732 0.4384 0.4454 0.5079 0.4801 0.4639 0.5126 0.5194 0.4963 0.5126 0.5588 0.531 0.5287 0.5727 0.5889 0.5681 0.5889 0.6259 0.5936 0.4703 0.4289 0.4197 0.4911 0.4658 0.445 0.475 0.4958 0.4727 0.4796 0.5142 0.505 0.505 0.5464 0.5672 0.5464 0.5557 0.618 0.5811 0.5696
0.0307 0.7536 1.0 0.544 0.6223 0.6062 0.5762 0.6084 0.6338 0.5992 0.5947 0.6453 0.6338 0.62 0.6384 0.6891 0.6614 0.6638 0.7421 0.7144 0.7052 0.7582 0.749 0.4732 0.4384 0.4454 0.5079 0.4801 0.4639 0.5126 0.5194 0.4963 0.5126 0.5588 0.531 0.5287 0.5727 0.5889 0.5681 0.5889 0.6259 0.5936 0.5936 0.4289 0.4197 0.4911 0.4658 0.445 0.475 0.4958 0.4727 0.4796 0.5142 0.505 0.505 0.5464 0.5672 0.5464 0.5557 0.618 0.5811 0.5696 0.6341
0.1073 0.7582 1.0 0.6223 0.6062 0.5762 0.6084 0.6338 0.5992 0.5947 0.6453 0.6338 0.62 0.6384 0.6891 0.6614 0.6638 0.7421 0.7144 0.7052 0.7582 0.749 0.7168 0.4384 0.4454 0.5079 0.4801 0.4639 0.5126 0.5194 0.4963 0.5126 0.5588 0.531 0.5287 0.5727 0.5889 0.5681 0.5889 0.6259 0.5936 0.5936 0.6329 0.4197 0.4911 0.4658 0.445 0.475 0.4958 0.4727 0.4796 0.5142 0.505 0.505 0.5464 0.5672 0.5464 0.5557 0.618 0.5811 0.5696 0.6341 0.6019
0.1227 0.7213 1.0 0.6062 0.5762 0.6084 0.6338 0.5992 0.5947 0.6453 0.6338 0.62 0.6384 0.6891 0.6614 0.6638 0.7421 0.7144 0.7052 0.7582 0.749 0.7168 0.7536 0.4454 0.5079 0.4801 0.4639 0.5126 0.5194 0.4963 0.5126 0.5588 0.531 0.5287 0.5727 0.5889 0.5681 0.5889 0.6259 0.5936 0.5936 0.6329 0.5981 0.4911 0.4658 0.445 0.475 0.4958 0.4727 0.4796 0.5142 0.505 0.505 0.5464 0.5672 0.5464 0.5557 0.618 0.5811 0.5696 0.6341 0.6019 0.5834
0.0153 0.7536 1.0 0.5762 0.6084 0.6338 0.5992 0.5947 0.6453 0.6338 0.62 0.6384 0.6891 0.6614 0.6638 0.7421 0.7144 0.7052 0.7582 0.749 0.7168 0.7536 0.7582 0.5079 0.4801 0.4639 0.5126 0.5194 0.4963 0.5126 0.5588 0.531 0.5287 0.5727 0.5889 0.5681 0.5889 0.6259 0.5936 0.5936 0.6329 0.5981 0.5866 0.4658 0.445 0.475 0.4958 0.4727 0.4796 0.5142 0.505 0.505 0.5464 0.5672 0.5464 0.5557 0.618 0.5811 0.5696 0.6341 0.6019 0.5834 0.6433
0.123 0.7812 1.0 0.6084 0.6338 0.5992 0.5947 0.6453 0.6338 0.62 0.6384 0.6891 0.6614 0.6638 0.7421 0.7144 0.7052 0.7582 0.749 0.7168 0.7536 0.7582 0.7213 0.4801 0.4639 0.5126 0.5194 0.4963 0.5126 0.5588 0.531 0.5287 0.5727 0.5889 0.5681 0.5889 0.6259 0.5936 0.5936 0.6329 0.5981 0.5866 0.6374 0.445 0.475 0.4958 0.4727 0.4796 0.5142 0.505 0.505 0.5464 0.5672 0.5464 0.5557 0.618 0.5811 0.5696 0.6341 0.6019 0.5834 0.6433 0.618
0.1077 0.7467 1.0 0.6338 0.5992 0.5947 0.6453 0.6338 0.62 0.6384 0.6891 0.6614 0.6638 0.7421 0.7144 0.7052 0.7582 0.749 0.7168 0.7536 0.7582 0.7213 0.7536 0.4639 0.5126 0.5194 0.4963 0.5126 0.5588 0.531 0.5287 0.5727 0.5889 0.5681 0.5889 0.6259 0.5936 0.5936 0.6329 0.5981 0.5866 0.6374 0.612 0.475 0.4958 0.4727 0.4796 0.5142 0.505 0.505 0.5464 0.5672 0.5464 0.5557 0.618 0.5811 0.5696 0.6341 0.6019 0.5834 0.6433 0.618 0.588
0.092 0.7606 1.0 0.5992 0.5947 0.6453 0.6338 0.62 0.6384 0.6891 0.6614 0.6638 0.7421 0.7144 0.7052 0.7582 0.749 0.7168 0.7536 0.7582 0.7213 0.7536 0.7812 0.5126 0.5194 0.4963 0.5126 0.5588 0.531 0.5287 0.5727 0.5889 0.5681 0.5889 0.6259 0.5936 0.5936 0.6329 0.5981 0.5866 0.6374 0.612 0.5981 0.4958 0.4727 0.4796 0.5142 0.505 0.505 0.5464 0.5672 0.5464 0.5557 0.618 0.5811 0.5696 0.6341 0.6019 0.5834 0.6433 0.618 0.588 0.6388
0.115 0.802 1.0 0.5947 0.6453 0.6338 0.62 0.6384 0.6891 0.6614 0.6638 0.7421 0.7144 0.7052 0.7582 0.749 0.7168 0.7536 0.7582 0.7213 0.7536 0.7812 0.7467 0.5194 0.4963 0.5126 0.5588 0.531 0.5287 0.5727 0.5889 0.5681 0.5889 0.6259 0.5936 0.5936 0.6329 0.5981 0.5866 0.6374 0.612 0.5981 0.6537 0.4727 0.4796 0.5142 0.505 0.505 0.5464 0.5672 0.5464 0.5557 0.618 0.5811 0.5696 0.6341 0.6019 0.5834 0.6433 0.618 0.588 0.6388 0.6341
0.0463 0.7606 1.0 0.6453 0.6338 0.62 0.6384 0.6891 0.6614 0.6638 0.7421 0.7144 0.7052 0.7582 0.749 0.7168 0.7536 0.7582 0.7213 0.7536 0.7812 0.7467 0.7606 0.4963 0.5126 0.5588 0.531 0.5287 0.5727 0.5889 0.5681 0.5889 0.6259 0.5936 0.5936 0.6329 0.5981 0.5866 0.6374 0.612 0.5981 0.6537 0.6329 0.4796 0.5142 0.505 0.505 0.5464 0.5672 0.5464 0.5557 0.618 0.5811 0.5696 0.6341 0.6019 0.5834 0.6433 0.618 0.588 0.6388 0.6341 0.6111
0.138 0.7651 1.0 0.6338 0.62 0.6384 0.6891 0.6614 0.6638 0.7421 0.7144 0.7052 0.7582 0.749 0.7168 0.7536 0.7582 0.7213 0.7536 0.7812 0.7467 0.7606 0.802 0.5126 0.5588 0.531 0.5287 0.5727 0.5889 0.5681 0.5889 0.6259 0.5936 0.5936 0.6329 0.5981 0.5866 0.6374 0.612 0.5981 0.6537 0.6329 0.6143 0.5142 0.505 0.505 0.5464 0.5672 0.5464 0.5557 0.618 0.5811 0.5696 0.6341 0.6019 0.5834 0.6433 0.618 0.588 0.6388 0.6341 0.6111 0.6549
0.138 0.8319 1.0 0.62 0.6384 0.6891 0.6614 0.6638 0.7421 0.7144 0.7052 0.7582 0.749 0.7168 0.7536 0.7582 0.7213 0.7536 0.7812 0.7467 0.7606 0.802 0.7606 0.5588 0.531 0.5287 0.5727 0.5889 0.5681 0.5889 0.6259 0.5936 0.5936 0.6329 0.5981 0.5866 0.6374 0.612 0.5981 0.6537 0.6329 0.6143 0.6652 0.505 0.505 0.5464 0.5672 0.5464 0.5557 0.618 0.5811 0.5696 0.6341 0.6019 0.5834 0.6433 0.618 0.588 0.6388 0.6341 0.6111 0.6549 0.6664
0.015 0.7881 1.0 0.6384 0.6891 0.6614 0.6638 0.7421 0.7144 0.7052 0.7582 0.749 0.7168 0.7536 0.7582 0.7213 0.7536 0.7812 0.7467 0.7606 0.802 0.7606 0.7651 0.531 0.5287 0.5727 0.5889 0.5681 0.5889 0.6259 0.5936 0.5936 0.6329 0.5981 0.5866 0.6374 0.612 0.5981 0.6537 0.6329 0.6143 0.6652 0.6583 0.505 0.5464 0.5672 0.5464 0.5557 0.618 0.5811 0.5696 0.6341 0.6019 0.5834 0.6433 0.618 0.588 0.6388 0.6341 0.6111 0.6549 0.6664 0.6296
0.2227 0.7651 1.0 0.6891 0.6614 0.6638 0.7421 0.7144 0.7052 0.7582 0.749 0.7168 0.7536 0.7582 0.7213 0.7536 0.7812 0.7467 0.7606 0.802 0.7606 0.7651 0.8319 0.5287 0.5727 0.5889 0.5681 0.5889 0.6259 0.5936 0.5936 0.6329 0.5981 0.5866 0.6374 0.612 0.5981 0.6537 0.6329 0.6143 0.6652 0.6583 0.6398 0.5464 0.5672 0.5464 0.5557 0.618 0.5811 0.5696 0.6341 0.6019 0.5834 0.6433 0.618 0.588 0.6388 0.6341 0.6111 0.6549 0.6664 0.6296 0.6526
0.146 0.8434 1.0 0.6614 0.6638 0.7421 0.7144 0.7052 0.7582 0.749 0.7168 0.7536 0.7582 0.7213 0.7536 0.7812 0.7467 0.7606 0.802 0.7606 0.7651 0.8319 0.7881 0.5727 0.5889 0.5681 0.5889 0.6259 0.5936 0.5936 0.6329 0.5981 0.5866 0.6374 0.612 0.5981 0.6537 0.6329 0.6143 0.6652 0.6583 0.6398 0.6769 0.5672 0.5464 0.5557 0.618 0.5811 0.5696 0.6341 0.6019 0.5834 0.6433 0.618 0.588 0.6388 0.6341 0.6111 0.6549 0.6664 0.6296 0.6526 0.6896
0.0767 0.802 1.0 0.6638 0.7421 0.7144 0.7052 0.7582 0.749 0.7168 0.7536 0.7582 0.7213 0.7536 0.7812 0.7467 0.7606 0.802 0.7606 0.7651 0.8319 0.7881 0.7651 0.5889 0.5681 0.5889 0.6259 0.5936 0.5936 0.6329 0.5981 0.5866 0.6374 0.612 0.5981 0.6537 0.6329 0.6143 0.6652 0.6583 0.6398 0.6769 0.6861 0.5464 0.5557 0.618 0.5811 0.5696 0.6341 0.6019 0.5834 0.6433 0.618 0.588 0.6388 0.6341 0.6111 0.6549 0.6664 0.6296 0.6526 0.6896 0.6457
0.261 0.772 1.0 0.7421 0.7144 0.7052 0.7582 0.749 0.7168 0.7536 0.7582 0.7213 0.7536 0.7812 0.7467 0.7606 0.802 0.7606 0.7651 0.8319 0.7881 0.7651 0.8434 0.5681 0.5889 0.6259 0.5936 0.5936 0.6329 0.5981 0.5866 0.6374 0.612 0.5981 0.6537 0.6329 0.6143 0.6652 0.6583 0.6398 0.6769 0.6861 0.6513 0.5557 0.618 0.5811 0.5696 0.6341 0.6019 0.5834 0.6433 0.618 0.588 0.6388 0.6341 0.6111 0.6549 0.6664 0.6296 0.6526 0.6896 0.6457 0.6503
0.138 0.8342 1.0 0.7144 0.7052 0.7582 0.749 0.7168 0.7536 0.7582 0.7213 0.7536 0.7812 0.7467 0.7606 0.802 0.7606 0.7651 0.8319 0.7881 0.7651 0.8434 0.802 0.5889 0.6259 0.5936 0.5936 0.6329 0.5981 0.5866 0.6374 0.612 0.5981 0.6537 0.6329 0.6143 0.6652 0.6583 0.6398 0.6769 0.6861 0.6513 0.6722 0.618 0.5811 0.5696 0.6341 0.6019 0.5834 0.6433 0.618 0.588 0.6388 0.6341 0.6111 0.6549 0.6664 0.6296 0.6526 0.6896 0.6457 0.6503 0.7102
0.1 0.8204 1.0 0.7052 0.7582 0.749 0.7168 0.7536 0.7582 0.7213 0.7536 0.7812 0.7467 0.7606 0.802 0.7606 0.7651 0.8319 0.7881 0.7651 0.8434 0.802 0.772 0.6259 0.5936 0.5936 0.6329 0.5981 0.5866 0.6374 0.612 0.5981 0.6537 0.6329 0.6143 0.6652 0.6583 0.6398 0.6769 0.6861 0.6513 0.6722 0.7047 0.5811 0.5696 0.6341 0.6019 0.5834 0.6433 0.618 0.588 0.6388 0.6341 0.6111 0.6549 0.6664 0.6296 0.6526 0.6896 0.6457 0.6503 0.7102 0.6596
0.2073 0.7743 1.0 0.7582 0.749 0.7168 0.7536 0.7582 0.7213 0.7536 0.7812 0.7467 0.7606 0.802 0.7606 0.7651 0.8319 0.7881 0.7651 0.8434 0.802 0.772 0.8342 0.5936 0.5936 0.6329 0.5981 0.5866 0.6374 0.612 0.5981 0.6537 0.6329 0.6143 0.6652 0.6583 0.6398 0.6769 0.6861 0.6513 0.6722 0.7047 0.6652 0.5696 0.6341 0.6019 0.5834 0.6433 0.618 0.588 0.6388 0.6341 0.6111 0.6549 0.6664 0.6296 0.6526 0.6896 0.6457 0.6503 0.7102 0.6596 0.6388
0.046 0.8134 1.0 0.749 0.7168 0.7536 0.7582 0.7213 0.7536 0.7812 0.7467 0.7606 0.802 0.7606 0.7651 0.8319 0.7881 0.7651 0.8434 0.802 0.772 0.8342 0.8204 0.5936 0.6329 0.5981 0.5866 0.6374 0.612 0.5981 0.6537 0.6329 0.6143 0.6652 0.6583 0.6398 0.6769 0.6861 0.6513 0.6722 0.7047 0.6652 0.663 0.6341 0.6019 0.5834 0.6433 0.618 0.588 0.6388 0.6341 0.6111 0.6549 0.6664 0.6296 0.6526 0.6896 0.6457 0.6503 0.7102 0.6596 0.6388 0.7102
0.1537 0.8204 1.0 0.7168 0.7536 0.7582 0.7213 0.7536 0.7812 0.7467 0.7606 0.802 0.7606 0.7651 0.8319 0.7881 0.7651 0.8434 0.802 0.772 0.8342 0.8204 0.7743 0.6329 0.5981 0.5866 0.6374 0.612 0.5981 0.6537 0.6329 0.6143 0.6652 0.6583 0.6398 0.6769 0.6861 0.6513 0.6722 0.7047 0.6652 0.663 0.7186 0.6019 0.5834 0.6433 0.618 0.588 0.6388 0.6341 0.6111 0.6549 0.6664 0.6296 0.6526 0.6896 0.6457 0.6503 0.7102 0.6596 0.6388 0.7102 0.6688
0.1303 0.772 1.0 0.7536 0.7582 0.7213 0.7536 0.7812 0.7467 0.7606 0.802 0.7606 0.7651 0.8319 0.7881 0.7651 0.8434 0.802 0.772 0.8342 0.8204 0.7743 0.8134 0.5981 0.5866 0.6374 0.612 0.5981 0.6537 0.6329 0.6143 0.6652 0.6583 0.6398 0.6769 0.6861 0.6513 0.6722 0.7047 0.6652 0.663 0.7186 0.6722 0.5834 0.6433 0.618 0.588 0.6388 0.6341 0.6111 0.6549 0.6664 0.6296 0.6526 0.6896 0.6457 0.6503 0.7102 0.6596 0.6388 0.7102 0.6688 0.6319
0.0233 0.772 1.0 0.7582 0.7213 0.7536 0.7812 0.7467 0.7606 0.802 0.7606 0.7651 0.8319 0.7881 0.7651 0.8434 0.802 0.772 0.8342 0.8204 0.7743 0.8134 0.8204 0.5866 0.6374 0.612 0.5981 0.6537 0.6329 0.6143 0.6652 0.6583 0.6398 0.6769 0.6861 0.6513 0.6722 0.7047 0.6652 0.663 0.7186 0.6722 0.6468 0.6433 0.618 0.588 0.6388 0.6341 0.6111 0.6549 0.6664 0.6296 0.6526 0.6896 0.6457 0.6503 0.7102 0.6596 0.6388 0.7102 0.6688 0.6319 0.6872
0.1613 0.8227 1.0 0.7213 0.7536 0.7812 0.7467 0.7606 0.802 0.7606 0.7651 0.8319 0.7881 0.7651 0.8434 0.802 0.772 0.8342 0.8204 0.7743 0.8134 0.8204 0.772 0.6374 0.612 0.5981 0.6537 0.6329 0.6143 0.6652 0.6583 0.6398 0.6769 0.6861 0.6513 0.6722 0.7047 0.6652 0.663 0.7186 0.6722 0.6468 0.7047 0.618 0.588 0.6388 0.6341 0.6111 0.6549 0.6664 0.6296 0.6526 0.6896 0.6457 0.6503 0.7102 0.6596 0.6388 0.7102 0.6688 0.6319 0.6872 0.671
0.0 0.7743 1.0 0.7536 0.7812 0.7467 0.7606 0.802 0.7606 0.7651 0.8319 0.7881 0.7651 0.8434 0.802 0.772 0.8342 0.8204 0.7743 0.8134 0.8204 0.772 0.772 0.612 0.5981 0.6537 0.6329 0.6143 0.6652 0.6583 0.6398 0.6769 0.6861 0.6513 0.6722 0.7047 0.6652 0.663 0.7186 0.6722 0.6468 0.7047 0.6746 0.588 0.6388 0.6341 0.6111 0.6549 0.6664 0.6296 0.6526 0.6896 0.6457 0.6503 0.7102 0.6596 0.6388 0.7102 0.6688 0.6319 0.6872 0.671 0.6296
0.169 0.7467 1.0 0.7812 0.7467 0.7606 0.802 0.7606 0.7651 0.8319 0.7881 0.7651 0.8434 0.802 0.772 0.8342 0.8204 0.7743 0.8134 0.8204 0.772 0.772 0.8227 0.5981 0.6537 0.6329 0.6143 0.6652 0.6583 0.6398 0.6769 0.6861 0.6513 0.6722 0.7047 0.6652 0.663 0.7186 0.6722 0.6468 0.7047 0.6746 0.6398 0.6388 0.6341 0.6111 0.6549 0.6664 0.6296 0.6526 0.6896 0.6457 0.6503 0.7102 0.6596 0.6388 0.7102 0.6688 0.6319 0.6872 0.671 0.6296 0.6503
0.1613 0.7951 1.0 0.7467 0.7606 0.802 0.7606 0.7651 0.8319 0.7881 0.7651 0.8434 0.802 0.772 0.8342 0.8204 0.7743 0.8134 0.8204 0.772 0.772 0.8227 0.7743 0.6537 0.6329 0.6143 0.6652 0.6583 0.6398 0.6769 0.6861 0.6513 0.6722 0.7047 0.6652 0.663 0.7186 0.6722 0.6468 0.7047 0.6746 0.6398 0.6861 0.6341 0.6111 0.6549 0.6664 0.6296 0.6526 0.6896 0.6457 0.6503 0.7102 0.6596 0.6388 0.7102 0.6688 0.6319 0.6872 0.671 0.6296 0.6503 0.6688
0.092 0.7674 1.0 0.7606 0.802 0.7606 0.7651 0.8319 0.7881 0.7651 0.8434 0.802 0.772 0.8342 0.8204 0.7743 0.8134 0.8204 0.772 0.772 0.8227 0.7743 0.7467 0.6329 0.6143 0.6652 0.6583 0.6398 0.6769 0.6861 0.6513 0.6722 0.7047 0.6652 0.663 0.7186 0.6722 0.6468 0.7047 0.6746 0.6398 0.6861 0.6746 0.6111 0.6549 0.6664 0.6296 0.6526 0.6896 0.6457 0.6503 0.7102 0.6596 0.6388 0.7102 0.6688 0.6319 0.6872 0.671 0.6296 0.6503 0.6688 0.6296
0.1613 0.7352 1.0 0.802 0.7606 0.7651 0.8319 0.7881 0.7651 0.8434 0.802 0.772 0.8342 0.8204 0.7743 0.8134 0.8204 0.772 0.772 0.8227 0.7743 0.7467 0.7951 0.6143 0.6652 0.6583 0.6398 0.6769 0.6861 0.6513 0.6722 0.7047 0.6652 0.663 0.7186 0.6722 0.6468 0.7047 0.6746 0.6398 0.6861 0.6746 0.6398 0.6549 0.6664 0.6296 0.6526 0.6896 0.6457 0.6503 0.7102 0.6596 0.6388 0.7102 0.6688 0.6319 0.6872 0.671 0.6296 0.6503 0.6688 0.6296 0.6249
0.0923 0.7698 1.0 0.7606 0.7651 0.8319 0.7881 0.7651 0.8434 0.802 0.772 0.8342 0.8204 0.7743 0.8134 0.8204 0.772 0.772 0.8227 0.7743 0.7467 0.7951 0.7674 0.6652 0.6583 0.6398 0.6769 0.6861 0.6513 0.6722 0.7047 0.6652 0.663 0.7186 0.6722 0.6468 0.7047 0.6746 0.6398 0.6861 0.6746 0.6398 0.6513 0.6664 0.6296 0.6526 0.6896 0.6457 0.6503 0.7102 0.6596 0.6388 0.7102 0.6688 0.6319 0.6872 0.671 0.6296 0.6503 0.6688 0.6296 0.6249 0.6526
0.1073 0.7467 1.0 0.7651 0.8319 0.7881 0.7651 0.8434 0.802 0.772 0.8342 0.8204 0.7743 0.8134 0.8204 0.772 0.772 0.8227 0.7743 0.7467 0.7951 0.7674 0.7352 0.6583 0.6398 0.6769 0.6861 0.6513 0.6722 0.7047 0.6652 0.663 0.7186 0.6722 0.6468 0.7047 0.6746 0.6398 0.6861 0.6746 0.6398 0.6513 0.6791 0.6296 0.6526 0.6896 0.6457 0.6503 0.7102 0.6596 0.6388 0.7102 0.6688 0.6319 0.6872 0.671 0.6296 0.6503 0.6688 0.6296 0.6249 0.6526 0.6203
0.1153 0.726 1.0 0.8319 0.7881 0.7651 0.8434 0.802 0.772 0.8342 0.8204 0.7743 0.8134 0.8204 0.772 0.772 0.8227 0.7743 0.7467 0.7951 0.7674 0.7352 0.7698 0.6398 0.6769 0.6861 0.6513 0.6722 0.7047 0.6652 0.663 0.7186 0.6722 0.6468 0.7047 0.6746 0.6398 0.6861 0.6746 0.6398 0.6513 0.6791 0.6421 0.6526 0.6896 0.6457 0.6503 0.7102 0.6596 0.6388 0.7102 0.6688 0.6319 0.6872 0.671 0.6296 0.6503 0.6688 0.6296 0.6249 0.6526 0.6203 0.5972
0.077 0.7029 1.0 0.7881 0.7651 0.8434 0.802 0.772 0.8342 0.8204 0.7743 0.8134 0.8204 0.772 0.772 0.8227 0.7743 0.7467 0.7951 0.7674 0.7352 0.7698 0.7467 0.6769 0.6861 0.6513 0.6722 0.7047 0.6652 0.663 0.7186 0.6722 0.6468 0.7047 0.6746 0.6398 0.6861 0.6746 0.6398 0.6513 0.6791 0.6421 0.6306 0.6896 0.6457 0.6503 0.7102 0.6596 0.6388 0.7102 0.6688 0.6319 0.6872 0.671 0.6296 0.6503 0.6688 0.6296 0.6249 0.6526 0.6203 0.5972 0.6341
0.069 0.6844 1.0 0.7651 0.8434 0.802 0.772 0.8342 0.8204 0.7743 0.8134 0.8204 0.772 0.772 0.8227 0.7743 0.7467 0.7951 0.7674 0.7352 0.7698 0.7467 0.726 0.6861 0.6513 0.6722 0.7047 0.6652 0.663 0.7186 0.6722 0.6468 0.7047 0.6746 0.6398 0.6861 0.6746 0.6398 0.6513 0.6791 0.6421 0.6306 0.656 0.6457 0.6503 0.7102 0.6596 0.6388 0.7102 0.6688 0.6319 0.6872 0.671 0.6296 0.6503 0.6688 0.6296 0.6249 0.6526 0.6203 0.5972 0.6341 0.618
0.077 0.6707 1.0 0.8434 0.802 0.772 0.8342 0.8204 0.7743 0.8134 0.8204 0.772 0.772 0.8227 0.7743 0.7467 0.7951 0.7674 0.7352 0.7698 0.7467 0.726 0.7029 0.6513 0.6722 0.7047 0.6652 0.663 0.7186 0.6722 0.6468 0.7047 0.6746 0.6398 0.6861 0.6746 0.6398 0.6513 0.6791 0.6421 0.6306 0.656 0.6468 0.6503 0.7102 0.6596 0.6388 0.7102 0.6688 0.6319 0.6872 0.671 0.6296 0.6503 0.6688 0.6296 0.6249 0.6526 0.6203 0.5972 0.6341 0.618 0.5996
0.0617 0.6522 1.0 0.802 0.772 0.8342 0.8204 0.7743 0.8134 0.8204 0.772 0.772 0.8227 0.7743 0.7467 0.7951 0.7674 0.7352 0.7698 0.7467 0.726 0.7029 0.6844 0.6722 0.7047 0.6652 0.663 0.7186 0.6722 0.6468 0.7047 0.6746 0.6398 0.6861 0.6746 0.6398 0.6513 0.6791 0.6421 0.6306 0.656 0.6468 0.619 0.7102 0.6596 0.6388 0.7102 0.6688 0.6319 0.6872 0.671 0.6296 0.6503 0.6688 0.6296 0.6249 0.6526 0.6203 0.5972 0.6341 0.618 0.5996 0.5788
0.0457 0.6316 1.0 0.772 0.8342 0.8204 0.7743 0.8134 0.8204 0.772 0.772 0.8227 0.7743 0.7467 0.7951 0.7674 0.7352 0.7698 0.7467 0.726 0.7029 0.6844 0.6707 0.7047 0.6652 0.663 0.7186 0.6722 0.6468 0.7047 0.6746 0.6398 0.6861 0.6746 0.6398 0.6513 0.6791 0.6421 0.6306 0.656 0.6468 0.619 0.5889 0.6596 0.6388 0.7102 0.6688 0.6319 0.6872 0.671 0.6296 0.6503 0.6688 0.6296 0.6249 0.6526 0.6203 0.5972 0.6341 0.618 0.5996 0.5788 0.5649
0.0617 0.6269 1.0 0.8342 0.8204 0.7743 0.8134 0.8204 0.772 0.772 0.8227 0.7743 0.7467 0.7951 0.7674 0.7352 0.7698 0.7467 0.726 0.7029 0.6844 0.6707 0.6522 0.6652 0.663 0.7186 0.6722 0.6468 0.7047 0.6746 0.6398 0.6861 0.6746 0.6398 0.6513 0.6791 0.6421 0.6306 0.656 0.6468 0.619 0.5889 0.5727 0.6388 0.7102 0.6688 0.6319 0.6872 0.671 0.6296 0.6503 0.6688 0.6296 0.6249 0.6526 0.6203 0.5972 0.6341 0.618 0.5996 0.5788 0.5649 0.5557
0.0687 0.6131 1.0 0.8204 0.7743 0.8134 0.8204 0.772 0.772 0.8227 0.7743 0.7467 0.7951 0.7674 0.7352 0.7698 0.7467 0.726 0.7029 0.6844 0.6707 0.6522 0.6316 0.663 0.7186 0.6722 0.6468 0.7047 0.6746 0.6398 0.6861 0.6746 0.6398 0.6513 0.6791 0.6421 0.6306 0.656 0.6468 0.619 0.5889 0.5727 0.5588 0.7102 0.6688 0.6319 0.6872 0.671 0.6296 0.6503 0.6688 0.6296 0.6249 0.6526 0.6203 0.5972 0.6341 0.618 0.5996 0.5788 0.5649 0.5557 0.5327
0.0157 0.5901 1.0 0.7743 0.8134 0.8204 0.772 0.772 0.8227 0.7743 0.7467 0.7951 0.7674 0.7352 0.7698 0.7467 0.726 0.7029 0.6844 0.6707 0.6522 0.6316 0.6269 0.7186 0.6722 0.6468 0.7047 0.6746 0.6398 0.6861 0.6746 0.6398 0.6513 0.6791 0.6421 0.6306 0.656 0.6468 0.619 0.5889 0.5727 0.5588 0.531 0.6688 0.6319 0.6872 0.671 0.6296 0.6503 0.6688 0.6296 0.6249 0.6526 0.6203 0.5972 0.6341 0.618 0.5996 0.5788 0.5649 0.5557 0.5327 0.5166
0.046 0.5878 1.0 0.8134 0.8204 0.772 0.772 0.8227 0.7743 0.7467 0.7951 0.7674 0.7352 0.7698 0.7467 0.726 0.7029 0.6844 0.6707 0.6522 0.6316 0.6269 0.6131 0.6722 0.6468 0.7047 0.6746 0.6398 0.6861 0.6746 0.6398 0.6513 0.6791 0.6421 0.6306 0.656 0.6468 0.619 0.5889 0.5727 0.5588 0.531 0.5148 0.6319 0.6872 0.671 0.6296 0.6503 0.6688 0.6296 0.6249 0.6526 0.6203 0.5972 0.6341 0.618 0.5996 0.5788 0.5649 0.5557 0.5327 0.5166 0.5119
0.0767 0.5786 1.0 0.8204 0.772 0.772 0.8227 0.7743 0.7467 0.7951 0.7674 0.7352 0.7698 0.7467 0.726 0.7029 0.6844 0.6707 0.6522 0.6316 0.6269 0.6131 0.5901 0.6468 0.7047 0.6746 0.6398 0.6861 0.6746 0.6398 0.6513 0.6791 0.6421 0.6306 0.656 0.6468 0.619 0.5889 0.5727 0.5588 0.531 0.5148 0.5079 0.6872 0.671 0.6296 0.6503 0.6688 0.6296 0.6249 0.6526 0.6203 0.5972 0.6341 0.618 0.5996 0.5788 0.5649 0.5557 0.5327 0.5166 0.5119 0.4911
0.0077 0.5556 1.0 0.772 0.772 0.8227 0.7743 0.7467 0.7951 0.7674 0.7352 0.7698 0.7467 0.726 0.7029 0.6844 0.6707 0.6522 0.6316 0.6269 0.6131 0.5901 0.5878 0.7047 0.6746 0.6398 0.6861 0.6746 0.6398 0.6513 0.6791 0.6421 0.6306 0.656 0.6468 0.619 0.5889 0.5727 0.5588 0.531 0.5148 0.5079 0.4848 0.671 0.6296 0.6503 0.6688 0.6296 0.6249 0.6526 0.6203 0.5972 0.6341 0.618 0.5996 0.5788 0.5649 0.5557 0.5327 0.5166 0.5119 0.4911 0.4727
0.0307 0.5486 1.0 0.772 0.8227 0.7743 0.7467 0.7951 0.7674 0.7352 0.7698 0.7467 0.726 0.7029 0.6844 0.6707 0.6522 0.6316 0.6269 0.6131 0.5901 0.5878 0.5786 0.6746 0.6398 0.6861 0.6746 0.6398 0.6513 0.6791 0.6421 0.6306 0.656 0.6468 0.619 0.5889 0.5727 0.5588 0.531 0.5148 0.5079 0.4848 0.4686 0.6296 0.6503 0.6688 0.6296 0.6249 0.6526 0.6203 0.5972 0.6341 0.618 0.5996 0.5788 0.5649 0.5557 0.5327 0.5166 0.5119 0.4911 0.4727 0.4727
0.0767 0.544 1.0 0.8227 0.7743 0.7467 0.7951 0.7674 0.7352 0.7698 0.7467 0.726 0.7029 0.6844 0.6707 0.6522 0.6316 0.6269 0.6131 0.5901 0.5878 0.5786 0.5556 0.6398 0.6861 0.6746 0.6398 0.6513 0.6791 0.6421 0.6306 0.656 0.6468 0.619 0.5889 0.5727 0.5588 0.531 0.5148 0.5079 0.4848 0.4686 0.4662 0.6503 0.6688 0.6296 0.6249 0.6526 0.6203 0.5972 0.6341 0.618 0.5996 0.5788 0.5649 0.5557 0.5327 0.5166 0.5119 0.4911 0.4727 0.4727 0.4566
0.0233 0.5232 1.0 0.7743 0.7467 0.7951 0.7674 0.7352 0.7698 0.7467 0.726 0.7029 0.6844 0.6707 0.6522 0.6316 0.6269 0.6131 0.5901 0.5878 0.5786 0.5556 0.5486 0.6861 0.6746 0.6398 0.6513 0.6791 0.6421 0.6306 0.656 0.6468 0.619 0.5889 0.5727 0.5588 0.531 0.5148 0.5079 0.4848 0.4686 0.4662 0.4477 0.6688 0.6296 0.6249 0.6526 0.6203 0.5972 0.6341 0.618 0.5996 0.5788 0.5649 0.5557 0.5327 0.5166 0.5119 0.4911 0.4727 0.4727 0.4566 0.4381
0.0153 0.514 1.0 0.7467 0.7951 0.7674 0.7352 0.7698 0.7467 0.726 0.7029 0.6844 0.6707 0.6522 0.6316 0.6269 0.6131 0.5901 0.5878 0.5786 0.5556 0.5486 0.544 0.6746 0.6398 0.6513 0.6791 0.6421 0.6306 0.656 0.6468 0.619 0.5889 0.5727 0.5588 0.531 0.5148 0.5079 0.4848 0.4686 0.4662 0.4477 0.4292 0.6296 0.6249 0.6526 0.6203 0.5972 0.6341 0.618 0.5996 0.5788 0.5649 0.5557 0.5327 0.5166 0.5119 0.4911 0.4727 0.4727 0.4566 0.4381 0.4334
0.0693 0.5118 1.0 0.7951 0.7674 0.7352 0.7698 0.7467 0.726 0.7029 0.6844 0.6707 0.6522 0.6316 0.6269 0.6131 0.5901 0.5878 0.5786 0.5556 0.5486 0.544 0.5232 0.6398 0.6513 0.6791 0.6421 0.6306 0.656 0.6468 0.619 0.5889 0.5727 0.5588 0.531 0.5148 0.5079 0.4848 0.4686 0.4662 0.4477 0.4292 0.4246 0.6249 0.6526 0.6203 0.5972 0.6341 0.618 0.5996 0.5788 0.5649 0.5557 0.5327 0.5166 0.5119 0.4911 0.4727 0.4727 0.4566 0.4381 0.4334 0.4242
0.0307 0.4957 1.0 0.7674 0.7352 0.7698 0.7467 0.726 0.7029 0.6844 0.6707 0.6522 0.6316 0.6269 0.6131 0.5901 0.5878 0.5786 0.5556 0.5486 0.544 0.5232 0.514 0.6513 0.6791 0.6421 0.6306 0.656 0.6468 0.619 0.5889 0.5727 0.5588 0.531 0.5148 0.5079 0.4848 0.4686 0.4662 0.4477 0.4292 0.4246 0.413 0.6526 0.6203 0.5972 0.6341 0.618 0.5996 0.5788 0.5649 0.5557 0.5327 0.5166 0.5119 0.4911 0.4727 0.4727 0.4566 0.4381 0.4334 0.4242 0.4034
0.0073 0.4818 1.0 0.7352 0.7698 0.7467 0.726 0.7029 0.6844 0.6707 0.6522 0.6316 0.6269 0.6131 0.5901 0.5878 0.5786 0.5556 0.5486 0.544 0.5232 0.514 0.5118 0.6791 0.6421 0.6306 0.656 0.6468 0.619 0.5889 0.5727 0.5588 0.531 0.5148 0.5079 0.4848 0.4686 0.4662 0.4477 0.4292 0.4246 0.413 0.3944 0.6203 0.5972 0.6341 0.618 0.5996 0.5788 0.5649 0.5557 0.5327 0.5166 0.5119 0.4911 0.4727 0.4727 0.4566 0.4381 0.4334 0.4242 0.4034 0.3966
0.0537 0.4796 1.0 0.7698 0.7467 0.726 0.7029 0.6844 0.6707 0.6522 0.6316 0.6269 0.6131 0.5901 0.5878 0.5786 0.5556 0.5486 0.544 0.5232 0.514 0.5118 0.4957 0.6421 0.6306 0.656 0.6468 0.619 0.5889 0.5727 0.5588 0.531 0.5148 0.5079 0.4848 0.4686 0.4662 0.4477 0.4292 0.4246 0.413 0.3944 0.3899 0.5972 0.6341 0.618 0.5996 0.5788 0.5649 0.5557 0.5327 0.5166 0.5119 0.4911 0.4727 0.4727 0.4566 0.4381 0.4334 0.4242 0.4034 0.3966 0.3966
0.0463 0.468 1.0 0.7467 0.726 0.7029 0.6844 0.6707 0.6522 0.6316 0.6269 0.6131 0.5901 0.5878 0.5786 0.5556 0.5486 0.544 0.5232 0.514 0.5118 0.4957 0.4818 0.6306 0.656 0.6468 0.619 0.5889 0.5727 0.5588 0.531 0.5148 0.5079 0.4848 0.4686 0.4662 0.4477 0.4292 0.4246 0.413 0.3944 0.3899 0.3806 0.6341 0.618 0.5996 0.5788 0.5649 0.5557 0.5327 0.5166 0.5119 0.4911 0.4727 0.4727 0.4566 0.4381 0.4334 0.4242 0.4034 0.3966 0.3966 0.3758
0.0073 0.4541 1.0 0.726 0.7029 0.6844 0.6707 0.6522 0.6316 0.6269 0.6131 0.5901 0.5878 0.5786 0.5556 0.5486 0.544 0.5232 0.514 0.5118 0.4957 0.4818 0.4796 0.656 0.6468 0.619 0.5889 0.5727 0.5588 0.531 0.5148 0.5079 0.4848 0.4686 0.4662 0.4477 0.4292 0.4246 0.413 0.3944 0.3899 0.3806 0.3644 0.618 0.5996 0.5788 0.5649 0.5557 0.5327 0.5166 0.5119 0.4911 0.4727 0.4727 0.4566 0.4381 0.4334 0.4242 0.4034 0.3966 0.3966 0.3758 0.3689
0.0387 0.4496 1.0 0.7029 0.6844 0.6707 0.6522 0.6316 0.6269 0.6131 0.5901 0.5878 0.5786 0.5556 0.5486 0.544 0.5232 0.514 0.5118 0.4957 0.4818 0.4796 0.468 0.6468 0.619 0.5889 0.5727 0.5588 0.531 0.5148 0.5079 0.4848 0.4686 0.4662 0.4477 0.4292 0.4246 0.413 0.3944 0.3899 0.3806 0.3644 0.3551 0.5996 0.5788 0.5649 0.5557 0.5327 0.5166 0.5119 0.4911 0.4727 0.4727 0.4566 0.4381 0.4334 0.4242 0.4034 0.3966 0.3966 0.3758 0.3689 0.3642
0.0463 0.438 1.0 0.6844 0.6707 0.6522 0.6316 0.6269 0.6131 0.5901 0.5878 0.5786 0.5556 0.5486 0.544 0.5232 0.514 0.5118 0.4957 0.4818 0.4796 0.468 0.4541 0.619 0.5889 0.5727 0.5588 0.531 0.5148 0.5079 0.4848 0.4686 0.4662 0.4477 0.4292 0.4246 0.413 0.3944 0.3899 0.3806 0.3644 0.3551 0.3506 0.5788 0.5649 0.5557 0.5327 0.5166 0.5119 0.4911 0.4727 0.4727 0.4566 0.4381 0.4334 0.4242 0.4034 0.3966 0.3966 0.3758 0.3689 0.3642 0.3504
0.015 0.4242 1.0 0.6707 0.6522 0.6316 0.6269 0.6131 0.5901 0.5878 0.5786 0.5556 0.5486 0.544 0.5232 0.514 0.5118 0.4957 0.4818 0.4796 0.468 0.4541 0.4496 0.5889 0.5727 0.5588 0.531 0.5148 0.5079 0.4848 0.4686 0.4662 0.4477 0.4292 0.4246 0.413 0.3944 0.3899 0.3806 0.3644 0.3551 0.3506 0.3343 0.5649 0.5557 0.5327 0.5166 0.5119 0.4911 0.4727 0.4727 0.4566 0.4381 0.4334 0.4242 0.4034 0.3966 0.3966 0.3758 0.3689 0.3642 0.3504 0.3366
0.0387 0.4173 1.0 0.6522 0.6316 0.6269 0.6131 0.5901 0.5878 0.5786 0.5556 0.5486 0.544 0.5232 0.514 0.5118 0.4957 0.4818 0.4796 0.468 0.4541 0.4496 0.438 0.5727 0.5588 0.531 0.5148 0.5079 0.4848 0.4686 0.4662 0.4477 0.4292 0.4246 0.413 0.3944 0.3899 0.3806 0.3644 0.3551 0.3506 0.3343 0.325 0.5557 0.5327 0.5166 0.5119 0.4911 0.4727 0.4727 0.4566 0.4381 0.4334 0.4242 0.4034 0.3966 0.3966 0.3758 0.3689 0.3642 0.3504 0.3366 0.332
0.046 0.4104 1.0 0.6316 0.6269 0.6131 0.5901 0.5878 0.5786 0.5556 0.5486 0.544 0.5232 0.514 0.5118 0.4957 0.4818 0.4796 0.468 0.4541 0.4496 0.438 0.4242 0.5588 0.531 0.5148 0.5079 0.4848 0.4686 0.4662 0.4477 0.4292 0.4246 0.413 0.3944 0.3899 0.3806 0.3644 0.3551 0.3506 0.3343 0.325 0.3181 0.5327 0.5166 0.5119 0.4911 0.4727 0.4727 0.4566 0.4381 0.4334 0.4242 0.4034 0.3966 0.3966 0.3758 0.3689 0.3642 0.3504 0.3366 0.332 0.3204
0.023 0.3989 1.0 0.6269 0.6131 0.5901 0.5878 0.5786 0.5556 0.5486 0.544 0.5232 0.514 0.5118 0.4957 0.4818 0.4796 0.468 0.4541 0.4496 0.438 0.4242 0.4173 0.531 0.5148 0.5079 0.4848 0.4686 0.4662 0.4477 0.4292 0.4246 0.413 0.3944 0.3899 0.3806 0.3644 0.3551 0.3506 0.3343 0.325 0.3181 0.3066 0.5166 0.5119 0.4911 0.4727 0.4727 0.4566 0.4381 0.4334 0.4242 0.4034 0.3966 0.3966 0.3758 0.3689 0.3642 0.3504 0.3366 0.332 0.3204 0.3089
0.023 0.392 1.0 0.6131 0.5901 0.5878 0.5786 0.5556 0.5486 0.544 0.5232 0.514 0.5118 0.4957 0.4818 0.4796 0.468 0.4541 0.4496 0.438 0.4242 0.4173 0.4104 0.5148 0.5079 0.4848 0.4686 0.4662 0.4477 0.4292 0.4246 0.413 0.3944 0.3899 0.3806 0.3644 0.3551 0.3506 0.3343 0.325 0.3181 0.3066 0.2972 0.5119 0.4911 0.4727 0.4727 0.4566 0.4381 0.4334 0.4242 0.4034 0.3966 0.3966 0.3758 0.3689 0.3642 0.3504 0.3366 0.332 0.3204 0.3089 0.3043
0.0383 0.3873 1.0 0.5901 0.5878 0.5786 0.5556 0.5486 0.544 0.5232 0.514 0.5118 0.4957 0.4818 0.4796 0.468 0.4541 0.4496 0.438 0.4242 0.4173 0.4104 0.3989 0.5079 0.4848 0.4686 0.4662 0.4477 0.4292 0.4246 0.413 0.3944 0.3899 0.3806 0.3644 0.3551 0.3506 0.3343 0.325 0.3181 0.3066 0.2972 0.2927 0.4911 0.4727 0.4727 0.4566 0.4381 0.4334 0.4242 0.4034 0.3966 0.3966 0.3758 0.3689 0.3642 0.3504 0.3366 0.332 0.3204 0.3089 0.3043 0.2951
0.023 0.3759 1.0 0.5878 0.5786 0.5556 0.5486 0.544 0.5232 0.514 0.5118 0.4957 0.4818 0.4796 0.468 0.4541 0.4496 0.438 0.4242 0.4173 0.4104 0.3989 0.392 0.4848 0.4686 0.4662 0.4477 0.4292 0.4246 0.413 0.3944 0.3899 0.3806 0.3644 0.3551 0.3506 0.3343 0.325 0.3181 0.3066 0.2972 0.2927 0.2833 0.4727 0.4727 0.4566 0.4381 0.4334 0.4242 0.4034 0.3966 0.3966 0.3758 0.3689 0.3642 0.3504 0.3366 0.332 0.3204 0.3089 0.3043 0.2951 0.2836
0.0157 0.3804 1.0 0.5786 0.5556 0.5486 0.544 0.5232 0.514 0.5118 0.4957 0.4818 0.4796 0.468 0.4541 0.4496 0.438 0.4242 0.4173 0.4104 0.3989 0.392 0.3873 0.4686 0.4662 0.4477 0.4292 0.4246 0.413 0.3944 0.3899 0.3806 0.3644 0.3551 0.3506 0.3343 0.325 0.3181 0.3066 0.2972 0.2927 0.2833 0.2741 0.4727 0.4566 0.4381 0.4334 0.4242 0.4034 0.3966 0.3966 0.3758 0.3689 0.3642 0.3504 0.3366 0.332 0.3204 0.3089 0.3043 0.2951 0.2836 0.2789
0.038 0.3804 1.0 0.5556 0.5486 0.544 0.5232 0.514 0.5118 0.4957 0.4818 0.4796 0.468 0.4541 0.4496 0.438 0.4242 0.4173 0.4104 0.3989 0.392 0.3873 0.3759 0.4662 0.4477 0.4292 0.4246 0.413 0.3944 0.3899 0.3806 0.3644 0.3551 0.3506 0.3343 0.325 0.3181 0.3066 0.2972 0.2927 0.2833 0.2741 0.2672 0.4566 0.4381 0.4334 0.4242 0.4034 0.3966 0.3966 0.3758 0.3689 0.3642 0.3504 0.3366 0.332 0.3204 0.3089 0.3043 0.2951 0.2836 0.2789 0.2697
0.015 0.3759 1.0 0.5486 0.544 0.5232 0.514 0.5118 0.4957 0.4818 0.4796 0.468 0.4541 0.4496 0.438 0.4242 0.4173 0.4104 0.3989 0.392 0.3873 0.3759 0.3804 0.4477 0.4292 0.4246 0.413 0.3944 0.3899 0.3806 0.3644 0.3551 0.3506 0.3343 0.325 0.3181 0.3066 0.2972 0.2927 0.2833 0.2741 0.2672 0.2579 0.4381 0.4334 0.4242 0.4034 0.3966 0.3966 0.3758 0.3689 0.3642 0.3504 0.3366 0.332 0.3204 0.3089 0.3043 0.2951 0.2836 0.2789 0.2697 0.272
0.0 0.4749 1.0 0.544 0.5232 0.514 0.5118 0.4957 0.4818 0.4796 0.468 0.4541 0.4496 0.438 0.4242 0.4173 0.4104 0.3989 0.392 0.3873 0.3759 0.3804 0.3804 0.4292 0.4246 0.413 0.3944 0.3899 0.3806 0.3644 0.3551 0.3506 0.3343 0.325 0.3181 0.3066 0.2972 0.2927 0.2833 0.2741 0.2672 0.2579 0.2996 0.4334 0.4242 0.4034 0.3966 0.3966 0.3758 0.3689 0.3642 0.3504 0.3366 0.332 0.3204 0.3089 0.3043 0.2951 0.2836 0.2789 0.2697 0.272 0.3458
0.015 0.4703 1.0 0.5232 0.514 0.5118 0.4957 0.4818 0.4796 0.468 0.4541 0.4496 0.438 0.4242 0.4173 0.4104 0.3989 0.392 0.3873 0.3759 0.3804 0.3804 0.3759 0.4246 0.413 0.3944 0.3899 0.3806 0.3644 0.3551 0.3506 0.3343 0.325 0.3181 0.3066 0.2972 0.2927 0.2833 0.2741 0.2672 0.2579 0.2996 0.332 0.4242 0.4034 0.3966 0.3966 0.3758 0.3689 0.3642 0.3504 0.3366 0.332 0.3204 0.3089 0.3043 0.2951 0.2836 0.2789 0.2697 0.272 0.3458 0.3158
0.33 0.4472 1.0 0.514 0.5118 0.4957 0.4818 0.4796 0.468 0.4541 0.4496 0.438 0.4242 0.4173 0.4104 0.3989 0.392 0.3873 0.3759 0.3804 0.3804 0.3759 0.4749 0.413 0.3944 0.3899 0.3806 0.3644 0.3551 0.3506 0.3343 0.325 0.3181 0.3066 0.2972 0.2927 0.2833 0.2741 0.2672 0.2579 0.2996 0.332 0.3089 0.4034 0.3966 0.3966 0.3758 0.3689 0.3642 0.3504 0.3366 0.332 0.3204 0.3089 0.3043 0.2951 0.2836 0.2789 0.2697 0.272 0.3458 0.3158 0.3158
0.0153 0.521 1.0 0.5118 0.4957 0.4818 0.4796 0.468 0.4541 0.4496 0.438 0.4242 0.4173 0.4104 0.3989 0.392 0.3873 0.3759 0.3804 0.3804 0.3759 0.4749 0.4703 0.3944 0.3899 0.3806 0.3644 0.3551 0.3506 0.3343 0.325 0.3181 0.3066 0.2972 0.2927 0.2833 0.2741 0.2672 0.2579 0.2996 0.332 0.3089 0.332 0.3966 0.3966 0.3758 0.3689 0.3642 0.3504 0.3366 0.332 0.3204 0.3089 0.3043 0.2951 0.2836 0.2789 0.2697 0.272 0.3458 0.3158 0.3158 0.3966
0.077 0.5324 1.0 0.4957 0.4818 0.4796 0.468 0.4541 0.4496 0.438 0.4242 0.4173 0.4104 0.3989 0.392 0.3873 0.3759 0.3804 0.3804 0.3759 0.4749 0.4703 0.4472 0.3899 0.3806 0.3644 0.3551 0.3506 0.3343 0.325 0.3181 0.3066 0.2972 0.2927 0.2833 0.2741 0.2672 0.2579 0.2996 0.332 0.3089 0.332 0.3829 0.3966 0.3758 0.3689 0.3642 0.3504 0.3366 0.332 0.3204 0.3089 0.3043 0.2951 0.2836 0.2789 0.2697 0.272 0.3458 0.3158 0.3158 0.3966 0.362
0.246 0.4957 1.0 0.4818 0.4796 0.468 0.4541 0.4496 0.438 0.4242 0.4173 0.4104 0.3989 0.392 0.3873 0.3759 0.3804 0.3804 0.3759 0.4749 0.4703 0.4472 0.521 0.3806 0.3644 0.3551 0.3506 0.3343 0.325 0.3181 0.3066 0.2972 0.2927 0.2833 0.2741 0.2672 0.2579 0.2996 0.332 0.3089 0.332 0.3829 0.3528 0.3758 0.3689 0.3642 0.3504 0.3366 0.332 0.3204 0.3089 0.3043 0.2951 0.2836 0.2789 0.2697 0.272 0.3458 0.3158 0.3158 0.3966 0.362 0.3412
0.038 0.5371 1.0 0.4796 0.468 0.4541 0.4496 0.438 0.4242 0.4173 0.4104 0.3989 0.392 0.3873 0.3759 0.3804 0.3804 0.3759 0.4749 0.4703 0.4472 0.521 0.5324 0.3644 0.3551 0.3506 0.3343 0.325 0.3181 0.3066 0.2972 0.2927 0.2833 0.2741 0.2672 0.2579 0.2996 0.332 0.3089 0.332 0.3829 0.3528 0.3506 0.3689 0.3642 0.3504 0.3366 0.332 0.3204 0.3089 0.3043 0.2951 0.2836 0.2789 0.2697 0.272 0.3458 0.3158 0.3158 0.3966 0.362 0.3412 0.4242
0.1223 0.5762 1.0 0.468 0.4541 0.4496 0.438 0.4242 0.4173 0.4104 0.3989 0.392 0.3873 0.3759 0.3804 0.3804 0.3759 0.4749 0.4703 0.4472 0.521 0.5324 0.4957 0.3551 0.3506 0.3343 0.325 0.3181 0.3066 0.2972 0.2927 0.2833 0.2741 0.2672 0.2579 0.2996 0.332 0.3089 0.332 0.3829 0.3528 0.3506 0.4246 0.3642 0.3504 0.3366 0.332 0.3204 0.3089 0.3043 0.2951 0.2836 0.2789 0.2697 0.272 0.3458 0.3158 0.3158 0.3966 0.362 0.3412 0.4242 0.4012
0.138 0.5348 1.0 0.4541 0.4496 0.438 0.4242 0.4173 0.4104 0.3989 0.392 0.3873 0.3759 0.3804 0.3804 0.3759 0.4749 0.4703 0.4472 0.521 0.5324 0.4957 0.5371 0.3506 0.3343 0.325 0.3181 0.3066 0.2972 0.2927 0.2833 0.2741 0.2672 0.2579 0.2996 0.332 0.3089 0.332 0.3829 0.3528 0.3506 0.4246 0.3921 0.3504 0.3366 0.332 0.3204 0.3089 0.3043 0.2951 0.2836 0.2789 0.2697 0.272 0.3458 0.3158 0.3158 0.3966 0.362 0.3412 0.4242 0.4012 0.3712
0.1303 0.5417 1.0 0.4496 0.438 0.4242 0.4173 0.4104 0.3989 0.392 0.3873 0.3759 0.3804 0.3804 0.3759 0.4749 0.4703 0.4472 0.521 0.5324 0.4957 0.5371 0.5762 0.3343 0.325 0.3181 0.3066 0.2972 0.2927 0.2833 0.2741 0.2672 0.2579 0.2996 0.332 0.3089 0.332 0.3829 0.3528 0.3506 0.4246 0.3921 0.369 0.3366 0.332 0.3204 0.3089 0.3043 0.2951 0.2836 0.2789 0.2697 0.272 0.3458 0.3158 0.3158 0.3966 0.362 0.3412 0.4242 0.4012 0.3712 0.4311
0.138 0.6154 1.0 0.438 0.4242 0.4173 0.4104 0.3989 0.392 0.3873 0.3759 0.3804 0.3804 0.3759 0.4749 0.4703 0.4472 0.521 0.5324 0.4957 0.5371 0.5762 0.5348 0.325 0.3181 0.3066 0.2972 0.2927 0.2833 0.2741 0.2672 0.2579 0.2996 0.332 0.3089 0.332 0.3829 0.3528 0.3506 0.4246 0.3921 0.369 0.4431 0.332 0.3204 0.3089 0.3043 0.2951 0.2836 0.2789 0.2697 0.272 0.3458 0.3158 0.3158 0.3966 0.362 0.3412 0.4242 0.4012 0.3712 0.4311 0.4358
0.023 0.5739 1.0 0.4242 0.4173 0.4104 0.3989 0.392 0.3873 0.3759 0.3804 0.3804 0.3759 0.4749 0.4703 0.4472 0.521 0.5324 0.4957 0.5371 0.5762 0.5348 0.5417 0.3181 0.3066 0.2972 0.2927 0.2833 0.2741 0.2672 0.2579 0.2996 0.332 0.3089 0.332 0.3829 0.3528 0.3506 0.4246 0.3921 0.369 0.4431 0.4316 0.3204 0.3089 0.3043 0.2951 0.2836 0.2789 0.2697 0.272 0.3458 0.3158 0.3158 0.3966 0.362 0.3412 0.4242 0.4012 0.3712 0.4311 0.4358 0.3989
0.2457 0.5509 1.0 0.4173 0.4104 0.3989 0.392 0.3873 0.3759 0.3804 0.3804 0.3759 0.4749 0.4703 0.4472 0.521 0.5324 0.4957 0.5371 0.5762 0.5348 0.5417 0.6154 0.3066 0.2972 0.2927 0.2833 0.2741 0.2672 0.2579 0.2996 0.332 0.3089 0.332 0.3829 0.3528 0.3506 0.4246 0.3921 0.369 0.4431 0.4316 0.4014 0.3089 0.3043 0.2951 0.2836 0.2789 0.2697 0.272 0.3458 0.3158 0.3158 0.3966 0.362 0.3412 0.4242 0.4012 0.3712 0.4311 0.4358 0.3989 0.4266
0.1383 0.6316 1.0 0.4104 0.3989 0.392 0.3873 0.3759 0.3804 0.3804 0.3759 0.4749 0.4703 0.4472 0.521 0.5324 0.4957 0.5371 0.5762 0.5348 0.5417 0.6154 0.5739 0.2972 0.2927 0.2833 0.2741 0.2672 0.2579 0.2996 0.332 0.3089 0.332 0.3829 0.3528 0.3506 0.4246 0.3921 0.369 0.4431 0.4316 0.4014 0.4523 0.3043 0.2951 0.2836 0.2789 0.2697 0.272 0.3458 0.3158 0.3158 0.3966 0.362 0.3412 0.4242 0.4012 0.3712 0.4311 0.4358 0.3989 0.4266 0.4727
0.0767 0.6062 1.0 0.3989 0.392 0.3873 0.3759 0.3804 0.3804 0.3759 0.4749 0.4703 0.4472 0.521 0.5324 0.4957 0.5371 0.5762 0.5348 0.5417 0.6154 0.5739 0.5509 0.2927 0.2833 0.2741 0.2672 0.2579 0.2996 0.332 0.3089 0.332 0.3829 0.3528 0.3506 0.4246 0.3921 0.369 0.4431 0.4316 0.4014 0.4523 0.4778 0.2951 0.2836 0.2789 0.2697 0.272 0.3458 0.3158 0.3158 0.3966 0.362 0.3412 0.4242 0.4012 0.3712 0.4311 0.4358 0.3989 0.4266 0.4727 0.4334
0.269 0.5762 1.0 0.392 0.3873 0.3759 0.3804 0.3804 0.3759 0.4749 0.4703 0.4472 0.521 0.5324 0.4957 0.5371 0.5762 0.5348 0.5417 0.6154 0.5739 0.5509 0.6316 0.2833 0.2741 0.2672 0.2579 0.2996 0.332 0.3089 0.332 0.3829 0.3528 0.3506 0.4246 0.3921 0.369 0.4431 0.4316 0.4014 0.4523 0.4778 0.4431 0.2836 0.2789 0.2697 0.272 0.3458 0.3158 0.3158 0.3966 0.362 0.3412 0.4242 0.4012 0.3712 0.4311 0.4358 0.3989 0.4266 0.4727 0.4334 0.4266
0.0847 0.6084 1.0 0.3873 0.3759 0.3804 0.3804 0.3759 0.4749 0.4703 0.4472 0.521 0.5324 0.4957 0.5371 0.5762 0.5348 0.5417 0.6154 0.5739 0.5509 0.6316 0.6062 0.2741 0.2672 0.2579 0.2996 0.332 0.3089 0.332 0.3829 0.3528 0.3506 0.4246 0.3921 0.369 0.4431 0.4316 0.4014 0.4523 0.4778 0.4431 0.457 0.2789 0.2697 0.272 0.3458 0.3158 0.3158 0.3966 0.362 0.3412 0.4242 0.4012 0.3712 0.4311 0.4358 0.3989 0.4266 0.4727 0.4334 0.4266 0.4958
0.1 0.6316 1.0 0.3759 0.3804 0.3804 0.3759 0.4749 0.4703 0.4472 0.521 0.5324 0.4957 0.5371 0.5762 0.5348 0.5417 0.6154 0.5739 0.5509 0.6316 0.6062 0.5762 0.2672 0.2579 0.2996 0.332 0.3089 0.332 0.3829 0.3528 0.3506 0.4246 0.3921 0.369 0.4431 0.4316 0.4014 0.4523 0.4778 0.4431 0.457 0.5079 0.2697 0.272 0.3458 0.3158 0.3158 0.3966 0.362 0.3412 0.4242 0.4012 0.3712 0.4311 0.4358 0.3989 0.4266 0.4727 0.4334 0.4266 0.4958 0.4658
0.1073 0.5992 1.0 0.3804 0.3804 0.3759 0.4749 0.4703 0.4472 0.521 0.5324 0.4957 0.5371 0.5762 0.5348 0.5417 0.6154 0.5739 0.5509 0.6316 0.6062 0.5762 0.6084 0.2579 0.2996 0.332 0.3089 0.332 0.3829 0.3528 0.3506 0.4246 0.3921 0.369 0.4431 0.4316 0.4014 0.4523 0.4778 0.4431 0.457 0.5079 0.4778 0.272 0.3458 0.3158 0.3158 0.3966 0.362 0.3412 0.4242 0.4012 0.3712 0.4311 0.4358 0.3989 0.4266 0.4727 0.4334 0.4266 0.4958 0.4658 0.4496
0.0773 0.6016 1.0 0.3804 0.3759 0.4749 0.4703 0.4472 0.521 0.5324 0.4957 0.5371 0.5762 0.5348 0.5417 0.6154 0.5739 0.5509 0.6316 0.6062 0.5762 0.6084 0.6316 0.2996 0.332 0.3089 0.332 0.3829 0.3528 0.3506 0.4246 0.3921 0.369 0.4431 0.4316 0.4014 0.4523 0.4778 0.4431 0.457 0.5079 0.4778 0.4686 0.3458 0.3158 0.3158 0.3966 0.362 0.3412 0.4242 0.4012 0.3712 0.4311 0.4358 0.3989 0.4266 0.4727 0.4334 0.4266 0.4958 0.4658 0.4496 0.4819
0.108 0.6453 1.0 0.3759 0.4749 0.4703 0.4472 0.521 0.5324 0.4957 0.5371 0.5762 0.5348 0.5417 0.6154 0.5739 0.5509 0.6316 0.6062 0.5762 0.6084 0.6316 0.5992 0.332 0.3089 0.332 0.3829 0.3528 0.3506 0.4246 0.3921 0.369 0.4431 0.4316 0.4014 0.4523 0.4778 0.4431 0.457 0.5079 0.4778 0.4686 0.5264 0.3158 0.3158 0.3966 0.362 0.3412 0.4242 0.4012 0.3712 0.4311 0.4358 0.3989 0.4266 0.4727 0.4334 0.4266 0.4958 0.4658 0.4496 0.4819 0.4911
0.008 0.6384 1.0 0.4749 0.4703 0.4472 0.521 0.5324 0.4957 0.5371 0.5762 0.5348 0.5417 0.6154 0.5739 0.5509 0.6316 0.6062 0.5762 0.6084 0.6316 0.5992 0.6016 0.3089 0.332 0.3829 0.3528 0.3506 0.4246 0.3921 0.369 0.4431 0.4316 0.4014 0.4523 0.4778 0.4431 0.457 0.5079 0.4778 0.4686 0.5264 0.5126 0.3158 0.3966 0.362 0.3412 0.4242 0.4012 0.3712 0.4311 0.4358 0.3989 0.4266 0.4727 0.4334 0.4266 0.4958 0.4658 0.4496 0.4819 0.4911 0.475
0.1457 0.6361 1.0 0.4703 0.4472 0.521 0.5324 0.4957 0.5371 0.5762 0.5348 0.5417 0.6154 0.5739 0.5509 0.6316 0.6062 0.5762 0.6084 0.6316 0.5992 0.6016 0.6453 0.332 0.3829 0.3528 0.3506 0.4246 0.3921 0.369 0.4431 0.4316 0.4014 0.4523 0.4778 0.4431 0.457 0.5079 0.4778 0.4686 0.5264 0.5126 0.494 0.3966 0.362 0.3412 0.4242 0.4012 0.3712 0.4311 0.4358 0.3989 0.4266 0.4727 0.4334 0.4266 0.4958 0.4658 0.4496 0.4819 0.4911 0.475 0.4934
0.023 0.6753 1.0 0.4472 0.521 0.5324 0.4957 0.5371 0.5762 0.5348 0.5417 0.6154 0.5739 0.5509 0.6316 0.6062 0.5762 0.6084 0.6316 0.5992 0.6016 0.6453 0.6384 0.3829 0.3528 0.3506 0.4246 0.3921 0.369 0.4431 0.4316 0.4014 0.4523 0.4778 0.4431 0.457 0.5079 0.4778 0.4686 0.5264 0.5126 0.494 0.5194 0.362 0.3412 0.4242 0.4012 0.3712 0.4311 0.4358 0.3989 0.4266 0.4727 0.4334 0.4266 0.4958 0.4658 0.4496 0.4819 0.4911 0.475 0.4934 0.5303
0.0077 0.7007 1.0 0.521 0.5324 0.4957 0.5371 0.5762 0.5348 0.5417 0.6154 0.5739 0.5509 0.6316 0.6062 0.5762 0.6084 0.6316 0.5992 0.6016 0.6453 0.6384 0.6361 0.3528 0.3506 0.4246 0.3921 0.369 0.4431 0.4316 0.4014 0.4523 0.4778 0.4431 0.457 0.5079 0.4778 0.4686 0.5264 0.5126 0.494 0.5194 0.575 0.3412 0.4242 0.4012 0.3712 0.4311 0.4358 0.3989 0.4266 0.4727 0.4334 0.4266 0.4958 0.4658 0.4496 0.4819 0.4911 0.475 0.4934 0.5303 0.5096
0.1307 0.6776 1.0 0.5324 0.4957 0.5371 0.5762 0.5348 0.5417 0.6154 0.5739 0.5509 0.6316 0.6062 0.5762 0.6084 0.6316 0.5992 0.6016 0.6453 0.6384 0.6361 0.6753 0.3506 0.4246 0.3921 0.369 0.4431 0.4316 0.4014 0.4523 0.4778 0.4431 0.457 0.5079 0.4778 0.4686 0.5264 0.5126 0.494 0.5194 0.575 0.5426 0.4242 0.4012 0.3712 0.4311 0.4358 0.3989 0.4266 0.4727 0.4334 0.4266 0.4958 0.4658 0.4496 0.4819 0.4911 0.475 0.4934 0.5303 0.5096 0.5166
0.0847 0.6844 1.0 0.4957 0.5371 0.5762 0.5348 0.5417 0.6154 0.5739 0.5509 0.6316 0.6062 0.5762 0.6084 0.6316 0.5992 0.6016 0.6453 0.6384 0.6361 0.6753 0.7007 0.4246 0.3921 0.369 0.4431 0.4316 0.4014 0.4523 0.4778 0.4431 0.457 0.5079 0.4778 0.4686 0.5264 0.5126 0.494 0.5194 0.575 0.5426 0.5426 0.4012 0.3712 0.4311 0.4358 0.3989 0.4266 0.4727 0.4334 0.4266 0.4958 0.4658 0.4496 0.4819 0.4911 0.475 0.4934 0.5303 0.5096 0.5166 0.5627
0.077 0.7513 1.0 0.5371 0.5762 0.5348 0.5417 0.6154 0.5739 0.5509 0.6316 0.6062 0.5762 0.6084 0.6316 0.5992 0.6016 0.6453 0.6384 0.6361 0.6753 0.7007 0.6776 0.3921 0.369 0.4431 0.4316 0.4014 0.4523 0.4778 0.4431 0.457 0.5079 0.4778 0.4686 0.5264 0.5126 0.494 0.5194 0.575 0.5426 0.5426 0.5959 0.3712 0.4311 0.4358 0.3989 0.4266 0.4727 0.4334 0.4266 0.4958 0.4658 0.4496 0.4819 0.4911 0.475 0.4934 0.5303 0.5096 0.5166 0.5627 0.5764
0.0227 0.7168 1.0 0.5762 0.5348 0.5417 0.6154 0.5739 0.5509 0.6316 0.6062 0.5762 0.6084 0.6316 0.5992 0.6016 0.6453 0.6384 0.6361 0.6753 0.7007 0.6776 0.6844 0.369 0.4431 0.4316 0.4014 0.4523 0.4778 0.4431 0.457 0.5079 0.4778 0.4686 0.5264 0.5126 0.494 0.5194 0.575 0.5426 0.5426 0.5959 0.5866 0.4311 0.4358 0.3989 0.4266 0.4727 0.4334 0.4266 0.4958 0.4658 0.4496 0.4819 0.4911 0.475 0.4934 0.5303 0.5096 0.5166 0.5627 0.5764 0.5557
0.223 0.7076 1.0 0.5348 0.5417 0.6154 0.5739 0.5509 0.6316 0.6062 0.5762 0.6084 0.6316 0.5992 0.6016 0.6453 0.6384 0.6361 0.6753 0.7007 0.6776 0.6844 0.7513 0.4431 0.4316 0.4014 0.4523 0.4778 0.4431 0.457 0.5079 0.4778 0.4686 0.5264 0.5126 0.494 0.5194 0.575 0.5426 0.5426 0.5959 0.5866 0.575 0.4358 0.3989 0.4266 0.4727 0.4334 0.4266 0.4958 0.4658 0.4496 0.4819 0.4911 0.475 0.4934 0.5303 0.5096 0.5166 0.5627 0.5764 0.5557 0.5811
0.115 0.7698 1.0 0.5417 0.6154 0.5739 0.5509 0.6316 0.6062 0.5762 0.6084 0.6316 0.5992 0.6016 0.6453 0.6384 0.6361 0.6753 0.7007 0.6776 0.6844 0.7513 0.7168 0.4316 0.4014 0.4523 0.4778 0.4431 0.457 0.5079 0.4778 0.4686 0.5264 0.5126 0.494 0.5194 0.575 0.5426 0.5426 0.5959 0.5866 0.575 0.6028 0.3989 0.4266 0.4727 0.4334 0.4266 0.4958 0.4658 0.4496 0.4819 0.4911 0.475 0.4934 0.5303 0.5096 0.5166 0.5627 0.5764 0.5557 0.5811 0.6226
0.0307 0.7352 1.0 0.6154 0.5739 0.5509 0.6316 0.6062 0.5762 0.6084 0.6316 0.5992 0.6016 0.6453 0.6384 0.6361 0.6753 0.7007 0.6776 0.6844 0.7513 0.7168 0.7076 0.4014 0.4523 0.4778 0.4431 0.457 0.5079 0.4778 0.4686 0.5264 0.5126 0.494 0.5194 0.575 0.5426 0.5426 0.5959 0.5866 0.575 0.6028 0.612 0.4266 0.4727 0.4334 0.4266 0.4958 0.4658 0.4496 0.4819 0.4911 0.475 0.4934 0.5303 0.5096 0.5166 0.5627 0.5764 0.5557 0.5811 0.6226 0.5857
0.2073 0.7168 1.0 0.5739 0.5509 0.6316 0.6062 0.5762 0.6084 0.6316 0.5992 0.6016 0.6453 0.6384 0.6361 0.6753 0.7007 0.6776 0.6844 0.7513 0.7168 0.7076 0.7698 0.4523 0.4778 0.4431 0.457 0.5079 0.4778 0.4686 0.5264 0.5126 0.494 0.5194 0.575 0.5426 0.5426 0.5959 0.5866 0.575 0.6028 0.612 0.5889 0.4727 0.4334 0.4266 0.4958 0.4658 0.4496 0.4819 0.4911 0.475 0.4934 0.5303 0.5096 0.5166 0.5627 0.5764 0.5557 0.5811 0.6226 0.5857 0.5949
0.1153 0.7743 1.0 0.5509 0.6316 0.6062 0.5762 0.6084 0.6316 0.5992 0.6016 0.6453 0.6384 0.6361 0.6753 0.7007 0.6776 0.6844 0.7513 0.7168 0.7076 0.7698 0.7352 0.4778 0.4431 0.457 0.5079 0.4778 0.4686 0.5264 0.5126 0.494 0.5194 0.575 0.5426 0.5426 0.5959 0.5866 0.575 0.6028 0.612 0.5889 0.6028 0.4334 0.4266 0.4958 0.4658 0.4496 0.4819 0.4911 0.475 0.4934 0.5303 0.5096 0.5166 0.5627 0.5764 0.5557 0.5811 0.6226 0.5857 0.5949 0.648
0.0613 0.7559 1.0 0.6316 0.6062 0.5762 0.6084 0.6316 0.5992 0.6016 0.6453 0.6384 0.6361 0.6753 0.7007 0.6776 0.6844 0.7513 0.7168 0.7076 0.7698 0.7352 0.7168 0.4431 0.457 0.5079 0.4778 0.4686 0.5264 0.5126 0.494 0.5194 0.575 0.5426 0.5426 0.5959 0.5866 0.575 0.6028 0.612 0.5889 0.6028 0.6259 0.4266 0.4958 0.4658 0.4496 0.4819 0.4911 0.475 0.4934 0.5303 0.5096 0.5166 0.5627 0.5764 0.5557 0.5811 0.6226 0.5857 0.5949 0.648 0.6041
0.1917 0.7352 1.0 0.6062 0.5762 0.6084 0.6316 0.5992 0.6016 0.6453 0.6384 0.6361 0.6753 0.7007 0.6776 0.6844 0.7513 0.7168 0.7076 0.7698 0.7352 0.7168 0.7743 0.457 0.5079 0.4778 0.4686 0.5264 0.5126 0.494 0.5194 0.575 0.5426 0.5426 0.5959 0.5866 0.575 0.6028 0.612 0.5889 0.6028 0.6259 0.6004 0.4958 0.4658 0.4496 0.4819 0.4911 0.475 0.4934 0.5303 0.5096 0.5166 0.5627 0.5764 0.5557 0.5811 0.6226 0.5857 0.5949 0.648 0.6041 0.5996
0.0613 0.7928 1.0 0.5762 0.6084 0.6316 0.5992 0.6016 0.6453 0.6384 0.6361 0.6753 0.7007 0.6776 0.6844 0.7513 0.7168 0.7076 0.7698 0.7352 0.7168 0.7743 0.7559 0.5079 0.4778 0.4686 0.5264 0.5126 0.494 0.5194 0.575 0.5426 0.5426 0.5959 0.5866 0.575 0.6028 0.612 0.5889 0.6028 0.6259 0.6004 0.6098 0.4658 0.4496 0.4819 0.4911 0.475 0.4934 0.5303 0.5096 0.5166 0.5627 0.5764 0.5557 0.5811 0.6226 0.5857 0.5949 0.648 0.6041 0.5996 0.6526
0.069 0.7836 1.0 0.6084 0.6316 0.5992 0.6016 0.6453 0.6384 0.6361 0.6753 0.7007 0.6776 0.6844 0.7513 0.7168 0.7076 0.7698 0.7352 0.7168 0.7743 0.7559 0.7352 0.4778 0.4686 0.5264 0.5126 0.494 0.5194 0.575 0.5426 0.5426 0.5959 0.5866 0.575 0.6028 0.612 0.5889 0.6028 0.6259 0.6004 0.6098 0.6491 0.4496 0.4819 0.4911 0.475 0.4934 0.5303 0.5096 0.5166 0.5627 0.5764 0.5557 0.5811 0.6226 0.5857 0.5949 0.648 0.6041 0.5996 0.6526 0.6133
0.192 0.7559 1.0 0.6316 0.5992 0.6016 0.6453 0.6384 0.6361 0.6753 0.7007 0.6776 0.6844 0.7513 0.7168 0.7076 0.7698 0.7352 0.7168 0.7743 0.7559 0.7352 0.7928 0.4686 0.5264 0.5126 0.494 0.5194 0.575 0.5426 0.5426 0.5959 0.5866 0.575 0.6028 0.612 0.5889 0.6028 0.6259 0.6004 0.6098 0.6491 0.6213 0.4819 0.4911 0.475 0.4934 0.5303 0.5096 0.5166 0.5627 0.5764 0.5557 0.5811 0.6226 0.5857 0.5949 0.648 0.6041 0.5996 0.6526 0.6133 0.5972
0.0307 0.7997 1.0 0.5992 0.6016 0.6453 0.6384 0.6361 0.6753 0.7007 0.6776 0.6844 0.7513 0.7168 0.7076 0.7698 0.7352 0.7168 0.7743 0.7559 0.7352 0.7928 0.7836 0.5264 0.5126 0.494 0.5194 0.575 0.5426 0.5426 0.5959 0.5866 0.575 0.6028 0.612 0.5889 0.6028 0.6259 0.6004 0.6098 0.6491 0.6213 0.6236 0.4911 0.475 0.4934 0.5303 0.5096 0.5166 0.5627 0.5764 0.5557 0.5811 0.6226 0.5857 0.5949 0.648 0.6041 0.5996 0.6526 0.6133 0.5972 0.6641
0.0923 0.8042 1.0 0.6016 0.6453 0.6384 0.6361 0.6753 0.7007 0.6776 0.6844 0.7513 0.7168 0.7076 0.7698 0.7352 0.7168 0.7743 0.7559 0.7352 0.7928 0.7836 0.7559 0.5126 0.494 0.5194 0.575 0.5426 0.5426 0.5959 0.5866 0.575 0.6028 0.612 0.5889 0.6028 0.6259 0.6004 0.6098 0.6491 0.6213 0.6236 0.6746 0.475 0.4934 0.5303 0.5096 0.5166 0.5627 0.5764 0.5557 0.5811 0.6226 0.5857 0.5949 0.648 0.6041 0.5996 0.6526 0.6133 0.5972 0.6641 0.6319
0.146 0.7674 1.0 0.6453 0.6384 0.6361 0.6753 0.7007 0.6776 0.6844 0.7513 0.7168 0.7076 0.7698 0.7352 0.7168 0.7743 0.7559 0.7352 0.7928 0.7836 0.7559 0.7997 0.494 0.5194 0.575 0.5426 0.5426 0.5959 0.5866 0.575 0.6028 0.612 0.5889 0.6028 0.6259 0.6004 0.6098 0.6491 0.6213 0.6236 0.6746 0.6421 0.4934 0.5303 0.5096 0.5166 0.5627 0.5764 0.5557 0.5811 0.6226 0.5857 0.5949 0.648 0.6041 0.5996 0.6526 0.6133 0.5972 0.6641 0.6319 0.6157
0.015 0.7951 1.0 0.6384 0.6361 0.6753 0.7007 0.6776 0.6844 0.7513 0.7168 0.7076 0.7698 0.7352 0.7168 0.7743 0.7559 0.7352 0.7928 0.7836 0.7559 0.7997 0.8042 0.5194 0.575 0.5426 0.5426 0.5959 0.5866 0.575 0.6028 0.612 0.5889 0.6028 0.6259 0.6004 0.6098 0.6491 0.6213 0.6236 0.6746 0.6421 0.6329 0.5303 0.5096 0.5166 0.5627 0.5764 0.5557 0.5811 0.6226 0.5857 0.5949 0.648 0.6041 0.5996 0.6526 0.6133 0.5972 0.6641 0.6319 0.6157 0.6826
0.1227 0.825 1.0 0.6361 0.6753 0.7007 0.6776 0.6844 0.7513 0.7168 0.7076 0.7698 0.7352 0.7168 0.7743 0.7559 0.7352 0.7928 0.7836 0.7559 0.7997 0.8042 0.7674 0.575 0.5426 0.5426 0.5959 0.5866 0.575 0.6028 0.612 0.5889 0.6028 0.6259 0.6004 0.6098 0.6491 0.6213 0.6236 0.6746 0.6421 0.6329 0.6884 0.5096 0.5166 0.5627 0.5764 0.5557 0.5811 0.6226 0.5857 0.5949 0.648 0.6041 0.5996 0.6526 0.6133 0.5972 0.6641 0.6319 0.6157 0.6826 0.6641
0.0923 0.7812 1.0 0.6753 0.7007 0.6776 0.6844 0.7513 0.7168 0.7076 0.7698 0.7352 0.7168 0.7743 0.7559 0.7352 0.7928 0.7836 0.7559 0.7997 0.8042 0.7674 0.7951 0.5426 0.5426 0.5959 0.5866 0.575 0.6028 0.612 0.5889 0.6028 0.6259 0.6004 0.6098 0.6491 0.6213 0.6236 0.6746 0.6421 0.6329 0.6884 0.656 0.5166 0.5627 0.5764 0.5557 0.5811 0.6226 0.5857 0.5949 0.648 0.6041 0.5996 0.6526 0.6133 0.5972 0.6641 0.6319 0.6157 0.6826 0.6641 0.6388
0.0997 0.7951 1.0 0.7007 0.6776 0.6844 0.7513 0.7168 0.7076 0.7698 0.7352 0.7168 0.7743 0.7559 0.7352 0.7928 0.7836 0.7559 0.7997 0.8042 0.7674 0.7951 0.825 0.5426 0.5959 0.5866 0.575 0.6028 0.612 0.5889 0.6028 0.6259 0.6004 0.6098 0.6491 0.6213 0.6236 0.6746 0.6421 0.6329 0.6884 0.656 0.6421 0.5627 0.5764 0.5557 0.5811 0.6226 0.5857 0.5949 0.648 0.6041 0.5996 0.6526 0.6133 0.5972 0.6641 0.6319 0.6157 0.6826 0.6641 0.6388 0.6941
0.146 0.8503 1.0 0.6776 0.6844 0.7513 0.7168 0.7076 0.7698 0.7352 0.7168 0.7743 0.7559 0.7352 0.7928 0.7836 0.7559 0.7997 0.8042 0.7674 0.7951 0.825 0.7812 0.5959 0.5866 0.575 0.6028 0.612 0.5889 0.6028 0.6259 0.6004 0.6098 0.6491 0.6213 0.6236 0.6746 0.6421 0.6329 0.6884 0.656 0.6421 0.7 0.5764 0.5557 0.5811 0.6226 0.5857 0.5949 0.648 0.6041 0.5996 0.6526 0.6133 0.5972 0.6641 0.6319 0.6157 0.6826 0.6641 0.6388 0.6941 0.6872
0.0463 0.7997 1.0 0.6844 0.7513 0.7168 0.7076 0.7698 0.7352 0.7168 0.7743 0.7559 0.7352 0.7928 0.7836 0.7559 0.7997 0.8042 0.7674 0.7951 0.825 0.7812 0.7951 0.5866 0.575 0.6028 0.612 0.5889 0.6028 0.6259 0.6004 0.6098 0.6491 0.6213 0.6236 0.6746 0.6421 0.6329 0.6884 0.656 0.6421 0.7 0.6791 0.5557 0.5811 0.6226 0.5857 0.5949 0.648 0.6041 0.5996 0.6526 0.6133 0.5972 0.6641 0.6319 0.6157 0.6826 0.6641 0.6388 0.6941 0.6872 0.648
0.184 0.7836 1.0 0.7513 0.7168 0.7076 0.7698 0.7352 0.7168 0.7743 0.7559 0.7352 0.7928 0.7836 0.7559 0.7997 0.8042 0.7674 0.7951 0.825 0.7812 0.7951 0.8503 0.575 0.6028 0.612 0.5889 0.6028 0.6259 0.6004 0.6098 0.6491 0.6213 0.6236 0.6746 0.6421 0.6329 0.6884 0.656 0.6421 0.7 0.6791 0.656 0.5811 0.6226 0.5857 0.5949 0.648 0.6041 0.5996 0.6526 0.6133 0.5972 0.6641 0.6319 0.6157 0.6826 0.6641 0.6388 0.6941 0.6872 0.648 0.6826
0.1687 0.8596 1.0 0.7168 0.7076 0.7698 0.7352 0.7168 0.7743 0.7559 0.7352 0.7928 0.7836 0.7559 0.7997 0.8042 0.7674 0.7951 0.825 0.7812 0.7951 0.8503 0.7997 0.6028 0.612 0.5889 0.6028 0.6259 0.6004 0.6098 0.6491 0.6213 0.6236 0.6746 0.6421 0.6329 0.6884 0.656 0.6421 0.7 0.6791 0.656 0.7069 0.6226 0.5857 0.5949 0.648 0.6041 0.5996 0.6526 0.6133 0.5972 0.6641 0.6319 0.6157 0.6826 0.6641 0.6388 0.6941 0.6872 0.648 0.6826 0.7033
0.0537 0.8066 1.0 0.7076 0.7698 0.7352 0.7168 0.7743 0.7559 0.7352 0.7928 0.7836 0.7559 0.7997 0.8042 0.7674 0.7951 0.825 0.7812 0.7951 0.8503 0.7997 0.7836 0.612 0.5889 0.6028 0.6259 0.6004 0.6098 0.6491 0.6213 0.6236 0.6746 0.6421 0.6329 0.6884 0.656 0.6421 0.7 0.6791 0.656 0.7069 0.6977 0.5857 0.5949 0.648 0.6041 0.5996 0.6526 0.6133 0.5972 0.6641 0.6319 0.6157 0.6826 0.6641 0.6388 0.6941 0.6872 0.648 0.6826 0.7033 0.6596
0.2533 0.7743 1.0 0.7698 0.7352 0.7168 0.7743 0.7559 0.7352 0.7928 0.7836 0.7559 0.7997 0.8042 0.7674 0.7951 0.825 0.7812 0.7951 0.8503 0.7997 0.7836 0.8596 0.5889 0.6028 0.6259 0.6004 0.6098 0.6491 0.6213 0.6236 0.6746 0.6421 0.6329 0.6884 0.656 0.6421 0.7 0.6791 0.656 0.7069 0.6977 0.663 0.5949 0.648 0.6041 0.5996 0.6526 0.6133 0.5972 0.6641 0.6319 0.6157 0.6826 0.6641 0.6388 0.6941 0.6872 0.648 0.6826 0.7033 0.6596 0.671
0.1767 0.8411 1.0 0.7352 0.7168 0.7743 0.7559 0.7352 0.7928 0.7836 0.7559 0.7997 0.8042 0.7674 0.7951 0.825 0.7812 0.7951 0.8503 0.7997 0.7836 0.8596 0.8066 0.6028 0.6259 0.6004 0.6098 0.6491 0.6213 0.6236 0.6746 0.6421 0.6329 0.6884 0.656 0.6421 0.7 0.6791 0.656 0.7069 0.6977 0.663 0.693 0.648 0.6041 0.5996 0.6526 0.6133 0.5972 0.6641 0.6319 0.6157 0.6826 0.6641 0.6388 0.6941 0.6872 0.648 0.6826 0.7033 0.6596 0.671 0.7194
0.1077 0.8112 1.0 0.7168 0.7743 0.7559 0.7352 0.7928 0.7836 0.7559 0.7997 0.8042 0.7674 0.7951 0.825 0.7812 0.7951 0.8503 0.7997 0.7836 0.8596 0.8066 0.7743 0.6259 0.6004 0.6098 0.6491 0.6213 0.6236 0.6746 0.6421 0.6329 0.6884 0.656 0.6421 0.7 0.6791 0.656 0.7069 0.6977 0.663 0.693 0.7116 0.6041 0.5996 0.6526 0.6133 0.5972 0.6641 0.6319 0.6157 0.6826 0.6641 0.6388 0.6941 0.6872 0.648 0.6826 0.7033 0.6596 0.671 0.7194 0.6641
0.2227 0.7674 1.0 0.7743 0.7559 0.7352 0.7928 0.7836 0.7559 0.7997 0.8042 0.7674 0.7951 0.825 0.7812 0.7951 0.8503 0.7997 0.7836 0.8596 0.8066 0.7743 0.8411 0.6004 0.6098 0.6491 0.6213 0.6236 0.6746 0.6421 0.6329 0.6884 0.656 0.6421 0.7 0.6791 0.656 0.7069 0.6977 0.663 0.693 0.7116 0.6652 0.5996 0.6526 0.6133 0.5972 0.6641 0.6319 0.6157 0.6826 0.6641 0.6388 0.6941 0.6872 0.648 0.6826 0.7033 0.6596 0.671 0.7194 0.6641 0.648
0.0997 0.8134 1.0 0.7559 0.7352 0.7928 0.7836 0.7559 0.7997 0.8042 0.7674 0.7951 0.825 0.7812 0.7951 0.8503 0.7997 0.7836 0.8596 0.8066 0.7743 0.8411 0.8112 0.6098 0.6491 0.6213 0.6236 0.6746 0.6421 0.6329 0.6884 0.656 0.6421 0.7 0.6791 0.656 0.7069 0.6977 0.663 0.693 0.7116 0.6652 0.6722 0.6526 0.6133 0.5972 0.6641 0.6319 0.6157 0.6826 0.6641 0.6388 0.6941 0.6872 0.648 0.6826 0.7033 0.6596 0.671 0.7194 0.6641 0.648 0.7126
0.146 0.8134 1.0 0.7352 0.7928 0.7836 0.7559 0.7997 0.8042 0.7674 0.7951 0.825 0.7812 0.7951 0.8503 0.7997 0.7836 0.8596 0.8066 0.7743 0.8411 0.8112 0.7674 0.6491 0.6213 0.6236 0.6746 0.6421 0.6329 0.6884 0.656 0.6421 0.7 0.6791 0.656 0.7069 0.6977 0.663 0.693 0.7116 0.6652 0.6722 0.7162 0.6133 0.5972 0.6641 0.6319 0.6157 0.6826 0.6641 0.6388 0.6941 0.6872 0.648 0.6826 0.7033 0.6596 0.671 0.7194 0.6641 0.648 0.7126 0.6641
0.1533 0.7674 1.0 0.7928 0.7836 0.7559 0.7997 0.8042 0.7674 0.7951 0.825 0.7812 0.7951 0.8503 0.7997 0.7836 0.8596 0.8066 0.7743 0.8411 0.8112 0.7674 0.8134 0.6213 0.6236 0.6746 0.6421 0.6329 0.6884 0.656 0.6421 0.7 0.6791 0.656 0.7069 0.6977 0.663 0.693 0.7116 0.6652 0.6722 0.7162 0.6652 0.5972 0.6641 0.6319 0.6157 0.6826 0.6641 0.6388 0.6941 0.6872 0.648 0.6826 0.7033 0.6596 0.671 0.7194 0.6641 0.648 0.7126 0.6641 0.6272
0.0 0.7836 1.0 0.7836 0.7559 0.7997 0.8042 0.7674 0.7951 0.825 0.7812 0.7951 0.8503 0.7997 0.7836 0.8596 0.8066 0.7743 0.8411 0.8112 0.7674 0.8134 0.8134 0.6236 0.6746 0.6421 0.6329 0.6884 0.656 0.6421 0.7 0.6791 0.656 0.7069 0.6977 0.663 0.693 0.7116 0.6652 0.6722 0.7162 0.6652 0.6444 0.6641 0.6319 0.6157 0.6826 0.6641 0.6388 0.6941 0.6872 0.648 0.6826 0.7033 0.6596 0.671 0.7194 0.6641 0.648 0.7126 0.6641 0.6272 0.6918
0.1533 0.802 1.0 0.7559 0.7997 0.8042 0.7674 0.7951 0.825 0.7812 0.7951 0.8503 0.7997 0.7836 0.8596 0.8066 0.7743 0.8411 0.8112 0.7674 0.8134 0.8134 0.7674 0.6746 0.6421 0.6329 0.6884 0.656 0.6421 0.7 0.6791 0.656 0.7069 0.6977 0.663 0.693 0.7116 0.6652 0.6722 0.7162 0.6652 0.6444 0.7069 0.6319 0.6157 0.6826 0.6641 0.6388 0.6941 0.6872 0.648 0.6826 0.7033 0.6596 0.671 0.7194 0.6641 0.648 0.7126 0.6641 0.6272 0.6918 0.6596
0.054 0.7628 1.0 0.7997 0.8042 0.7674 0.7951 0.825 0.7812 0.7951 0.8503 0.7997 0.7836 0.8596 0.8066 0.7743 0.8411 0.8112 0.7674 0.8134 0.8134 0.7674 0.7836 0.6421 0.6329 0.6884 0.656 0.6421 0.7 0.6791 0.656 0.7069 0.6977 0.663 0.693 0.7116 0.6652 0.6722 0.7162 0.6652 0.6444 0.7069 0.6699 0.6157 0.6826 0.6641 0.6388 0.6941 0.6872 0.648 0.6826 0.7033 0.6596 0.671 0.7194 0.6641 0.648 0.7126 0.6641 0.6272 0.6918 0.6596 0.6249
0.0613 0.7352 1.0 0.8042 0.7674 0.7951 0.825 0.7812 0.7951 0.8503 0.7997 0.7836 0.8596 0.8066 0.7743 0.8411 0.8112 0.7674 0.8134 0.8134 0.7674 0.7836 0.802 0.6329 0.6884 0.656 0.6421 0.7 0.6791 0.656 0.7069 0.6977 0.663 0.693 0.7116 0.6652 0.6722 0.7162 0.6652 0.6444 0.7069 0.6699 0.6374 0.6826 0.6641 0.6388 0.6941 0.6872 0.648 0.6826 0.7033 0.6596 0.671 0.7194 0.6641 0.648 0.7126 0.6641 0.6272 0.6918 0.6596 0.6249 0.6503
0.1307 0.7881 1.0 0.7674 0.7951 0.825 0.7812 0.7951 0.8503 0.7997 0.7836 0.8596 0.8066 0.7743 0.8411 0.8112 0.7674 0.8134 0.8134 0.7674 0.7836 0.802 0.7628 0.6884 0.656 0.6421 0.7 0.6791 0.656 0.7069 0.6977 0.663 0.693 0.7116 0.6652 0.6722 0.7162 0.6652 0.6444 0.7069 0.6699 0.6374 0.6769 0.6641 0.6388 0.6941 0.6872 0.648 0.6826 0.7033 0.6596 0.671 0.7194 0.6641 0.648 0.7126 0.6641 0.6272 0.6918 0.6596 0.6249 0.6503 0.6572
0.092 0.7536 1.0 0.7951 0.825 0.7812 0.7951 0.8503 0.7997 0.7836 0.8596 0.8066 0.7743 0.8411 0.8112 0.7674 0.8134 0.8134 0.7674 0.7836 0.802 0.7628 0.7352 0.656 0.6421 0.7 0.6791 0.656 0.7069 0.6977 0.663 0.693 0.7116 0.6652 0.6722 0.7162 0.6652 0.6444 0.7069 0.6699 0.6374 0.6769 0.6722 0.6388 0.6941 0.6872 0.648 0.6826 0.7033 0.6596 0.671 0.7194 0.6641 0.648 0.7126 0.6641 0.6272 0.6918 0.6596 0.6249 0.6503 0.6572 0.6226
0.1763 0.726 1.0 0.825 0.7812 0.7951 0.8503 0.7997 0.7836 0.8596 0.8066 0.7743 0.8411 0.8112 0.7674 0.8134 0.8134 0.7674 0.7836 0.802 0.7628 0.7352 0.7881 0.6421 0.7 0.6791 0.656 0.7069 0.6977 0.663 0.693 0.7116 0.6652 0.6722 0.7162 0.6652 0.6444 0.7069 0.6699 0.6374 0.6769 0.6722 0.6398 0.6941 0.6872 0.648 0.6826 0.7033 0.6596 0.671 0.7194 0.6641 0.648 0.7126 0.6641 0.6272 0.6918 0.6596 0.6249 0.6503 0.6572 0.6226 0.6111
0.115 0.7007 1.0 0.7812 0.7951 0.8503 0.7997 0.7836 0.8596 0.8066 0.7743 0.8411 0.8112 0.7674 0.8134 0.8134 0.7674 0.7836 0.802 0.7628 0.7352 0.7881 0.7536 0.7 0.6791 0.656 0.7069 0.6977 0.663 0.693 0.7116 0.6652 0.6722 0.7162 0.6652 0.6444 0.7069 0.6699 0.6374 0.6769 0.6722 0.6398 0.6583 0.6872 0.648 0.6826 0.7033 0.6596 0.671 0.7194 0.6641 0.648 0.7126 0.6641 0.6272 0.6918 0.6596 0.6249 0.6503 0.6572 0.6226 0.6111 0.6433
0.092 0.6844 1.0 0.7951 0.8503 0.7997 0.7836 0.8596 0.8066 0.7743 0.8411 0.8112 0.7674 0.8134 0.8134 0.7674 0.7836 0.802 0.7628 0.7352 0.7881 0.7536 0.726 0.6791 0.656 0.7069 0.6977 0.663 0.693 0.7116 0.6652 0.6722 0.7162 0.6652 0.6444 0.7069 0.6699 0.6374 0.6769 0.6722 0.6398 0.6583 0.6652 0.648 0.6826 0.7033 0.6596 0.671 0.7194 0.6641 0.648 0.7126 0.6641 0.6272 0.6918 0.6596 0.6249 0.6503 0.6572 0.6226 0.6111 0.6433 0.618
0.0843 0.6707 1.0 0.8503 0.7997 0.7836 0.8596 0.8066 0.7743 0.8411 0.8112 0.7674 0.8134 0.8134 0.7674 0.7836 0.802 0.7628 0.7352 0.7881 0.7536 0.726 0.7007 0.656 0.7069 0.6977 0.663 0.693 0.7116 0.6652 0.6722 0.7162 0.6652 0.6444 0.7069 0.6699 0.6374 0.6769 0.6722 0.6398 0.6583 0.6652 0.6374 0.6826 0.7033 0.6596 0.671 0.7194 0.6641 0.648 0.7126 0.6641 0.6272 0.6918 0.6596 0.6249 0.6503 0.6572 0.6226 0.6111 0.6433 0.618 0.5949
0.0543 0.6477 1.0 0.7997 0.7836 0.8596 0.8066 0.7743 0.8411 0.8112 0.7674 0.8134 0.8134 0.7674 0.7836 0.802 0.7628 0.7352 0.7881 0.7536 0.726 0.7007 0.6844 0.7069 0.6977 0.663 0.693 0.7116 0.6652 0.6722 0.7162 0.6652 0.6444 0.7069 0.6699 0.6374 0.6769 0.6722 0.6398 0.6583 0.6652 0.6374 0.6098 0.7033 0.6596 0.671 0.7194 0.6641 0.648 0.7126 0.6641 0.6272 0.6918 0.6596 0.6249 0.6503 0.6572 0.6226 0.6111 0.6433 0.618 0.5949 0.5742
0.0457 0.6316 1.0 0.7836 0.8596 0.8066 0.7743 0.8411 0.8112 0.7674 0.8134 0.8134 0.7674 0.7836 0.802 0.7628 0.7352 0.7881 0.7536 0.726 0.7007 0.6844 0.6707 0.6977 0.663 0.693 0.7116 0.6652 0.6722 0.7162 0.6652 0.6444 0.7069 0.6699 0.6374 0.6769 0.6722 0.6398 0.6583 0.6652 0.6374 0.6098 0.5842 0.6596 0.671 0.7194 0.6641 0.648 0.7126 0.6641 0.6272 0.6918 0.6596 0.6249 0.6503 0.6572 0.6226 0.6111 0.6433 0.618 0.5949 0.5742 0.5627
0.0767 0.6269 1.0 0.8596 0.8066 0.7743 0.8411 0.8112 0.7674 0.8134 0.8134 0.7674 0.7836 0.802 0.7628 0.7352 0.7881 0.7536 0.726 0.7007 0.6844 0.6707 0.6477 0.663 0.693 0.7116 0.6652 0.6722 0.7162 0.6652 0.6444 0.7069 0.6699 0.6374 0.6769 0.6722 0.6398 0.6583 0.6652 0.6374 0.6098 0.5842 0.5703 0.671 0.7194 0.6641 0.648 0.7126 0.6641 0.6272 0.6918 0.6596 0.6249 0.6503 0.6572 0.6226 0.6111 0.6433 0.618 0.5949 0.5742 0.5627 0.5511
0.0537 0.6062 1.0 0.8066 0.7743 0.8411 0.8112 0.7674 0.8134 0.8134 0.7674 0.7836 0.802 0.7628 0.7352 0.7881 0.7536 0.726 0.7007 0.6844 0.6707 0.6477 0.6316 0.693 0.7116 0.6652 0.6722 0.7162 0.6652 0.6444 0.7069 0.6699 0.6374 0.6769 0.6722 0.6398 0.6583 0.6652 0.6374 0.6098 0.5842 0.5703 0.5496 0.7194 0.6641 0.648 0.7126 0.6641 0.6272 0.6918 0.6596 0.6249 0.6503 0.6572 0.6226 0.6111 0.6433 0.618 0.5949 0.5742 0.5627 0.5511 0.528
0.0157 0.5878 1.0 0.7743 0.8411 0.8112 0.7674 0.8134 0.8134 0.7674 0.7836 0.802 0.7628 0.7352 0.7881 0.7536 0.726 0.7007 0.6844 0.6707 0.6477 0.6316 0.6269 0.7116 0.6652 0.6722 0.7162 0.6652 0.6444 0.7069 0.6699 0.6374 0.6769 0.6722 0.6398 0.6583 0.6652 0.6374 0.6098 0.5842 0.5703 0.5496 0.5241 0.6641 0.648 0.7126 0.6641 0.6272 0.6918 0.6596 0.6249 0.6503 0.6572 0.6226 0.6111 0.6433 0.618 0.5949 0.5742 0.5627 0.5511 0.528 0.5166
0.069 0.5854 1.0 0.8411 0.8112 0.7674 0.8134 0.8134 0.7674 0.7836 0.802 0.7628 0.7352 0.7881 0.7536 0.726 0.7007 0.6844 0.6707 0.6477 0.6316 0.6269 0.6062 0.6652 0.6722 0.7162 0.6652 0.6444 0.7069 0.6699 0.6374 0.6769 0.6722 0.6398 0.6583 0.6652 0.6374 0.6098 0.5842 0.5703 0.5496 0.5241 0.5171 0.648 0.7126 0.6641 0.6272 0.6918 0.6596 0.6249 0.6503 0.6572 0.6226 0.6111 0.6433 0.618 0.5949 0.5742 0.5627 0.5511 0.528 0.5166 0.5072
0.0613 0.567 1.0 0.8112 0.7674 0.8134 0.8134 0.7674 0.7836 0.802 0.7628 0.7352 0.7881 0.7536 0.726 0.7007 0.6844 0.6707 0.6477 0.6316 0.6269 0.6062 0.5878 0.6722 0.7162 0.6652 0.6444 0.7069 0.6699 0.6374 0.6769 0.6722 0.6398 0.6583 0.6652 0.6374 0.6098 0.5842 0.5703 0.5496 0.5241 0.5171 0.5032 0.7126 0.6641 0.6272 0.6918 0.6596 0.6249 0.6503 0.6572 0.6226 0.6111 0.6433 0.618 0.5949 0.5742 0.5627 0.5511 0.528 0.5166 0.5072 0.4842
0.008 0.5463 1.0 0.7674 0.8134 0.8134 0.7674 0.7836 0.802 0.7628 0.7352 0.7881 0.7536 0.726 0.7007 0.6844 0.6707 0.6477 0.6316 0.6269 0.6062 0.5878 0.5854 0.7162 0.6652 0.6444 0.7069 0.6699 0.6374 0.6769 0.6722 0.6398 0.6583 0.6652 0.6374 0.6098 0.5842 0.5703 0.5496 0.5241 0.5171 0.5032 0.4778 0.6641 0.6272 0.6918 0.6596 0.6249 0.6503 0.6572 0.6226 0.6111 0.6433 0.618 0.5949 0.5742 0.5627 0.5511 0.528 0.5166 0.5072 0.4842 0.4703
0.0613 0.544 1.0 0.8134 0.8134 0.7674 0.7836 0.802 0.7628 0.7352 0.7881 0.7536 0.726 0.7007 0.6844 0.6707 0.6477 0.6316 0.6269 0.6062 0.5878 0.5854 0.567 0.6652 0.6444 0.7069 0.6699 0.6374 0.6769 0.6722 0.6398 0.6583 0.6652 0.6374 0.6098 0.5842 0.5703 0.5496 0.5241 0.5171 0.5032 0.4778 0.4662 0.6272 0.6918 0.6596 0.6249 0.6503 0.6572 0.6226 0.6111 0.6433 0.618 0.5949 0.5742 0.5627 0.5511 0.528 0.5166 0.5072 0.4842 0.4703 0.4681
0.069 0.5324 1.0 0.8134 0.7674 0.7836 0.802 0.7628 0.7352 0.7881 0.7536 0.726 0.7007 0.6844 0.6707 0.6477 0.6316 0.6269 0.6062 0.5878 0.5854 0.567 0.5463 0.6444 0.7069 0.6699 0.6374 0.6769 0.6722 0.6398 0.6583 0.6652 0.6374 0.6098 0.5842 0.5703 0.5496 0.5241 0.5171 0.5032 0.4778 0.4662 0.457 0.6918 0.6596 0.6249 0.6503 0.6572 0.6226 0.6111 0.6433 0.618 0.5949 0.5742 0.5627 0.5511 0.528 0.5166 0.5072 0.4842 0.4703 0.4681 0.445
0.0077 0.5118 1.0 0.7674 0.7836 0.802 0.7628 0.7352 0.7881 0.7536 0.726 0.7007 0.6844 0.6707 0.6477 0.6316 0.6269 0.6062 0.5878 0.5854 0.567 0.5463 0.544 0.7069 0.6699 0.6374 0.6769 0.6722 0.6398 0.6583 0.6652 0.6374 0.6098 0.5842 0.5703 0.5496 0.5241 0.5171 0.5032 0.4778 0.4662 0.457 0.4361 0.6596 0.6249 0.6503 0.6572 0.6226 0.6111 0.6433 0.618 0.5949 0.5742 0.5627 0.5511 0.528 0.5166 0.5072 0.4842 0.4703 0.4681 0.445 0.4311
0.0387 0.5118 1.0 0.7836 0.802 0.7628 0.7352 0.7881 0.7536 0.726 0.7007 0.6844 0.6707 0.6477 0.6316 0.6269 0.6062 0.5878 0.5854 0.567 0.5463 0.544 0.5324 0.6699 0.6374 0.6769 0.6722 0.6398 0.6583 0.6652 0.6374 0.6098 0.5842 0.5703 0.5496 0.5241 0.5171 0.5032 0.4778 0.4662 0.457 0.4361 0.4246 0.6249 0.6503 0.6572 0.6226 0.6111 0.6433 0.618 0.5949 0.5742 0.5627 0.5511 0.528 0.5166 0.5072 0.4842 0.4703 0.4681 0.445 0.4311 0.4289
0.0687 0.5049 1.0 0.802 0.7628 0.7352 0.7881 0.7536 0.726 0.7007 0.6844 0.6707 0.6477 0.6316 0.6269 0.6062 0.5878 0.5854 0.567 0.5463 0.544 0.5324 0.5118 0.6374 0.6769 0.6722 0.6398 0.6583 0.6652 0.6374 0.6098 0.5842 0.5703 0.5496 0.5241 0.5171 0.5032 0.4778 0.4662 0.457 0.4361 0.4246 0.4199 0.6503 0.6572 0.6226 0.6111 0.6433 0.618 0.5949 0.5742 0.5627 0.5511 0.528 0.5166 0.5072 0.4842 0.4703 0.4681 0.445 0.4311 0.4289 0.4127
0.0 0.4864 1.0 0.7628 0.7352 0.7881 0.7536 0.726 0.7007 0.6844 0.6707 0.6477 0.6316 0.6269 0.6062 0.5878 0.5854 0.567 0.5463 0.544 0.5324 0.5118 0.5118 0.6769 0.6722 0.6398 0.6583 0.6652 0.6374 0.6098 0.5842 0.5703 0.5496 0.5241 0.5171 0.5032 0.4778 0.4662 0.457 0.4361 0.4246 0.4199 0.4014 0.6572 0.6226 0.6111 0.6433 0.618 0.5949 0.5742 0.5627 0.5511 0.528 0.5166 0.5072 0.4842 0.4703 0.4681 0.445 0.4311 0.4289 0.4127 0.3966
0.023 0.4796 1.0 0.7352 0.7881 0.7536 0.726 0.7007 0.6844 0.6707 0.6477 0.6316 0.6269 0.6062 0.5878 0.5854 0.567 0.5463 0.544 0.5324 0.5118 0.5118 0.5049 0.6722 0.6398 0.6583 0.6652 0.6374 0.6098 0.5842 0.5703 0.5496 0.5241 0.5171 0.5032 0.4778 0.4662 0.457 0.4361 0.4246 0.4199 0.4014 0.3899 0.6226 0.6111 0.6433 0.618 0.5949 0.5742 0.5627 0.5511 0.528 0.5166 0.5072 0.4842 0.4703 0.4681 0.445 0.4311 0.4289 0.4127 0.3966 0.3989
0.0617 0.4796 1.0 0.7881 0.7536 0.726 0.7007 0.6844 0.6707 0.6477 0.6316 0.6269 0.6062 0.5878 0.5854 0.567 0.5463 0.544 0.5324 0.5118 0.5118 0.5049 0.4864 0.6398 0.6583 0.6652 0.6374 0.6098 0.5842 0.5703 0.5496 0.5241 0.5171 0.5032 0.4778 0.4662 0.457 0.4361 0.4246 0.4199 0.4014 0.3899 0.3876 0.6111 0.6433 0.618 0.5949 0.5742 0.5627 0.5511 0.528 0.5166 0.5072 0.4842 0.4703 0.4681 0.445 0.4311 0.4289 0.4127 0.3966 0.3989 0.3897
0.0227 0.4611 1.0 0.7536 0.726 0.7007 0.6844 0.6707 0.6477 0.6316 0.6269 0.6062 0.5878 0.5854 0.567 0.5463 0.544 0.5324 0.5118 0.5118 0.5049 0.4864 0.4796 0.6583 0.6652 0.6374 0.6098 0.5842 0.5703 0.5496 0.5241 0.5171 0.5032 0.4778 0.4662 0.457 0.4361 0.4246 0.4199 0.4014 0.3899 0.3876 0.3737 0.6433 0.618 0.5949 0.5742 0.5627 0.5511 0.528 0.5166 0.5072 0.4842 0.4703 0.4681 0.445 0.4311 0.4289 0.4127 0.3966 0.3989 0.3897 0.3712
0.0 0.4519 1.0 0.726 0.7007 0.6844 0.6707 0.6477 0.6316 0.6269 0.6062 0.5878 0.5854 0.567 0.5463 0.544 0.5324 0.5118 0.5118 0.5049 0.4864 0.4796 0.4796 0.6652 0.6374 0.6098 0.5842 0.5703 0.5496 0.5241 0.5171 0.5032 0.4778 0.4662 0.457 0.4361 0.4246 0.4199 0.4014 0.3899 0.3876 0.3737 0.3598 0.618 0.5949 0.5742 0.5627 0.5511 0.528 0.5166 0.5072 0.4842 0.4703 0.4681 0.445 0.4311 0.4289 0.4127 0.3966 0.3989 0.3897 0.3712 0.3689
0.0617 0.4496 1.0 0.7007 0.6844 0.6707 0.6477 0.6316 0.6269 0.6062 0.5878 0.5854 0.567 0.5463 0.544 0.5324 0.5118 0.5118 0.5049 0.4864 0.4796 0.4796 0.4611 0.6374 0.6098 0.5842 0.5703 0.5496 0.5241 0.5171 0.5032 0.4778 0.4662 0.457 0.4361 0.4246 0.4199 0.4014 0.3899 0.3876 0.3737 0.3598 0.3574 0.5949 0.5742 0.5627 0.5511 0.528 0.5166 0.5072 0.4842 0.4703 0.4681 0.445 0.4311 0.4289 0.4127 0.3966 0.3989 0.3897 0.3712 0.3689 0.3597
0.0307 0.4358 1.0 0.6844 0.6707 0.6477 0.6316 0.6269 0.6062 0.5878 0.5854 0.567 0.5463 0.544 0.5324 0.5118 0.5118 0.5049 0.4864 0.4796 0.4796 0.4611 0.4519 0.6098 0.5842 0.5703 0.5496 0.5241 0.5171 0.5032 0.4778 0.4662 0.457 0.4361 0.4246 0.4199 0.4014 0.3899 0.3876 0.3737 0.3598 0.3574 0.3459 0.5742 0.5627 0.5511 0.528 0.5166 0.5072 0.4842 0.4703 0.4681 0.445 0.4311 0.4289 0.4127 0.3966 0.3989 0.3897 0.3712 0.3689 0.3597 0.3436
0.0077 0.4242 1.0 0.6707 0.6477 0.6316 0.6269 0.6062 0.5878 0.5854 0.567 0.5463 0.544 0.5324 0.5118 0.5118 0.5049 0.4864 0.4796 0.4796 0.4611 0.4519 0.4496 0.5842 0.5703 0.5496 0.5241 0.5171 0.5032 0.4778 0.4662 0.457 0.4361 0.4246 0.4199 0.4014 0.3899 0.3876 0.3737 0.3598 0.3574 0.3459 0.332 0.5627 0.5511 0.528 0.5166 0.5072 0.4842 0.4703 0.4681 0.445 0.4311 0.4289 0.4127 0.3966 0.3989 0.3897 0.3712 0.3689 0.3597 0.3436 0.3366
0.046 0.4197 1.0 0.6477 0.6316 0.6269 0.6062 0.5878 0.5854 0.567 0.5463 0.544 0.5324 0.5118 0.5118 0.5049 0.4864 0.4796 0.4796 0.4611 0.4519 0.4496 0.4358 0.5703 0.5496 0.5241 0.5171 0.5032 0.4778 0.4662 0.457 0.4361 0.4246 0.4199 0.4014 0.3899 0.3876 0.3737 0.3598 0.3574 0.3459 0.332 0.325 0.5511 0.528 0.5166 0.5072 0.4842 0.4703 0.4681 0.445 0.4311 0.4289 0.4127 0.3966 0.3989 0.3897 0.3712 0.3689 0.3597 0.3436 0.3366 0.332
0.0387 0.4104 1.0 0.6316 0.6269 0.6062 0.5878 0.5854 0.567 0.5463 0.544 0.5324 0.5118 0.5118 0.5049 0.4864 0.4796 0.4796 0.4611 0.4519 0.4496 0.4358 0.4242 0.5496 0.5241 0.5171 0.5032 0.4778 0.4662 0.457 0.4361 0.4246 0.4199 0.4014 0.3899 0.3876 0.3737 0.3598 0.3574 0.3459 0.332 0.325 0.3181 0.528 0.5166 0.5072 0.4842 0.4703 0.4681 0.445 0.4311 0.4289 0.4127 0.3966 0.3989 0.3897 0.3712 0.3689 0.3597 0.3436 0.3366 0.332 0.3204
0.015 0.4012 1.0 0.6269 0.6062 0.5878 0.5854 0.567 0.5463 0.544 0.5324 0.5118 0.5118 0.5049 0.4864 0.4796 0.4796 0.4611 0.4519 0.4496 0.4358 0.4242 0.4197 0.5241 0.5171 0.5032 0.4778 0.4662 0.457 0.4361 0.4246 0.4199 0.4014 0.3899 0.3876 0.3737 0.3598 0.3574 0.3459 0.332 0.325 0.3181 0.3066 0.5166 0.5072 0.4842 0.4703 0.4681 0.445 0.4311 0.4289 0.4127 0.3966 0.3989 0.3897 0.3712 0.3689 0.3597 0.3436 0.3366 0.332 0.3204 0.3112
0.031 0.392 1.0 0.6062 0.5878 0.5854 0.567 0.5463 0.544 0.5324 0.5118 0.5118 0.5049 0.4864 0.4796 0.4796 0.4611 0.4519 0.4496 0.4358 0.4242 0.4197 0.4104 0.5171 0.5032 0.4778 0.4662 0.457 0.4361 0.4246 0.4199 0.4014 0.3899 0.3876 0.3737 0.3598 0.3574 0.3459 0.332 0.325 0.3181 0.3066 0.2996 0.5072 0.4842 0.4703 0.4681 0.445 0.4311 0.4289 0.4127 0.3966 0.3989 0.3897 0.3712 0.3689 0.3597 0.3436 0.3366 0.332 0.3204 0.3112 0.3043
0.0307 0.3873 1.0 0.5878 0.5854 0.567 0.5463 0.544 0.5324 0.5118 0.5118 0.5049 0.4864 0.4796 0.4796 0.4611 0.4519 0.4496 0.4358 0.4242 0.4197 0.4104 0.4012 0.5032 0.4778 0.4662 0.457 0.4361 0.4246 0.4199 0.4014 0.3899 0.3876 0.3737 0.3598 0.3574 0.3459 0.332 0.325 0.3181 0.3066 0.2996 0.2903 0.4842 0.4703 0.4681 0.445 0.4311 0.4289 0.4127 0.3966 0.3989 0.3897 0.3712 0.3689 0.3597 0.3436 0.3366 0.332 0.3204 0.3112 0.3043 0.2951
0.0307 0.3759 1.0 0.5854 0.567 0.5463 0.544 0.5324 0.5118 0.5118 0.5049 0.4864 0.4796 0.4796 0.4611 0.4519 0.4496 0.4358 0.4242 0.4197 0.4104 0.4012 0.392 0.4778 0.4662 0.457 0.4361 0.4246 0.4199 0.4014 0.3899 0.3876 0.3737 0.3598 0.3574 0.3459 0.332 0.325 0.3181 0.3066 0.2996 0.2903 0.2811 0.4703 0.4681 0.445 0.4311 0.4289 0.4127 0.3966 0.3989 0.3897 0.3712 0.3689 0.3597 0.3436 0.3366 0.332 0.3204 0.3112 0.3043 0.2951 0.2836
0.0157 0.3943 1.0 0.567 0.5463 0.544 0.5324 0.5118 0.5118 0.5049 0.4864 0.4796 0.4796 0.4611 0.4519 0.4496 0.4358 0.4242 0.4197 0.4104 0.4012 0.392 0.3873 0.4662 0.457 0.4361 0.4246 0.4199 0.4014 0.3899 0.3876 0.3737 0.3598 0.3574 0.3459 0.332 0.325 0.3181 0.3066 0.2996 0.2903 0.2811 0.2718 0.4681 0.445 0.4311 0.4289 0.4127 0.3966 0.3989 0.3897 0.3712 0.3689 0.3597 0.3436 0.3366 0.332 0.3204 0.3112 0.3043 0.2951 0.2836 0.2789
0.038 0.3851 1.0 0.5463 0.544 0.5324 0.5118 0.5118 0.5049 0.4864 0.4796 0.4796 0.4611 0.4519 0.4496 0.4358 0.4242 0.4197 0.4104 0.4012 0.392 0.3873 0.3759 0.457 0.4361 0.4246 0.4199 0.4014 0.3899 0.3876 0.3737 0.3598 0.3574 0.3459 0.332 0.325 0.3181 0.3066 0.2996 0.2903 0.2811 0.2718 0.2672 0.445 0.4311 0.4289 0.4127 0.3966 0.3989 0.3897 0.3712 0.3689 0.3597 0.3436 0.3366 0.332 0.3204 0.3112 0.3043 0.2951 0.2836 0.2789 0.272
0.0613 0.4104 1.0 0.544 0.5324 0.5118 0.5118 0.5049 0.4864 0.4796 0.4796 0.4611 0.4519 0.4496 0.4358 0.4242 0.4197 0.4104 0.4012 0.392 0.3873 0.3759 0.3943 0.4361 0.4246 0.4199 0.4014 0.3899 0.3876 0.3737 0.3598 0.3574 0.3459 0.332 0.325 0.3181 0.3066 0.2996 0.2903 0.2811 0.2718 0.2672 0.2602 0.4311 0.4289 0.4127 0.3966 0.3989 0.3897 0.3712 0.3689 0.3597 0.3436 0.3366 0.332 0.3204 0.3112 0.3043 0.2951 0.2836 0.2789 0.272 0.3158
0.0307 0.4933 1.0 0.5324 0.5118 0.5118 0.5049 0.4864 0.4796 0.4796 0.4611 0.4519 0.4496 0.4358 0.4242 0.4197 0.4104 0.4012 0.392 0.3873 0.3759 0.3943 0.3851 0.4246 0.4199 0.4014 0.3899 0.3876 0.3737 0.3598 0.3574 0.3459 0.332 0.325 0.3181 0.3066 0.2996 0.2903 0.2811 0.2718 0.2672 0.2602 0.3273 0.4289 0.4127 0.3966 0.3989 0.3897 0.3712 0.3689 0.3597 0.3436 0.3366 0.332 0.3204 0.3112 0.3043 0.2951 0.2836 0.2789 0.272 0.3158 0.3389
0.0843 0.4657 1.0 0.5118 0.5118 0.5049 0.4864 0.4796 0.4796 0.4611 0.4519 0.4496 0.4358 0.4242 0.4197 0.4104 0.4012 0.392 0.3873 0.3759 0.3943 0.3851 0.4104 0.4199 0.4014 0.3899 0.3876 0.3737 0.3598 0.3574 0.3459 0.332 0.325 0.3181 0.3066 0.2996 0.2903 0.2811 0.2718 0.2672 0.2602 0.3273 0.325 0.4127 0.3966 0.3989 0.3897 0.3712 0.3689 0.3597 0.3436 0.3366 0.332 0.3204 0.3112 0.3043 0.2951 0.2836 0.2789 0.272 0.3158 0.3389 0.3112
0.2763 0.4588 1.0 0.5118 0.5049 0.4864 0.4796 0.4796 0.4611 0.4519 0.4496 0.4358 0.4242 0.4197 0.4104 0.4012 0.392 0.3873 0.3759 0.3943 0.3851 0.4104 0.4933 0.4014 0.3899 0.3876 0.3737 0.3598 0.3574 0.3459 0.332 0.325 0.3181 0.3066 0.2996 0.2903 0.2811 0.2718 0.2672 0.2602 0.3273 0.325 0.3066 0.3966 0.3989 0.3897 0.3712 0.3689 0.3597 0.3436 0.3366 0.332 0.3204 0.3112 0.3043 0.2951 0.2836 0.2789 0.272 0.3158 0.3389 0.3112 0.355
0.092 0.5486 1.0 0.5049 0.4864 0.4796 0.4796 0.4611 0.4519 0.4496 0.4358 0.4242 0.4197 0.4104 0.4012 0.392 0.3873 0.3759 0.3943 0.3851 0.4104 0.4933 0.4657 0.3899 0.3876 0.3737 0.3598 0.3574 0.3459 0.332 0.325 0.3181 0.3066 0.2996 0.2903 0.2811 0.2718 0.2672 0.2602 0.3273 0.325 0.3066 0.3667 0.3989 0.3897 0.3712 0.3689 0.3597 0.3436 0.3366 0.332 0.3204 0.3112 0.3043 0.2951 0.2836 0.2789 0.272 0.3158 0.3389 0.3112 0.355 0.3919
0.023 0.5187 1.0 0.4864 0.4796 0.4796 0.4611 0.4519 0.4496 0.4358 0.4242 0.4197 0.4104 0.4012 0.392 0.3873 0.3759 0.3943 0.3851 0.4104 0.4933 0.4657 0.4588 0.3876 0.3737 0.3598 0.3574 0.3459 0.332 0.325 0.3181 0.3066 0.2996 0.2903 0.2811 0.2718 0.2672 0.2602 0.3273 0.325 0.3066 0.3667 0.3737 0.3897 0.3712 0.3689 0.3597 0.3436 0.3366 0.332 0.3204 0.3112 0.3043 0.2951 0.2836 0.2789 0.272 0.3158 0.3389 0.3112 0.355 0.3919 0.355
0.2993 0.4933 1.0 0.4796 0.4796 0.4611 0.4519 0.4496 0.4358 0.4242 0.4197 0.4104 0.4012 0.392 0.3873 0.3759 0.3943 0.3851 0.4104 0.4933 0.4657 0.4588 0.5486 0.3737 0.3598 0.3574 0.3459 0.332 0.325 0.3181 0.3066 0.2996 0.2903 0.2811 0.2718 0.2672 0.2602 0.3273 0.325 0.3066 0.3667 0.3737 0.3482 0.3712 0.3689 0.3597 0.3436 0.3366 0.332 0.3204 0.3112 0.3043 0.2951 0.2836 0.2789 0.272 0.3158 0.3389 0.3112 0.355 0.3919 0.355 0.3712
0.0997 0.5786 1.0 0.4796 0.4611 0.4519 0.4496 0.4358 0.4242 0.4197 0.4104 0.4012 0.392 0.3873 0.3759 0.3943 0.3851 0.4104 0.4933 0.4657 0.4588 0.5486 0.5187 0.3598 0.3574 0.3459 0.332 0.325 0.3181 0.3066 0.2996 0.2903 0.2811 0.2718 0.2672 0.2602 0.3273 0.325 0.3066 0.3667 0.3737 0.3482 0.3852 0.3689 0.3597 0.3436 0.3366 0.332 0.3204 0.3112 0.3043 0.2951 0.2836 0.2789 0.272 0.3158 0.3389 0.3112 0.355 0.3919 0.355 0.3712 0.4358
0.0847 0.567 1.0 0.4611 0.4519 0.4496 0.4358 0.4242 0.4197 0.4104 0.4012 0.392 0.3873 0.3759 0.3943 0.3851 0.4104 0.4933 0.4657 0.4588 0.5486 0.5187 0.4933 0.3574 0.3459 0.332 0.325 0.3181 0.3066 0.2996 0.2903 0.2811 0.2718 0.2672 0.2602 0.3273 0.325 0.3066 0.3667 0.3737 0.3482 0.3852 0.4199 0.3597 0.3436 0.3366 0.332 0.3204 0.3112 0.3043 0.2951 0.2836 0.2789 0.272 0.3158 0.3389 0.3112 0.355 0.3919 0.355 0.3712 0.4358 0.3919
0.2843 0.5279 1.0 0.4519 0.4496 0.4358 0.4242 0.4197 0.4104 0.4012 0.392 0.3873 0.3759 0.3943 0.3851 0.4104 0.4933 0.4657 0.4588 0.5486 0.5187 0.4933 0.5786 0.3459 0.332 0.325 0.3181 0.3066 0.2996 0.2903 0.2811 0.2718 0.2672 0.2602 0.3273 0.325 0.3066 0.3667 0.3737 0.3482 0.3852 0.4199 0.3852 0.3436 0.3366 0.332 0.3204 0.3112 0.3043 0.2951 0.2836 0.2789 0.272 0.3158 0.3389 0.3112 0.355 0.3919 0.355 0.3712 0.4358 0.3919 0.3758
0.0387 0.5809 1.0 0.4496 0.4358 0.4242 0.4197 0.4104 0.4012 0.392 0.3873 0.3759 0.3943 0.3851 0.4104 0.4933 0.4657 0.4588 0.5486 0.5187 0.4933 0.5786 0.567 0.332 0.325 0.3181 0.3066 0.2996 0.2903 0.2811 0.2718 0.2672 0.2602 0.3273 0.325 0.3066 0.3667 0.3737 0.3482 0.3852 0.4199 0.3852 0.3921 0.3366 0.332 0.3204 0.3112 0.3043 0.2951 0.2836 0.2789 0.272 0.3158 0.3389 0.3112 0.355 0.3919 0.355 0.3712 0.4358 0.3919 0.3758 0.4589
0.1303 0.6062 1.0 0.4358 0.4242 0.4197 0.4104 0.4012 0.392 0.3873 0.3759 0.3943 0.3851 0.4104 0.4933 0.4657 0.4588 0.5486 0.5187 0.4933 0.5786 0.567 0.5279 0.325 0.3181 0.3066 0.2996 0.2903 0.2811 0.2718 0.2672 0.2602 0.3273 0.325 0.3066 0.3667 0.3737 0.3482 0.3852 0.4199 0.3852 0.3921 0.4593 0.332 0.3204 0.3112 0.3043 0.2951 0.2836 0.2789 0.272 0.3158 0.3389 0.3112 0.355 0.3919 0.355 0.3712 0.4358 0.3919 0.3758 0.4589 0.4242
0.1767 0.5648 1.0 0.4242 0.4197 0.4104 0.4012 0.392 0.3873 0.3759 0.3943 0.3851 0.4104 0.4933 0.4657 0.4588 0.5486 0.5187 0.4933 0.5786 0.567 0.5279 0.5809 0.3181 0.3066 0.2996 0.2903 0.2811 0.2718 0.2672 0.2602 0.3273 0.325 0.3066 0.3667 0.3737 0.3482 0.3852 0.4199 0.3852 0.3921 0.4593 0.4222 0.3204 0.3112 0.3043 0.2951 0.2836 0.2789 0.272 0.3158 0.3389 0.3112 0.355 0.3919 0.355 0.3712 0.4358 0.3919 0.3758 0.4589 0.4242 0.3966
0.0843 0.5693 1.0 0.4197 0.4104 0.4012 0.392 0.3873 0.3759 0.3943 0.3851 0.4104 0.4933 0.4657 0.4588 0.5486 0.5187 0.4933 0.5786 0.567 0.5279 0.5809 0.6062 0.3066 0.2996 0.2903 0.2811 0.2718 0.2672 0.2602 0.3273 0.325 0.3066 0.3667 0.3737 0.3482 0.3852 0.4199 0.3852 0.3921 0.4593 0.4222 0.406 0.3112 0.3043 0.2951 0.2836 0.2789 0.272 0.3158 0.3389 0.3112 0.355 0.3919 0.355 0.3712 0.4358 0.3919 0.3758 0.4589 0.4242 0.3966 0.4611
0.138 0.6361 1.0 0.4104 0.4012 0.392 0.3873 0.3759 0.3943 0.3851 0.4104 0.4933 0.4657 0.4588 0.5486 0.5187 0.4933 0.5786 0.567 0.5279 0.5809 0.6062 0.5648 0.2996 0.2903 0.2811 0.2718 0.2672 0.2602 0.3273 0.325 0.3066 0.3667 0.3737 0.3482 0.3852 0.4199 0.3852 0.3921 0.4593 0.4222 0.406 0.4801 0.3043 0.2951 0.2836 0.2789 0.272 0.3158 0.3389 0.3112 0.355 0.3919 0.355 0.3712 0.4358 0.3919 0.3758 0.4589 0.4242 0.3966 0.4611 0.4611
0.015 0.597 1.0 0.4012 0.392 0.3873 0.3759 0.3943 0.3851 0.4104 0.4933 0.4657 0.4588 0.5486 0.5187 0.4933 0.5786 0.567 0.5279 0.5809 0.6062 0.5648 0.5693 0.2903 0.2811 0.2718 0.2672 0.2602 0.3273 0.325 0.3066 0.3667 0.3737 0.3482 0.3852 0.4199 0.3852 0.3921 0.4593 0.4222 0.406 0.4801 0.4639 0.2951 0.2836 0.2789 0.272 0.3158 0.3389 0.3112 0.355 0.3919 0.355 0.3712 0.4358 0.3919 0.3758 0.4589 0.4242 0.3966 0.4611 0.4611 0.4289
0.2227 0.5786 1.0 0.392 0.3873 0.3759 0.3943 0.3851 0.4104 0.4933 0.4657 0.4588 0.5486 0.5187 0.4933 0.5786 0.567 0.5279 0.5809 0.6062 0.5648 0.5693 0.6361 0.2811 0.2718 0.2672 0.2602 0.3273 0.325 0.3066 0.3667 0.3737 0.3482 0.3852 0.4199 0.3852 0.3921 0.4593 0.4222 0.406 0.4801 0.4639 0.4384 0.2836 0.2789 0.272 0.3158 0.3389 0.3112 0.355 0.3919 0.355 0.3712 0.4358 0.3919 0.3758 0.4589 0.4242 0.3966 0.4611 0.4611 0.4289 0.4519
