0.023 0.3392 0.0 0.4222 0.4014 0.3922 0.3899 0.3761 0.36 0.36 0.3462 0.3323 0.3254 0.3162 0.3047 0.2954 0.2909 0.2771 0.2701 0.2632 0.254 0.2448 0.2379 0.4408 0.4361 0.4246 0.406 0.4014 0.3921 0.376 0.369 0.3598 0.3459 0.3367 0.332 0.3181 0.3089 0.3019 0.2927 0.2833 0.2764 0.2672 0.2788 0.4473 0.4381 0.4173 0.4127 0.4081 0.3897 0.3804 0.3781 0.362 0.3504 0.3436 0.3342 0.3204 0.3158 0.3066 0.2973 0.2904 0.2812 0.272 0.2697
0.023 0.3254 0.0 0.4014 0.3922 0.3899 0.3761 0.36 0.36 0.3462 0.3323 0.3254 0.3162 0.3047 0.2954 0.2909 0.2771 0.2701 0.2632 0.254 0.2448 0.2379 0.2448 0.4361 0.4246 0.406 0.4014 0.3921 0.376 0.369 0.3598 0.3459 0.3367 0.332 0.3181 0.3089 0.3019 0.2927 0.2833 0.2764 0.2672 0.2788 0.2996 0.4381 0.4173 0.4127 0.4081 0.3897 0.3804 0.3781 0.362 0.3504 0.3436 0.3342 0.3204 0.3158 0.3066 0.2973 0.2904 0.2812 0.272 0.2697 0.2651
0.3147 0.3047 0.0 0.3922 0.3899 0.3761 0.36 0.36 0.3462 0.3323 0.3254 0.3162 0.3047 0.2954 0.2909 0.2771 0.2701 0.2632 0.254 0.2448 0.2379 0.2448 0.3392 0.4246 0.406 0.4014 0.3921 0.376 0.369 0.3598 0.3459 0.3367 0.332 0.3181 0.3089 0.3019 0.2927 0.2833 0.2764 0.2672 0.2788 0.2996 0.2857 0.4173 0.4127 0.4081 0.3897 0.3804 0.3781 0.362 0.3504 0.3436 0.3342 0.3204 0.3158 0.3066 0.2973 0.2904 0.2812 0.272 0.2697 0.2651 0.2973
0.046 0.3899 0.0 0.3899 0.3761 0.36 0.36 0.3462 0.3323 0.3254 0.3162 0.3047 0.2954 0.2909 0.2771 0.2701 0.2632 0.254 0.2448 0.2379 0.2448 0.3392 0.3254 0.406 0.4014 0.3921 0.376 0.369 0.3598 0.3459 0.3367 0.332 0.3181 0.3089 0.3019 0.2927 0.2833 0.2764 0.2672 0.2788 0.2996 0.2857 0.3204 0.4127 0.4081 0.3897 0.3804 0.3781 0.362 0.3504 0.3436 0.3342 0.3204 0.3158 0.3066 0.2973 0.2904 0.2812 0.272 0.2697 0.2651 0.2973 0.3712
0.069 0.3853 0.0 0.3761 0.36 0.36 0.3462 0.3323 0.3254 0.3162 0.3047 0.2954 0.2909 0.2771 0.2701 0.2632 0.254 0.2448 0.2379 0.2448 0.3392 0.3254 0.3047 0.4014 0.3921 0.376 0.369 0.3598 0.3459 0.3367 0.332 0.3181 0.3089 0.3019 0.2927 0.2833 0.2764 0.2672 0.2788 0.2996 0.2857 0.3204 0.3644 0.4081 0.3897 0.3804 0.3781 0.362 0.3504 0.3436 0.3342 0.3204 0.3158 0.3066 0.2973 0.2904 0.2812 0.272 0.2697 0.2651 0.2973 0.3712 0.3412
0.284 0.3531 0.0 0.36 0.36 0.3462 0.3323 0.3254 0.3162 0.3047 0.2954 0.2909 0.2771 0.2701 0.2632 0.254 0.2448 0.2379 0.2448 0.3392 0.3254 0.3047 0.3899 0.3921 0.376 0.369 0.3598 0.3459 0.3367 0.332 0.3181 0.3089 0.3019 0.2927 0.2833 0.2764 0.2672 0.2788 0.2996 0.2857 0.3204 0.3644 0.3389 0.3897 0.3804 0.3781 0.362 0.3504 0.3436 0.3342 0.3204 0.3158 0.3066 0.2973 0.2904 0.2812 0.272 0.2697 0.2651 0.2973 0.3712 0.3412 0.3342
0.0153 0.4038 0.0 0.36 0.3462 0.3323 0.3254 0.3162 0.3047 0.2954 0.2909 0.2771 0.2701 0.2632 0.254 0.2448 0.2379 0.2448 0.3392 0.3254 0.3047 0.3899 0.3853 0.376 0.369 0.3598 0.3459 0.3367 0.332 0.3181 0.3089 0.3019 0.2927 0.2833 0.2764 0.2672 0.2788 0.2996 0.2857 0.3204 0.3644 0.3389 0.3436 0.3804 0.3781 0.362 0.3504 0.3436 0.3342 0.3204 0.3158 0.3066 0.2973 0.2904 0.2812 0.272 0.2697 0.2651 0.2973 0.3712 0.3412 0.3342 0.4197
0.1073 0.4314 0.0 0.3462 0.3323 0.3254 0.3162 0.3047 0.2954 0.2909 0.2771 0.2701 0.2632 0.254 0.2448 0.2379 0.2448 0.3392 0.3254 0.3047 0.3899 0.3853 0.3531 0.369 0.3598 0.3459 0.3367 0.332 0.3181 0.3089 0.3019 0.2927 0.2833 0.2764 0.2672 0.2788 0.2996 0.2857 0.3204 0.3644 0.3389 0.3436 0.4153 0.3781 0.362 0.3504 0.3436 0.3342 0.3204 0.3158 0.3066 0.2973 0.2904 0.2812 0.272 0.2697 0.2651 0.2973 0.3712 0.3412 0.3342 0.4197 0.3873
0.169 0.3899 0.0 0.3323 0.3254 0.3162 0.3047 0.2954 0.2909 0.2771 0.2701 0.2632 0.254 0.2448 0.2379 0.2448 0.3392 0.3254 0.3047 0.3899 0.3853 0.3531 0.4038 0.3598 0.3459 0.3367 0.332 0.3181 0.3089 0.3019 0.2927 0.2833 0.2764 0.2672 0.2788 0.2996 0.2857 0.3204 0.3644 0.3389 0.3436 0.4153 0.3783 0.362 0.3504 0.3436 0.3342 0.3204 0.3158 0.3066 0.2973 0.2904 0.2812 0.272 0.2697 0.2651 0.2973 0.3712 0.3412 0.3342 0.4197 0.3873 0.3597
0.092 0.406 0.0 0.3254 0.3162 0.3047 0.2954 0.2909 0.2771 0.2701 0.2632 0.254 0.2448 0.2379 0.2448 0.3392 0.3254 0.3047 0.3899 0.3853 0.3531 0.4038 0.4314 0.3459 0.3367 0.332 0.3181 0.3089 0.3019 0.2927 0.2833 0.2764 0.2672 0.2788 0.2996 0.2857 0.3204 0.3644 0.3389 0.3436 0.4153 0.3783 0.3644 0.3504 0.3436 0.3342 0.3204 0.3158 0.3066 0.2973 0.2904 0.2812 0.272 0.2697 0.2651 0.2973 0.3712 0.3412 0.3342 0.4197 0.3873 0.3597 0.4311
0.1383 0.4706 0.0 0.3162 0.3047 0.2954 0.2909 0.2771 0.2701 0.2632 0.254 0.2448 0.2379 0.2448 0.3392 0.3254 0.3047 0.3899 0.3853 0.3531 0.4038 0.4314 0.3899 0.3367 0.332 0.3181 0.3089 0.3019 0.2927 0.2833 0.2764 0.2672 0.2788 0.2996 0.2857 0.3204 0.3644 0.3389 0.3436 0.4153 0.3783 0.3644 0.4408 0.3436 0.3342 0.3204 0.3158 0.3066 0.2973 0.2904 0.2812 0.272 0.2697 0.2651 0.2973 0.3712 0.3412 0.3342 0.4197 0.3873 0.3597 0.4311 0.4266
0.0537 0.4291 0.0 0.3047 0.2954 0.2909 0.2771 0.2701 0.2632 0.254 0.2448 0.2379 0.2448 0.3392 0.3254 0.3047 0.3899 0.3853 0.3531 0.4038 0.4314 0.3899 0.406 0.332 0.3181 0.3089 0.3019 0.2927 0.2833 0.2764 0.2672 0.2788 0.2996 0.2857 0.3204 0.3644 0.3389 0.3436 0.4153 0.3783 0.3644 0.4408 0.4177 0.3342 0.3204 0.3158 0.3066 0.2973 0.2904 0.2812 0.272 0.2697 0.2651 0.2973 0.3712 0.3412 0.3342 0.4197 0.3873 0.3597 0.4311 0.4266 0.3897
0.2153 0.406 0.0 0.2954 0.2909 0.2771 0.2701 0.2632 0.254 0.2448 0.2379 0.2448 0.3392 0.3254 0.3047 0.3899 0.3853 0.3531 0.4038 0.4314 0.3899 0.406 0.4706 0.3181 0.3089 0.3019 0.2927 0.2833 0.2764 0.2672 0.2788 0.2996 0.2857 0.3204 0.3644 0.3389 0.3436 0.4153 0.3783 0.3644 0.4408 0.4177 0.3899 0.3204 0.3158 0.3066 0.2973 0.2904 0.2812 0.272 0.2697 0.2651 0.2973 0.3712 0.3412 0.3342 0.4197 0.3873 0.3597 0.4311 0.4266 0.3897 0.4242
0.1383 0.489 0.0 0.2909 0.2771 0.2701 0.2632 0.254 0.2448 0.2379 0.2448 0.3392 0.3254 0.3047 0.3899 0.3853 0.3531 0.4038 0.4314 0.3899 0.406 0.4706 0.4291 0.3089 0.3019 0.2927 0.2833 0.2764 0.2672 0.2788 0.2996 0.2857 0.3204 0.3644 0.3389 0.3436 0.4153 0.3783 0.3644 0.4408 0.4177 0.3899 0.4523 0.3158 0.3066 0.2973 0.2904 0.2812 0.272 0.2697 0.2651 0.2973 0.3712 0.3412 0.3342 0.4197 0.3873 0.3597 0.4311 0.4266 0.3897 0.4242 0.4611
0.077 0.4637 0.0 0.2771 0.2701 0.2632 0.254 0.2448 0.2379 0.2448 0.3392 0.3254 0.3047 0.3899 0.3853 0.3531 0.4038 0.4314 0.3899 0.406 0.4706 0.4291 0.406 0.3019 0.2927 0.2833 0.2764 0.2672 0.2788 0.2996 0.2857 0.3204 0.3644 0.3389 0.3436 0.4153 0.3783 0.3644 0.4408 0.4177 0.3899 0.4523 0.4593 0.3066 0.2973 0.2904 0.2812 0.272 0.2697 0.2651 0.2973 0.3712 0.3412 0.3342 0.4197 0.3873 0.3597 0.4311 0.4266 0.3897 0.4242 0.4611 0.4219
0.2767 0.4314 0.0 0.2701 0.2632 0.254 0.2448 0.2379 0.2448 0.3392 0.3254 0.3047 0.3899 0.3853 0.3531 0.4038 0.4314 0.3899 0.406 0.4706 0.4291 0.406 0.489 0.2927 0.2833 0.2764 0.2672 0.2788 0.2996 0.2857 0.3204 0.3644 0.3389 0.3436 0.4153 0.3783 0.3644 0.4408 0.4177 0.3899 0.4523 0.4593 0.4246 0.2973 0.2904 0.2812 0.272 0.2697 0.2651 0.2973 0.3712 0.3412 0.3342 0.4197 0.3873 0.3597 0.4311 0.4266 0.3897 0.4242 0.4611 0.4219 0.4197
0.0843 0.4729 0.0 0.2632 0.254 0.2448 0.2379 0.2448 0.3392 0.3254 0.3047 0.3899 0.3853 0.3531 0.4038 0.4314 0.3899 0.406 0.4706 0.4291 0.406 0.489 0.4637 0.2833 0.2764 0.2672 0.2788 0.2996 0.2857 0.3204 0.3644 0.3389 0.3436 0.4153 0.3783 0.3644 0.4408 0.4177 0.3899 0.4523 0.4593 0.4246 0.4523 0.2904 0.2812 0.272 0.2697 0.2651 0.2973 0.3712 0.3412 0.3342 0.4197 0.3873 0.3597 0.4311 0.4266 0.3897 0.4242 0.4611 0.4219 0.4197 0.4866
0.1077 0.489 0.0 0.254 0.2448 0.2379 0.2448 0.3392 0.3254 0.3047 0.3899 0.3853 0.3531 0.4038 0.4314 0.3899 0.406 0.4706 0.4291 0.406 0.489 0.4637 0.4314 0.2764 0.2672 0.2788 0.2996 0.2857 0.3204 0.3644 0.3389 0.3436 0.4153 0.3783 0.3644 0.4408 0.4177 0.3899 0.4523 0.4593 0.4246 0.4523 0.4987 0.2812 0.272 0.2697 0.2651 0.2973 0.3712 0.3412 0.3342 0.4197 0.3873 0.3597 0.4311 0.4266 0.3897 0.4242 0.4611 0.4219 0.4197 0.4866 0.4542
0.1383 0.4568 0.0 0.2448 0.2379 0.2448 0.3392 0.3254 0.3047 0.3899 0.3853 0.3531 0.4038 0.4314 0.3899 0.406 0.4706 0.4291 0.406 0.489 0.4637 0.4314 0.4729 0.2672 0.2788 0.2996 0.2857 0.3204 0.3644 0.3389 0.3436 0.4153 0.3783 0.3644 0.4408 0.4177 0.3899 0.4523 0.4593 0.4246 0.4523 0.4987 0.4639 0.272 0.2697 0.2651 0.2973 0.3712 0.3412 0.3342 0.4197 0.3873 0.3597 0.4311 0.4266 0.3897 0.4242 0.4611 0.4219 0.4197 0.4866 0.4542 0.4358
0.0537 0.4568 0.0 0.2379 0.2448 0.3392 0.3254 0.3047 0.3899 0.3853 0.3531 0.4038 0.4314 0.3899 0.406 0.4706 0.4291 0.406 0.489 0.4637 0.4314 0.4729 0.489 0.2788 0.2996 0.2857 0.3204 0.3644 0.3389 0.3436 0.4153 0.3783 0.3644 0.4408 0.4177 0.3899 0.4523 0.4593 0.4246 0.4523 0.4987 0.4639 0.457 0.2697 0.2651 0.2973 0.3712 0.3412 0.3342 0.4197 0.3873 0.3597 0.4311 0.4266 0.3897 0.4242 0.4611 0.4219 0.4197 0.4866 0.4542 0.4358 0.4773
0.1073 0.5074 0.0 0.2448 0.3392 0.3254 0.3047 0.3899 0.3853 0.3531 0.4038 0.4314 0.3899 0.406 0.4706 0.4291 0.406 0.489 0.4637 0.4314 0.4729 0.489 0.4568 0.2996 0.2857 0.3204 0.3644 0.3389 0.3436 0.4153 0.3783 0.3644 0.4408 0.4177 0.3899 0.4523 0.4593 0.4246 0.4523 0.4987 0.4639 0.457 0.5126 0.2651 0.2973 0.3712 0.3412 0.3342 0.4197 0.3873 0.3597 0.4311 0.4266 0.3897 0.4242 0.4611 0.4219 0.4197 0.4866 0.4542 0.4358 0.4773 0.4819
0.0 0.4867 0.0 0.3392 0.3254 0.3047 0.3899 0.3853 0.3531 0.4038 0.4314 0.3899 0.406 0.4706 0.4291 0.406 0.489 0.4637 0.4314 0.4729 0.489 0.4568 0.4568 0.2857 0.3204 0.3644 0.3389 0.3436 0.4153 0.3783 0.3644 0.4408 0.4177 0.3899 0.4523 0.4593 0.4246 0.4523 0.4987 0.4639 0.457 0.5126 0.5032 0.2973 0.3712 0.3412 0.3342 0.4197 0.3873 0.3597 0.4311 0.4266 0.3897 0.4242 0.4611 0.4219 0.4197 0.4866 0.4542 0.4358 0.4773 0.4819 0.4634
0.1687 0.4798 0.0 0.3254 0.3047 0.3899 0.3853 0.3531 0.4038 0.4314 0.3899 0.406 0.4706 0.4291 0.406 0.489 0.4637 0.4314 0.4729 0.489 0.4568 0.4568 0.5074 0.3204 0.3644 0.3389 0.3436 0.4153 0.3783 0.3644 0.4408 0.4177 0.3899 0.4523 0.4593 0.4246 0.4523 0.4987 0.4639 0.457 0.5126 0.5032 0.4848 0.3712 0.3412 0.3342 0.4197 0.3873 0.3597 0.4311 0.4266 0.3897 0.4242 0.4611 0.4219 0.4197 0.4866 0.4542 0.4358 0.4773 0.4819 0.4634 0.4773
0.069 0.5004 0.0 0.3047 0.3899 0.3853 0.3531 0.4038 0.4314 0.3899 0.406 0.4706 0.4291 0.406 0.489 0.4637 0.4314 0.4729 0.489 0.4568 0.4568 0.5074 0.4867 0.3644 0.3389 0.3436 0.4153 0.3783 0.3644 0.4408 0.4177 0.3899 0.4523 0.4593 0.4246 0.4523 0.4987 0.4639 0.457 0.5126 0.5032 0.4848 0.5126 0.3412 0.3342 0.4197 0.3873 0.3597 0.4311 0.4266 0.3897 0.4242 0.4611 0.4219 0.4197 0.4866 0.4542 0.4358 0.4773 0.4819 0.4634 0.4773 0.5096
0.023 0.5442 0.0 0.3899 0.3853 0.3531 0.4038 0.4314 0.3899 0.406 0.4706 0.4291 0.406 0.489 0.4637 0.4314 0.4729 0.489 0.4568 0.4568 0.5074 0.4867 0.4798 0.3389 0.3436 0.4153 0.3783 0.3644 0.4408 0.4177 0.3899 0.4523 0.4593 0.4246 0.4523 0.4987 0.4639 0.457 0.5126 0.5032 0.4848 0.5126 0.5496 0.3342 0.4197 0.3873 0.3597 0.4311 0.4266 0.3897 0.4242 0.4611 0.4219 0.4197 0.4866 0.4542 0.4358 0.4773 0.4819 0.4634 0.4773 0.5096 0.4934
0.0687 0.5189 0.0 0.3853 0.3531 0.4038 0.4314 0.3899 0.406 0.4706 0.4291 0.406 0.489 0.4637 0.4314 0.4729 0.489 0.4568 0.4568 0.5074 0.4867 0.4798 0.5004 0.3436 0.4153 0.3783 0.3644 0.4408 0.4177 0.3899 0.4523 0.4593 0.4246 0.4523 0.4987 0.4639 0.457 0.5126 0.5032 0.4848 0.5126 0.5496 0.5194 0.4197 0.3873 0.3597 0.4311 0.4266 0.3897 0.4242 0.4611 0.4219 0.4197 0.4866 0.4542 0.4358 0.4773 0.4819 0.4634 0.4773 0.5096 0.4934 0.498
0.146 0.5258 0.0 0.3531 0.4038 0.4314 0.3899 0.406 0.4706 0.4291 0.406 0.489 0.4637 0.4314 0.4729 0.489 0.4568 0.4568 0.5074 0.4867 0.4798 0.5004 0.5442 0.4153 0.3783 0.3644 0.4408 0.4177 0.3899 0.4523 0.4593 0.4246 0.4523 0.4987 0.4639 0.457 0.5126 0.5032 0.4848 0.5126 0.5496 0.5194 0.5218 0.3873 0.3597 0.4311 0.4266 0.3897 0.4242 0.4611 0.4219 0.4197 0.4866 0.4542 0.4358 0.4773 0.4819 0.4634 0.4773 0.5096 0.4934 0.498 0.5442
0.0843 0.6041 0.0 0.4038 0.4314 0.3899 0.406 0.4706 0.4291 0.406 0.489 0.4637 0.4314 0.4729 0.489 0.4568 0.4568 0.5074 0.4867 0.4798 0.5004 0.5442 0.5189 0.3783 0.3644 0.4408 0.4177 0.3899 0.4523 0.4593 0.4246 0.4523 0.4987 0.4639 0.457 0.5126 0.5032 0.4848 0.5126 0.5496 0.5194 0.5218 0.575 0.3597 0.4311 0.4266 0.3897 0.4242 0.4611 0.4219 0.4197 0.4866 0.4542 0.4358 0.4773 0.4819 0.4634 0.4773 0.5096 0.4934 0.498 0.5442 0.5534
0.023 0.5719 0.0 0.4314 0.3899 0.406 0.4706 0.4291 0.406 0.489 0.4637 0.4314 0.4729 0.489 0.4568 0.4568 0.5074 0.4867 0.4798 0.5004 0.5442 0.5189 0.5258 0.3644 0.4408 0.4177 0.3899 0.4523 0.4593 0.4246 0.4523 0.4987 0.4639 0.457 0.5126 0.5032 0.4848 0.5126 0.5496 0.5194 0.5218 0.575 0.5773 0.4311 0.4266 0.3897 0.4242 0.4611 0.4219 0.4197 0.4866 0.4542 0.4358 0.4773 0.4819 0.4634 0.4773 0.5096 0.4934 0.498 0.5442 0.5534 0.5396
0.261 0.5673 0.0 0.3899 0.406 0.4706 0.4291 0.406 0.489 0.4637 0.4314 0.4729 0.489 0.4568 0.4568 0.5074 0.4867 0.4798 0.5004 0.5442 0.5189 0.5258 0.6041 0.4408 0.4177 0.3899 0.4523 0.4593 0.4246 0.4523 0.4987 0.4639 0.457 0.5126 0.5032 0.4848 0.5126 0.5496 0.5194 0.5218 0.575 0.5773 0.5658 0.4266 0.3897 0.4242 0.4611 0.4219 0.4197 0.4866 0.4542 0.4358 0.4773 0.4819 0.4634 0.4773 0.5096 0.4934 0.498 0.5442 0.5534 0.5396 0.5534
0.1073 0.6272 0.0 0.406 0.4706 0.4291 0.406 0.489 0.4637 0.4314 0.4729 0.489 0.4568 0.4568 0.5074 0.4867 0.4798 0.5004 0.5442 0.5189 0.5258 0.6041 0.5719 0.4177 0.3899 0.4523 0.4593 0.4246 0.4523 0.4987 0.4639 0.457 0.5126 0.5032 0.4848 0.5126 0.5496 0.5194 0.5218 0.575 0.5773 0.5658 0.5936 0.3897 0.4242 0.4611 0.4219 0.4197 0.4866 0.4542 0.4358 0.4773 0.4819 0.4634 0.4773 0.5096 0.4934 0.498 0.5442 0.5534 0.5396 0.5534 0.6133
0.0153 0.6041 0.0 0.4706 0.4291 0.406 0.489 0.4637 0.4314 0.4729 0.489 0.4568 0.4568 0.5074 0.4867 0.4798 0.5004 0.5442 0.5189 0.5258 0.6041 0.5719 0.5673 0.3899 0.4523 0.4593 0.4246 0.4523 0.4987 0.4639 0.457 0.5126 0.5032 0.4848 0.5126 0.5496 0.5194 0.5218 0.575 0.5773 0.5658 0.5936 0.619 0.4242 0.4611 0.4219 0.4197 0.4866 0.4542 0.4358 0.4773 0.4819 0.4634 0.4773 0.5096 0.4934 0.498 0.5442 0.5534 0.5396 0.5534 0.6133 0.5719
0.1997 0.5766 0.0 0.4291 0.406 0.489 0.4637 0.4314 0.4729 0.489 0.4568 0.4568 0.5074 0.4867 0.4798 0.5004 0.5442 0.5189 0.5258 0.6041 0.5719 0.5673 0.6272 0.4523 0.4593 0.4246 0.4523 0.4987 0.4639 0.457 0.5126 0.5032 0.4848 0.5126 0.5496 0.5194 0.5218 0.575 0.5773 0.5658 0.5936 0.619 0.5866 0.4611 0.4219 0.4197 0.4866 0.4542 0.4358 0.4773 0.4819 0.4634 0.4773 0.5096 0.4934 0.498 0.5442 0.5534 0.5396 0.5534 0.6133 0.5719 0.5719
0.077 0.6226 0.0 0.406 0.489 0.4637 0.4314 0.4729 0.489 0.4568 0.4568 0.5074 0.4867 0.4798 0.5004 0.5442 0.5189 0.5258 0.6041 0.5719 0.5673 0.6272 0.6041 0.4593 0.4246 0.4523 0.4987 0.4639 0.457 0.5126 0.5032 0.4848 0.5126 0.5496 0.5194 0.5218 0.575 0.5773 0.5658 0.5936 0.619 0.5866 0.5889 0.4219 0.4197 0.4866 0.4542 0.4358 0.4773 0.4819 0.4634 0.4773 0.5096 0.4934 0.498 0.5442 0.5534 0.5396 0.5534 0.6133 0.5719 0.5719 0.6364
0.0917 0.6202 0.0 0.489 0.4637 0.4314 0.4729 0.489 0.4568 0.4568 0.5074 0.4867 0.4798 0.5004 0.5442 0.5189 0.5258 0.6041 0.5719 0.5673 0.6272 0.6041 0.5766 0.4246 0.4523 0.4987 0.4639 0.457 0.5126 0.5032 0.4848 0.5126 0.5496 0.5194 0.5218 0.575 0.5773 0.5658 0.5936 0.619 0.5866 0.5889 0.6259 0.4197 0.4866 0.4542 0.4358 0.4773 0.4819 0.4634 0.4773 0.5096 0.4934 0.498 0.5442 0.5534 0.5396 0.5534 0.6133 0.5719 0.5719 0.6364 0.5996
0.1533 0.8436 0.0 0.4637 0.4314 0.4729 0.489 0.4568 0.4568 0.5074 0.4867 0.4798 0.5004 0.5442 0.5189 0.5258 0.6041 0.5719 0.5673 0.6272 0.6041 0.5766 0.6226 0.4523 0.4987 0.4639 0.457 0.5126 0.5032 0.4848 0.5126 0.5496 0.5194 0.5218 0.575 0.5773 0.5658 0.5936 0.619 0.5866 0.5889 0.6259 0.5936 0.4866 0.4542 0.4358 0.4773 0.4819 0.4634 0.4773 0.5096 0.4934 0.498 0.5442 0.5534 0.5396 0.5534 0.6133 0.5719 0.5719 0.6364 0.5996 0.5764
0.008 0.8436 0.0 0.4314 0.4729 0.489 0.4568 0.4568 0.5074 0.4867 0.4798 0.5004 0.5442 0.5189 0.5258 0.6041 0.5719 0.5673 0.6272 0.6041 0.5766 0.6226 0.6202 0.4987 0.4639 0.457 0.5126 0.5032 0.4848 0.5126 0.5496 0.5194 0.5218 0.575 0.5773 0.5658 0.5936 0.619 0.5866 0.5889 0.6259 0.5936 0.5912 0.4542 0.4358 0.4773 0.4819 0.4634 0.4773 0.5096 0.4934 0.498 0.5442 0.5534 0.5396 0.5534 0.6133 0.5719 0.5719 0.6364 0.5996 0.5764 0.6341
0.7447 0.8436 1.0 0.4729 0.489 0.4568 0.4568 0.5074 0.4867 0.4798 0.5004 0.5442 0.5189 0.5258 0.6041 0.5719 0.5673 0.6272 0.6041 0.5766 0.6226 0.6202 0.8436 0.4639 0.457 0.5126 0.5032 0.4848 0.5126 0.5496 0.5194 0.5218 0.575 0.5773 0.5658 0.5936 0.619 0.5866 0.5889 0.6259 0.5936 0.5912 0.6329 0.4358 0.4773 0.4819 0.4634 0.4773 0.5096 0.4934 0.498 0.5442 0.5534 0.5396 0.5534 0.6133 0.5719 0.5719 0.6364 0.5996 0.5764 0.6341 0.6064
0.0 0.8436 1.0 0.489 0.4568 0.4568 0.5074 0.4867 0.4798 0.5004 0.5442 0.5189 0.5258 0.6041 0.5719 0.5673 0.6272 0.6041 0.5766 0.6226 0.6202 0.8436 0.8436 0.457 0.5126 0.5032 0.4848 0.5126 0.5496 0.5194 0.5218 0.575 0.5773 0.5658 0.5936 0.619 0.5866 0.5889 0.6259 0.5936 0.5912 0.6329 0.6028 0.4773 0.4819 0.4634 0.4773 0.5096 0.4934 0.498 0.5442 0.5534 0.5396 0.5534 0.6133 0.5719 0.5719 0.6364 0.5996 0.5764 0.6341 0.6064 0.588
0.0 0.8436 1.0 0.4568 0.4568 0.5074 0.4867 0.4798 0.5004 0.5442 0.5189 0.5258 0.6041 0.5719 0.5673 0.6272 0.6041 0.5766 0.6226 0.6202 0.8436 0.8436 0.8436 0.5126 0.5032 0.4848 0.5126 0.5496 0.5194 0.5218 0.575 0.5773 0.5658 0.5936 0.619 0.5866 0.5889 0.6259 0.5936 0.5912 0.6329 0.6028 0.5959 0.4819 0.4634 0.4773 0.5096 0.4934 0.498 0.5442 0.5534 0.5396 0.5534 0.6133 0.5719 0.5719 0.6364 0.5996 0.5764 0.6341 0.6064 0.588 0.6503
0.0 0.8436 1.0 0.4568 0.5074 0.4867 0.4798 0.5004 0.5442 0.5189 0.5258 0.6041 0.5719 0.5673 0.6272 0.6041 0.5766 0.6226 0.6202 0.8436 0.8436 0.8436 0.8436 0.5032 0.4848 0.5126 0.5496 0.5194 0.5218 0.575 0.5773 0.5658 0.5936 0.619 0.5866 0.5889 0.6259 0.5936 0.5912 0.6329 0.6028 0.5959 0.6491 0.4634 0.4773 0.5096 0.4934 0.498 0.5442 0.5534 0.5396 0.5534 0.6133 0.5719 0.5719 0.6364 0.5996 0.5764 0.6341 0.6064 0.588 0.6503 0.6272
0.0 0.8436 1.0 0.5074 0.4867 0.4798 0.5004 0.5442 0.5189 0.5258 0.6041 0.5719 0.5673 0.6272 0.6041 0.5766 0.6226 0.6202 0.8436 0.8436 0.8436 0.8436 0.8436 0.4848 0.5126 0.5496 0.5194 0.5218 0.575 0.5773 0.5658 0.5936 0.619 0.5866 0.5889 0.6259 0.5936 0.5912 0.6329 0.6028 0.5959 0.6491 0.6282 0.4773 0.5096 0.4934 0.498 0.5442 0.5534 0.5396 0.5534 0.6133 0.5719 0.5719 0.6364 0.5996 0.5764 0.6341 0.6064 0.588 0.6503 0.6272 0.6019
0.0 0.8436 1.0 0.4867 0.4798 0.5004 0.5442 0.5189 0.5258 0.6041 0.5719 0.5673 0.6272 0.6041 0.5766 0.6226 0.6202 0.8436 0.8436 0.8436 0.8436 0.8436 0.8436 0.5126 0.5496 0.5194 0.5218 0.575 0.5773 0.5658 0.5936 0.619 0.5866 0.5889 0.6259 0.5936 0.5912 0.6329 0.6028 0.5959 0.6491 0.6282 0.612 0.5096 0.4934 0.498 0.5442 0.5534 0.5396 0.5534 0.6133 0.5719 0.5719 0.6364 0.5996 0.5764 0.6341 0.6064 0.588 0.6503 0.6272 0.6019 0.6572
0.0 0.8436 1.0 0.4798 0.5004 0.5442 0.5189 0.5258 0.6041 0.5719 0.5673 0.6272 0.6041 0.5766 0.6226 0.6202 0.8436 0.8436 0.8436 0.8436 0.8436 0.8436 0.8436 0.5496 0.5194 0.5218 0.575 0.5773 0.5658 0.5936 0.619 0.5866 0.5889 0.6259 0.5936 0.5912 0.6329 0.6028 0.5959 0.6491 0.6282 0.612 0.6676 0.4934 0.498 0.5442 0.5534 0.5396 0.5534 0.6133 0.5719 0.5719 0.6364 0.5996 0.5764 0.6341 0.6064 0.588 0.6503 0.6272 0.6019 0.6572 0.6572
0.0 0.8436 1.0 0.5004 0.5442 0.5189 0.5258 0.6041 0.5719 0.5673 0.6272 0.6041 0.5766 0.6226 0.6202 0.8436 0.8436 0.8436 0.8436 0.8436 0.8436 0.8436 0.8436 0.5194 0.5218 0.575 0.5773 0.5658 0.5936 0.619 0.5866 0.5889 0.6259 0.5936 0.5912 0.6329 0.6028 0.5959 0.6491 0.6282 0.612 0.6676 0.6491 0.498 0.5442 0.5534 0.5396 0.5534 0.6133 0.5719 0.5719 0.6364 0.5996 0.5764 0.6341 0.6064 0.588 0.6503 0.6272 0.6019 0.6572 0.6572 0.6272
0.0 0.8436 1.0 0.5442 0.5189 0.5258 0.6041 0.5719 0.5673 0.6272 0.6041 0.5766 0.6226 0.6202 0.8436 0.8436 0.8436 0.8436 0.8436 0.8436 0.8436 0.8436 0.8436 0.5218 0.575 0.5773 0.5658 0.5936 0.619 0.5866 0.5889 0.6259 0.5936 0.5912 0.6329 0.6028 0.5959 0.6491 0.6282 0.612 0.6676 0.6491 0.6352 0.5442 0.5534 0.5396 0.5534 0.6133 0.5719 0.5719 0.6364 0.5996 0.5764 0.6341 0.6064 0.588 0.6503 0.6272 0.6019 0.6572 0.6572 0.6272 0.6641
0.0 0.8436 1.0 0.5189 0.5258 0.6041 0.5719 0.5673 0.6272 0.6041 0.5766 0.6226 0.6202 0.8436 0.8436 0.8436 0.8436 0.8436 0.8436 0.8436 0.8436 0.8436 0.8436 0.575 0.5773 0.5658 0.5936 0.619 0.5866 0.5889 0.6259 0.5936 0.5912 0.6329 0.6028 0.5959 0.6491 0.6282 0.612 0.6676 0.6491 0.6352 0.6838 0.5534 0.5396 0.5534 0.6133 0.5719 0.5719 0.6364 0.5996 0.5764 0.6341 0.6064 0.588 0.6503 0.6272 0.6019 0.6572 0.6572 0.6272 0.6641 0.6826
0.0 0.8436 1.0 0.5258 0.6041 0.5719 0.5673 0.6272 0.6041 0.5766 0.6226 0.6202 0.8436 0.8436 0.8436 0.8436 0.8436 0.8436 0.8436 0.8436 0.8436 0.8436 0.8436 0.5773 0.5658 0.5936 0.619 0.5866 0.5889 0.6259 0.5936 0.5912 0.6329 0.6028 0.5959 0.6491 0.6282 0.612 0.6676 0.6491 0.6352 0.6838 0.6791 0.5396 0.5534 0.6133 0.5719 0.5719 0.6364 0.5996 0.5764 0.6341 0.6064 0.588 0.6503 0.6272 0.6019 0.6572 0.6572 0.6272 0.6641 0.6826 0.6457
0.0 0.8436 1.0 0.6041 0.5719 0.5673 0.6272 0.6041 0.5766 0.6226 0.6202 0.8436 0.8436 0.8436 0.8436 0.8436 0.8436 0.8436 0.8436 0.8436 0.8436 0.8436 0.8436 0.5658 0.5936 0.619 0.5866 0.5889 0.6259 0.5936 0.5912 0.6329 0.6028 0.5959 0.6491 0.6282 0.612 0.6676 0.6491 0.6352 0.6838 0.6791 0.6513 0.5534 0.6133 0.5719 0.5719 0.6364 0.5996 0.5764 0.6341 0.6064 0.588 0.6503 0.6272 0.6019 0.6572 0.6572 0.6272 0.6641 0.6826 0.6457 0.6596
0.0 0.8436 1.0 0.5719 0.5673 0.6272 0.6041 0.5766 0.6226 0.6202 0.8436 0.8436 0.8436 0.8436 0.8436 0.8436 0.8436 0.8436 0.8436 0.8436 0.8436 0.8436 0.8436 0.5936 0.619 0.5866 0.5889 0.6259 0.5936 0.5912 0.6329 0.6028 0.5959 0.6491 0.6282 0.612 0.6676 0.6491 0.6352 0.6838 0.6791 0.6513 0.6838 0.6133 0.5719 0.5719 0.6364 0.5996 0.5764 0.6341 0.6064 0.588 0.6503 0.6272 0.6019 0.6572 0.6572 0.6272 0.6641 0.6826 0.6457 0.6596 0.708
0.0 0.8436 1.0 0.5673 0.6272 0.6041 0.5766 0.6226 0.6202 0.8436 0.8436 0.8436 0.8436 0.8436 0.8436 0.8436 0.8436 0.8436 0.8436 0.8436 0.8436 0.8436 0.8436 0.619 0.5866 0.5889 0.6259 0.5936 0.5912 0.6329 0.6028 0.5959 0.6491 0.6282 0.612 0.6676 0.6491 0.6352 0.6838 0.6791 0.6513 0.6838 0.7023 0.5719 0.5719 0.6364 0.5996 0.5764 0.6341 0.6064 0.588 0.6503 0.6272 0.6019 0.6572 0.6572 0.6272 0.6641 0.6826 0.6457 0.6596 0.708 0.6572
0.0 0.8436 1.0 0.6272 0.6041 0.5766 0.6226 0.6202 0.8436 0.8436 0.8436 0.8436 0.8436 0.8436 0.8436 0.8436 0.8436 0.8436 0.8436 0.8436 0.8436 0.8436 0.8436 0.5866 0.5889 0.6259 0.5936 0.5912 0.6329 0.6028 0.5959 0.6491 0.6282 0.612 0.6676 0.6491 0.6352 0.6838 0.6791 0.6513 0.6838 0.7023 0.6652 0.5719 0.6364 0.5996 0.5764 0.6341 0.6064 0.588 0.6503 0.6272 0.6019 0.6572 0.6572 0.6272 0.6641 0.6826 0.6457 0.6596 0.708 0.6572 0.648
0.0 0.8436 1.0 0.6041 0.5766 0.6226 0.6202 0.8436 0.8436 0.8436 0.8436 0.8436 0.8436 0.8436 0.8436 0.8436 0.8436 0.8436 0.8436 0.8436 0.8436 0.8436 0.8436 0.5889 0.6259 0.5936 0.5912 0.6329 0.6028 0.5959 0.6491 0.6282 0.612 0.6676 0.6491 0.6352 0.6838 0.6791 0.6513 0.6838 0.7023 0.6652 0.6722 0.6364 0.5996 0.5764 0.6341 0.6064 0.588 0.6503 0.6272 0.6019 0.6572 0.6572 0.6272 0.6641 0.6826 0.6457 0.6596 0.708 0.6572 0.648 0.7149
0.0 0.8436 1.0 0.5766 0.6226 0.6202 0.8436 0.8436 0.8436 0.8436 0.8436 0.8436 0.8436 0.8436 0.8436 0.8436 0.8436 0.8436 0.8436 0.8436 0.8436 0.8436 0.8436 0.6259 0.5936 0.5912 0.6329 0.6028 0.5959 0.6491 0.6282 0.612 0.6676 0.6491 0.6352 0.6838 0.6791 0.6513 0.6838 0.7023 0.6652 0.6722 0.7186 0.5996 0.5764 0.6341 0.6064 0.588 0.6503 0.6272 0.6019 0.6572 0.6572 0.6272 0.6641 0.6826 0.6457 0.6596 0.708 0.6572 0.648 0.7149 0.6688
0.0 0.8436 1.0 0.6226 0.6202 0.8436 0.8436 0.8436 0.8436 0.8436 0.8436 0.8436 0.8436 0.8436 0.8436 0.8436 0.8436 0.8436 0.8436 0.8436 0.8436 0.8436 0.8436 0.5936 0.5912 0.6329 0.6028 0.5959 0.6491 0.6282 0.612 0.6676 0.6491 0.6352 0.6838 0.6791 0.6513 0.6838 0.7023 0.6652 0.6722 0.7186 0.6722 0.5764 0.6341 0.6064 0.588 0.6503 0.6272 0.6019 0.6572 0.6572 0.6272 0.6641 0.6826 0.6457 0.6596 0.708 0.6572 0.648 0.7149 0.6688 0.6341
0.0 0.8436 1.0 0.6202 0.8436 0.8436 0.8436 0.8436 0.8436 0.8436 0.8436 0.8436 0.8436 0.8436 0.8436 0.8436 0.8436 0.8436 0.8436 0.8436 0.8436 0.8436 0.8436 0.5912 0.6329 0.6028 0.5959 0.6491 0.6282 0.612 0.6676 0.6491 0.6352 0.6838 0.6791 0.6513 0.6838 0.7023 0.6652 0.6722 0.7186 0.6722 0.6513 0.6341 0.6064 0.588 0.6503 0.6272 0.6019 0.6572 0.6572 0.6272 0.6641 0.6826 0.6457 0.6596 0.708 0.6572 0.648 0.7149 0.6688 0.6341 0.6988
0.0 0.8436 1.0 0.8436 0.8436 0.8436 0.8436 0.8436 0.8436 0.8436 0.8436 0.8436 0.8436 0.8436 0.8436 0.8436 0.8436 0.8436 0.8436 0.8436 0.8436 0.8436 0.8436 0.6329 0.6028 0.5959 0.6491 0.6282 0.612 0.6676 0.6491 0.6352 0.6838 0.6791 0.6513 0.6838 0.7023 0.6652 0.6722 0.7186 0.6722 0.6513 0.7162 0.6064 0.588 0.6503 0.6272 0.6019 0.6572 0.6572 0.6272 0.6641 0.6826 0.6457 0.6596 0.708 0.6572 0.648 0.7149 0.6688 0.6341 0.6988 0.6664
0.0 0.8436 1.0 0.8436 0.8436 0.8436 0.8436 0.8436 0.8436 0.8436 0.8436 0.8436 0.8436 0.8436 0.8436 0.8436 0.8436 0.8436 0.8436 0.8436 0.8436 0.8436 0.8436 0.6028 0.5959 0.6491 0.6282 0.612 0.6676 0.6491 0.6352 0.6838 0.6791 0.6513 0.6838 0.7023 0.6652 0.6722 0.7186 0.6722 0.6513 0.7162 0.6746 0.588 0.6503 0.6272 0.6019 0.6572 0.6572 0.6272 0.6641 0.6826 0.6457 0.6596 0.708 0.6572 0.648 0.7149 0.6688 0.6341 0.6988 0.6664 0.6319
0.0 0.8436 1.0 0.8436 0.8436 0.8436 0.8436 0.8436 0.8436 0.8436 0.8436 0.8436 0.8436 0.8436 0.8436 0.8436 0.8436 0.8436 0.8436 0.8436 0.8436 0.8436 0.8436 0.5959 0.6491 0.6282 0.612 0.6676 0.6491 0.6352 0.6838 0.6791 0.6513 0.6838 0.7023 0.6652 0.6722 0.7186 0.6722 0.6513 0.7162 0.6746 0.6421 0.6503 0.6272 0.6019 0.6572 0.6572 0.6272 0.6641 0.6826 0.6457 0.6596 0.708 0.6572 0.648 0.7149 0.6688 0.6341 0.6988 0.6664 0.6319 0.6572
0.0 0.8436 1.0 0.8436 0.8436 0.8436 0.8436 0.8436 0.8436 0.8436 0.8436 0.8436 0.8436 0.8436 0.8436 0.8436 0.8436 0.8436 0.8436 0.8436 0.8436 0.8436 0.8436 0.6491 0.6282 0.612 0.6676 0.6491 0.6352 0.6838 0.6791 0.6513 0.6838 0.7023 0.6652 0.6722 0.7186 0.6722 0.6513 0.7162 0.6746 0.6421 0.6884 0.6272 0.6019 0.6572 0.6572 0.6272 0.6641 0.6826 0.6457 0.6596 0.708 0.6572 0.648 0.7149 0.6688 0.6341 0.6988 0.6664 0.6319 0.6572 0.6688
0.0 0.8436 1.0 0.8436 0.8436 0.8436 0.8436 0.8436 0.8436 0.8436 0.8436 0.8436 0.8436 0.8436 0.8436 0.8436 0.8436 0.8436 0.8436 0.8436 0.8436 0.8436 0.8436 0.6282 0.612 0.6676 0.6491 0.6352 0.6838 0.6791 0.6513 0.6838 0.7023 0.6652 0.6722 0.7186 0.6722 0.6513 0.7162 0.6746 0.6421 0.6884 0.6769 0.6019 0.6572 0.6572 0.6272 0.6641 0.6826 0.6457 0.6596 0.708 0.6572 0.648 0.7149 0.6688 0.6341 0.6988 0.6664 0.6319 0.6572 0.6688 0.6296
0.0 0.6041 1.0 0.8436 0.8436 0.8436 0.8436 0.8436 0.8436 0.8436 0.8436 0.8436 0.8436 0.8436 0.8436 0.8436 0.8436 0.8436 0.8436 0.8436 0.8436 0.8436 0.8436 0.612 0.6676 0.6491 0.6352 0.6838 0.6791 0.6513 0.6838 0.7023 0.6652 0.6722 0.7186 0.6722 0.6513 0.7162 0.6746 0.6421 0.6884 0.6769 0.6421 0.6572 0.6572 0.6272 0.6641 0.6826 0.6457 0.6596 0.708 0.6572 0.648 0.7149 0.6688 0.6341 0.6988 0.6664 0.6319 0.6572 0.6688 0.6296 0.6272
0.0 0.6318 1.0 0.8436 0.8436 0.8436 0.8436 0.8436 0.8436 0.8436 0.8436 0.8436 0.8436 0.8436 0.8436 0.8436 0.8436 0.8436 0.8436 0.8436 0.8436 0.8436 0.8436 0.6676 0.6491 0.6352 0.6838 0.6791 0.6513 0.6838 0.7023 0.6652 0.6722 0.7186 0.6722 0.6513 0.7162 0.6746 0.6421 0.6884 0.6769 0.6421 0.6652 0.6572 0.6272 0.6641 0.6826 0.6457 0.6596 0.708 0.6572 0.648 0.7149 0.6688 0.6341 0.6988 0.6664 0.6319 0.6572 0.6688 0.6296 0.6272 0.648
0.7983 0.611 0.0 0.8436 0.8436 0.8436 0.8436 0.8436 0.8436 0.8436 0.8436 0.8436 0.8436 0.8436 0.8436 0.8436 0.8436 0.8436 0.8436 0.8436 0.8436 0.8436 0.6041 0.6491 0.6352 0.6838 0.6791 0.6513 0.6838 0.7023 0.6652 0.6722 0.7186 0.6722 0.6513 0.7162 0.6746 0.6421 0.6884 0.6769 0.6421 0.6652 0.6769 0.6272 0.6641 0.6826 0.6457 0.6596 0.708 0.6572 0.648 0.7149 0.6688 0.6341 0.6988 0.6664 0.6319 0.6572 0.6688 0.6296 0.6272 0.648 0.6226
0.0923 0.5927 0.0 0.8436 0.8436 0.8436 0.8436 0.8436 0.8436 0.8436 0.8436 0.8436 0.8436 0.8436 0.8436 0.8436 0.8436 0.8436 0.8436 0.8436 0.8436 0.6041 0.6318 0.6352 0.6838 0.6791 0.6513 0.6838 0.7023 0.6652 0.6722 0.7186 0.6722 0.6513 0.7162 0.6746 0.6421 0.6884 0.6769 0.6421 0.6652 0.6769 0.6444 0.6641 0.6826 0.6457 0.6596 0.708 0.6572 0.648 0.7149 0.6688 0.6341 0.6988 0.6664 0.6319 0.6572 0.6688 0.6296 0.6272 0.648 0.6226 0.5996
0.0693 0.5719 0.0 0.8436 0.8436 0.8436 0.8436 0.8436 0.8436 0.8436 0.8436 0.8436 0.8436 0.8436 0.8436 0.8436 0.8436 0.8436 0.8436 0.8436 0.6041 0.6318 0.611 0.6838 0.6791 0.6513 0.6838 0.7023 0.6652 0.6722 0.7186 0.6722 0.6513 0.7162 0.6746 0.6421 0.6884 0.6769 0.6421 0.6652 0.6769 0.6444 0.6329 0.6826 0.6457 0.6596 0.708 0.6572 0.648 0.7149 0.6688 0.6341 0.6988 0.6664 0.6319 0.6572 0.6688 0.6296 0.6272 0.648 0.6226 0.5996 0.6364
0.061 0.5673 0.0 0.8436 0.8436 0.8436 0.8436 0.8436 0.8436 0.8436 0.8436 0.8436 0.8436 0.8436 0.8436 0.8436 0.8436 0.8436 0.8436 0.6041 0.6318 0.611 0.5927 0.6791 0.6513 0.6838 0.7023 0.6652 0.6722 0.7186 0.6722 0.6513 0.7162 0.6746 0.6421 0.6884 0.6769 0.6421 0.6652 0.6769 0.6444 0.6329 0.6537 0.6457 0.6596 0.708 0.6572 0.648 0.7149 0.6688 0.6341 0.6988 0.6664 0.6319 0.6572 0.6688 0.6296 0.6272 0.648 0.6226 0.5996 0.6364 0.6203
0.0693 0.5558 0.0 0.8436 0.8436 0.8436 0.8436 0.8436 0.8436 0.8436 0.8436 0.8436 0.8436 0.8436 0.8436 0.8436 0.8436 0.8436 0.6041 0.6318 0.611 0.5927 0.5719 0.6513 0.6838 0.7023 0.6652 0.6722 0.7186 0.6722 0.6513 0.7162 0.6746 0.6421 0.6884 0.6769 0.6421 0.6652 0.6769 0.6444 0.6329 0.6537 0.6491 0.6596 0.708 0.6572 0.648 0.7149 0.6688 0.6341 0.6988 0.6664 0.6319 0.6572 0.6688 0.6296 0.6272 0.648 0.6226 0.5996 0.6364 0.6203 0.6019
0.0153 0.5328 0.0 0.8436 0.8436 0.8436 0.8436 0.8436 0.8436 0.8436 0.8436 0.8436 0.8436 0.8436 0.8436 0.8436 0.8436 0.6041 0.6318 0.611 0.5927 0.5719 0.5673 0.6838 0.7023 0.6652 0.6722 0.7186 0.6722 0.6513 0.7162 0.6746 0.6421 0.6884 0.6769 0.6421 0.6652 0.6769 0.6444 0.6329 0.6537 0.6491 0.6213 0.708 0.6572 0.648 0.7149 0.6688 0.6341 0.6988 0.6664 0.6319 0.6572 0.6688 0.6296 0.6272 0.648 0.6226 0.5996 0.6364 0.6203 0.6019 0.5834
0.0383 0.5097 0.0 0.8436 0.8436 0.8436 0.8436 0.8436 0.8436 0.8436 0.8436 0.8436 0.8436 0.8436 0.8436 0.8436 0.6041 0.6318 0.611 0.5927 0.5719 0.5673 0.5558 0.7023 0.6652 0.6722 0.7186 0.6722 0.6513 0.7162 0.6746 0.6421 0.6884 0.6769 0.6421 0.6652 0.6769 0.6444 0.6329 0.6537 0.6491 0.6213 0.5959 0.6572 0.648 0.7149 0.6688 0.6341 0.6988 0.6664 0.6319 0.6572 0.6688 0.6296 0.6272 0.648 0.6226 0.5996 0.6364 0.6203 0.6019 0.5834 0.5696
0.0767 0.5051 0.0 0.8436 0.8436 0.8436 0.8436 0.8436 0.8436 0.8436 0.8436 0.8436 0.8436 0.8436 0.8436 0.6041 0.6318 0.611 0.5927 0.5719 0.5673 0.5558 0.5328 0.6652 0.6722 0.7186 0.6722 0.6513 0.7162 0.6746 0.6421 0.6884 0.6769 0.6421 0.6652 0.6769 0.6444 0.6329 0.6537 0.6491 0.6213 0.5959 0.5797 0.648 0.7149 0.6688 0.6341 0.6988 0.6664 0.6319 0.6572 0.6688 0.6296 0.6272 0.648 0.6226 0.5996 0.6364 0.6203 0.6019 0.5834 0.5696 0.5649
0.077 0.489 0.0 0.8436 0.8436 0.8436 0.8436 0.8436 0.8436 0.8436 0.8436 0.8436 0.8436 0.8436 0.6041 0.6318 0.611 0.5927 0.5719 0.5673 0.5558 0.5328 0.5097 0.6722 0.7186 0.6722 0.6513 0.7162 0.6746 0.6421 0.6884 0.6769 0.6421 0.6652 0.6769 0.6444 0.6329 0.6537 0.6491 0.6213 0.5959 0.5797 0.5634 0.7149 0.6688 0.6341 0.6988 0.6664 0.6319 0.6572 0.6688 0.6296 0.6272 0.648 0.6226 0.5996 0.6364 0.6203 0.6019 0.5834 0.5696 0.5649 0.5419
0.0153 0.4659 0.0 0.8436 0.8436 0.8436 0.8436 0.8436 0.8436 0.8436 0.8436 0.8436 0.8436 0.6041 0.6318 0.611 0.5927 0.5719 0.5673 0.5558 0.5328 0.5097 0.5051 0.7186 0.6722 0.6513 0.7162 0.6746 0.6421 0.6884 0.6769 0.6421 0.6652 0.6769 0.6444 0.6329 0.6537 0.6491 0.6213 0.5959 0.5797 0.5634 0.538 0.6688 0.6341 0.6988 0.6664 0.6319 0.6572 0.6688 0.6296 0.6272 0.648 0.6226 0.5996 0.6364 0.6203 0.6019 0.5834 0.5696 0.5649 0.5419 0.5258
0.0537 0.4637 0.0 0.8436 0.8436 0.8436 0.8436 0.8436 0.8436 0.8436 0.8436 0.8436 0.6041 0.6318 0.611 0.5927 0.5719 0.5673 0.5558 0.5328 0.5097 0.5051 0.489 0.6722 0.6513 0.7162 0.6746 0.6421 0.6884 0.6769 0.6421 0.6652 0.6769 0.6444 0.6329 0.6537 0.6491 0.6213 0.5959 0.5797 0.5634 0.538 0.5241 0.6341 0.6988 0.6664 0.6319 0.6572 0.6688 0.6296 0.6272 0.648 0.6226 0.5996 0.6364 0.6203 0.6019 0.5834 0.5696 0.5649 0.5419 0.5258 0.5234
0.077 0.4544 0.0 0.8436 0.8436 0.8436 0.8436 0.8436 0.8436 0.8436 0.8436 0.6041 0.6318 0.611 0.5927 0.5719 0.5673 0.5558 0.5328 0.5097 0.5051 0.489 0.4659 0.6513 0.7162 0.6746 0.6421 0.6884 0.6769 0.6421 0.6652 0.6769 0.6444 0.6329 0.6537 0.6491 0.6213 0.5959 0.5797 0.5634 0.538 0.5241 0.5171 0.6988 0.6664 0.6319 0.6572 0.6688 0.6296 0.6272 0.648 0.6226 0.5996 0.6364 0.6203 0.6019 0.5834 0.5696 0.5649 0.5419 0.5258 0.5234 0.5027
0.0073 0.4314 0.0 0.8436 0.8436 0.8436 0.8436 0.8436 0.8436 0.8436 0.6041 0.6318 0.611 0.5927 0.5719 0.5673 0.5558 0.5328 0.5097 0.5051 0.489 0.4659 0.4637 0.7162 0.6746 0.6421 0.6884 0.6769 0.6421 0.6652 0.6769 0.6444 0.6329 0.6537 0.6491 0.6213 0.5959 0.5797 0.5634 0.538 0.5241 0.5171 0.494 0.6664 0.6319 0.6572 0.6688 0.6296 0.6272 0.648 0.6226 0.5996 0.6364 0.6203 0.6019 0.5834 0.5696 0.5649 0.5419 0.5258 0.5234 0.5027 0.4819
0.031 0.4222 0.0 0.8436 0.8436 0.8436 0.8436 0.8436 0.8436 0.6041 0.6318 0.611 0.5927 0.5719 0.5673 0.5558 0.5328 0.5097 0.5051 0.489 0.4659 0.4637 0.4544 0.6746 0.6421 0.6884 0.6769 0.6421 0.6652 0.6769 0.6444 0.6329 0.6537 0.6491 0.6213 0.5959 0.5797 0.5634 0.538 0.5241 0.5171 0.494 0.4754 0.6319 0.6572 0.6688 0.6296 0.6272 0.648 0.6226 0.5996 0.6364 0.6203 0.6019 0.5834 0.5696 0.5649 0.5419 0.5258 0.5234 0.5027 0.4819 0.4819
0.0767 0.4176 0.0 0.8436 0.8436 0.8436 0.8436 0.8436 0.6041 0.6318 0.611 0.5927 0.5719 0.5673 0.5558 0.5328 0.5097 0.5051 0.489 0.4659 0.4637 0.4544 0.4314 0.6421 0.6884 0.6769 0.6421 0.6652 0.6769 0.6444 0.6329 0.6537 0.6491 0.6213 0.5959 0.5797 0.5634 0.538 0.5241 0.5171 0.494 0.4754 0.4732 0.6572 0.6688 0.6296 0.6272 0.648 0.6226 0.5996 0.6364 0.6203 0.6019 0.5834 0.5696 0.5649 0.5419 0.5258 0.5234 0.5027 0.4819 0.4819 0.4658
0.0307 0.3969 0.0 0.8436 0.8436 0.8436 0.8436 0.6041 0.6318 0.611 0.5927 0.5719 0.5673 0.5558 0.5328 0.5097 0.5051 0.489 0.4659 0.4637 0.4544 0.4314 0.4222 0.6884 0.6769 0.6421 0.6652 0.6769 0.6444 0.6329 0.6537 0.6491 0.6213 0.5959 0.5797 0.5634 0.538 0.5241 0.5171 0.494 0.4754 0.4732 0.4547 0.6688 0.6296 0.6272 0.648 0.6226 0.5996 0.6364 0.6203 0.6019 0.5834 0.5696 0.5649 0.5419 0.5258 0.5234 0.5027 0.4819 0.4819 0.4658 0.445
0.0153 0.3853 0.0 0.8436 0.8436 0.8436 0.6041 0.6318 0.611 0.5927 0.5719 0.5673 0.5558 0.5328 0.5097 0.5051 0.489 0.4659 0.4637 0.4544 0.4314 0.4222 0.4176 0.6769 0.6421 0.6652 0.6769 0.6444 0.6329 0.6537 0.6491 0.6213 0.5959 0.5797 0.5634 0.538 0.5241 0.5171 0.494 0.4754 0.4732 0.4547 0.4361 0.6296 0.6272 0.648 0.6226 0.5996 0.6364 0.6203 0.6019 0.5834 0.5696 0.5649 0.5419 0.5258 0.5234 0.5027 0.4819 0.4819 0.4658 0.445 0.4403
0.069 0.3853 0.0 0.8436 0.8436 0.6041 0.6318 0.611 0.5927 0.5719 0.5673 0.5558 0.5328 0.5097 0.5051 0.489 0.4659 0.4637 0.4544 0.4314 0.4222 0.4176 0.3969 0.6421 0.6652 0.6769 0.6444 0.6329 0.6537 0.6491 0.6213 0.5959 0.5797 0.5634 0.538 0.5241 0.5171 0.494 0.4754 0.4732 0.4547 0.4361 0.4316 0.6272 0.648 0.6226 0.5996 0.6364 0.6203 0.6019 0.5834 0.5696 0.5649 0.5419 0.5258 0.5234 0.5027 0.4819 0.4819 0.4658 0.445 0.4403 0.4311
0.0387 0.3692 0.0 0.8436 0.6041 0.6318 0.611 0.5927 0.5719 0.5673 0.5558 0.5328 0.5097 0.5051 0.489 0.4659 0.4637 0.4544 0.4314 0.4222 0.4176 0.3969 0.3853 0.6652 0.6769 0.6444 0.6329 0.6537 0.6491 0.6213 0.5959 0.5797 0.5634 0.538 0.5241 0.5171 0.494 0.4754 0.4732 0.4547 0.4361 0.4316 0.4199 0.648 0.6226 0.5996 0.6364 0.6203 0.6019 0.5834 0.5696 0.5649 0.5419 0.5258 0.5234 0.5027 0.4819 0.4819 0.4658 0.445 0.4403 0.4311 0.4127
