0.5059 1.0 0.0227 0.78 0.79 0.8 0.81 0.82 0.83 0.84 0.85 0.86 0.87 0.88 0.89 0.9 0.91 0.92 0.93 0.94 0.95 0.96 0.97 0.5889 0.5681 0.5589 0.5566 0.5428 0.5267 0.5267 0.5129 0.499 0.4921 0.4829 0.4713 0.4621 0.4576 0.4438 0.4368 0.4299 0.4207 0.4114 0.4046 0.4408 0.4361 0.4246 0.406 0.4014 0.3921 0.376 0.369 0.3598 0.3459 0.3367 0.332 0.3181 0.3089 0.3019 0.2927 0.2833 0.2764 0.2672 0.2788 0.4473 0.4381 0.4173 0.4127 0.4081 0.3897 0.3804 0.3781 0.362 0.3504 0.3436 0.3342 0.3204 0.3158 0.3066 0.2973 0.2904 0.2812 0.272 0.2697
0.4921 1.0 0.0227 0.79 0.8 0.81 0.82 0.83 0.84 0.85 0.86 0.87 0.88 0.89 0.9 0.91 0.92 0.93 0.94 0.95 0.96 0.97 0.0 0.5681 0.5589 0.5566 0.5428 0.5267 0.5267 0.5129 0.499 0.4921 0.4829 0.4713 0.4621 0.4576 0.4438 0.4368 0.4299 0.4207 0.4114 0.4046 0.4114 0.4361 0.4246 0.406 0.4014 0.3921 0.376 0.369 0.3598 0.3459 0.3367 0.332 0.3181 0.3089 0.3019 0.2927 0.2833 0.2764 0.2672 0.2788 0.2996 0.4381 0.4173 0.4127 0.4081 0.3897 0.3804 0.3781 0.362 0.3504 0.3436 0.3342 0.3204 0.3158 0.3066 0.2973 0.2904 0.2812 0.272 0.2697 0.2651
0.4713 1.0 0.315 0.8 0.81 0.82 0.83 0.84 0.85 0.86 0.87 0.88 0.89 0.9 0.91 0.92 0.93 0.94 0.95 0.96 0.97 0.0 0.01 0.5589 0.5566 0.5428 0.5267 0.5267 0.5129 0.499 0.4921 0.4829 0.4713 0.4621 0.4576 0.4438 0.4368 0.4299 0.4207 0.4114 0.4046 0.4114 0.5059 0.4246 0.406 0.4014 0.3921 0.376 0.369 0.3598 0.3459 0.3367 0.332 0.3181 0.3089 0.3019 0.2927 0.2833 0.2764 0.2672 0.2788 0.2996 0.2857 0.4173 0.4127 0.4081 0.3897 0.3804 0.3781 0.362 0.3504 0.3436 0.3342 0.3204 0.3158 0.3066 0.2973 0.2904 0.2812 0.272 0.2697 0.2651 0.2973
0.5566 1.0 0.046 0.81 0.82 0.83 0.84 0.85 0.86 0.87 0.88 0.89 0.9 0.91 0.92 0.93 0.94 0.95 0.96 0.97 0.0 0.01 0.02 0.5566 0.5428 0.5267 0.5267 0.5129 0.499 0.4921 0.4829 0.4713 0.4621 0.4576 0.4438 0.4368 0.4299 0.4207 0.4114 0.4046 0.4114 0.5059 0.4921 0.406 0.4014 0.3921 0.376 0.369 0.3598 0.3459 0.3367 0.332 0.3181 0.3089 0.3019 0.2927 0.2833 0.2764 0.2672 0.2788 0.2996 0.2857 0.3204 0.4127 0.4081 0.3897 0.3804 0.3781 0.362 0.3504 0.3436 0.3342 0.3204 0.3158 0.3066 0.2973 0.2904 0.2812 0.272 0.2697 0.2651 0.2973 0.3712
0.552 1.0 0.0693 0.82 0.83 0.84 0.85 0.86 0.87 0.88 0.89 0.9 0.91 0.92 0.93 0.94 0.95 0.96 0.97 0.0 0.01 0.02 0.03 0.5428 0.5267 0.5267 0.5129 0.499 0.4921 0.4829 0.4713 0.4621 0.4576 0.4438 0.4368 0.4299 0.4207 0.4114 0.4046 0.4114 0.5059 0.4921 0.4713 0.4014 0.3921 0.376 0.369 0.3598 0.3459 0.3367 0.332 0.3181 0.3089 0.3019 0.2927 0.2833 0.2764 0.2672 0.2788 0.2996 0.2857 0.3204 0.3644 0.4081 0.3897 0.3804 0.3781 0.362 0.3504 0.3436 0.3342 0.3204 0.3158 0.3066 0.2973 0.2904 0.2812 0.272 0.2697 0.2651 0.2973 0.3712 0.3412
0.5198 1.0 0.2843 0.83 0.84 0.85 0.86 0.87 0.88 0.89 0.9 0.91 0.92 0.93 0.94 0.95 0.96 0.97 0.0 0.01 0.02 0.03 0.04 0.5267 0.5267 0.5129 0.499 0.4921 0.4829 0.4713 0.4621 0.4576 0.4438 0.4368 0.4299 0.4207 0.4114 0.4046 0.4114 0.5059 0.4921 0.4713 0.5566 0.3921 0.376 0.369 0.3598 0.3459 0.3367 0.332 0.3181 0.3089 0.3019 0.2927 0.2833 0.2764 0.2672 0.2788 0.2996 0.2857 0.3204 0.3644 0.3389 0.3897 0.3804 0.3781 0.362 0.3504 0.3436 0.3342 0.3204 0.3158 0.3066 0.2973 0.2904 0.2812 0.272 0.2697 0.2651 0.2973 0.3712 0.3412 0.3342
0.5704 1.0 0.0153 0.84 0.85 0.86 0.87 0.88 0.89 0.9 0.91 0.92 0.93 0.94 0.95 0.96 0.97 0.0 0.01 0.02 0.03 0.04 0.05 0.5267 0.5129 0.499 0.4921 0.4829 0.4713 0.4621 0.4576 0.4438 0.4368 0.4299 0.4207 0.4114 0.4046 0.4114 0.5059 0.4921 0.4713 0.5566 0.552 0.376 0.369 0.3598 0.3459 0.3367 0.332 0.3181 0.3089 0.3019 0.2927 0.2833 0.2764 0.2672 0.2788 0.2996 0.2857 0.3204 0.3644 0.3389 0.3436 0.3804 0.3781 0.362 0.3504 0.3436 0.3342 0.3204 0.3158 0.3066 0.2973 0.2904 0.2812 0.272 0.2697 0.2651 0.2973 0.3712 0.3412 0.3342 0.4197
0.5981 1.0 0.1073 0.85 0.86 0.87 0.88 0.89 0.9 0.91 0.92 0.93 0.94 0.95 0.96 0.97 0.0 0.01 0.02 0.03 0.04 0.05 0.06 0.5129 0.499 0.4921 0.4829 0.4713 0.4621 0.4576 0.4438 0.4368 0.4299 0.4207 0.4114 0.4046 0.4114 0.5059 0.4921 0.4713 0.5566 0.552 0.5198 0.369 0.3598 0.3459 0.3367 0.332 0.3181 0.3089 0.3019 0.2927 0.2833 0.2764 0.2672 0.2788 0.2996 0.2857 0.3204 0.3644 0.3389 0.3436 0.4153 0.3781 0.362 0.3504 0.3436 0.3342 0.3204 0.3158 0.3066 0.2973 0.2904 0.2812 0.272 0.2697 0.2651 0.2973 0.3712 0.3412 0.3342 0.4197 0.3873
0.5566 1.0 0.1687 0.86 0.87 0.88 0.89 0.9 0.91 0.92 0.93 0.94 0.95 0.96 0.97 0.0 0.01 0.02 0.03 0.04 0.05 0.06 0.07 0.499 0.4921 0.4829 0.4713 0.4621 0.4576 0.4438 0.4368 0.4299 0.4207 0.4114 0.4046 0.4114 0.5059 0.4921 0.4713 0.5566 0.552 0.5198 0.5704 0.3598 0.3459 0.3367 0.332 0.3181 0.3089 0.3019 0.2927 0.2833 0.2764 0.2672 0.2788 0.2996 0.2857 0.3204 0.3644 0.3389 0.3436 0.4153 0.3783 0.362 0.3504 0.3436 0.3342 0.3204 0.3158 0.3066 0.2973 0.2904 0.2812 0.272 0.2697 0.2651 0.2973 0.3712 0.3412 0.3342 0.4197 0.3873 0.3597
0.5727 1.0 0.0923 0.87 0.88 0.89 0.9 0.91 0.92 0.93 0.94 0.95 0.96 0.97 0.0 0.01 0.02 0.03 0.04 0.05 0.06 0.07 0.08 0.4921 0.4829 0.4713 0.4621 0.4576 0.4438 0.4368 0.4299 0.4207 0.4114 0.4046 0.4114 0.5059 0.4921 0.4713 0.5566 0.552 0.5198 0.5704 0.5981 0.3459 0.3367 0.332 0.3181 0.3089 0.3019 0.2927 0.2833 0.2764 0.2672 0.2788 0.2996 0.2857 0.3204 0.3644 0.3389 0.3436 0.4153 0.3783 0.3644 0.3504 0.3436 0.3342 0.3204 0.3158 0.3066 0.2973 0.2904 0.2812 0.272 0.2697 0.2651 0.2973 0.3712 0.3412 0.3342 0.4197 0.3873 0.3597 0.4311
0.6372 1.0 0.1383 0.88 0.89 0.9 0.91 0.92 0.93 0.94 0.95 0.96 0.97 0.0 0.01 0.02 0.03 0.04 0.05 0.06 0.07 0.08 0.09 0.4829 0.4713 0.4621 0.4576 0.4438 0.4368 0.4299 0.4207 0.4114 0.4046 0.4114 0.5059 0.4921 0.4713 0.5566 0.552 0.5198 0.5704 0.5981 0.5566 0.3367 0.332 0.3181 0.3089 0.3019 0.2927 0.2833 0.2764 0.2672 0.2788 0.2996 0.2857 0.3204 0.3644 0.3389 0.3436 0.4153 0.3783 0.3644 0.4408 0.3436 0.3342 0.3204 0.3158 0.3066 0.2973 0.2904 0.2812 0.272 0.2697 0.2651 0.2973 0.3712 0.3412 0.3342 0.4197 0.3873 0.3597 0.4311 0.4266
0.5958 1.0 0.0537 0.89 0.9 0.91 0.92 0.93 0.94 0.95 0.96 0.97 0.0 0.01 0.02 0.03 0.04 0.05 0.06 0.07 0.08 0.09 0.1 0.4713 0.4621 0.4576 0.4438 0.4368 0.4299 0.4207 0.4114 0.4046 0.4114 0.5059 0.4921 0.4713 0.5566 0.552 0.5198 0.5704 0.5981 0.5566 0.5727 0.332 0.3181 0.3089 0.3019 0.2927 0.2833 0.2764 0.2672 0.2788 0.2996 0.2857 0.3204 0.3644 0.3389 0.3436 0.4153 0.3783 0.3644 0.4408 0.4177 0.3342 0.3204 0.3158 0.3066 0.2973 0.2904 0.2812 0.272 0.2697 0.2651 0.2973 0.3712 0.3412 0.3342 0.4197 0.3873 0.3597 0.4311 0.4266 0.3897
0.5727 1.0 0.215 0.9 0.91 0.92 0.93 0.94 0.95 0.96 0.97 0.0 0.01 0.02 0.03 0.04 0.05 0.06 0.07 0.08 0.09 0.1 0.11 0.4621 0.4576 0.4438 0.4368 0.4299 0.4207 0.4114 0.4046 0.4114 0.5059 0.4921 0.4713 0.5566 0.552 0.5198 0.5704 0.5981 0.5566 0.5727 0.6372 0.3181 0.3089 0.3019 0.2927 0.2833 0.2764 0.2672 0.2788 0.2996 0.2857 0.3204 0.3644 0.3389 0.3436 0.4153 0.3783 0.3644 0.4408 0.4177 0.3899 0.3204 0.3158 0.3066 0.2973 0.2904 0.2812 0.272 0.2697 0.2651 0.2973 0.3712 0.3412 0.3342 0.4197 0.3873 0.3597 0.4311 0.4266 0.3897 0.4242
0.6557 1.0 0.138 0.91 0.92 0.93 0.94 0.95 0.96 0.97 0.0 0.01 0.02 0.03 0.04 0.05 0.06 0.07 0.08 0.09 0.1 0.11 0.12 0.4576 0.4438 0.4368 0.4299 0.4207 0.4114 0.4046 0.4114 0.5059 0.4921 0.4713 0.5566 0.552 0.5198 0.5704 0.5981 0.5566 0.5727 0.6372 0.5958 0.3089 0.3019 0.2927 0.2833 0.2764 0.2672 0.2788 0.2996 0.2857 0.3204 0.3644 0.3389 0.3436 0.4153 0.3783 0.3644 0.4408 0.4177 0.3899 0.4523 0.3158 0.3066 0.2973 0.2904 0.2812 0.272 0.2697 0.2651 0.2973 0.3712 0.3412 0.3342 0.4197 0.3873 0.3597 0.4311 0.4266 0.3897 0.4242 0.4611
0.6303 1.0 0.077 0.92 0.93 0.94 0.95 0.96 0.97 0.0 0.01 0.02 0.03 0.04 0.05 0.06 0.07 0.08 0.09 0.1 0.11 0.12 0.13 0.4438 0.4368 0.4299 0.4207 0.4114 0.4046 0.4114 0.5059 0.4921 0.4713 0.5566 0.552 0.5198 0.5704 0.5981 0.5566 0.5727 0.6372 0.5958 0.5727 0.3019 0.2927 0.2833 0.2764 0.2672 0.2788 0.2996 0.2857 0.3204 0.3644 0.3389 0.3436 0.4153 0.3783 0.3644 0.4408 0.4177 0.3899 0.4523 0.4593 0.3066 0.2973 0.2904 0.2812 0.272 0.2697 0.2651 0.2973 0.3712 0.3412 0.3342 0.4197 0.3873 0.3597 0.4311 0.4266 0.3897 0.4242 0.4611 0.4219
0.5981 1.0 0.2767 0.93 0.94 0.95 0.96 0.97 0.0 0.01 0.02 0.03 0.04 0.05 0.06 0.07 0.08 0.09 0.1 0.11 0.12 0.13 0.14 0.4368 0.4299 0.4207 0.4114 0.4046 0.4114 0.5059 0.4921 0.4713 0.5566 0.552 0.5198 0.5704 0.5981 0.5566 0.5727 0.6372 0.5958 0.5727 0.6557 0.2927 0.2833 0.2764 0.2672 0.2788 0.2996 0.2857 0.3204 0.3644 0.3389 0.3436 0.4153 0.3783 0.3644 0.4408 0.4177 0.3899 0.4523 0.4593 0.4246 0.2973 0.2904 0.2812 0.272 0.2697 0.2651 0.2973 0.3712 0.3412 0.3342 0.4197 0.3873 0.3597 0.4311 0.4266 0.3897 0.4242 0.4611 0.4219 0.4197
0.6396 1.0 0.0847 0.94 0.95 0.96 0.97 0.0 0.01 0.02 0.03 0.04 0.05 0.06 0.07 0.08 0.09 0.1 0.11 0.12 0.13 0.14 0.15 0.4299 0.4207 0.4114 0.4046 0.4114 0.5059 0.4921 0.4713 0.5566 0.552 0.5198 0.5704 0.5981 0.5566 0.5727 0.6372 0.5958 0.5727 0.6557 0.6303 0.2833 0.2764 0.2672 0.2788 0.2996 0.2857 0.3204 0.3644 0.3389 0.3436 0.4153 0.3783 0.3644 0.4408 0.4177 0.3899 0.4523 0.4593 0.4246 0.4523 0.2904 0.2812 0.272 0.2697 0.2651 0.2973 0.3712 0.3412 0.3342 0.4197 0.3873 0.3597 0.4311 0.4266 0.3897 0.4242 0.4611 0.4219 0.4197 0.4866
0.6557 1.0 0.1073 0.95 0.96 0.97 0.0 0.01 0.02 0.03 0.04 0.05 0.06 0.07 0.08 0.09 0.1 0.11 0.12 0.13 0.14 0.15 0.16 0.4207 0.4114 0.4046 0.4114 0.5059 0.4921 0.4713 0.5566 0.552 0.5198 0.5704 0.5981 0.5566 0.5727 0.6372 0.5958 0.5727 0.6557 0.6303 0.5981 0.2764 0.2672 0.2788 0.2996 0.2857 0.3204 0.3644 0.3389 0.3436 0.4153 0.3783 0.3644 0.4408 0.4177 0.3899 0.4523 0.4593 0.4246 0.4523 0.4987 0.2812 0.272 0.2697 0.2651 0.2973 0.3712 0.3412 0.3342 0.4197 0.3873 0.3597 0.4311 0.4266 0.3897 0.4242 0.4611 0.4219 0.4197 0.4866 0.4542
0.6234 1.0 0.1383 0.96 0.97 0.0 0.01 0.02 0.03 0.04 0.05 0.06 0.07 0.08 0.09 0.1 0.11 0.12 0.13 0.14 0.15 0.16 0.17 0.4114 0.4046 0.4114 0.5059 0.4921 0.4713 0.5566 0.552 0.5198 0.5704 0.5981 0.5566 0.5727 0.6372 0.5958 0.5727 0.6557 0.6303 0.5981 0.6396 0.2672 0.2788 0.2996 0.2857 0.3204 0.3644 0.3389 0.3436 0.4153 0.3783 0.3644 0.4408 0.4177 0.3899 0.4523 0.4593 0.4246 0.4523 0.4987 0.4639 0.272 0.2697 0.2651 0.2973 0.3712 0.3412 0.3342 0.4197 0.3873 0.3597 0.4311 0.4266 0.3897 0.4242 0.4611 0.4219 0.4197 0.4866 0.4542 0.4358
0.6234 1.0 0.0537 0.97 0.0 0.01 0.02 0.03 0.04 0.05 0.06 0.07 0.08 0.09 0.1 0.11 0.12 0.13 0.14 0.15 0.16 0.17 0.18 0.4046 0.4114 0.5059 0.4921 0.4713 0.5566 0.552 0.5198 0.5704 0.5981 0.5566 0.5727 0.6372 0.5958 0.5727 0.6557 0.6303 0.5981 0.6396 0.6557 0.2788 0.2996 0.2857 0.3204 0.3644 0.3389 0.3436 0.4153 0.3783 0.3644 0.4408 0.4177 0.3899 0.4523 0.4593 0.4246 0.4523 0.4987 0.4639 0.457 0.2697 0.2651 0.2973 0.3712 0.3412 0.3342 0.4197 0.3873 0.3597 0.4311 0.4266 0.3897 0.4242 0.4611 0.4219 0.4197 0.4866 0.4542 0.4358 0.4773
0.6741 1.0 0.1077 0.0 0.01 0.02 0.03 0.04 0.05 0.06 0.07 0.08 0.09 0.1 0.11 0.12 0.13 0.14 0.15 0.16 0.17 0.18 0.19 0.4114 0.5059 0.4921 0.4713 0.5566 0.552 0.5198 0.5704 0.5981 0.5566 0.5727 0.6372 0.5958 0.5727 0.6557 0.6303 0.5981 0.6396 0.6557 0.6234 0.2996 0.2857 0.3204 0.3644 0.3389 0.3436 0.4153 0.3783 0.3644 0.4408 0.4177 0.3899 0.4523 0.4593 0.4246 0.4523 0.4987 0.4639 0.457 0.5126 0.2651 0.2973 0.3712 0.3412 0.3342 0.4197 0.3873 0.3597 0.4311 0.4266 0.3897 0.4242 0.4611 0.4219 0.4197 0.4866 0.4542 0.4358 0.4773 0.4819
0.6533 1.0 0.0 0.01 0.02 0.03 0.04 0.05 0.06 0.07 0.08 0.09 0.1 0.11 0.12 0.13 0.14 0.15 0.16 0.17 0.18 0.19 0.2 0.5059 0.4921 0.4713 0.5566 0.552 0.5198 0.5704 0.5981 0.5566 0.5727 0.6372 0.5958 0.5727 0.6557 0.6303 0.5981 0.6396 0.6557 0.6234 0.6234 0.2857 0.3204 0.3644 0.3389 0.3436 0.4153 0.3783 0.3644 0.4408 0.4177 0.3899 0.4523 0.4593 0.4246 0.4523 0.4987 0.4639 0.457 0.5126 0.5032 0.2973 0.3712 0.3412 0.3342 0.4197 0.3873 0.3597 0.4311 0.4266 0.3897 0.4242 0.4611 0.4219 0.4197 0.4866 0.4542 0.4358 0.4773 0.4819 0.4634
0.6464 1.0 0.169 0.02 0.03 0.04 0.05 0.06 0.07 0.08 0.09 0.1 0.11 0.12 0.13 0.14 0.15 0.16 0.17 0.18 0.19 0.2 0.21 0.4921 0.4713 0.5566 0.552 0.5198 0.5704 0.5981 0.5566 0.5727 0.6372 0.5958 0.5727 0.6557 0.6303 0.5981 0.6396 0.6557 0.6234 0.6234 0.6741 0.3204 0.3644 0.3389 0.3436 0.4153 0.3783 0.3644 0.4408 0.4177 0.3899 0.4523 0.4593 0.4246 0.4523 0.4987 0.4639 0.457 0.5126 0.5032 0.4848 0.3712 0.3412 0.3342 0.4197 0.3873 0.3597 0.4311 0.4266 0.3897 0.4242 0.4611 0.4219 0.4197 0.4866 0.4542 0.4358 0.4773 0.4819 0.4634 0.4773
0.6671 1.0 0.0693 0.03 0.04 0.05 0.06 0.07 0.08 0.09 0.1 0.11 0.12 0.13 0.14 0.15 0.16 0.17 0.18 0.19 0.2 0.21 0.22 0.4713 0.5566 0.552 0.5198 0.5704 0.5981 0.5566 0.5727 0.6372 0.5958 0.5727 0.6557 0.6303 0.5981 0.6396 0.6557 0.6234 0.6234 0.6741 0.6533 0.3644 0.3389 0.3436 0.4153 0.3783 0.3644 0.4408 0.4177 0.3899 0.4523 0.4593 0.4246 0.4523 0.4987 0.4639 0.457 0.5126 0.5032 0.4848 0.5126 0.3412 0.3342 0.4197 0.3873 0.3597 0.4311 0.4266 0.3897 0.4242 0.4611 0.4219 0.4197 0.4866 0.4542 0.4358 0.4773 0.4819 0.4634 0.4773 0.5096
0.7109 1.0 0.023 0.04 0.05 0.06 0.07 0.08 0.09 0.1 0.11 0.12 0.13 0.14 0.15 0.16 0.17 0.18 0.19 0.2 0.21 0.22 0.23 0.5566 0.552 0.5198 0.5704 0.5981 0.5566 0.5727 0.6372 0.5958 0.5727 0.6557 0.6303 0.5981 0.6396 0.6557 0.6234 0.6234 0.6741 0.6533 0.6464 0.3389 0.3436 0.4153 0.3783 0.3644 0.4408 0.4177 0.3899 0.4523 0.4593 0.4246 0.4523 0.4987 0.4639 0.457 0.5126 0.5032 0.4848 0.5126 0.5496 0.3342 0.4197 0.3873 0.3597 0.4311 0.4266 0.3897 0.4242 0.4611 0.4219 0.4197 0.4866 0.4542 0.4358 0.4773 0.4819 0.4634 0.4773 0.5096 0.4934
0.6856 1.0 0.069 0.05 0.06 0.07 0.08 0.09 0.1 0.11 0.12 0.13 0.14 0.15 0.16 0.17 0.18 0.19 0.2 0.21 0.22 0.23 0.24 0.552 0.5198 0.5704 0.5981 0.5566 0.5727 0.6372 0.5958 0.5727 0.6557 0.6303 0.5981 0.6396 0.6557 0.6234 0.6234 0.6741 0.6533 0.6464 0.6671 0.3436 0.4153 0.3783 0.3644 0.4408 0.4177 0.3899 0.4523 0.4593 0.4246 0.4523 0.4987 0.4639 0.457 0.5126 0.5032 0.4848 0.5126 0.5496 0.5194 0.4197 0.3873 0.3597 0.4311 0.4266 0.3897 0.4242 0.4611 0.4219 0.4197 0.4866 0.4542 0.4358 0.4773 0.4819 0.4634 0.4773 0.5096 0.4934 0.498
0.6924 1.0 0.146 0.06 0.07 0.08 0.09 0.1 0.11 0.12 0.13 0.14 0.15 0.16 0.17 0.18 0.19 0.2 0.21 0.22 0.23 0.24 0.25 0.5198 0.5704 0.5981 0.5566 0.5727 0.6372 0.5958 0.5727 0.6557 0.6303 0.5981 0.6396 0.6557 0.6234 0.6234 0.6741 0.6533 0.6464 0.6671 0.7109 0.4153 0.3783 0.3644 0.4408 0.4177 0.3899 0.4523 0.4593 0.4246 0.4523 0.4987 0.4639 0.457 0.5126 0.5032 0.4848 0.5126 0.5496 0.5194 0.5218 0.3873 0.3597 0.4311 0.4266 0.3897 0.4242 0.4611 0.4219 0.4197 0.4866 0.4542 0.4358 0.4773 0.4819 0.4634 0.4773 0.5096 0.4934 0.498 0.5442
0.7708 1.0 0.0843 0.07 0.08 0.09 0.1 0.11 0.12 0.13 0.14 0.15 0.16 0.17 0.18 0.19 0.2 0.21 0.22 0.23 0.24 0.25 0.26 0.5704 0.5981 0.5566 0.5727 0.6372 0.5958 0.5727 0.6557 0.6303 0.5981 0.6396 0.6557 0.6234 0.6234 0.6741 0.6533 0.6464 0.6671 0.7109 0.6856 0.3783 0.3644 0.4408 0.4177 0.3899 0.4523 0.4593 0.4246 0.4523 0.4987 0.4639 0.457 0.5126 0.5032 0.4848 0.5126 0.5496 0.5194 0.5218 0.575 0.3597 0.4311 0.4266 0.3897 0.4242 0.4611 0.4219 0.4197 0.4866 0.4542 0.4358 0.4773 0.4819 0.4634 0.4773 0.5096 0.4934 0.498 0.5442 0.5534
0.7386 1.0 0.0227 0.08 0.09 0.1 0.11 0.12 0.13 0.14 0.15 0.16 0.17 0.18 0.19 0.2 0.21 0.22 0.23 0.24 0.25 0.26 0.27 0.5981 0.5566 0.5727 0.6372 0.5958 0.5727 0.6557 0.6303 0.5981 0.6396 0.6557 0.6234 0.6234 0.6741 0.6533 0.6464 0.6671 0.7109 0.6856 0.6924 0.3644 0.4408 0.4177 0.3899 0.4523 0.4593 0.4246 0.4523 0.4987 0.4639 0.457 0.5126 0.5032 0.4848 0.5126 0.5496 0.5194 0.5218 0.575 0.5773 0.4311 0.4266 0.3897 0.4242 0.4611 0.4219 0.4197 0.4866 0.4542 0.4358 0.4773 0.4819 0.4634 0.4773 0.5096 0.4934 0.498 0.5442 0.5534 0.5396
0.734 1.0 0.2613 0.09 0.1 0.11 0.12 0.13 0.14 0.15 0.16 0.17 0.18 0.19 0.2 0.21 0.22 0.23 0.24 0.25 0.26 0.27 0.28 0.5566 0.5727 0.6372 0.5958 0.5727 0.6557 0.6303 0.5981 0.6396 0.6557 0.6234 0.6234 0.6741 0.6533 0.6464 0.6671 0.7109 0.6856 0.6924 0.7708 0.4408 0.4177 0.3899 0.4523 0.4593 0.4246 0.4523 0.4987 0.4639 0.457 0.5126 0.5032 0.4848 0.5126 0.5496 0.5194 0.5218 0.575 0.5773 0.5658 0.4266 0.3897 0.4242 0.4611 0.4219 0.4197 0.4866 0.4542 0.4358 0.4773 0.4819 0.4634 0.4773 0.5096 0.4934 0.498 0.5442 0.5534 0.5396 0.5534
0.7939 1.0 0.1073 0.1 0.11 0.12 0.13 0.14 0.15 0.16 0.17 0.18 0.19 0.2 0.21 0.22 0.23 0.24 0.25 0.26 0.27 0.28 0.29 0.5727 0.6372 0.5958 0.5727 0.6557 0.6303 0.5981 0.6396 0.6557 0.6234 0.6234 0.6741 0.6533 0.6464 0.6671 0.7109 0.6856 0.6924 0.7708 0.7386 0.4177 0.3899 0.4523 0.4593 0.4246 0.4523 0.4987 0.4639 0.457 0.5126 0.5032 0.4848 0.5126 0.5496 0.5194 0.5218 0.575 0.5773 0.5658 0.5936 0.3897 0.4242 0.4611 0.4219 0.4197 0.4866 0.4542 0.4358 0.4773 0.4819 0.4634 0.4773 0.5096 0.4934 0.498 0.5442 0.5534 0.5396 0.5534 0.6133
0.7708 1.0 0.0153 0.11 0.12 0.13 0.14 0.15 0.16 0.17 0.18 0.19 0.2 0.21 0.22 0.23 0.24 0.25 0.26 0.27 0.28 0.29 0.3 0.6372 0.5958 0.5727 0.6557 0.6303 0.5981 0.6396 0.6557 0.6234 0.6234 0.6741 0.6533 0.6464 0.6671 0.7109 0.6856 0.6924 0.7708 0.7386 0.734 0.3899 0.4523 0.4593 0.4246 0.4523 0.4987 0.4639 0.457 0.5126 0.5032 0.4848 0.5126 0.5496 0.5194 0.5218 0.575 0.5773 0.5658 0.5936 0.619 0.4242 0.4611 0.4219 0.4197 0.4866 0.4542 0.4358 0.4773 0.4819 0.4634 0.4773 0.5096 0.4934 0.498 0.5442 0.5534 0.5396 0.5534 0.6133 0.5719
0.7432 1.0 0.1997 0.12 0.13 0.14 0.15 0.16 0.17 0.18 0.19 0.2 0.21 0.22 0.23 0.24 0.25 0.26 0.27 0.28 0.29 0.3 0.31 0.5958 0.5727 0.6557 0.6303 0.5981 0.6396 0.6557 0.6234 0.6234 0.6741 0.6533 0.6464 0.6671 0.7109 0.6856 0.6924 0.7708 0.7386 0.734 0.7939 0.4523 0.4593 0.4246 0.4523 0.4987 0.4639 0.457 0.5126 0.5032 0.4848 0.5126 0.5496 0.5194 0.5218 0.575 0.5773 0.5658 0.5936 0.619 0.5866 0.4611 0.4219 0.4197 0.4866 0.4542 0.4358 0.4773 0.4819 0.4634 0.4773 0.5096 0.4934 0.498 0.5442 0.5534 0.5396 0.5534 0.6133 0.5719 0.5719
0.7892 1.0 0.077 0.13 0.14 0.15 0.16 0.17 0.18 0.19 0.2 0.21 0.22 0.23 0.24 0.25 0.26 0.27 0.28 0.29 0.3 0.31 0.32 0.5727 0.6557 0.6303 0.5981 0.6396 0.6557 0.6234 0.6234 0.6741 0.6533 0.6464 0.6671 0.7109 0.6856 0.6924 0.7708 0.7386 0.734 0.7939 0.7708 0.4593 0.4246 0.4523 0.4987 0.4639 0.457 0.5126 0.5032 0.4848 0.5126 0.5496 0.5194 0.5218 0.575 0.5773 0.5658 0.5936 0.619 0.5866 0.5889 0.4219 0.4197 0.4866 0.4542 0.4358 0.4773 0.4819 0.4634 0.4773 0.5096 0.4934 0.498 0.5442 0.5534 0.5396 0.5534 0.6133 0.5719 0.5719 0.6364
0.7869 1.0 0.092 0.14 0.15 0.16 0.17 0.18 0.19 0.2 0.21 0.22 0.23 0.24 0.25 0.26 0.27 0.28 0.29 0.3 0.31 0.32 0.33 0.6557 0.6303 0.5981 0.6396 0.6557 0.6234 0.6234 0.6741 0.6533 0.6464 0.6671 0.7109 0.6856 0.6924 0.7708 0.7386 0.734 0.7939 0.7708 0.7432 0.4246 0.4523 0.4987 0.4639 0.457 0.5126 0.5032 0.4848 0.5126 0.5496 0.5194 0.5218 0.575 0.5773 0.5658 0.5936 0.619 0.5866 0.5889 0.6259 0.4197 0.4866 0.4542 0.4358 0.4773 0.4819 0.4634 0.4773 0.5096 0.4934 0.498 0.5442 0.5534 0.5396 0.5534 0.6133 0.5719 0.5719 0.6364 0.5996
0.7547 1.0 0.1533 0.15 0.16 0.17 0.18 0.19 0.2 0.21 0.22 0.23 0.24 0.25 0.26 0.27 0.28 0.29 0.3 0.31 0.32 0.33 0.34 0.6303 0.5981 0.6396 0.6557 0.6234 0.6234 0.6741 0.6533 0.6464 0.6671 0.7109 0.6856 0.6924 0.7708 0.7386 0.734 0.7939 0.7708 0.7432 0.7892 0.4523 0.4987 0.4639 0.457 0.5126 0.5032 0.4848 0.5126 0.5496 0.5194 0.5218 0.575 0.5773 0.5658 0.5936 0.619 0.5866 0.5889 0.6259 0.5936 0.4866 0.4542 0.4358 0.4773 0.4819 0.4634 0.4773 0.5096 0.4934 0.498 0.5442 0.5534 0.5396 0.5534 0.6133 0.5719 0.5719 0.6364 0.5996 0.5764
0.7916 1.0 0.0077 0.16 0.17 0.18 0.19 0.2 0.21 0.22 0.23 0.24 0.25 0.26 0.27 0.28 0.29 0.3 0.31 0.32 0.33 0.34 0.35 0.5981 0.6396 0.6557 0.6234 0.6234 0.6741 0.6533 0.6464 0.6671 0.7109 0.6856 0.6924 0.7708 0.7386 0.734 0.7939 0.7708 0.7432 0.7892 0.7869 0.4987 0.4639 0.457 0.5126 0.5032 0.4848 0.5126 0.5496 0.5194 0.5218 0.575 0.5773 0.5658 0.5936 0.619 0.5866 0.5889 0.6259 0.5936 0.5912 0.4542 0.4358 0.4773 0.4819 0.4634 0.4773 0.5096 0.4934 0.498 0.5442 0.5534 0.5396 0.5534 0.6133 0.5719 0.5719 0.6364 0.5996 0.5764 0.6341
0.7984 1.0 0.1073 0.17 0.18 0.19 0.2 0.21 0.22 0.23 0.24 0.25 0.26 0.27 0.28 0.29 0.3 0.31 0.32 0.33 0.34 0.35 0.36 0.6396 0.6557 0.6234 0.6234 0.6741 0.6533 0.6464 0.6671 0.7109 0.6856 0.6924 0.7708 0.7386 0.734 0.7939 0.7708 0.7432 0.7892 0.7869 0.7547 0.4639 0.457 0.5126 0.5032 0.4848 0.5126 0.5496 0.5194 0.5218 0.575 0.5773 0.5658 0.5936 0.619 0.5866 0.5889 0.6259 0.5936 0.5912 0.6329 0.4358 0.4773 0.4819 0.4634 0.4773 0.5096 0.4934 0.498 0.5442 0.5534 0.5396 0.5534 0.6133 0.5719 0.5719 0.6364 0.5996 0.5764 0.6341 0.6064
0.7686 1.0 0.123 0.18 0.19 0.2 0.21 0.22 0.23 0.24 0.25 0.26 0.27 0.28 0.29 0.3 0.31 0.32 0.33 0.34 0.35 0.36 0.37 0.6557 0.6234 0.6234 0.6741 0.6533 0.6464 0.6671 0.7109 0.6856 0.6924 0.7708 0.7386 0.734 0.7939 0.7708 0.7432 0.7892 0.7869 0.7547 0.7916 0.457 0.5126 0.5032 0.4848 0.5126 0.5496 0.5194 0.5218 0.575 0.5773 0.5658 0.5936 0.619 0.5866 0.5889 0.6259 0.5936 0.5912 0.6329 0.6028 0.4773 0.4819 0.4634 0.4773 0.5096 0.4934 0.498 0.5442 0.5534 0.5396 0.5534 0.6133 0.5719 0.5719 0.6364 0.5996 0.5764 0.6341 0.6064 0.588
0.8008 1.0 0.0227 0.19 0.2 0.21 0.22 0.23 0.24 0.25 0.26 0.27 0.28 0.29 0.3 0.31 0.32 0.33 0.34 0.35 0.36 0.37 0.38 0.6234 0.6234 0.6741 0.6533 0.6464 0.6671 0.7109 0.6856 0.6924 0.7708 0.7386 0.734 0.7939 0.7708 0.7432 0.7892 0.7869 0.7547 0.7916 0.7984 0.5126 0.5032 0.4848 0.5126 0.5496 0.5194 0.5218 0.575 0.5773 0.5658 0.5936 0.619 0.5866 0.5889 0.6259 0.5936 0.5912 0.6329 0.6028 0.5959 0.4819 0.4634 0.4773 0.5096 0.4934 0.498 0.5442 0.5534 0.5396 0.5534 0.6133 0.5719 0.5719 0.6364 0.5996 0.5764 0.6341 0.6064 0.588 0.6503
0.8261 1.0 0.0993 0.2 0.21 0.22 0.23 0.24 0.25 0.26 0.27 0.28 0.29 0.3 0.31 0.32 0.33 0.34 0.35 0.36 0.37 0.38 0.39 0.6234 0.6741 0.6533 0.6464 0.6671 0.7109 0.6856 0.6924 0.7708 0.7386 0.734 0.7939 0.7708 0.7432 0.7892 0.7869 0.7547 0.7916 0.7984 0.7686 0.5032 0.4848 0.5126 0.5496 0.5194 0.5218 0.575 0.5773 0.5658 0.5936 0.619 0.5866 0.5889 0.6259 0.5936 0.5912 0.6329 0.6028 0.5959 0.6491 0.4634 0.4773 0.5096 0.4934 0.498 0.5442 0.5534 0.5396 0.5534 0.6133 0.5719 0.5719 0.6364 0.5996 0.5764 0.6341 0.6064 0.588 0.6503 0.6272
0.7892 1.0 0.1073 0.21 0.22 0.23 0.24 0.25 0.26 0.27 0.28 0.29 0.3 0.31 0.32 0.33 0.34 0.35 0.36 0.37 0.38 0.39 0.4 0.6741 0.6533 0.6464 0.6671 0.7109 0.6856 0.6924 0.7708 0.7386 0.734 0.7939 0.7708 0.7432 0.7892 0.7869 0.7547 0.7916 0.7984 0.7686 0.8008 0.4848 0.5126 0.5496 0.5194 0.5218 0.575 0.5773 0.5658 0.5936 0.619 0.5866 0.5889 0.6259 0.5936 0.5912 0.6329 0.6028 0.5959 0.6491 0.6282 0.4773 0.5096 0.4934 0.498 0.5442 0.5534 0.5396 0.5534 0.6133 0.5719 0.5719 0.6364 0.5996 0.5764 0.6341 0.6064 0.588 0.6503 0.6272 0.6019
0.8031 1.0 0.0843 0.22 0.23 0.24 0.25 0.26 0.27 0.28 0.29 0.3 0.31 0.32 0.33 0.34 0.35 0.36 0.37 0.38 0.39 0.4 0.41 0.6533 0.6464 0.6671 0.7109 0.6856 0.6924 0.7708 0.7386 0.734 0.7939 0.7708 0.7432 0.7892 0.7869 0.7547 0.7916 0.7984 0.7686 0.8008 0.8261 0.5126 0.5496 0.5194 0.5218 0.575 0.5773 0.5658 0.5936 0.619 0.5866 0.5889 0.6259 0.5936 0.5912 0.6329 0.6028 0.5959 0.6491 0.6282 0.612 0.5096 0.4934 0.498 0.5442 0.5534 0.5396 0.5534 0.6133 0.5719 0.5719 0.6364 0.5996 0.5764 0.6341 0.6064 0.588 0.6503 0.6272 0.6019 0.6572
0.8583 1.0 0.123 0.23 0.24 0.25 0.26 0.27 0.28 0.29 0.3 0.31 0.32 0.33 0.34 0.35 0.36 0.37 0.38 0.39 0.4 0.41 0.42 0.6464 0.6671 0.7109 0.6856 0.6924 0.7708 0.7386 0.734 0.7939 0.7708 0.7432 0.7892 0.7869 0.7547 0.7916 0.7984 0.7686 0.8008 0.8261 0.7892 0.5496 0.5194 0.5218 0.575 0.5773 0.5658 0.5936 0.619 0.5866 0.5889 0.6259 0.5936 0.5912 0.6329 0.6028 0.5959 0.6491 0.6282 0.612 0.6676 0.4934 0.498 0.5442 0.5534 0.5396 0.5534 0.6133 0.5719 0.5719 0.6364 0.5996 0.5764 0.6341 0.6064 0.588 0.6503 0.6272 0.6019 0.6572 0.6572
0.8146 1.0 0.0463 0.24 0.25 0.26 0.27 0.28 0.29 0.3 0.31 0.32 0.33 0.34 0.35 0.36 0.37 0.38 0.39 0.4 0.41 0.42 0.43 0.6671 0.7109 0.6856 0.6924 0.7708 0.7386 0.734 0.7939 0.7708 0.7432 0.7892 0.7869 0.7547 0.7916 0.7984 0.7686 0.8008 0.8261 0.7892 0.8031 0.5194 0.5218 0.575 0.5773 0.5658 0.5936 0.619 0.5866 0.5889 0.6259 0.5936 0.5912 0.6329 0.6028 0.5959 0.6491 0.6282 0.612 0.6676 0.6491 0.498 0.5442 0.5534 0.5396 0.5534 0.6133 0.5719 0.5719 0.6364 0.5996 0.5764 0.6341 0.6064 0.588 0.6503 0.6272 0.6019 0.6572 0.6572 0.6272
0.8031 1.0 0.184 0.25 0.26 0.27 0.28 0.29 0.3 0.31 0.32 0.33 0.34 0.35 0.36 0.37 0.38 0.39 0.4 0.41 0.42 0.43 0.44 0.7109 0.6856 0.6924 0.7708 0.7386 0.734 0.7939 0.7708 0.7432 0.7892 0.7869 0.7547 0.7916 0.7984 0.7686 0.8008 0.8261 0.7892 0.8031 0.8583 0.5218 0.575 0.5773 0.5658 0.5936 0.619 0.5866 0.5889 0.6259 0.5936 0.5912 0.6329 0.6028 0.5959 0.6491 0.6282 0.612 0.6676 0.6491 0.6352 0.5442 0.5534 0.5396 0.5534 0.6133 0.5719 0.5719 0.6364 0.5996 0.5764 0.6341 0.6064 0.588 0.6503 0.6272 0.6019 0.6572 0.6572 0.6272 0.6641
0.8768 1.0 0.1457 0.26 0.27 0.28 0.29 0.3 0.31 0.32 0.33 0.34 0.35 0.36 0.37 0.38 0.39 0.4 0.41 0.42 0.43 0.44 0.45 0.6856 0.6924 0.7708 0.7386 0.734 0.7939 0.7708 0.7432 0.7892 0.7869 0.7547 0.7916 0.7984 0.7686 0.8008 0.8261 0.7892 0.8031 0.8583 0.8146 0.575 0.5773 0.5658 0.5936 0.619 0.5866 0.5889 0.6259 0.5936 0.5912 0.6329 0.6028 0.5959 0.6491 0.6282 0.612 0.6676 0.6491 0.6352 0.6838 0.5534 0.5396 0.5534 0.6133 0.5719 0.5719 0.6364 0.5996 0.5764 0.6341 0.6064 0.588 0.6503 0.6272 0.6019 0.6572 0.6572 0.6272 0.6641 0.6826
0.8353 1.0 0.0383 0.27 0.28 0.29 0.3 0.31 0.32 0.33 0.34 0.35 0.36 0.37 0.38 0.39 0.4 0.41 0.42 0.43 0.44 0.45 0.46 0.6924 0.7708 0.7386 0.734 0.7939 0.7708 0.7432 0.7892 0.7869 0.7547 0.7916 0.7984 0.7686 0.8008 0.8261 0.7892 0.8031 0.8583 0.8146 0.8031 0.5773 0.5658 0.5936 0.619 0.5866 0.5889 0.6259 0.5936 0.5912 0.6329 0.6028 0.5959 0.6491 0.6282 0.612 0.6676 0.6491 0.6352 0.6838 0.6791 0.5396 0.5534 0.6133 0.5719 0.5719 0.6364 0.5996 0.5764 0.6341 0.6064 0.588 0.6503 0.6272 0.6019 0.6572 0.6572 0.6272 0.6641 0.6826 0.6457
0.8077 1.0 0.2457 0.28 0.29 0.3 0.31 0.32 0.33 0.34 0.35 0.36 0.37 0.38 0.39 0.4 0.41 0.42 0.43 0.44 0.45 0.46 0.47 0.7708 0.7386 0.734 0.7939 0.7708 0.7432 0.7892 0.7869 0.7547 0.7916 0.7984 0.7686 0.8008 0.8261 0.7892 0.8031 0.8583 0.8146 0.8031 0.8768 0.5658 0.5936 0.619 0.5866 0.5889 0.6259 0.5936 0.5912 0.6329 0.6028 0.5959 0.6491 0.6282 0.612 0.6676 0.6491 0.6352 0.6838 0.6791 0.6513 0.5534 0.6133 0.5719 0.5719 0.6364 0.5996 0.5764 0.6341 0.6064 0.588 0.6503 0.6272 0.6019 0.6572 0.6572 0.6272 0.6641 0.6826 0.6457 0.6596
0.8768 1.0 0.1383 0.29 0.3 0.31 0.32 0.33 0.34 0.35 0.36 0.37 0.38 0.39 0.4 0.41 0.42 0.43 0.44 0.45 0.46 0.47 0.48 0.7386 0.734 0.7939 0.7708 0.7432 0.7892 0.7869 0.7547 0.7916 0.7984 0.7686 0.8008 0.8261 0.7892 0.8031 0.8583 0.8146 0.8031 0.8768 0.8353 0.5936 0.619 0.5866 0.5889 0.6259 0.5936 0.5912 0.6329 0.6028 0.5959 0.6491 0.6282 0.612 0.6676 0.6491 0.6352 0.6838 0.6791 0.6513 0.6838 0.6133 0.5719 0.5719 0.6364 0.5996 0.5764 0.6341 0.6064 0.588 0.6503 0.6272 0.6019 0.6572 0.6572 0.6272 0.6641 0.6826 0.6457 0.6596 0.708
0.8468 1.0 0.092 0.3 0.31 0.32 0.33 0.34 0.35 0.36 0.37 0.38 0.39 0.4 0.41 0.42 0.43 0.44 0.45 0.46 0.47 0.48 0.49 0.734 0.7939 0.7708 0.7432 0.7892 0.7869 0.7547 0.7916 0.7984 0.7686 0.8008 0.8261 0.7892 0.8031 0.8583 0.8146 0.8031 0.8768 0.8353 0.8077 0.619 0.5866 0.5889 0.6259 0.5936 0.5912 0.6329 0.6028 0.5959 0.6491 0.6282 0.612 0.6676 0.6491 0.6352 0.6838 0.6791 0.6513 0.6838 0.7023 0.5719 0.5719 0.6364 0.5996 0.5764 0.6341 0.6064 0.588 0.6503 0.6272 0.6019 0.6572 0.6572 0.6272 0.6641 0.6826 0.6457 0.6596 0.708 0.6572
0.8077 1.0 0.2303 0.31 0.32 0.33 0.34 0.35 0.36 0.37 0.38 0.39 0.4 0.41 0.42 0.43 0.44 0.45 0.46 0.47 0.48 0.49 0.5 0.7939 0.7708 0.7432 0.7892 0.7869 0.7547 0.7916 0.7984 0.7686 0.8008 0.8261 0.7892 0.8031 0.8583 0.8146 0.8031 0.8768 0.8353 0.8077 0.8768 0.5866 0.5889 0.6259 0.5936 0.5912 0.6329 0.6028 0.5959 0.6491 0.6282 0.612 0.6676 0.6491 0.6352 0.6838 0.6791 0.6513 0.6838 0.7023 0.6652 0.5719 0.6364 0.5996 0.5764 0.6341 0.6064 0.588 0.6503 0.6272 0.6019 0.6572 0.6572 0.6272 0.6641 0.6826 0.6457 0.6596 0.708 0.6572 0.648
0.8538 1.0 0.1 0.32 0.33 0.34 0.35 0.36 0.37 0.38 0.39 0.4 0.41 0.42 0.43 0.44 0.45 0.46 0.47 0.48 0.49 0.5 0.51 0.7708 0.7432 0.7892 0.7869 0.7547 0.7916 0.7984 0.7686 0.8008 0.8261 0.7892 0.8031 0.8583 0.8146 0.8031 0.8768 0.8353 0.8077 0.8768 0.8468 0.5889 0.6259 0.5936 0.5912 0.6329 0.6028 0.5959 0.6491 0.6282 0.612 0.6676 0.6491 0.6352 0.6838 0.6791 0.6513 0.6838 0.7023 0.6652 0.6722 0.6364 0.5996 0.5764 0.6341 0.6064 0.588 0.6503 0.6272 0.6019 0.6572 0.6572 0.6272 0.6641 0.6826 0.6457 0.6596 0.708 0.6572 0.648 0.7149
0.856 1.0 0.1303 0.33 0.34 0.35 0.36 0.37 0.38 0.39 0.4 0.41 0.42 0.43 0.44 0.45 0.46 0.47 0.48 0.49 0.5 0.51 0.52 0.7432 0.7892 0.7869 0.7547 0.7916 0.7984 0.7686 0.8008 0.8261 0.7892 0.8031 0.8583 0.8146 0.8031 0.8768 0.8353 0.8077 0.8768 0.8468 0.8077 0.6259 0.5936 0.5912 0.6329 0.6028 0.5959 0.6491 0.6282 0.612 0.6676 0.6491 0.6352 0.6838 0.6791 0.6513 0.6838 0.7023 0.6652 0.6722 0.7186 0.5996 0.5764 0.6341 0.6064 0.588 0.6503 0.6272 0.6019 0.6572 0.6572 0.6272 0.6641 0.6826 0.6457 0.6596 0.708 0.6572 0.648 0.7149 0.6688
0.81 1.0 0.1537 0.34 0.35 0.36 0.37 0.38 0.39 0.4 0.41 0.42 0.43 0.44 0.45 0.46 0.47 0.48 0.49 0.5 0.51 0.52 0.53 0.7892 0.7869 0.7547 0.7916 0.7984 0.7686 0.8008 0.8261 0.7892 0.8031 0.8583 0.8146 0.8031 0.8768 0.8353 0.8077 0.8768 0.8468 0.8077 0.8538 0.5936 0.5912 0.6329 0.6028 0.5959 0.6491 0.6282 0.612 0.6676 0.6491 0.6352 0.6838 0.6791 0.6513 0.6838 0.7023 0.6652 0.6722 0.7186 0.6722 0.5764 0.6341 0.6064 0.588 0.6503 0.6272 0.6019 0.6572 0.6572 0.6272 0.6641 0.6826 0.6457 0.6596 0.708 0.6572 0.648 0.7149 0.6688 0.6341
0.8238 1.0 0.0073 0.35 0.36 0.37 0.38 0.39 0.4 0.41 0.42 0.43 0.44 0.45 0.46 0.47 0.48 0.49 0.5 0.51 0.52 0.53 0.54 0.7869 0.7547 0.7916 0.7984 0.7686 0.8008 0.8261 0.7892 0.8031 0.8583 0.8146 0.8031 0.8768 0.8353 0.8077 0.8768 0.8468 0.8077 0.8538 0.856 0.5912 0.6329 0.6028 0.5959 0.6491 0.6282 0.612 0.6676 0.6491 0.6352 0.6838 0.6791 0.6513 0.6838 0.7023 0.6652 0.6722 0.7186 0.6722 0.6513 0.6341 0.6064 0.588 0.6503 0.6272 0.6019 0.6572 0.6572 0.6272 0.6641 0.6826 0.6457 0.6596 0.708 0.6572 0.648 0.7149 0.6688 0.6341 0.6988
0.8491 1.0 0.1533 0.36 0.37 0.38 0.39 0.4 0.41 0.42 0.43 0.44 0.45 0.46 0.47 0.48 0.49 0.5 0.51 0.52 0.53 0.54 0.55 0.7547 0.7916 0.7984 0.7686 0.8008 0.8261 0.7892 0.8031 0.8583 0.8146 0.8031 0.8768 0.8353 0.8077 0.8768 0.8468 0.8077 0.8538 0.856 0.81 0.6329 0.6028 0.5959 0.6491 0.6282 0.612 0.6676 0.6491 0.6352 0.6838 0.6791 0.6513 0.6838 0.7023 0.6652 0.6722 0.7186 0.6722 0.6513 0.7162 0.6064 0.588 0.6503 0.6272 0.6019 0.6572 0.6572 0.6272 0.6641 0.6826 0.6457 0.6596 0.708 0.6572 0.648 0.7149 0.6688 0.6341 0.6988 0.6664
0.8053 1.0 0.046 0.37 0.38 0.39 0.4 0.41 0.42 0.43 0.44 0.45 0.46 0.47 0.48 0.49 0.5 0.51 0.52 0.53 0.54 0.55 0.56 0.7916 0.7984 0.7686 0.8008 0.8261 0.7892 0.8031 0.8583 0.8146 0.8031 0.8768 0.8353 0.8077 0.8768 0.8468 0.8077 0.8538 0.856 0.81 0.8238 0.6028 0.5959 0.6491 0.6282 0.612 0.6676 0.6491 0.6352 0.6838 0.6791 0.6513 0.6838 0.7023 0.6652 0.6722 0.7186 0.6722 0.6513 0.7162 0.6746 0.588 0.6503 0.6272 0.6019 0.6572 0.6572 0.6272 0.6641 0.6826 0.6457 0.6596 0.708 0.6572 0.648 0.7149 0.6688 0.6341 0.6988 0.6664 0.6319
0.7777 1.0 0.0843 0.38 0.39 0.4 0.41 0.42 0.43 0.44 0.45 0.46 0.47 0.48 0.49 0.5 0.51 0.52 0.53 0.54 0.55 0.56 0.57 0.7984 0.7686 0.8008 0.8261 0.7892 0.8031 0.8583 0.8146 0.8031 0.8768 0.8353 0.8077 0.8768 0.8468 0.8077 0.8538 0.856 0.81 0.8238 0.8491 0.5959 0.6491 0.6282 0.612 0.6676 0.6491 0.6352 0.6838 0.6791 0.6513 0.6838 0.7023 0.6652 0.6722 0.7186 0.6722 0.6513 0.7162 0.6746 0.6421 0.6503 0.6272 0.6019 0.6572 0.6572 0.6272 0.6641 0.6826 0.6457 0.6596 0.708 0.6572 0.648 0.7149 0.6688 0.6341 0.6988 0.6664 0.6319 0.6572
0.833 1.0 0.146 0.39 0.4 0.41 0.42 0.43 0.44 0.45 0.46 0.47 0.48 0.49 0.5 0.51 0.52 0.53 0.54 0.55 0.56 0.57 0.58 0.7686 0.8008 0.8261 0.7892 0.8031 0.8583 0.8146 0.8031 0.8768 0.8353 0.8077 0.8768 0.8468 0.8077 0.8538 0.856 0.81 0.8238 0.8491 0.8053 0.6491 0.6282 0.612 0.6676 0.6491 0.6352 0.6838 0.6791 0.6513 0.6838 0.7023 0.6652 0.6722 0.7186 0.6722 0.6513 0.7162 0.6746 0.6421 0.6884 0.6272 0.6019 0.6572 0.6572 0.6272 0.6641 0.6826 0.6457 0.6596 0.708 0.6572 0.648 0.7149 0.6688 0.6341 0.6988 0.6664 0.6319 0.6572 0.6688
0.8008 1.0 0.092 0.4 0.41 0.42 0.43 0.44 0.45 0.46 0.47 0.48 0.49 0.5 0.51 0.52 0.53 0.54 0.55 0.56 0.57 0.58 0.59 0.8008 0.8261 0.7892 0.8031 0.8583 0.8146 0.8031 0.8768 0.8353 0.8077 0.8768 0.8468 0.8077 0.8538 0.856 0.81 0.8238 0.8491 0.8053 0.7777 0.6282 0.612 0.6676 0.6491 0.6352 0.6838 0.6791 0.6513 0.6838 0.7023 0.6652 0.6722 0.7186 0.6722 0.6513 0.7162 0.6746 0.6421 0.6884 0.6769 0.6019 0.6572 0.6572 0.6272 0.6641 0.6826 0.6457 0.6596 0.708 0.6572 0.648 0.7149 0.6688 0.6341 0.6988 0.6664 0.6319 0.6572 0.6688 0.6296
0.7708 1.0 0.1843 0.41 0.42 0.43 0.44 0.45 0.46 0.47 0.48 0.49 0.5 0.51 0.52 0.53 0.54 0.55 0.56 0.57 0.58 0.59 0.6 0.8261 0.7892 0.8031 0.8583 0.8146 0.8031 0.8768 0.8353 0.8077 0.8768 0.8468 0.8077 0.8538 0.856 0.81 0.8238 0.8491 0.8053 0.7777 0.833 0.612 0.6676 0.6491 0.6352 0.6838 0.6791 0.6513 0.6838 0.7023 0.6652 0.6722 0.7186 0.6722 0.6513 0.7162 0.6746 0.6421 0.6884 0.6769 0.6421 0.6572 0.6572 0.6272 0.6641 0.6826 0.6457 0.6596 0.708 0.6572 0.648 0.7149 0.6688 0.6341 0.6988 0.6664 0.6319 0.6572 0.6688 0.6296 0.6272
0.7984 1.0 0.1073 0.42 0.43 0.44 0.45 0.46 0.47 0.48 0.49 0.5 0.51 0.52 0.53 0.54 0.55 0.56 0.57 0.58 0.59 0.6 0.61 0.7892 0.8031 0.8583 0.8146 0.8031 0.8768 0.8353 0.8077 0.8768 0.8468 0.8077 0.8538 0.856 0.81 0.8238 0.8491 0.8053 0.7777 0.833 0.8008 0.6676 0.6491 0.6352 0.6838 0.6791 0.6513 0.6838 0.7023 0.6652 0.6722 0.7186 0.6722 0.6513 0.7162 0.6746 0.6421 0.6884 0.6769 0.6421 0.6652 0.6572 0.6272 0.6641 0.6826 0.6457 0.6596 0.708 0.6572 0.648 0.7149 0.6688 0.6341 0.6988 0.6664 0.6319 0.6572 0.6688 0.6296 0.6272 0.648
0.7777 1.0 0.1 0.43 0.44 0.45 0.46 0.47 0.48 0.49 0.5 0.51 0.52 0.53 0.54 0.55 0.56 0.57 0.58 0.59 0.6 0.61 0.62 0.8031 0.8583 0.8146 0.8031 0.8768 0.8353 0.8077 0.8768 0.8468 0.8077 0.8538 0.856 0.81 0.8238 0.8491 0.8053 0.7777 0.833 0.8008 0.7708 0.6491 0.6352 0.6838 0.6791 0.6513 0.6838 0.7023 0.6652 0.6722 0.7186 0.6722 0.6513 0.7162 0.6746 0.6421 0.6884 0.6769 0.6421 0.6652 0.6769 0.6272 0.6641 0.6826 0.6457 0.6596 0.708 0.6572 0.648 0.7149 0.6688 0.6341 0.6988 0.6664 0.6319 0.6572 0.6688 0.6296 0.6272 0.648 0.6226
0.7593 1.0 0.092 0.44 0.45 0.46 0.47 0.48 0.49 0.5 0.51 0.52 0.53 0.54 0.55 0.56 0.57 0.58 0.59 0.6 0.61 0.62 0.63 0.8583 0.8146 0.8031 0.8768 0.8353 0.8077 0.8768 0.8468 0.8077 0.8538 0.856 0.81 0.8238 0.8491 0.8053 0.7777 0.833 0.8008 0.7708 0.7984 0.6352 0.6838 0.6791 0.6513 0.6838 0.7023 0.6652 0.6722 0.7186 0.6722 0.6513 0.7162 0.6746 0.6421 0.6884 0.6769 0.6421 0.6652 0.6769 0.6444 0.6641 0.6826 0.6457 0.6596 0.708 0.6572 0.648 0.7149 0.6688 0.6341 0.6988 0.6664 0.6319 0.6572 0.6688 0.6296 0.6272 0.648 0.6226 0.5996
0.7386 1.0 0.069 0.45 0.46 0.47 0.48 0.49 0.5 0.51 0.52 0.53 0.54 0.55 0.56 0.57 0.58 0.59 0.6 0.61 0.62 0.63 0.64 0.8146 0.8031 0.8768 0.8353 0.8077 0.8768 0.8468 0.8077 0.8538 0.856 0.81 0.8238 0.8491 0.8053 0.7777 0.833 0.8008 0.7708 0.7984 0.7777 0.6838 0.6791 0.6513 0.6838 0.7023 0.6652 0.6722 0.7186 0.6722 0.6513 0.7162 0.6746 0.6421 0.6884 0.6769 0.6421 0.6652 0.6769 0.6444 0.6329 0.6826 0.6457 0.6596 0.708 0.6572 0.648 0.7149 0.6688 0.6341 0.6988 0.6664 0.6319 0.6572 0.6688 0.6296 0.6272 0.648 0.6226 0.5996 0.6364
0.734 1.0 0.0613 0.46 0.47 0.48 0.49 0.5 0.51 0.52 0.53 0.54 0.55 0.56 0.57 0.58 0.59 0.6 0.61 0.62 0.63 0.64 0.65 0.8031 0.8768 0.8353 0.8077 0.8768 0.8468 0.8077 0.8538 0.856 0.81 0.8238 0.8491 0.8053 0.7777 0.833 0.8008 0.7708 0.7984 0.7777 0.7593 0.6791 0.6513 0.6838 0.7023 0.6652 0.6722 0.7186 0.6722 0.6513 0.7162 0.6746 0.6421 0.6884 0.6769 0.6421 0.6652 0.6769 0.6444 0.6329 0.6537 0.6457 0.6596 0.708 0.6572 0.648 0.7149 0.6688 0.6341 0.6988 0.6664 0.6319 0.6572 0.6688 0.6296 0.6272 0.648 0.6226 0.5996 0.6364 0.6203
0.7224 1.0 0.069 0.47 0.48 0.49 0.5 0.51 0.52 0.53 0.54 0.55 0.56 0.57 0.58 0.59 0.6 0.61 0.62 0.63 0.64 0.65 0.66 0.8768 0.8353 0.8077 0.8768 0.8468 0.8077 0.8538 0.856 0.81 0.8238 0.8491 0.8053 0.7777 0.833 0.8008 0.7708 0.7984 0.7777 0.7593 0.7386 0.6513 0.6838 0.7023 0.6652 0.6722 0.7186 0.6722 0.6513 0.7162 0.6746 0.6421 0.6884 0.6769 0.6421 0.6652 0.6769 0.6444 0.6329 0.6537 0.6491 0.6596 0.708 0.6572 0.648 0.7149 0.6688 0.6341 0.6988 0.6664 0.6319 0.6572 0.6688 0.6296 0.6272 0.648 0.6226 0.5996 0.6364 0.6203 0.6019
0.6994 1.0 0.0153 0.48 0.49 0.5 0.51 0.52 0.53 0.54 0.55 0.56 0.57 0.58 0.59 0.6 0.61 0.62 0.63 0.64 0.65 0.66 0.67 0.8353 0.8077 0.8768 0.8468 0.8077 0.8538 0.856 0.81 0.8238 0.8491 0.8053 0.7777 0.833 0.8008 0.7708 0.7984 0.7777 0.7593 0.7386 0.734 0.6838 0.7023 0.6652 0.6722 0.7186 0.6722 0.6513 0.7162 0.6746 0.6421 0.6884 0.6769 0.6421 0.6652 0.6769 0.6444 0.6329 0.6537 0.6491 0.6213 0.708 0.6572 0.648 0.7149 0.6688 0.6341 0.6988 0.6664 0.6319 0.6572 0.6688 0.6296 0.6272 0.648 0.6226 0.5996 0.6364 0.6203 0.6019 0.5834
0.6763 1.0 0.0387 0.49 0.5 0.51 0.52 0.53 0.54 0.55 0.56 0.57 0.58 0.59 0.6 0.61 0.62 0.63 0.64 0.65 0.66 0.67 0.68 0.8077 0.8768 0.8468 0.8077 0.8538 0.856 0.81 0.8238 0.8491 0.8053 0.7777 0.833 0.8008 0.7708 0.7984 0.7777 0.7593 0.7386 0.734 0.7224 0.7023 0.6652 0.6722 0.7186 0.6722 0.6513 0.7162 0.6746 0.6421 0.6884 0.6769 0.6421 0.6652 0.6769 0.6444 0.6329 0.6537 0.6491 0.6213 0.5959 0.6572 0.648 0.7149 0.6688 0.6341 0.6988 0.6664 0.6319 0.6572 0.6688 0.6296 0.6272 0.648 0.6226 0.5996 0.6364 0.6203 0.6019 0.5834 0.5696
0.6718 1.0 0.0767 0.5 0.51 0.52 0.53 0.54 0.55 0.56 0.57 0.58 0.59 0.6 0.61 0.62 0.63 0.64 0.65 0.66 0.67 0.68 0.69 0.8768 0.8468 0.8077 0.8538 0.856 0.81 0.8238 0.8491 0.8053 0.7777 0.833 0.8008 0.7708 0.7984 0.7777 0.7593 0.7386 0.734 0.7224 0.6994 0.6652 0.6722 0.7186 0.6722 0.6513 0.7162 0.6746 0.6421 0.6884 0.6769 0.6421 0.6652 0.6769 0.6444 0.6329 0.6537 0.6491 0.6213 0.5959 0.5797 0.648 0.7149 0.6688 0.6341 0.6988 0.6664 0.6319 0.6572 0.6688 0.6296 0.6272 0.648 0.6226 0.5996 0.6364 0.6203 0.6019 0.5834 0.5696 0.5649
0.6557 1.0 0.077 0.51 0.52 0.53 0.54 0.55 0.56 0.57 0.58 0.59 0.6 0.61 0.62 0.63 0.64 0.65 0.66 0.67 0.68 0.69 0.7 0.8468 0.8077 0.8538 0.856 0.81 0.8238 0.8491 0.8053 0.7777 0.833 0.8008 0.7708 0.7984 0.7777 0.7593 0.7386 0.734 0.7224 0.6994 0.6763 0.6722 0.7186 0.6722 0.6513 0.7162 0.6746 0.6421 0.6884 0.6769 0.6421 0.6652 0.6769 0.6444 0.6329 0.6537 0.6491 0.6213 0.5959 0.5797 0.5634 0.7149 0.6688 0.6341 0.6988 0.6664 0.6319 0.6572 0.6688 0.6296 0.6272 0.648 0.6226 0.5996 0.6364 0.6203 0.6019 0.5834 0.5696 0.5649 0.5419
0.6326 1.0 0.015 0.52 0.53 0.54 0.55 0.56 0.57 0.58 0.59 0.6 0.61 0.62 0.63 0.64 0.65 0.66 0.67 0.68 0.69 0.7 0.71 0.8077 0.8538 0.856 0.81 0.8238 0.8491 0.8053 0.7777 0.833 0.8008 0.7708 0.7984 0.7777 0.7593 0.7386 0.734 0.7224 0.6994 0.6763 0.6718 0.7186 0.6722 0.6513 0.7162 0.6746 0.6421 0.6884 0.6769 0.6421 0.6652 0.6769 0.6444 0.6329 0.6537 0.6491 0.6213 0.5959 0.5797 0.5634 0.538 0.6688 0.6341 0.6988 0.6664 0.6319 0.6572 0.6688 0.6296 0.6272 0.648 0.6226 0.5996 0.6364 0.6203 0.6019 0.5834 0.5696 0.5649 0.5419 0.5258
0.6303 1.0 0.0537 0.53 0.54 0.55 0.56 0.57 0.58 0.59 0.6 0.61 0.62 0.63 0.64 0.65 0.66 0.67 0.68 0.69 0.7 0.71 0.72 0.8538 0.856 0.81 0.8238 0.8491 0.8053 0.7777 0.833 0.8008 0.7708 0.7984 0.7777 0.7593 0.7386 0.734 0.7224 0.6994 0.6763 0.6718 0.6557 0.6722 0.6513 0.7162 0.6746 0.6421 0.6884 0.6769 0.6421 0.6652 0.6769 0.6444 0.6329 0.6537 0.6491 0.6213 0.5959 0.5797 0.5634 0.538 0.5241 0.6341 0.6988 0.6664 0.6319 0.6572 0.6688 0.6296 0.6272 0.648 0.6226 0.5996 0.6364 0.6203 0.6019 0.5834 0.5696 0.5649 0.5419 0.5258 0.5234
0.6211 1.0 0.077 0.54 0.55 0.56 0.57 0.58 0.59 0.6 0.61 0.62 0.63 0.64 0.65 0.66 0.67 0.68 0.69 0.7 0.71 0.72 0.73 0.856 0.81 0.8238 0.8491 0.8053 0.7777 0.833 0.8008 0.7708 0.7984 0.7777 0.7593 0.7386 0.734 0.7224 0.6994 0.6763 0.6718 0.6557 0.6326 0.6513 0.7162 0.6746 0.6421 0.6884 0.6769 0.6421 0.6652 0.6769 0.6444 0.6329 0.6537 0.6491 0.6213 0.5959 0.5797 0.5634 0.538 0.5241 0.5171 0.6988 0.6664 0.6319 0.6572 0.6688 0.6296 0.6272 0.648 0.6226 0.5996 0.6364 0.6203 0.6019 0.5834 0.5696 0.5649 0.5419 0.5258 0.5234 0.5027
0.5981 1.0 0.0077 0.55 0.56 0.57 0.58 0.59 0.6 0.61 0.62 0.63 0.64 0.65 0.66 0.67 0.68 0.69 0.7 0.71 0.72 0.73 0.74 0.81 0.8238 0.8491 0.8053 0.7777 0.833 0.8008 0.7708 0.7984 0.7777 0.7593 0.7386 0.734 0.7224 0.6994 0.6763 0.6718 0.6557 0.6326 0.6303 0.7162 0.6746 0.6421 0.6884 0.6769 0.6421 0.6652 0.6769 0.6444 0.6329 0.6537 0.6491 0.6213 0.5959 0.5797 0.5634 0.538 0.5241 0.5171 0.494 0.6664 0.6319 0.6572 0.6688 0.6296 0.6272 0.648 0.6226 0.5996 0.6364 0.6203 0.6019 0.5834 0.5696 0.5649 0.5419 0.5258 0.5234 0.5027 0.4819
0.5889 1.0 0.0307 0.56 0.57 0.58 0.59 0.6 0.61 0.62 0.63 0.64 0.65 0.66 0.67 0.68 0.69 0.7 0.71 0.72 0.73 0.74 0.75 0.8238 0.8491 0.8053 0.7777 0.833 0.8008 0.7708 0.7984 0.7777 0.7593 0.7386 0.734 0.7224 0.6994 0.6763 0.6718 0.6557 0.6326 0.6303 0.6211 0.6746 0.6421 0.6884 0.6769 0.6421 0.6652 0.6769 0.6444 0.6329 0.6537 0.6491 0.6213 0.5959 0.5797 0.5634 0.538 0.5241 0.5171 0.494 0.4754 0.6319 0.6572 0.6688 0.6296 0.6272 0.648 0.6226 0.5996 0.6364 0.6203 0.6019 0.5834 0.5696 0.5649 0.5419 0.5258 0.5234 0.5027 0.4819 0.4819
0.5842 1.0 0.0767 0.57 0.58 0.59 0.6 0.61 0.62 0.63 0.64 0.65 0.66 0.67 0.68 0.69 0.7 0.71 0.72 0.73 0.74 0.75 0.76 0.8491 0.8053 0.7777 0.833 0.8008 0.7708 0.7984 0.7777 0.7593 0.7386 0.734 0.7224 0.6994 0.6763 0.6718 0.6557 0.6326 0.6303 0.6211 0.5981 0.6421 0.6884 0.6769 0.6421 0.6652 0.6769 0.6444 0.6329 0.6537 0.6491 0.6213 0.5959 0.5797 0.5634 0.538 0.5241 0.5171 0.494 0.4754 0.4732 0.6572 0.6688 0.6296 0.6272 0.648 0.6226 0.5996 0.6364 0.6203 0.6019 0.5834 0.5696 0.5649 0.5419 0.5258 0.5234 0.5027 0.4819 0.4819 0.4658
0.5636 1.0 0.0307 0.58 0.59 0.6 0.61 0.62 0.63 0.64 0.65 0.66 0.67 0.68 0.69 0.7 0.71 0.72 0.73 0.74 0.75 0.76 0.77 0.8053 0.7777 0.833 0.8008 0.7708 0.7984 0.7777 0.7593 0.7386 0.734 0.7224 0.6994 0.6763 0.6718 0.6557 0.6326 0.6303 0.6211 0.5981 0.5889 0.6884 0.6769 0.6421 0.6652 0.6769 0.6444 0.6329 0.6537 0.6491 0.6213 0.5959 0.5797 0.5634 0.538 0.5241 0.5171 0.494 0.4754 0.4732 0.4547 0.6688 0.6296 0.6272 0.648 0.6226 0.5996 0.6364 0.6203 0.6019 0.5834 0.5696 0.5649 0.5419 0.5258 0.5234 0.5027 0.4819 0.4819 0.4658 0.445
0.552 1.0 0.0157 0.59 0.6 0.61 0.62 0.63 0.64 0.65 0.66 0.67 0.68 0.69 0.7 0.71 0.72 0.73 0.74 0.75 0.76 0.77 0.78 0.7777 0.833 0.8008 0.7708 0.7984 0.7777 0.7593 0.7386 0.734 0.7224 0.6994 0.6763 0.6718 0.6557 0.6326 0.6303 0.6211 0.5981 0.5889 0.5842 0.6769 0.6421 0.6652 0.6769 0.6444 0.6329 0.6537 0.6491 0.6213 0.5959 0.5797 0.5634 0.538 0.5241 0.5171 0.494 0.4754 0.4732 0.4547 0.4361 0.6296 0.6272 0.648 0.6226 0.5996 0.6364 0.6203 0.6019 0.5834 0.5696 0.5649 0.5419 0.5258 0.5234 0.5027 0.4819 0.4819 0.4658 0.445 0.4403
0.552 1.0 0.0687 0.6 0.61 0.62 0.63 0.64 0.65 0.66 0.67 0.68 0.69 0.7 0.71 0.72 0.73 0.74 0.75 0.76 0.77 0.78 0.79 0.833 0.8008 0.7708 0.7984 0.7777 0.7593 0.7386 0.734 0.7224 0.6994 0.6763 0.6718 0.6557 0.6326 0.6303 0.6211 0.5981 0.5889 0.5842 0.5636 0.6421 0.6652 0.6769 0.6444 0.6329 0.6537 0.6491 0.6213 0.5959 0.5797 0.5634 0.538 0.5241 0.5171 0.494 0.4754 0.4732 0.4547 0.4361 0.4316 0.6272 0.648 0.6226 0.5996 0.6364 0.6203 0.6019 0.5834 0.5696 0.5649 0.5419 0.5258 0.5234 0.5027 0.4819 0.4819 0.4658 0.445 0.4403 0.4311
0.5359 1.0 0.0387 0.61 0.62 0.63 0.64 0.65 0.66 0.67 0.68 0.69 0.7 0.71 0.72 0.73 0.74 0.75 0.76 0.77 0.78 0.79 0.8 0.8008 0.7708 0.7984 0.7777 0.7593 0.7386 0.734 0.7224 0.6994 0.6763 0.6718 0.6557 0.6326 0.6303 0.6211 0.5981 0.5889 0.5842 0.5636 0.552 0.6652 0.6769 0.6444 0.6329 0.6537 0.6491 0.6213 0.5959 0.5797 0.5634 0.538 0.5241 0.5171 0.494 0.4754 0.4732 0.4547 0.4361 0.4316 0.4199 0.648 0.6226 0.5996 0.6364 0.6203 0.6019 0.5834 0.5696 0.5649 0.5419 0.5258 0.5234 0.5027 0.4819 0.4819 0.4658 0.445 0.4403 0.4311 0.4127
