0.6126 1.0 0.069 0.59 0.6 0.61 0.62 0.63 0.64 0.65 0.66 0.67 0.68 0.69 0.7 0.71 0.72 0.73 0.74 0.75 0.76 0.77 0.78 0.9166 0.8682 0.8291 0.8843 0.8706 0.8291 0.8544 0.8544 0.8244 0.8083 0.783 0.7669 0.7461 0.7231 0.7093 0.6954 0.6724 0.6587 0.6494 0.6287 0.6513 0.6746 0.6953 0.6513 0.6421 0.6977 0.6537 0.6306 0.6722 0.663 0.6329 0.6004 0.5797 0.5634 0.538 0.5171 0.5079 0.4871 0.4662 0.4593 0.6503 0.6941 0.6457 0.6203 0.6757 0.6411 0.6111 0.648 0.6341 0.6111 0.588 0.5719 0.5603 0.5419 0.5188 0.5119 0.4934 0.475 0.4634 0.4542
0.5941 1.0 0.046 0.6 0.61 0.62 0.63 0.64 0.65 0.66 0.67 0.68 0.69 0.7 0.71 0.72 0.73 0.74 0.75 0.76 0.77 0.78 0.79 0.8682 0.8291 0.8843 0.8706 0.8291 0.8544 0.8544 0.8244 0.8083 0.783 0.7669 0.7461 0.7231 0.7093 0.6954 0.6724 0.6587 0.6494 0.6287 0.6149 0.6746 0.6953 0.6513 0.6421 0.6977 0.6537 0.6306 0.6722 0.663 0.6329 0.6004 0.5797 0.5634 0.538 0.5171 0.5079 0.4871 0.4662 0.4593 0.4431 0.6941 0.6457 0.6203 0.6757 0.6411 0.6111 0.648 0.6341 0.6111 0.588 0.5719 0.5603 0.5419 0.5188 0.5119 0.4934 0.475 0.4634 0.4542 0.4311
0.5803 1.0 0.0077 0.61 0.62 0.63 0.64 0.65 0.66 0.67 0.68 0.69 0.7 0.71 0.72 0.73 0.74 0.75 0.76 0.77 0.78 0.79 0.8 0.8291 0.8843 0.8706 0.8291 0.8544 0.8544 0.8244 0.8083 0.783 0.7669 0.7461 0.7231 0.7093 0.6954 0.6724 0.6587 0.6494 0.6287 0.6149 0.6126 0.6953 0.6513 0.6421 0.6977 0.6537 0.6306 0.6722 0.663 0.6329 0.6004 0.5797 0.5634 0.538 0.5171 0.5079 0.4871 0.4662 0.4593 0.4431 0.4246 0.6457 0.6203 0.6757 0.6411 0.6111 0.648 0.6341 0.6111 0.588 0.5719 0.5603 0.5419 0.5188 0.5119 0.4934 0.475 0.4634 0.4542 0.4311 0.4242
0.5849 1.0 0.0617 0.62 0.63 0.64 0.65 0.66 0.67 0.68 0.69 0.7 0.71 0.72 0.73 0.74 0.75 0.76 0.77 0.78 0.79 0.8 0.81 0.8843 0.8706 0.8291 0.8544 0.8544 0.8244 0.8083 0.783 0.7669 0.7461 0.7231 0.7093 0.6954 0.6724 0.6587 0.6494 0.6287 0.6149 0.6126 0.5941 0.6513 0.6421 0.6977 0.6537 0.6306 0.6722 0.663 0.6329 0.6004 0.5797 0.5634 0.538 0.5171 0.5079 0.4871 0.4662 0.4593 0.4431 0.4246 0.4177 0.6203 0.6757 0.6411 0.6111 0.648 0.6341 0.6111 0.588 0.5719 0.5603 0.5419 0.5188 0.5119 0.4934 0.475 0.4634 0.4542 0.4311 0.4242 0.4173
0.5711 1.0 0.046 0.63 0.64 0.65 0.66 0.67 0.68 0.69 0.7 0.71 0.72 0.73 0.74 0.75 0.76 0.77 0.78 0.79 0.8 0.81 0.82 0.8706 0.8291 0.8544 0.8544 0.8244 0.8083 0.783 0.7669 0.7461 0.7231 0.7093 0.6954 0.6724 0.6587 0.6494 0.6287 0.6149 0.6126 0.5941 0.5803 0.6421 0.6977 0.6537 0.6306 0.6722 0.663 0.6329 0.6004 0.5797 0.5634 0.538 0.5171 0.5079 0.4871 0.4662 0.4593 0.4431 0.4246 0.4177 0.4083 0.6757 0.6411 0.6111 0.648 0.6341 0.6111 0.588 0.5719 0.5603 0.5419 0.5188 0.5119 0.4934 0.475 0.4634 0.4542 0.4311 0.4242 0.4173 0.3989
0.555 1.0 0.0153 0.64 0.65 0.66 0.67 0.68 0.69 0.7 0.71 0.72 0.73 0.74 0.75 0.76 0.77 0.78 0.79 0.8 0.81 0.82 0.83 0.8291 0.8544 0.8544 0.8244 0.8083 0.783 0.7669 0.7461 0.7231 0.7093 0.6954 0.6724 0.6587 0.6494 0.6287 0.6149 0.6126 0.5941 0.5803 0.5849 0.6977 0.6537 0.6306 0.6722 0.663 0.6329 0.6004 0.5797 0.5634 0.538 0.5171 0.5079 0.4871 0.4662 0.4593 0.4431 0.4246 0.4177 0.4083 0.3899 0.6411 0.6111 0.648 0.6341 0.6111 0.588 0.5719 0.5603 0.5419 0.5188 0.5119 0.4934 0.475 0.4634 0.4542 0.4311 0.4242 0.4173 0.3989 0.3897
0.5573 1.0 0.046 0.65 0.66 0.67 0.68 0.69 0.7 0.71 0.72 0.73 0.74 0.75 0.76 0.77 0.78 0.79 0.8 0.81 0.82 0.83 0.84 0.8544 0.8544 0.8244 0.8083 0.783 0.7669 0.7461 0.7231 0.7093 0.6954 0.6724 0.6587 0.6494 0.6287 0.6149 0.6126 0.5941 0.5803 0.5849 0.5711 0.6537 0.6306 0.6722 0.663 0.6329 0.6004 0.5797 0.5634 0.538 0.5171 0.5079 0.4871 0.4662 0.4593 0.4431 0.4246 0.4177 0.4083 0.3899 0.3852 0.6111 0.648 0.6341 0.6111 0.588 0.5719 0.5603 0.5419 0.5188 0.5119 0.4934 0.475 0.4634 0.4542 0.4311 0.4242 0.4173 0.3989 0.3897 0.3942
0.5481 1.0 0.0537 0.66 0.67 0.68 0.69 0.7 0.71 0.72 0.73 0.74 0.75 0.76 0.77 0.78 0.79 0.8 0.81 0.82 0.83 0.84 0.85 0.8544 0.8244 0.8083 0.783 0.7669 0.7461 0.7231 0.7093 0.6954 0.6724 0.6587 0.6494 0.6287 0.6149 0.6126 0.5941 0.5803 0.5849 0.5711 0.555 0.6306 0.6722 0.663 0.6329 0.6004 0.5797 0.5634 0.538 0.5171 0.5079 0.4871 0.4662 0.4593 0.4431 0.4246 0.4177 0.4083 0.3899 0.3852 0.3806 0.648 0.6341 0.6111 0.588 0.5719 0.5603 0.5419 0.5188 0.5119 0.4934 0.475 0.4634 0.4542 0.4311 0.4242 0.4173 0.3989 0.3897 0.3942 0.3781
0.5297 1.0 0.0077 0.67 0.68 0.69 0.7 0.71 0.72 0.73 0.74 0.75 0.76 0.77 0.78 0.79 0.8 0.81 0.82 0.83 0.84 0.85 0.86 0.8244 0.8083 0.783 0.7669 0.7461 0.7231 0.7093 0.6954 0.6724 0.6587 0.6494 0.6287 0.6149 0.6126 0.5941 0.5803 0.5849 0.5711 0.555 0.5573 0.6722 0.663 0.6329 0.6004 0.5797 0.5634 0.538 0.5171 0.5079 0.4871 0.4662 0.4593 0.4431 0.4246 0.4177 0.4083 0.3899 0.3852 0.3806 0.3644 0.6341 0.6111 0.588 0.5719 0.5603 0.5419 0.5188 0.5119 0.4934 0.475 0.4634 0.4542 0.4311 0.4242 0.4173 0.3989 0.3897 0.3942 0.3781 0.3642
0.525 1.0 0.0307 0.68 0.69 0.7 0.71 0.72 0.73 0.74 0.75 0.76 0.77 0.78 0.79 0.8 0.81 0.82 0.83 0.84 0.85 0.86 0.87 0.8083 0.783 0.7669 0.7461 0.7231 0.7093 0.6954 0.6724 0.6587 0.6494 0.6287 0.6149 0.6126 0.5941 0.5803 0.5849 0.5711 0.555 0.5573 0.5481 0.663 0.6329 0.6004 0.5797 0.5634 0.538 0.5171 0.5079 0.4871 0.4662 0.4593 0.4431 0.4246 0.4177 0.4083 0.3899 0.3852 0.3806 0.3644 0.3528 0.6111 0.588 0.5719 0.5603 0.5419 0.5188 0.5119 0.4934 0.475 0.4634 0.4542 0.4311 0.4242 0.4173 0.3989 0.3897 0.3942 0.3781 0.3642 0.3666
0.5181 1.0 0.0613 0.69 0.7 0.71 0.72 0.73 0.74 0.75 0.76 0.77 0.78 0.79 0.8 0.81 0.82 0.83 0.84 0.85 0.86 0.87 0.88 0.783 0.7669 0.7461 0.7231 0.7093 0.6954 0.6724 0.6587 0.6494 0.6287 0.6149 0.6126 0.5941 0.5803 0.5849 0.5711 0.555 0.5573 0.5481 0.5297 0.6329 0.6004 0.5797 0.5634 0.538 0.5171 0.5079 0.4871 0.4662 0.4593 0.4431 0.4246 0.4177 0.4083 0.3899 0.3852 0.3806 0.3644 0.3528 0.3506 0.588 0.5719 0.5603 0.5419 0.5188 0.5119 0.4934 0.475 0.4634 0.4542 0.4311 0.4242 0.4173 0.3989 0.3897 0.3942 0.3781 0.3642 0.3666 0.3504
0.5043 1.0 0.0157 0.7 0.71 0.72 0.73 0.74 0.75 0.76 0.77 0.78 0.79 0.8 0.81 0.82 0.83 0.84 0.85 0.86 0.87 0.88 0.89 0.7669 0.7461 0.7231 0.7093 0.6954 0.6724 0.6587 0.6494 0.6287 0.6149 0.6126 0.5941 0.5803 0.5849 0.5711 0.555 0.5573 0.5481 0.5297 0.525 0.6004 0.5797 0.5634 0.538 0.5171 0.5079 0.4871 0.4662 0.4593 0.4431 0.4246 0.4177 0.4083 0.3899 0.3852 0.3806 0.3644 0.3528 0.3506 0.3367 0.5719 0.5603 0.5419 0.5188 0.5119 0.4934 0.475 0.4634 0.4542 0.4311 0.4242 0.4173 0.3989 0.3897 0.3942 0.3781 0.3642 0.3666 0.3504 0.3366
0.4951 1.0 0.023 0.71 0.72 0.73 0.74 0.75 0.76 0.77 0.78 0.79 0.8 0.81 0.82 0.83 0.84 0.85 0.86 0.87 0.88 0.89 0.9 0.7461 0.7231 0.7093 0.6954 0.6724 0.6587 0.6494 0.6287 0.6149 0.6126 0.5941 0.5803 0.5849 0.5711 0.555 0.5573 0.5481 0.5297 0.525 0.5181 0.5797 0.5634 0.538 0.5171 0.5079 0.4871 0.4662 0.4593 0.4431 0.4246 0.4177 0.4083 0.3899 0.3852 0.3806 0.3644 0.3528 0.3506 0.3367 0.325 0.5603 0.5419 0.5188 0.5119 0.4934 0.475 0.4634 0.4542 0.4311 0.4242 0.4173 0.3989 0.3897 0.3942 0.3781 0.3642 0.3666 0.3504 0.3366 0.332
0.4928 1.0 0.046 0.72 0.73 0.74 0.75 0.76 0.77 0.78 0.79 0.8 0.81 0.82 0.83 0.84 0.85 0.86 0.87 0.88 0.89 0.9 0.91 0.7231 0.7093 0.6954 0.6724 0.6587 0.6494 0.6287 0.6149 0.6126 0.5941 0.5803 0.5849 0.5711 0.555 0.5573 0.5481 0.5297 0.525 0.5181 0.5043 0.5634 0.538 0.5171 0.5079 0.4871 0.4662 0.4593 0.4431 0.4246 0.4177 0.4083 0.3899 0.3852 0.3806 0.3644 0.3528 0.3506 0.3367 0.325 0.3204 0.5419 0.5188 0.5119 0.4934 0.475 0.4634 0.4542 0.4311 0.4242 0.4173 0.3989 0.3897 0.3942 0.3781 0.3642 0.3666 0.3504 0.3366 0.332 0.325
0.479 1.0 0.0307 0.73 0.74 0.75 0.76 0.77 0.78 0.79 0.8 0.81 0.82 0.83 0.84 0.85 0.86 0.87 0.88 0.89 0.9 0.91 0.92 0.7093 0.6954 0.6724 0.6587 0.6494 0.6287 0.6149 0.6126 0.5941 0.5803 0.5849 0.5711 0.555 0.5573 0.5481 0.5297 0.525 0.5181 0.5043 0.4951 0.538 0.5171 0.5079 0.4871 0.4662 0.4593 0.4431 0.4246 0.4177 0.4083 0.3899 0.3852 0.3806 0.3644 0.3528 0.3506 0.3367 0.325 0.3204 0.3089 0.5188 0.5119 0.4934 0.475 0.4634 0.4542 0.4311 0.4242 0.4173 0.3989 0.3897 0.3942 0.3781 0.3642 0.3666 0.3504 0.3366 0.332 0.325 0.3089
0.4698 1.0 0.0077 0.74 0.75 0.76 0.77 0.78 0.79 0.8 0.81 0.82 0.83 0.84 0.85 0.86 0.87 0.88 0.89 0.9 0.91 0.92 0.93 0.6954 0.6724 0.6587 0.6494 0.6287 0.6149 0.6126 0.5941 0.5803 0.5849 0.5711 0.555 0.5573 0.5481 0.5297 0.525 0.5181 0.5043 0.4951 0.4928 0.5171 0.5079 0.4871 0.4662 0.4593 0.4431 0.4246 0.4177 0.4083 0.3899 0.3852 0.3806 0.3644 0.3528 0.3506 0.3367 0.325 0.3204 0.3089 0.2996 0.5119 0.4934 0.475 0.4634 0.4542 0.4311 0.4242 0.4173 0.3989 0.3897 0.3942 0.3781 0.3642 0.3666 0.3504 0.3366 0.332 0.325 0.3089 0.3066
0.4651 1.0 0.046 0.75 0.76 0.77 0.78 0.79 0.8 0.81 0.82 0.83 0.84 0.85 0.86 0.87 0.88 0.89 0.9 0.91 0.92 0.93 0.94 0.6724 0.6587 0.6494 0.6287 0.6149 0.6126 0.5941 0.5803 0.5849 0.5711 0.555 0.5573 0.5481 0.5297 0.525 0.5181 0.5043 0.4951 0.4928 0.479 0.5079 0.4871 0.4662 0.4593 0.4431 0.4246 0.4177 0.4083 0.3899 0.3852 0.3806 0.3644 0.3528 0.3506 0.3367 0.325 0.3204 0.3089 0.2996 0.2927 0.4934 0.475 0.4634 0.4542 0.4311 0.4242 0.4173 0.3989 0.3897 0.3942 0.3781 0.3642 0.3666 0.3504 0.3366 0.332 0.325 0.3089 0.3066 0.2973
0.4559 1.0 0.0307 0.76 0.77 0.78 0.79 0.8 0.81 0.82 0.83 0.84 0.85 0.86 0.87 0.88 0.89 0.9 0.91 0.92 0.93 0.94 0.95 0.6587 0.6494 0.6287 0.6149 0.6126 0.5941 0.5803 0.5849 0.5711 0.555 0.5573 0.5481 0.5297 0.525 0.5181 0.5043 0.4951 0.4928 0.479 0.4698 0.4871 0.4662 0.4593 0.4431 0.4246 0.4177 0.4083 0.3899 0.3852 0.3806 0.3644 0.3528 0.3506 0.3367 0.325 0.3204 0.3089 0.2996 0.2927 0.2833 0.475 0.4634 0.4542 0.4311 0.4242 0.4173 0.3989 0.3897 0.3942 0.3781 0.3642 0.3666 0.3504 0.3366 0.332 0.325 0.3089 0.3066 0.2973 0.2859
0.4513 1.0 0.0157 0.77 0.78 0.79 0.8 0.81 0.82 0.83 0.84 0.85 0.86 0.87 0.88 0.89 0.9 0.91 0.92 0.93 0.94 0.95 0.96 0.6494 0.6287 0.6149 0.6126 0.5941 0.5803 0.5849 0.5711 0.555 0.5573 0.5481 0.5297 0.525 0.5181 0.5043 0.4951 0.4928 0.479 0.4698 0.4651 0.4662 0.4593 0.4431 0.4246 0.4177 0.4083 0.3899 0.3852 0.3806 0.3644 0.3528 0.3506 0.3367 0.325 0.3204 0.3089 0.2996 0.2927 0.2833 0.2741 0.4634 0.4542 0.4311 0.4242 0.4173 0.3989 0.3897 0.3942 0.3781 0.3642 0.3666 0.3504 0.3366 0.332 0.325 0.3089 0.3066 0.2973 0.2859 0.2789
0.4606 1.0 0.0307 0.78 0.79 0.8 0.81 0.82 0.83 0.84 0.85 0.86 0.87 0.88 0.89 0.9 0.91 0.92 0.93 0.94 0.95 0.96 0.97 0.6287 0.6149 0.6126 0.5941 0.5803 0.5849 0.5711 0.555 0.5573 0.5481 0.5297 0.525 0.5181 0.5043 0.4951 0.4928 0.479 0.4698 0.4651 0.4559 0.4593 0.4431 0.4246 0.4177 0.4083 0.3899 0.3852 0.3806 0.3644 0.3528 0.3506 0.3367 0.325 0.3204 0.3089 0.2996 0.2927 0.2833 0.2741 0.2672 0.4542 0.4311 0.4242 0.4173 0.3989 0.3897 0.3942 0.3781 0.3642 0.3666 0.3504 0.3366 0.332 0.325 0.3089 0.3066 0.2973 0.2859 0.2789 0.272
0.4537 1.0 0.0153 0.79 0.8 0.81 0.82 0.83 0.84 0.85 0.86 0.87 0.88 0.89 0.9 0.91 0.92 0.93 0.94 0.95 0.96 0.97 0.0 0.6149 0.6126 0.5941 0.5803 0.5849 0.5711 0.555 0.5573 0.5481 0.5297 0.525 0.5181 0.5043 0.4951 0.4928 0.479 0.4698 0.4651 0.4559 0.4513 0.4431 0.4246 0.4177 0.4083 0.3899 0.3852 0.3806 0.3644 0.3528 0.3506 0.3367 0.325 0.3204 0.3089 0.2996 0.2927 0.2833 0.2741 0.2672 0.2602 0.4311 0.4242 0.4173 0.3989 0.3897 0.3942 0.3781 0.3642 0.3666 0.3504 0.3366 0.332 0.325 0.3089 0.3066 0.2973 0.2859 0.2789 0.272 0.2651
0.5389 1.0 0.031 0.8 0.81 0.82 0.83 0.84 0.85 0.86 0.87 0.88 0.89 0.9 0.91 0.92 0.93 0.94 0.95 0.96 0.97 0.0 0.01 0.6126 0.5941 0.5803 0.5849 0.5711 0.555 0.5573 0.5481 0.5297 0.525 0.5181 0.5043 0.4951 0.4928 0.479 0.4698 0.4651 0.4559 0.4513 0.4606 0.4246 0.4177 0.4083 0.3899 0.3852 0.3806 0.3644 0.3528 0.3506 0.3367 0.325 0.3204 0.3089 0.2996 0.2927 0.2833 0.2741 0.2672 0.2602 0.2857 0.4242 0.4173 0.3989 0.3897 0.3942 0.3781 0.3642 0.3666 0.3504 0.3366 0.332 0.325 0.3089 0.3066 0.2973 0.2859 0.2789 0.272 0.2651 0.3389
0.5503 1.0 0.023 0.81 0.82 0.83 0.84 0.85 0.86 0.87 0.88 0.89 0.9 0.91 0.92 0.93 0.94 0.95 0.96 0.97 0.0 0.01 0.02 0.5941 0.5803 0.5849 0.5711 0.555 0.5573 0.5481 0.5297 0.525 0.5181 0.5043 0.4951 0.4928 0.479 0.4698 0.4651 0.4559 0.4513 0.4606 0.4537 0.4177 0.4083 0.3899 0.3852 0.3806 0.3644 0.3528 0.3506 0.3367 0.325 0.3204 0.3089 0.2996 0.2927 0.2833 0.2741 0.2672 0.2602 0.2857 0.3297 0.4173 0.3989 0.3897 0.3942 0.3781 0.3642 0.3666 0.3504 0.3366 0.332 0.325 0.3089 0.3066 0.2973 0.2859 0.2789 0.272 0.2651 0.3389 0.3136
0.5273 1.0 0.284 0.82 0.83 0.84 0.85 0.86 0.87 0.88 0.89 0.9 0.91 0.92 0.93 0.94 0.95 0.96 0.97 0.0 0.01 0.02 0.03 0.5803 0.5849 0.5711 0.555 0.5573 0.5481 0.5297 0.525 0.5181 0.5043 0.4951 0.4928 0.479 0.4698 0.4651 0.4559 0.4513 0.4606 0.4537 0.5389 0.4083 0.3899 0.3852 0.3806 0.3644 0.3528 0.3506 0.3367 0.325 0.3204 0.3089 0.2996 0.2927 0.2833 0.2741 0.2672 0.2602 0.2857 0.3297 0.3089 0.3989 0.3897 0.3942 0.3781 0.3642 0.3666 0.3504 0.3366 0.332 0.325 0.3089 0.3066 0.2973 0.2859 0.2789 0.272 0.2651 0.3389 0.3136 0.3066
0.5803 1.0 0.038 0.83 0.84 0.85 0.86 0.87 0.88 0.89 0.9 0.91 0.92 0.93 0.94 0.95 0.96 0.97 0.0 0.01 0.02 0.03 0.04 0.5849 0.5711 0.555 0.5573 0.5481 0.5297 0.525 0.5181 0.5043 0.4951 0.4928 0.479 0.4698 0.4651 0.4559 0.4513 0.4606 0.4537 0.5389 0.5503 0.3899 0.3852 0.3806 0.3644 0.3528 0.3506 0.3367 0.325 0.3204 0.3089 0.2996 0.2927 0.2833 0.2741 0.2672 0.2602 0.2857 0.3297 0.3089 0.3134 0.3897 0.3942 0.3781 0.3642 0.3666 0.3504 0.3366 0.332 0.325 0.3089 0.3066 0.2973 0.2859 0.2789 0.272 0.2651 0.3389 0.3136 0.3066 0.3897
0.6126 1.0 0.0767 0.84 0.85 0.86 0.87 0.88 0.89 0.9 0.91 0.92 0.93 0.94 0.95 0.96 0.97 0.0 0.01 0.02 0.03 0.04 0.05 0.5711 0.555 0.5573 0.5481 0.5297 0.525 0.5181 0.5043 0.4951 0.4928 0.479 0.4698 0.4651 0.4559 0.4513 0.4606 0.4537 0.5389 0.5503 0.5273 0.3852 0.3806 0.3644 0.3528 0.3506 0.3367 0.325 0.3204 0.3089 0.2996 0.2927 0.2833 0.2741 0.2672 0.2602 0.2857 0.3297 0.3089 0.3134 0.3852 0.3942 0.3781 0.3642 0.3666 0.3504 0.3366 0.332 0.325 0.3089 0.3066 0.2973 0.2859 0.2789 0.272 0.2651 0.3389 0.3136 0.3066 0.3897 0.3666
0.5757 1.0 0.1767 0.85 0.86 0.87 0.88 0.89 0.9 0.91 0.92 0.93 0.94 0.95 0.96 0.97 0.0 0.01 0.02 0.03 0.04 0.05 0.06 0.555 0.5573 0.5481 0.5297 0.525 0.5181 0.5043 0.4951 0.4928 0.479 0.4698 0.4651 0.4559 0.4513 0.4606 0.4537 0.5389 0.5503 0.5273 0.5803 0.3806 0.3644 0.3528 0.3506 0.3367 0.325 0.3204 0.3089 0.2996 0.2927 0.2833 0.2741 0.2672 0.2602 0.2857 0.3297 0.3089 0.3134 0.3852 0.3528 0.3781 0.3642 0.3666 0.3504 0.3366 0.332 0.325 0.3089 0.3066 0.2973 0.2859 0.2789 0.272 0.2651 0.3389 0.3136 0.3066 0.3897 0.3666 0.3389
0.5941 1.0 0.1077 0.86 0.87 0.88 0.89 0.9 0.91 0.92 0.93 0.94 0.95 0.96 0.97 0.0 0.01 0.02 0.03 0.04 0.05 0.06 0.07 0.5573 0.5481 0.5297 0.525 0.5181 0.5043 0.4951 0.4928 0.479 0.4698 0.4651 0.4559 0.4513 0.4606 0.4537 0.5389 0.5503 0.5273 0.5803 0.6126 0.3644 0.3528 0.3506 0.3367 0.325 0.3204 0.3089 0.2996 0.2927 0.2833 0.2741 0.2672 0.2602 0.2857 0.3297 0.3089 0.3134 0.3852 0.3528 0.3389 0.3642 0.3666 0.3504 0.3366 0.332 0.325 0.3089 0.3066 0.2973 0.2859 0.2789 0.272 0.2651 0.3389 0.3136 0.3066 0.3897 0.3666 0.3389 0.4127
0.6632 1.0 0.123 0.87 0.88 0.89 0.9 0.91 0.92 0.93 0.94 0.95 0.96 0.97 0.0 0.01 0.02 0.03 0.04 0.05 0.06 0.07 0.08 0.5481 0.5297 0.525 0.5181 0.5043 0.4951 0.4928 0.479 0.4698 0.4651 0.4559 0.4513 0.4606 0.4537 0.5389 0.5503 0.5273 0.5803 0.6126 0.5757 0.3528 0.3506 0.3367 0.325 0.3204 0.3089 0.2996 0.2927 0.2833 0.2741 0.2672 0.2602 0.2857 0.3297 0.3089 0.3134 0.3852 0.3528 0.3389 0.4177 0.3666 0.3504 0.3366 0.332 0.325 0.3089 0.3066 0.2973 0.2859 0.2789 0.272 0.2651 0.3389 0.3136 0.3066 0.3897 0.3666 0.3389 0.4127 0.4058
0.6218 1.0 0.0613 0.88 0.89 0.9 0.91 0.92 0.93 0.94 0.95 0.96 0.97 0.0 0.01 0.02 0.03 0.04 0.05 0.06 0.07 0.08 0.09 0.5297 0.525 0.5181 0.5043 0.4951 0.4928 0.479 0.4698 0.4651 0.4559 0.4513 0.4606 0.4537 0.5389 0.5503 0.5273 0.5803 0.6126 0.5757 0.5941 0.3506 0.3367 0.325 0.3204 0.3089 0.2996 0.2927 0.2833 0.2741 0.2672 0.2602 0.2857 0.3297 0.3089 0.3134 0.3852 0.3528 0.3389 0.4177 0.3968 0.3504 0.3366 0.332 0.325 0.3089 0.3066 0.2973 0.2859 0.2789 0.272 0.2651 0.3389 0.3136 0.3066 0.3897 0.3666 0.3389 0.4127 0.4058 0.3734
0.601 1.0 0.2303 0.89 0.9 0.91 0.92 0.93 0.94 0.95 0.96 0.97 0.0 0.01 0.02 0.03 0.04 0.05 0.06 0.07 0.08 0.09 0.1 0.525 0.5181 0.5043 0.4951 0.4928 0.479 0.4698 0.4651 0.4559 0.4513 0.4606 0.4537 0.5389 0.5503 0.5273 0.5803 0.6126 0.5757 0.5941 0.6632 0.3367 0.325 0.3204 0.3089 0.2996 0.2927 0.2833 0.2741 0.2672 0.2602 0.2857 0.3297 0.3089 0.3134 0.3852 0.3528 0.3389 0.4177 0.3968 0.369 0.3366 0.332 0.325 0.3089 0.3066 0.2973 0.2859 0.2789 0.272 0.2651 0.3389 0.3136 0.3066 0.3897 0.3666 0.3389 0.4127 0.4058 0.3734 0.4104
0.6886 1.0 0.138 0.9 0.91 0.92 0.93 0.94 0.95 0.96 0.97 0.0 0.01 0.02 0.03 0.04 0.05 0.06 0.07 0.08 0.09 0.1 0.11 0.5181 0.5043 0.4951 0.4928 0.479 0.4698 0.4651 0.4559 0.4513 0.4606 0.4537 0.5389 0.5503 0.5273 0.5803 0.6126 0.5757 0.5941 0.6632 0.6218 0.325 0.3204 0.3089 0.2996 0.2927 0.2833 0.2741 0.2672 0.2602 0.2857 0.3297 0.3089 0.3134 0.3852 0.3528 0.3389 0.4177 0.3968 0.369 0.4316 0.332 0.325 0.3089 0.3066 0.2973 0.2859 0.2789 0.272 0.2651 0.3389 0.3136 0.3066 0.3897 0.3666 0.3389 0.4127 0.4058 0.3734 0.4104 0.445
0.6609 1.0 0.0693 0.91 0.92 0.93 0.94 0.95 0.96 0.97 0.0 0.01 0.02 0.03 0.04 0.05 0.06 0.07 0.08 0.09 0.1 0.11 0.12 0.5043 0.4951 0.4928 0.479 0.4698 0.4651 0.4559 0.4513 0.4606 0.4537 0.5389 0.5503 0.5273 0.5803 0.6126 0.5757 0.5941 0.6632 0.6218 0.601 0.3204 0.3089 0.2996 0.2927 0.2833 0.2741 0.2672 0.2602 0.2857 0.3297 0.3089 0.3134 0.3852 0.3528 0.3389 0.4177 0.3968 0.369 0.4316 0.4384 0.325 0.3089 0.3066 0.2973 0.2859 0.2789 0.272 0.2651 0.3389 0.3136 0.3066 0.3897 0.3666 0.3389 0.4127 0.4058 0.3734 0.4104 0.445 0.4058
0.6263 1.0 0.292 0.92 0.93 0.94 0.95 0.96 0.97 0.0 0.01 0.02 0.03 0.04 0.05 0.06 0.07 0.08 0.09 0.1 0.11 0.12 0.13 0.4951 0.4928 0.479 0.4698 0.4651 0.4559 0.4513 0.4606 0.4537 0.5389 0.5503 0.5273 0.5803 0.6126 0.5757 0.5941 0.6632 0.6218 0.601 0.6886 0.3089 0.2996 0.2927 0.2833 0.2741 0.2672 0.2602 0.2857 0.3297 0.3089 0.3134 0.3852 0.3528 0.3389 0.4177 0.3968 0.369 0.4316 0.4384 0.406 0.3089 0.3066 0.2973 0.2859 0.2789 0.272 0.2651 0.3389 0.3136 0.3066 0.3897 0.3666 0.3389 0.4127 0.4058 0.3734 0.4104 0.445 0.4058 0.4104
0.677 1.0 0.0923 0.93 0.94 0.95 0.96 0.97 0.0 0.01 0.02 0.03 0.04 0.05 0.06 0.07 0.08 0.09 0.1 0.11 0.12 0.13 0.14 0.4928 0.479 0.4698 0.4651 0.4559 0.4513 0.4606 0.4537 0.5389 0.5503 0.5273 0.5803 0.6126 0.5757 0.5941 0.6632 0.6218 0.601 0.6886 0.6609 0.2996 0.2927 0.2833 0.2741 0.2672 0.2602 0.2857 0.3297 0.3089 0.3134 0.3852 0.3528 0.3389 0.4177 0.3968 0.369 0.4316 0.4384 0.406 0.4384 0.3066 0.2973 0.2859 0.2789 0.272 0.2651 0.3389 0.3136 0.3066 0.3897 0.3666 0.3389 0.4127 0.4058 0.3734 0.4104 0.445 0.4058 0.4104 0.4727
0.6886 1.0 0.1153 0.94 0.95 0.96 0.97 0.0 0.01 0.02 0.03 0.04 0.05 0.06 0.07 0.08 0.09 0.1 0.11 0.12 0.13 0.14 0.15 0.479 0.4698 0.4651 0.4559 0.4513 0.4606 0.4537 0.5389 0.5503 0.5273 0.5803 0.6126 0.5757 0.5941 0.6632 0.6218 0.601 0.6886 0.6609 0.6263 0.2927 0.2833 0.2741 0.2672 0.2602 0.2857 0.3297 0.3089 0.3134 0.3852 0.3528 0.3389 0.4177 0.3968 0.369 0.4316 0.4384 0.406 0.4384 0.4801 0.2973 0.2859 0.2789 0.272 0.2651 0.3389 0.3136 0.3066 0.3897 0.3666 0.3389 0.4127 0.4058 0.3734 0.4104 0.445 0.4058 0.4104 0.4727 0.4358
0.6563 1.0 0.169 0.95 0.96 0.97 0.0 0.01 0.02 0.03 0.04 0.05 0.06 0.07 0.08 0.09 0.1 0.11 0.12 0.13 0.14 0.15 0.16 0.4698 0.4651 0.4559 0.4513 0.4606 0.4537 0.5389 0.5503 0.5273 0.5803 0.6126 0.5757 0.5941 0.6632 0.6218 0.601 0.6886 0.6609 0.6263 0.677 0.2833 0.2741 0.2672 0.2602 0.2857 0.3297 0.3089 0.3134 0.3852 0.3528 0.3389 0.4177 0.3968 0.369 0.4316 0.4384 0.406 0.4384 0.4801 0.4408 0.2859 0.2789 0.272 0.2651 0.3389 0.3136 0.3066 0.3897 0.3666 0.3389 0.4127 0.4058 0.3734 0.4104 0.445 0.4058 0.4104 0.4727 0.4358 0.4197
0.6724 1.0 0.0387 0.96 0.97 0.0 0.01 0.02 0.03 0.04 0.05 0.06 0.07 0.08 0.09 0.1 0.11 0.12 0.13 0.14 0.15 0.16 0.17 0.4651 0.4559 0.4513 0.4606 0.4537 0.5389 0.5503 0.5273 0.5803 0.6126 0.5757 0.5941 0.6632 0.6218 0.601 0.6886 0.6609 0.6263 0.677 0.6886 0.2741 0.2672 0.2602 0.2857 0.3297 0.3089 0.3134 0.3852 0.3528 0.3389 0.4177 0.3968 0.369 0.4316 0.4384 0.406 0.4384 0.4801 0.4408 0.4361 0.2789 0.272 0.2651 0.3389 0.3136 0.3066 0.3897 0.3666 0.3389 0.4127 0.4058 0.3734 0.4104 0.445 0.4058 0.4104 0.4727 0.4358 0.4197 0.4773
0.6978 1.0 0.1077 0.97 0.0 0.01 0.02 0.03 0.04 0.05 0.06 0.07 0.08 0.09 0.1 0.11 0.12 0.13 0.14 0.15 0.16 0.17 0.18 0.4559 0.4513 0.4606 0.4537 0.5389 0.5503 0.5273 0.5803 0.6126 0.5757 0.5941 0.6632 0.6218 0.601 0.6886 0.6609 0.6263 0.677 0.6886 0.6563 0.2672 0.2602 0.2857 0.3297 0.3089 0.3134 0.3852 0.3528 0.3389 0.4177 0.3968 0.369 0.4316 0.4384 0.406 0.4384 0.4801 0.4408 0.4361 0.5079 0.272 0.2651 0.3389 0.3136 0.3066 0.3897 0.3666 0.3389 0.4127 0.4058 0.3734 0.4104 0.445 0.4058 0.4104 0.4727 0.4358 0.4197 0.4773 0.4589
0.6701 1.0 0.0537 0.0 0.01 0.02 0.03 0.04 0.05 0.06 0.07 0.08 0.09 0.1 0.11 0.12 0.13 0.14 0.15 0.16 0.17 0.18 0.19 0.4513 0.4606 0.4537 0.5389 0.5503 0.5273 0.5803 0.6126 0.5757 0.5941 0.6632 0.6218 0.601 0.6886 0.6609 0.6263 0.677 0.6886 0.6563 0.6724 0.2602 0.2857 0.3297 0.3089 0.3134 0.3852 0.3528 0.3389 0.4177 0.3968 0.369 0.4316 0.4384 0.406 0.4384 0.4801 0.4408 0.4361 0.5079 0.4778 0.2651 0.3389 0.3136 0.3066 0.3897 0.3666 0.3389 0.4127 0.4058 0.3734 0.4104 0.445 0.4058 0.4104 0.4727 0.4358 0.4197 0.4773 0.4589 0.4427
0.6701 1.0 0.0847 0.01 0.02 0.03 0.04 0.05 0.06 0.07 0.08 0.09 0.1 0.11 0.12 0.13 0.14 0.15 0.16 0.17 0.18 0.19 0.2 0.4606 0.4537 0.5389 0.5503 0.5273 0.5803 0.6126 0.5757 0.5941 0.6632 0.6218 0.601 0.6886 0.6609 0.6263 0.677 0.6886 0.6563 0.6724 0.6978 0.2857 0.3297 0.3089 0.3134 0.3852 0.3528 0.3389 0.4177 0.3968 0.369 0.4316 0.4384 0.406 0.4384 0.4801 0.4408 0.4361 0.5079 0.4778 0.4593 0.3389 0.3136 0.3066 0.3897 0.3666 0.3389 0.4127 0.4058 0.3734 0.4104 0.445 0.4058 0.4104 0.4727 0.4358 0.4197 0.4773 0.4589 0.4427 0.4727
0.7186 1.0 0.0923 0.02 0.03 0.04 0.05 0.06 0.07 0.08 0.09 0.1 0.11 0.12 0.13 0.14 0.15 0.16 0.17 0.18 0.19 0.2 0.21 0.4537 0.5389 0.5503 0.5273 0.5803 0.6126 0.5757 0.5941 0.6632 0.6218 0.601 0.6886 0.6609 0.6263 0.677 0.6886 0.6563 0.6724 0.6978 0.6701 0.3297 0.3089 0.3134 0.3852 0.3528 0.3389 0.4177 0.3968 0.369 0.4316 0.4384 0.406 0.4384 0.4801 0.4408 0.4361 0.5079 0.4778 0.4593 0.4893 0.3136 0.3066 0.3897 0.3666 0.3389 0.4127 0.4058 0.3734 0.4104 0.445 0.4058 0.4104 0.4727 0.4358 0.4197 0.4773 0.4589 0.4427 0.4727 0.4934
0.7231 1.0 0.0 0.03 0.04 0.05 0.06 0.07 0.08 0.09 0.1 0.11 0.12 0.13 0.14 0.15 0.16 0.17 0.18 0.19 0.2 0.21 0.22 0.5389 0.5503 0.5273 0.5803 0.6126 0.5757 0.5941 0.6632 0.6218 0.601 0.6886 0.6609 0.6263 0.677 0.6886 0.6563 0.6724 0.6978 0.6701 0.6701 0.3089 0.3134 0.3852 0.3528 0.3389 0.4177 0.3968 0.369 0.4316 0.4384 0.406 0.4384 0.4801 0.4408 0.4361 0.5079 0.4778 0.4593 0.4893 0.531 0.3066 0.3897 0.3666 0.3389 0.4127 0.4058 0.3734 0.4104 0.445 0.4058 0.4104 0.4727 0.4358 0.4197 0.4773 0.4589 0.4427 0.4727 0.4934 0.4681
0.7093 1.0 0.1617 0.04 0.05 0.06 0.07 0.08 0.09 0.1 0.11 0.12 0.13 0.14 0.15 0.16 0.17 0.18 0.19 0.2 0.21 0.22 0.23 0.5503 0.5273 0.5803 0.6126 0.5757 0.5941 0.6632 0.6218 0.601 0.6886 0.6609 0.6263 0.677 0.6886 0.6563 0.6724 0.6978 0.6701 0.6701 0.7186 0.3134 0.3852 0.3528 0.3389 0.4177 0.3968 0.369 0.4316 0.4384 0.406 0.4384 0.4801 0.4408 0.4361 0.5079 0.4778 0.4593 0.4893 0.531 0.501 0.3897 0.3666 0.3389 0.4127 0.4058 0.3734 0.4104 0.445 0.4058 0.4104 0.4727 0.4358 0.4197 0.4773 0.4589 0.4427 0.4727 0.4934 0.4681 0.4796
0.7231 1.0 0.015 0.05 0.06 0.07 0.08 0.09 0.1 0.11 0.12 0.13 0.14 0.15 0.16 0.17 0.18 0.19 0.2 0.21 0.22 0.23 0.24 0.5273 0.5803 0.6126 0.5757 0.5941 0.6632 0.6218 0.601 0.6886 0.6609 0.6263 0.677 0.6886 0.6563 0.6724 0.6978 0.6701 0.6701 0.7186 0.7231 0.3852 0.3528 0.3389 0.4177 0.3968 0.369 0.4316 0.4384 0.406 0.4384 0.4801 0.4408 0.4361 0.5079 0.4778 0.4593 0.4893 0.531 0.501 0.5126 0.3666 0.3389 0.4127 0.4058 0.3734 0.4104 0.445 0.4058 0.4104 0.4727 0.4358 0.4197 0.4773 0.4589 0.4427 0.4727 0.4934 0.4681 0.4796 0.5142
0.7853 1.0 0.046 0.06 0.07 0.08 0.09 0.1 0.11 0.12 0.13 0.14 0.15 0.16 0.17 0.18 0.19 0.2 0.21 0.22 0.23 0.24 0.25 0.5803 0.6126 0.5757 0.5941 0.6632 0.6218 0.601 0.6886 0.6609 0.6263 0.677 0.6886 0.6563 0.6724 0.6978 0.6701 0.6701 0.7186 0.7231 0.7093 0.3528 0.3389 0.4177 0.3968 0.369 0.4316 0.4384 0.406 0.4384 0.4801 0.4408 0.4361 0.5079 0.4778 0.4593 0.4893 0.531 0.501 0.5126 0.5658 0.3389 0.4127 0.4058 0.3734 0.4104 0.445 0.4058 0.4104 0.4727 0.4358 0.4197 0.4773 0.4589 0.4427 0.4727 0.4934 0.4681 0.4796 0.5142 0.528
0.7646 1.0 0.046 0.07 0.08 0.09 0.1 0.11 0.12 0.13 0.14 0.15 0.16 0.17 0.18 0.19 0.2 0.21 0.22 0.23 0.24 0.25 0.26 0.6126 0.5757 0.5941 0.6632 0.6218 0.601 0.6886 0.6609 0.6263 0.677 0.6886 0.6563 0.6724 0.6978 0.6701 0.6701 0.7186 0.7231 0.7093 0.7231 0.3389 0.4177 0.3968 0.369 0.4316 0.4384 0.406 0.4384 0.4801 0.4408 0.4361 0.5079 0.4778 0.4593 0.4893 0.531 0.501 0.5126 0.5658 0.5519 0.4127 0.4058 0.3734 0.4104 0.445 0.4058 0.4104 0.4727 0.4358 0.4197 0.4773 0.4589 0.4427 0.4727 0.4934 0.4681 0.4796 0.5142 0.528 0.5211
0.7531 1.0 0.2073 0.08 0.09 0.1 0.11 0.12 0.13 0.14 0.15 0.16 0.17 0.18 0.19 0.2 0.21 0.22 0.23 0.24 0.25 0.26 0.27 0.5757 0.5941 0.6632 0.6218 0.601 0.6886 0.6609 0.6263 0.677 0.6886 0.6563 0.6724 0.6978 0.6701 0.6701 0.7186 0.7231 0.7093 0.7231 0.7853 0.4177 0.3968 0.369 0.4316 0.4384 0.406 0.4384 0.4801 0.4408 0.4361 0.5079 0.4778 0.4593 0.4893 0.531 0.501 0.5126 0.5658 0.5519 0.5472 0.4058 0.3734 0.4104 0.445 0.4058 0.4104 0.4727 0.4358 0.4197 0.4773 0.4589 0.4427 0.4727 0.4934 0.4681 0.4796 0.5142 0.528 0.5211 0.5464
0.813 1.0 0.069 0.09 0.1 0.11 0.12 0.13 0.14 0.15 0.16 0.17 0.18 0.19 0.2 0.21 0.22 0.23 0.24 0.25 0.26 0.27 0.28 0.5941 0.6632 0.6218 0.601 0.6886 0.6609 0.6263 0.677 0.6886 0.6563 0.6724 0.6978 0.6701 0.6701 0.7186 0.7231 0.7093 0.7231 0.7853 0.7646 0.3968 0.369 0.4316 0.4384 0.406 0.4384 0.4801 0.4408 0.4361 0.5079 0.4778 0.4593 0.4893 0.531 0.501 0.5126 0.5658 0.5519 0.5472 0.575 0.3734 0.4104 0.445 0.4058 0.4104 0.4727 0.4358 0.4197 0.4773 0.4589 0.4427 0.4727 0.4934 0.4681 0.4796 0.5142 0.528 0.5211 0.5464 0.5996
0.806 1.0 0.0383 0.1 0.11 0.12 0.13 0.14 0.15 0.16 0.17 0.18 0.19 0.2 0.21 0.22 0.23 0.24 0.25 0.26 0.27 0.28 0.29 0.6632 0.6218 0.601 0.6886 0.6609 0.6263 0.677 0.6886 0.6563 0.6724 0.6978 0.6701 0.6701 0.7186 0.7231 0.7093 0.7231 0.7853 0.7646 0.7531 0.369 0.4316 0.4384 0.406 0.4384 0.4801 0.4408 0.4361 0.5079 0.4778 0.4593 0.4893 0.531 0.501 0.5126 0.5658 0.5519 0.5472 0.575 0.6098 0.4104 0.445 0.4058 0.4104 0.4727 0.4358 0.4197 0.4773 0.4589 0.4427 0.4727 0.4934 0.4681 0.4796 0.5142 0.528 0.5211 0.5464 0.5996 0.5627
0.7784 1.0 0.1997 0.11 0.12 0.13 0.14 0.15 0.16 0.17 0.18 0.19 0.2 0.21 0.22 0.23 0.24 0.25 0.26 0.27 0.28 0.29 0.3 0.6218 0.601 0.6886 0.6609 0.6263 0.677 0.6886 0.6563 0.6724 0.6978 0.6701 0.6701 0.7186 0.7231 0.7093 0.7231 0.7853 0.7646 0.7531 0.813 0.4316 0.4384 0.406 0.4384 0.4801 0.4408 0.4361 0.5079 0.4778 0.4593 0.4893 0.531 0.501 0.5126 0.5658 0.5519 0.5472 0.575 0.6098 0.5773 0.445 0.4058 0.4104 0.4727 0.4358 0.4197 0.4773 0.4589 0.4427 0.4727 0.4934 0.4681 0.4796 0.5142 0.528 0.5211 0.5464 0.5996 0.5627 0.558
0.8152 1.0 0.0233 0.12 0.13 0.14 0.15 0.16 0.17 0.18 0.19 0.2 0.21 0.22 0.23 0.24 0.25 0.26 0.27 0.28 0.29 0.3 0.31 0.601 0.6886 0.6609 0.6263 0.677 0.6886 0.6563 0.6724 0.6978 0.6701 0.6701 0.7186 0.7231 0.7093 0.7231 0.7853 0.7646 0.7531 0.813 0.806 0.4384 0.406 0.4384 0.4801 0.4408 0.4361 0.5079 0.4778 0.4593 0.4893 0.531 0.501 0.5126 0.5658 0.5519 0.5472 0.575 0.6098 0.5773 0.5797 0.4058 0.4104 0.4727 0.4358 0.4197 0.4773 0.4589 0.4427 0.4727 0.4934 0.4681 0.4796 0.5142 0.528 0.5211 0.5464 0.5996 0.5627 0.558 0.6272
0.8244 1.0 0.092 0.13 0.14 0.15 0.16 0.17 0.18 0.19 0.2 0.21 0.22 0.23 0.24 0.25 0.26 0.27 0.28 0.29 0.3 0.31 0.32 0.6886 0.6609 0.6263 0.677 0.6886 0.6563 0.6724 0.6978 0.6701 0.6701 0.7186 0.7231 0.7093 0.7231 0.7853 0.7646 0.7531 0.813 0.806 0.7784 0.406 0.4384 0.4801 0.4408 0.4361 0.5079 0.4778 0.4593 0.4893 0.531 0.501 0.5126 0.5658 0.5519 0.5472 0.575 0.6098 0.5773 0.5797 0.6259 0.4104 0.4727 0.4358 0.4197 0.4773 0.4589 0.4427 0.4727 0.4934 0.4681 0.4796 0.5142 0.528 0.5211 0.5464 0.5996 0.5627 0.558 0.6272 0.5949
0.7922 1.0 0.1227 0.14 0.15 0.16 0.17 0.18 0.19 0.2 0.21 0.22 0.23 0.24 0.25 0.26 0.27 0.28 0.29 0.3 0.31 0.32 0.33 0.6609 0.6263 0.677 0.6886 0.6563 0.6724 0.6978 0.6701 0.6701 0.7186 0.7231 0.7093 0.7231 0.7853 0.7646 0.7531 0.813 0.806 0.7784 0.8152 0.4384 0.4801 0.4408 0.4361 0.5079 0.4778 0.4593 0.4893 0.531 0.501 0.5126 0.5658 0.5519 0.5472 0.575 0.6098 0.5773 0.5797 0.6259 0.5912 0.4727 0.4358 0.4197 0.4773 0.4589 0.4427 0.4727 0.4934 0.4681 0.4796 0.5142 0.528 0.5211 0.5464 0.5996 0.5627 0.558 0.6272 0.5949 0.5742
0.8152 1.0 0.0307 0.15 0.16 0.17 0.18 0.19 0.2 0.21 0.22 0.23 0.24 0.25 0.26 0.27 0.28 0.29 0.3 0.31 0.32 0.33 0.34 0.6263 0.677 0.6886 0.6563 0.6724 0.6978 0.6701 0.6701 0.7186 0.7231 0.7093 0.7231 0.7853 0.7646 0.7531 0.813 0.806 0.7784 0.8152 0.8244 0.4801 0.4408 0.4361 0.5079 0.4778 0.4593 0.4893 0.531 0.501 0.5126 0.5658 0.5519 0.5472 0.575 0.6098 0.5773 0.5797 0.6259 0.5912 0.5797 0.4358 0.4197 0.4773 0.4589 0.4427 0.4727 0.4934 0.4681 0.4796 0.5142 0.528 0.5211 0.5464 0.5996 0.5627 0.558 0.6272 0.5949 0.5742 0.6319
0.8429 1.0 0.1073 0.16 0.17 0.18 0.19 0.2 0.21 0.22 0.23 0.24 0.25 0.26 0.27 0.28 0.29 0.3 0.31 0.32 0.33 0.34 0.35 0.677 0.6886 0.6563 0.6724 0.6978 0.6701 0.6701 0.7186 0.7231 0.7093 0.7231 0.7853 0.7646 0.7531 0.813 0.806 0.7784 0.8152 0.8244 0.7922 0.4408 0.4361 0.5079 0.4778 0.4593 0.4893 0.531 0.501 0.5126 0.5658 0.5519 0.5472 0.575 0.6098 0.5773 0.5797 0.6259 0.5912 0.5797 0.6306 0.4197 0.4773 0.4589 0.4427 0.4727 0.4934 0.4681 0.4796 0.5142 0.528 0.5211 0.5464 0.5996 0.5627 0.558 0.6272 0.5949 0.5742 0.6319 0.6088
0.806 1.0 0.0767 0.17 0.18 0.19 0.2 0.21 0.22 0.23 0.24 0.25 0.26 0.27 0.28 0.29 0.3 0.31 0.32 0.33 0.34 0.35 0.36 0.6886 0.6563 0.6724 0.6978 0.6701 0.6701 0.7186 0.7231 0.7093 0.7231 0.7853 0.7646 0.7531 0.813 0.806 0.7784 0.8152 0.8244 0.7922 0.8152 0.4361 0.5079 0.4778 0.4593 0.4893 0.531 0.501 0.5126 0.5658 0.5519 0.5472 0.575 0.6098 0.5773 0.5797 0.6259 0.5912 0.5797 0.6306 0.5981 0.4773 0.4589 0.4427 0.4727 0.4934 0.4681 0.4796 0.5142 0.528 0.5211 0.5464 0.5996 0.5627 0.558 0.6272 0.5949 0.5742 0.6319 0.6088 0.5811
0.8199 1.0 0.0923 0.18 0.19 0.2 0.21 0.22 0.23 0.24 0.25 0.26 0.27 0.28 0.29 0.3 0.31 0.32 0.33 0.34 0.35 0.36 0.37 0.6563 0.6724 0.6978 0.6701 0.6701 0.7186 0.7231 0.7093 0.7231 0.7853 0.7646 0.7531 0.813 0.806 0.7784 0.8152 0.8244 0.7922 0.8152 0.8429 0.5079 0.4778 0.4593 0.4893 0.531 0.501 0.5126 0.5658 0.5519 0.5472 0.575 0.6098 0.5773 0.5797 0.6259 0.5912 0.5797 0.6306 0.5981 0.5866 0.4589 0.4427 0.4727 0.4934 0.4681 0.4796 0.5142 0.528 0.5211 0.5464 0.5996 0.5627 0.558 0.6272 0.5949 0.5742 0.6319 0.6088 0.5811 0.6341
0.8682 1.0 0.123 0.19 0.2 0.21 0.22 0.23 0.24 0.25 0.26 0.27 0.28 0.29 0.3 0.31 0.32 0.33 0.34 0.35 0.36 0.37 0.38 0.6724 0.6978 0.6701 0.6701 0.7186 0.7231 0.7093 0.7231 0.7853 0.7646 0.7531 0.813 0.806 0.7784 0.8152 0.8244 0.7922 0.8152 0.8429 0.806 0.4778 0.4593 0.4893 0.531 0.501 0.5126 0.5658 0.5519 0.5472 0.575 0.6098 0.5773 0.5797 0.6259 0.5912 0.5797 0.6306 0.5981 0.5866 0.6329 0.4427 0.4727 0.4934 0.4681 0.4796 0.5142 0.528 0.5211 0.5464 0.5996 0.5627 0.558 0.6272 0.5949 0.5742 0.6319 0.6088 0.5811 0.6341 0.6203
0.8268 1.0 0.0463 0.2 0.21 0.22 0.23 0.24 0.25 0.26 0.27 0.28 0.29 0.3 0.31 0.32 0.33 0.34 0.35 0.36 0.37 0.38 0.39 0.6978 0.6701 0.6701 0.7186 0.7231 0.7093 0.7231 0.7853 0.7646 0.7531 0.813 0.806 0.7784 0.8152 0.8244 0.7922 0.8152 0.8429 0.806 0.8199 0.4593 0.4893 0.531 0.501 0.5126 0.5658 0.5519 0.5472 0.575 0.6098 0.5773 0.5797 0.6259 0.5912 0.5797 0.6306 0.5981 0.5866 0.6329 0.6167 0.4727 0.4934 0.4681 0.4796 0.5142 0.528 0.5211 0.5464 0.5996 0.5627 0.558 0.6272 0.5949 0.5742 0.6319 0.6088 0.5811 0.6341 0.6203 0.5903
0.8337 1.0 0.161 0.21 0.22 0.23 0.24 0.25 0.26 0.27 0.28 0.29 0.3 0.31 0.32 0.33 0.34 0.35 0.36 0.37 0.38 0.39 0.4 0.6701 0.6701 0.7186 0.7231 0.7093 0.7231 0.7853 0.7646 0.7531 0.813 0.806 0.7784 0.8152 0.8244 0.7922 0.8152 0.8429 0.806 0.8199 0.8682 0.4893 0.531 0.501 0.5126 0.5658 0.5519 0.5472 0.575 0.6098 0.5773 0.5797 0.6259 0.5912 0.5797 0.6306 0.5981 0.5866 0.6329 0.6167 0.6028 0.4934 0.4681 0.4796 0.5142 0.528 0.5211 0.5464 0.5996 0.5627 0.558 0.6272 0.5949 0.5742 0.6319 0.6088 0.5811 0.6341 0.6203 0.5903 0.6319
0.8936 1.0 0.138 0.22 0.23 0.24 0.25 0.26 0.27 0.28 0.29 0.3 0.31 0.32 0.33 0.34 0.35 0.36 0.37 0.38 0.39 0.4 0.41 0.6701 0.7186 0.7231 0.7093 0.7231 0.7853 0.7646 0.7531 0.813 0.806 0.7784 0.8152 0.8244 0.7922 0.8152 0.8429 0.806 0.8199 0.8682 0.8268 0.531 0.501 0.5126 0.5658 0.5519 0.5472 0.575 0.6098 0.5773 0.5797 0.6259 0.5912 0.5797 0.6306 0.5981 0.5866 0.6329 0.6167 0.6028 0.6468 0.4681 0.4796 0.5142 0.528 0.5211 0.5464 0.5996 0.5627 0.558 0.6272 0.5949 0.5742 0.6319 0.6088 0.5811 0.6341 0.6203 0.5903 0.6319 0.6364
0.8476 1.0 0.023 0.23 0.24 0.25 0.26 0.27 0.28 0.29 0.3 0.31 0.32 0.33 0.34 0.35 0.36 0.37 0.38 0.39 0.4 0.41 0.42 0.7186 0.7231 0.7093 0.7231 0.7853 0.7646 0.7531 0.813 0.806 0.7784 0.8152 0.8244 0.7922 0.8152 0.8429 0.806 0.8199 0.8682 0.8268 0.8337 0.501 0.5126 0.5658 0.5519 0.5472 0.575 0.6098 0.5773 0.5797 0.6259 0.5912 0.5797 0.6306 0.5981 0.5866 0.6329 0.6167 0.6028 0.6468 0.6374 0.4796 0.5142 0.528 0.5211 0.5464 0.5996 0.5627 0.558 0.6272 0.5949 0.5742 0.6319 0.6088 0.5811 0.6341 0.6203 0.5903 0.6319 0.6364 0.6041
0.8429 1.0 0.1997 0.24 0.25 0.26 0.27 0.28 0.29 0.3 0.31 0.32 0.33 0.34 0.35 0.36 0.37 0.38 0.39 0.4 0.41 0.42 0.43 0.7231 0.7093 0.7231 0.7853 0.7646 0.7531 0.813 0.806 0.7784 0.8152 0.8244 0.7922 0.8152 0.8429 0.806 0.8199 0.8682 0.8268 0.8337 0.8936 0.5126 0.5658 0.5519 0.5472 0.575 0.6098 0.5773 0.5797 0.6259 0.5912 0.5797 0.6306 0.5981 0.5866 0.6329 0.6167 0.6028 0.6468 0.6374 0.6236 0.5142 0.528 0.5211 0.5464 0.5996 0.5627 0.558 0.6272 0.5949 0.5742 0.6319 0.6088 0.5811 0.6341 0.6203 0.5903 0.6319 0.6364 0.6041 0.6341
0.912 1.0 0.1533 0.25 0.26 0.27 0.28 0.29 0.3 0.31 0.32 0.33 0.34 0.35 0.36 0.37 0.38 0.39 0.4 0.41 0.42 0.43 0.44 0.7093 0.7231 0.7853 0.7646 0.7531 0.813 0.806 0.7784 0.8152 0.8244 0.7922 0.8152 0.8429 0.806 0.8199 0.8682 0.8268 0.8337 0.8936 0.8476 0.5658 0.5519 0.5472 0.575 0.6098 0.5773 0.5797 0.6259 0.5912 0.5797 0.6306 0.5981 0.5866 0.6329 0.6167 0.6028 0.6468 0.6374 0.6236 0.663 0.528 0.5211 0.5464 0.5996 0.5627 0.558 0.6272 0.5949 0.5742 0.6319 0.6088 0.5811 0.6341 0.6203 0.5903 0.6319 0.6364 0.6041 0.6341 0.6641
0.8637 1.0 0.0157 0.26 0.27 0.28 0.29 0.3 0.31 0.32 0.33 0.34 0.35 0.36 0.37 0.38 0.39 0.4 0.41 0.42 0.43 0.44 0.45 0.7231 0.7853 0.7646 0.7531 0.813 0.806 0.7784 0.8152 0.8244 0.7922 0.8152 0.8429 0.806 0.8199 0.8682 0.8268 0.8337 0.8936 0.8476 0.8429 0.5519 0.5472 0.575 0.6098 0.5773 0.5797 0.6259 0.5912 0.5797 0.6306 0.5981 0.5866 0.6329 0.6167 0.6028 0.6468 0.6374 0.6236 0.663 0.663 0.5211 0.5464 0.5996 0.5627 0.558 0.6272 0.5949 0.5742 0.6319 0.6088 0.5811 0.6341 0.6203 0.5903 0.6319 0.6364 0.6041 0.6341 0.6641 0.6249
0.8383 1.0 0.2303 0.27 0.28 0.29 0.3 0.31 0.32 0.33 0.34 0.35 0.36 0.37 0.38 0.39 0.4 0.41 0.42 0.43 0.44 0.45 0.46 0.7853 0.7646 0.7531 0.813 0.806 0.7784 0.8152 0.8244 0.7922 0.8152 0.8429 0.806 0.8199 0.8682 0.8268 0.8337 0.8936 0.8476 0.8429 0.912 0.5472 0.575 0.6098 0.5773 0.5797 0.6259 0.5912 0.5797 0.6306 0.5981 0.5866 0.6329 0.6167 0.6028 0.6468 0.6374 0.6236 0.663 0.663 0.6352 0.5464 0.5996 0.5627 0.558 0.6272 0.5949 0.5742 0.6319 0.6088 0.5811 0.6341 0.6203 0.5903 0.6319 0.6364 0.6041 0.6341 0.6641 0.6249 0.6433
0.9097 1.0 0.161 0.28 0.29 0.3 0.31 0.32 0.33 0.34 0.35 0.36 0.37 0.38 0.39 0.4 0.41 0.42 0.43 0.44 0.45 0.46 0.47 0.7646 0.7531 0.813 0.806 0.7784 0.8152 0.8244 0.7922 0.8152 0.8429 0.806 0.8199 0.8682 0.8268 0.8337 0.8936 0.8476 0.8429 0.912 0.8637 0.575 0.6098 0.5773 0.5797 0.6259 0.5912 0.5797 0.6306 0.5981 0.5866 0.6329 0.6167 0.6028 0.6468 0.6374 0.6236 0.663 0.663 0.6352 0.6652 0.5996 0.5627 0.558 0.6272 0.5949 0.5742 0.6319 0.6088 0.5811 0.6341 0.6203 0.5903 0.6319 0.6364 0.6041 0.6341 0.6641 0.6249 0.6433 0.6988
0.8798 1.0 0.0847 0.29 0.3 0.31 0.32 0.33 0.34 0.35 0.36 0.37 0.38 0.39 0.4 0.41 0.42 0.43 0.44 0.45 0.46 0.47 0.48 0.7531 0.813 0.806 0.7784 0.8152 0.8244 0.7922 0.8152 0.8429 0.806 0.8199 0.8682 0.8268 0.8337 0.8936 0.8476 0.8429 0.912 0.8637 0.8383 0.6098 0.5773 0.5797 0.6259 0.5912 0.5797 0.6306 0.5981 0.5866 0.6329 0.6167 0.6028 0.6468 0.6374 0.6236 0.663 0.663 0.6352 0.6652 0.6769 0.5627 0.558 0.6272 0.5949 0.5742 0.6319 0.6088 0.5811 0.6341 0.6203 0.5903 0.6319 0.6364 0.6041 0.6341 0.6641 0.6249 0.6433 0.6988 0.6526
0.8476 1.0 0.238 0.3 0.31 0.32 0.33 0.34 0.35 0.36 0.37 0.38 0.39 0.4 0.41 0.42 0.43 0.44 0.45 0.46 0.47 0.48 0.49 0.813 0.806 0.7784 0.8152 0.8244 0.7922 0.8152 0.8429 0.806 0.8199 0.8682 0.8268 0.8337 0.8936 0.8476 0.8429 0.912 0.8637 0.8383 0.9097 0.5773 0.5797 0.6259 0.5912 0.5797 0.6306 0.5981 0.5866 0.6329 0.6167 0.6028 0.6468 0.6374 0.6236 0.663 0.663 0.6352 0.6652 0.6769 0.6444 0.558 0.6272 0.5949 0.5742 0.6319 0.6088 0.5811 0.6341 0.6203 0.5903 0.6319 0.6364 0.6041 0.6341 0.6641 0.6249 0.6433 0.6988 0.6526 0.6549
0.9143 1.0 0.0997 0.31 0.32 0.33 0.34 0.35 0.36 0.37 0.38 0.39 0.4 0.41 0.42 0.43 0.44 0.45 0.46 0.47 0.48 0.49 0.5 0.806 0.7784 0.8152 0.8244 0.7922 0.8152 0.8429 0.806 0.8199 0.8682 0.8268 0.8337 0.8936 0.8476 0.8429 0.912 0.8637 0.8383 0.9097 0.8798 0.5797 0.6259 0.5912 0.5797 0.6306 0.5981 0.5866 0.6329 0.6167 0.6028 0.6468 0.6374 0.6236 0.663 0.663 0.6352 0.6652 0.6769 0.6444 0.6607 0.6272 0.5949 0.5742 0.6319 0.6088 0.5811 0.6341 0.6203 0.5903 0.6319 0.6364 0.6041 0.6341 0.6641 0.6249 0.6433 0.6988 0.6526 0.6549 0.7172
0.9004 1.0 0.1073 0.32 0.33 0.34 0.35 0.36 0.37 0.38 0.39 0.4 0.41 0.42 0.43 0.44 0.45 0.46 0.47 0.48 0.49 0.5 0.51 0.7784 0.8152 0.8244 0.7922 0.8152 0.8429 0.806 0.8199 0.8682 0.8268 0.8337 0.8936 0.8476 0.8429 0.912 0.8637 0.8383 0.9097 0.8798 0.8476 0.6259 0.5912 0.5797 0.6306 0.5981 0.5866 0.6329 0.6167 0.6028 0.6468 0.6374 0.6236 0.663 0.663 0.6352 0.6652 0.6769 0.6444 0.6607 0.7069 0.5949 0.5742 0.6319 0.6088 0.5811 0.6341 0.6203 0.5903 0.6319 0.6364 0.6041 0.6341 0.6641 0.6249 0.6433 0.6988 0.6526 0.6549 0.7172 0.6688
0.8544 1.0 0.2223 0.33 0.34 0.35 0.36 0.37 0.38 0.39 0.4 0.41 0.42 0.43 0.44 0.45 0.46 0.47 0.48 0.49 0.5 0.51 0.52 0.8152 0.8244 0.7922 0.8152 0.8429 0.806 0.8199 0.8682 0.8268 0.8337 0.8936 0.8476 0.8429 0.912 0.8637 0.8383 0.9097 0.8798 0.8476 0.9143 0.5912 0.5797 0.6306 0.5981 0.5866 0.6329 0.6167 0.6028 0.6468 0.6374 0.6236 0.663 0.663 0.6352 0.6652 0.6769 0.6444 0.6607 0.7069 0.6652 0.5742 0.6319 0.6088 0.5811 0.6341 0.6203 0.5903 0.6319 0.6364 0.6041 0.6341 0.6641 0.6249 0.6433 0.6988 0.6526 0.6549 0.7172 0.6688 0.6457
0.8959 1.0 0.0463 0.34 0.35 0.36 0.37 0.38 0.39 0.4 0.41 0.42 0.43 0.44 0.45 0.46 0.47 0.48 0.49 0.5 0.51 0.52 0.53 0.8244 0.7922 0.8152 0.8429 0.806 0.8199 0.8682 0.8268 0.8337 0.8936 0.8476 0.8429 0.912 0.8637 0.8383 0.9097 0.8798 0.8476 0.9143 0.9004 0.5797 0.6306 0.5981 0.5866 0.6329 0.6167 0.6028 0.6468 0.6374 0.6236 0.663 0.663 0.6352 0.6652 0.6769 0.6444 0.6607 0.7069 0.6652 0.663 0.6319 0.6088 0.5811 0.6341 0.6203 0.5903 0.6319 0.6364 0.6041 0.6341 0.6641 0.6249 0.6433 0.6988 0.6526 0.6549 0.7172 0.6688 0.6457 0.7218
0.912 1.0 0.1533 0.35 0.36 0.37 0.38 0.39 0.4 0.41 0.42 0.43 0.44 0.45 0.46 0.47 0.48 0.49 0.5 0.51 0.52 0.53 0.54 0.7922 0.8152 0.8429 0.806 0.8199 0.8682 0.8268 0.8337 0.8936 0.8476 0.8429 0.912 0.8637 0.8383 0.9097 0.8798 0.8476 0.9143 0.9004 0.8544 0.6306 0.5981 0.5866 0.6329 0.6167 0.6028 0.6468 0.6374 0.6236 0.663 0.663 0.6352 0.6652 0.6769 0.6444 0.6607 0.7069 0.6652 0.663 0.7186 0.6088 0.5811 0.6341 0.6203 0.5903 0.6319 0.6364 0.6041 0.6341 0.6641 0.6249 0.6433 0.6988 0.6526 0.6549 0.7172 0.6688 0.6457 0.7218 0.6826
0.859 1.0 0.1383 0.36 0.37 0.38 0.39 0.4 0.41 0.42 0.43 0.44 0.45 0.46 0.47 0.48 0.49 0.5 0.51 0.52 0.53 0.54 0.55 0.8152 0.8429 0.806 0.8199 0.8682 0.8268 0.8337 0.8936 0.8476 0.8429 0.912 0.8637 0.8383 0.9097 0.8798 0.8476 0.9143 0.9004 0.8544 0.8959 0.5981 0.5866 0.6329 0.6167 0.6028 0.6468 0.6374 0.6236 0.663 0.663 0.6352 0.6652 0.6769 0.6444 0.6607 0.7069 0.6652 0.663 0.7186 0.6769 0.5811 0.6341 0.6203 0.5903 0.6319 0.6364 0.6041 0.6341 0.6641 0.6249 0.6433 0.6988 0.6526 0.6549 0.7172 0.6688 0.6457 0.7218 0.6826 0.6457
0.8659 1.0 0.0537 0.37 0.38 0.39 0.4 0.41 0.42 0.43 0.44 0.45 0.46 0.47 0.48 0.49 0.5 0.51 0.52 0.53 0.54 0.55 0.56 0.8429 0.806 0.8199 0.8682 0.8268 0.8337 0.8936 0.8476 0.8429 0.912 0.8637 0.8383 0.9097 0.8798 0.8476 0.9143 0.9004 0.8544 0.8959 0.912 0.5866 0.6329 0.6167 0.6028 0.6468 0.6374 0.6236 0.663 0.663 0.6352 0.6652 0.6769 0.6444 0.6607 0.7069 0.6652 0.663 0.7186 0.6769 0.6513 0.6341 0.6203 0.5903 0.6319 0.6364 0.6041 0.6341 0.6641 0.6249 0.6433 0.6988 0.6526 0.6549 0.7172 0.6688 0.6457 0.7218 0.6826 0.6457 0.7102
0.9097 1.0 0.1767 0.38 0.39 0.4 0.41 0.42 0.43 0.44 0.45 0.46 0.47 0.48 0.49 0.5 0.51 0.52 0.53 0.54 0.55 0.56 0.57 0.806 0.8199 0.8682 0.8268 0.8337 0.8936 0.8476 0.8429 0.912 0.8637 0.8383 0.9097 0.8798 0.8476 0.9143 0.9004 0.8544 0.8959 0.912 0.859 0.6329 0.6167 0.6028 0.6468 0.6374 0.6236 0.663 0.663 0.6352 0.6652 0.6769 0.6444 0.6607 0.7069 0.6652 0.663 0.7186 0.6769 0.6513 0.7186 0.6203 0.5903 0.6319 0.6364 0.6041 0.6341 0.6641 0.6249 0.6433 0.6988 0.6526 0.6549 0.7172 0.6688 0.6457 0.7218 0.6826 0.6457 0.7102 0.6896
0.859 1.0 0.023 0.39 0.4 0.41 0.42 0.43 0.44 0.45 0.46 0.47 0.48 0.49 0.5 0.51 0.52 0.53 0.54 0.55 0.56 0.57 0.58 0.8199 0.8682 0.8268 0.8337 0.8936 0.8476 0.8429 0.912 0.8637 0.8383 0.9097 0.8798 0.8476 0.9143 0.9004 0.8544 0.8959 0.912 0.859 0.8659 0.6167 0.6028 0.6468 0.6374 0.6236 0.663 0.663 0.6352 0.6652 0.6769 0.6444 0.6607 0.7069 0.6652 0.663 0.7186 0.6769 0.6513 0.7186 0.6814 0.5903 0.6319 0.6364 0.6041 0.6341 0.6641 0.6249 0.6433 0.6988 0.6526 0.6549 0.7172 0.6688 0.6457 0.7218 0.6826 0.6457 0.7102 0.6896 0.6433
0.8383 1.0 0.146 0.4 0.41 0.42 0.43 0.44 0.45 0.46 0.47 0.48 0.49 0.5 0.51 0.52 0.53 0.54 0.55 0.56 0.57 0.58 0.59 0.8682 0.8268 0.8337 0.8936 0.8476 0.8429 0.912 0.8637 0.8383 0.9097 0.8798 0.8476 0.9143 0.9004 0.8544 0.8959 0.912 0.859 0.8659 0.9097 0.6028 0.6468 0.6374 0.6236 0.663 0.663 0.6352 0.6652 0.6769 0.6444 0.6607 0.7069 0.6652 0.663 0.7186 0.6769 0.6513 0.7186 0.6814 0.6468 0.6319 0.6364 0.6041 0.6341 0.6641 0.6249 0.6433 0.6988 0.6526 0.6549 0.7172 0.6688 0.6457 0.7218 0.6826 0.6457 0.7102 0.6896 0.6433 0.6757
0.9028 1.0 0.169 0.41 0.42 0.43 0.44 0.45 0.46 0.47 0.48 0.49 0.5 0.51 0.52 0.53 0.54 0.55 0.56 0.57 0.58 0.59 0.6 0.8268 0.8337 0.8936 0.8476 0.8429 0.912 0.8637 0.8383 0.9097 0.8798 0.8476 0.9143 0.9004 0.8544 0.8959 0.912 0.859 0.8659 0.9097 0.859 0.6468 0.6374 0.6236 0.663 0.663 0.6352 0.6652 0.6769 0.6444 0.6607 0.7069 0.6652 0.663 0.7186 0.6769 0.6513 0.7186 0.6814 0.6468 0.6953 0.6364 0.6041 0.6341 0.6641 0.6249 0.6433 0.6988 0.6526 0.6549 0.7172 0.6688 0.6457 0.7218 0.6826 0.6457 0.7102 0.6896 0.6433 0.6757 0.6872
0.859 1.0 0.069 0.42 0.43 0.44 0.45 0.46 0.47 0.48 0.49 0.5 0.51 0.52 0.53 0.54 0.55 0.56 0.57 0.58 0.59 0.6 0.61 0.8337 0.8936 0.8476 0.8429 0.912 0.8637 0.8383 0.9097 0.8798 0.8476 0.9143 0.9004 0.8544 0.8959 0.912 0.859 0.8659 0.9097 0.859 0.8383 0.6374 0.6236 0.663 0.663 0.6352 0.6652 0.6769 0.6444 0.6607 0.7069 0.6652 0.663 0.7186 0.6769 0.6513 0.7186 0.6814 0.6468 0.6953 0.6861 0.6041 0.6341 0.6641 0.6249 0.6433 0.6988 0.6526 0.6549 0.7172 0.6688 0.6457 0.7218 0.6826 0.6457 0.7102 0.6896 0.6433 0.6757 0.6872 0.6411
0.8221 1.0 0.215 0.43 0.44 0.45 0.46 0.47 0.48 0.49 0.5 0.51 0.52 0.53 0.54 0.55 0.56 0.57 0.58 0.59 0.6 0.61 0.62 0.8936 0.8476 0.8429 0.912 0.8637 0.8383 0.9097 0.8798 0.8476 0.9143 0.9004 0.8544 0.8959 0.912 0.859 0.8659 0.9097 0.859 0.8383 0.9028 0.6236 0.663 0.663 0.6352 0.6652 0.6769 0.6444 0.6607 0.7069 0.6652 0.663 0.7186 0.6769 0.6513 0.7186 0.6814 0.6468 0.6953 0.6861 0.6468 0.6341 0.6641 0.6249 0.6433 0.6988 0.6526 0.6549 0.7172 0.6688 0.6457 0.7218 0.6826 0.6457 0.7102 0.6896 0.6433 0.6757 0.6872 0.6411 0.6364
0.8774 1.0 0.146 0.44 0.45 0.46 0.47 0.48 0.49 0.5 0.51 0.52 0.53 0.54 0.55 0.56 0.57 0.58 0.59 0.6 0.61 0.62 0.63 0.8476 0.8429 0.912 0.8637 0.8383 0.9097 0.8798 0.8476 0.9143 0.9004 0.8544 0.8959 0.912 0.859 0.8659 0.9097 0.859 0.8383 0.9028 0.859 0.663 0.663 0.6352 0.6652 0.6769 0.6444 0.6607 0.7069 0.6652 0.663 0.7186 0.6769 0.6513 0.7186 0.6814 0.6468 0.6953 0.6861 0.6468 0.6652 0.6641 0.6249 0.6433 0.6988 0.6526 0.6549 0.7172 0.6688 0.6457 0.7218 0.6826 0.6457 0.7102 0.6896 0.6433 0.6757 0.6872 0.6411 0.6364 0.6826
0.8521 1.0 0.123 0.45 0.46 0.47 0.48 0.49 0.5 0.51 0.52 0.53 0.54 0.55 0.56 0.57 0.58 0.59 0.6 0.61 0.62 0.63 0.64 0.8429 0.912 0.8637 0.8383 0.9097 0.8798 0.8476 0.9143 0.9004 0.8544 0.8959 0.912 0.859 0.8659 0.9097 0.859 0.8383 0.9028 0.859 0.8221 0.663 0.6352 0.6652 0.6769 0.6444 0.6607 0.7069 0.6652 0.663 0.7186 0.6769 0.6513 0.7186 0.6814 0.6468 0.6953 0.6861 0.6468 0.6652 0.693 0.6249 0.6433 0.6988 0.6526 0.6549 0.7172 0.6688 0.6457 0.7218 0.6826 0.6457 0.7102 0.6896 0.6433 0.6757 0.6872 0.6411 0.6364 0.6826 0.6388
0.8199 1.0 0.1843 0.46 0.47 0.48 0.49 0.5 0.51 0.52 0.53 0.54 0.55 0.56 0.57 0.58 0.59 0.6 0.61 0.62 0.63 0.64 0.65 0.912 0.8637 0.8383 0.9097 0.8798 0.8476 0.9143 0.9004 0.8544 0.8959 0.912 0.859 0.8659 0.9097 0.859 0.8383 0.9028 0.859 0.8221 0.8774 0.6352 0.6652 0.6769 0.6444 0.6607 0.7069 0.6652 0.663 0.7186 0.6769 0.6513 0.7186 0.6814 0.6468 0.6953 0.6861 0.6468 0.6652 0.693 0.6491 0.6433 0.6988 0.6526 0.6549 0.7172 0.6688 0.6457 0.7218 0.6826 0.6457 0.7102 0.6896 0.6433 0.6757 0.6872 0.6411 0.6364 0.6826 0.6388 0.6111
0.7899 1.0 0.0843 0.47 0.48 0.49 0.5 0.51 0.52 0.53 0.54 0.55 0.56 0.57 0.58 0.59 0.6 0.61 0.62 0.63 0.64 0.65 0.66 0.8637 0.8383 0.9097 0.8798 0.8476 0.9143 0.9004 0.8544 0.8959 0.912 0.859 0.8659 0.9097 0.859 0.8383 0.9028 0.859 0.8221 0.8774 0.8521 0.6652 0.6769 0.6444 0.6607 0.7069 0.6652 0.663 0.7186 0.6769 0.6513 0.7186 0.6814 0.6468 0.6953 0.6861 0.6468 0.6652 0.693 0.6491 0.6444 0.6988 0.6526 0.6549 0.7172 0.6688 0.6457 0.7218 0.6826 0.6457 0.7102 0.6896 0.6433 0.6757 0.6872 0.6411 0.6364 0.6826 0.6388 0.6111 0.6618
0.7669 1.0 0.1073 0.48 0.49 0.5 0.51 0.52 0.53 0.54 0.55 0.56 0.57 0.58 0.59 0.6 0.61 0.62 0.63 0.64 0.65 0.66 0.67 0.8383 0.9097 0.8798 0.8476 0.9143 0.9004 0.8544 0.8959 0.912 0.859 0.8659 0.9097 0.859 0.8383 0.9028 0.859 0.8221 0.8774 0.8521 0.8199 0.6769 0.6444 0.6607 0.7069 0.6652 0.663 0.7186 0.6769 0.6513 0.7186 0.6814 0.6468 0.6953 0.6861 0.6468 0.6652 0.693 0.6491 0.6444 0.6861 0.6526 0.6549 0.7172 0.6688 0.6457 0.7218 0.6826 0.6457 0.7102 0.6896 0.6433 0.6757 0.6872 0.6411 0.6364 0.6826 0.6388 0.6111 0.6618 0.6341
0.7553 1.0 0.1 0.49 0.5 0.51 0.52 0.53 0.54 0.55 0.56 0.57 0.58 0.59 0.6 0.61 0.62 0.63 0.64 0.65 0.66 0.67 0.68 0.9097 0.8798 0.8476 0.9143 0.9004 0.8544 0.8959 0.912 0.859 0.8659 0.9097 0.859 0.8383 0.9028 0.859 0.8221 0.8774 0.8521 0.8199 0.7899 0.6444 0.6607 0.7069 0.6652 0.663 0.7186 0.6769 0.6513 0.7186 0.6814 0.6468 0.6953 0.6861 0.6468 0.6652 0.693 0.6491 0.6444 0.6861 0.656 0.6549 0.7172 0.6688 0.6457 0.7218 0.6826 0.6457 0.7102 0.6896 0.6433 0.6757 0.6872 0.6411 0.6364 0.6826 0.6388 0.6111 0.6618 0.6341 0.6088
0.73 1.0 0.0767 0.5 0.51 0.52 0.53 0.54 0.55 0.56 0.57 0.58 0.59 0.6 0.61 0.62 0.63 0.64 0.65 0.66 0.67 0.68 0.69 0.8798 0.8476 0.9143 0.9004 0.8544 0.8959 0.912 0.859 0.8659 0.9097 0.859 0.8383 0.9028 0.859 0.8221 0.8774 0.8521 0.8199 0.7899 0.7669 0.6607 0.7069 0.6652 0.663 0.7186 0.6769 0.6513 0.7186 0.6814 0.6468 0.6953 0.6861 0.6468 0.6652 0.693 0.6491 0.6444 0.6861 0.656 0.6236 0.7172 0.6688 0.6457 0.7218 0.6826 0.6457 0.7102 0.6896 0.6433 0.6757 0.6872 0.6411 0.6364 0.6826 0.6388 0.6111 0.6618 0.6341 0.6088 0.5834
0.7116 1.0 0.0387 0.51 0.52 0.53 0.54 0.55 0.56 0.57 0.58 0.59 0.6 0.61 0.62 0.63 0.64 0.65 0.66 0.67 0.68 0.69 0.7 0.8476 0.9143 0.9004 0.8544 0.8959 0.912 0.859 0.8659 0.9097 0.859 0.8383 0.9028 0.859 0.8221 0.8774 0.8521 0.8199 0.7899 0.7669 0.7553 0.7069 0.6652 0.663 0.7186 0.6769 0.6513 0.7186 0.6814 0.6468 0.6953 0.6861 0.6468 0.6652 0.693 0.6491 0.6444 0.6861 0.656 0.6236 0.5936 0.6688 0.6457 0.7218 0.6826 0.6457 0.7102 0.6896 0.6433 0.6757 0.6872 0.6411 0.6364 0.6826 0.6388 0.6111 0.6618 0.6341 0.6088 0.5834 0.5672
0.7001 1.0 0.0843 0.52 0.53 0.54 0.55 0.56 0.57 0.58 0.59 0.6 0.61 0.62 0.63 0.64 0.65 0.66 0.67 0.68 0.69 0.7 0.71 0.9143 0.9004 0.8544 0.8959 0.912 0.859 0.8659 0.9097 0.859 0.8383 0.9028 0.859 0.8221 0.8774 0.8521 0.8199 0.7899 0.7669 0.7553 0.73 0.6652 0.663 0.7186 0.6769 0.6513 0.7186 0.6814 0.6468 0.6953 0.6861 0.6468 0.6652 0.693 0.6491 0.6444 0.6861 0.656 0.6236 0.5936 0.575 0.6457 0.7218 0.6826 0.6457 0.7102 0.6896 0.6433 0.6757 0.6872 0.6411 0.6364 0.6826 0.6388 0.6111 0.6618 0.6341 0.6088 0.5834 0.5672 0.5534
0.684 1.0 0.0613 0.53 0.54 0.55 0.56 0.57 0.58 0.59 0.6 0.61 0.62 0.63 0.64 0.65 0.66 0.67 0.68 0.69 0.7 0.71 0.72 0.9004 0.8544 0.8959 0.912 0.859 0.8659 0.9097 0.859 0.8383 0.9028 0.859 0.8221 0.8774 0.8521 0.8199 0.7899 0.7669 0.7553 0.73 0.7116 0.663 0.7186 0.6769 0.6513 0.7186 0.6814 0.6468 0.6953 0.6861 0.6468 0.6652 0.693 0.6491 0.6444 0.6861 0.656 0.6236 0.5936 0.575 0.5542 0.7218 0.6826 0.6457 0.7102 0.6896 0.6433 0.6757 0.6872 0.6411 0.6364 0.6826 0.6388 0.6111 0.6618 0.6341 0.6088 0.5834 0.5672 0.5534 0.5327
0.6609 1.0 0.0383 0.54 0.55 0.56 0.57 0.58 0.59 0.6 0.61 0.62 0.63 0.64 0.65 0.66 0.67 0.68 0.69 0.7 0.71 0.72 0.73 0.8544 0.8959 0.912 0.859 0.8659 0.9097 0.859 0.8383 0.9028 0.859 0.8221 0.8774 0.8521 0.8199 0.7899 0.7669 0.7553 0.73 0.7116 0.7001 0.7186 0.6769 0.6513 0.7186 0.6814 0.6468 0.6953 0.6861 0.6468 0.6652 0.693 0.6491 0.6444 0.6861 0.656 0.6236 0.5936 0.575 0.5542 0.5287 0.6826 0.6457 0.7102 0.6896 0.6433 0.6757 0.6872 0.6411 0.6364 0.6826 0.6388 0.6111 0.6618 0.6341 0.6088 0.5834 0.5672 0.5534 0.5327 0.5142
0.654 1.0 0.0537 0.55 0.56 0.57 0.58 0.59 0.6 0.61 0.62 0.63 0.64 0.65 0.66 0.67 0.68 0.69 0.7 0.71 0.72 0.73 0.74 0.8959 0.912 0.859 0.8659 0.9097 0.859 0.8383 0.9028 0.859 0.8221 0.8774 0.8521 0.8199 0.7899 0.7669 0.7553 0.73 0.7116 0.7001 0.684 0.6769 0.6513 0.7186 0.6814 0.6468 0.6953 0.6861 0.6468 0.6652 0.693 0.6491 0.6444 0.6861 0.656 0.6236 0.5936 0.575 0.5542 0.5287 0.5126 0.6457 0.7102 0.6896 0.6433 0.6757 0.6872 0.6411 0.6364 0.6826 0.6388 0.6111 0.6618 0.6341 0.6088 0.5834 0.5672 0.5534 0.5327 0.5142 0.505
0.6402 1.0 0.077 0.56 0.57 0.58 0.59 0.6 0.61 0.62 0.63 0.64 0.65 0.66 0.67 0.68 0.69 0.7 0.71 0.72 0.73 0.74 0.75 0.912 0.859 0.8659 0.9097 0.859 0.8383 0.9028 0.859 0.8221 0.8774 0.8521 0.8199 0.7899 0.7669 0.7553 0.73 0.7116 0.7001 0.684 0.6609 0.6513 0.7186 0.6814 0.6468 0.6953 0.6861 0.6468 0.6652 0.693 0.6491 0.6444 0.6861 0.656 0.6236 0.5936 0.575 0.5542 0.5287 0.5126 0.501 0.7102 0.6896 0.6433 0.6757 0.6872 0.6411 0.6364 0.6826 0.6388 0.6111 0.6618 0.6341 0.6088 0.5834 0.5672 0.5534 0.5327 0.5142 0.505 0.4842
0.6194 1.0 0.023 0.57 0.58 0.59 0.6 0.61 0.62 0.63 0.64 0.65 0.66 0.67 0.68 0.69 0.7 0.71 0.72 0.73 0.74 0.75 0.76 0.859 0.8659 0.9097 0.859 0.8383 0.9028 0.859 0.8221 0.8774 0.8521 0.8199 0.7899 0.7669 0.7553 0.73 0.7116 0.7001 0.684 0.6609 0.654 0.7186 0.6814 0.6468 0.6953 0.6861 0.6468 0.6652 0.693 0.6491 0.6444 0.6861 0.656 0.6236 0.5936 0.575 0.5542 0.5287 0.5126 0.501 0.4778 0.6896 0.6433 0.6757 0.6872 0.6411 0.6364 0.6826 0.6388 0.6111 0.6618 0.6341 0.6088 0.5834 0.5672 0.5534 0.5327 0.5142 0.505 0.4842 0.4658
0.6149 1.0 0.046 0.58 0.59 0.6 0.61 0.62 0.63 0.64 0.65 0.66 0.67 0.68 0.69 0.7 0.71 0.72 0.73 0.74 0.75 0.76 0.77 0.8659 0.9097 0.859 0.8383 0.9028 0.859 0.8221 0.8774 0.8521 0.8199 0.7899 0.7669 0.7553 0.73 0.7116 0.7001 0.684 0.6609 0.654 0.6402 0.6814 0.6468 0.6953 0.6861 0.6468 0.6652 0.693 0.6491 0.6444 0.6861 0.656 0.6236 0.5936 0.575 0.5542 0.5287 0.5126 0.501 0.4778 0.4616 0.6433 0.6757 0.6872 0.6411 0.6364 0.6826 0.6388 0.6111 0.6618 0.6341 0.6088 0.5834 0.5672 0.5534 0.5327 0.5142 0.505 0.4842 0.4658 0.4611
0.6102 1.0 0.0693 0.59 0.6 0.61 0.62 0.63 0.64 0.65 0.66 0.67 0.68 0.69 0.7 0.71 0.72 0.73 0.74 0.75 0.76 0.77 0.78 0.9097 0.859 0.8383 0.9028 0.859 0.8221 0.8774 0.8521 0.8199 0.7899 0.7669 0.7553 0.73 0.7116 0.7001 0.684 0.6609 0.654 0.6402 0.6194 0.6468 0.6953 0.6861 0.6468 0.6652 0.693 0.6491 0.6444 0.6861 0.656 0.6236 0.5936 0.575 0.5542 0.5287 0.5126 0.501 0.4778 0.4616 0.4547 0.6757 0.6872 0.6411 0.6364 0.6826 0.6388 0.6111 0.6618 0.6341 0.6088 0.5834 0.5672 0.5534 0.5327 0.5142 0.505 0.4842 0.4658 0.4611 0.4427
0.5896 1.0 0.015 0.6 0.61 0.62 0.63 0.64 0.65 0.66 0.67 0.68 0.69 0.7 0.71 0.72 0.73 0.74 0.75 0.76 0.77 0.78 0.79 0.859 0.8383 0.9028 0.859 0.8221 0.8774 0.8521 0.8199 0.7899 0.7669 0.7553 0.73 0.7116 0.7001 0.684 0.6609 0.654 0.6402 0.6194 0.6149 0.6953 0.6861 0.6468 0.6652 0.693 0.6491 0.6444 0.6861 0.656 0.6236 0.5936 0.575 0.5542 0.5287 0.5126 0.501 0.4778 0.4616 0.4547 0.4361 0.6872 0.6411 0.6364 0.6826 0.6388 0.6111 0.6618 0.6341 0.6088 0.5834 0.5672 0.5534 0.5327 0.5142 0.505 0.4842 0.4658 0.4611 0.4427 0.4266
0.5827 1.0 0.0157 0.61 0.62 0.63 0.64 0.65 0.66 0.67 0.68 0.69 0.7 0.71 0.72 0.73 0.74 0.75 0.76 0.77 0.78 0.79 0.8 0.8383 0.9028 0.859 0.8221 0.8774 0.8521 0.8199 0.7899 0.7669 0.7553 0.73 0.7116 0.7001 0.684 0.6609 0.654 0.6402 0.6194 0.6149 0.6102 0.6861 0.6468 0.6652 0.693 0.6491 0.6444 0.6861 0.656 0.6236 0.5936 0.575 0.5542 0.5287 0.5126 0.501 0.4778 0.4616 0.4547 0.4361 0.4199 0.6411 0.6364 0.6826 0.6388 0.6111 0.6618 0.6341 0.6088 0.5834 0.5672 0.5534 0.5327 0.5142 0.505 0.4842 0.4658 0.4611 0.4427 0.4266 0.4266
0.5849 1.0 0.0687 0.62 0.63 0.64 0.65 0.66 0.67 0.68 0.69 0.7 0.71 0.72 0.73 0.74 0.75 0.76 0.77 0.78 0.79 0.8 0.81 0.9028 0.859 0.8221 0.8774 0.8521 0.8199 0.7899 0.7669 0.7553 0.73 0.7116 0.7001 0.684 0.6609 0.654 0.6402 0.6194 0.6149 0.6102 0.5896 0.6468 0.6652 0.693 0.6491 0.6444 0.6861 0.656 0.6236 0.5936 0.575 0.5542 0.5287 0.5126 0.501 0.4778 0.4616 0.4547 0.4361 0.4199 0.4199 0.6364 0.6826 0.6388 0.6111 0.6618 0.6341 0.6088 0.5834 0.5672 0.5534 0.5327 0.5142 0.505 0.4842 0.4658 0.4611 0.4427 0.4266 0.4266 0.415
0.5664 1.0 0.023 0.63 0.64 0.65 0.66 0.67 0.68 0.69 0.7 0.71 0.72 0.73 0.74 0.75 0.76 0.77 0.78 0.79 0.8 0.81 0.82 0.859 0.8221 0.8774 0.8521 0.8199 0.7899 0.7669 0.7553 0.73 0.7116 0.7001 0.684 0.6609 0.654 0.6402 0.6194 0.6149 0.6102 0.5896 0.5827 0.6652 0.693 0.6491 0.6444 0.6861 0.656 0.6236 0.5936 0.575 0.5542 0.5287 0.5126 0.501 0.4778 0.4616 0.4547 0.4361 0.4199 0.4199 0.4038 0.6826 0.6388 0.6111 0.6618 0.6341 0.6088 0.5834 0.5672 0.5534 0.5327 0.5142 0.505 0.4842 0.4658 0.4611 0.4427 0.4266 0.4266 0.415 0.3942
0.555 1.0 0.0073 0.64 0.65 0.66 0.67 0.68 0.69 0.7 0.71 0.72 0.73 0.74 0.75 0.76 0.77 0.78 0.79 0.8 0.81 0.82 0.83 0.8221 0.8774 0.8521 0.8199 0.7899 0.7669 0.7553 0.73 0.7116 0.7001 0.684 0.6609 0.654 0.6402 0.6194 0.6149 0.6102 0.5896 0.5827 0.5849 0.693 0.6491 0.6444 0.6861 0.656 0.6236 0.5936 0.575 0.5542 0.5287 0.5126 0.501 0.4778 0.4616 0.4547 0.4361 0.4199 0.4199 0.4038 0.3876 0.6388 0.6111 0.6618 0.6341 0.6088 0.5834 0.5672 0.5534 0.5327 0.5142 0.505 0.4842 0.4658 0.4611 0.4427 0.4266 0.4266 0.415 0.3942 0.3942
0.5573 1.0 0.0617 0.65 0.66 0.67 0.68 0.69 0.7 0.71 0.72 0.73 0.74 0.75 0.76 0.77 0.78 0.79 0.8 0.81 0.82 0.83 0.84 0.8774 0.8521 0.8199 0.7899 0.7669 0.7553 0.73 0.7116 0.7001 0.684 0.6609 0.654 0.6402 0.6194 0.6149 0.6102 0.5896 0.5827 0.5849 0.5664 0.6491 0.6444 0.6861 0.656 0.6236 0.5936 0.575 0.5542 0.5287 0.5126 0.501 0.4778 0.4616 0.4547 0.4361 0.4199 0.4199 0.4038 0.3876 0.3852 0.6111 0.6618 0.6341 0.6088 0.5834 0.5672 0.5534 0.5327 0.5142 0.505 0.4842 0.4658 0.4611 0.4427 0.4266 0.4266 0.415 0.3942 0.3942 0.3919
0.5434 1.0 0.038 0.66 0.67 0.68 0.69 0.7 0.71 0.72 0.73 0.74 0.75 0.76 0.77 0.78 0.79 0.8 0.81 0.82 0.83 0.84 0.85 0.8521 0.8199 0.7899 0.7669 0.7553 0.73 0.7116 0.7001 0.684 0.6609 0.654 0.6402 0.6194 0.6149 0.6102 0.5896 0.5827 0.5849 0.5664 0.555 0.6444 0.6861 0.656 0.6236 0.5936 0.575 0.5542 0.5287 0.5126 0.501 0.4778 0.4616 0.4547 0.4361 0.4199 0.4199 0.4038 0.3876 0.3852 0.3783 0.6618 0.6341 0.6088 0.5834 0.5672 0.5534 0.5327 0.5142 0.505 0.4842 0.4658 0.4611 0.4427 0.4266 0.4266 0.415 0.3942 0.3942 0.3919 0.3712
0.5297 1.0 0.0077 0.67 0.68 0.69 0.7 0.71 0.72 0.73 0.74 0.75 0.76 0.77 0.78 0.79 0.8 0.81 0.82 0.83 0.84 0.85 0.86 0.8199 0.7899 0.7669 0.7553 0.73 0.7116 0.7001 0.684 0.6609 0.654 0.6402 0.6194 0.6149 0.6102 0.5896 0.5827 0.5849 0.5664 0.555 0.5573 0.6861 0.656 0.6236 0.5936 0.575 0.5542 0.5287 0.5126 0.501 0.4778 0.4616 0.4547 0.4361 0.4199 0.4199 0.4038 0.3876 0.3852 0.3783 0.3621 0.6341 0.6088 0.5834 0.5672 0.5534 0.5327 0.5142 0.505 0.4842 0.4658 0.4611 0.4427 0.4266 0.4266 0.415 0.3942 0.3942 0.3919 0.3712 0.3666
0.5273 1.0 0.0463 0.68 0.69 0.7 0.71 0.72 0.73 0.74 0.75 0.76 0.77 0.78 0.79 0.8 0.81 0.82 0.83 0.84 0.85 0.86 0.87 0.7899 0.7669 0.7553 0.73 0.7116 0.7001 0.684 0.6609 0.654 0.6402 0.6194 0.6149 0.6102 0.5896 0.5827 0.5849 0.5664 0.555 0.5573 0.5434 0.656 0.6236 0.5936 0.575 0.5542 0.5287 0.5126 0.501 0.4778 0.4616 0.4547 0.4361 0.4199 0.4199 0.4038 0.3876 0.3852 0.3783 0.3621 0.3551 0.6088 0.5834 0.5672 0.5534 0.5327 0.5142 0.505 0.4842 0.4658 0.4611 0.4427 0.4266 0.4266 0.415 0.3942 0.3942 0.3919 0.3712 0.3666 0.362
0.5158 1.0 0.0457 0.69 0.7 0.71 0.72 0.73 0.74 0.75 0.76 0.77 0.78 0.79 0.8 0.81 0.82 0.83 0.84 0.85 0.86 0.87 0.88 0.7669 0.7553 0.73 0.7116 0.7001 0.684 0.6609 0.654 0.6402 0.6194 0.6149 0.6102 0.5896 0.5827 0.5849 0.5664 0.555 0.5573 0.5434 0.5297 0.6236 0.5936 0.575 0.5542 0.5287 0.5126 0.501 0.4778 0.4616 0.4547 0.4361 0.4199 0.4199 0.4038 0.3876 0.3852 0.3783 0.3621 0.3551 0.3482 0.5834 0.5672 0.5534 0.5327 0.5142 0.505 0.4842 0.4658 0.4611 0.4427 0.4266 0.4266 0.415 0.3942 0.3942 0.3919 0.3712 0.3666 0.362 0.3458
0.502 1.0 0.008 0.7 0.71 0.72 0.73 0.74 0.75 0.76 0.77 0.78 0.79 0.8 0.81 0.82 0.83 0.84 0.85 0.86 0.87 0.88 0.89 0.7553 0.73 0.7116 0.7001 0.684 0.6609 0.654 0.6402 0.6194 0.6149 0.6102 0.5896 0.5827 0.5849 0.5664 0.555 0.5573 0.5434 0.5297 0.5273 0.5936 0.575 0.5542 0.5287 0.5126 0.501 0.4778 0.4616 0.4547 0.4361 0.4199 0.4199 0.4038 0.3876 0.3852 0.3783 0.3621 0.3551 0.3482 0.3343 0.5672 0.5534 0.5327 0.5142 0.505 0.4842 0.4658 0.4611 0.4427 0.4266 0.4266 0.415 0.3942 0.3942 0.3919 0.3712 0.3666 0.362 0.3458 0.3342
0.4974 1.0 0.0383 0.71 0.72 0.73 0.74 0.75 0.76 0.77 0.78 0.79 0.8 0.81 0.82 0.83 0.84 0.85 0.86 0.87 0.88 0.89 0.9 0.73 0.7116 0.7001 0.684 0.6609 0.654 0.6402 0.6194 0.6149 0.6102 0.5896 0.5827 0.5849 0.5664 0.555 0.5573 0.5434 0.5297 0.5273 0.5158 0.575 0.5542 0.5287 0.5126 0.501 0.4778 0.4616 0.4547 0.4361 0.4199 0.4199 0.4038 0.3876 0.3852 0.3783 0.3621 0.3551 0.3482 0.3343 0.325 0.5534 0.5327 0.5142 0.505 0.4842 0.4658 0.4611 0.4427 0.4266 0.4266 0.415 0.3942 0.3942 0.3919 0.3712 0.3666 0.362 0.3458 0.3342 0.332
0.4882 1.0 0.046 0.72 0.73 0.74 0.75 0.76 0.77 0.78 0.79 0.8 0.81 0.82 0.83 0.84 0.85 0.86 0.87 0.88 0.89 0.9 0.91 0.7116 0.7001 0.684 0.6609 0.654 0.6402 0.6194 0.6149 0.6102 0.5896 0.5827 0.5849 0.5664 0.555 0.5573 0.5434 0.5297 0.5273 0.5158 0.502 0.5542 0.5287 0.5126 0.501 0.4778 0.4616 0.4547 0.4361 0.4199 0.4199 0.4038 0.3876 0.3852 0.3783 0.3621 0.3551 0.3482 0.3343 0.325 0.3181 0.5327 0.5142 0.505 0.4842 0.4658 0.4611 0.4427 0.4266 0.4266 0.415 0.3942 0.3942 0.3919 0.3712 0.3666 0.362 0.3458 0.3342 0.332 0.3181
0.4767 1.0 0.0153 0.73 0.74 0.75 0.76 0.77 0.78 0.79 0.8 0.81 0.82 0.83 0.84 0.85 0.86 0.87 0.88 0.89 0.9 0.91 0.92 0.7001 0.684 0.6609 0.654 0.6402 0.6194 0.6149 0.6102 0.5896 0.5827 0.5849 0.5664 0.555 0.5573 0.5434 0.5297 0.5273 0.5158 0.502 0.4974 0.5287 0.5126 0.501 0.4778 0.4616 0.4547 0.4361 0.4199 0.4199 0.4038 0.3876 0.3852 0.3783 0.3621 0.3551 0.3482 0.3343 0.325 0.3181 0.3066 0.5142 0.505 0.4842 0.4658 0.4611 0.4427 0.4266 0.4266 0.415 0.3942 0.3942 0.3919 0.3712 0.3666 0.362 0.3458 0.3342 0.332 0.3181 0.3089
0.4674 1.0 0.0307 0.74 0.75 0.76 0.77 0.78 0.79 0.8 0.81 0.82 0.83 0.84 0.85 0.86 0.87 0.88 0.89 0.9 0.91 0.92 0.93 0.684 0.6609 0.654 0.6402 0.6194 0.6149 0.6102 0.5896 0.5827 0.5849 0.5664 0.555 0.5573 0.5434 0.5297 0.5273 0.5158 0.502 0.4974 0.4882 0.5126 0.501 0.4778 0.4616 0.4547 0.4361 0.4199 0.4199 0.4038 0.3876 0.3852 0.3783 0.3621 0.3551 0.3482 0.3343 0.325 0.3181 0.3066 0.2972 0.505 0.4842 0.4658 0.4611 0.4427 0.4266 0.4266 0.415 0.3942 0.3942 0.3919 0.3712 0.3666 0.362 0.3458 0.3342 0.332 0.3181 0.3089 0.302
0.4606 1.0 0.0383 0.75 0.76 0.77 0.78 0.79 0.8 0.81 0.82 0.83 0.84 0.85 0.86 0.87 0.88 0.89 0.9 0.91 0.92 0.93 0.94 0.6609 0.654 0.6402 0.6194 0.6149 0.6102 0.5896 0.5827 0.5849 0.5664 0.555 0.5573 0.5434 0.5297 0.5273 0.5158 0.502 0.4974 0.4882 0.4767 0.501 0.4778 0.4616 0.4547 0.4361 0.4199 0.4199 0.4038 0.3876 0.3852 0.3783 0.3621 0.3551 0.3482 0.3343 0.325 0.3181 0.3066 0.2972 0.2903 0.4842 0.4658 0.4611 0.4427 0.4266 0.4266 0.415 0.3942 0.3942 0.3919 0.3712 0.3666 0.362 0.3458 0.3342 0.332 0.3181 0.3089 0.302 0.2951
0.449 1.0 0.031 0.76 0.77 0.78 0.79 0.8 0.81 0.82 0.83 0.84 0.85 0.86 0.87 0.88 0.89 0.9 0.91 0.92 0.93 0.94 0.95 0.654 0.6402 0.6194 0.6149 0.6102 0.5896 0.5827 0.5849 0.5664 0.555 0.5573 0.5434 0.5297 0.5273 0.5158 0.502 0.4974 0.4882 0.4767 0.4674 0.4778 0.4616 0.4547 0.4361 0.4199 0.4199 0.4038 0.3876 0.3852 0.3783 0.3621 0.3551 0.3482 0.3343 0.325 0.3181 0.3066 0.2972 0.2903 0.2811 0.4658 0.4611 0.4427 0.4266 0.4266 0.415 0.3942 0.3942 0.3919 0.3712 0.3666 0.362 0.3458 0.3342 0.332 0.3181 0.3089 0.302 0.2951 0.2836
0.4651 1.0 0.0227 0.77 0.78 0.79 0.8 0.81 0.82 0.83 0.84 0.85 0.86 0.87 0.88 0.89 0.9 0.91 0.92 0.93 0.94 0.95 0.96 0.6402 0.6194 0.6149 0.6102 0.5896 0.5827 0.5849 0.5664 0.555 0.5573 0.5434 0.5297 0.5273 0.5158 0.502 0.4974 0.4882 0.4767 0.4674 0.4606 0.4616 0.4547 0.4361 0.4199 0.4199 0.4038 0.3876 0.3852 0.3783 0.3621 0.3551 0.3482 0.3343 0.325 0.3181 0.3066 0.2972 0.2903 0.2811 0.2694 0.4611 0.4427 0.4266 0.4266 0.415 0.3942 0.3942 0.3919 0.3712 0.3666 0.362 0.3458 0.3342 0.332 0.3181 0.3089 0.302 0.2951 0.2836 0.2743
0.4582 1.0 0.0387 0.78 0.79 0.8 0.81 0.82 0.83 0.84 0.85 0.86 0.87 0.88 0.89 0.9 0.91 0.92 0.93 0.94 0.95 0.96 0.97 0.6194 0.6149 0.6102 0.5896 0.5827 0.5849 0.5664 0.555 0.5573 0.5434 0.5297 0.5273 0.5158 0.502 0.4974 0.4882 0.4767 0.4674 0.4606 0.449 0.4547 0.4361 0.4199 0.4199 0.4038 0.3876 0.3852 0.3783 0.3621 0.3551 0.3482 0.3343 0.325 0.3181 0.3066 0.2972 0.2903 0.2811 0.2694 0.2626 0.4427 0.4266 0.4266 0.415 0.3942 0.3942 0.3919 0.3712 0.3666 0.362 0.3458 0.3342 0.332 0.3181 0.3089 0.302 0.2951 0.2836 0.2743 0.2673
0.4698 1.0 0.0537 0.79 0.8 0.81 0.82 0.83 0.84 0.85 0.86 0.87 0.88 0.89 0.9 0.91 0.92 0.93 0.94 0.95 0.96 0.97 0.0 0.6149 0.6102 0.5896 0.5827 0.5849 0.5664 0.555 0.5573 0.5434 0.5297 0.5273 0.5158 0.502 0.4974 0.4882 0.4767 0.4674 0.4606 0.449 0.4651 0.4361 0.4199 0.4199 0.4038 0.3876 0.3852 0.3783 0.3621 0.3551 0.3482 0.3343 0.325 0.3181 0.3066 0.2972 0.2903 0.2811 0.2694 0.2626 0.2557 0.4266 0.4266 0.415 0.3942 0.3942 0.3919 0.3712 0.3666 0.362 0.3458 0.3342 0.332 0.3181 0.3089 0.302 0.2951 0.2836 0.2743 0.2673 0.302
0.5688 1.0 0.023 0.8 0.81 0.82 0.83 0.84 0.85 0.86 0.87 0.88 0.89 0.9 0.91 0.92 0.93 0.94 0.95 0.96 0.97 0.0 0.01 0.6102 0.5896 0.5827 0.5849 0.5664 0.555 0.5573 0.5434 0.5297 0.5273 0.5158 0.502 0.4974 0.4882 0.4767 0.4674 0.4606 0.449 0.4651 0.4582 0.4199 0.4199 0.4038 0.3876 0.3852 0.3783 0.3621 0.3551 0.3482 0.3343 0.325 0.3181 0.3066 0.2972 0.2903 0.2811 0.2694 0.2626 0.2557 0.3111 0.4266 0.415 0.3942 0.3942 0.3919 0.3712 0.3666 0.362 0.3458 0.3342 0.332 0.3181 0.3089 0.302 0.2951 0.2836 0.2743 0.2673 0.302 0.3412
0.5434 1.0 0.0387 0.81 0.82 0.83 0.84 0.85 0.86 0.87 0.88 0.89 0.9 0.91 0.92 0.93 0.94 0.95 0.96 0.97 0.0 0.01 0.02 0.5896 0.5827 0.5849 0.5664 0.555 0.5573 0.5434 0.5297 0.5273 0.5158 0.502 0.4974 0.4882 0.4767 0.4674 0.4606 0.449 0.4651 0.4582 0.4698 0.4199 0.4038 0.3876 0.3852 0.3783 0.3621 0.3551 0.3482 0.3343 0.325 0.3181 0.3066 0.2972 0.2903 0.2811 0.2694 0.2626 0.2557 0.3111 0.325 0.415 0.3942 0.3942 0.3919 0.3712 0.3666 0.362 0.3458 0.3342 0.332 0.3181 0.3089 0.302 0.2951 0.2836 0.2743 0.2673 0.302 0.3412 0.3112
0.525 1.0 0.33 0.82 0.83 0.84 0.85 0.86 0.87 0.88 0.89 0.9 0.91 0.92 0.93 0.94 0.95 0.96 0.97 0.0 0.01 0.02 0.03 0.5827 0.5849 0.5664 0.555 0.5573 0.5434 0.5297 0.5273 0.5158 0.502 0.4974 0.4882 0.4767 0.4674 0.4606 0.449 0.4651 0.4582 0.4698 0.5688 0.4038 0.3876 0.3852 0.3783 0.3621 0.3551 0.3482 0.3343 0.325 0.3181 0.3066 0.2972 0.2903 0.2811 0.2694 0.2626 0.2557 0.3111 0.325 0.3042 0.3942 0.3942 0.3919 0.3712 0.3666 0.362 0.3458 0.3342 0.332 0.3181 0.3089 0.302 0.2951 0.2836 0.2743 0.2673 0.302 0.3412 0.3112 0.3342
0.6149 1.0 0.0847 0.83 0.84 0.85 0.86 0.87 0.88 0.89 0.9 0.91 0.92 0.93 0.94 0.95 0.96 0.97 0.0 0.01 0.02 0.03 0.04 0.5849 0.5664 0.555 0.5573 0.5434 0.5297 0.5273 0.5158 0.502 0.4974 0.4882 0.4767 0.4674 0.4606 0.449 0.4651 0.4582 0.4698 0.5688 0.5434 0.3876 0.3852 0.3783 0.3621 0.3551 0.3482 0.3343 0.325 0.3181 0.3066 0.2972 0.2903 0.2811 0.2694 0.2626 0.2557 0.3111 0.325 0.3042 0.3459 0.3942 0.3919 0.3712 0.3666 0.362 0.3458 0.3342 0.332 0.3181 0.3089 0.302 0.2951 0.2836 0.2743 0.2673 0.302 0.3412 0.3112 0.3342 0.3966
0.601 1.0 0.0613 0.84 0.85 0.86 0.87 0.88 0.89 0.9 0.91 0.92 0.93 0.94 0.95 0.96 0.97 0.0 0.01 0.02 0.03 0.04 0.05 0.5664 0.555 0.5573 0.5434 0.5297 0.5273 0.5158 0.502 0.4974 0.4882 0.4767 0.4674 0.4606 0.449 0.4651 0.4582 0.4698 0.5688 0.5434 0.525 0.3852 0.3783 0.3621 0.3551 0.3482 0.3343 0.325 0.3181 0.3066 0.2972 0.2903 0.2811 0.2694 0.2626 0.2557 0.3111 0.325 0.3042 0.3459 0.3783 0.3919 0.3712 0.3666 0.362 0.3458 0.3342 0.332 0.3181 0.3089 0.302 0.2951 0.2836 0.2743 0.2673 0.302 0.3412 0.3112 0.3342 0.3966 0.3573
0.5688 1.0 0.2997 0.85 0.86 0.87 0.88 0.89 0.9 0.91 0.92 0.93 0.94 0.95 0.96 0.97 0.0 0.01 0.02 0.03 0.04 0.05 0.06 0.555 0.5573 0.5434 0.5297 0.5273 0.5158 0.502 0.4974 0.4882 0.4767 0.4674 0.4606 0.449 0.4651 0.4582 0.4698 0.5688 0.5434 0.525 0.6149 0.3783 0.3621 0.3551 0.3482 0.3343 0.325 0.3181 0.3066 0.2972 0.2903 0.2811 0.2694 0.2626 0.2557 0.3111 0.325 0.3042 0.3459 0.3783 0.3482 0.3712 0.3666 0.362 0.3458 0.3342 0.332 0.3181 0.3089 0.302 0.2951 0.2836 0.2743 0.2673 0.302 0.3412 0.3112 0.3342 0.3966 0.3573 0.3528
0.6379 1.0 0.0463 0.86 0.87 0.88 0.89 0.9 0.91 0.92 0.93 0.94 0.95 0.96 0.97 0.0 0.01 0.02 0.03 0.04 0.05 0.06 0.07 0.5573 0.5434 0.5297 0.5273 0.5158 0.502 0.4974 0.4882 0.4767 0.4674 0.4606 0.449 0.4651 0.4582 0.4698 0.5688 0.5434 0.525 0.6149 0.601 0.3621 0.3551 0.3482 0.3343 0.325 0.3181 0.3066 0.2972 0.2903 0.2811 0.2694 0.2626 0.2557 0.3111 0.325 0.3042 0.3459 0.3783 0.3482 0.3667 0.3666 0.362 0.3458 0.3342 0.332 0.3181 0.3089 0.302 0.2951 0.2836 0.2743 0.2673 0.302 0.3412 0.3112 0.3342 0.3966 0.3573 0.3528 0.4311
0.6471 1.0 0.1073 0.87 0.88 0.89 0.9 0.91 0.92 0.93 0.94 0.95 0.96 0.97 0.0 0.01 0.02 0.03 0.04 0.05 0.06 0.07 0.08 0.5434 0.5297 0.5273 0.5158 0.502 0.4974 0.4882 0.4767 0.4674 0.4606 0.449 0.4651 0.4582 0.4698 0.5688 0.5434 0.525 0.6149 0.601 0.5688 0.3551 0.3482 0.3343 0.325 0.3181 0.3066 0.2972 0.2903 0.2811 0.2694 0.2626 0.2557 0.3111 0.325 0.3042 0.3459 0.3783 0.3482 0.3667 0.4246 0.362 0.3458 0.3342 0.332 0.3181 0.3089 0.302 0.2951 0.2836 0.2743 0.2673 0.302 0.3412 0.3112 0.3342 0.3966 0.3573 0.3528 0.4311 0.3919
0.608 1.0 0.2303 0.88 0.89 0.9 0.91 0.92 0.93 0.94 0.95 0.96 0.97 0.0 0.01 0.02 0.03 0.04 0.05 0.06 0.07 0.08 0.09 0.5297 0.5273 0.5158 0.502 0.4974 0.4882 0.4767 0.4674 0.4606 0.449 0.4651 0.4582 0.4698 0.5688 0.5434 0.525 0.6149 0.601 0.5688 0.6379 0.3482 0.3343 0.325 0.3181 0.3066 0.2972 0.2903 0.2811 0.2694 0.2626 0.2557 0.3111 0.325 0.3042 0.3459 0.3783 0.3482 0.3667 0.4246 0.3876 0.3458 0.3342 0.332 0.3181 0.3089 0.302 0.2951 0.2836 0.2743 0.2673 0.302 0.3412 0.3112 0.3342 0.3966 0.3573 0.3528 0.4311 0.3919 0.3666
0.6402 1.0 0.0307 0.89 0.9 0.91 0.92 0.93 0.94 0.95 0.96 0.97 0.0 0.01 0.02 0.03 0.04 0.05 0.06 0.07 0.08 0.09 0.1 0.5273 0.5158 0.502 0.4974 0.4882 0.4767 0.4674 0.4606 0.449 0.4651 0.4582 0.4698 0.5688 0.5434 0.525 0.6149 0.601 0.5688 0.6379 0.6471 0.3343 0.325 0.3181 0.3066 0.2972 0.2903 0.2811 0.2694 0.2626 0.2557 0.3111 0.325 0.3042 0.3459 0.3783 0.3482 0.3667 0.4246 0.3876 0.376 0.3342 0.332 0.3181 0.3089 0.302 0.2951 0.2836 0.2743 0.2673 0.302 0.3412 0.3112 0.3342 0.3966 0.3573 0.3528 0.4311 0.3919 0.3666 0.4473
0.6817 1.0 0.1303 0.9 0.91 0.92 0.93 0.94 0.95 0.96 0.97 0.0 0.01 0.02 0.03 0.04 0.05 0.06 0.07 0.08 0.09 0.1 0.11 0.5158 0.502 0.4974 0.4882 0.4767 0.4674 0.4606 0.449 0.4651 0.4582 0.4698 0.5688 0.5434 0.525 0.6149 0.601 0.5688 0.6379 0.6471 0.608 0.325 0.3181 0.3066 0.2972 0.2903 0.2811 0.2694 0.2626 0.2557 0.3111 0.325 0.3042 0.3459 0.3783 0.3482 0.3667 0.4246 0.3876 0.376 0.4547 0.332 0.3181 0.3089 0.302 0.2951 0.2836 0.2743 0.2673 0.302 0.3412 0.3112 0.3342 0.3966 0.3573 0.3528 0.4311 0.3919 0.3666 0.4473 0.4266
0.6402 1.0 0.1073 0.91 0.92 0.93 0.94 0.95 0.96 0.97 0.0 0.01 0.02 0.03 0.04 0.05 0.06 0.07 0.08 0.09 0.1 0.11 0.12 0.502 0.4974 0.4882 0.4767 0.4674 0.4606 0.449 0.4651 0.4582 0.4698 0.5688 0.5434 0.525 0.6149 0.601 0.5688 0.6379 0.6471 0.608 0.6402 0.3181 0.3066 0.2972 0.2903 0.2811 0.2694 0.2626 0.2557 0.3111 0.325 0.3042 0.3459 0.3783 0.3482 0.3667 0.4246 0.3876 0.376 0.4547 0.4246 0.3181 0.3089 0.302 0.2951 0.2836 0.2743 0.2673 0.302 0.3412 0.3112 0.3342 0.3966 0.3573 0.3528 0.4311 0.3919 0.3666 0.4473 0.4266 0.3919
0.6333 1.0 0.1383 0.92 0.93 0.94 0.95 0.96 0.97 0.0 0.01 0.02 0.03 0.04 0.05 0.06 0.07 0.08 0.09 0.1 0.11 0.12 0.13 0.4974 0.4882 0.4767 0.4674 0.4606 0.449 0.4651 0.4582 0.4698 0.5688 0.5434 0.525 0.6149 0.601 0.5688 0.6379 0.6471 0.608 0.6402 0.6817 0.3066 0.2972 0.2903 0.2811 0.2694 0.2626 0.2557 0.3111 0.325 0.3042 0.3459 0.3783 0.3482 0.3667 0.4246 0.3876 0.376 0.4547 0.4246 0.3991 0.3089 0.302 0.2951 0.2836 0.2743 0.2673 0.302 0.3412 0.3112 0.3342 0.3966 0.3573 0.3528 0.4311 0.3919 0.3666 0.4473 0.4266 0.3919 0.4427
0.707 1.0 0.1383 0.93 0.94 0.95 0.96 0.97 0.0 0.01 0.02 0.03 0.04 0.05 0.06 0.07 0.08 0.09 0.1 0.11 0.12 0.13 0.14 0.4882 0.4767 0.4674 0.4606 0.449 0.4651 0.4582 0.4698 0.5688 0.5434 0.525 0.6149 0.601 0.5688 0.6379 0.6471 0.608 0.6402 0.6817 0.6402 0.2972 0.2903 0.2811 0.2694 0.2626 0.2557 0.3111 0.325 0.3042 0.3459 0.3783 0.3482 0.3667 0.4246 0.3876 0.376 0.4547 0.4246 0.3991 0.4662 0.302 0.2951 0.2836 0.2743 0.2673 0.302 0.3412 0.3112 0.3342 0.3966 0.3573 0.3528 0.4311 0.3919 0.3666 0.4473 0.4266 0.3919 0.4427 0.4611
0.6724 1.0 0.023 0.94 0.95 0.96 0.97 0.0 0.01 0.02 0.03 0.04 0.05 0.06 0.07 0.08 0.09 0.1 0.11 0.12 0.13 0.14 0.15 0.4767 0.4674 0.4606 0.449 0.4651 0.4582 0.4698 0.5688 0.5434 0.525 0.6149 0.601 0.5688 0.6379 0.6471 0.608 0.6402 0.6817 0.6402 0.6333 0.2903 0.2811 0.2694 0.2626 0.2557 0.3111 0.325 0.3042 0.3459 0.3783 0.3482 0.3667 0.4246 0.3876 0.376 0.4547 0.4246 0.3991 0.4662 0.4662 0.2951 0.2836 0.2743 0.2673 0.302 0.3412 0.3112 0.3342 0.3966 0.3573 0.3528 0.4311 0.3919 0.3666 0.4473 0.4266 0.3919 0.4427 0.4611 0.4242
0.6471 1.0 0.2457 0.95 0.96 0.97 0.0 0.01 0.02 0.03 0.04 0.05 0.06 0.07 0.08 0.09 0.1 0.11 0.12 0.13 0.14 0.15 0.16 0.4674 0.4606 0.449 0.4651 0.4582 0.4698 0.5688 0.5434 0.525 0.6149 0.601 0.5688 0.6379 0.6471 0.608 0.6402 0.6817 0.6402 0.6333 0.707 0.2811 0.2694 0.2626 0.2557 0.3111 0.325 0.3042 0.3459 0.3783 0.3482 0.3667 0.4246 0.3876 0.376 0.4547 0.4246 0.3991 0.4662 0.4662 0.4361 0.2836 0.2743 0.2673 0.302 0.3412 0.3112 0.3342 0.3966 0.3573 0.3528 0.4311 0.3919 0.3666 0.4473 0.4266 0.3919 0.4427 0.4611 0.4242 0.4311
0.6793 1.0 0.1153 0.96 0.97 0.0 0.01 0.02 0.03 0.04 0.05 0.06 0.07 0.08 0.09 0.1 0.11 0.12 0.13 0.14 0.15 0.16 0.17 0.4606 0.449 0.4651 0.4582 0.4698 0.5688 0.5434 0.525 0.6149 0.601 0.5688 0.6379 0.6471 0.608 0.6402 0.6817 0.6402 0.6333 0.707 0.6724 0.2694 0.2626 0.2557 0.3111 0.325 0.3042 0.3459 0.3783 0.3482 0.3667 0.4246 0.3876 0.376 0.4547 0.4246 0.3991 0.4662 0.4662 0.4361 0.4754 0.2743 0.2673 0.302 0.3412 0.3112 0.3342 0.3966 0.3573 0.3528 0.4311 0.3919 0.3666 0.4473 0.4266 0.3919 0.4427 0.4611 0.4242 0.4311 0.4866
0.6909 1.0 0.0843 0.97 0.0 0.01 0.02 0.03 0.04 0.05 0.06 0.07 0.08 0.09 0.1 0.11 0.12 0.13 0.14 0.15 0.16 0.17 0.18 0.449 0.4651 0.4582 0.4698 0.5688 0.5434 0.525 0.6149 0.601 0.5688 0.6379 0.6471 0.608 0.6402 0.6817 0.6402 0.6333 0.707 0.6724 0.6471 0.2626 0.2557 0.3111 0.325 0.3042 0.3459 0.3783 0.3482 0.3667 0.4246 0.3876 0.376 0.4547 0.4246 0.3991 0.4662 0.4662 0.4361 0.4754 0.501 0.2673 0.302 0.3412 0.3112 0.3342 0.3966 0.3573 0.3528 0.4311 0.3919 0.3666 0.4473 0.4266 0.3919 0.4427 0.4611 0.4242 0.4311 0.4866 0.4566
0.6656 1.0 0.1073 0.0 0.01 0.02 0.03 0.04 0.05 0.06 0.07 0.08 0.09 0.1 0.11 0.12 0.13 0.14 0.15 0.16 0.17 0.18 0.19 0.4651 0.4582 0.4698 0.5688 0.5434 0.525 0.6149 0.601 0.5688 0.6379 0.6471 0.608 0.6402 0.6817 0.6402 0.6333 0.707 0.6724 0.6471 0.6793 0.2557 0.3111 0.325 0.3042 0.3459 0.3783 0.3482 0.3667 0.4246 0.3876 0.376 0.4547 0.4246 0.3991 0.4662 0.4662 0.4361 0.4754 0.501 0.4709 0.302 0.3412 0.3112 0.3342 0.3966 0.3573 0.3528 0.4311 0.3919 0.3666 0.4473 0.4266 0.3919 0.4427 0.4611 0.4242 0.4311 0.4866 0.4566 0.445
0.6701 1.0 0.0387 0.01 0.02 0.03 0.04 0.05 0.06 0.07 0.08 0.09 0.1 0.11 0.12 0.13 0.14 0.15 0.16 0.17 0.18 0.19 0.2 0.4582 0.4698 0.5688 0.5434 0.525 0.6149 0.601 0.5688 0.6379 0.6471 0.608 0.6402 0.6817 0.6402 0.6333 0.707 0.6724 0.6471 0.6793 0.6909 0.3111 0.325 0.3042 0.3459 0.3783 0.3482 0.3667 0.4246 0.3876 0.376 0.4547 0.4246 0.3991 0.4662 0.4662 0.4361 0.4754 0.501 0.4709 0.4639 0.3412 0.3112 0.3342 0.3966 0.3573 0.3528 0.4311 0.3919 0.3666 0.4473 0.4266 0.3919 0.4427 0.4611 0.4242 0.4311 0.4866 0.4566 0.445 0.475
0.6909 1.0 0.0843 0.02 0.03 0.04 0.05 0.06 0.07 0.08 0.09 0.1 0.11 0.12 0.13 0.14 0.15 0.16 0.17 0.18 0.19 0.2 0.21 0.4698 0.5688 0.5434 0.525 0.6149 0.601 0.5688 0.6379 0.6471 0.608 0.6402 0.6817 0.6402 0.6333 0.707 0.6724 0.6471 0.6793 0.6909 0.6656 0.325 0.3042 0.3459 0.3783 0.3482 0.3667 0.4246 0.3876 0.376 0.4547 0.4246 0.3991 0.4662 0.4662 0.4361 0.4754 0.501 0.4709 0.4639 0.5218 0.3112 0.3342 0.3966 0.3573 0.3528 0.4311 0.3919 0.3666 0.4473 0.4266 0.3919 0.4427 0.4611 0.4242 0.4311 0.4866 0.4566 0.445 0.475 0.4703
0.6817 1.0 0.015 0.03 0.04 0.05 0.06 0.07 0.08 0.09 0.1 0.11 0.12 0.13 0.14 0.15 0.16 0.17 0.18 0.19 0.2 0.21 0.22 0.5688 0.5434 0.525 0.6149 0.601 0.5688 0.6379 0.6471 0.608 0.6402 0.6817 0.6402 0.6333 0.707 0.6724 0.6471 0.6793 0.6909 0.6656 0.6701 0.3042 0.3459 0.3783 0.3482 0.3667 0.4246 0.3876 0.376 0.4547 0.4246 0.3991 0.4662 0.4662 0.4361 0.4754 0.501 0.4709 0.4639 0.5218 0.4987 0.3342 0.3966 0.3573 0.3528 0.4311 0.3919 0.3666 0.4473 0.4266 0.3919 0.4427 0.4611 0.4242 0.4311 0.4866 0.4566 0.445 0.475 0.4703 0.4589
0.6817 1.0 0.0693 0.04 0.05 0.06 0.07 0.08 0.09 0.1 0.11 0.12 0.13 0.14 0.15 0.16 0.17 0.18 0.19 0.2 0.21 0.22 0.23 0.5434 0.525 0.6149 0.601 0.5688 0.6379 0.6471 0.608 0.6402 0.6817 0.6402 0.6333 0.707 0.6724 0.6471 0.6793 0.6909 0.6656 0.6701 0.6909 0.3459 0.3783 0.3482 0.3667 0.4246 0.3876 0.376 0.4547 0.4246 0.3991 0.4662 0.4662 0.4361 0.4754 0.501 0.4709 0.4639 0.5218 0.4987 0.4848 0.3966 0.3573 0.3528 0.4311 0.3919 0.3666 0.4473 0.4266 0.3919 0.4427 0.4611 0.4242 0.4311 0.4866 0.4566 0.445 0.475 0.4703 0.4589 0.475
0.7093 1.0 0.0307 0.05 0.06 0.07 0.08 0.09 0.1 0.11 0.12 0.13 0.14 0.15 0.16 0.17 0.18 0.19 0.2 0.21 0.22 0.23 0.24 0.525 0.6149 0.601 0.5688 0.6379 0.6471 0.608 0.6402 0.6817 0.6402 0.6333 0.707 0.6724 0.6471 0.6793 0.6909 0.6656 0.6701 0.6909 0.6817 0.3783 0.3482 0.3667 0.4246 0.3876 0.376 0.4547 0.4246 0.3991 0.4662 0.4662 0.4361 0.4754 0.501 0.4709 0.4639 0.5218 0.4987 0.4848 0.4963 0.3573 0.3528 0.4311 0.3919 0.3666 0.4473 0.4266 0.3919 0.4427 0.4611 0.4242 0.4311 0.4866 0.4566 0.445 0.475 0.4703 0.4589 0.475 0.5166
0.76 1.0 0.0 0.06 0.07 0.08 0.09 0.1 0.11 0.12 0.13 0.14 0.15 0.16 0.17 0.18 0.19 0.2 0.21 0.22 0.23 0.24 0.25 0.6149 0.601 0.5688 0.6379 0.6471 0.608 0.6402 0.6817 0.6402 0.6333 0.707 0.6724 0.6471 0.6793 0.6909 0.6656 0.6701 0.6909 0.6817 0.6817 0.3482 0.3667 0.4246 0.3876 0.376 0.4547 0.4246 0.3991 0.4662 0.4662 0.4361 0.4754 0.501 0.4709 0.4639 0.5218 0.4987 0.4848 0.4963 0.5472 0.3528 0.4311 0.3919 0.3666 0.4473 0.4266 0.3919 0.4427 0.4611 0.4242 0.4311 0.4866 0.4566 0.445 0.475 0.4703 0.4589 0.475 0.5166 0.4934
0.7369 1.0 0.092 0.07 0.08 0.09 0.1 0.11 0.12 0.13 0.14 0.15 0.16 0.17 0.18 0.19 0.2 0.21 0.22 0.23 0.24 0.25 0.26 0.601 0.5688 0.6379 0.6471 0.608 0.6402 0.6817 0.6402 0.6333 0.707 0.6724 0.6471 0.6793 0.6909 0.6656 0.6701 0.6909 0.6817 0.6817 0.7093 0.3667 0.4246 0.3876 0.376 0.4547 0.4246 0.3991 0.4662 0.4662 0.4361 0.4754 0.501 0.4709 0.4639 0.5218 0.4987 0.4848 0.4963 0.5472 0.531 0.4311 0.3919 0.3666 0.4473 0.4266 0.3919 0.4427 0.4611 0.4242 0.4311 0.4866 0.4566 0.445 0.475 0.4703 0.4589 0.475 0.5166 0.4934 0.5003
0.7439 1.0 0.169 0.08 0.09 0.1 0.11 0.12 0.13 0.14 0.15 0.16 0.17 0.18 0.19 0.2 0.21 0.22 0.23 0.24 0.25 0.26 0.27 0.5688 0.6379 0.6471 0.608 0.6402 0.6817 0.6402 0.6333 0.707 0.6724 0.6471 0.6793 0.6909 0.6656 0.6701 0.6909 0.6817 0.6817 0.7093 0.76 0.4246 0.3876 0.376 0.4547 0.4246 0.3991 0.4662 0.4662 0.4361 0.4754 0.501 0.4709 0.4639 0.5218 0.4987 0.4848 0.4963 0.5472 0.531 0.5287 0.3919 0.3666 0.4473 0.4266 0.3919 0.4427 0.4611 0.4242 0.4311 0.4866 0.4566 0.445 0.475 0.4703 0.4589 0.475 0.5166 0.4934 0.5003 0.5303
0.8176 1.0 0.077 0.09 0.1 0.11 0.12 0.13 0.14 0.15 0.16 0.17 0.18 0.19 0.2 0.21 0.22 0.23 0.24 0.25 0.26 0.27 0.28 0.6379 0.6471 0.608 0.6402 0.6817 0.6402 0.6333 0.707 0.6724 0.6471 0.6793 0.6909 0.6656 0.6701 0.6909 0.6817 0.6817 0.7093 0.76 0.7369 0.3876 0.376 0.4547 0.4246 0.3991 0.4662 0.4662 0.4361 0.4754 0.501 0.4709 0.4639 0.5218 0.4987 0.4848 0.4963 0.5472 0.531 0.5287 0.5842 0.3666 0.4473 0.4266 0.3919 0.4427 0.4611 0.4242 0.4311 0.4866 0.4566 0.445 0.475 0.4703 0.4589 0.475 0.5166 0.4934 0.5003 0.5303 0.5488
0.783 1.0 0.0233 0.1 0.11 0.12 0.13 0.14 0.15 0.16 0.17 0.18 0.19 0.2 0.21 0.22 0.23 0.24 0.25 0.26 0.27 0.28 0.29 0.6471 0.608 0.6402 0.6817 0.6402 0.6333 0.707 0.6724 0.6471 0.6793 0.6909 0.6656 0.6701 0.6909 0.6817 0.6817 0.7093 0.76 0.7369 0.7439 0.376 0.4547 0.4246 0.3991 0.4662 0.4662 0.4361 0.4754 0.501 0.4709 0.4639 0.5218 0.4987 0.4848 0.4963 0.5472 0.531 0.5287 0.5842 0.582 0.4473 0.4266 0.3919 0.4427 0.4611 0.4242 0.4311 0.4866 0.4566 0.445 0.475 0.4703 0.4589 0.475 0.5166 0.4934 0.5003 0.5303 0.5488 0.5396
0.7714 1.0 0.2457 0.11 0.12 0.13 0.14 0.15 0.16 0.17 0.18 0.19 0.2 0.21 0.22 0.23 0.24 0.25 0.26 0.27 0.28 0.29 0.3 0.608 0.6402 0.6817 0.6402 0.6333 0.707 0.6724 0.6471 0.6793 0.6909 0.6656 0.6701 0.6909 0.6817 0.6817 0.7093 0.76 0.7369 0.7439 0.8176 0.4547 0.4246 0.3991 0.4662 0.4662 0.4361 0.4754 0.501 0.4709 0.4639 0.5218 0.4987 0.4848 0.4963 0.5472 0.531 0.5287 0.5842 0.582 0.5658 0.4266 0.3919 0.4427 0.4611 0.4242 0.4311 0.4866 0.4566 0.445 0.475 0.4703 0.4589 0.475 0.5166 0.4934 0.5003 0.5303 0.5488 0.5396 0.5534
0.8383 1.0 0.1153 0.12 0.13 0.14 0.15 0.16 0.17 0.18 0.19 0.2 0.21 0.22 0.23 0.24 0.25 0.26 0.27 0.28 0.29 0.3 0.31 0.6402 0.6817 0.6402 0.6333 0.707 0.6724 0.6471 0.6793 0.6909 0.6656 0.6701 0.6909 0.6817 0.6817 0.7093 0.76 0.7369 0.7439 0.8176 0.783 0.4246 0.3991 0.4662 0.4662 0.4361 0.4754 0.501 0.4709 0.4639 0.5218 0.4987 0.4848 0.4963 0.5472 0.531 0.5287 0.5842 0.582 0.5658 0.5936 0.3919 0.4427 0.4611 0.4242 0.4311 0.4866 0.4566 0.445 0.475 0.4703 0.4589 0.475 0.5166 0.4934 0.5003 0.5303 0.5488 0.5396 0.5534 0.6064
0.813 1.0 0.0387 0.13 0.14 0.15 0.16 0.17 0.18 0.19 0.2 0.21 0.22 0.23 0.24 0.25 0.26 0.27 0.28 0.29 0.3 0.31 0.32 0.6817 0.6402 0.6333 0.707 0.6724 0.6471 0.6793 0.6909 0.6656 0.6701 0.6909 0.6817 0.6817 0.7093 0.76 0.7369 0.7439 0.8176 0.783 0.7714 0.3991 0.4662 0.4662 0.4361 0.4754 0.501 0.4709 0.4639 0.5218 0.4987 0.4848 0.4963 0.5472 0.531 0.5287 0.5842 0.582 0.5658 0.5936 0.6143 0.4427 0.4611 0.4242 0.4311 0.4866 0.4566 0.445 0.475 0.4703 0.4589 0.475 0.5166 0.4934 0.5003 0.5303 0.5488 0.5396 0.5534 0.6064 0.5742
0.7922 1.0 0.223 0.14 0.15 0.16 0.17 0.18 0.19 0.2 0.21 0.22 0.23 0.24 0.25 0.26 0.27 0.28 0.29 0.3 0.31 0.32 0.33 0.6402 0.6333 0.707 0.6724 0.6471 0.6793 0.6909 0.6656 0.6701 0.6909 0.6817 0.6817 0.7093 0.76 0.7369 0.7439 0.8176 0.783 0.7714 0.8383 0.4662 0.4662 0.4361 0.4754 0.501 0.4709 0.4639 0.5218 0.4987 0.4848 0.4963 0.5472 0.531 0.5287 0.5842 0.582 0.5658 0.5936 0.6143 0.5866 0.4611 0.4242 0.4311 0.4866 0.4566 0.445 0.475 0.4703 0.4589 0.475 0.5166 0.4934 0.5003 0.5303 0.5488 0.5396 0.5534 0.6064 0.5742 0.5672
0.8429 1.0 0.0843 0.15 0.16 0.17 0.18 0.19 0.2 0.21 0.22 0.23 0.24 0.25 0.26 0.27 0.28 0.29 0.3 0.31 0.32 0.33 0.34 0.6333 0.707 0.6724 0.6471 0.6793 0.6909 0.6656 0.6701 0.6909 0.6817 0.6817 0.7093 0.76 0.7369 0.7439 0.8176 0.783 0.7714 0.8383 0.813 0.4662 0.4361 0.4754 0.501 0.4709 0.4639 0.5218 0.4987 0.4848 0.4963 0.5472 0.531 0.5287 0.5842 0.582 0.5658 0.5936 0.6143 0.5866 0.5936 0.4242 0.4311 0.4866 0.4566 0.445 0.475 0.4703 0.4589 0.475 0.5166 0.4934 0.5003 0.5303 0.5488 0.5396 0.5534 0.6064 0.5742 0.5672 0.6296
0.836 1.0 0.0693 0.16 0.17 0.18 0.19 0.2 0.21 0.22 0.23 0.24 0.25 0.26 0.27 0.28 0.29 0.3 0.31 0.32 0.33 0.34 0.35 0.707 0.6724 0.6471 0.6793 0.6909 0.6656 0.6701 0.6909 0.6817 0.6817 0.7093 0.76 0.7369 0.7439 0.8176 0.783 0.7714 0.8383 0.813 0.7922 0.4361 0.4754 0.501 0.4709 0.4639 0.5218 0.4987 0.4848 0.4963 0.5472 0.531 0.5287 0.5842 0.582 0.5658 0.5936 0.6143 0.5866 0.5936 0.6329 0.4311 0.4866 0.4566 0.445 0.475 0.4703 0.4589 0.475 0.5166 0.4934 0.5003 0.5303 0.5488 0.5396 0.5534 0.6064 0.5742 0.5672 0.6296 0.5903
0.8107 1.0 0.169 0.17 0.18 0.19 0.2 0.21 0.22 0.23 0.24 0.25 0.26 0.27 0.28 0.29 0.3 0.31 0.32 0.33 0.34 0.35 0.36 0.6724 0.6471 0.6793 0.6909 0.6656 0.6701 0.6909 0.6817 0.6817 0.7093 0.76 0.7369 0.7439 0.8176 0.783 0.7714 0.8383 0.813 0.7922 0.8429 0.4754 0.501 0.4709 0.4639 0.5218 0.4987 0.4848 0.4963 0.5472 0.531 0.5287 0.5842 0.582 0.5658 0.5936 0.6143 0.5866 0.5936 0.6329 0.5981 0.4866 0.4566 0.445 0.475 0.4703 0.4589 0.475 0.5166 0.4934 0.5003 0.5303 0.5488 0.5396 0.5534 0.6064 0.5742 0.5672 0.6296 0.5903 0.5719
0.8476 1.0 0.023 0.18 0.19 0.2 0.21 0.22 0.23 0.24 0.25 0.26 0.27 0.28 0.29 0.3 0.31 0.32 0.33 0.34 0.35 0.36 0.37 0.6471 0.6793 0.6909 0.6656 0.6701 0.6909 0.6817 0.6817 0.7093 0.76 0.7369 0.7439 0.8176 0.783 0.7714 0.8383 0.813 0.7922 0.8429 0.836 0.501 0.4709 0.4639 0.5218 0.4987 0.4848 0.4963 0.5472 0.531 0.5287 0.5842 0.582 0.5658 0.5936 0.6143 0.5866 0.5936 0.6329 0.5981 0.5936 0.4566 0.445 0.475 0.4703 0.4589 0.475 0.5166 0.4934 0.5003 0.5303 0.5488 0.5396 0.5534 0.6064 0.5742 0.5672 0.6296 0.5903 0.5719 0.6341
0.859 1.0 0.0843 0.19 0.2 0.21 0.22 0.23 0.24 0.25 0.26 0.27 0.28 0.29 0.3 0.31 0.32 0.33 0.34 0.35 0.36 0.37 0.38 0.6793 0.6909 0.6656 0.6701 0.6909 0.6817 0.6817 0.7093 0.76 0.7369 0.7439 0.8176 0.783 0.7714 0.8383 0.813 0.7922 0.8429 0.836 0.8107 0.4709 0.4639 0.5218 0.4987 0.4848 0.4963 0.5472 0.531 0.5287 0.5842 0.582 0.5658 0.5936 0.6143 0.5866 0.5936 0.6329 0.5981 0.5936 0.6468 0.445 0.475 0.4703 0.4589 0.475 0.5166 0.4934 0.5003 0.5303 0.5488 0.5396 0.5534 0.6064 0.5742 0.5672 0.6296 0.5903 0.5719 0.6341 0.6019
0.8221 1.0 0.123 0.2 0.21 0.22 0.23 0.24 0.25 0.26 0.27 0.28 0.29 0.3 0.31 0.32 0.33 0.34 0.35 0.36 0.37 0.38 0.39 0.6909 0.6656 0.6701 0.6909 0.6817 0.6817 0.7093 0.76 0.7369 0.7439 0.8176 0.783 0.7714 0.8383 0.813 0.7922 0.8429 0.836 0.8107 0.8476 0.4639 0.5218 0.4987 0.4848 0.4963 0.5472 0.531 0.5287 0.5842 0.582 0.5658 0.5936 0.6143 0.5866 0.5936 0.6329 0.5981 0.5936 0.6468 0.6098 0.475 0.4703 0.4589 0.475 0.5166 0.4934 0.5003 0.5303 0.5488 0.5396 0.5534 0.6064 0.5742 0.5672 0.6296 0.5903 0.5719 0.6341 0.6019 0.5811
0.8521 1.0 0.038 0.21 0.22 0.23 0.24 0.25 0.26 0.27 0.28 0.29 0.3 0.31 0.32 0.33 0.34 0.35 0.36 0.37 0.38 0.39 0.4 0.6656 0.6701 0.6909 0.6817 0.6817 0.7093 0.76 0.7369 0.7439 0.8176 0.783 0.7714 0.8383 0.813 0.7922 0.8429 0.836 0.8107 0.8476 0.859 0.5218 0.4987 0.4848 0.4963 0.5472 0.531 0.5287 0.5842 0.582 0.5658 0.5936 0.6143 0.5866 0.5936 0.6329 0.5981 0.5936 0.6468 0.6098 0.6004 0.4703 0.4589 0.475 0.5166 0.4934 0.5003 0.5303 0.5488 0.5396 0.5534 0.6064 0.5742 0.5672 0.6296 0.5903 0.5719 0.6341 0.6019 0.5811 0.6364
0.8798 1.0 0.123 0.22 0.23 0.24 0.25 0.26 0.27 0.28 0.29 0.3 0.31 0.32 0.33 0.34 0.35 0.36 0.37 0.38 0.39 0.4 0.41 0.6701 0.6909 0.6817 0.6817 0.7093 0.76 0.7369 0.7439 0.8176 0.783 0.7714 0.8383 0.813 0.7922 0.8429 0.836 0.8107 0.8476 0.859 0.8221 0.4987 0.4848 0.4963 0.5472 0.531 0.5287 0.5842 0.582 0.5658 0.5936 0.6143 0.5866 0.5936 0.6329 0.5981 0.5936 0.6468 0.6098 0.6004 0.6537 0.4589 0.475 0.5166 0.4934 0.5003 0.5303 0.5488 0.5396 0.5534 0.6064 0.5742 0.5672 0.6296 0.5903 0.5719 0.6341 0.6019 0.5811 0.6364 0.6203
0.8337 1.0 0.1 0.23 0.24 0.25 0.26 0.27 0.28 0.29 0.3 0.31 0.32 0.33 0.34 0.35 0.36 0.37 0.38 0.39 0.4 0.41 0.42 0.6909 0.6817 0.6817 0.7093 0.76 0.7369 0.7439 0.8176 0.783 0.7714 0.8383 0.813 0.7922 0.8429 0.836 0.8107 0.8476 0.859 0.8221 0.8521 0.4848 0.4963 0.5472 0.531 0.5287 0.5842 0.582 0.5658 0.5936 0.6143 0.5866 0.5936 0.6329 0.5981 0.5936 0.6468 0.6098 0.6004 0.6537 0.6236 0.475 0.5166 0.4934 0.5003 0.5303 0.5488 0.5396 0.5534 0.6064 0.5742 0.5672 0.6296 0.5903 0.5719 0.6341 0.6019 0.5811 0.6364 0.6203 0.5927
0.8476 1.0 0.0923 0.24 0.25 0.26 0.27 0.28 0.29 0.3 0.31 0.32 0.33 0.34 0.35 0.36 0.37 0.38 0.39 0.4 0.41 0.42 0.43 0.6817 0.6817 0.7093 0.76 0.7369 0.7439 0.8176 0.783 0.7714 0.8383 0.813 0.7922 0.8429 0.836 0.8107 0.8476 0.859 0.8221 0.8521 0.8798 0.4963 0.5472 0.531 0.5287 0.5842 0.582 0.5658 0.5936 0.6143 0.5866 0.5936 0.6329 0.5981 0.5936 0.6468 0.6098 0.6004 0.6537 0.6236 0.6098 0.5166 0.4934 0.5003 0.5303 0.5488 0.5396 0.5534 0.6064 0.5742 0.5672 0.6296 0.5903 0.5719 0.6341 0.6019 0.5811 0.6364 0.6203 0.5927 0.6388
0.8867 1.0 0.1537 0.25 0.26 0.27 0.28 0.29 0.3 0.31 0.32 0.33 0.34 0.35 0.36 0.37 0.38 0.39 0.4 0.41 0.42 0.43 0.44 0.6817 0.7093 0.76 0.7369 0.7439 0.8176 0.783 0.7714 0.8383 0.813 0.7922 0.8429 0.836 0.8107 0.8476 0.859 0.8221 0.8521 0.8798 0.8337 0.5472 0.531 0.5287 0.5842 0.582 0.5658 0.5936 0.6143 0.5866 0.5936 0.6329 0.5981 0.5936 0.6468 0.6098 0.6004 0.6537 0.6236 0.6098 0.6607 0.4934 0.5003 0.5303 0.5488 0.5396 0.5534 0.6064 0.5742 0.5672 0.6296 0.5903 0.5719 0.6341 0.6019 0.5811 0.6364 0.6203 0.5927 0.6388 0.648
0.8383 1.0 0.0463 0.26 0.27 0.28 0.29 0.3 0.31 0.32 0.33 0.34 0.35 0.36 0.37 0.38 0.39 0.4 0.41 0.42 0.43 0.44 0.45 0.7093 0.76 0.7369 0.7439 0.8176 0.783 0.7714 0.8383 0.813 0.7922 0.8429 0.836 0.8107 0.8476 0.859 0.8221 0.8521 0.8798 0.8337 0.8476 0.531 0.5287 0.5842 0.582 0.5658 0.5936 0.6143 0.5866 0.5936 0.6329 0.5981 0.5936 0.6468 0.6098 0.6004 0.6537 0.6236 0.6098 0.6607 0.6329 0.5003 0.5303 0.5488 0.5396 0.5534 0.6064 0.5742 0.5672 0.6296 0.5903 0.5719 0.6341 0.6019 0.5811 0.6364 0.6203 0.5927 0.6388 0.648 0.6157
0.836 1.0 0.1303 0.27 0.28 0.29 0.3 0.31 0.32 0.33 0.34 0.35 0.36 0.37 0.38 0.39 0.4 0.41 0.42 0.43 0.44 0.45 0.46 0.76 0.7369 0.7439 0.8176 0.783 0.7714 0.8383 0.813 0.7922 0.8429 0.836 0.8107 0.8476 0.859 0.8221 0.8521 0.8798 0.8337 0.8476 0.8867 0.5287 0.5842 0.582 0.5658 0.5936 0.6143 0.5866 0.5936 0.6329 0.5981 0.5936 0.6468 0.6098 0.6004 0.6537 0.6236 0.6098 0.6607 0.6329 0.6143 0.5303 0.5488 0.5396 0.5534 0.6064 0.5742 0.5672 0.6296 0.5903 0.5719 0.6341 0.6019 0.5811 0.6364 0.6203 0.5927 0.6388 0.648 0.6157 0.6596
0.9073 1.0 0.1613 0.28 0.29 0.3 0.31 0.32 0.33 0.34 0.35 0.36 0.37 0.38 0.39 0.4 0.41 0.42 0.43 0.44 0.45 0.46 0.47 0.7369 0.7439 0.8176 0.783 0.7714 0.8383 0.813 0.7922 0.8429 0.836 0.8107 0.8476 0.859 0.8221 0.8521 0.8798 0.8337 0.8476 0.8867 0.8383 0.5842 0.582 0.5658 0.5936 0.6143 0.5866 0.5936 0.6329 0.5981 0.5936 0.6468 0.6098 0.6004 0.6537 0.6236 0.6098 0.6607 0.6329 0.6143 0.656 0.5488 0.5396 0.5534 0.6064 0.5742 0.5672 0.6296 0.5903 0.5719 0.6341 0.6019 0.5811 0.6364 0.6203 0.5927 0.6388 0.648 0.6157 0.6596 0.6802
0.8613 1.0 0.0077 0.29 0.3 0.31 0.32 0.33 0.34 0.35 0.36 0.37 0.38 0.39 0.4 0.41 0.42 0.43 0.44 0.45 0.46 0.47 0.48 0.7439 0.8176 0.783 0.7714 0.8383 0.813 0.7922 0.8429 0.836 0.8107 0.8476 0.859 0.8221 0.8521 0.8798 0.8337 0.8476 0.8867 0.8383 0.836 0.582 0.5658 0.5936 0.6143 0.5866 0.5936 0.6329 0.5981 0.5936 0.6468 0.6098 0.6004 0.6537 0.6236 0.6098 0.6607 0.6329 0.6143 0.656 0.6513 0.5396 0.5534 0.6064 0.5742 0.5672 0.6296 0.5903 0.5719 0.6341 0.6019 0.5811 0.6364 0.6203 0.5927 0.6388 0.648 0.6157 0.6596 0.6802 0.6341
0.8406 1.0 0.2377 0.3 0.31 0.32 0.33 0.34 0.35 0.36 0.37 0.38 0.39 0.4 0.41 0.42 0.43 0.44 0.45 0.46 0.47 0.48 0.49 0.8176 0.783 0.7714 0.8383 0.813 0.7922 0.8429 0.836 0.8107 0.8476 0.859 0.8221 0.8521 0.8798 0.8337 0.8476 0.8867 0.8383 0.836 0.9073 0.5658 0.5936 0.6143 0.5866 0.5936 0.6329 0.5981 0.5936 0.6468 0.6098 0.6004 0.6537 0.6236 0.6098 0.6607 0.6329 0.6143 0.656 0.6513 0.6306 0.5534 0.6064 0.5742 0.5672 0.6296 0.5903 0.5719 0.6341 0.6019 0.5811 0.6364 0.6203 0.5927 0.6388 0.648 0.6157 0.6596 0.6802 0.6341 0.6641
0.9189 1.0 0.1533 0.31 0.32 0.33 0.34 0.35 0.36 0.37 0.38 0.39 0.4 0.41 0.42 0.43 0.44 0.45 0.46 0.47 0.48 0.49 0.5 0.783 0.7714 0.8383 0.813 0.7922 0.8429 0.836 0.8107 0.8476 0.859 0.8221 0.8521 0.8798 0.8337 0.8476 0.8867 0.8383 0.836 0.9073 0.8613 0.5936 0.6143 0.5866 0.5936 0.6329 0.5981 0.5936 0.6468 0.6098 0.6004 0.6537 0.6236 0.6098 0.6607 0.6329 0.6143 0.656 0.6513 0.6306 0.6746 0.6064 0.5742 0.5672 0.6296 0.5903 0.5719 0.6341 0.6019 0.5811 0.6364 0.6203 0.5927 0.6388 0.648 0.6157 0.6596 0.6802 0.6341 0.6641 0.6964
0.8774 1.0 0.069 0.32 0.33 0.34 0.35 0.36 0.37 0.38 0.39 0.4 0.41 0.42 0.43 0.44 0.45 0.46 0.47 0.48 0.49 0.5 0.51 0.7714 0.8383 0.813 0.7922 0.8429 0.836 0.8107 0.8476 0.859 0.8221 0.8521 0.8798 0.8337 0.8476 0.8867 0.8383 0.836 0.9073 0.8613 0.8406 0.6143 0.5866 0.5936 0.6329 0.5981 0.5936 0.6468 0.6098 0.6004 0.6537 0.6236 0.6098 0.6607 0.6329 0.6143 0.656 0.6513 0.6306 0.6746 0.6814 0.5742 0.5672 0.6296 0.5903 0.5719 0.6341 0.6019 0.5811 0.6364 0.6203 0.5927 0.6388 0.648 0.6157 0.6596 0.6802 0.6341 0.6641 0.6964 0.648
0.8383 1.0 0.261 0.33 0.34 0.35 0.36 0.37 0.38 0.39 0.4 0.41 0.42 0.43 0.44 0.45 0.46 0.47 0.48 0.49 0.5 0.51 0.52 0.8383 0.813 0.7922 0.8429 0.836 0.8107 0.8476 0.859 0.8221 0.8521 0.8798 0.8337 0.8476 0.8867 0.8383 0.836 0.9073 0.8613 0.8406 0.9189 0.5866 0.5936 0.6329 0.5981 0.5936 0.6468 0.6098 0.6004 0.6537 0.6236 0.6098 0.6607 0.6329 0.6143 0.656 0.6513 0.6306 0.6746 0.6814 0.6468 0.5672 0.6296 0.5903 0.5719 0.6341 0.6019 0.5811 0.6364 0.6203 0.5927 0.6388 0.648 0.6157 0.6596 0.6802 0.6341 0.6641 0.6964 0.648 0.6572
0.9143 1.0 0.1383 0.34 0.35 0.36 0.37 0.38 0.39 0.4 0.41 0.42 0.43 0.44 0.45 0.46 0.47 0.48 0.49 0.5 0.51 0.52 0.53 0.813 0.7922 0.8429 0.836 0.8107 0.8476 0.859 0.8221 0.8521 0.8798 0.8337 0.8476 0.8867 0.8383 0.836 0.9073 0.8613 0.8406 0.9189 0.8774 0.5936 0.6329 0.5981 0.5936 0.6468 0.6098 0.6004 0.6537 0.6236 0.6098 0.6607 0.6329 0.6143 0.656 0.6513 0.6306 0.6746 0.6814 0.6468 0.6676 0.6296 0.5903 0.5719 0.6341 0.6019 0.5811 0.6364 0.6203 0.5927 0.6388 0.648 0.6157 0.6596 0.6802 0.6341 0.6641 0.6964 0.648 0.6572 0.7194
0.8912 1.0 0.1303 0.35 0.36 0.37 0.38 0.39 0.4 0.41 0.42 0.43 0.44 0.45 0.46 0.47 0.48 0.49 0.5 0.51 0.52 0.53 0.54 0.7922 0.8429 0.836 0.8107 0.8476 0.859 0.8221 0.8521 0.8798 0.8337 0.8476 0.8867 0.8383 0.836 0.9073 0.8613 0.8406 0.9189 0.8774 0.8383 0.6329 0.5981 0.5936 0.6468 0.6098 0.6004 0.6537 0.6236 0.6098 0.6607 0.6329 0.6143 0.656 0.6513 0.6306 0.6746 0.6814 0.6468 0.6676 0.7023 0.5903 0.5719 0.6341 0.6019 0.5811 0.6364 0.6203 0.5927 0.6388 0.648 0.6157 0.6596 0.6802 0.6341 0.6641 0.6964 0.648 0.6572 0.7194 0.6641
0.8429 1.0 0.2533 0.36 0.37 0.38 0.39 0.4 0.41 0.42 0.43 0.44 0.45 0.46 0.47 0.48 0.49 0.5 0.51 0.52 0.53 0.54 0.55 0.8429 0.836 0.8107 0.8476 0.859 0.8221 0.8521 0.8798 0.8337 0.8476 0.8867 0.8383 0.836 0.9073 0.8613 0.8406 0.9189 0.8774 0.8383 0.9143 0.5981 0.5936 0.6468 0.6098 0.6004 0.6537 0.6236 0.6098 0.6607 0.6329 0.6143 0.656 0.6513 0.6306 0.6746 0.6814 0.6468 0.6676 0.7023 0.6607 0.5719 0.6341 0.6019 0.5811 0.6364 0.6203 0.5927 0.6388 0.648 0.6157 0.6596 0.6802 0.6341 0.6641 0.6964 0.648 0.6572 0.7194 0.6641 0.6433
0.8912 1.0 0.077 0.37 0.38 0.39 0.4 0.41 0.42 0.43 0.44 0.45 0.46 0.47 0.48 0.49 0.5 0.51 0.52 0.53 0.54 0.55 0.56 0.836 0.8107 0.8476 0.859 0.8221 0.8521 0.8798 0.8337 0.8476 0.8867 0.8383 0.836 0.9073 0.8613 0.8406 0.9189 0.8774 0.8383 0.9143 0.8912 0.5936 0.6468 0.6098 0.6004 0.6537 0.6236 0.6098 0.6607 0.6329 0.6143 0.656 0.6513 0.6306 0.6746 0.6814 0.6468 0.6676 0.7023 0.6607 0.6583 0.6341 0.6019 0.5811 0.6364 0.6203 0.5927 0.6388 0.648 0.6157 0.6596 0.6802 0.6341 0.6641 0.6964 0.648 0.6572 0.7194 0.6641 0.6433 0.7172
0.9004 1.0 0.161 0.38 0.39 0.4 0.41 0.42 0.43 0.44 0.45 0.46 0.47 0.48 0.49 0.5 0.51 0.52 0.53 0.54 0.55 0.56 0.57 0.8107 0.8476 0.859 0.8221 0.8521 0.8798 0.8337 0.8476 0.8867 0.8383 0.836 0.9073 0.8613 0.8406 0.9189 0.8774 0.8383 0.9143 0.8912 0.8429 0.6468 0.6098 0.6004 0.6537 0.6236 0.6098 0.6607 0.6329 0.6143 0.656 0.6513 0.6306 0.6746 0.6814 0.6468 0.6676 0.7023 0.6607 0.6583 0.7139 0.6019 0.5811 0.6364 0.6203 0.5927 0.6388 0.648 0.6157 0.6596 0.6802 0.6341 0.6641 0.6964 0.648 0.6572 0.7194 0.6641 0.6433 0.7172 0.6733
0.8498 1.0 0.161 0.39 0.4 0.41 0.42 0.43 0.44 0.45 0.46 0.47 0.48 0.49 0.5 0.51 0.52 0.53 0.54 0.55 0.56 0.57 0.58 0.8476 0.859 0.8221 0.8521 0.8798 0.8337 0.8476 0.8867 0.8383 0.836 0.9073 0.8613 0.8406 0.9189 0.8774 0.8383 0.9143 0.8912 0.8429 0.8912 0.6098 0.6004 0.6537 0.6236 0.6098 0.6607 0.6329 0.6143 0.656 0.6513 0.6306 0.6746 0.6814 0.6468 0.6676 0.7023 0.6607 0.6583 0.7139 0.6652 0.5811 0.6364 0.6203 0.5927 0.6388 0.648 0.6157 0.6596 0.6802 0.6341 0.6641 0.6964 0.648 0.6572 0.7194 0.6641 0.6433 0.7172 0.6733 0.6319
0.8567 1.0 0.0307 0.4 0.41 0.42 0.43 0.44 0.45 0.46 0.47 0.48 0.49 0.5 0.51 0.52 0.53 0.54 0.55 0.56 0.57 0.58 0.59 0.859 0.8221 0.8521 0.8798 0.8337 0.8476 0.8867 0.8383 0.836 0.9073 0.8613 0.8406 0.9189 0.8774 0.8383 0.9143 0.8912 0.8429 0.8912 0.9004 0.6004 0.6537 0.6236 0.6098 0.6607 0.6329 0.6143 0.656 0.6513 0.6306 0.6746 0.6814 0.6468 0.6676 0.7023 0.6607 0.6583 0.7139 0.6652 0.6421 0.6364 0.6203 0.5927 0.6388 0.648 0.6157 0.6596 0.6802 0.6341 0.6641 0.6964 0.648 0.6572 0.7194 0.6641 0.6433 0.7172 0.6733 0.6319 0.6964
0.9004 1.0 0.1687 0.41 0.42 0.43 0.44 0.45 0.46 0.47 0.48 0.49 0.5 0.51 0.52 0.53 0.54 0.55 0.56 0.57 0.58 0.59 0.6 0.8221 0.8521 0.8798 0.8337 0.8476 0.8867 0.8383 0.836 0.9073 0.8613 0.8406 0.9189 0.8774 0.8383 0.9143 0.8912 0.8429 0.8912 0.9004 0.8498 0.6537 0.6236 0.6098 0.6607 0.6329 0.6143 0.656 0.6513 0.6306 0.6746 0.6814 0.6468 0.6676 0.7023 0.6607 0.6583 0.7139 0.6652 0.6421 0.7092 0.6203 0.5927 0.6388 0.648 0.6157 0.6596 0.6802 0.6341 0.6641 0.6964 0.648 0.6572 0.7194 0.6641 0.6433 0.7172 0.6733 0.6319 0.6964 0.671
0.8521 1.0 0.023 0.42 0.43 0.44 0.45 0.46 0.47 0.48 0.49 0.5 0.51 0.52 0.53 0.54 0.55 0.56 0.57 0.58 0.59 0.6 0.61 0.8521 0.8798 0.8337 0.8476 0.8867 0.8383 0.836 0.9073 0.8613 0.8406 0.9189 0.8774 0.8383 0.9143 0.8912 0.8429 0.8912 0.9004 0.8498 0.8567 0.6236 0.6098 0.6607 0.6329 0.6143 0.656 0.6513 0.6306 0.6746 0.6814 0.6468 0.6676 0.7023 0.6607 0.6583 0.7139 0.6652 0.6421 0.7092 0.6699 0.5927 0.6388 0.648 0.6157 0.6596 0.6802 0.6341 0.6641 0.6964 0.648 0.6572 0.7194 0.6641 0.6433 0.7172 0.6733 0.6319 0.6964 0.671 0.6296
0.8291 1.0 0.1457 0.43 0.44 0.45 0.46 0.47 0.48 0.49 0.5 0.51 0.52 0.53 0.54 0.55 0.56 0.57 0.58 0.59 0.6 0.61 0.62 0.8798 0.8337 0.8476 0.8867 0.8383 0.836 0.9073 0.8613 0.8406 0.9189 0.8774 0.8383 0.9143 0.8912 0.8429 0.8912 0.9004 0.8498 0.8567 0.9004 0.6098 0.6607 0.6329 0.6143 0.656 0.6513 0.6306 0.6746 0.6814 0.6468 0.6676 0.7023 0.6607 0.6583 0.7139 0.6652 0.6421 0.7092 0.6699 0.6329 0.6388 0.648 0.6157 0.6596 0.6802 0.6341 0.6641 0.6964 0.648 0.6572 0.7194 0.6641 0.6433 0.7172 0.6733 0.6319 0.6964 0.671 0.6296 0.6618
0.8798 1.0 0.161 0.44 0.45 0.46 0.47 0.48 0.49 0.5 0.51 0.52 0.53 0.54 0.55 0.56 0.57 0.58 0.59 0.6 0.61 0.62 0.63 0.8337 0.8476 0.8867 0.8383 0.836 0.9073 0.8613 0.8406 0.9189 0.8774 0.8383 0.9143 0.8912 0.8429 0.8912 0.9004 0.8498 0.8567 0.9004 0.8521 0.6607 0.6329 0.6143 0.656 0.6513 0.6306 0.6746 0.6814 0.6468 0.6676 0.7023 0.6607 0.6583 0.7139 0.6652 0.6421 0.7092 0.6699 0.6329 0.6861 0.648 0.6157 0.6596 0.6802 0.6341 0.6641 0.6964 0.648 0.6572 0.7194 0.6641 0.6433 0.7172 0.6733 0.6319 0.6964 0.671 0.6296 0.6618 0.6664
0.8498 1.0 0.0767 0.45 0.46 0.47 0.48 0.49 0.5 0.51 0.52 0.53 0.54 0.55 0.56 0.57 0.58 0.59 0.6 0.61 0.62 0.63 0.64 0.8476 0.8867 0.8383 0.836 0.9073 0.8613 0.8406 0.9189 0.8774 0.8383 0.9143 0.8912 0.8429 0.8912 0.9004 0.8498 0.8567 0.9004 0.8521 0.8291 0.6329 0.6143 0.656 0.6513 0.6306 0.6746 0.6814 0.6468 0.6676 0.7023 0.6607 0.6583 0.7139 0.6652 0.6421 0.7092 0.6699 0.6329 0.6861 0.6722 0.6157 0.6596 0.6802 0.6341 0.6641 0.6964 0.648 0.6572 0.7194 0.6641 0.6433 0.7172 0.6733 0.6319 0.6964 0.671 0.6296 0.6618 0.6664 0.6272
0.8152 1.0 0.169 0.46 0.47 0.48 0.49 0.5 0.51 0.52 0.53 0.54 0.55 0.56 0.57 0.58 0.59 0.6 0.61 0.62 0.63 0.64 0.65 0.8867 0.8383 0.836 0.9073 0.8613 0.8406 0.9189 0.8774 0.8383 0.9143 0.8912 0.8429 0.8912 0.9004 0.8498 0.8567 0.9004 0.8521 0.8291 0.8798 0.6143 0.656 0.6513 0.6306 0.6746 0.6814 0.6468 0.6676 0.7023 0.6607 0.6583 0.7139 0.6652 0.6421 0.7092 0.6699 0.6329 0.6861 0.6722 0.6398 0.6596 0.6802 0.6341 0.6641 0.6964 0.648 0.6572 0.7194 0.6641 0.6433 0.7172 0.6733 0.6319 0.6964 0.671 0.6296 0.6618 0.6664 0.6272 0.6272
0.783 1.0 0.1 0.47 0.48 0.49 0.5 0.51 0.52 0.53 0.54 0.55 0.56 0.57 0.58 0.59 0.6 0.61 0.62 0.63 0.64 0.65 0.66 0.8383 0.836 0.9073 0.8613 0.8406 0.9189 0.8774 0.8383 0.9143 0.8912 0.8429 0.8912 0.9004 0.8498 0.8567 0.9004 0.8521 0.8291 0.8798 0.8498 0.656 0.6513 0.6306 0.6746 0.6814 0.6468 0.6676 0.7023 0.6607 0.6583 0.7139 0.6652 0.6421 0.7092 0.6699 0.6329 0.6861 0.6722 0.6398 0.656 0.6802 0.6341 0.6641 0.6964 0.648 0.6572 0.7194 0.6641 0.6433 0.7172 0.6733 0.6319 0.6964 0.671 0.6296 0.6618 0.6664 0.6272 0.6272 0.6572
0.7646 1.0 0.1153 0.48 0.49 0.5 0.51 0.52 0.53 0.54 0.55 0.56 0.57 0.58 0.59 0.6 0.61 0.62 0.63 0.64 0.65 0.66 0.67 0.836 0.9073 0.8613 0.8406 0.9189 0.8774 0.8383 0.9143 0.8912 0.8429 0.8912 0.9004 0.8498 0.8567 0.9004 0.8521 0.8291 0.8798 0.8498 0.8152 0.6513 0.6306 0.6746 0.6814 0.6468 0.6676 0.7023 0.6607 0.6583 0.7139 0.6652 0.6421 0.7092 0.6699 0.6329 0.6861 0.6722 0.6398 0.656 0.6791 0.6341 0.6641 0.6964 0.648 0.6572 0.7194 0.6641 0.6433 0.7172 0.6733 0.6319 0.6964 0.671 0.6296 0.6618 0.6664 0.6272 0.6272 0.6572 0.6272
