1.0 1.0 0.0 0.2639 0.6514 0.4358 0.0687 0.0233 0.0537 0.59 0.6 0.61 0.62 0.63 0.64 0.65 0.66 0.67 0.68 0.69 0.7 0.71 0.72 0.73 0.74 0.75 0.76 0.77 0.78 0.5242 0.5288 0.4897 0.4758 0.5196 0.485 0.4574 0.5173 0.4897 0.4551 0.4367 0.4182 0.3952 0.3722 0.3607 0.3422 0.3192 0.3123 0.2984 0.2778 0.8944 0.8667 0.9176 0.8944 0.8597 0.8991 0.9037 0.8667 0.8852 0.9107 0.8713 0.8366 0.8134 0.7926 0.7671 0.7487 0.737 0.7116 0.6954 0.6884 0.6272 0.671 0.6618 0.6272 0.6549 0.6526 0.6249 0.6157 0.6411 0.6226 0.5972 0.5811 0.5696 0.5488 0.528 0.5211 0.5003 0.4796 0.475 0.4589
1.0 1.0 0.0 0.2432 0.6491 0.4242 0.0233 0.069 0.0693 0.6 0.61 0.62 0.63 0.64 0.65 0.66 0.67 0.68 0.69 0.7 0.71 0.72 0.73 0.74 0.75 0.76 0.77 0.78 0.79 0.5288 0.4897 0.4758 0.5196 0.485 0.4574 0.5173 0.4897 0.4551 0.4367 0.4182 0.3952 0.3722 0.3607 0.3422 0.3192 0.3123 0.2984 0.2778 0.2708 0.8667 0.9176 0.8944 0.8597 0.8991 0.9037 0.8667 0.8852 0.9107 0.8713 0.8366 0.8134 0.7926 0.7671 0.7487 0.737 0.7116 0.6954 0.6884 0.6677 0.671 0.6618 0.6272 0.6549 0.6526 0.6249 0.6157 0.6411 0.6226 0.5972 0.5811 0.5696 0.5488 0.528 0.5211 0.5003 0.4796 0.475 0.4589 0.4381
1.0 1.0 0.0 0.2362 0.6329 0.4034 0.023 0.0543 0.0077 0.61 0.62 0.63 0.64 0.65 0.66 0.67 0.68 0.69 0.7 0.71 0.72 0.73 0.74 0.75 0.76 0.77 0.78 0.79 0.8 0.4897 0.4758 0.5196 0.485 0.4574 0.5173 0.4897 0.4551 0.4367 0.4182 0.3952 0.3722 0.3607 0.3422 0.3192 0.3123 0.2984 0.2778 0.2708 0.2639 0.9176 0.8944 0.8597 0.8991 0.9037 0.8667 0.8852 0.9107 0.8713 0.8366 0.8134 0.7926 0.7671 0.7487 0.737 0.7116 0.6954 0.6884 0.6677 0.6514 0.6618 0.6272 0.6549 0.6526 0.6249 0.6157 0.6411 0.6226 0.5972 0.5811 0.5696 0.5488 0.528 0.5211 0.5003 0.4796 0.475 0.4589 0.4381 0.4358
1.0 1.0 0.0 0.234 0.6167 0.4012 0.069 0.0077 0.0387 0.62 0.63 0.64 0.65 0.66 0.67 0.68 0.69 0.7 0.71 0.72 0.73 0.74 0.75 0.76 0.77 0.78 0.79 0.8 0.81 0.4758 0.5196 0.485 0.4574 0.5173 0.4897 0.4551 0.4367 0.4182 0.3952 0.3722 0.3607 0.3422 0.3192 0.3123 0.2984 0.2778 0.2708 0.2639 0.2432 0.8944 0.8597 0.8991 0.9037 0.8667 0.8852 0.9107 0.8713 0.8366 0.8134 0.7926 0.7671 0.7487 0.737 0.7116 0.6954 0.6884 0.6677 0.6514 0.6491 0.6272 0.6549 0.6526 0.6249 0.6157 0.6411 0.6226 0.5972 0.5811 0.5696 0.5488 0.528 0.5211 0.5003 0.4796 0.475 0.4589 0.4381 0.4358 0.4242
1.0 1.0 0.0 0.2156 0.6121 0.3966 0.0233 0.054 0.0693 0.63 0.64 0.65 0.66 0.67 0.68 0.69 0.7 0.71 0.72 0.73 0.74 0.75 0.76 0.77 0.78 0.79 0.8 0.81 0.82 0.5196 0.485 0.4574 0.5173 0.4897 0.4551 0.4367 0.4182 0.3952 0.3722 0.3607 0.3422 0.3192 0.3123 0.2984 0.2778 0.2708 0.2639 0.2432 0.2362 0.8597 0.8991 0.9037 0.8667 0.8852 0.9107 0.8713 0.8366 0.8134 0.7926 0.7671 0.7487 0.737 0.7116 0.6954 0.6884 0.6677 0.6514 0.6491 0.6329 0.6549 0.6526 0.6249 0.6157 0.6411 0.6226 0.5972 0.5811 0.5696 0.5488 0.528 0.5211 0.5003 0.4796 0.475 0.4589 0.4381 0.4358 0.4242 0.4034
1.0 1.0 0.0 0.204 0.6028 0.3781 0.0073 0.054 0.0073 0.64 0.65 0.66 0.67 0.68 0.69 0.7 0.71 0.72 0.73 0.74 0.75 0.76 0.77 0.78 0.79 0.8 0.81 0.82 0.83 0.485 0.4574 0.5173 0.4897 0.4551 0.4367 0.4182 0.3952 0.3722 0.3607 0.3422 0.3192 0.3123 0.2984 0.2778 0.2708 0.2639 0.2432 0.2362 0.234 0.8991 0.9037 0.8667 0.8852 0.9107 0.8713 0.8366 0.8134 0.7926 0.7671 0.7487 0.737 0.7116 0.6954 0.6884 0.6677 0.6514 0.6491 0.6329 0.6167 0.6526 0.6249 0.6157 0.6411 0.6226 0.5972 0.5811 0.5696 0.5488 0.528 0.5211 0.5003 0.4796 0.475 0.4589 0.4381 0.4358 0.4242 0.4034 0.4012
1.0 1.0 0.0 0.2063 0.5889 0.3734 0.0613 0.0153 0.0153 0.65 0.66 0.67 0.68 0.69 0.7 0.71 0.72 0.73 0.74 0.75 0.76 0.77 0.78 0.79 0.8 0.81 0.82 0.83 0.84 0.4574 0.5173 0.4897 0.4551 0.4367 0.4182 0.3952 0.3722 0.3607 0.3422 0.3192 0.3123 0.2984 0.2778 0.2708 0.2639 0.2432 0.2362 0.234 0.2156 0.9037 0.8667 0.8852 0.9107 0.8713 0.8366 0.8134 0.7926 0.7671 0.7487 0.737 0.7116 0.6954 0.6884 0.6677 0.6514 0.6491 0.6329 0.6167 0.6121 0.6249 0.6157 0.6411 0.6226 0.5972 0.5811 0.5696 0.5488 0.528 0.5211 0.5003 0.4796 0.475 0.4589 0.4381 0.4358 0.4242 0.4034 0.4012 0.3966
1.0 1.0 0.0 0.1902 0.582 0.3666 0.0387 0.031 0.0617 0.66 0.67 0.68 0.69 0.7 0.71 0.72 0.73 0.74 0.75 0.76 0.77 0.78 0.79 0.8 0.81 0.82 0.83 0.84 0.85 0.5173 0.4897 0.4551 0.4367 0.4182 0.3952 0.3722 0.3607 0.3422 0.3192 0.3123 0.2984 0.2778 0.2708 0.2639 0.2432 0.2362 0.234 0.2156 0.204 0.8667 0.8852 0.9107 0.8713 0.8366 0.8134 0.7926 0.7671 0.7487 0.737 0.7116 0.6954 0.6884 0.6677 0.6514 0.6491 0.6329 0.6167 0.6121 0.6028 0.6157 0.6411 0.6226 0.5972 0.5811 0.5696 0.5488 0.528 0.5211 0.5003 0.4796 0.475 0.4589 0.4381 0.4358 0.4242 0.4034 0.4012 0.3966 0.3781
1.0 1.0 0.0 0.1787 0.575 0.3504 0.0077 0.0463 0.0157 0.67 0.68 0.69 0.7 0.71 0.72 0.73 0.74 0.75 0.76 0.77 0.78 0.79 0.8 0.81 0.82 0.83 0.84 0.85 0.86 0.4897 0.4551 0.4367 0.4182 0.3952 0.3722 0.3607 0.3422 0.3192 0.3123 0.2984 0.2778 0.2708 0.2639 0.2432 0.2362 0.234 0.2156 0.204 0.2063 0.8852 0.9107 0.8713 0.8366 0.8134 0.7926 0.7671 0.7487 0.737 0.7116 0.6954 0.6884 0.6677 0.6514 0.6491 0.6329 0.6167 0.6121 0.6028 0.5889 0.6411 0.6226 0.5972 0.5811 0.5696 0.5488 0.528 0.5211 0.5003 0.4796 0.475 0.4589 0.4381 0.4358 0.4242 0.4034 0.4012 0.3966 0.3781 0.3734
1.0 1.0 0.0 0.1787 0.5611 0.3436 0.0537 0.023 0.0227 0.68 0.69 0.7 0.71 0.72 0.73 0.74 0.75 0.76 0.77 0.78 0.79 0.8 0.81 0.82 0.83 0.84 0.85 0.86 0.87 0.4551 0.4367 0.4182 0.3952 0.3722 0.3607 0.3422 0.3192 0.3123 0.2984 0.2778 0.2708 0.2639 0.2432 0.2362 0.234 0.2156 0.204 0.2063 0.1902 0.9107 0.8713 0.8366 0.8134 0.7926 0.7671 0.7487 0.737 0.7116 0.6954 0.6884 0.6677 0.6514 0.6491 0.6329 0.6167 0.6121 0.6028 0.5889 0.582 0.6226 0.5972 0.5811 0.5696 0.5488 0.528 0.5211 0.5003 0.4796 0.475 0.4589 0.4381 0.4358 0.4242 0.4034 0.4012 0.3966 0.3781 0.3734 0.3666
1.0 1.0 0.0 0.1649 0.5519 0.3389 0.0383 0.0233 0.054 0.69 0.7 0.71 0.72 0.73 0.74 0.75 0.76 0.77 0.78 0.79 0.8 0.81 0.82 0.83 0.84 0.85 0.86 0.87 0.88 0.4367 0.4182 0.3952 0.3722 0.3607 0.3422 0.3192 0.3123 0.2984 0.2778 0.2708 0.2639 0.2432 0.2362 0.234 0.2156 0.204 0.2063 0.1902 0.1787 0.8713 0.8366 0.8134 0.7926 0.7671 0.7487 0.737 0.7116 0.6954 0.6884 0.6677 0.6514 0.6491 0.6329 0.6167 0.6121 0.6028 0.5889 0.582 0.575 0.5972 0.5811 0.5696 0.5488 0.528 0.5211 0.5003 0.4796 0.475 0.4589 0.4381 0.4358 0.4242 0.4034 0.4012 0.3966 0.3781 0.3734 0.3666 0.3504
1.0 1.0 0.0 0.151 0.5472 0.325 0.0 0.0463 0.0227 0.7 0.71 0.72 0.73 0.74 0.75 0.76 0.77 0.78 0.79 0.8 0.81 0.82 0.83 0.84 0.85 0.86 0.87 0.88 0.89 0.4182 0.3952 0.3722 0.3607 0.3422 0.3192 0.3123 0.2984 0.2778 0.2708 0.2639 0.2432 0.2362 0.234 0.2156 0.204 0.2063 0.1902 0.1787 0.1787 0.8366 0.8134 0.7926 0.7671 0.7487 0.737 0.7116 0.6954 0.6884 0.6677 0.6514 0.6491 0.6329 0.6167 0.6121 0.6028 0.5889 0.582 0.575 0.5611 0.5811 0.5696 0.5488 0.528 0.5211 0.5003 0.4796 0.475 0.4589 0.4381 0.4358 0.4242 0.4034 0.4012 0.3966 0.3781 0.3734 0.3666 0.3504 0.3436
1.0 1.0 0.0 0.1464 0.5333 0.3158 0.046 0.0307 0.0157 0.71 0.72 0.73 0.74 0.75 0.76 0.77 0.78 0.79 0.8 0.81 0.82 0.83 0.84 0.85 0.86 0.87 0.88 0.89 0.9 0.3952 0.3722 0.3607 0.3422 0.3192 0.3123 0.2984 0.2778 0.2708 0.2639 0.2432 0.2362 0.234 0.2156 0.204 0.2063 0.1902 0.1787 0.1787 0.1649 0.8134 0.7926 0.7671 0.7487 0.737 0.7116 0.6954 0.6884 0.6677 0.6514 0.6491 0.6329 0.6167 0.6121 0.6028 0.5889 0.582 0.575 0.5611 0.5519 0.5696 0.5488 0.528 0.5211 0.5003 0.4796 0.475 0.4589 0.4381 0.4358 0.4242 0.4034 0.4012 0.3966 0.3781 0.3734 0.3666 0.3504 0.3436 0.3389
1.0 1.0 0.0 0.1349 0.5264 0.3089 0.0463 0.0157 0.0463 0.72 0.73 0.74 0.75 0.76 0.77 0.78 0.79 0.8 0.81 0.82 0.83 0.84 0.85 0.86 0.87 0.88 0.89 0.9 0.91 0.3722 0.3607 0.3422 0.3192 0.3123 0.2984 0.2778 0.2708 0.2639 0.2432 0.2362 0.234 0.2156 0.204 0.2063 0.1902 0.1787 0.1787 0.1649 0.151 0.7926 0.7671 0.7487 0.737 0.7116 0.6954 0.6884 0.6677 0.6514 0.6491 0.6329 0.6167 0.6121 0.6028 0.5889 0.582 0.575 0.5611 0.5519 0.5472 0.5488 0.528 0.5211 0.5003 0.4796 0.475 0.4589 0.4381 0.4358 0.4242 0.4034 0.4012 0.3966 0.3781 0.3734 0.3666 0.3504 0.3436 0.3389 0.325
1.0 1.0 0.0 0.1257 0.5172 0.2973 0.0153 0.0463 0.0307 0.73 0.74 0.75 0.76 0.77 0.78 0.79 0.8 0.81 0.82 0.83 0.84 0.85 0.86 0.87 0.88 0.89 0.9 0.91 0.92 0.3607 0.3422 0.3192 0.3123 0.2984 0.2778 0.2708 0.2639 0.2432 0.2362 0.234 0.2156 0.204 0.2063 0.1902 0.1787 0.1787 0.1649 0.151 0.1464 0.7671 0.7487 0.737 0.7116 0.6954 0.6884 0.6677 0.6514 0.6491 0.6329 0.6167 0.6121 0.6028 0.5889 0.582 0.575 0.5611 0.5519 0.5472 0.5333 0.528 0.5211 0.5003 0.4796 0.475 0.4589 0.4381 0.4358 0.4242 0.4034 0.4012 0.3966 0.3781 0.3734 0.3666 0.3504 0.3436 0.3389 0.325 0.3158
1.0 1.0 0.0 0.1188 0.5079 0.2881 0.0383 0.023 0.023 0.74 0.75 0.76 0.77 0.78 0.79 0.8 0.81 0.82 0.83 0.84 0.85 0.86 0.87 0.88 0.89 0.9 0.91 0.92 0.93 0.3422 0.3192 0.3123 0.2984 0.2778 0.2708 0.2639 0.2432 0.2362 0.234 0.2156 0.204 0.2063 0.1902 0.1787 0.1787 0.1649 0.151 0.1464 0.1349 0.7487 0.737 0.7116 0.6954 0.6884 0.6677 0.6514 0.6491 0.6329 0.6167 0.6121 0.6028 0.5889 0.582 0.575 0.5611 0.5519 0.5472 0.5333 0.5264 0.5211 0.5003 0.4796 0.475 0.4589 0.4381 0.4358 0.4242 0.4034 0.4012 0.3966 0.3781 0.3734 0.3666 0.3504 0.3436 0.3389 0.325 0.3158 0.3089
1.0 1.0 0.0 0.1096 0.501 0.2836 0.0307 0.0307 0.0387 0.75 0.76 0.77 0.78 0.79 0.8 0.81 0.82 0.83 0.84 0.85 0.86 0.87 0.88 0.89 0.9 0.91 0.92 0.93 0.94 0.3192 0.3123 0.2984 0.2778 0.2708 0.2639 0.2432 0.2362 0.234 0.2156 0.204 0.2063 0.1902 0.1787 0.1787 0.1649 0.151 0.1464 0.1349 0.1257 0.737 0.7116 0.6954 0.6884 0.6677 0.6514 0.6491 0.6329 0.6167 0.6121 0.6028 0.5889 0.582 0.575 0.5611 0.5519 0.5472 0.5333 0.5264 0.5172 0.5003 0.4796 0.475 0.4589 0.4381 0.4358 0.4242 0.4034 0.4012 0.3966 0.3781 0.3734 0.3666 0.3504 0.3436 0.3389 0.325 0.3158 0.3089 0.2973
1.0 1.0 0.0 0.1027 0.4917 0.2743 0.023 0.031 0.0307 0.76 0.77 0.78 0.79 0.8 0.81 0.82 0.83 0.84 0.85 0.86 0.87 0.88 0.89 0.9 0.91 0.92 0.93 0.94 0.95 0.3123 0.2984 0.2778 0.2708 0.2639 0.2432 0.2362 0.234 0.2156 0.204 0.2063 0.1902 0.1787 0.1787 0.1649 0.151 0.1464 0.1349 0.1257 0.1188 0.7116 0.6954 0.6884 0.6677 0.6514 0.6491 0.6329 0.6167 0.6121 0.6028 0.5889 0.582 0.575 0.5611 0.5519 0.5472 0.5333 0.5264 0.5172 0.5079 0.4796 0.475 0.4589 0.4381 0.4358 0.4242 0.4034 0.4012 0.3966 0.3781 0.3734 0.3666 0.3504 0.3436 0.3389 0.325 0.3158 0.3089 0.2973 0.2881
1.0 1.0 0.0 0.0934 0.4848 0.2651 0.0307 0.023 0.015 0.77 0.78 0.79 0.8 0.81 0.82 0.83 0.84 0.85 0.86 0.87 0.88 0.89 0.9 0.91 0.92 0.93 0.94 0.95 0.96 0.2984 0.2778 0.2708 0.2639 0.2432 0.2362 0.234 0.2156 0.204 0.2063 0.1902 0.1787 0.1787 0.1649 0.151 0.1464 0.1349 0.1257 0.1188 0.1096 0.6954 0.6884 0.6677 0.6514 0.6491 0.6329 0.6167 0.6121 0.6028 0.5889 0.582 0.575 0.5611 0.5519 0.5472 0.5333 0.5264 0.5172 0.5079 0.501 0.475 0.4589 0.4381 0.4358 0.4242 0.4034 0.4012 0.3966 0.3781 0.3734 0.3666 0.3504 0.3436 0.3389 0.325 0.3158 0.3089 0.2973 0.2881 0.2836
1.0 1.0 0.0 0.0889 0.5311 0.272 0.023 0.031 0.031 0.78 0.79 0.8 0.81 0.82 0.83 0.84 0.85 0.86 0.87 0.88 0.89 0.9 0.91 0.92 0.93 0.94 0.95 0.96 0.97 0.2778 0.2708 0.2639 0.2432 0.2362 0.234 0.2156 0.204 0.2063 0.1902 0.1787 0.1787 0.1649 0.151 0.1464 0.1349 0.1257 0.1188 0.1096 0.1027 0.6884 0.6677 0.6514 0.6491 0.6329 0.6167 0.6121 0.6028 0.5889 0.582 0.575 0.5611 0.5519 0.5472 0.5333 0.5264 0.5172 0.5079 0.501 0.4917 0.4589 0.4381 0.4358 0.4242 0.4034 0.4012 0.3966 0.3781 0.3734 0.3666 0.3504 0.3436 0.3389 0.325 0.3158 0.3089 0.2973 0.2881 0.2836 0.2743
1.0 1.0 0.0 0.1327 0.5241 0.2673 0.031 0.023 0.0307 0.79 0.8 0.81 0.82 0.83 0.84 0.85 0.86 0.87 0.88 0.89 0.9 0.91 0.92 0.93 0.94 0.95 0.96 0.97 0.0 0.2708 0.2639 0.2432 0.2362 0.234 0.2156 0.204 0.2063 0.1902 0.1787 0.1787 0.1649 0.151 0.1464 0.1349 0.1257 0.1188 0.1096 0.1027 0.0934 0.6677 0.6514 0.6491 0.6329 0.6167 0.6121 0.6028 0.5889 0.582 0.575 0.5611 0.5519 0.5472 0.5333 0.5264 0.5172 0.5079 0.501 0.4917 0.4848 0.4381 0.4358 0.4242 0.4034 0.4012 0.3966 0.3781 0.3734 0.3666 0.3504 0.3436 0.3389 0.325 0.3158 0.3089 0.2973 0.2881 0.2836 0.2743 0.2651
1.0 1.0 0.0 0.1971 0.5102 0.3342 0.015 0.1543 0.023 0.8 0.81 0.82 0.83 0.84 0.85 0.86 0.87 0.88 0.89 0.9 0.91 0.92 0.93 0.94 0.95 0.96 0.97 0.0 0.01 0.2639 0.2432 0.2362 0.234 0.2156 0.204 0.2063 0.1902 0.1787 0.1787 0.1649 0.151 0.1464 0.1349 0.1257 0.1188 0.1096 0.1027 0.0934 0.0889 0.6514 0.6491 0.6329 0.6167 0.6121 0.6028 0.5889 0.582 0.575 0.5611 0.5519 0.5472 0.5333 0.5264 0.5172 0.5079 0.501 0.4917 0.4848 0.5311 0.4358 0.4242 0.4034 0.4012 0.3966 0.3781 0.3734 0.3666 0.3504 0.3436 0.3389 0.325 0.3158 0.3089 0.2973 0.2881 0.2836 0.2743 0.2651 0.272
1.0 1.0 0.0 0.1694 0.5797 0.362 0.146 0.0233 0.0157 0.81 0.82 0.83 0.84 0.85 0.86 0.87 0.88 0.89 0.9 0.91 0.92 0.93 0.94 0.95 0.96 0.97 0.0 0.01 0.02 0.2432 0.2362 0.234 0.2156 0.204 0.2063 0.1902 0.1787 0.1787 0.1649 0.151 0.1464 0.1349 0.1257 0.1188 0.1096 0.1027 0.0934 0.0889 0.1327 0.6491 0.6329 0.6167 0.6121 0.6028 0.5889 0.582 0.575 0.5611 0.5519 0.5472 0.5333 0.5264 0.5172 0.5079 0.501 0.4917 0.4848 0.5311 0.5241 0.4242 0.4034 0.4012 0.3966 0.3781 0.3734 0.3666 0.3504 0.3436 0.3389 0.325 0.3158 0.3089 0.2973 0.2881 0.2836 0.2743 0.2651 0.272 0.2673
1.0 1.0 0.0 0.1763 0.575 0.332 0.2147 0.0463 0.223 0.82 0.83 0.84 0.85 0.86 0.87 0.88 0.89 0.9 0.91 0.92 0.93 0.94 0.95 0.96 0.97 0.0 0.01 0.02 0.03 0.2362 0.234 0.2156 0.204 0.2063 0.1902 0.1787 0.1787 0.1649 0.151 0.1464 0.1349 0.1257 0.1188 0.1096 0.1027 0.0934 0.0889 0.1327 0.1971 0.6329 0.6167 0.6121 0.6028 0.5889 0.582 0.575 0.5611 0.5519 0.5472 0.5333 0.5264 0.5172 0.5079 0.501 0.4917 0.4848 0.5311 0.5241 0.5102 0.4034 0.4012 0.3966 0.3781 0.3734 0.3666 0.3504 0.3436 0.3389 0.325 0.3158 0.3089 0.2973 0.2881 0.2836 0.2743 0.2651 0.272 0.2673 0.3342
1.0 1.0 0.0 0.2593 0.5519 0.3689 0.0923 0.2317 0.0927 0.83 0.84 0.85 0.86 0.87 0.88 0.89 0.9 0.91 0.92 0.93 0.94 0.95 0.96 0.97 0.0 0.01 0.02 0.03 0.04 0.234 0.2156 0.204 0.2063 0.1902 0.1787 0.1787 0.1649 0.151 0.1464 0.1349 0.1257 0.1188 0.1096 0.1027 0.0934 0.0889 0.1327 0.1971 0.1694 0.6167 0.6121 0.6028 0.5889 0.582 0.575 0.5611 0.5519 0.5472 0.5333 0.5264 0.5172 0.5079 0.501 0.4917 0.4848 0.5311 0.5241 0.5102 0.5797 0.4012 0.3966 0.3781 0.3734 0.3666 0.3504 0.3436 0.3389 0.325 0.3158 0.3089 0.2973 0.2881 0.2836 0.2743 0.2651 0.272 0.2673 0.3342 0.362
1.0 1.0 0.0 0.2271 0.6074 0.4173 0.023 0.0157 0.1 0.84 0.85 0.86 0.87 0.88 0.89 0.9 0.91 0.92 0.93 0.94 0.95 0.96 0.97 0.0 0.01 0.02 0.03 0.04 0.05 0.2156 0.204 0.2063 0.1902 0.1787 0.1787 0.1649 0.151 0.1464 0.1349 0.1257 0.1188 0.1096 0.1027 0.0934 0.0889 0.1327 0.1971 0.1694 0.1763 0.6121 0.6028 0.5889 0.582 0.575 0.5611 0.5519 0.5472 0.5333 0.5264 0.5172 0.5079 0.501 0.4917 0.4848 0.5311 0.5241 0.5102 0.5797 0.575 0.3966 0.3781 0.3734 0.3666 0.3504 0.3436 0.3389 0.325 0.3158 0.3089 0.2973 0.2881 0.2836 0.2743 0.2651 0.272 0.2673 0.3342 0.362 0.332
1.0 1.0 0.0 0.2063 0.6237 0.3758 0.2767 0.077 0.123 0.85 0.86 0.87 0.88 0.89 0.9 0.91 0.92 0.93 0.94 0.95 0.96 0.97 0.0 0.01 0.02 0.03 0.04 0.05 0.06 0.204 0.2063 0.1902 0.1787 0.1787 0.1649 0.151 0.1464 0.1349 0.1257 0.1188 0.1096 0.1027 0.0934 0.0889 0.1327 0.1971 0.1694 0.1763 0.2593 0.6028 0.5889 0.582 0.575 0.5611 0.5519 0.5472 0.5333 0.5264 0.5172 0.5079 0.501 0.4917 0.4848 0.5311 0.5241 0.5102 0.5797 0.575 0.5519 0.3781 0.3734 0.3666 0.3504 0.3436 0.3389 0.325 0.3158 0.3089 0.2973 0.2881 0.2836 0.2743 0.2651 0.272 0.2673 0.3342 0.362 0.332 0.3689
1.0 1.0 0.0 0.2961 0.5936 0.3758 0.1073 0.185 0.1613 0.86 0.87 0.88 0.89 0.9 0.91 0.92 0.93 0.94 0.95 0.96 0.97 0.0 0.01 0.02 0.03 0.04 0.05 0.06 0.07 0.2063 0.1902 0.1787 0.1787 0.1649 0.151 0.1464 0.1349 0.1257 0.1188 0.1096 0.1027 0.0934 0.0889 0.1327 0.1971 0.1694 0.1763 0.2593 0.2271 0.5889 0.582 0.575 0.5611 0.5519 0.5472 0.5333 0.5264 0.5172 0.5079 0.501 0.4917 0.4848 0.5311 0.5241 0.5102 0.5797 0.575 0.5519 0.6074 0.3734 0.3666 0.3504 0.3436 0.3389 0.325 0.3158 0.3089 0.2973 0.2881 0.2836 0.2743 0.2651 0.272 0.2673 0.3342 0.362 0.332 0.3689 0.4173
1.0 1.0 0.0 0.2731 0.6143 0.4496 0.0693 0.0543 0.1383 0.87 0.88 0.89 0.9 0.91 0.92 0.93 0.94 0.95 0.96 0.97 0.0 0.01 0.02 0.03 0.04 0.05 0.06 0.07 0.08 0.1902 0.1787 0.1787 0.1649 0.151 0.1464 0.1349 0.1257 0.1188 0.1096 0.1027 0.0934 0.0889 0.1327 0.1971 0.1694 0.1763 0.2593 0.2271 0.2063 0.582 0.575 0.5611 0.5519 0.5472 0.5333 0.5264 0.5172 0.5079 0.501 0.4917 0.4848 0.5311 0.5241 0.5102 0.5797 0.575 0.5519 0.6074 0.6237 0.3666 0.3504 0.3436 0.3389 0.325 0.3158 0.3089 0.2973 0.2881 0.2836 0.2743 0.2651 0.272 0.2673 0.3342 0.362 0.332 0.3689 0.4173 0.3758
1.0 1.0 0.0 0.2386 0.6677 0.4081 0.2993 0.1003 0.0 0.88 0.89 0.9 0.91 0.92 0.93 0.94 0.95 0.96 0.97 0.0 0.01 0.02 0.03 0.04 0.05 0.06 0.07 0.08 0.09 0.1787 0.1787 0.1649 0.151 0.1464 0.1349 0.1257 0.1188 0.1096 0.1027 0.0934 0.0889 0.1327 0.1971 0.1694 0.1763 0.2593 0.2271 0.2063 0.2961 0.575 0.5611 0.5519 0.5472 0.5333 0.5264 0.5172 0.5079 0.501 0.4917 0.4848 0.5311 0.5241 0.5102 0.5797 0.575 0.5519 0.6074 0.6237 0.5936 0.3504 0.3436 0.3389 0.325 0.3158 0.3089 0.2973 0.2881 0.2836 0.2743 0.2651 0.272 0.2673 0.3342 0.362 0.332 0.3689 0.4173 0.3758 0.3758
1.0 1.0 0.0 0.3053 0.6282 0.3827 0.0767 0.069 0.246 0.89 0.9 0.91 0.92 0.93 0.94 0.95 0.96 0.97 0.0 0.01 0.02 0.03 0.04 0.05 0.06 0.07 0.08 0.09 0.1 0.1787 0.1649 0.151 0.1464 0.1349 0.1257 0.1188 0.1096 0.1027 0.0934 0.0889 0.1327 0.1971 0.1694 0.1763 0.2593 0.2271 0.2063 0.2961 0.2731 0.5611 0.5519 0.5472 0.5333 0.5264 0.5172 0.5079 0.501 0.4917 0.4848 0.5311 0.5241 0.5102 0.5797 0.575 0.5519 0.6074 0.6237 0.5936 0.6143 0.3436 0.3389 0.325 0.3158 0.3089 0.2973 0.2881 0.2836 0.2743 0.2651 0.272 0.2673 0.3342 0.362 0.332 0.3689 0.4173 0.3758 0.3758 0.4496
1.0 1.0 0.0 0.3077 0.6213 0.4611 0.115 0.178 0.1383 0.9 0.91 0.92 0.93 0.94 0.95 0.96 0.97 0.0 0.01 0.02 0.03 0.04 0.05 0.06 0.07 0.08 0.09 0.1 0.11 0.1649 0.151 0.1464 0.1349 0.1257 0.1188 0.1096 0.1027 0.0934 0.0889 0.1327 0.1971 0.1694 0.1763 0.2593 0.2271 0.2063 0.2961 0.2731 0.2386 0.5519 0.5472 0.5333 0.5264 0.5172 0.5079 0.501 0.4917 0.4848 0.5311 0.5241 0.5102 0.5797 0.575 0.5519 0.6074 0.6237 0.5936 0.6143 0.6677 0.3389 0.325 0.3158 0.3089 0.2973 0.2881 0.2836 0.2743 0.2651 0.272 0.2673 0.3342 0.362 0.332 0.3689 0.4173 0.3758 0.3758 0.4496 0.4081
1.0 1.0 0.0 0.2686 0.6954 0.4381 0.2223 0.1317 0.0847 0.91 0.92 0.93 0.94 0.95 0.96 0.97 0.0 0.01 0.02 0.03 0.04 0.05 0.06 0.07 0.08 0.09 0.1 0.11 0.12 0.151 0.1464 0.1349 0.1257 0.1188 0.1096 0.1027 0.0934 0.0889 0.1327 0.1971 0.1694 0.1763 0.2593 0.2271 0.2063 0.2961 0.2731 0.2386 0.3053 0.5472 0.5333 0.5264 0.5172 0.5079 0.501 0.4917 0.4848 0.5311 0.5241 0.5102 0.5797 0.575 0.5519 0.6074 0.6237 0.5936 0.6143 0.6677 0.6282 0.325 0.3158 0.3089 0.2973 0.2881 0.2836 0.2743 0.2651 0.272 0.2673 0.3342 0.362 0.332 0.3689 0.4173 0.3758 0.3758 0.4496 0.4081 0.3827
1.0 1.0 0.0 0.2984 0.6653 0.4081 0.008 0.023 0.2613 0.92 0.93 0.94 0.95 0.96 0.97 0.0 0.01 0.02 0.03 0.04 0.05 0.06 0.07 0.08 0.09 0.1 0.11 0.12 0.13 0.1464 0.1349 0.1257 0.1188 0.1096 0.1027 0.0934 0.0889 0.1327 0.1971 0.1694 0.1763 0.2593 0.2271 0.2063 0.2961 0.2731 0.2386 0.3053 0.3077 0.5333 0.5264 0.5172 0.5079 0.501 0.4917 0.4848 0.5311 0.5241 0.5102 0.5797 0.575 0.5519 0.6074 0.6237 0.5936 0.6143 0.6677 0.6282 0.6213 0.3158 0.3089 0.2973 0.2881 0.2836 0.2743 0.2651 0.272 0.2673 0.3342 0.362 0.332 0.3689 0.4173 0.3758 0.3758 0.4496 0.4081 0.3827 0.4611
1.0 1.0 0.0 0.3353 0.6421 0.4496 0.1303 0.247 0.0767 0.93 0.94 0.95 0.96 0.97 0.0 0.01 0.02 0.03 0.04 0.05 0.06 0.07 0.08 0.09 0.1 0.11 0.12 0.13 0.14 0.1349 0.1257 0.1188 0.1096 0.1027 0.0934 0.0889 0.1327 0.1971 0.1694 0.1763 0.2593 0.2271 0.2063 0.2961 0.2731 0.2386 0.3053 0.3077 0.2686 0.5264 0.5172 0.5079 0.501 0.4917 0.4848 0.5311 0.5241 0.5102 0.5797 0.575 0.5519 0.6074 0.6237 0.5936 0.6143 0.6677 0.6282 0.6213 0.6954 0.3089 0.2973 0.2881 0.2836 0.2743 0.2651 0.272 0.2673 0.3342 0.362 0.332 0.3689 0.4173 0.3758 0.3758 0.4496 0.4081 0.3827 0.4611 0.4381
1.0 1.0 0.0 0.2961 0.7 0.4681 0.0993 0.1003 0.1 0.94 0.95 0.96 0.97 0.0 0.01 0.02 0.03 0.04 0.05 0.06 0.07 0.08 0.09 0.1 0.11 0.12 0.13 0.14 0.15 0.1257 0.1188 0.1096 0.1027 0.0934 0.0889 0.1327 0.1971 0.1694 0.1763 0.2593 0.2271 0.2063 0.2961 0.2731 0.2386 0.3053 0.3077 0.2686 0.2984 0.5172 0.5079 0.501 0.4917 0.4848 0.5311 0.5241 0.5102 0.5797 0.575 0.5519 0.6074 0.6237 0.5936 0.6143 0.6677 0.6282 0.6213 0.6954 0.6653 0.2973 0.2881 0.2836 0.2743 0.2651 0.272 0.2673 0.3342 0.362 0.332 0.3689 0.4173 0.3758 0.3758 0.4496 0.4081 0.3827 0.4611 0.4381 0.4081
1.0 1.0 0.0 0.287 0.707 0.4381 0.123 0.0773 0.1383 0.95 0.96 0.97 0.0 0.01 0.02 0.03 0.04 0.05 0.06 0.07 0.08 0.09 0.1 0.11 0.12 0.13 0.14 0.15 0.16 0.1188 0.1096 0.1027 0.0934 0.0889 0.1327 0.1971 0.1694 0.1763 0.2593 0.2271 0.2063 0.2961 0.2731 0.2386 0.3053 0.3077 0.2686 0.2984 0.3353 0.5079 0.501 0.4917 0.4848 0.5311 0.5241 0.5102 0.5797 0.575 0.5519 0.6074 0.6237 0.5936 0.6143 0.6677 0.6282 0.6213 0.6954 0.6653 0.6421 0.2881 0.2836 0.2743 0.2651 0.272 0.2673 0.3342 0.362 0.332 0.3689 0.4173 0.3758 0.3758 0.4496 0.4081 0.3827 0.4611 0.4381 0.4081 0.4496
1.0 1.0 0.0 0.3491 0.6769 0.4403 0.1307 0.193 0.0617 0.96 0.97 0.0 0.01 0.02 0.03 0.04 0.05 0.06 0.07 0.08 0.09 0.1 0.11 0.12 0.13 0.14 0.15 0.16 0.17 0.1096 0.1027 0.0934 0.0889 0.1327 0.1971 0.1694 0.1763 0.2593 0.2271 0.2063 0.2961 0.2731 0.2386 0.3053 0.3077 0.2686 0.2984 0.3353 0.2961 0.501 0.4917 0.4848 0.5311 0.5241 0.5102 0.5797 0.575 0.5519 0.6074 0.6237 0.5936 0.6143 0.6677 0.6282 0.6213 0.6954 0.6653 0.6421 0.7 0.2836 0.2743 0.2651 0.272 0.2673 0.3342 0.362 0.332 0.3689 0.4173 0.3758 0.3758 0.4496 0.4081 0.3827 0.4611 0.4381 0.4081 0.4496 0.4681
1.0 1.0 0.0 0.3192 0.7023 0.4934 0.0303 0.0233 0.1 0.97 0.0 0.01 0.02 0.03 0.04 0.05 0.06 0.07 0.08 0.09 0.1 0.11 0.12 0.13 0.14 0.15 0.16 0.17 0.18 0.1027 0.0934 0.0889 0.1327 0.1971 0.1694 0.1763 0.2593 0.2271 0.2063 0.2961 0.2731 0.2386 0.3053 0.3077 0.2686 0.2984 0.3353 0.2961 0.287 0.4917 0.4848 0.5311 0.5241 0.5102 0.5797 0.575 0.5519 0.6074 0.6237 0.5936 0.6143 0.6677 0.6282 0.6213 0.6954 0.6653 0.6421 0.7 0.707 0.2743 0.2651 0.272 0.2673 0.3342 0.362 0.332 0.3689 0.4173 0.3758 0.3758 0.4496 0.4081 0.3827 0.4611 0.4381 0.4081 0.4496 0.4681 0.4381
1.0 1.0 0.0 0.3031 0.7417 0.4658 0.207 0.1003 0.0073 0.0 0.01 0.02 0.03 0.04 0.05 0.06 0.07 0.08 0.09 0.1 0.11 0.12 0.13 0.14 0.15 0.16 0.17 0.18 0.19 0.0934 0.0889 0.1327 0.1971 0.1694 0.1763 0.2593 0.2271 0.2063 0.2961 0.2731 0.2386 0.3053 0.3077 0.2686 0.2984 0.3353 0.2961 0.287 0.3491 0.4848 0.5311 0.5241 0.5102 0.5797 0.575 0.5519 0.6074 0.6237 0.5936 0.6143 0.6677 0.6282 0.6213 0.6954 0.6653 0.6421 0.7 0.707 0.6769 0.2651 0.272 0.2673 0.3342 0.362 0.332 0.3689 0.4173 0.3758 0.3758 0.4496 0.4081 0.3827 0.4611 0.4381 0.4081 0.4496 0.4681 0.4381 0.4403
1.0 1.0 0.0 0.3422 0.7186 0.4658 0.0997 0.0847 0.177 0.01 0.02 0.03 0.04 0.05 0.06 0.07 0.08 0.09 0.1 0.11 0.12 0.13 0.14 0.15 0.16 0.17 0.18 0.19 0.2 0.0889 0.1327 0.1971 0.1694 0.1763 0.2593 0.2271 0.2063 0.2961 0.2731 0.2386 0.3053 0.3077 0.2686 0.2984 0.3353 0.2961 0.287 0.3491 0.3192 0.5311 0.5241 0.5102 0.5797 0.575 0.5519 0.6074 0.6237 0.5936 0.6143 0.6677 0.6282 0.6213 0.6954 0.6653 0.6421 0.7 0.707 0.6769 0.7023 0.272 0.2673 0.3342 0.362 0.332 0.3689 0.4173 0.3758 0.3758 0.4496 0.4081 0.3827 0.4611 0.4381 0.4081 0.4496 0.4681 0.4381 0.4403 0.4934
1.0 1.0 0.0 0.3652 0.7186 0.4958 0.0537 0.1313 0.092 0.02 0.03 0.04 0.05 0.06 0.07 0.08 0.09 0.1 0.11 0.12 0.13 0.14 0.15 0.16 0.17 0.18 0.19 0.2 0.21 0.1327 0.1971 0.1694 0.1763 0.2593 0.2271 0.2063 0.2961 0.2731 0.2386 0.3053 0.3077 0.2686 0.2984 0.3353 0.2961 0.287 0.3491 0.3192 0.3031 0.5241 0.5102 0.5797 0.575 0.5519 0.6074 0.6237 0.5936 0.6143 0.6677 0.6282 0.6213 0.6954 0.6653 0.6421 0.7 0.707 0.6769 0.7023 0.7417 0.2673 0.3342 0.362 0.332 0.3689 0.4173 0.3758 0.3758 0.4496 0.4081 0.3827 0.4611 0.4381 0.4081 0.4496 0.4681 0.4381 0.4403 0.4934 0.4658
1.0 1.0 0.0 0.3422 0.7694 0.5211 0.1303 0.077 0.0 0.03 0.04 0.05 0.06 0.07 0.08 0.09 0.1 0.11 0.12 0.13 0.14 0.15 0.16 0.17 0.18 0.19 0.2 0.21 0.22 0.1971 0.1694 0.1763 0.2593 0.2271 0.2063 0.2961 0.2731 0.2386 0.3053 0.3077 0.2686 0.2984 0.3353 0.2961 0.287 0.3491 0.3192 0.3031 0.3422 0.5102 0.5797 0.575 0.5519 0.6074 0.6237 0.5936 0.6143 0.6677 0.6282 0.6213 0.6954 0.6653 0.6421 0.7 0.707 0.6769 0.7023 0.7417 0.7186 0.3342 0.362 0.332 0.3689 0.4173 0.3758 0.3758 0.4496 0.4081 0.3827 0.4611 0.4381 0.4081 0.4496 0.4681 0.4381 0.4403 0.4934 0.4658 0.4658
1.0 1.0 0.0 0.3538 0.7741 0.5072 0.0767 0.0 0.1 0.04 0.05 0.06 0.07 0.08 0.09 0.1 0.11 0.12 0.13 0.14 0.15 0.16 0.17 0.18 0.19 0.2 0.21 0.22 0.23 0.1694 0.1763 0.2593 0.2271 0.2063 0.2961 0.2731 0.2386 0.3053 0.3077 0.2686 0.2984 0.3353 0.2961 0.287 0.3491 0.3192 0.3031 0.3422 0.3652 0.5797 0.575 0.5519 0.6074 0.6237 0.5936 0.6143 0.6677 0.6282 0.6213 0.6954 0.6653 0.6421 0.7 0.707 0.6769 0.7023 0.7417 0.7186 0.7186 0.362 0.332 0.3689 0.4173 0.3758 0.3758 0.4496 0.4081 0.3827 0.4611 0.4381 0.4081 0.4496 0.4681 0.4381 0.4403 0.4934 0.4658 0.4658 0.4958
1.0 1.0 0.0 0.4044 0.7579 0.5258 0.0767 0.1693 0.0843 0.05 0.06 0.07 0.08 0.09 0.1 0.11 0.12 0.13 0.14 0.15 0.16 0.17 0.18 0.19 0.2 0.21 0.22 0.23 0.24 0.1763 0.2593 0.2271 0.2063 0.2961 0.2731 0.2386 0.3053 0.3077 0.2686 0.2984 0.3353 0.2961 0.287 0.3491 0.3192 0.3031 0.3422 0.3652 0.3422 0.575 0.5519 0.6074 0.6237 0.5936 0.6143 0.6677 0.6282 0.6213 0.6954 0.6653 0.6421 0.7 0.707 0.6769 0.7023 0.7417 0.7186 0.7186 0.7694 0.332 0.3689 0.4173 0.3758 0.3758 0.4496 0.4081 0.3827 0.4611 0.4381 0.4081 0.4496 0.4681 0.4381 0.4403 0.4934 0.4658 0.4658 0.4958 0.5211
1.0 1.0 0.0 0.4044 0.7764 0.5788 0.0387 0.0157 0.0463 0.06 0.07 0.08 0.09 0.1 0.11 0.12 0.13 0.14 0.15 0.16 0.17 0.18 0.19 0.2 0.21 0.22 0.23 0.24 0.25 0.2593 0.2271 0.2063 0.2961 0.2731 0.2386 0.3053 0.3077 0.2686 0.2984 0.3353 0.2961 0.287 0.3491 0.3192 0.3031 0.3422 0.3652 0.3422 0.3538 0.5519 0.6074 0.6237 0.5936 0.6143 0.6677 0.6282 0.6213 0.6954 0.6653 0.6421 0.7 0.707 0.6769 0.7023 0.7417 0.7186 0.7186 0.7694 0.7741 0.3689 0.4173 0.3758 0.3758 0.4496 0.4081 0.3827 0.4611 0.4381 0.4081 0.4496 0.4681 0.4381 0.4403 0.4934 0.4658 0.4658 0.4958 0.5211 0.5072
1.0 1.0 0.0 0.3998 0.8366 0.5557 0.1687 0.054 0.062 0.07 0.08 0.09 0.1 0.11 0.12 0.13 0.14 0.15 0.16 0.17 0.18 0.19 0.2 0.21 0.22 0.23 0.24 0.25 0.26 0.2271 0.2063 0.2961 0.2731 0.2386 0.3053 0.3077 0.2686 0.2984 0.3353 0.2961 0.287 0.3491 0.3192 0.3031 0.3422 0.3652 0.3422 0.3538 0.4044 0.6074 0.6237 0.5936 0.6143 0.6677 0.6282 0.6213 0.6954 0.6653 0.6421 0.7 0.707 0.6769 0.7023 0.7417 0.7186 0.7186 0.7694 0.7741 0.7579 0.4173 0.3758 0.3758 0.4496 0.4081 0.3827 0.4611 0.4381 0.4081 0.4496 0.4681 0.4381 0.4403 0.4934 0.4658 0.4658 0.4958 0.5211 0.5072 0.5258
1.0 1.0 0.0 0.4459 0.8042 0.5557 0.0 0.0617 0.1767 0.08 0.09 0.1 0.11 0.12 0.13 0.14 0.15 0.16 0.17 0.18 0.19 0.2 0.21 0.22 0.23 0.24 0.25 0.26 0.27 0.2063 0.2961 0.2731 0.2386 0.3053 0.3077 0.2686 0.2984 0.3353 0.2961 0.287 0.3491 0.3192 0.3031 0.3422 0.3652 0.3422 0.3538 0.4044 0.4044 0.6237 0.5936 0.6143 0.6677 0.6282 0.6213 0.6954 0.6653 0.6421 0.7 0.707 0.6769 0.7023 0.7417 0.7186 0.7186 0.7694 0.7741 0.7579 0.7764 0.3758 0.3758 0.4496 0.4081 0.3827 0.4611 0.4381 0.4081 0.4496 0.4681 0.4381 0.4403 0.4934 0.4658 0.4658 0.4958 0.5211 0.5072 0.5258 0.5788
1.0 1.0 0.0 0.4643 0.8019 0.6111 0.0153 0.2007 0.077 0.09 0.1 0.11 0.12 0.13 0.14 0.15 0.16 0.17 0.18 0.19 0.2 0.21 0.22 0.23 0.24 0.25 0.26 0.27 0.28 0.2961 0.2731 0.2386 0.3053 0.3077 0.2686 0.2984 0.3353 0.2961 0.287 0.3491 0.3192 0.3031 0.3422 0.3652 0.3422 0.3538 0.4044 0.4044 0.3998 0.5936 0.6143 0.6677 0.6282 0.6213 0.6954 0.6653 0.6421 0.7 0.707 0.6769 0.7023 0.7417 0.7186 0.7186 0.7694 0.7741 0.7579 0.7764 0.8366 0.3758 0.4496 0.4081 0.3827 0.4611 0.4381 0.4081 0.4496 0.4681 0.4381 0.4403 0.4934 0.4658 0.4658 0.4958 0.5211 0.5072 0.5258 0.5788 0.5557
1.0 1.0 0.0 0.439 0.8597 0.6041 0.1537 0.108 0.0 0.1 0.11 0.12 0.13 0.14 0.15 0.16 0.17 0.18 0.19 0.2 0.21 0.22 0.23 0.24 0.25 0.26 0.27 0.28 0.29 0.2731 0.2386 0.3053 0.3077 0.2686 0.2984 0.3353 0.2961 0.287 0.3491 0.3192 0.3031 0.3422 0.3652 0.3422 0.3538 0.4044 0.4044 0.3998 0.4459 0.6143 0.6677 0.6282 0.6213 0.6954 0.6653 0.6421 0.7 0.707 0.6769 0.7023 0.7417 0.7186 0.7186 0.7694 0.7741 0.7579 0.7764 0.8366 0.8042 0.4496 0.4081 0.3827 0.4611 0.4381 0.4081 0.4496 0.4681 0.4381 0.4403 0.4934 0.4658 0.4658 0.4958 0.5211 0.5072 0.5258 0.5788 0.5557 0.5557
1.0 1.0 0.0 0.4528 0.8297 0.5834 0.0613 0.0077 0.1847 0.11 0.12 0.13 0.14 0.15 0.16 0.17 0.18 0.19 0.2 0.21 0.22 0.23 0.24 0.25 0.26 0.27 0.28 0.29 0.3 0.2386 0.3053 0.3077 0.2686 0.2984 0.3353 0.2961 0.287 0.3491 0.3192 0.3031 0.3422 0.3652 0.3422 0.3538 0.4044 0.4044 0.3998 0.4459 0.4643 0.6677 0.6282 0.6213 0.6954 0.6653 0.6421 0.7 0.707 0.6769 0.7023 0.7417 0.7186 0.7186 0.7694 0.7741 0.7579 0.7764 0.8366 0.8042 0.8019 0.4081 0.3827 0.4611 0.4381 0.4081 0.4496 0.4681 0.4381 0.4403 0.4934 0.4658 0.4658 0.4958 0.5211 0.5072 0.5258 0.5788 0.5557 0.5557 0.6111
1.0 1.0 0.0 0.4942 0.8134 0.6226 0.0843 0.1927 0.0233 0.12 0.13 0.14 0.15 0.16 0.17 0.18 0.19 0.2 0.21 0.22 0.23 0.24 0.25 0.26 0.27 0.28 0.29 0.3 0.31 0.3053 0.3077 0.2686 0.2984 0.3353 0.2961 0.287 0.3491 0.3192 0.3031 0.3422 0.3652 0.3422 0.3538 0.4044 0.4044 0.3998 0.4459 0.4643 0.439 0.6282 0.6213 0.6954 0.6653 0.6421 0.7 0.707 0.6769 0.7023 0.7417 0.7186 0.7186 0.7694 0.7741 0.7579 0.7764 0.8366 0.8042 0.8019 0.8597 0.3827 0.4611 0.4381 0.4081 0.4496 0.4681 0.4381 0.4403 0.4934 0.4658 0.4658 0.4958 0.5211 0.5072 0.5258 0.5788 0.5557 0.5557 0.6111 0.6041
1.0 1.0 0.0 0.4504 0.8458 0.6319 0.046 0.1 0.069 0.13 0.14 0.15 0.16 0.17 0.18 0.19 0.2 0.21 0.22 0.23 0.24 0.25 0.26 0.27 0.28 0.29 0.3 0.31 0.32 0.3077 0.2686 0.2984 0.3353 0.2961 0.287 0.3491 0.3192 0.3031 0.3422 0.3652 0.3422 0.3538 0.4044 0.4044 0.3998 0.4459 0.4643 0.439 0.4528 0.6213 0.6954 0.6653 0.6421 0.7 0.707 0.6769 0.7023 0.7417 0.7186 0.7186 0.7694 0.7741 0.7579 0.7764 0.8366 0.8042 0.8019 0.8597 0.8297 0.4611 0.4381 0.4081 0.4496 0.4681 0.4381 0.4403 0.4934 0.4658 0.4658 0.4958 0.5211 0.5072 0.5258 0.5788 0.5557 0.5557 0.6111 0.6041 0.5834
1.0 1.0 0.0 0.4528 0.8366 0.5927 0.138 0.0543 0.1307 0.14 0.15 0.16 0.17 0.18 0.19 0.2 0.21 0.22 0.23 0.24 0.25 0.26 0.27 0.28 0.29 0.3 0.31 0.32 0.33 0.2686 0.2984 0.3353 0.2961 0.287 0.3491 0.3192 0.3031 0.3422 0.3652 0.3422 0.3538 0.4044 0.4044 0.3998 0.4459 0.4643 0.439 0.4528 0.4942 0.6954 0.6653 0.6421 0.7 0.707 0.6769 0.7023 0.7417 0.7186 0.7186 0.7694 0.7741 0.7579 0.7764 0.8366 0.8042 0.8019 0.8597 0.8297 0.8134 0.4381 0.4081 0.4496 0.4681 0.4381 0.4403 0.4934 0.4658 0.4658 0.4958 0.5211 0.5072 0.5258 0.5788 0.5557 0.5557 0.6111 0.6041 0.5834 0.6226
1.0 1.0 0.0 0.5058 0.8158 0.6133 0.146 0.108 0.031 0.15 0.16 0.17 0.18 0.19 0.2 0.21 0.22 0.23 0.24 0.25 0.26 0.27 0.28 0.29 0.3 0.31 0.32 0.33 0.34 0.2984 0.3353 0.2961 0.287 0.3491 0.3192 0.3031 0.3422 0.3652 0.3422 0.3538 0.4044 0.4044 0.3998 0.4459 0.4643 0.439 0.4528 0.4942 0.4504 0.6653 0.6421 0.7 0.707 0.6769 0.7023 0.7417 0.7186 0.7186 0.7694 0.7741 0.7579 0.7764 0.8366 0.8042 0.8019 0.8597 0.8297 0.8134 0.8458 0.4081 0.4496 0.4681 0.4381 0.4403 0.4934 0.4658 0.4658 0.4958 0.5211 0.5072 0.5258 0.5788 0.5557 0.5557 0.6111 0.6041 0.5834 0.6226 0.6319
1.0 1.0 0.0 0.4597 0.8481 0.6388 0.008 0.0307 0.1307 0.16 0.17 0.18 0.19 0.2 0.21 0.22 0.23 0.24 0.25 0.26 0.27 0.28 0.29 0.3 0.31 0.32 0.33 0.34 0.35 0.3353 0.2961 0.287 0.3491 0.3192 0.3031 0.3422 0.3652 0.3422 0.3538 0.4044 0.4044 0.3998 0.4459 0.4643 0.439 0.4528 0.4942 0.4504 0.4528 0.6421 0.7 0.707 0.6769 0.7023 0.7417 0.7186 0.7186 0.7694 0.7741 0.7579 0.7764 0.8366 0.8042 0.8019 0.8597 0.8297 0.8134 0.8458 0.8366 0.4496 0.4681 0.4381 0.4403 0.4934 0.4658 0.4658 0.4958 0.5211 0.5072 0.5258 0.5788 0.5557 0.5557 0.6111 0.6041 0.5834 0.6226 0.6319 0.5927
1.0 1.0 0.0 0.4459 0.8342 0.5996 0.1767 0.0693 0.0687 0.17 0.18 0.19 0.2 0.21 0.22 0.23 0.24 0.25 0.26 0.27 0.28 0.29 0.3 0.31 0.32 0.33 0.34 0.35 0.36 0.2961 0.287 0.3491 0.3192 0.3031 0.3422 0.3652 0.3422 0.3538 0.4044 0.4044 0.3998 0.4459 0.4643 0.439 0.4528 0.4942 0.4504 0.4528 0.5058 0.7 0.707 0.6769 0.7023 0.7417 0.7186 0.7186 0.7694 0.7741 0.7579 0.7764 0.8366 0.8042 0.8019 0.8597 0.8297 0.8134 0.8458 0.8366 0.8158 0.4681 0.4381 0.4403 0.4934 0.4658 0.4658 0.4958 0.5211 0.5072 0.5258 0.5788 0.5557 0.5557 0.6111 0.6041 0.5834 0.6226 0.6319 0.5927 0.6133
1.0 1.0 0.0 0.5034 0.8181 0.6249 0.1537 0.1077 0.085 0.18 0.19 0.2 0.21 0.22 0.23 0.24 0.25 0.26 0.27 0.28 0.29 0.3 0.31 0.32 0.33 0.34 0.35 0.36 0.37 0.287 0.3491 0.3192 0.3031 0.3422 0.3652 0.3422 0.3538 0.4044 0.4044 0.3998 0.4459 0.4643 0.439 0.4528 0.4942 0.4504 0.4528 0.5058 0.4597 0.707 0.6769 0.7023 0.7417 0.7186 0.7186 0.7694 0.7741 0.7579 0.7764 0.8366 0.8042 0.8019 0.8597 0.8297 0.8134 0.8458 0.8366 0.8158 0.8481 0.4381 0.4403 0.4934 0.4658 0.4658 0.4958 0.5211 0.5072 0.5258 0.5788 0.5557 0.5557 0.6111 0.6041 0.5834 0.6226 0.6319 0.5927 0.6133 0.6388
1.0 1.0 0.0 0.4689 0.8551 0.648 0.046 0.0463 0.1307 0.19 0.2 0.21 0.22 0.23 0.24 0.25 0.26 0.27 0.28 0.29 0.3 0.31 0.32 0.33 0.34 0.35 0.36 0.37 0.38 0.3491 0.3192 0.3031 0.3422 0.3652 0.3422 0.3538 0.4044 0.4044 0.3998 0.4459 0.4643 0.439 0.4528 0.4942 0.4504 0.4528 0.5058 0.4597 0.4459 0.6769 0.7023 0.7417 0.7186 0.7186 0.7694 0.7741 0.7579 0.7764 0.8366 0.8042 0.8019 0.8597 0.8297 0.8134 0.8458 0.8366 0.8158 0.8481 0.8342 0.4403 0.4934 0.4658 0.4658 0.4958 0.5211 0.5072 0.5258 0.5788 0.5557 0.5557 0.6111 0.6041 0.5834 0.6226 0.6319 0.5927 0.6133 0.6388 0.5996
1.0 1.0 0.0 0.4597 0.8551 0.6111 0.1917 0.0537 0.0843 0.2 0.21 0.22 0.23 0.24 0.25 0.26 0.27 0.28 0.29 0.3 0.31 0.32 0.33 0.34 0.35 0.36 0.37 0.38 0.39 0.3192 0.3031 0.3422 0.3652 0.3422 0.3538 0.4044 0.4044 0.3998 0.4459 0.4643 0.439 0.4528 0.4942 0.4504 0.4528 0.5058 0.4597 0.4459 0.5034 0.7023 0.7417 0.7186 0.7186 0.7694 0.7741 0.7579 0.7764 0.8366 0.8042 0.8019 0.8597 0.8297 0.8134 0.8458 0.8366 0.8158 0.8481 0.8342 0.8181 0.4934 0.4658 0.4658 0.4958 0.5211 0.5072 0.5258 0.5788 0.5557 0.5557 0.6111 0.6041 0.5834 0.6226 0.6319 0.5927 0.6133 0.6388 0.5996 0.6249
1.0 1.0 0.0 0.5219 0.832 0.6319 0.115 0.1233 0.077 0.21 0.22 0.23 0.24 0.25 0.26 0.27 0.28 0.29 0.3 0.31 0.32 0.33 0.34 0.35 0.36 0.37 0.38 0.39 0.4 0.3031 0.3422 0.3652 0.3422 0.3538 0.4044 0.4044 0.3998 0.4459 0.4643 0.439 0.4528 0.4942 0.4504 0.4528 0.5058 0.4597 0.4459 0.5034 0.4689 0.7417 0.7186 0.7186 0.7694 0.7741 0.7579 0.7764 0.8366 0.8042 0.8019 0.8597 0.8297 0.8134 0.8458 0.8366 0.8158 0.8481 0.8342 0.8181 0.8551 0.4658 0.4658 0.4958 0.5211 0.5072 0.5258 0.5788 0.5557 0.5557 0.6111 0.6041 0.5834 0.6226 0.6319 0.5927 0.6133 0.6388 0.5996 0.6249 0.648
1.0 1.0 0.0 0.485 0.862 0.6733 0.0307 0.0 0.123 0.22 0.23 0.24 0.25 0.26 0.27 0.28 0.29 0.3 0.31 0.32 0.33 0.34 0.35 0.36 0.37 0.38 0.39 0.4 0.41 0.3422 0.3652 0.3422 0.3538 0.4044 0.4044 0.3998 0.4459 0.4643 0.439 0.4528 0.4942 0.4504 0.4528 0.5058 0.4597 0.4459 0.5034 0.4689 0.4597 0.7186 0.7186 0.7694 0.7741 0.7579 0.7764 0.8366 0.8042 0.8019 0.8597 0.8297 0.8134 0.8458 0.8366 0.8158 0.8481 0.8342 0.8181 0.8551 0.8551 0.4658 0.4958 0.5211 0.5072 0.5258 0.5788 0.5557 0.5557 0.6111 0.6041 0.5834 0.6226 0.6319 0.5927 0.6133 0.6388 0.5996 0.6249 0.648 0.6111
1.0 1.0 0.0 0.4666 0.8829 0.6319 0.2073 0.077 0.0693 0.23 0.24 0.25 0.26 0.27 0.28 0.29 0.3 0.31 0.32 0.33 0.34 0.35 0.36 0.37 0.38 0.39 0.4 0.41 0.42 0.3652 0.3422 0.3538 0.4044 0.4044 0.3998 0.4459 0.4643 0.439 0.4528 0.4942 0.4504 0.4528 0.5058 0.4597 0.4459 0.5034 0.4689 0.4597 0.5219 0.7186 0.7694 0.7741 0.7579 0.7764 0.8366 0.8042 0.8019 0.8597 0.8297 0.8134 0.8458 0.8366 0.8158 0.8481 0.8342 0.8181 0.8551 0.8551 0.832 0.4958 0.5211 0.5072 0.5258 0.5788 0.5557 0.5557 0.6111 0.6041 0.5834 0.6226 0.6319 0.5927 0.6133 0.6388 0.5996 0.6249 0.648 0.6111 0.6319
1.0 1.0 0.0 0.538 0.8551 0.6341 0.123 0.1 0.138 0.24 0.25 0.26 0.27 0.28 0.29 0.3 0.31 0.32 0.33 0.34 0.35 0.36 0.37 0.38 0.39 0.4 0.41 0.42 0.43 0.3422 0.3538 0.4044 0.4044 0.3998 0.4459 0.4643 0.439 0.4528 0.4942 0.4504 0.4528 0.5058 0.4597 0.4459 0.5034 0.4689 0.4597 0.5219 0.485 0.7694 0.7741 0.7579 0.7764 0.8366 0.8042 0.8019 0.8597 0.8297 0.8134 0.8458 0.8366 0.8158 0.8481 0.8342 0.8181 0.8551 0.8551 0.832 0.862 0.5211 0.5072 0.5258 0.5788 0.5557 0.5557 0.6111 0.6041 0.5834 0.6226 0.6319 0.5927 0.6133 0.6388 0.5996 0.6249 0.648 0.6111 0.6319 0.6733
1.0 1.0 0.0 0.5081 0.869 0.6964 0.0613 0.0697 0.138 0.25 0.26 0.27 0.28 0.29 0.3 0.31 0.32 0.33 0.34 0.35 0.36 0.37 0.38 0.39 0.4 0.41 0.42 0.43 0.44 0.3538 0.4044 0.4044 0.3998 0.4459 0.4643 0.439 0.4528 0.4942 0.4504 0.4528 0.5058 0.4597 0.4459 0.5034 0.4689 0.4597 0.5219 0.485 0.4666 0.7741 0.7579 0.7764 0.8366 0.8042 0.8019 0.8597 0.8297 0.8134 0.8458 0.8366 0.8158 0.8481 0.8342 0.8181 0.8551 0.8551 0.832 0.862 0.8829 0.5072 0.5258 0.5788 0.5557 0.5557 0.6111 0.6041 0.5834 0.6226 0.6319 0.5927 0.6133 0.6388 0.5996 0.6249 0.648 0.6111 0.6319 0.6733 0.6319
1.0 1.0 0.0 0.4804 0.9107 0.6549 0.238 0.0927 0.0073 0.26 0.27 0.28 0.29 0.3 0.31 0.32 0.33 0.34 0.35 0.36 0.37 0.38 0.39 0.4 0.41 0.42 0.43 0.44 0.45 0.4044 0.4044 0.3998 0.4459 0.4643 0.439 0.4528 0.4942 0.4504 0.4528 0.5058 0.4597 0.4459 0.5034 0.4689 0.4597 0.5219 0.485 0.4666 0.538 0.7579 0.7764 0.8366 0.8042 0.8019 0.8597 0.8297 0.8134 0.8458 0.8366 0.8158 0.8481 0.8342 0.8181 0.8551 0.8551 0.832 0.862 0.8829 0.8551 0.5258 0.5788 0.5557 0.5557 0.6111 0.6041 0.5834 0.6226 0.6319 0.5927 0.6133 0.6388 0.5996 0.6249 0.648 0.6111 0.6319 0.6733 0.6319 0.6341
1.0 1.0 0.0 0.5472 0.8806 0.6341 0.0997 0.0463 0.2077 0.27 0.28 0.29 0.3 0.31 0.32 0.33 0.34 0.35 0.36 0.37 0.38 0.39 0.4 0.41 0.42 0.43 0.44 0.45 0.46 0.4044 0.3998 0.4459 0.4643 0.439 0.4528 0.4942 0.4504 0.4528 0.5058 0.4597 0.4459 0.5034 0.4689 0.4597 0.5219 0.485 0.4666 0.538 0.5081 0.7764 0.8366 0.8042 0.8019 0.8597 0.8297 0.8134 0.8458 0.8366 0.8158 0.8481 0.8342 0.8181 0.8551 0.8551 0.832 0.862 0.8829 0.8551 0.869 0.5788 0.5557 0.5557 0.6111 0.6041 0.5834 0.6226 0.6319 0.5927 0.6133 0.6388 0.5996 0.6249 0.648 0.6111 0.6319 0.6733 0.6319 0.6341 0.6964
1.0 1.0 0.0 0.538 0.8806 0.7102 0.0923 0.139 0.1383 0.28 0.29 0.3 0.31 0.32 0.33 0.34 0.35 0.36 0.37 0.38 0.39 0.4 0.41 0.42 0.43 0.44 0.45 0.46 0.47 0.3998 0.4459 0.4643 0.439 0.4528 0.4942 0.4504 0.4528 0.5058 0.4597 0.4459 0.5034 0.4689 0.4597 0.5219 0.485 0.4666 0.538 0.5081 0.4804 0.8366 0.8042 0.8019 0.8597 0.8297 0.8134 0.8458 0.8366 0.8158 0.8481 0.8342 0.8181 0.8551 0.8551 0.832 0.862 0.8829 0.8551 0.869 0.9107 0.5557 0.5557 0.6111 0.6041 0.5834 0.6226 0.6319 0.5927 0.6133 0.6388 0.5996 0.6249 0.648 0.6111 0.6319 0.6733 0.6319 0.6341 0.6964 0.6549
1.0 1.0 0.0 0.4989 0.9384 0.6757 0.2227 0.1003 0.0693 0.29 0.3 0.31 0.32 0.33 0.34 0.35 0.36 0.37 0.38 0.39 0.4 0.41 0.42 0.43 0.44 0.45 0.46 0.47 0.48 0.4459 0.4643 0.439 0.4528 0.4942 0.4504 0.4528 0.5058 0.4597 0.4459 0.5034 0.4689 0.4597 0.5219 0.485 0.4666 0.538 0.5081 0.4804 0.5472 0.8042 0.8019 0.8597 0.8297 0.8134 0.8458 0.8366 0.8158 0.8481 0.8342 0.8181 0.8551 0.8551 0.832 0.862 0.8829 0.8551 0.869 0.9107 0.8806 0.5557 0.6111 0.6041 0.5834 0.6226 0.6319 0.5927 0.6133 0.6388 0.5996 0.6249 0.648 0.6111 0.6319 0.6733 0.6319 0.6341 0.6964 0.6549 0.6341
1.0 1.0 0.0 0.5449 0.8991 0.6411 0.0307 0.0 0.2537 0.3 0.31 0.32 0.33 0.34 0.35 0.36 0.37 0.38 0.39 0.4 0.41 0.42 0.43 0.44 0.45 0.46 0.47 0.48 0.49 0.4643 0.439 0.4528 0.4942 0.4504 0.4528 0.5058 0.4597 0.4459 0.5034 0.4689 0.4597 0.5219 0.485 0.4666 0.538 0.5081 0.4804 0.5472 0.538 0.8019 0.8597 0.8297 0.8134 0.8458 0.8366 0.8158 0.8481 0.8342 0.8181 0.8551 0.8551 0.832 0.862 0.8829 0.8551 0.869 0.9107 0.8806 0.8806 0.6111 0.6041 0.5834 0.6226 0.6319 0.5927 0.6133 0.6388 0.5996 0.6249 0.648 0.6111 0.6319 0.6733 0.6319 0.6341 0.6964 0.6549 0.6341 0.7102
1.0 1.0 0.0 0.5564 0.8806 0.7057 0.1303 0.1927 0.115 0.31 0.32 0.33 0.34 0.35 0.36 0.37 0.38 0.39 0.4 0.41 0.42 0.43 0.44 0.45 0.46 0.47 0.48 0.49 0.5 0.439 0.4528 0.4942 0.4504 0.4528 0.5058 0.4597 0.4459 0.5034 0.4689 0.4597 0.5219 0.485 0.4666 0.538 0.5081 0.4804 0.5472 0.538 0.4989 0.8597 0.8297 0.8134 0.8458 0.8366 0.8158 0.8481 0.8342 0.8181 0.8551 0.8551 0.832 0.862 0.8829 0.8551 0.869 0.9107 0.8806 0.8806 0.9384 0.6041 0.5834 0.6226 0.6319 0.5927 0.6133 0.6388 0.5996 0.6249 0.648 0.6111 0.6319 0.6733 0.6319 0.6341 0.6964 0.6549 0.6341 0.7102 0.6757
1.0 1.0 0.0 0.5081 0.9453 0.6826 0.1533 0.131 0.1153 0.32 0.33 0.34 0.35 0.36 0.37 0.38 0.39 0.4 0.41 0.42 0.43 0.44 0.45 0.46 0.47 0.48 0.49 0.5 0.51 0.4528 0.4942 0.4504 0.4528 0.5058 0.4597 0.4459 0.5034 0.4689 0.4597 0.5219 0.485 0.4666 0.538 0.5081 0.4804 0.5472 0.538 0.4989 0.5449 0.8297 0.8134 0.8458 0.8366 0.8158 0.8481 0.8342 0.8181 0.8551 0.8551 0.832 0.862 0.8829 0.8551 0.869 0.9107 0.8806 0.8806 0.9384 0.8991 0.5834 0.6226 0.6319 0.5927 0.6133 0.6388 0.5996 0.6249 0.648 0.6111 0.6319 0.6733 0.6319 0.6341 0.6964 0.6549 0.6341 0.7102 0.6757 0.6411
1.0 1.0 0.0 0.5219 0.9083 0.6457 0.0383 0.0617 0.2153 0.33 0.34 0.35 0.36 0.37 0.38 0.39 0.4 0.41 0.42 0.43 0.44 0.45 0.46 0.47 0.48 0.49 0.5 0.51 0.52 0.4942 0.4504 0.4528 0.5058 0.4597 0.4459 0.5034 0.4689 0.4597 0.5219 0.485 0.4666 0.538 0.5081 0.4804 0.5472 0.538 0.4989 0.5449 0.5564 0.8134 0.8458 0.8366 0.8158 0.8481 0.8342 0.8181 0.8551 0.8551 0.832 0.862 0.8829 0.8551 0.869 0.9107 0.8806 0.8806 0.9384 0.8991 0.8806 0.6226 0.6319 0.5927 0.6133 0.6388 0.5996 0.6249 0.648 0.6111 0.6319 0.6733 0.6319 0.6341 0.6964 0.6549 0.6341 0.7102 0.6757 0.6411 0.7057
1.0 1.0 0.0 0.5588 0.8759 0.678 0.161 0.2157 0.077 0.34 0.35 0.36 0.37 0.38 0.39 0.4 0.41 0.42 0.43 0.44 0.45 0.46 0.47 0.48 0.49 0.5 0.51 0.52 0.53 0.4504 0.4528 0.5058 0.4597 0.4459 0.5034 0.4689 0.4597 0.5219 0.485 0.4666 0.538 0.5081 0.4804 0.5472 0.538 0.4989 0.5449 0.5564 0.5081 0.8458 0.8366 0.8158 0.8481 0.8342 0.8181 0.8551 0.8551 0.832 0.862 0.8829 0.8551 0.869 0.9107 0.8806 0.8806 0.9384 0.8991 0.8806 0.9453 0.6319 0.5927 0.6133 0.6388 0.5996 0.6249 0.648 0.6111 0.6319 0.6733 0.6319 0.6341 0.6964 0.6549 0.6341 0.7102 0.6757 0.6411 0.7057 0.6826
1.0 1.0 0.0 0.5103 0.9246 0.6872 0.046 0.1233 0.123 0.35 0.36 0.37 0.38 0.39 0.4 0.41 0.42 0.43 0.44 0.45 0.46 0.47 0.48 0.49 0.5 0.51 0.52 0.53 0.54 0.4528 0.5058 0.4597 0.4459 0.5034 0.4689 0.4597 0.5219 0.485 0.4666 0.538 0.5081 0.4804 0.5472 0.538 0.4989 0.5449 0.5564 0.5081 0.5219 0.8366 0.8158 0.8481 0.8342 0.8181 0.8551 0.8551 0.832 0.862 0.8829 0.8551 0.869 0.9107 0.8806 0.8806 0.9384 0.8991 0.8806 0.9453 0.9083 0.5927 0.6133 0.6388 0.5996 0.6249 0.648 0.6111 0.6319 0.6733 0.6319 0.6341 0.6964 0.6549 0.6341 0.7102 0.6757 0.6411 0.7057 0.6826 0.6457
1.0 1.0 0.0 0.4873 0.913 0.6433 0.123 0.108 0.1077 0.36 0.37 0.38 0.39 0.4 0.41 0.42 0.43 0.44 0.45 0.46 0.47 0.48 0.49 0.5 0.51 0.52 0.53 0.54 0.55 0.5058 0.4597 0.4459 0.5034 0.4689 0.4597 0.5219 0.485 0.4666 0.538 0.5081 0.4804 0.5472 0.538 0.4989 0.5449 0.5564 0.5081 0.5219 0.5588 0.8158 0.8481 0.8342 0.8181 0.8551 0.8551 0.832 0.862 0.8829 0.8551 0.869 0.9107 0.8806 0.8806 0.9384 0.8991 0.8806 0.9453 0.9083 0.8759 0.6133 0.6388 0.5996 0.6249 0.648 0.6111 0.6319 0.6733 0.6319 0.6341 0.6964 0.6549 0.6341 0.7102 0.6757 0.6411 0.7057 0.6826 0.6457 0.678
1.0 1.0 0.0 0.5541 0.8736 0.648 0.1617 0.1623 0.0307 0.37 0.38 0.39 0.4 0.41 0.42 0.43 0.44 0.45 0.46 0.47 0.48 0.49 0.5 0.51 0.52 0.53 0.54 0.55 0.56 0.4597 0.4459 0.5034 0.4689 0.4597 0.5219 0.485 0.4666 0.538 0.5081 0.4804 0.5472 0.538 0.4989 0.5449 0.5564 0.5081 0.5219 0.5588 0.5103 0.8481 0.8342 0.8181 0.8551 0.8551 0.832 0.862 0.8829 0.8551 0.869 0.9107 0.8806 0.8806 0.9384 0.8991 0.8806 0.9453 0.9083 0.8759 0.9246 0.6388 0.5996 0.6249 0.648 0.6111 0.6319 0.6733 0.6319 0.6341 0.6964 0.6549 0.6341 0.7102 0.6757 0.6411 0.7057 0.6826 0.6457 0.678 0.6872
1.0 1.0 0.0 0.5103 0.9037 0.678 0.0767 0.0387 0.1463 0.38 0.39 0.4 0.41 0.42 0.43 0.44 0.45 0.46 0.47 0.48 0.49 0.5 0.51 0.52 0.53 0.54 0.55 0.56 0.57 0.4459 0.5034 0.4689 0.4597 0.5219 0.485 0.4666 0.538 0.5081 0.4804 0.5472 0.538 0.4989 0.5449 0.5564 0.5081 0.5219 0.5588 0.5103 0.4873 0.8342 0.8181 0.8551 0.8551 0.832 0.862 0.8829 0.8551 0.869 0.9107 0.8806 0.8806 0.9384 0.8991 0.8806 0.9453 0.9083 0.8759 0.9246 0.913 0.5996 0.6249 0.648 0.6111 0.6319 0.6733 0.6319 0.6341 0.6964 0.6549 0.6341 0.7102 0.6757 0.6411 0.7057 0.6826 0.6457 0.678 0.6872 0.6433
1.0 1.0 0.0 0.4758 0.913 0.6411 0.2227 0.1313 0.0157 0.39 0.4 0.41 0.42 0.43 0.44 0.45 0.46 0.47 0.48 0.49 0.5 0.51 0.52 0.53 0.54 0.55 0.56 0.57 0.58 0.5034 0.4689 0.4597 0.5219 0.485 0.4666 0.538 0.5081 0.4804 0.5472 0.538 0.4989 0.5449 0.5564 0.5081 0.5219 0.5588 0.5103 0.4873 0.5541 0.8181 0.8551 0.8551 0.832 0.862 0.8829 0.8551 0.869 0.9107 0.8806 0.8806 0.9384 0.8991 0.8806 0.9453 0.9083 0.8759 0.9246 0.913 0.8736 0.6249 0.648 0.6111 0.6319 0.6733 0.6319 0.6341 0.6964 0.6549 0.6341 0.7102 0.6757 0.6411 0.7057 0.6826 0.6457 0.678 0.6872 0.6433 0.648
1.0 1.0 0.0 0.515 0.8759 0.6133 0.146 0.1003 0.1 0.4 0.41 0.42 0.43 0.44 0.45 0.46 0.47 0.48 0.49 0.5 0.51 0.52 0.53 0.54 0.55 0.56 0.57 0.58 0.59 0.4689 0.4597 0.5219 0.485 0.4666 0.538 0.5081 0.4804 0.5472 0.538 0.4989 0.5449 0.5564 0.5081 0.5219 0.5588 0.5103 0.4873 0.5541 0.5103 0.8551 0.8551 0.832 0.862 0.8829 0.8551 0.869 0.9107 0.8806 0.8806 0.9384 0.8991 0.8806 0.9453 0.9083 0.8759 0.9246 0.913 0.8736 0.9037 0.648 0.6111 0.6319 0.6733 0.6319 0.6341 0.6964 0.6549 0.6341 0.7102 0.6757 0.6411 0.7057 0.6826 0.6457 0.678 0.6872 0.6433 0.648 0.678
1.0 1.0 0.0 0.4942 0.8667 0.6688 0.115 0.031 0.123 0.41 0.42 0.43 0.44 0.45 0.46 0.47 0.48 0.49 0.5 0.51 0.52 0.53 0.54 0.55 0.56 0.57 0.58 0.59 0.6 0.4597 0.5219 0.485 0.4666 0.538 0.5081 0.4804 0.5472 0.538 0.4989 0.5449 0.5564 0.5081 0.5219 0.5588 0.5103 0.4873 0.5541 0.5103 0.4758 0.8551 0.832 0.862 0.8829 0.8551 0.869 0.9107 0.8806 0.8806 0.9384 0.8991 0.8806 0.9453 0.9083 0.8759 0.9246 0.913 0.8736 0.9037 0.913 0.6111 0.6319 0.6733 0.6319 0.6341 0.6964 0.6549 0.6341 0.7102 0.6757 0.6411 0.7057 0.6826 0.6457 0.678 0.6872 0.6433 0.648 0.678 0.6411
1.0 1.0 0.0 0.4643 0.9037 0.6364 0.1307 0.1237 0.0927 0.42 0.43 0.44 0.45 0.46 0.47 0.48 0.49 0.5 0.51 0.52 0.53 0.54 0.55 0.56 0.57 0.58 0.59 0.6 0.61 0.5219 0.485 0.4666 0.538 0.5081 0.4804 0.5472 0.538 0.4989 0.5449 0.5564 0.5081 0.5219 0.5588 0.5103 0.4873 0.5541 0.5103 0.4758 0.515 0.832 0.862 0.8829 0.8551 0.869 0.9107 0.8806 0.8806 0.9384 0.8991 0.8806 0.9453 0.9083 0.8759 0.9246 0.913 0.8736 0.9037 0.913 0.8759 0.6319 0.6733 0.6319 0.6341 0.6964 0.6549 0.6341 0.7102 0.6757 0.6411 0.7057 0.6826 0.6457 0.678 0.6872 0.6433 0.648 0.678 0.6411 0.6133
