0.4151 1.0 0.0537 0.09 0.1 0.11 0.12 0.13 0.14 0.15 0.16 0.17 0.18 0.19 0.2 0.21 0.22 0.23 0.24 0.25 0.26 0.27 0.28 0.2378 0.3253 0.293 0.2631 0.3346 0.3322 0.2977 0.3322 0.3599 0.323 0.3138 0.3737 0.346 0.3253 0.3437 0.3713 0.3483 0.3552 0.399 0.3829 0.4083 0.3737 0.406 0.45 0.4107 0.4083 0.4848 0.4547 0.4316 0.4871 0.4917 0.4639 0.4917 0.5126 0.4917 0.4893 0.5333 0.5357 0.5171 0.5357 0.3781 0.385 0.4496 0.4081 0.3897 0.4681 0.4427 0.4173 0.4611 0.4727 0.445 0.4496 0.4888 0.4681 0.4658 0.4934 0.4888 0.4796 0.498 0.5488
0.4589 1.0 0.015 0.1 0.11 0.12 0.13 0.14 0.15 0.16 0.17 0.18 0.19 0.2 0.21 0.22 0.23 0.24 0.25 0.26 0.27 0.28 0.29 0.3253 0.293 0.2631 0.3346 0.3322 0.2977 0.3322 0.3599 0.323 0.3138 0.3737 0.346 0.3253 0.3437 0.3713 0.3483 0.3552 0.399 0.3829 0.3874 0.3737 0.406 0.45 0.4107 0.4083 0.4848 0.4547 0.4316 0.4871 0.4917 0.4639 0.4917 0.5126 0.4917 0.4893 0.5333 0.5357 0.5171 0.5357 0.582 0.385 0.4496 0.4081 0.3897 0.4681 0.4427 0.4173 0.4611 0.4727 0.445 0.4496 0.4888 0.4681 0.4658 0.4934 0.4888 0.4796 0.498 0.5488 0.5372
0.4404 1.0 0.0923 0.11 0.12 0.13 0.14 0.15 0.16 0.17 0.18 0.19 0.2 0.21 0.22 0.23 0.24 0.25 0.26 0.27 0.28 0.29 0.3 0.293 0.2631 0.3346 0.3322 0.2977 0.3322 0.3599 0.323 0.3138 0.3737 0.346 0.3253 0.3437 0.3713 0.3483 0.3552 0.399 0.3829 0.3874 0.4151 0.406 0.45 0.4107 0.4083 0.4848 0.4547 0.4316 0.4871 0.4917 0.4639 0.4917 0.5126 0.4917 0.4893 0.5333 0.5357 0.5171 0.5357 0.582 0.5588 0.4496 0.4081 0.3897 0.4681 0.4427 0.4173 0.4611 0.4727 0.445 0.4496 0.4888 0.4681 0.4658 0.4934 0.4888 0.4796 0.498 0.5488 0.5372 0.5464
0.452 1.0 0.146 0.12 0.13 0.14 0.15 0.16 0.17 0.18 0.19 0.2 0.21 0.22 0.23 0.24 0.25 0.26 0.27 0.28 0.29 0.3 0.31 0.2631 0.3346 0.3322 0.2977 0.3322 0.3599 0.323 0.3138 0.3737 0.346 0.3253 0.3437 0.3713 0.3483 0.3552 0.399 0.3829 0.3874 0.4151 0.4589 0.45 0.4107 0.4083 0.4848 0.4547 0.4316 0.4871 0.4917 0.4639 0.4917 0.5126 0.4917 0.4893 0.5333 0.5357 0.5171 0.5357 0.582 0.5588 0.5681 0.4081 0.3897 0.4681 0.4427 0.4173 0.4611 0.4727 0.445 0.4496 0.4888 0.4681 0.4658 0.4934 0.4888 0.4796 0.498 0.5488 0.5372 0.5464 0.5949
0.5211 1.0 0.0617 0.13 0.14 0.15 0.16 0.17 0.18 0.19 0.2 0.21 0.22 0.23 0.24 0.25 0.26 0.27 0.28 0.29 0.3 0.31 0.32 0.3346 0.3322 0.2977 0.3322 0.3599 0.323 0.3138 0.3737 0.346 0.3253 0.3437 0.3713 0.3483 0.3552 0.399 0.3829 0.3874 0.4151 0.4589 0.4404 0.4107 0.4083 0.4848 0.4547 0.4316 0.4871 0.4917 0.4639 0.4917 0.5126 0.4917 0.4893 0.5333 0.5357 0.5171 0.5357 0.582 0.5588 0.5681 0.6167 0.3897 0.4681 0.4427 0.4173 0.4611 0.4727 0.445 0.4496 0.4888 0.4681 0.4658 0.4934 0.4888 0.4796 0.498 0.5488 0.5372 0.5464 0.5949 0.6041
0.4842 1.0 0.0387 0.14 0.15 0.16 0.17 0.18 0.19 0.2 0.21 0.22 0.23 0.24 0.25 0.26 0.27 0.28 0.29 0.3 0.31 0.32 0.33 0.3322 0.2977 0.3322 0.3599 0.323 0.3138 0.3737 0.346 0.3253 0.3437 0.3713 0.3483 0.3552 0.399 0.3829 0.3874 0.4151 0.4589 0.4404 0.452 0.4083 0.4848 0.4547 0.4316 0.4871 0.4917 0.4639 0.4917 0.5126 0.4917 0.4893 0.5333 0.5357 0.5171 0.5357 0.582 0.5588 0.5681 0.6167 0.6143 0.4681 0.4427 0.4173 0.4611 0.4727 0.445 0.4496 0.4888 0.4681 0.4658 0.4934 0.4888 0.4796 0.498 0.5488 0.5372 0.5464 0.5949 0.6041 0.5857
0.475 1.0 0.2303 0.15 0.16 0.17 0.18 0.19 0.2 0.21 0.22 0.23 0.24 0.25 0.26 0.27 0.28 0.29 0.3 0.31 0.32 0.33 0.34 0.2977 0.3322 0.3599 0.323 0.3138 0.3737 0.346 0.3253 0.3437 0.3713 0.3483 0.3552 0.399 0.3829 0.3874 0.4151 0.4589 0.4404 0.452 0.5211 0.4848 0.4547 0.4316 0.4871 0.4917 0.4639 0.4917 0.5126 0.4917 0.4893 0.5333 0.5357 0.5171 0.5357 0.582 0.5588 0.5681 0.6167 0.6143 0.6051 0.4427 0.4173 0.4611 0.4727 0.445 0.4496 0.4888 0.4681 0.4658 0.4934 0.4888 0.4796 0.498 0.5488 0.5372 0.5464 0.5949 0.6041 0.5857 0.6088
0.5372 1.0 0.123 0.16 0.17 0.18 0.19 0.2 0.21 0.22 0.23 0.24 0.25 0.26 0.27 0.28 0.29 0.3 0.31 0.32 0.33 0.34 0.35 0.3322 0.3599 0.323 0.3138 0.3737 0.346 0.3253 0.3437 0.3713 0.3483 0.3552 0.399 0.3829 0.3874 0.4151 0.4589 0.4404 0.452 0.5211 0.4842 0.4547 0.4316 0.4871 0.4917 0.4639 0.4917 0.5126 0.4917 0.4893 0.5333 0.5357 0.5171 0.5357 0.582 0.5588 0.5681 0.6167 0.6143 0.6051 0.6329 0.4173 0.4611 0.4727 0.445 0.4496 0.4888 0.4681 0.4658 0.4934 0.4888 0.4796 0.498 0.5488 0.5372 0.5464 0.5949 0.6041 0.5857 0.6088 0.6549
0.5072 1.0 0.0307 0.17 0.18 0.19 0.2 0.21 0.22 0.23 0.24 0.25 0.26 0.27 0.28 0.29 0.3 0.31 0.32 0.33 0.34 0.35 0.36 0.3599 0.323 0.3138 0.3737 0.346 0.3253 0.3437 0.3713 0.3483 0.3552 0.399 0.3829 0.3874 0.4151 0.4589 0.4404 0.452 0.5211 0.4842 0.475 0.4316 0.4871 0.4917 0.4639 0.4917 0.5126 0.4917 0.4893 0.5333 0.5357 0.5171 0.5357 0.582 0.5588 0.5681 0.6167 0.6143 0.6051 0.6329 0.6444 0.4611 0.4727 0.445 0.4496 0.4888 0.4681 0.4658 0.4934 0.4888 0.4796 0.498 0.5488 0.5372 0.5464 0.5949 0.6041 0.5857 0.6088 0.6549 0.6111
0.4842 1.0 0.2073 0.18 0.19 0.2 0.21 0.22 0.23 0.24 0.25 0.26 0.27 0.28 0.29 0.3 0.31 0.32 0.33 0.34 0.35 0.36 0.37 0.323 0.3138 0.3737 0.346 0.3253 0.3437 0.3713 0.3483 0.3552 0.399 0.3829 0.3874 0.4151 0.4589 0.4404 0.452 0.5211 0.4842 0.475 0.5372 0.4871 0.4917 0.4639 0.4917 0.5126 0.4917 0.4893 0.5333 0.5357 0.5171 0.5357 0.582 0.5588 0.5681 0.6167 0.6143 0.6051 0.6329 0.6444 0.6167 0.4727 0.445 0.4496 0.4888 0.4681 0.4658 0.4934 0.4888 0.4796 0.498 0.5488 0.5372 0.5464 0.5949 0.6041 0.5857 0.6088 0.6549 0.6111 0.6111
0.5326 1.0 0.1 0.19 0.2 0.21 0.22 0.23 0.24 0.25 0.26 0.27 0.28 0.29 0.3 0.31 0.32 0.33 0.34 0.35 0.36 0.37 0.38 0.3138 0.3737 0.346 0.3253 0.3437 0.3713 0.3483 0.3552 0.399 0.3829 0.3874 0.4151 0.4589 0.4404 0.452 0.5211 0.4842 0.475 0.5372 0.5072 0.4917 0.4639 0.4917 0.5126 0.4917 0.4893 0.5333 0.5357 0.5171 0.5357 0.582 0.5588 0.5681 0.6167 0.6143 0.6051 0.6329 0.6444 0.6167 0.6236 0.445 0.4496 0.4888 0.4681 0.4658 0.4934 0.4888 0.4796 0.498 0.5488 0.5372 0.5464 0.5949 0.6041 0.5857 0.6088 0.6549 0.6111 0.6111 0.671
0.5096 1.0 0.0767 0.2 0.21 0.22 0.23 0.24 0.25 0.26 0.27 0.28 0.29 0.3 0.31 0.32 0.33 0.34 0.35 0.36 0.37 0.38 0.39 0.3737 0.346 0.3253 0.3437 0.3713 0.3483 0.3552 0.399 0.3829 0.3874 0.4151 0.4589 0.4404 0.452 0.5211 0.4842 0.475 0.5372 0.5072 0.4842 0.4639 0.4917 0.5126 0.4917 0.4893 0.5333 0.5357 0.5171 0.5357 0.582 0.5588 0.5681 0.6167 0.6143 0.6051 0.6329 0.6444 0.6167 0.6236 0.6468 0.4496 0.4888 0.4681 0.4658 0.4934 0.4888 0.4796 0.498 0.5488 0.5372 0.5464 0.5949 0.6041 0.5857 0.6088 0.6549 0.6111 0.6111 0.671 0.6272
0.4819 1.0 0.1613 0.21 0.22 0.23 0.24 0.25 0.26 0.27 0.28 0.29 0.3 0.31 0.32 0.33 0.34 0.35 0.36 0.37 0.38 0.39 0.4 0.346 0.3253 0.3437 0.3713 0.3483 0.3552 0.399 0.3829 0.3874 0.4151 0.4589 0.4404 0.452 0.5211 0.4842 0.475 0.5372 0.5072 0.4842 0.5326 0.4917 0.5126 0.4917 0.4893 0.5333 0.5357 0.5171 0.5357 0.582 0.5588 0.5681 0.6167 0.6143 0.6051 0.6329 0.6444 0.6167 0.6236 0.6468 0.6167 0.4888 0.4681 0.4658 0.4934 0.4888 0.4796 0.498 0.5488 0.5372 0.5464 0.5949 0.6041 0.5857 0.6088 0.6549 0.6111 0.6111 0.671 0.6272 0.618
0.5233 1.0 0.0767 0.22 0.23 0.24 0.25 0.26 0.27 0.28 0.29 0.3 0.31 0.32 0.33 0.34 0.35 0.36 0.37 0.38 0.39 0.4 0.41 0.3253 0.3437 0.3713 0.3483 0.3552 0.399 0.3829 0.3874 0.4151 0.4589 0.4404 0.452 0.5211 0.4842 0.475 0.5372 0.5072 0.4842 0.5326 0.5096 0.5126 0.4917 0.4893 0.5333 0.5357 0.5171 0.5357 0.582 0.5588 0.5681 0.6167 0.6143 0.6051 0.6329 0.6444 0.6167 0.6236 0.6468 0.6167 0.619 0.4681 0.4658 0.4934 0.4888 0.4796 0.498 0.5488 0.5372 0.5464 0.5949 0.6041 0.5857 0.6088 0.6549 0.6111 0.6111 0.671 0.6272 0.618 0.6757
0.5142 1.0 0.0923 0.23 0.24 0.25 0.26 0.27 0.28 0.29 0.3 0.31 0.32 0.33 0.34 0.35 0.36 0.37 0.38 0.39 0.4 0.41 0.42 0.3437 0.3713 0.3483 0.3552 0.399 0.3829 0.3874 0.4151 0.4589 0.4404 0.452 0.5211 0.4842 0.475 0.5372 0.5072 0.4842 0.5326 0.5096 0.4819 0.4917 0.4893 0.5333 0.5357 0.5171 0.5357 0.582 0.5588 0.5681 0.6167 0.6143 0.6051 0.6329 0.6444 0.6167 0.6236 0.6468 0.6167 0.619 0.6421 0.4658 0.4934 0.4888 0.4796 0.498 0.5488 0.5372 0.5464 0.5949 0.6041 0.5857 0.6088 0.6549 0.6111 0.6111 0.671 0.6272 0.618 0.6757 0.6411
0.4842 1.0 0.138 0.24 0.25 0.26 0.27 0.28 0.29 0.3 0.31 0.32 0.33 0.34 0.35 0.36 0.37 0.38 0.39 0.4 0.41 0.42 0.43 0.3713 0.3483 0.3552 0.399 0.3829 0.3874 0.4151 0.4589 0.4404 0.452 0.5211 0.4842 0.475 0.5372 0.5072 0.4842 0.5326 0.5096 0.4819 0.5233 0.4893 0.5333 0.5357 0.5171 0.5357 0.582 0.5588 0.5681 0.6167 0.6143 0.6051 0.6329 0.6444 0.6167 0.6236 0.6468 0.6167 0.619 0.6421 0.612 0.4934 0.4888 0.4796 0.498 0.5488 0.5372 0.5464 0.5949 0.6041 0.5857 0.6088 0.6549 0.6111 0.6111 0.671 0.6272 0.618 0.6757 0.6411 0.6249
0.5326 1.0 0.0303 0.25 0.26 0.27 0.28 0.29 0.3 0.31 0.32 0.33 0.34 0.35 0.36 0.37 0.38 0.39 0.4 0.41 0.42 0.43 0.44 0.3483 0.3552 0.399 0.3829 0.3874 0.4151 0.4589 0.4404 0.452 0.5211 0.4842 0.475 0.5372 0.5072 0.4842 0.5326 0.5096 0.4819 0.5233 0.5142 0.5333 0.5357 0.5171 0.5357 0.582 0.5588 0.5681 0.6167 0.6143 0.6051 0.6329 0.6444 0.6167 0.6236 0.6468 0.6167 0.619 0.6421 0.612 0.619 0.4888 0.4796 0.498 0.5488 0.5372 0.5464 0.5949 0.6041 0.5857 0.6088 0.6549 0.6111 0.6111 0.671 0.6272 0.618 0.6757 0.6411 0.6249 0.6849
0.5372 1.0 0.1 0.26 0.27 0.28 0.29 0.3 0.31 0.32 0.33 0.34 0.35 0.36 0.37 0.38 0.39 0.4 0.41 0.42 0.43 0.44 0.45 0.3552 0.399 0.3829 0.3874 0.4151 0.4589 0.4404 0.452 0.5211 0.4842 0.475 0.5372 0.5072 0.4842 0.5326 0.5096 0.4819 0.5233 0.5142 0.4842 0.5357 0.5171 0.5357 0.582 0.5588 0.5681 0.6167 0.6143 0.6051 0.6329 0.6444 0.6167 0.6236 0.6468 0.6167 0.619 0.6421 0.612 0.619 0.6537 0.4796 0.498 0.5488 0.5372 0.5464 0.5949 0.6041 0.5857 0.6088 0.6549 0.6111 0.6111 0.671 0.6272 0.618 0.6757 0.6411 0.6249 0.6849 0.6433
0.498 1.0 0.1613 0.27 0.28 0.29 0.3 0.31 0.32 0.33 0.34 0.35 0.36 0.37 0.38 0.39 0.4 0.41 0.42 0.43 0.44 0.45 0.46 0.399 0.3829 0.3874 0.4151 0.4589 0.4404 0.452 0.5211 0.4842 0.475 0.5372 0.5072 0.4842 0.5326 0.5096 0.4819 0.5233 0.5142 0.4842 0.5326 0.5171 0.5357 0.582 0.5588 0.5681 0.6167 0.6143 0.6051 0.6329 0.6444 0.6167 0.6236 0.6468 0.6167 0.619 0.6421 0.612 0.619 0.6537 0.6259 0.498 0.5488 0.5372 0.5464 0.5949 0.6041 0.5857 0.6088 0.6549 0.6111 0.6111 0.671 0.6272 0.618 0.6757 0.6411 0.6249 0.6849 0.6433 0.6272
0.551 1.0 0.0153 0.28 0.29 0.3 0.31 0.32 0.33 0.34 0.35 0.36 0.37 0.38 0.39 0.4 0.41 0.42 0.43 0.44 0.45 0.46 0.47 0.3829 0.3874 0.4151 0.4589 0.4404 0.452 0.5211 0.4842 0.475 0.5372 0.5072 0.4842 0.5326 0.5096 0.4819 0.5233 0.5142 0.4842 0.5326 0.5372 0.5357 0.582 0.5588 0.5681 0.6167 0.6143 0.6051 0.6329 0.6444 0.6167 0.6236 0.6468 0.6167 0.619 0.6421 0.612 0.619 0.6537 0.6259 0.6306 0.5488 0.5372 0.5464 0.5949 0.6041 0.5857 0.6088 0.6549 0.6111 0.6111 0.671 0.6272 0.618 0.6757 0.6411 0.6249 0.6849 0.6433 0.6272 0.6849
0.5487 1.0 0.1307 0.29 0.3 0.31 0.32 0.33 0.34 0.35 0.36 0.37 0.38 0.39 0.4 0.41 0.42 0.43 0.44 0.45 0.46 0.47 0.48 0.3874 0.4151 0.4589 0.4404 0.452 0.5211 0.4842 0.475 0.5372 0.5072 0.4842 0.5326 0.5096 0.4819 0.5233 0.5142 0.4842 0.5326 0.5372 0.498 0.582 0.5588 0.5681 0.6167 0.6143 0.6051 0.6329 0.6444 0.6167 0.6236 0.6468 0.6167 0.619 0.6421 0.612 0.619 0.6537 0.6259 0.6306 0.6791 0.5372 0.5464 0.5949 0.6041 0.5857 0.6088 0.6549 0.6111 0.6111 0.671 0.6272 0.618 0.6757 0.6411 0.6249 0.6849 0.6433 0.6272 0.6849 0.6526
0.5072 1.0 0.1767 0.3 0.31 0.32 0.33 0.34 0.35 0.36 0.37 0.38 0.39 0.4 0.41 0.42 0.43 0.44 0.45 0.46 0.47 0.48 0.49 0.4151 0.4589 0.4404 0.452 0.5211 0.4842 0.475 0.5372 0.5072 0.4842 0.5326 0.5096 0.4819 0.5233 0.5142 0.4842 0.5326 0.5372 0.498 0.551 0.5588 0.5681 0.6167 0.6143 0.6051 0.6329 0.6444 0.6167 0.6236 0.6468 0.6167 0.619 0.6421 0.612 0.619 0.6537 0.6259 0.6306 0.6791 0.6444 0.5464 0.5949 0.6041 0.5857 0.6088 0.6549 0.6111 0.6111 0.671 0.6272 0.618 0.6757 0.6411 0.6249 0.6849 0.6433 0.6272 0.6849 0.6526 0.6272
0.5464 1.0 0.0077 0.31 0.32 0.33 0.34 0.35 0.36 0.37 0.38 0.39 0.4 0.41 0.42 0.43 0.44 0.45 0.46 0.47 0.48 0.49 0.5 0.4589 0.4404 0.452 0.5211 0.4842 0.475 0.5372 0.5072 0.4842 0.5326 0.5096 0.4819 0.5233 0.5142 0.4842 0.5326 0.5372 0.498 0.551 0.5487 0.5681 0.6167 0.6143 0.6051 0.6329 0.6444 0.6167 0.6236 0.6468 0.6167 0.619 0.6421 0.612 0.619 0.6537 0.6259 0.6306 0.6791 0.6444 0.6352 0.5949 0.6041 0.5857 0.6088 0.6549 0.6111 0.6111 0.671 0.6272 0.618 0.6757 0.6411 0.6249 0.6849 0.6433 0.6272 0.6849 0.6526 0.6272 0.6988
0.574 1.0 0.1383 0.32 0.33 0.34 0.35 0.36 0.37 0.38 0.39 0.4 0.41 0.42 0.43 0.44 0.45 0.46 0.47 0.48 0.49 0.5 0.51 0.4404 0.452 0.5211 0.4842 0.475 0.5372 0.5072 0.4842 0.5326 0.5096 0.4819 0.5233 0.5142 0.4842 0.5326 0.5372 0.498 0.551 0.5487 0.5072 0.6167 0.6143 0.6051 0.6329 0.6444 0.6167 0.6236 0.6468 0.6167 0.619 0.6421 0.612 0.619 0.6537 0.6259 0.6306 0.6791 0.6444 0.6352 0.6908 0.6041 0.5857 0.6088 0.6549 0.6111 0.6111 0.671 0.6272 0.618 0.6757 0.6411 0.6249 0.6849 0.6433 0.6272 0.6849 0.6526 0.6272 0.6988 0.678
0.5233 1.0 0.1307 0.33 0.34 0.35 0.36 0.37 0.38 0.39 0.4 0.41 0.42 0.43 0.44 0.45 0.46 0.47 0.48 0.49 0.5 0.51 0.52 0.452 0.5211 0.4842 0.475 0.5372 0.5072 0.4842 0.5326 0.5096 0.4819 0.5233 0.5142 0.4842 0.5326 0.5372 0.498 0.551 0.5487 0.5072 0.5464 0.6143 0.6051 0.6329 0.6444 0.6167 0.6236 0.6468 0.6167 0.619 0.6421 0.612 0.619 0.6537 0.6259 0.6306 0.6791 0.6444 0.6352 0.6908 0.6607 0.5857 0.6088 0.6549 0.6111 0.6111 0.671 0.6272 0.618 0.6757 0.6411 0.6249 0.6849 0.6433 0.6272 0.6849 0.6526 0.6272 0.6988 0.678 0.6411
0.5372 1.0 0.092 0.34 0.35 0.36 0.37 0.38 0.39 0.4 0.41 0.42 0.43 0.44 0.45 0.46 0.47 0.48 0.49 0.5 0.51 0.52 0.53 0.5211 0.4842 0.475 0.5372 0.5072 0.4842 0.5326 0.5096 0.4819 0.5233 0.5142 0.4842 0.5326 0.5372 0.498 0.551 0.5487 0.5072 0.5464 0.574 0.6051 0.6329 0.6444 0.6167 0.6236 0.6468 0.6167 0.619 0.6421 0.612 0.619 0.6537 0.6259 0.6306 0.6791 0.6444 0.6352 0.6908 0.6607 0.6444 0.6088 0.6549 0.6111 0.6111 0.671 0.6272 0.618 0.6757 0.6411 0.6249 0.6849 0.6433 0.6272 0.6849 0.6526 0.6272 0.6988 0.678 0.6411 0.7057
0.5856 1.0 0.169 0.35 0.36 0.37 0.38 0.39 0.4 0.41 0.42 0.43 0.44 0.45 0.46 0.47 0.48 0.49 0.5 0.51 0.52 0.53 0.54 0.4842 0.475 0.5372 0.5072 0.4842 0.5326 0.5096 0.4819 0.5233 0.5142 0.4842 0.5326 0.5372 0.498 0.551 0.5487 0.5072 0.5464 0.574 0.5233 0.6329 0.6444 0.6167 0.6236 0.6468 0.6167 0.619 0.6421 0.612 0.619 0.6537 0.6259 0.6306 0.6791 0.6444 0.6352 0.6908 0.6607 0.6444 0.7092 0.6549 0.6111 0.6111 0.671 0.6272 0.618 0.6757 0.6411 0.6249 0.6849 0.6433 0.6272 0.6849 0.6526 0.6272 0.6988 0.678 0.6411 0.7057 0.6941
0.5326 1.0 0.0463 0.36 0.37 0.38 0.39 0.4 0.41 0.42 0.43 0.44 0.45 0.46 0.47 0.48 0.49 0.5 0.51 0.52 0.53 0.54 0.55 0.475 0.5372 0.5072 0.4842 0.5326 0.5096 0.4819 0.5233 0.5142 0.4842 0.5326 0.5372 0.498 0.551 0.5487 0.5072 0.5464 0.574 0.5233 0.5372 0.6444 0.6167 0.6236 0.6468 0.6167 0.619 0.6421 0.612 0.619 0.6537 0.6259 0.6306 0.6791 0.6444 0.6352 0.6908 0.6607 0.6444 0.7092 0.6769 0.6111 0.6111 0.671 0.6272 0.618 0.6757 0.6411 0.6249 0.6849 0.6433 0.6272 0.6849 0.6526 0.6272 0.6988 0.678 0.6411 0.7057 0.6941 0.6503
0.5211 1.0 0.1613 0.37 0.38 0.39 0.4 0.41 0.42 0.43 0.44 0.45 0.46 0.47 0.48 0.49 0.5 0.51 0.52 0.53 0.54 0.55 0.56 0.5372 0.5072 0.4842 0.5326 0.5096 0.4819 0.5233 0.5142 0.4842 0.5326 0.5372 0.498 0.551 0.5487 0.5072 0.5464 0.574 0.5233 0.5372 0.5856 0.6167 0.6236 0.6468 0.6167 0.619 0.6421 0.612 0.619 0.6537 0.6259 0.6306 0.6791 0.6444 0.6352 0.6908 0.6607 0.6444 0.7092 0.6769 0.6468 0.6111 0.671 0.6272 0.618 0.6757 0.6411 0.6249 0.6849 0.6433 0.6272 0.6849 0.6526 0.6272 0.6988 0.678 0.6411 0.7057 0.6941 0.6503 0.6964
0.5856 1.0 0.1767 0.38 0.39 0.4 0.41 0.42 0.43 0.44 0.45 0.46 0.47 0.48 0.49 0.5 0.51 0.52 0.53 0.54 0.55 0.56 0.57 0.5072 0.4842 0.5326 0.5096 0.4819 0.5233 0.5142 0.4842 0.5326 0.5372 0.498 0.551 0.5487 0.5072 0.5464 0.574 0.5233 0.5372 0.5856 0.5326 0.6236 0.6468 0.6167 0.619 0.6421 0.612 0.619 0.6537 0.6259 0.6306 0.6791 0.6444 0.6352 0.6908 0.6607 0.6444 0.7092 0.6769 0.6468 0.7069 0.671 0.6272 0.618 0.6757 0.6411 0.6249 0.6849 0.6433 0.6272 0.6849 0.6526 0.6272 0.6988 0.678 0.6411 0.7057 0.6941 0.6503 0.6964 0.701
0.5349 1.0 0.0383 0.39 0.4 0.41 0.42 0.43 0.44 0.45 0.46 0.47 0.48 0.49 0.5 0.51 0.52 0.53 0.54 0.55 0.56 0.57 0.58 0.4842 0.5326 0.5096 0.4819 0.5233 0.5142 0.4842 0.5326 0.5372 0.498 0.551 0.5487 0.5072 0.5464 0.574 0.5233 0.5372 0.5856 0.5326 0.5211 0.6468 0.6167 0.619 0.6421 0.612 0.619 0.6537 0.6259 0.6306 0.6791 0.6444 0.6352 0.6908 0.6607 0.6444 0.7092 0.6769 0.6468 0.7069 0.6884 0.6272 0.618 0.6757 0.6411 0.6249 0.6849 0.6433 0.6272 0.6849 0.6526 0.6272 0.6988 0.678 0.6411 0.7057 0.6941 0.6503 0.6964 0.701 0.6549
0.5027 1.0 0.215 0.4 0.41 0.42 0.43 0.44 0.45 0.46 0.47 0.48 0.49 0.5 0.51 0.52 0.53 0.54 0.55 0.56 0.57 0.58 0.59 0.5326 0.5096 0.4819 0.5233 0.5142 0.4842 0.5326 0.5372 0.498 0.551 0.5487 0.5072 0.5464 0.574 0.5233 0.5372 0.5856 0.5326 0.5211 0.5856 0.6167 0.619 0.6421 0.612 0.619 0.6537 0.6259 0.6306 0.6791 0.6444 0.6352 0.6908 0.6607 0.6444 0.7092 0.6769 0.6468 0.7069 0.6884 0.6491 0.618 0.6757 0.6411 0.6249 0.6849 0.6433 0.6272 0.6849 0.6526 0.6272 0.6988 0.678 0.6411 0.7057 0.6941 0.6503 0.6964 0.701 0.6549 0.6688
0.5787 1.0 0.169 0.41 0.42 0.43 0.44 0.45 0.46 0.47 0.48 0.49 0.5 0.51 0.52 0.53 0.54 0.55 0.56 0.57 0.58 0.59 0.6 0.5096 0.4819 0.5233 0.5142 0.4842 0.5326 0.5372 0.498 0.551 0.5487 0.5072 0.5464 0.574 0.5233 0.5372 0.5856 0.5326 0.5211 0.5856 0.5349 0.619 0.6421 0.612 0.619 0.6537 0.6259 0.6306 0.6791 0.6444 0.6352 0.6908 0.6607 0.6444 0.7092 0.6769 0.6468 0.7069 0.6884 0.6491 0.6884 0.6757 0.6411 0.6249 0.6849 0.6433 0.6272 0.6849 0.6526 0.6272 0.6988 0.678 0.6411 0.7057 0.6941 0.6503 0.6964 0.701 0.6549 0.6688 0.701
0.5372 1.0 0.1073 0.42 0.43 0.44 0.45 0.46 0.47 0.48 0.49 0.5 0.51 0.52 0.53 0.54 0.55 0.56 0.57 0.58 0.59 0.6 0.61 0.4819 0.5233 0.5142 0.4842 0.5326 0.5372 0.498 0.551 0.5487 0.5072 0.5464 0.574 0.5233 0.5372 0.5856 0.5326 0.5211 0.5856 0.5349 0.5027 0.6421 0.612 0.619 0.6537 0.6259 0.6306 0.6791 0.6444 0.6352 0.6908 0.6607 0.6444 0.7092 0.6769 0.6468 0.7069 0.6884 0.6491 0.6884 0.693 0.6411 0.6249 0.6849 0.6433 0.6272 0.6849 0.6526 0.6272 0.6988 0.678 0.6411 0.7057 0.6941 0.6503 0.6964 0.701 0.6549 0.6688 0.701 0.6503
0.4958 1.0 0.2533 0.43 0.44 0.45 0.46 0.47 0.48 0.49 0.5 0.51 0.52 0.53 0.54 0.55 0.56 0.57 0.58 0.59 0.6 0.61 0.62 0.5233 0.5142 0.4842 0.5326 0.5372 0.498 0.551 0.5487 0.5072 0.5464 0.574 0.5233 0.5372 0.5856 0.5326 0.5211 0.5856 0.5349 0.5027 0.5787 0.612 0.619 0.6537 0.6259 0.6306 0.6791 0.6444 0.6352 0.6908 0.6607 0.6444 0.7092 0.6769 0.6468 0.7069 0.6884 0.6491 0.6884 0.693 0.6513 0.6249 0.6849 0.6433 0.6272 0.6849 0.6526 0.6272 0.6988 0.678 0.6411 0.7057 0.6941 0.6503 0.6964 0.701 0.6549 0.6688 0.701 0.6503 0.6364
0.5464 1.0 0.1383 0.44 0.45 0.46 0.47 0.48 0.49 0.5 0.51 0.52 0.53 0.54 0.55 0.56 0.57 0.58 0.59 0.6 0.61 0.62 0.63 0.5142 0.4842 0.5326 0.5372 0.498 0.551 0.5487 0.5072 0.5464 0.574 0.5233 0.5372 0.5856 0.5326 0.5211 0.5856 0.5349 0.5027 0.5787 0.5372 0.619 0.6537 0.6259 0.6306 0.6791 0.6444 0.6352 0.6908 0.6607 0.6444 0.7092 0.6769 0.6468 0.7069 0.6884 0.6491 0.6884 0.693 0.6513 0.663 0.6849 0.6433 0.6272 0.6849 0.6526 0.6272 0.6988 0.678 0.6411 0.7057 0.6941 0.6503 0.6964 0.701 0.6549 0.6688 0.701 0.6503 0.6364 0.6964
0.5326 1.0 0.138 0.45 0.46 0.47 0.48 0.49 0.5 0.51 0.52 0.53 0.54 0.55 0.56 0.57 0.58 0.59 0.6 0.61 0.62 0.63 0.64 0.4842 0.5326 0.5372 0.498 0.551 0.5487 0.5072 0.5464 0.574 0.5233 0.5372 0.5856 0.5326 0.5211 0.5856 0.5349 0.5027 0.5787 0.5372 0.4958 0.6537 0.6259 0.6306 0.6791 0.6444 0.6352 0.6908 0.6607 0.6444 0.7092 0.6769 0.6468 0.7069 0.6884 0.6491 0.6884 0.693 0.6513 0.663 0.6953 0.6433 0.6272 0.6849 0.6526 0.6272 0.6988 0.678 0.6411 0.7057 0.6941 0.6503 0.6964 0.701 0.6549 0.6688 0.701 0.6503 0.6364 0.6964 0.6457
0.4934 1.0 0.1687 0.46 0.47 0.48 0.49 0.5 0.51 0.52 0.53 0.54 0.55 0.56 0.57 0.58 0.59 0.6 0.61 0.62 0.63 0.64 0.65 0.5326 0.5372 0.498 0.551 0.5487 0.5072 0.5464 0.574 0.5233 0.5372 0.5856 0.5326 0.5211 0.5856 0.5349 0.5027 0.5787 0.5372 0.4958 0.5464 0.6259 0.6306 0.6791 0.6444 0.6352 0.6908 0.6607 0.6444 0.7092 0.6769 0.6468 0.7069 0.6884 0.6491 0.6884 0.693 0.6513 0.663 0.6953 0.6513 0.6272 0.6849 0.6526 0.6272 0.6988 0.678 0.6411 0.7057 0.6941 0.6503 0.6964 0.701 0.6549 0.6688 0.701 0.6503 0.6364 0.6964 0.6457 0.6133
0.4704 1.0 0.046 0.47 0.48 0.49 0.5 0.51 0.52 0.53 0.54 0.55 0.56 0.57 0.58 0.59 0.6 0.61 0.62 0.63 0.64 0.65 0.66 0.5372 0.498 0.551 0.5487 0.5072 0.5464 0.574 0.5233 0.5372 0.5856 0.5326 0.5211 0.5856 0.5349 0.5027 0.5787 0.5372 0.4958 0.5464 0.5326 0.6306 0.6791 0.6444 0.6352 0.6908 0.6607 0.6444 0.7092 0.6769 0.6468 0.7069 0.6884 0.6491 0.6884 0.693 0.6513 0.663 0.6953 0.6513 0.6421 0.6849 0.6526 0.6272 0.6988 0.678 0.6411 0.7057 0.6941 0.6503 0.6964 0.701 0.6549 0.6688 0.701 0.6503 0.6364 0.6964 0.6457 0.6133 0.671
0.4451 1.0 0.1307 0.48 0.49 0.5 0.51 0.52 0.53 0.54 0.55 0.56 0.57 0.58 0.59 0.6 0.61 0.62 0.63 0.64 0.65 0.66 0.67 0.498 0.551 0.5487 0.5072 0.5464 0.574 0.5233 0.5372 0.5856 0.5326 0.5211 0.5856 0.5349 0.5027 0.5787 0.5372 0.4958 0.5464 0.5326 0.4934 0.6791 0.6444 0.6352 0.6908 0.6607 0.6444 0.7092 0.6769 0.6468 0.7069 0.6884 0.6491 0.6884 0.693 0.6513 0.663 0.6953 0.6513 0.6421 0.6908 0.6526 0.6272 0.6988 0.678 0.6411 0.7057 0.6941 0.6503 0.6964 0.701 0.6549 0.6688 0.701 0.6503 0.6364 0.6964 0.6457 0.6133 0.671 0.6433
0.4289 1.0 0.0767 0.49 0.5 0.51 0.52 0.53 0.54 0.55 0.56 0.57 0.58 0.59 0.6 0.61 0.62 0.63 0.64 0.65 0.66 0.67 0.68 0.551 0.5487 0.5072 0.5464 0.574 0.5233 0.5372 0.5856 0.5326 0.5211 0.5856 0.5349 0.5027 0.5787 0.5372 0.4958 0.5464 0.5326 0.4934 0.4704 0.6444 0.6352 0.6908 0.6607 0.6444 0.7092 0.6769 0.6468 0.7069 0.6884 0.6491 0.6884 0.693 0.6513 0.663 0.6953 0.6513 0.6421 0.6908 0.6583 0.6272 0.6988 0.678 0.6411 0.7057 0.6941 0.6503 0.6964 0.701 0.6549 0.6688 0.701 0.6503 0.6364 0.6964 0.6457 0.6133 0.671 0.6433 0.6111
0.4036 1.0 0.0843 0.5 0.51 0.52 0.53 0.54 0.55 0.56 0.57 0.58 0.59 0.6 0.61 0.62 0.63 0.64 0.65 0.66 0.67 0.68 0.69 0.5487 0.5072 0.5464 0.574 0.5233 0.5372 0.5856 0.5326 0.5211 0.5856 0.5349 0.5027 0.5787 0.5372 0.4958 0.5464 0.5326 0.4934 0.4704 0.4451 0.6352 0.6908 0.6607 0.6444 0.7092 0.6769 0.6468 0.7069 0.6884 0.6491 0.6884 0.693 0.6513 0.663 0.6953 0.6513 0.6421 0.6908 0.6583 0.6236 0.6988 0.678 0.6411 0.7057 0.6941 0.6503 0.6964 0.701 0.6549 0.6688 0.701 0.6503 0.6364 0.6964 0.6457 0.6133 0.671 0.6433 0.6111 0.5857
0.3852 1.0 0.054 0.51 0.52 0.53 0.54 0.55 0.56 0.57 0.58 0.59 0.6 0.61 0.62 0.63 0.64 0.65 0.66 0.67 0.68 0.69 0.7 0.5072 0.5464 0.574 0.5233 0.5372 0.5856 0.5326 0.5211 0.5856 0.5349 0.5027 0.5787 0.5372 0.4958 0.5464 0.5326 0.4934 0.4704 0.4451 0.4289 0.6908 0.6607 0.6444 0.7092 0.6769 0.6468 0.7069 0.6884 0.6491 0.6884 0.693 0.6513 0.663 0.6953 0.6513 0.6421 0.6908 0.6583 0.6236 0.5936 0.678 0.6411 0.7057 0.6941 0.6503 0.6964 0.701 0.6549 0.6688 0.701 0.6503 0.6364 0.6964 0.6457 0.6133 0.671 0.6433 0.6111 0.5857 0.5719
0.3713 1.0 0.0843 0.52 0.53 0.54 0.55 0.56 0.57 0.58 0.59 0.6 0.61 0.62 0.63 0.64 0.65 0.66 0.67 0.68 0.69 0.7 0.71 0.5464 0.574 0.5233 0.5372 0.5856 0.5326 0.5211 0.5856 0.5349 0.5027 0.5787 0.5372 0.4958 0.5464 0.5326 0.4934 0.4704 0.4451 0.4289 0.4036 0.6607 0.6444 0.7092 0.6769 0.6468 0.7069 0.6884 0.6491 0.6884 0.693 0.6513 0.663 0.6953 0.6513 0.6421 0.6908 0.6583 0.6236 0.5936 0.5773 0.6411 0.7057 0.6941 0.6503 0.6964 0.701 0.6549 0.6688 0.701 0.6503 0.6364 0.6964 0.6457 0.6133 0.671 0.6433 0.6111 0.5857 0.5719 0.5534
0.3529 1.0 0.0613 0.53 0.54 0.55 0.56 0.57 0.58 0.59 0.6 0.61 0.62 0.63 0.64 0.65 0.66 0.67 0.68 0.69 0.7 0.71 0.72 0.574 0.5233 0.5372 0.5856 0.5326 0.5211 0.5856 0.5349 0.5027 0.5787 0.5372 0.4958 0.5464 0.5326 0.4934 0.4704 0.4451 0.4289 0.4036 0.3852 0.6444 0.7092 0.6769 0.6468 0.7069 0.6884 0.6491 0.6884 0.693 0.6513 0.663 0.6953 0.6513 0.6421 0.6908 0.6583 0.6236 0.5936 0.5773 0.5564 0.7057 0.6941 0.6503 0.6964 0.701 0.6549 0.6688 0.701 0.6503 0.6364 0.6964 0.6457 0.6133 0.671 0.6433 0.6111 0.5857 0.5719 0.5534 0.5327
0.3322 1.0 0.0463 0.54 0.55 0.56 0.57 0.58 0.59 0.6 0.61 0.62 0.63 0.64 0.65 0.66 0.67 0.68 0.69 0.7 0.71 0.72 0.73 0.5233 0.5372 0.5856 0.5326 0.5211 0.5856 0.5349 0.5027 0.5787 0.5372 0.4958 0.5464 0.5326 0.4934 0.4704 0.4451 0.4289 0.4036 0.3852 0.3713 0.7092 0.6769 0.6468 0.7069 0.6884 0.6491 0.6884 0.693 0.6513 0.663 0.6953 0.6513 0.6421 0.6908 0.6583 0.6236 0.5936 0.5773 0.5564 0.531 0.6941 0.6503 0.6964 0.701 0.6549 0.6688 0.701 0.6503 0.6364 0.6964 0.6457 0.6133 0.671 0.6433 0.6111 0.5857 0.5719 0.5534 0.5327 0.5166
0.3276 1.0 0.0613 0.55 0.56 0.57 0.58 0.59 0.6 0.61 0.62 0.63 0.64 0.65 0.66 0.67 0.68 0.69 0.7 0.71 0.72 0.73 0.74 0.5372 0.5856 0.5326 0.5211 0.5856 0.5349 0.5027 0.5787 0.5372 0.4958 0.5464 0.5326 0.4934 0.4704 0.4451 0.4289 0.4036 0.3852 0.3713 0.3529 0.6769 0.6468 0.7069 0.6884 0.6491 0.6884 0.693 0.6513 0.663 0.6953 0.6513 0.6421 0.6908 0.6583 0.6236 0.5936 0.5773 0.5564 0.531 0.5171 0.6503 0.6964 0.701 0.6549 0.6688 0.701 0.6503 0.6364 0.6964 0.6457 0.6133 0.671 0.6433 0.6111 0.5857 0.5719 0.5534 0.5327 0.5166 0.5072
0.3092 1.0 0.069 0.56 0.57 0.58 0.59 0.6 0.61 0.62 0.63 0.64 0.65 0.66 0.67 0.68 0.69 0.7 0.71 0.72 0.73 0.74 0.75 0.5856 0.5326 0.5211 0.5856 0.5349 0.5027 0.5787 0.5372 0.4958 0.5464 0.5326 0.4934 0.4704 0.4451 0.4289 0.4036 0.3852 0.3713 0.3529 0.3322 0.6468 0.7069 0.6884 0.6491 0.6884 0.693 0.6513 0.663 0.6953 0.6513 0.6421 0.6908 0.6583 0.6236 0.5936 0.5773 0.5564 0.531 0.5171 0.5032 0.6964 0.701 0.6549 0.6688 0.701 0.6503 0.6364 0.6964 0.6457 0.6133 0.671 0.6433 0.6111 0.5857 0.5719 0.5534 0.5327 0.5166 0.5072 0.4866
0.2884 1.0 0.0153 0.57 0.58 0.59 0.6 0.61 0.62 0.63 0.64 0.65 0.66 0.67 0.68 0.69 0.7 0.71 0.72 0.73 0.74 0.75 0.76 0.5326 0.5211 0.5856 0.5349 0.5027 0.5787 0.5372 0.4958 0.5464 0.5326 0.4934 0.4704 0.4451 0.4289 0.4036 0.3852 0.3713 0.3529 0.3322 0.3276 0.7069 0.6884 0.6491 0.6884 0.693 0.6513 0.663 0.6953 0.6513 0.6421 0.6908 0.6583 0.6236 0.5936 0.5773 0.5564 0.531 0.5171 0.5032 0.4801 0.701 0.6549 0.6688 0.701 0.6503 0.6364 0.6964 0.6457 0.6133 0.671 0.6433 0.6111 0.5857 0.5719 0.5534 0.5327 0.5166 0.5072 0.4866 0.4703
0.2838 1.0 0.0613 0.58 0.59 0.6 0.61 0.62 0.63 0.64 0.65 0.66 0.67 0.68 0.69 0.7 0.71 0.72 0.73 0.74 0.75 0.76 0.77 0.5211 0.5856 0.5349 0.5027 0.5787 0.5372 0.4958 0.5464 0.5326 0.4934 0.4704 0.4451 0.4289 0.4036 0.3852 0.3713 0.3529 0.3322 0.3276 0.3092 0.6884 0.6491 0.6884 0.693 0.6513 0.663 0.6953 0.6513 0.6421 0.6908 0.6583 0.6236 0.5936 0.5773 0.5564 0.531 0.5171 0.5032 0.4801 0.4662 0.6549 0.6688 0.701 0.6503 0.6364 0.6964 0.6457 0.6133 0.671 0.6433 0.6111 0.5857 0.5719 0.5534 0.5327 0.5166 0.5072 0.4866 0.4703 0.4634
0.2747 1.0 0.0693 0.59 0.6 0.61 0.62 0.63 0.64 0.65 0.66 0.67 0.68 0.69 0.7 0.71 0.72 0.73 0.74 0.75 0.76 0.77 0.78 0.5856 0.5349 0.5027 0.5787 0.5372 0.4958 0.5464 0.5326 0.4934 0.4704 0.4451 0.4289 0.4036 0.3852 0.3713 0.3529 0.3322 0.3276 0.3092 0.2884 0.6491 0.6884 0.693 0.6513 0.663 0.6953 0.6513 0.6421 0.6908 0.6583 0.6236 0.5936 0.5773 0.5564 0.531 0.5171 0.5032 0.4801 0.4662 0.457 0.6688 0.701 0.6503 0.6364 0.6964 0.6457 0.6133 0.671 0.6433 0.6111 0.5857 0.5719 0.5534 0.5327 0.5166 0.5072 0.4866 0.4703 0.4634 0.445
0.2562 1.0 0.0153 0.6 0.61 0.62 0.63 0.64 0.65 0.66 0.67 0.68 0.69 0.7 0.71 0.72 0.73 0.74 0.75 0.76 0.77 0.78 0.79 0.5349 0.5027 0.5787 0.5372 0.4958 0.5464 0.5326 0.4934 0.4704 0.4451 0.4289 0.4036 0.3852 0.3713 0.3529 0.3322 0.3276 0.3092 0.2884 0.2838 0.6884 0.693 0.6513 0.663 0.6953 0.6513 0.6421 0.6908 0.6583 0.6236 0.5936 0.5773 0.5564 0.531 0.5171 0.5032 0.4801 0.4662 0.457 0.4361 0.701 0.6503 0.6364 0.6964 0.6457 0.6133 0.671 0.6433 0.6111 0.5857 0.5719 0.5534 0.5327 0.5166 0.5072 0.4866 0.4703 0.4634 0.445 0.4289
0.2516 1.0 0.0303 0.61 0.62 0.63 0.64 0.65 0.66 0.67 0.68 0.69 0.7 0.71 0.72 0.73 0.74 0.75 0.76 0.77 0.78 0.79 0.8 0.5027 0.5787 0.5372 0.4958 0.5464 0.5326 0.4934 0.4704 0.4451 0.4289 0.4036 0.3852 0.3713 0.3529 0.3322 0.3276 0.3092 0.2884 0.2838 0.2747 0.693 0.6513 0.663 0.6953 0.6513 0.6421 0.6908 0.6583 0.6236 0.5936 0.5773 0.5564 0.531 0.5171 0.5032 0.4801 0.4662 0.457 0.4361 0.4222 0.6503 0.6364 0.6964 0.6457 0.6133 0.671 0.6433 0.6111 0.5857 0.5719 0.5534 0.5327 0.5166 0.5072 0.4866 0.4703 0.4634 0.445 0.4289 0.4289
0.2493 1.0 0.0617 0.62 0.63 0.64 0.65 0.66 0.67 0.68 0.69 0.7 0.71 0.72 0.73 0.74 0.75 0.76 0.77 0.78 0.79 0.8 0.81 0.5787 0.5372 0.4958 0.5464 0.5326 0.4934 0.4704 0.4451 0.4289 0.4036 0.3852 0.3713 0.3529 0.3322 0.3276 0.3092 0.2884 0.2838 0.2747 0.2562 0.6513 0.663 0.6953 0.6513 0.6421 0.6908 0.6583 0.6236 0.5936 0.5773 0.5564 0.531 0.5171 0.5032 0.4801 0.4662 0.457 0.4361 0.4222 0.4199 0.6364 0.6964 0.6457 0.6133 0.671 0.6433 0.6111 0.5857 0.5719 0.5534 0.5327 0.5166 0.5072 0.4866 0.4703 0.4634 0.445 0.4289 0.4289 0.4127
0.2286 1.0 0.0153 0.63 0.64 0.65 0.66 0.67 0.68 0.69 0.7 0.71 0.72 0.73 0.74 0.75 0.76 0.77 0.78 0.79 0.8 0.81 0.82 0.5372 0.4958 0.5464 0.5326 0.4934 0.4704 0.4451 0.4289 0.4036 0.3852 0.3713 0.3529 0.3322 0.3276 0.3092 0.2884 0.2838 0.2747 0.2562 0.2516 0.663 0.6953 0.6513 0.6421 0.6908 0.6583 0.6236 0.5936 0.5773 0.5564 0.531 0.5171 0.5032 0.4801 0.4662 0.457 0.4361 0.4222 0.4199 0.4014 0.6964 0.6457 0.6133 0.671 0.6433 0.6111 0.5857 0.5719 0.5534 0.5327 0.5166 0.5072 0.4866 0.4703 0.4634 0.445 0.4289 0.4289 0.4127 0.3966
0.224 1.0 0.0077 0.64 0.65 0.66 0.67 0.68 0.69 0.7 0.71 0.72 0.73 0.74 0.75 0.76 0.77 0.78 0.79 0.8 0.81 0.82 0.83 0.4958 0.5464 0.5326 0.4934 0.4704 0.4451 0.4289 0.4036 0.3852 0.3713 0.3529 0.3322 0.3276 0.3092 0.2884 0.2838 0.2747 0.2562 0.2516 0.2493 0.6953 0.6513 0.6421 0.6908 0.6583 0.6236 0.5936 0.5773 0.5564 0.531 0.5171 0.5032 0.4801 0.4662 0.457 0.4361 0.4222 0.4199 0.4014 0.3876 0.6457 0.6133 0.671 0.6433 0.6111 0.5857 0.5719 0.5534 0.5327 0.5166 0.5072 0.4866 0.4703 0.4634 0.445 0.4289 0.4289 0.4127 0.3966 0.3966
0.2217 1.0 0.069 0.65 0.66 0.67 0.68 0.69 0.7 0.71 0.72 0.73 0.74 0.75 0.76 0.77 0.78 0.79 0.8 0.81 0.82 0.83 0.84 0.5464 0.5326 0.4934 0.4704 0.4451 0.4289 0.4036 0.3852 0.3713 0.3529 0.3322 0.3276 0.3092 0.2884 0.2838 0.2747 0.2562 0.2516 0.2493 0.2286 0.6513 0.6421 0.6908 0.6583 0.6236 0.5936 0.5773 0.5564 0.531 0.5171 0.5032 0.4801 0.4662 0.457 0.4361 0.4222 0.4199 0.4014 0.3876 0.3899 0.6133 0.671 0.6433 0.6111 0.5857 0.5719 0.5534 0.5327 0.5166 0.5072 0.4866 0.4703 0.4634 0.445 0.4289 0.4289 0.4127 0.3966 0.3966 0.385
0.2056 1.0 0.0153 0.66 0.67 0.68 0.69 0.7 0.71 0.72 0.73 0.74 0.75 0.76 0.77 0.78 0.79 0.8 0.81 0.82 0.83 0.84 0.85 0.5326 0.4934 0.4704 0.4451 0.4289 0.4036 0.3852 0.3713 0.3529 0.3322 0.3276 0.3092 0.2884 0.2838 0.2747 0.2562 0.2516 0.2493 0.2286 0.224 0.6421 0.6908 0.6583 0.6236 0.5936 0.5773 0.5564 0.531 0.5171 0.5032 0.4801 0.4662 0.457 0.4361 0.4222 0.4199 0.4014 0.3876 0.3899 0.3737 0.671 0.6433 0.6111 0.5857 0.5719 0.5534 0.5327 0.5166 0.5072 0.4866 0.4703 0.4634 0.445 0.4289 0.4289 0.4127 0.3966 0.3966 0.385 0.3689
0.194 1.0 0.0077 0.67 0.68 0.69 0.7 0.71 0.72 0.73 0.74 0.75 0.76 0.77 0.78 0.79 0.8 0.81 0.82 0.83 0.84 0.85 0.86 0.4934 0.4704 0.4451 0.4289 0.4036 0.3852 0.3713 0.3529 0.3322 0.3276 0.3092 0.2884 0.2838 0.2747 0.2562 0.2516 0.2493 0.2286 0.224 0.2217 0.6908 0.6583 0.6236 0.5936 0.5773 0.5564 0.531 0.5171 0.5032 0.4801 0.4662 0.457 0.4361 0.4222 0.4199 0.4014 0.3876 0.3899 0.3737 0.3598 0.6433 0.6111 0.5857 0.5719 0.5534 0.5327 0.5166 0.5072 0.4866 0.4703 0.4634 0.445 0.4289 0.4289 0.4127 0.3966 0.3966 0.385 0.3689 0.3666
0.1917 1.0 0.0537 0.68 0.69 0.7 0.71 0.72 0.73 0.74 0.75 0.76 0.77 0.78 0.79 0.8 0.81 0.82 0.83 0.84 0.85 0.86 0.87 0.4704 0.4451 0.4289 0.4036 0.3852 0.3713 0.3529 0.3322 0.3276 0.3092 0.2884 0.2838 0.2747 0.2562 0.2516 0.2493 0.2286 0.224 0.2217 0.2056 0.6583 0.6236 0.5936 0.5773 0.5564 0.531 0.5171 0.5032 0.4801 0.4662 0.457 0.4361 0.4222 0.4199 0.4014 0.3876 0.3899 0.3737 0.3598 0.3551 0.6111 0.5857 0.5719 0.5534 0.5327 0.5166 0.5072 0.4866 0.4703 0.4634 0.445 0.4289 0.4289 0.4127 0.3966 0.3966 0.385 0.3689 0.3666 0.3597
0.1756 1.0 0.0387 0.69 0.7 0.71 0.72 0.73 0.74 0.75 0.76 0.77 0.78 0.79 0.8 0.81 0.82 0.83 0.84 0.85 0.86 0.87 0.88 0.4451 0.4289 0.4036 0.3852 0.3713 0.3529 0.3322 0.3276 0.3092 0.2884 0.2838 0.2747 0.2562 0.2516 0.2493 0.2286 0.224 0.2217 0.2056 0.194 0.6236 0.5936 0.5773 0.5564 0.531 0.5171 0.5032 0.4801 0.4662 0.457 0.4361 0.4222 0.4199 0.4014 0.3876 0.3899 0.3737 0.3598 0.3551 0.3436 0.5857 0.5719 0.5534 0.5327 0.5166 0.5072 0.4866 0.4703 0.4634 0.445 0.4289 0.4289 0.4127 0.3966 0.3966 0.385 0.3689 0.3666 0.3597 0.3436
0.1663 1.0 0.0077 0.7 0.71 0.72 0.73 0.74 0.75 0.76 0.77 0.78 0.79 0.8 0.81 0.82 0.83 0.84 0.85 0.86 0.87 0.88 0.89 0.4289 0.4036 0.3852 0.3713 0.3529 0.3322 0.3276 0.3092 0.2884 0.2838 0.2747 0.2562 0.2516 0.2493 0.2286 0.224 0.2217 0.2056 0.194 0.1917 0.5936 0.5773 0.5564 0.531 0.5171 0.5032 0.4801 0.4662 0.457 0.4361 0.4222 0.4199 0.4014 0.3876 0.3899 0.3737 0.3598 0.3551 0.3436 0.3297 0.5719 0.5534 0.5327 0.5166 0.5072 0.4866 0.4703 0.4634 0.445 0.4289 0.4289 0.4127 0.3966 0.3966 0.385 0.3689 0.3666 0.3597 0.3436 0.3342
0.1594 1.0 0.0537 0.71 0.72 0.73 0.74 0.75 0.76 0.77 0.78 0.79 0.8 0.81 0.82 0.83 0.84 0.85 0.86 0.87 0.88 0.89 0.9 0.4036 0.3852 0.3713 0.3529 0.3322 0.3276 0.3092 0.2884 0.2838 0.2747 0.2562 0.2516 0.2493 0.2286 0.224 0.2217 0.2056 0.194 0.1917 0.1756 0.5773 0.5564 0.531 0.5171 0.5032 0.4801 0.4662 0.457 0.4361 0.4222 0.4199 0.4014 0.3876 0.3899 0.3737 0.3598 0.3551 0.3436 0.3297 0.3228 0.5534 0.5327 0.5166 0.5072 0.4866 0.4703 0.4634 0.445 0.4289 0.4289 0.4127 0.3966 0.3966 0.385 0.3689 0.3666 0.3597 0.3436 0.3342 0.3273
0.1502 1.0 0.031 0.72 0.73 0.74 0.75 0.76 0.77 0.78 0.79 0.8 0.81 0.82 0.83 0.84 0.85 0.86 0.87 0.88 0.89 0.9 0.91 0.3852 0.3713 0.3529 0.3322 0.3276 0.3092 0.2884 0.2838 0.2747 0.2562 0.2516 0.2493 0.2286 0.224 0.2217 0.2056 0.194 0.1917 0.1756 0.1663 0.5564 0.531 0.5171 0.5032 0.4801 0.4662 0.457 0.4361 0.4222 0.4199 0.4014 0.3876 0.3899 0.3737 0.3598 0.3551 0.3436 0.3297 0.3228 0.3158 0.5327 0.5166 0.5072 0.4866 0.4703 0.4634 0.445 0.4289 0.4289 0.4127 0.3966 0.3966 0.385 0.3689 0.3666 0.3597 0.3436 0.3342 0.3273 0.3158
0.141 1.0 0.023 0.73 0.74 0.75 0.76 0.77 0.78 0.79 0.8 0.81 0.82 0.83 0.84 0.85 0.86 0.87 0.88 0.89 0.9 0.91 0.92 0.3713 0.3529 0.3322 0.3276 0.3092 0.2884 0.2838 0.2747 0.2562 0.2516 0.2493 0.2286 0.224 0.2217 0.2056 0.194 0.1917 0.1756 0.1663 0.1594 0.531 0.5171 0.5032 0.4801 0.4662 0.457 0.4361 0.4222 0.4199 0.4014 0.3876 0.3899 0.3737 0.3598 0.3551 0.3436 0.3297 0.3228 0.3158 0.3042 0.5166 0.5072 0.4866 0.4703 0.4634 0.445 0.4289 0.4289 0.4127 0.3966 0.3966 0.385 0.3689 0.3666 0.3597 0.3436 0.3342 0.3273 0.3158 0.3066
0.1341 1.0 0.0307 0.74 0.75 0.76 0.77 0.78 0.79 0.8 0.81 0.82 0.83 0.84 0.85 0.86 0.87 0.88 0.89 0.9 0.91 0.92 0.93 0.3529 0.3322 0.3276 0.3092 0.2884 0.2838 0.2747 0.2562 0.2516 0.2493 0.2286 0.224 0.2217 0.2056 0.194 0.1917 0.1756 0.1663 0.1594 0.1502 0.5171 0.5032 0.4801 0.4662 0.457 0.4361 0.4222 0.4199 0.4014 0.3876 0.3899 0.3737 0.3598 0.3551 0.3436 0.3297 0.3228 0.3158 0.3042 0.295 0.5072 0.4866 0.4703 0.4634 0.445 0.4289 0.4289 0.4127 0.3966 0.3966 0.385 0.3689 0.3666 0.3597 0.3436 0.3342 0.3273 0.3158 0.3066 0.2997
0.1249 1.0 0.0307 0.75 0.76 0.77 0.78 0.79 0.8 0.81 0.82 0.83 0.84 0.85 0.86 0.87 0.88 0.89 0.9 0.91 0.92 0.93 0.94 0.3322 0.3276 0.3092 0.2884 0.2838 0.2747 0.2562 0.2516 0.2493 0.2286 0.224 0.2217 0.2056 0.194 0.1917 0.1756 0.1663 0.1594 0.1502 0.141 0.5032 0.4801 0.4662 0.457 0.4361 0.4222 0.4199 0.4014 0.3876 0.3899 0.3737 0.3598 0.3551 0.3436 0.3297 0.3228 0.3158 0.3042 0.295 0.288 0.4866 0.4703 0.4634 0.445 0.4289 0.4289 0.4127 0.3966 0.3966 0.385 0.3689 0.3666 0.3597 0.3436 0.3342 0.3273 0.3158 0.3066 0.2997 0.2881
0.1157 1.0 0.023 0.76 0.77 0.78 0.79 0.8 0.81 0.82 0.83 0.84 0.85 0.86 0.87 0.88 0.89 0.9 0.91 0.92 0.93 0.94 0.95 0.3276 0.3092 0.2884 0.2838 0.2747 0.2562 0.2516 0.2493 0.2286 0.224 0.2217 0.2056 0.194 0.1917 0.1756 0.1663 0.1594 0.1502 0.141 0.1341 0.4801 0.4662 0.457 0.4361 0.4222 0.4199 0.4014 0.3876 0.3899 0.3737 0.3598 0.3551 0.3436 0.3297 0.3228 0.3158 0.3042 0.295 0.288 0.2788 0.4703 0.4634 0.445 0.4289 0.4289 0.4127 0.3966 0.3966 0.385 0.3689 0.3666 0.3597 0.3436 0.3342 0.3273 0.3158 0.3066 0.2997 0.2881 0.2812
0.1111 1.0 0.0307 0.77 0.78 0.79 0.8 0.81 0.82 0.83 0.84 0.85 0.86 0.87 0.88 0.89 0.9 0.91 0.92 0.93 0.94 0.95 0.96 0.3092 0.2884 0.2838 0.2747 0.2562 0.2516 0.2493 0.2286 0.224 0.2217 0.2056 0.194 0.1917 0.1756 0.1663 0.1594 0.1502 0.141 0.1341 0.1249 0.4662 0.457 0.4361 0.4222 0.4199 0.4014 0.3876 0.3899 0.3737 0.3598 0.3551 0.3436 0.3297 0.3228 0.3158 0.3042 0.295 0.288 0.2788 0.2694 0.4634 0.445 0.4289 0.4289 0.4127 0.3966 0.3966 0.385 0.3689 0.3666 0.3597 0.3436 0.3342 0.3273 0.3158 0.3066 0.2997 0.2881 0.2812 0.2743
0.1064 1.0 0.0307 0.78 0.79 0.8 0.81 0.82 0.83 0.84 0.85 0.86 0.87 0.88 0.89 0.9 0.91 0.92 0.93 0.94 0.95 0.96 0.97 0.2884 0.2838 0.2747 0.2562 0.2516 0.2493 0.2286 0.224 0.2217 0.2056 0.194 0.1917 0.1756 0.1663 0.1594 0.1502 0.141 0.1341 0.1249 0.1157 0.457 0.4361 0.4222 0.4199 0.4014 0.3876 0.3899 0.3737 0.3598 0.3551 0.3436 0.3297 0.3228 0.3158 0.3042 0.295 0.288 0.2788 0.2694 0.2626 0.445 0.4289 0.4289 0.4127 0.3966 0.3966 0.385 0.3689 0.3666 0.3597 0.3436 0.3342 0.3273 0.3158 0.3066 0.2997 0.2881 0.2812 0.2743 0.2651
0.1618 1.0 0.0153 0.79 0.8 0.81 0.82 0.83 0.84 0.85 0.86 0.87 0.88 0.89 0.9 0.91 0.92 0.93 0.94 0.95 0.96 0.97 0.0 0.2838 0.2747 0.2562 0.2516 0.2493 0.2286 0.224 0.2217 0.2056 0.194 0.1917 0.1756 0.1663 0.1594 0.1502 0.141 0.1341 0.1249 0.1157 0.1111 0.4361 0.4222 0.4199 0.4014 0.3876 0.3899 0.3737 0.3598 0.3551 0.3436 0.3297 0.3228 0.3158 0.3042 0.295 0.288 0.2788 0.2694 0.2626 0.2672 0.4289 0.4289 0.4127 0.3966 0.3966 0.385 0.3689 0.3666 0.3597 0.3436 0.3342 0.3273 0.3158 0.3066 0.2997 0.2881 0.2812 0.2743 0.2651 0.2928
0.217 1.0 0.0157 0.8 0.81 0.82 0.83 0.84 0.85 0.86 0.87 0.88 0.89 0.9 0.91 0.92 0.93 0.94 0.95 0.96 0.97 0.0 0.01 0.2747 0.2562 0.2516 0.2493 0.2286 0.224 0.2217 0.2056 0.194 0.1917 0.1756 0.1663 0.1594 0.1502 0.141 0.1341 0.1249 0.1157 0.1111 0.1064 0.4222 0.4199 0.4014 0.3876 0.3899 0.3737 0.3598 0.3551 0.3436 0.3297 0.3228 0.3158 0.3042 0.295 0.288 0.2788 0.2694 0.2626 0.2672 0.3367 0.4289 0.4127 0.3966 0.3966 0.385 0.3689 0.3666 0.3597 0.3436 0.3342 0.3273 0.3158 0.3066 0.2997 0.2881 0.2812 0.2743 0.2651 0.2928 0.302
0.1917 1.0 0.1847 0.81 0.82 0.83 0.84 0.85 0.86 0.87 0.88 0.89 0.9 0.91 0.92 0.93 0.94 0.95 0.96 0.97 0.0 0.01 0.02 0.2562 0.2516 0.2493 0.2286 0.224 0.2217 0.2056 0.194 0.1917 0.1756 0.1663 0.1594 0.1502 0.141 0.1341 0.1249 0.1157 0.1111 0.1064 0.1618 0.4199 0.4014 0.3876 0.3899 0.3737 0.3598 0.3551 0.3436 0.3297 0.3228 0.3158 0.3042 0.295 0.288 0.2788 0.2694 0.2626 0.2672 0.3367 0.3158 0.4127 0.3966 0.3966 0.385 0.3689 0.3666 0.3597 0.3436 0.3342 0.3273 0.3158 0.3066 0.2997 0.2881 0.2812 0.2743 0.2651 0.2928 0.302 0.2836
0.2101 1.0 0.184 0.82 0.83 0.84 0.85 0.86 0.87 0.88 0.89 0.9 0.91 0.92 0.93 0.94 0.95 0.96 0.97 0.0 0.01 0.02 0.03 0.2516 0.2493 0.2286 0.224 0.2217 0.2056 0.194 0.1917 0.1756 0.1663 0.1594 0.1502 0.141 0.1341 0.1249 0.1157 0.1111 0.1064 0.1618 0.217 0.4014 0.3876 0.3899 0.3737 0.3598 0.3551 0.3436 0.3297 0.3228 0.3158 0.3042 0.295 0.288 0.2788 0.2694 0.2626 0.2672 0.3367 0.3158 0.2996 0.3966 0.3966 0.385 0.3689 0.3666 0.3597 0.3436 0.3342 0.3273 0.3158 0.3066 0.2997 0.2881 0.2812 0.2743 0.2651 0.2928 0.302 0.2836 0.3597
0.2816 1.0 0.0843 0.83 0.84 0.85 0.86 0.87 0.88 0.89 0.9 0.91 0.92 0.93 0.94 0.95 0.96 0.97 0.0 0.01 0.02 0.03 0.04 0.2493 0.2286 0.224 0.2217 0.2056 0.194 0.1917 0.1756 0.1663 0.1594 0.1502 0.141 0.1341 0.1249 0.1157 0.1111 0.1064 0.1618 0.217 0.1917 0.3876 0.3899 0.3737 0.3598 0.3551 0.3436 0.3297 0.3228 0.3158 0.3042 0.295 0.288 0.2788 0.2694 0.2626 0.2672 0.3367 0.3158 0.2996 0.376 0.3966 0.385 0.3689 0.3666 0.3597 0.3436 0.3342 0.3273 0.3158 0.3066 0.2997 0.2881 0.2812 0.2743 0.2651 0.2928 0.302 0.2836 0.3597 0.3689
0.2447 1.0 0.0613 0.84 0.85 0.86 0.87 0.88 0.89 0.9 0.91 0.92 0.93 0.94 0.95 0.96 0.97 0.0 0.01 0.02 0.03 0.04 0.05 0.2286 0.224 0.2217 0.2056 0.194 0.1917 0.1756 0.1663 0.1594 0.1502 0.141 0.1341 0.1249 0.1157 0.1111 0.1064 0.1618 0.217 0.1917 0.2101 0.3899 0.3737 0.3598 0.3551 0.3436 0.3297 0.3228 0.3158 0.3042 0.295 0.288 0.2788 0.2694 0.2626 0.2672 0.3367 0.3158 0.2996 0.376 0.3598 0.385 0.3689 0.3666 0.3597 0.3436 0.3342 0.3273 0.3158 0.3066 0.2997 0.2881 0.2812 0.2743 0.2651 0.2928 0.302 0.2836 0.3597 0.3689 0.3366
0.2331 1.0 0.2383 0.85 0.86 0.87 0.88 0.89 0.9 0.91 0.92 0.93 0.94 0.95 0.96 0.97 0.0 0.01 0.02 0.03 0.04 0.05 0.06 0.224 0.2217 0.2056 0.194 0.1917 0.1756 0.1663 0.1594 0.1502 0.141 0.1341 0.1249 0.1157 0.1111 0.1064 0.1618 0.217 0.1917 0.2101 0.2816 0.3737 0.3598 0.3551 0.3436 0.3297 0.3228 0.3158 0.3042 0.295 0.288 0.2788 0.2694 0.2626 0.2672 0.3367 0.3158 0.2996 0.376 0.3598 0.3367 0.3689 0.3666 0.3597 0.3436 0.3342 0.3273 0.3158 0.3066 0.2997 0.2881 0.2812 0.2743 0.2651 0.2928 0.302 0.2836 0.3597 0.3689 0.3366 0.3827
0.323 1.0 0.123 0.86 0.87 0.88 0.89 0.9 0.91 0.92 0.93 0.94 0.95 0.96 0.97 0.0 0.01 0.02 0.03 0.04 0.05 0.06 0.07 0.2217 0.2056 0.194 0.1917 0.1756 0.1663 0.1594 0.1502 0.141 0.1341 0.1249 0.1157 0.1111 0.1064 0.1618 0.217 0.1917 0.2101 0.2816 0.2447 0.3598 0.3551 0.3436 0.3297 0.3228 0.3158 0.3042 0.295 0.288 0.2788 0.2694 0.2626 0.2672 0.3367 0.3158 0.2996 0.376 0.3598 0.3367 0.3991 0.3666 0.3597 0.3436 0.3342 0.3273 0.3158 0.3066 0.2997 0.2881 0.2812 0.2743 0.2651 0.2928 0.302 0.2836 0.3597 0.3689 0.3366 0.3827 0.4127
0.2908 1.0 0.0387 0.87 0.88 0.89 0.9 0.91 0.92 0.93 0.94 0.95 0.96 0.97 0.0 0.01 0.02 0.03 0.04 0.05 0.06 0.07 0.08 0.2056 0.194 0.1917 0.1756 0.1663 0.1594 0.1502 0.141 0.1341 0.1249 0.1157 0.1111 0.1064 0.1618 0.217 0.1917 0.2101 0.2816 0.2447 0.2331 0.3551 0.3436 0.3297 0.3228 0.3158 0.3042 0.295 0.288 0.2788 0.2694 0.2626 0.2672 0.3367 0.3158 0.2996 0.376 0.3598 0.3367 0.3991 0.4014 0.3597 0.3436 0.3342 0.3273 0.3158 0.3066 0.2997 0.2881 0.2812 0.2743 0.2651 0.2928 0.302 0.2836 0.3597 0.3689 0.3366 0.3827 0.4127 0.3734
0.2584 1.0 0.2997 0.88 0.89 0.9 0.91 0.92 0.93 0.94 0.95 0.96 0.97 0.0 0.01 0.02 0.03 0.04 0.05 0.06 0.07 0.08 0.09 0.194 0.1917 0.1756 0.1663 0.1594 0.1502 0.141 0.1341 0.1249 0.1157 0.1111 0.1064 0.1618 0.217 0.1917 0.2101 0.2816 0.2447 0.2331 0.323 0.3436 0.3297 0.3228 0.3158 0.3042 0.295 0.288 0.2788 0.2694 0.2626 0.2672 0.3367 0.3158 0.2996 0.376 0.3598 0.3367 0.3991 0.4014 0.369 0.3436 0.3342 0.3273 0.3158 0.3066 0.2997 0.2881 0.2812 0.2743 0.2651 0.2928 0.302 0.2836 0.3597 0.3689 0.3366 0.3827 0.4127 0.3734 0.385
0.3391 1.0 0.1073 0.89 0.9 0.91 0.92 0.93 0.94 0.95 0.96 0.97 0.0 0.01 0.02 0.03 0.04 0.05 0.06 0.07 0.08 0.09 0.1 0.1917 0.1756 0.1663 0.1594 0.1502 0.141 0.1341 0.1249 0.1157 0.1111 0.1064 0.1618 0.217 0.1917 0.2101 0.2816 0.2447 0.2331 0.323 0.2908 0.3297 0.3228 0.3158 0.3042 0.295 0.288 0.2788 0.2694 0.2626 0.2672 0.3367 0.3158 0.2996 0.376 0.3598 0.3367 0.3991 0.4014 0.369 0.406 0.3342 0.3273 0.3158 0.3066 0.2997 0.2881 0.2812 0.2743 0.2651 0.2928 0.302 0.2836 0.3597 0.3689 0.3366 0.3827 0.4127 0.3734 0.385 0.4496
0.3299 1.0 0.108 0.9 0.91 0.92 0.93 0.94 0.95 0.96 0.97 0.0 0.01 0.02 0.03 0.04 0.05 0.06 0.07 0.08 0.09 0.1 0.11 0.1756 0.1663 0.1594 0.1502 0.141 0.1341 0.1249 0.1157 0.1111 0.1064 0.1618 0.217 0.1917 0.2101 0.2816 0.2447 0.2331 0.323 0.2908 0.2584 0.3228 0.3158 0.3042 0.295 0.288 0.2788 0.2694 0.2626 0.2672 0.3367 0.3158 0.2996 0.376 0.3598 0.3367 0.3991 0.4014 0.369 0.406 0.4408 0.3273 0.3158 0.3066 0.2997 0.2881 0.2812 0.2743 0.2651 0.2928 0.302 0.2836 0.3597 0.3689 0.3366 0.3827 0.4127 0.3734 0.385 0.4496 0.4058
0.293 1.0 0.269 0.91 0.92 0.93 0.94 0.95 0.96 0.97 0.0 0.01 0.02 0.03 0.04 0.05 0.06 0.07 0.08 0.09 0.1 0.11 0.12 0.1663 0.1594 0.1502 0.141 0.1341 0.1249 0.1157 0.1111 0.1064 0.1618 0.217 0.1917 0.2101 0.2816 0.2447 0.2331 0.323 0.2908 0.2584 0.3391 0.3158 0.3042 0.295 0.288 0.2788 0.2694 0.2626 0.2672 0.3367 0.3158 0.2996 0.376 0.3598 0.3367 0.3991 0.4014 0.369 0.406 0.4408 0.4038 0.3158 0.3066 0.2997 0.2881 0.2812 0.2743 0.2651 0.2928 0.302 0.2836 0.3597 0.3689 0.3366 0.3827 0.4127 0.3734 0.385 0.4496 0.4058 0.3897
0.3346 1.0 0.0307 0.92 0.93 0.94 0.95 0.96 0.97 0.0 0.01 0.02 0.03 0.04 0.05 0.06 0.07 0.08 0.09 0.1 0.11 0.12 0.13 0.1594 0.1502 0.141 0.1341 0.1249 0.1157 0.1111 0.1064 0.1618 0.217 0.1917 0.2101 0.2816 0.2447 0.2331 0.323 0.2908 0.2584 0.3391 0.3299 0.3042 0.295 0.288 0.2788 0.2694 0.2626 0.2672 0.3367 0.3158 0.2996 0.376 0.3598 0.3367 0.3991 0.4014 0.369 0.406 0.4408 0.4038 0.413 0.3066 0.2997 0.2881 0.2812 0.2743 0.2651 0.2928 0.302 0.2836 0.3597 0.3689 0.3366 0.3827 0.4127 0.3734 0.385 0.4496 0.4058 0.3897 0.4703
0.3668 1.0 0.123 0.93 0.94 0.95 0.96 0.97 0.0 0.01 0.02 0.03 0.04 0.05 0.06 0.07 0.08 0.09 0.1 0.11 0.12 0.13 0.14 0.1502 0.141 0.1341 0.1249 0.1157 0.1111 0.1064 0.1618 0.217 0.1917 0.2101 0.2816 0.2447 0.2331 0.323 0.2908 0.2584 0.3391 0.3299 0.293 0.295 0.288 0.2788 0.2694 0.2626 0.2672 0.3367 0.3158 0.2996 0.376 0.3598 0.3367 0.3991 0.4014 0.369 0.406 0.4408 0.4038 0.413 0.4801 0.2997 0.2881 0.2812 0.2743 0.2651 0.2928 0.302 0.2836 0.3597 0.3689 0.3366 0.3827 0.4127 0.3734 0.385 0.4496 0.4058 0.3897 0.4703 0.4403
0.3299 1.0 0.1387 0.94 0.95 0.96 0.97 0.0 0.01 0.02 0.03 0.04 0.05 0.06 0.07 0.08 0.09 0.1 0.11 0.12 0.13 0.14 0.15 0.141 0.1341 0.1249 0.1157 0.1111 0.1064 0.1618 0.217 0.1917 0.2101 0.2816 0.2447 0.2331 0.323 0.2908 0.2584 0.3391 0.3299 0.293 0.3346 0.288 0.2788 0.2694 0.2626 0.2672 0.3367 0.3158 0.2996 0.376 0.3598 0.3367 0.3991 0.4014 0.369 0.406 0.4408 0.4038 0.413 0.4801 0.4431 0.2881 0.2812 0.2743 0.2651 0.2928 0.302 0.2836 0.3597 0.3689 0.3366 0.3827 0.4127 0.3734 0.385 0.4496 0.4058 0.3897 0.4703 0.4403 0.415
0.3276 1.0 0.1073 0.95 0.96 0.97 0.0 0.01 0.02 0.03 0.04 0.05 0.06 0.07 0.08 0.09 0.1 0.11 0.12 0.13 0.14 0.15 0.16 0.1341 0.1249 0.1157 0.1111 0.1064 0.1618 0.217 0.1917 0.2101 0.2816 0.2447 0.2331 0.323 0.2908 0.2584 0.3391 0.3299 0.293 0.3346 0.3668 0.2788 0.2694 0.2626 0.2672 0.3367 0.3158 0.2996 0.376 0.3598 0.3367 0.3991 0.4014 0.369 0.406 0.4408 0.4038 0.413 0.4801 0.4431 0.4292 0.2812 0.2743 0.2651 0.2928 0.302 0.2836 0.3597 0.3689 0.3366 0.3827 0.4127 0.3734 0.385 0.4496 0.4058 0.3897 0.4703 0.4403 0.415 0.4727
0.3852 1.0 0.123 0.96 0.97 0.0 0.01 0.02 0.03 0.04 0.05 0.06 0.07 0.08 0.09 0.1 0.11 0.12 0.13 0.14 0.15 0.16 0.17 0.1249 0.1157 0.1111 0.1064 0.1618 0.217 0.1917 0.2101 0.2816 0.2447 0.2331 0.323 0.2908 0.2584 0.3391 0.3299 0.293 0.3346 0.3668 0.3299 0.2694 0.2626 0.2672 0.3367 0.3158 0.2996 0.376 0.3598 0.3367 0.3991 0.4014 0.369 0.406 0.4408 0.4038 0.413 0.4801 0.4431 0.4292 0.5032 0.2743 0.2651 0.2928 0.302 0.2836 0.3597 0.3689 0.3366 0.3827 0.4127 0.3734 0.385 0.4496 0.4058 0.3897 0.4703 0.4403 0.415 0.4727 0.475
0.3576 1.0 0.0077 0.97 0.0 0.01 0.02 0.03 0.04 0.05 0.06 0.07 0.08 0.09 0.1 0.11 0.12 0.13 0.14 0.15 0.16 0.17 0.18 0.1157 0.1111 0.1064 0.1618 0.217 0.1917 0.2101 0.2816 0.2447 0.2331 0.323 0.2908 0.2584 0.3391 0.3299 0.293 0.3346 0.3668 0.3299 0.3276 0.2626 0.2672 0.3367 0.3158 0.2996 0.376 0.3598 0.3367 0.3991 0.4014 0.369 0.406 0.4408 0.4038 0.413 0.4801 0.4431 0.4292 0.5032 0.4848 0.2651 0.2928 0.302 0.2836 0.3597 0.3689 0.3366 0.3827 0.4127 0.3734 0.385 0.4496 0.4058 0.3897 0.4703 0.4403 0.415 0.4727 0.475 0.4496
0.3391 1.0 0.192 0.0 0.01 0.02 0.03 0.04 0.05 0.06 0.07 0.08 0.09 0.1 0.11 0.12 0.13 0.14 0.15 0.16 0.17 0.18 0.19 0.1111 0.1064 0.1618 0.217 0.1917 0.2101 0.2816 0.2447 0.2331 0.323 0.2908 0.2584 0.3391 0.3299 0.293 0.3346 0.3668 0.3299 0.3276 0.3852 0.2672 0.3367 0.3158 0.2996 0.376 0.3598 0.3367 0.3991 0.4014 0.369 0.406 0.4408 0.4038 0.413 0.4801 0.4431 0.4292 0.5032 0.4848 0.4593 0.2928 0.302 0.2836 0.3597 0.3689 0.3366 0.3827 0.4127 0.3734 0.385 0.4496 0.4058 0.3897 0.4703 0.4403 0.415 0.4727 0.475 0.4496 0.475
0.3737 1.0 0.092 0.01 0.02 0.03 0.04 0.05 0.06 0.07 0.08 0.09 0.1 0.11 0.12 0.13 0.14 0.15 0.16 0.17 0.18 0.19 0.2 0.1064 0.1618 0.217 0.1917 0.2101 0.2816 0.2447 0.2331 0.323 0.2908 0.2584 0.3391 0.3299 0.293 0.3346 0.3668 0.3299 0.3276 0.3852 0.3576 0.3367 0.3158 0.2996 0.376 0.3598 0.3367 0.3991 0.4014 0.369 0.406 0.4408 0.4038 0.413 0.4801 0.4431 0.4292 0.5032 0.4848 0.4593 0.5056 0.302 0.2836 0.3597 0.3689 0.3366 0.3827 0.4127 0.3734 0.385 0.4496 0.4058 0.3897 0.4703 0.4403 0.415 0.4727 0.475 0.4496 0.475 0.498
0.3668 1.0 0.0617 0.02 0.03 0.04 0.05 0.06 0.07 0.08 0.09 0.1 0.11 0.12 0.13 0.14 0.15 0.16 0.17 0.18 0.19 0.2 0.21 0.1618 0.217 0.1917 0.2101 0.2816 0.2447 0.2331 0.323 0.2908 0.2584 0.3391 0.3299 0.293 0.3346 0.3668 0.3299 0.3276 0.3852 0.3576 0.3391 0.3158 0.2996 0.376 0.3598 0.3367 0.3991 0.4014 0.369 0.406 0.4408 0.4038 0.413 0.4801 0.4431 0.4292 0.5032 0.4848 0.4593 0.5056 0.5194 0.2836 0.3597 0.3689 0.3366 0.3827 0.4127 0.3734 0.385 0.4496 0.4058 0.3897 0.4703 0.4403 0.415 0.4727 0.475 0.4496 0.475 0.498 0.4703
0.3507 1.0 0.1153 0.03 0.04 0.05 0.06 0.07 0.08 0.09 0.1 0.11 0.12 0.13 0.14 0.15 0.16 0.17 0.18 0.19 0.2 0.21 0.22 0.217 0.1917 0.2101 0.2816 0.2447 0.2331 0.323 0.2908 0.2584 0.3391 0.3299 0.293 0.3346 0.3668 0.3299 0.3276 0.3852 0.3576 0.3391 0.3737 0.2996 0.376 0.3598 0.3367 0.3991 0.4014 0.369 0.406 0.4408 0.4038 0.413 0.4801 0.4431 0.4292 0.5032 0.4848 0.4593 0.5056 0.5194 0.4893 0.3597 0.3689 0.3366 0.3827 0.4127 0.3734 0.385 0.4496 0.4058 0.3897 0.4703 0.4403 0.415 0.4727 0.475 0.4496 0.475 0.498 0.4703 0.4727
0.3713 1.0 0.023 0.04 0.05 0.06 0.07 0.08 0.09 0.1 0.11 0.12 0.13 0.14 0.15 0.16 0.17 0.18 0.19 0.2 0.21 0.22 0.23 0.1917 0.2101 0.2816 0.2447 0.2331 0.323 0.2908 0.2584 0.3391 0.3299 0.293 0.3346 0.3668 0.3299 0.3276 0.3852 0.3576 0.3391 0.3737 0.3668 0.376 0.3598 0.3367 0.3991 0.4014 0.369 0.406 0.4408 0.4038 0.413 0.4801 0.4431 0.4292 0.5032 0.4848 0.4593 0.5056 0.5194 0.4893 0.4893 0.3689 0.3366 0.3827 0.4127 0.3734 0.385 0.4496 0.4058 0.3897 0.4703 0.4403 0.415 0.4727 0.475 0.4496 0.475 0.498 0.4703 0.4727 0.5188
0.4128 1.0 0.0537 0.05 0.06 0.07 0.08 0.09 0.1 0.11 0.12 0.13 0.14 0.15 0.16 0.17 0.18 0.19 0.2 0.21 0.22 0.23 0.24 0.2101 0.2816 0.2447 0.2331 0.323 0.2908 0.2584 0.3391 0.3299 0.293 0.3346 0.3668 0.3299 0.3276 0.3852 0.3576 0.3391 0.3737 0.3668 0.3507 0.3598 0.3367 0.3991 0.4014 0.369 0.406 0.4408 0.4038 0.413 0.4801 0.4431 0.4292 0.5032 0.4848 0.4593 0.5056 0.5194 0.4893 0.4893 0.5449 0.3366 0.3827 0.4127 0.3734 0.385 0.4496 0.4058 0.3897 0.4703 0.4403 0.415 0.4727 0.475 0.4496 0.475 0.498 0.4703 0.4727 0.5188 0.4958
0.3852 1.0 0.0687 0.06 0.07 0.08 0.09 0.1 0.11 0.12 0.13 0.14 0.15 0.16 0.17 0.18 0.19 0.2 0.21 0.22 0.23 0.24 0.25 0.2816 0.2447 0.2331 0.323 0.2908 0.2584 0.3391 0.3299 0.293 0.3346 0.3668 0.3299 0.3276 0.3852 0.3576 0.3391 0.3737 0.3668 0.3507 0.3713 0.3367 0.3991 0.4014 0.369 0.406 0.4408 0.4038 0.413 0.4801 0.4431 0.4292 0.5032 0.4848 0.4593 0.5056 0.5194 0.4893 0.4893 0.5449 0.5287 0.3827 0.4127 0.3734 0.385 0.4496 0.4058 0.3897 0.4703 0.4403 0.415 0.4727 0.475 0.4496 0.475 0.498 0.4703 0.4727 0.5188 0.4958 0.4888
0.3874 1.0 0.1383 0.07 0.08 0.09 0.1 0.11 0.12 0.13 0.14 0.15 0.16 0.17 0.18 0.19 0.2 0.21 0.22 0.23 0.24 0.25 0.26 0.2447 0.2331 0.323 0.2908 0.2584 0.3391 0.3299 0.293 0.3346 0.3668 0.3299 0.3276 0.3852 0.3576 0.3391 0.3737 0.3668 0.3507 0.3713 0.4128 0.3991 0.4014 0.369 0.406 0.4408 0.4038 0.413 0.4801 0.4431 0.4292 0.5032 0.4848 0.4593 0.5056 0.5194 0.4893 0.4893 0.5449 0.5287 0.5171 0.4127 0.3734 0.385 0.4496 0.4058 0.3897 0.4703 0.4403 0.415 0.4727 0.475 0.4496 0.475 0.498 0.4703 0.4727 0.5188 0.4958 0.4888 0.5096
0.4381 1.0 0.092 0.08 0.09 0.1 0.11 0.12 0.13 0.14 0.15 0.16 0.17 0.18 0.19 0.2 0.21 0.22 0.23 0.24 0.25 0.26 0.27 0.2331 0.323 0.2908 0.2584 0.3391 0.3299 0.293 0.3346 0.3668 0.3299 0.3276 0.3852 0.3576 0.3391 0.3737 0.3668 0.3507 0.3713 0.4128 0.3852 0.4014 0.369 0.406 0.4408 0.4038 0.413 0.4801 0.4431 0.4292 0.5032 0.4848 0.4593 0.5056 0.5194 0.4893 0.4893 0.5449 0.5287 0.5171 0.5611 0.3734 0.385 0.4496 0.4058 0.3897 0.4703 0.4403 0.415 0.4727 0.475 0.4496 0.475 0.498 0.4703 0.4727 0.5188 0.4958 0.4888 0.5096 0.5488
0.4381 1.0 0.0073 0.09 0.1 0.11 0.12 0.13 0.14 0.15 0.16 0.17 0.18 0.19 0.2 0.21 0.22 0.23 0.24 0.25 0.26 0.27 0.28 0.323 0.2908 0.2584 0.3391 0.3299 0.293 0.3346 0.3668 0.3299 0.3276 0.3852 0.3576 0.3391 0.3737 0.3668 0.3507 0.3713 0.4128 0.3852 0.3874 0.369 0.406 0.4408 0.4038 0.413 0.4801 0.4431 0.4292 0.5032 0.4848 0.4593 0.5056 0.5194 0.4893 0.4893 0.5449 0.5287 0.5171 0.5611 0.5727 0.385 0.4496 0.4058 0.3897 0.4703 0.4403 0.415 0.4727 0.475 0.4496 0.475 0.498 0.4703 0.4727 0.5188 0.4958 0.4888 0.5096 0.5488 0.528
0.4289 1.0 0.169 0.1 0.11 0.12 0.13 0.14 0.15 0.16 0.17 0.18 0.19 0.2 0.21 0.22 0.23 0.24 0.25 0.26 0.27 0.28 0.29 0.2908 0.2584 0.3391 0.3299 0.293 0.3346 0.3668 0.3299 0.3276 0.3852 0.3576 0.3391 0.3737 0.3668 0.3507 0.3713 0.4128 0.3852 0.3874 0.4381 0.406 0.4408 0.4038 0.413 0.4801 0.4431 0.4292 0.5032 0.4848 0.4593 0.5056 0.5194 0.4893 0.4893 0.5449 0.5287 0.5171 0.5611 0.5727 0.5496 0.4496 0.4058 0.3897 0.4703 0.4403 0.415 0.4727 0.475 0.4496 0.475 0.498 0.4703 0.4727 0.5188 0.4958 0.4888 0.5096 0.5488 0.528 0.5419
0.4681 1.0 0.0 0.11 0.12 0.13 0.14 0.15 0.16 0.17 0.18 0.19 0.2 0.21 0.22 0.23 0.24 0.25 0.26 0.27 0.28 0.29 0.3 0.2584 0.3391 0.3299 0.293 0.3346 0.3668 0.3299 0.3276 0.3852 0.3576 0.3391 0.3737 0.3668 0.3507 0.3713 0.4128 0.3852 0.3874 0.4381 0.4381 0.4408 0.4038 0.413 0.4801 0.4431 0.4292 0.5032 0.4848 0.4593 0.5056 0.5194 0.4893 0.4893 0.5449 0.5287 0.5171 0.5611 0.5727 0.5496 0.5658 0.4058 0.3897 0.4703 0.4403 0.415 0.4727 0.475 0.4496 0.475 0.498 0.4703 0.4727 0.5188 0.4958 0.4888 0.5096 0.5488 0.528 0.5419 0.6088
0.5003 1.0 0.0307 0.12 0.13 0.14 0.15 0.16 0.17 0.18 0.19 0.2 0.21 0.22 0.23 0.24 0.25 0.26 0.27 0.28 0.29 0.3 0.31 0.3391 0.3299 0.293 0.3346 0.3668 0.3299 0.3276 0.3852 0.3576 0.3391 0.3737 0.3668 0.3507 0.3713 0.4128 0.3852 0.3874 0.4381 0.4381 0.4289 0.4038 0.413 0.4801 0.4431 0.4292 0.5032 0.4848 0.4593 0.5056 0.5194 0.4893 0.4893 0.5449 0.5287 0.5171 0.5611 0.5727 0.5496 0.5658 0.6236 0.3897 0.4703 0.4403 0.415 0.4727 0.475 0.4496 0.475 0.498 0.4703 0.4727 0.5188 0.4958 0.4888 0.5096 0.5488 0.528 0.5419 0.6088 0.5788
0.4658 1.0 0.1307 0.13 0.14 0.15 0.16 0.17 0.18 0.19 0.2 0.21 0.22 0.23 0.24 0.25 0.26 0.27 0.28 0.29 0.3 0.31 0.32 0.3299 0.293 0.3346 0.3668 0.3299 0.3276 0.3852 0.3576 0.3391 0.3737 0.3668 0.3507 0.3713 0.4128 0.3852 0.3874 0.4381 0.4381 0.4289 0.4681 0.413 0.4801 0.4431 0.4292 0.5032 0.4848 0.4593 0.5056 0.5194 0.4893 0.4893 0.5449 0.5287 0.5171 0.5611 0.5727 0.5496 0.5658 0.6236 0.5912 0.4703 0.4403 0.415 0.4727 0.475 0.4496 0.475 0.498 0.4703 0.4727 0.5188 0.4958 0.4888 0.5096 0.5488 0.528 0.5419 0.6088 0.5788 0.5742
0.4797 1.0 0.1073 0.14 0.15 0.16 0.17 0.18 0.19 0.2 0.21 0.22 0.23 0.24 0.25 0.26 0.27 0.28 0.29 0.3 0.31 0.32 0.33 0.293 0.3346 0.3668 0.3299 0.3276 0.3852 0.3576 0.3391 0.3737 0.3668 0.3507 0.3713 0.4128 0.3852 0.3874 0.4381 0.4381 0.4289 0.4681 0.5003 0.4801 0.4431 0.4292 0.5032 0.4848 0.4593 0.5056 0.5194 0.4893 0.4893 0.5449 0.5287 0.5171 0.5611 0.5727 0.5496 0.5658 0.6236 0.5912 0.5866 0.4403 0.415 0.4727 0.475 0.4496 0.475 0.498 0.4703 0.4727 0.5188 0.4958 0.4888 0.5096 0.5488 0.528 0.5419 0.6088 0.5788 0.5742 0.6249
0.5211 1.0 0.115 0.15 0.16 0.17 0.18 0.19 0.2 0.21 0.22 0.23 0.24 0.25 0.26 0.27 0.28 0.29 0.3 0.31 0.32 0.33 0.34 0.3346 0.3668 0.3299 0.3276 0.3852 0.3576 0.3391 0.3737 0.3668 0.3507 0.3713 0.4128 0.3852 0.3874 0.4381 0.4381 0.4289 0.4681 0.5003 0.4658 0.4431 0.4292 0.5032 0.4848 0.4593 0.5056 0.5194 0.4893 0.4893 0.5449 0.5287 0.5171 0.5611 0.5727 0.5496 0.5658 0.6236 0.5912 0.5866 0.6374 0.415 0.4727 0.475 0.4496 0.475 0.498 0.4703 0.4727 0.5188 0.4958 0.4888 0.5096 0.5488 0.528 0.5419 0.6088 0.5788 0.5742 0.6249 0.6203
0.4797 1.0 0.0463 0.16 0.17 0.18 0.19 0.2 0.21 0.22 0.23 0.24 0.25 0.26 0.27 0.28 0.29 0.3 0.31 0.32 0.33 0.34 0.35 0.3668 0.3299 0.3276 0.3852 0.3576 0.3391 0.3737 0.3668 0.3507 0.3713 0.4128 0.3852 0.3874 0.4381 0.4381 0.4289 0.4681 0.5003 0.4658 0.4797 0.4292 0.5032 0.4848 0.4593 0.5056 0.5194 0.4893 0.4893 0.5449 0.5287 0.5171 0.5611 0.5727 0.5496 0.5658 0.6236 0.5912 0.5866 0.6374 0.612 0.4727 0.475 0.4496 0.475 0.498 0.4703 0.4727 0.5188 0.4958 0.4888 0.5096 0.5488 0.528 0.5419 0.6088 0.5788 0.5742 0.6249 0.6203 0.5972
0.4842 1.0 0.138 0.17 0.18 0.19 0.2 0.21 0.22 0.23 0.24 0.25 0.26 0.27 0.28 0.29 0.3 0.31 0.32 0.33 0.34 0.35 0.36 0.3299 0.3276 0.3852 0.3576 0.3391 0.3737 0.3668 0.3507 0.3713 0.4128 0.3852 0.3874 0.4381 0.4381 0.4289 0.4681 0.5003 0.4658 0.4797 0.5211 0.5032 0.4848 0.4593 0.5056 0.5194 0.4893 0.4893 0.5449 0.5287 0.5171 0.5611 0.5727 0.5496 0.5658 0.6236 0.5912 0.5866 0.6374 0.612 0.5981 0.475 0.4496 0.475 0.498 0.4703 0.4727 0.5188 0.4958 0.4888 0.5096 0.5488 0.528 0.5419 0.6088 0.5788 0.5742 0.6249 0.6203 0.5972 0.6341
0.5188 1.0 0.138 0.18 0.19 0.2 0.21 0.22 0.23 0.24 0.25 0.26 0.27 0.28 0.29 0.3 0.31 0.32 0.33 0.34 0.35 0.36 0.37 0.3276 0.3852 0.3576 0.3391 0.3737 0.3668 0.3507 0.3713 0.4128 0.3852 0.3874 0.4381 0.4381 0.4289 0.4681 0.5003 0.4658 0.4797 0.5211 0.4797 0.4848 0.4593 0.5056 0.5194 0.4893 0.4893 0.5449 0.5287 0.5171 0.5611 0.5727 0.5496 0.5658 0.6236 0.5912 0.5866 0.6374 0.612 0.5981 0.6306 0.4496 0.475 0.498 0.4703 0.4727 0.5188 0.4958 0.4888 0.5096 0.5488 0.528 0.5419 0.6088 0.5788 0.5742 0.6249 0.6203 0.5972 0.6341 0.6457
0.4797 1.0 0.015 0.19 0.2 0.21 0.22 0.23 0.24 0.25 0.26 0.27 0.28 0.29 0.3 0.31 0.32 0.33 0.34 0.35 0.36 0.37 0.38 0.3852 0.3576 0.3391 0.3737 0.3668 0.3507 0.3713 0.4128 0.3852 0.3874 0.4381 0.4381 0.4289 0.4681 0.5003 0.4658 0.4797 0.5211 0.4797 0.4842 0.4593 0.5056 0.5194 0.4893 0.4893 0.5449 0.5287 0.5171 0.5611 0.5727 0.5496 0.5658 0.6236 0.5912 0.5866 0.6374 0.612 0.5981 0.6306 0.612 0.475 0.498 0.4703 0.4727 0.5188 0.4958 0.4888 0.5096 0.5488 0.528 0.5419 0.6088 0.5788 0.5742 0.6249 0.6203 0.5972 0.6341 0.6457 0.6111
0.4866 1.0 0.1153 0.2 0.21 0.22 0.23 0.24 0.25 0.26 0.27 0.28 0.29 0.3 0.31 0.32 0.33 0.34 0.35 0.36 0.37 0.38 0.39 0.3576 0.3391 0.3737 0.3668 0.3507 0.3713 0.4128 0.3852 0.3874 0.4381 0.4381 0.4289 0.4681 0.5003 0.4658 0.4797 0.5211 0.4797 0.4842 0.5188 0.5056 0.5194 0.4893 0.4893 0.5449 0.5287 0.5171 0.5611 0.5727 0.5496 0.5658 0.6236 0.5912 0.5866 0.6374 0.612 0.5981 0.6306 0.612 0.6004 0.498 0.4703 0.4727 0.5188 0.4958 0.4888 0.5096 0.5488 0.528 0.5419 0.6088 0.5788 0.5742 0.6249 0.6203 0.5972 0.6341 0.6457 0.6111 0.6503
0.5257 1.0 0.1303 0.21 0.22 0.23 0.24 0.25 0.26 0.27 0.28 0.29 0.3 0.31 0.32 0.33 0.34 0.35 0.36 0.37 0.38 0.39 0.4 0.3391 0.3737 0.3668 0.3507 0.3713 0.4128 0.3852 0.3874 0.4381 0.4381 0.4289 0.4681 0.5003 0.4658 0.4797 0.5211 0.4797 0.4842 0.5188 0.4797 0.5194 0.4893 0.4893 0.5449 0.5287 0.5171 0.5611 0.5727 0.5496 0.5658 0.6236 0.5912 0.5866 0.6374 0.612 0.5981 0.6306 0.612 0.6004 0.6236 0.4703 0.4727 0.5188 0.4958 0.4888 0.5096 0.5488 0.528 0.5419 0.6088 0.5788 0.5742 0.6249 0.6203 0.5972 0.6341 0.6457 0.6111 0.6503 0.6526
0.4842 1.0 0.023 0.22 0.23 0.24 0.25 0.26 0.27 0.28 0.29 0.3 0.31 0.32 0.33 0.34 0.35 0.36 0.37 0.38 0.39 0.4 0.41 0.3737 0.3668 0.3507 0.3713 0.4128 0.3852 0.3874 0.4381 0.4381 0.4289 0.4681 0.5003 0.4658 0.4797 0.5211 0.4797 0.4842 0.5188 0.4797 0.4866 0.4893 0.4893 0.5449 0.5287 0.5171 0.5611 0.5727 0.5496 0.5658 0.6236 0.5912 0.5866 0.6374 0.612 0.5981 0.6306 0.612 0.6004 0.6236 0.6167 0.4727 0.5188 0.4958 0.4888 0.5096 0.5488 0.528 0.5419 0.6088 0.5788 0.5742 0.6249 0.6203 0.5972 0.6341 0.6457 0.6111 0.6503 0.6526 0.6133
0.5003 1.0 0.1303 0.23 0.24 0.25 0.26 0.27 0.28 0.29 0.3 0.31 0.32 0.33 0.34 0.35 0.36 0.37 0.38 0.39 0.4 0.41 0.42 0.3668 0.3507 0.3713 0.4128 0.3852 0.3874 0.4381 0.4381 0.4289 0.4681 0.5003 0.4658 0.4797 0.5211 0.4797 0.4842 0.5188 0.4797 0.4866 0.5257 0.4893 0.5449 0.5287 0.5171 0.5611 0.5727 0.5496 0.5658 0.6236 0.5912 0.5866 0.6374 0.612 0.5981 0.6306 0.612 0.6004 0.6236 0.6167 0.6051 0.5188 0.4958 0.4888 0.5096 0.5488 0.528 0.5419 0.6088 0.5788 0.5742 0.6249 0.6203 0.5972 0.6341 0.6457 0.6111 0.6503 0.6526 0.6133 0.648
0.5349 1.0 0.1383 0.24 0.25 0.26 0.27 0.28 0.29 0.3 0.31 0.32 0.33 0.34 0.35 0.36 0.37 0.38 0.39 0.4 0.41 0.42 0.43 0.3507 0.3713 0.4128 0.3852 0.3874 0.4381 0.4381 0.4289 0.4681 0.5003 0.4658 0.4797 0.5211 0.4797 0.4842 0.5188 0.4797 0.4866 0.5257 0.4842 0.5449 0.5287 0.5171 0.5611 0.5727 0.5496 0.5658 0.6236 0.5912 0.5866 0.6374 0.612 0.5981 0.6306 0.612 0.6004 0.6236 0.6167 0.6051 0.6398 0.4958 0.4888 0.5096 0.5488 0.528 0.5419 0.6088 0.5788 0.5742 0.6249 0.6203 0.5972 0.6341 0.6457 0.6111 0.6503 0.6526 0.6133 0.648 0.6411
0.4888 1.0 0.0537 0.25 0.26 0.27 0.28 0.29 0.3 0.31 0.32 0.33 0.34 0.35 0.36 0.37 0.38 0.39 0.4 0.41 0.42 0.43 0.44 0.3713 0.4128 0.3852 0.3874 0.4381 0.4381 0.4289 0.4681 0.5003 0.4658 0.4797 0.5211 0.4797 0.4842 0.5188 0.4797 0.4866 0.5257 0.4842 0.5003 0.5287 0.5171 0.5611 0.5727 0.5496 0.5658 0.6236 0.5912 0.5866 0.6374 0.612 0.5981 0.6306 0.612 0.6004 0.6236 0.6167 0.6051 0.6398 0.6259 0.4888 0.5096 0.5488 0.528 0.5419 0.6088 0.5788 0.5742 0.6249 0.6203 0.5972 0.6341 0.6457 0.6111 0.6503 0.6526 0.6133 0.648 0.6411 0.6088
0.4958 1.0 0.1153 0.26 0.27 0.28 0.29 0.3 0.31 0.32 0.33 0.34 0.35 0.36 0.37 0.38 0.39 0.4 0.41 0.42 0.43 0.44 0.45 0.4128 0.3852 0.3874 0.4381 0.4381 0.4289 0.4681 0.5003 0.4658 0.4797 0.5211 0.4797 0.4842 0.5188 0.4797 0.4866 0.5257 0.4842 0.5003 0.5349 0.5171 0.5611 0.5727 0.5496 0.5658 0.6236 0.5912 0.5866 0.6374 0.612 0.5981 0.6306 0.612 0.6004 0.6236 0.6167 0.6051 0.6398 0.6259 0.6098 0.5096 0.5488 0.528 0.5419 0.6088 0.5788 0.5742 0.6249 0.6203 0.5972 0.6341 0.6457 0.6111 0.6503 0.6526 0.6133 0.648 0.6411 0.6088 0.6457
0.5418 1.0 0.1537 0.27 0.28 0.29 0.3 0.31 0.32 0.33 0.34 0.35 0.36 0.37 0.38 0.39 0.4 0.41 0.42 0.43 0.44 0.45 0.46 0.3852 0.3874 0.4381 0.4381 0.4289 0.4681 0.5003 0.4658 0.4797 0.5211 0.4797 0.4842 0.5188 0.4797 0.4866 0.5257 0.4842 0.5003 0.5349 0.4888 0.5611 0.5727 0.5496 0.5658 0.6236 0.5912 0.5866 0.6374 0.612 0.5981 0.6306 0.612 0.6004 0.6236 0.6167 0.6051 0.6398 0.6259 0.6098 0.6513 0.5488 0.528 0.5419 0.6088 0.5788 0.5742 0.6249 0.6203 0.5972 0.6341 0.6457 0.6111 0.6503 0.6526 0.6133 0.648 0.6411 0.6088 0.6457 0.6596
0.5003 1.0 0.0233 0.28 0.29 0.3 0.31 0.32 0.33 0.34 0.35 0.36 0.37 0.38 0.39 0.4 0.41 0.42 0.43 0.44 0.45 0.46 0.47 0.3874 0.4381 0.4381 0.4289 0.4681 0.5003 0.4658 0.4797 0.5211 0.4797 0.4842 0.5188 0.4797 0.4866 0.5257 0.4842 0.5003 0.5349 0.4888 0.4958 0.5727 0.5496 0.5658 0.6236 0.5912 0.5866 0.6374 0.612 0.5981 0.6306 0.612 0.6004 0.6236 0.6167 0.6051 0.6398 0.6259 0.6098 0.6513 0.6329 0.528 0.5419 0.6088 0.5788 0.5742 0.6249 0.6203 0.5972 0.6341 0.6457 0.6111 0.6503 0.6526 0.6133 0.648 0.6411 0.6088 0.6457 0.6596 0.6203
0.5072 1.0 0.1533 0.29 0.3 0.31 0.32 0.33 0.34 0.35 0.36 0.37 0.38 0.39 0.4 0.41 0.42 0.43 0.44 0.45 0.46 0.47 0.48 0.4381 0.4381 0.4289 0.4681 0.5003 0.4658 0.4797 0.5211 0.4797 0.4842 0.5188 0.4797 0.4866 0.5257 0.4842 0.5003 0.5349 0.4888 0.4958 0.5418 0.5496 0.5658 0.6236 0.5912 0.5866 0.6374 0.612 0.5981 0.6306 0.612 0.6004 0.6236 0.6167 0.6051 0.6398 0.6259 0.6098 0.6513 0.6329 0.612 0.5419 0.6088 0.5788 0.5742 0.6249 0.6203 0.5972 0.6341 0.6457 0.6111 0.6503 0.6526 0.6133 0.648 0.6411 0.6088 0.6457 0.6596 0.6203 0.6688
0.5671 1.0 0.1383 0.3 0.31 0.32 0.33 0.34 0.35 0.36 0.37 0.38 0.39 0.4 0.41 0.42 0.43 0.44 0.45 0.46 0.47 0.48 0.49 0.4381 0.4289 0.4681 0.5003 0.4658 0.4797 0.5211 0.4797 0.4842 0.5188 0.4797 0.4866 0.5257 0.4842 0.5003 0.5349 0.4888 0.4958 0.5418 0.5003 0.5658 0.6236 0.5912 0.5866 0.6374 0.612 0.5981 0.6306 0.612 0.6004 0.6236 0.6167 0.6051 0.6398 0.6259 0.6098 0.6513 0.6329 0.612 0.663 0.6088 0.5788 0.5742 0.6249 0.6203 0.5972 0.6341 0.6457 0.6111 0.6503 0.6526 0.6133 0.648 0.6411 0.6088 0.6457 0.6596 0.6203 0.6688 0.6757
0.5188 1.0 0.023 0.31 0.32 0.33 0.34 0.35 0.36 0.37 0.38 0.39 0.4 0.41 0.42 0.43 0.44 0.45 0.46 0.47 0.48 0.49 0.5 0.4289 0.4681 0.5003 0.4658 0.4797 0.5211 0.4797 0.4842 0.5188 0.4797 0.4866 0.5257 0.4842 0.5003 0.5349 0.4888 0.4958 0.5418 0.5003 0.5072 0.6236 0.5912 0.5866 0.6374 0.612 0.5981 0.6306 0.612 0.6004 0.6236 0.6167 0.6051 0.6398 0.6259 0.6098 0.6513 0.6329 0.612 0.663 0.656 0.5788 0.5742 0.6249 0.6203 0.5972 0.6341 0.6457 0.6111 0.6503 0.6526 0.6133 0.648 0.6411 0.6088 0.6457 0.6596 0.6203 0.6688 0.6757 0.6319
0.5072 1.0 0.1997 0.32 0.33 0.34 0.35 0.36 0.37 0.38 0.39 0.4 0.41 0.42 0.43 0.44 0.45 0.46 0.47 0.48 0.49 0.5 0.51 0.4681 0.5003 0.4658 0.4797 0.5211 0.4797 0.4842 0.5188 0.4797 0.4866 0.5257 0.4842 0.5003 0.5349 0.4888 0.4958 0.5418 0.5003 0.5072 0.5671 0.5912 0.5866 0.6374 0.612 0.5981 0.6306 0.612 0.6004 0.6236 0.6167 0.6051 0.6398 0.6259 0.6098 0.6513 0.6329 0.612 0.663 0.656 0.6282 0.5742 0.6249 0.6203 0.5972 0.6341 0.6457 0.6111 0.6503 0.6526 0.6133 0.648 0.6411 0.6088 0.6457 0.6596 0.6203 0.6688 0.6757 0.6319 0.6688
0.5832 1.0 0.161 0.33 0.34 0.35 0.36 0.37 0.38 0.39 0.4 0.41 0.42 0.43 0.44 0.45 0.46 0.47 0.48 0.49 0.5 0.51 0.52 0.5003 0.4658 0.4797 0.5211 0.4797 0.4842 0.5188 0.4797 0.4866 0.5257 0.4842 0.5003 0.5349 0.4888 0.4958 0.5418 0.5003 0.5072 0.5671 0.5188 0.5866 0.6374 0.612 0.5981 0.6306 0.612 0.6004 0.6236 0.6167 0.6051 0.6398 0.6259 0.6098 0.6513 0.6329 0.612 0.663 0.656 0.6282 0.6791 0.6249 0.6203 0.5972 0.6341 0.6457 0.6111 0.6503 0.6526 0.6133 0.648 0.6411 0.6088 0.6457 0.6596 0.6203 0.6688 0.6757 0.6319 0.6688 0.6988
0.5372 1.0 0.0387 0.34 0.35 0.36 0.37 0.38 0.39 0.4 0.41 0.42 0.43 0.44 0.45 0.46 0.47 0.48 0.49 0.5 0.51 0.52 0.53 0.4658 0.4797 0.5211 0.4797 0.4842 0.5188 0.4797 0.4866 0.5257 0.4842 0.5003 0.5349 0.4888 0.4958 0.5418 0.5003 0.5072 0.5671 0.5188 0.5072 0.6374 0.612 0.5981 0.6306 0.612 0.6004 0.6236 0.6167 0.6051 0.6398 0.6259 0.6098 0.6513 0.6329 0.612 0.663 0.656 0.6282 0.6791 0.6769 0.6203 0.5972 0.6341 0.6457 0.6111 0.6503 0.6526 0.6133 0.648 0.6411 0.6088 0.6457 0.6596 0.6203 0.6688 0.6757 0.6319 0.6688 0.6988 0.6503
0.505 1.0 0.2533 0.35 0.36 0.37 0.38 0.39 0.4 0.41 0.42 0.43 0.44 0.45 0.46 0.47 0.48 0.49 0.5 0.51 0.52 0.53 0.54 0.4797 0.5211 0.4797 0.4842 0.5188 0.4797 0.4866 0.5257 0.4842 0.5003 0.5349 0.4888 0.4958 0.5418 0.5003 0.5072 0.5671 0.5188 0.5072 0.5832 0.612 0.5981 0.6306 0.612 0.6004 0.6236 0.6167 0.6051 0.6398 0.6259 0.6098 0.6513 0.6329 0.612 0.663 0.656 0.6282 0.6791 0.6769 0.6444 0.5972 0.6341 0.6457 0.6111 0.6503 0.6526 0.6133 0.648 0.6411 0.6088 0.6457 0.6596 0.6203 0.6688 0.6757 0.6319 0.6688 0.6988 0.6503 0.6664
0.581 1.0 0.1533 0.36 0.37 0.38 0.39 0.4 0.41 0.42 0.43 0.44 0.45 0.46 0.47 0.48 0.49 0.5 0.51 0.52 0.53 0.54 0.55 0.5211 0.4797 0.4842 0.5188 0.4797 0.4866 0.5257 0.4842 0.5003 0.5349 0.4888 0.4958 0.5418 0.5003 0.5072 0.5671 0.5188 0.5072 0.5832 0.5372 0.5981 0.6306 0.612 0.6004 0.6236 0.6167 0.6051 0.6398 0.6259 0.6098 0.6513 0.6329 0.612 0.663 0.656 0.6282 0.6791 0.6769 0.6444 0.6838 0.6341 0.6457 0.6111 0.6503 0.6526 0.6133 0.648 0.6411 0.6088 0.6457 0.6596 0.6203 0.6688 0.6757 0.6319 0.6688 0.6988 0.6503 0.6664 0.7126
0.5441 1.0 0.1073 0.37 0.38 0.39 0.4 0.41 0.42 0.43 0.44 0.45 0.46 0.47 0.48 0.49 0.5 0.51 0.52 0.53 0.54 0.55 0.56 0.4797 0.4842 0.5188 0.4797 0.4866 0.5257 0.4842 0.5003 0.5349 0.4888 0.4958 0.5418 0.5003 0.5072 0.5671 0.5188 0.5072 0.5832 0.5372 0.505 0.6306 0.612 0.6004 0.6236 0.6167 0.6051 0.6398 0.6259 0.6098 0.6513 0.6329 0.612 0.663 0.656 0.6282 0.6791 0.6769 0.6444 0.6838 0.693 0.6457 0.6111 0.6503 0.6526 0.6133 0.648 0.6411 0.6088 0.6457 0.6596 0.6203 0.6688 0.6757 0.6319 0.6688 0.6988 0.6503 0.6664 0.7126 0.6596
0.498 1.0 0.2533 0.38 0.39 0.4 0.41 0.42 0.43 0.44 0.45 0.46 0.47 0.48 0.49 0.5 0.51 0.52 0.53 0.54 0.55 0.56 0.57 0.4842 0.5188 0.4797 0.4866 0.5257 0.4842 0.5003 0.5349 0.4888 0.4958 0.5418 0.5003 0.5072 0.5671 0.5188 0.5072 0.5832 0.5372 0.505 0.581 0.612 0.6004 0.6236 0.6167 0.6051 0.6398 0.6259 0.6098 0.6513 0.6329 0.612 0.663 0.656 0.6282 0.6791 0.6769 0.6444 0.6838 0.693 0.6513 0.6111 0.6503 0.6526 0.6133 0.648 0.6411 0.6088 0.6457 0.6596 0.6203 0.6688 0.6757 0.6319 0.6688 0.6988 0.6503 0.6664 0.7126 0.6596 0.6549
0.5718 1.0 0.123 0.39 0.4 0.41 0.42 0.43 0.44 0.45 0.46 0.47 0.48 0.49 0.5 0.51 0.52 0.53 0.54 0.55 0.56 0.57 0.58 0.5188 0.4797 0.4866 0.5257 0.4842 0.5003 0.5349 0.4888 0.4958 0.5418 0.5003 0.5072 0.5671 0.5188 0.5072 0.5832 0.5372 0.505 0.581 0.5441 0.6004 0.6236 0.6167 0.6051 0.6398 0.6259 0.6098 0.6513 0.6329 0.612 0.663 0.656 0.6282 0.6791 0.6769 0.6444 0.6838 0.693 0.6513 0.6722 0.6503 0.6526 0.6133 0.648 0.6411 0.6088 0.6457 0.6596 0.6203 0.6688 0.6757 0.6319 0.6688 0.6988 0.6503 0.6664 0.7126 0.6596 0.6549 0.7126
0.5441 1.0 0.1537 0.4 0.41 0.42 0.43 0.44 0.45 0.46 0.47 0.48 0.49 0.5 0.51 0.52 0.53 0.54 0.55 0.56 0.57 0.58 0.59 0.4797 0.4866 0.5257 0.4842 0.5003 0.5349 0.4888 0.4958 0.5418 0.5003 0.5072 0.5671 0.5188 0.5072 0.5832 0.5372 0.505 0.581 0.5441 0.498 0.6236 0.6167 0.6051 0.6398 0.6259 0.6098 0.6513 0.6329 0.612 0.663 0.656 0.6282 0.6791 0.6769 0.6444 0.6838 0.693 0.6513 0.6722 0.7 0.6526 0.6133 0.648 0.6411 0.6088 0.6457 0.6596 0.6203 0.6688 0.6757 0.6319 0.6688 0.6988 0.6503 0.6664 0.7126 0.6596 0.6549 0.7126 0.6572
0.4958 1.0 0.246 0.41 0.42 0.43 0.44 0.45 0.46 0.47 0.48 0.49 0.5 0.51 0.52 0.53 0.54 0.55 0.56 0.57 0.58 0.59 0.6 0.4866 0.5257 0.4842 0.5003 0.5349 0.4888 0.4958 0.5418 0.5003 0.5072 0.5671 0.5188 0.5072 0.5832 0.5372 0.505 0.581 0.5441 0.498 0.5718 0.6167 0.6051 0.6398 0.6259 0.6098 0.6513 0.6329 0.612 0.663 0.656 0.6282 0.6791 0.6769 0.6444 0.6838 0.693 0.6513 0.6722 0.7 0.6537 0.6133 0.648 0.6411 0.6088 0.6457 0.6596 0.6203 0.6688 0.6757 0.6319 0.6688 0.6988 0.6503 0.6664 0.7126 0.6596 0.6549 0.7126 0.6572 0.6319
0.5441 1.0 0.0923 0.42 0.43 0.44 0.45 0.46 0.47 0.48 0.49 0.5 0.51 0.52 0.53 0.54 0.55 0.56 0.57 0.58 0.59 0.6 0.61 0.5257 0.4842 0.5003 0.5349 0.4888 0.4958 0.5418 0.5003 0.5072 0.5671 0.5188 0.5072 0.5832 0.5372 0.505 0.581 0.5441 0.498 0.5718 0.5441 0.6051 0.6398 0.6259 0.6098 0.6513 0.6329 0.612 0.663 0.656 0.6282 0.6791 0.6769 0.6444 0.6838 0.693 0.6513 0.6722 0.7 0.6537 0.6513 0.648 0.6411 0.6088 0.6457 0.6596 0.6203 0.6688 0.6757 0.6319 0.6688 0.6988 0.6503 0.6664 0.7126 0.6596 0.6549 0.7126 0.6572 0.6319 0.701
0.5441 1.0 0.161 0.43 0.44 0.45 0.46 0.47 0.48 0.49 0.5 0.51 0.52 0.53 0.54 0.55 0.56 0.57 0.58 0.59 0.6 0.61 0.62 0.4842 0.5003 0.5349 0.4888 0.4958 0.5418 0.5003 0.5072 0.5671 0.5188 0.5072 0.5832 0.5372 0.505 0.581 0.5441 0.498 0.5718 0.5441 0.4958 0.6398 0.6259 0.6098 0.6513 0.6329 0.612 0.663 0.656 0.6282 0.6791 0.6769 0.6444 0.6838 0.693 0.6513 0.6722 0.7 0.6537 0.6513 0.7 0.6411 0.6088 0.6457 0.6596 0.6203 0.6688 0.6757 0.6319 0.6688 0.6988 0.6503 0.6664 0.7126 0.6596 0.6549 0.7126 0.6572 0.6319 0.701 0.6526
0.4934 1.0 0.161 0.44 0.45 0.46 0.47 0.48 0.49 0.5 0.51 0.52 0.53 0.54 0.55 0.56 0.57 0.58 0.59 0.6 0.61 0.62 0.63 0.5003 0.5349 0.4888 0.4958 0.5418 0.5003 0.5072 0.5671 0.5188 0.5072 0.5832 0.5372 0.505 0.581 0.5441 0.498 0.5718 0.5441 0.4958 0.5441 0.6259 0.6098 0.6513 0.6329 0.612 0.663 0.656 0.6282 0.6791 0.6769 0.6444 0.6838 0.693 0.6513 0.6722 0.7 0.6537 0.6513 0.7 0.6513 0.6088 0.6457 0.6596 0.6203 0.6688 0.6757 0.6319 0.6688 0.6988 0.6503 0.6664 0.7126 0.6596 0.6549 0.7126 0.6572 0.6319 0.701 0.6526 0.6157
0.5072 1.0 0.0 0.45 0.46 0.47 0.48 0.49 0.5 0.51 0.52 0.53 0.54 0.55 0.56 0.57 0.58 0.59 0.6 0.61 0.62 0.63 0.64 0.5349 0.4888 0.4958 0.5418 0.5003 0.5072 0.5671 0.5188 0.5072 0.5832 0.5372 0.505 0.581 0.5441 0.498 0.5718 0.5441 0.4958 0.5441 0.5441 0.6098 0.6513 0.6329 0.612 0.663 0.656 0.6282 0.6791 0.6769 0.6444 0.6838 0.693 0.6513 0.6722 0.7 0.6537 0.6513 0.7 0.6513 0.6329 0.6457 0.6596 0.6203 0.6688 0.6757 0.6319 0.6688 0.6988 0.6503 0.6664 0.7126 0.6596 0.6549 0.7126 0.6572 0.6319 0.701 0.6526 0.6157 0.6757
0.5396 1.0 0.169 0.46 0.47 0.48 0.49 0.5 0.51 0.52 0.53 0.54 0.55 0.56 0.57 0.58 0.59 0.6 0.61 0.62 0.63 0.64 0.65 0.4888 0.4958 0.5418 0.5003 0.5072 0.5671 0.5188 0.5072 0.5832 0.5372 0.505 0.581 0.5441 0.498 0.5718 0.5441 0.4958 0.5441 0.5441 0.4934 0.6513 0.6329 0.612 0.663 0.656 0.6282 0.6791 0.6769 0.6444 0.6838 0.693 0.6513 0.6722 0.7 0.6537 0.6513 0.7 0.6513 0.6329 0.6908 0.6596 0.6203 0.6688 0.6757 0.6319 0.6688 0.6988 0.6503 0.6664 0.7126 0.6596 0.6549 0.7126 0.6572 0.6319 0.701 0.6526 0.6157 0.6757 0.6503
0.4958 1.0 0.046 0.47 0.48 0.49 0.5 0.51 0.52 0.53 0.54 0.55 0.56 0.57 0.58 0.59 0.6 0.61 0.62 0.63 0.64 0.65 0.66 0.4958 0.5418 0.5003 0.5072 0.5671 0.5188 0.5072 0.5832 0.5372 0.505 0.581 0.5441 0.498 0.5718 0.5441 0.4958 0.5441 0.5441 0.4934 0.5072 0.6329 0.612 0.663 0.656 0.6282 0.6791 0.6769 0.6444 0.6838 0.693 0.6513 0.6722 0.7 0.6537 0.6513 0.7 0.6513 0.6329 0.6908 0.6583 0.6203 0.6688 0.6757 0.6319 0.6688 0.6988 0.6503 0.6664 0.7126 0.6596 0.6549 0.7126 0.6572 0.6319 0.701 0.6526 0.6157 0.6757 0.6503 0.6133
0.4566 1.0 0.108 0.48 0.49 0.5 0.51 0.52 0.53 0.54 0.55 0.56 0.57 0.58 0.59 0.6 0.61 0.62 0.63 0.64 0.65 0.66 0.67 0.5418 0.5003 0.5072 0.5671 0.5188 0.5072 0.5832 0.5372 0.505 0.581 0.5441 0.498 0.5718 0.5441 0.4958 0.5441 0.5441 0.4934 0.5072 0.5396 0.612 0.663 0.656 0.6282 0.6791 0.6769 0.6444 0.6838 0.693 0.6513 0.6722 0.7 0.6537 0.6513 0.7 0.6513 0.6329 0.6908 0.6583 0.6259 0.6688 0.6757 0.6319 0.6688 0.6988 0.6503 0.6664 0.7126 0.6596 0.6549 0.7126 0.6572 0.6319 0.701 0.6526 0.6157 0.6757 0.6503 0.6133 0.6388
0.4267 1.0 0.146 0.49 0.5 0.51 0.52 0.53 0.54 0.55 0.56 0.57 0.58 0.59 0.6 0.61 0.62 0.63 0.64 0.65 0.66 0.67 0.68 0.5003 0.5072 0.5671 0.5188 0.5072 0.5832 0.5372 0.505 0.581 0.5441 0.498 0.5718 0.5441 0.4958 0.5441 0.5441 0.4934 0.5072 0.5396 0.4958 0.663 0.656 0.6282 0.6791 0.6769 0.6444 0.6838 0.693 0.6513 0.6722 0.7 0.6537 0.6513 0.7 0.6513 0.6329 0.6908 0.6583 0.6259 0.6098 0.6757 0.6319 0.6688 0.6988 0.6503 0.6664 0.7126 0.6596 0.6549 0.7126 0.6572 0.6319 0.701 0.6526 0.6157 0.6757 0.6503 0.6133 0.6388 0.6249
0.4059 1.0 0.1307 0.5 0.51 0.52 0.53 0.54 0.55 0.56 0.57 0.58 0.59 0.6 0.61 0.62 0.63 0.64 0.65 0.66 0.67 0.68 0.69 0.5072 0.5671 0.5188 0.5072 0.5832 0.5372 0.505 0.581 0.5441 0.498 0.5718 0.5441 0.4958 0.5441 0.5441 0.4934 0.5072 0.5396 0.4958 0.4566 0.656 0.6282 0.6791 0.6769 0.6444 0.6838 0.693 0.6513 0.6722 0.7 0.6537 0.6513 0.7 0.6513 0.6329 0.6908 0.6583 0.6259 0.6098 0.5936 0.6319 0.6688 0.6988 0.6503 0.6664 0.7126 0.6596 0.6549 0.7126 0.6572 0.6319 0.701 0.6526 0.6157 0.6757 0.6503 0.6133 0.6388 0.6249 0.5927
0.3829 1.0 0.0997 0.51 0.52 0.53 0.54 0.55 0.56 0.57 0.58 0.59 0.6 0.61 0.62 0.63 0.64 0.65 0.66 0.67 0.68 0.69 0.7 0.5671 0.5188 0.5072 0.5832 0.5372 0.505 0.581 0.5441 0.498 0.5718 0.5441 0.4958 0.5441 0.5441 0.4934 0.5072 0.5396 0.4958 0.4566 0.4267 0.6282 0.6791 0.6769 0.6444 0.6838 0.693 0.6513 0.6722 0.7 0.6537 0.6513 0.7 0.6513 0.6329 0.6908 0.6583 0.6259 0.6098 0.5936 0.5703 0.6688 0.6988 0.6503 0.6664 0.7126 0.6596 0.6549 0.7126 0.6572 0.6319 0.701 0.6526 0.6157 0.6757 0.6503 0.6133 0.6388 0.6249 0.5927 0.5649
0.3576 1.0 0.0693 0.52 0.53 0.54 0.55 0.56 0.57 0.58 0.59 0.6 0.61 0.62 0.63 0.64 0.65 0.66 0.67 0.68 0.69 0.7 0.71 0.5188 0.5072 0.5832 0.5372 0.505 0.581 0.5441 0.498 0.5718 0.5441 0.4958 0.5441 0.5441 0.4934 0.5072 0.5396 0.4958 0.4566 0.4267 0.4059 0.6791 0.6769 0.6444 0.6838 0.693 0.6513 0.6722 0.7 0.6537 0.6513 0.7 0.6513 0.6329 0.6908 0.6583 0.6259 0.6098 0.5936 0.5703 0.5472 0.6988 0.6503 0.6664 0.7126 0.6596 0.6549 0.7126 0.6572 0.6319 0.701 0.6526 0.6157 0.6757 0.6503 0.6133 0.6388 0.6249 0.5927 0.5649 0.5442
0.3507 1.0 0.0767 0.53 0.54 0.55 0.56 0.57 0.58 0.59 0.6 0.61 0.62 0.63 0.64 0.65 0.66 0.67 0.68 0.69 0.7 0.71 0.72 0.5072 0.5832 0.5372 0.505 0.581 0.5441 0.498 0.5718 0.5441 0.4958 0.5441 0.5441 0.4934 0.5072 0.5396 0.4958 0.4566 0.4267 0.4059 0.3829 0.6769 0.6444 0.6838 0.693 0.6513 0.6722 0.7 0.6537 0.6513 0.7 0.6513 0.6329 0.6908 0.6583 0.6259 0.6098 0.5936 0.5703 0.5472 0.5333 0.6503 0.6664 0.7126 0.6596 0.6549 0.7126 0.6572 0.6319 0.701 0.6526 0.6157 0.6757 0.6503 0.6133 0.6388 0.6249 0.5927 0.5649 0.5442 0.5303
0.3299 1.0 0.0843 0.54 0.55 0.56 0.57 0.58 0.59 0.6 0.61 0.62 0.63 0.64 0.65 0.66 0.67 0.68 0.69 0.7 0.71 0.72 0.73 0.5832 0.5372 0.505 0.581 0.5441 0.498 0.5718 0.5441 0.4958 0.5441 0.5441 0.4934 0.5072 0.5396 0.4958 0.4566 0.4267 0.4059 0.3829 0.3576 0.6444 0.6838 0.693 0.6513 0.6722 0.7 0.6537 0.6513 0.7 0.6513 0.6329 0.6908 0.6583 0.6259 0.6098 0.5936 0.5703 0.5472 0.5333 0.5194 0.6664 0.7126 0.6596 0.6549 0.7126 0.6572 0.6319 0.701 0.6526 0.6157 0.6757 0.6503 0.6133 0.6388 0.6249 0.5927 0.5649 0.5442 0.5303 0.505
0.3092 1.0 0.023 0.55 0.56 0.57 0.58 0.59 0.6 0.61 0.62 0.63 0.64 0.65 0.66 0.67 0.68 0.69 0.7 0.71 0.72 0.73 0.74 0.5372 0.505 0.581 0.5441 0.498 0.5718 0.5441 0.4958 0.5441 0.5441 0.4934 0.5072 0.5396 0.4958 0.4566 0.4267 0.4059 0.3829 0.3576 0.3507 0.6838 0.693 0.6513 0.6722 0.7 0.6537 0.6513 0.7 0.6513 0.6329 0.6908 0.6583 0.6259 0.6098 0.5936 0.5703 0.5472 0.5333 0.5194 0.4963 0.7126 0.6596 0.6549 0.7126 0.6572 0.6319 0.701 0.6526 0.6157 0.6757 0.6503 0.6133 0.6388 0.6249 0.5927 0.5649 0.5442 0.5303 0.505 0.4911
0.3 1.0 0.0693 0.56 0.57 0.58 0.59 0.6 0.61 0.62 0.63 0.64 0.65 0.66 0.67 0.68 0.69 0.7 0.71 0.72 0.73 0.74 0.75 0.505 0.581 0.5441 0.498 0.5718 0.5441 0.4958 0.5441 0.5441 0.4934 0.5072 0.5396 0.4958 0.4566 0.4267 0.4059 0.3829 0.3576 0.3507 0.3299 0.693 0.6513 0.6722 0.7 0.6537 0.6513 0.7 0.6513 0.6329 0.6908 0.6583 0.6259 0.6098 0.5936 0.5703 0.5472 0.5333 0.5194 0.4963 0.4848 0.6596 0.6549 0.7126 0.6572 0.6319 0.701 0.6526 0.6157 0.6757 0.6503 0.6133 0.6388 0.6249 0.5927 0.5649 0.5442 0.5303 0.505 0.4911 0.4796
0.2861 1.0 0.069 0.57 0.58 0.59 0.6 0.61 0.62 0.63 0.64 0.65 0.66 0.67 0.68 0.69 0.7 0.71 0.72 0.73 0.74 0.75 0.76 0.581 0.5441 0.498 0.5718 0.5441 0.4958 0.5441 0.5441 0.4934 0.5072 0.5396 0.4958 0.4566 0.4267 0.4059 0.3829 0.3576 0.3507 0.3299 0.3092 0.6513 0.6722 0.7 0.6537 0.6513 0.7 0.6513 0.6329 0.6908 0.6583 0.6259 0.6098 0.5936 0.5703 0.5472 0.5333 0.5194 0.4963 0.4848 0.4732 0.6549 0.7126 0.6572 0.6319 0.701 0.6526 0.6157 0.6757 0.6503 0.6133 0.6388 0.6249 0.5927 0.5649 0.5442 0.5303 0.505 0.4911 0.4796 0.4611
0.2654 1.0 0.0307 0.58 0.59 0.6 0.61 0.62 0.63 0.64 0.65 0.66 0.67 0.68 0.69 0.7 0.71 0.72 0.73 0.74 0.75 0.76 0.77 0.5441 0.498 0.5718 0.5441 0.4958 0.5441 0.5441 0.4934 0.5072 0.5396 0.4958 0.4566 0.4267 0.4059 0.3829 0.3576 0.3507 0.3299 0.3092 0.3 0.6722 0.7 0.6537 0.6513 0.7 0.6513 0.6329 0.6908 0.6583 0.6259 0.6098 0.5936 0.5703 0.5472 0.5333 0.5194 0.4963 0.4848 0.4732 0.45 0.7126 0.6572 0.6319 0.701 0.6526 0.6157 0.6757 0.6503 0.6133 0.6388 0.6249 0.5927 0.5649 0.5442 0.5303 0.505 0.4911 0.4796 0.4611 0.4427
0.2631 1.0 0.0463 0.59 0.6 0.61 0.62 0.63 0.64 0.65 0.66 0.67 0.68 0.69 0.7 0.71 0.72 0.73 0.74 0.75 0.76 0.77 0.78 0.498 0.5718 0.5441 0.4958 0.5441 0.5441 0.4934 0.5072 0.5396 0.4958 0.4566 0.4267 0.4059 0.3829 0.3576 0.3507 0.3299 0.3092 0.3 0.2861 0.7 0.6537 0.6513 0.7 0.6513 0.6329 0.6908 0.6583 0.6259 0.6098 0.5936 0.5703 0.5472 0.5333 0.5194 0.4963 0.4848 0.4732 0.45 0.4384 0.6572 0.6319 0.701 0.6526 0.6157 0.6757 0.6503 0.6133 0.6388 0.6249 0.5927 0.5649 0.5442 0.5303 0.505 0.4911 0.4796 0.4611 0.4427 0.4403
0.2562 1.0 0.069 0.6 0.61 0.62 0.63 0.64 0.65 0.66 0.67 0.68 0.69 0.7 0.71 0.72 0.73 0.74 0.75 0.76 0.77 0.78 0.79 0.5718 0.5441 0.4958 0.5441 0.5441 0.4934 0.5072 0.5396 0.4958 0.4566 0.4267 0.4059 0.3829 0.3576 0.3507 0.3299 0.3092 0.3 0.2861 0.2654 0.6537 0.6513 0.7 0.6513 0.6329 0.6908 0.6583 0.6259 0.6098 0.5936 0.5703 0.5472 0.5333 0.5194 0.4963 0.4848 0.4732 0.45 0.4384 0.4316 0.6319 0.701 0.6526 0.6157 0.6757 0.6503 0.6133 0.6388 0.6249 0.5927 0.5649 0.5442 0.5303 0.505 0.4911 0.4796 0.4611 0.4427 0.4403 0.4219
0.2378 1.0 0.0077 0.61 0.62 0.63 0.64 0.65 0.66 0.67 0.68 0.69 0.7 0.71 0.72 0.73 0.74 0.75 0.76 0.77 0.78 0.79 0.8 0.5441 0.4958 0.5441 0.5441 0.4934 0.5072 0.5396 0.4958 0.4566 0.4267 0.4059 0.3829 0.3576 0.3507 0.3299 0.3092 0.3 0.2861 0.2654 0.2631 0.6513 0.7 0.6513 0.6329 0.6908 0.6583 0.6259 0.6098 0.5936 0.5703 0.5472 0.5333 0.5194 0.4963 0.4848 0.4732 0.45 0.4384 0.4316 0.413 0.701 0.6526 0.6157 0.6757 0.6503 0.6133 0.6388 0.6249 0.5927 0.5649 0.5442 0.5303 0.505 0.4911 0.4796 0.4611 0.4427 0.4403 0.4219 0.4058
0.2354 1.0 0.023 0.62 0.63 0.64 0.65 0.66 0.67 0.68 0.69 0.7 0.71 0.72 0.73 0.74 0.75 0.76 0.77 0.78 0.79 0.8 0.81 0.4958 0.5441 0.5441 0.4934 0.5072 0.5396 0.4958 0.4566 0.4267 0.4059 0.3829 0.3576 0.3507 0.3299 0.3092 0.3 0.2861 0.2654 0.2631 0.2562 0.7 0.6513 0.6329 0.6908 0.6583 0.6259 0.6098 0.5936 0.5703 0.5472 0.5333 0.5194 0.4963 0.4848 0.4732 0.45 0.4384 0.4316 0.413 0.3991 0.6526 0.6157 0.6757 0.6503 0.6133 0.6388 0.6249 0.5927 0.5649 0.5442 0.5303 0.505 0.4911 0.4796 0.4611 0.4427 0.4403 0.4219 0.4058 0.4081
0.2331 1.0 0.0613 0.63 0.64 0.65 0.66 0.67 0.68 0.69 0.7 0.71 0.72 0.73 0.74 0.75 0.76 0.77 0.78 0.79 0.8 0.81 0.82 0.5441 0.5441 0.4934 0.5072 0.5396 0.4958 0.4566 0.4267 0.4059 0.3829 0.3576 0.3507 0.3299 0.3092 0.3 0.2861 0.2654 0.2631 0.2562 0.2378 0.6513 0.6329 0.6908 0.6583 0.6259 0.6098 0.5936 0.5703 0.5472 0.5333 0.5194 0.4963 0.4848 0.4732 0.45 0.4384 0.4316 0.413 0.3991 0.4014 0.6157 0.6757 0.6503 0.6133 0.6388 0.6249 0.5927 0.5649 0.5442 0.5303 0.505 0.4911 0.4796 0.4611 0.4427 0.4403 0.4219 0.4058 0.4081 0.3942
0.2148 1.0 0.008 0.64 0.65 0.66 0.67 0.68 0.69 0.7 0.71 0.72 0.73 0.74 0.75 0.76 0.77 0.78 0.79 0.8 0.81 0.82 0.83 0.5441 0.4934 0.5072 0.5396 0.4958 0.4566 0.4267 0.4059 0.3829 0.3576 0.3507 0.3299 0.3092 0.3 0.2861 0.2654 0.2631 0.2562 0.2378 0.2354 0.6329 0.6908 0.6583 0.6259 0.6098 0.5936 0.5703 0.5472 0.5333 0.5194 0.4963 0.4848 0.4732 0.45 0.4384 0.4316 0.413 0.3991 0.4014 0.3852 0.6757 0.6503 0.6133 0.6388 0.6249 0.5927 0.5649 0.5442 0.5303 0.505 0.4911 0.4796 0.4611 0.4427 0.4403 0.4219 0.4058 0.4081 0.3942 0.3781
0.2078 1.0 0.0077 0.65 0.66 0.67 0.68 0.69 0.7 0.71 0.72 0.73 0.74 0.75 0.76 0.77 0.78 0.79 0.8 0.81 0.82 0.83 0.84 0.4934 0.5072 0.5396 0.4958 0.4566 0.4267 0.4059 0.3829 0.3576 0.3507 0.3299 0.3092 0.3 0.2861 0.2654 0.2631 0.2562 0.2378 0.2354 0.2331 0.6908 0.6583 0.6259 0.6098 0.5936 0.5703 0.5472 0.5333 0.5194 0.4963 0.4848 0.4732 0.45 0.4384 0.4316 0.413 0.3991 0.4014 0.3852 0.369 0.6503 0.6133 0.6388 0.6249 0.5927 0.5649 0.5442 0.5303 0.505 0.4911 0.4796 0.4611 0.4427 0.4403 0.4219 0.4058 0.4081 0.3942 0.3781 0.3781
0.2032 1.0 0.061 0.66 0.67 0.68 0.69 0.7 0.71 0.72 0.73 0.74 0.75 0.76 0.77 0.78 0.79 0.8 0.81 0.82 0.83 0.84 0.85 0.5072 0.5396 0.4958 0.4566 0.4267 0.4059 0.3829 0.3576 0.3507 0.3299 0.3092 0.3 0.2861 0.2654 0.2631 0.2562 0.2378 0.2354 0.2331 0.2148 0.6583 0.6259 0.6098 0.5936 0.5703 0.5472 0.5333 0.5194 0.4963 0.4848 0.4732 0.45 0.4384 0.4316 0.413 0.3991 0.4014 0.3852 0.369 0.369 0.6133 0.6388 0.6249 0.5927 0.5649 0.5442 0.5303 0.505 0.4911 0.4796 0.4611 0.4427 0.4403 0.4219 0.4058 0.4081 0.3942 0.3781 0.3781 0.3712
0.1894 1.0 0.0233 0.67 0.68 0.69 0.7 0.71 0.72 0.73 0.74 0.75 0.76 0.77 0.78 0.79 0.8 0.81 0.82 0.83 0.84 0.85 0.86 0.5396 0.4958 0.4566 0.4267 0.4059 0.3829 0.3576 0.3507 0.3299 0.3092 0.3 0.2861 0.2654 0.2631 0.2562 0.2378 0.2354 0.2331 0.2148 0.2078 0.6259 0.6098 0.5936 0.5703 0.5472 0.5333 0.5194 0.4963 0.4848 0.4732 0.45 0.4384 0.4316 0.413 0.3991 0.4014 0.3852 0.369 0.369 0.3551 0.6388 0.6249 0.5927 0.5649 0.5442 0.5303 0.505 0.4911 0.4796 0.4611 0.4427 0.4403 0.4219 0.4058 0.4081 0.3942 0.3781 0.3781 0.3712 0.3528
0.1779 1.0 0.0153 0.68 0.69 0.7 0.71 0.72 0.73 0.74 0.75 0.76 0.77 0.78 0.79 0.8 0.81 0.82 0.83 0.84 0.85 0.86 0.87 0.4958 0.4566 0.4267 0.4059 0.3829 0.3576 0.3507 0.3299 0.3092 0.3 0.2861 0.2654 0.2631 0.2562 0.2378 0.2354 0.2331 0.2148 0.2078 0.2032 0.6098 0.5936 0.5703 0.5472 0.5333 0.5194 0.4963 0.4848 0.4732 0.45 0.4384 0.4316 0.413 0.3991 0.4014 0.3852 0.369 0.369 0.3551 0.3389 0.6249 0.5927 0.5649 0.5442 0.5303 0.505 0.4911 0.4796 0.4611 0.4427 0.4403 0.4219 0.4058 0.4081 0.3942 0.3781 0.3781 0.3712 0.3528 0.3481
0.171 1.0 0.046 0.69 0.7 0.71 0.72 0.73 0.74 0.75 0.76 0.77 0.78 0.79 0.8 0.81 0.82 0.83 0.84 0.85 0.86 0.87 0.88 0.4566 0.4267 0.4059 0.3829 0.3576 0.3507 0.3299 0.3092 0.3 0.2861 0.2654 0.2631 0.2562 0.2378 0.2354 0.2331 0.2148 0.2078 0.2032 0.1894 0.5936 0.5703 0.5472 0.5333 0.5194 0.4963 0.4848 0.4732 0.45 0.4384 0.4316 0.413 0.3991 0.4014 0.3852 0.369 0.369 0.3551 0.3389 0.3367 0.5927 0.5649 0.5442 0.5303 0.505 0.4911 0.4796 0.4611 0.4427 0.4403 0.4219 0.4058 0.4081 0.3942 0.3781 0.3781 0.3712 0.3528 0.3481 0.3389
0.1594 1.0 0.0383 0.7 0.71 0.72 0.73 0.74 0.75 0.76 0.77 0.78 0.79 0.8 0.81 0.82 0.83 0.84 0.85 0.86 0.87 0.88 0.89 0.4267 0.4059 0.3829 0.3576 0.3507 0.3299 0.3092 0.3 0.2861 0.2654 0.2631 0.2562 0.2378 0.2354 0.2331 0.2148 0.2078 0.2032 0.1894 0.1779 0.5703 0.5472 0.5333 0.5194 0.4963 0.4848 0.4732 0.45 0.4384 0.4316 0.413 0.3991 0.4014 0.3852 0.369 0.369 0.3551 0.3389 0.3367 0.3273 0.5649 0.5442 0.5303 0.505 0.4911 0.4796 0.4611 0.4427 0.4403 0.4219 0.4058 0.4081 0.3942 0.3781 0.3781 0.3712 0.3528 0.3481 0.3389 0.3273
0.1502 1.0 0.023 0.71 0.72 0.73 0.74 0.75 0.76 0.77 0.78 0.79 0.8 0.81 0.82 0.83 0.84 0.85 0.86 0.87 0.88 0.89 0.9 0.4059 0.3829 0.3576 0.3507 0.3299 0.3092 0.3 0.2861 0.2654 0.2631 0.2562 0.2378 0.2354 0.2331 0.2148 0.2078 0.2032 0.1894 0.1779 0.171 0.5472 0.5333 0.5194 0.4963 0.4848 0.4732 0.45 0.4384 0.4316 0.413 0.3991 0.4014 0.3852 0.369 0.369 0.3551 0.3389 0.3367 0.3273 0.3134 0.5442 0.5303 0.505 0.4911 0.4796 0.4611 0.4427 0.4403 0.4219 0.4058 0.4081 0.3942 0.3781 0.3781 0.3712 0.3528 0.3481 0.3389 0.3273 0.3181
0.1457 1.0 0.0387 0.72 0.73 0.74 0.75 0.76 0.77 0.78 0.79 0.8 0.81 0.82 0.83 0.84 0.85 0.86 0.87 0.88 0.89 0.9 0.91 0.3829 0.3576 0.3507 0.3299 0.3092 0.3 0.2861 0.2654 0.2631 0.2562 0.2378 0.2354 0.2331 0.2148 0.2078 0.2032 0.1894 0.1779 0.171 0.1594 0.5333 0.5194 0.4963 0.4848 0.4732 0.45 0.4384 0.4316 0.413 0.3991 0.4014 0.3852 0.369 0.369 0.3551 0.3389 0.3367 0.3273 0.3134 0.3066 0.5303 0.505 0.4911 0.4796 0.4611 0.4427 0.4403 0.4219 0.4058 0.4081 0.3942 0.3781 0.3781 0.3712 0.3528 0.3481 0.3389 0.3273 0.3181 0.3112
0.1341 1.0 0.0307 0.73 0.74 0.75 0.76 0.77 0.78 0.79 0.8 0.81 0.82 0.83 0.84 0.85 0.86 0.87 0.88 0.89 0.9 0.91 0.92 0.3576 0.3507 0.3299 0.3092 0.3 0.2861 0.2654 0.2631 0.2562 0.2378 0.2354 0.2331 0.2148 0.2078 0.2032 0.1894 0.1779 0.171 0.1594 0.1502 0.5194 0.4963 0.4848 0.4732 0.45 0.4384 0.4316 0.413 0.3991 0.4014 0.3852 0.369 0.369 0.3551 0.3389 0.3367 0.3273 0.3134 0.3066 0.2972 0.505 0.4911 0.4796 0.4611 0.4427 0.4403 0.4219 0.4058 0.4081 0.3942 0.3781 0.3781 0.3712 0.3528 0.3481 0.3389 0.3273 0.3181 0.3112 0.2997
0.1249 1.0 0.015 0.74 0.75 0.76 0.77 0.78 0.79 0.8 0.81 0.82 0.83 0.84 0.85 0.86 0.87 0.88 0.89 0.9 0.91 0.92 0.93 0.3507 0.3299 0.3092 0.3 0.2861 0.2654 0.2631 0.2562 0.2378 0.2354 0.2331 0.2148 0.2078 0.2032 0.1894 0.1779 0.171 0.1594 0.1502 0.1457 0.4963 0.4848 0.4732 0.45 0.4384 0.4316 0.413 0.3991 0.4014 0.3852 0.369 0.369 0.3551 0.3389 0.3367 0.3273 0.3134 0.3066 0.2972 0.2857 0.4911 0.4796 0.4611 0.4427 0.4403 0.4219 0.4058 0.4081 0.3942 0.3781 0.3781 0.3712 0.3528 0.3481 0.3389 0.3273 0.3181 0.3112 0.2997 0.2904
0.118 1.0 0.0387 0.75 0.76 0.77 0.78 0.79 0.8 0.81 0.82 0.83 0.84 0.85 0.86 0.87 0.88 0.89 0.9 0.91 0.92 0.93 0.94 0.3299 0.3092 0.3 0.2861 0.2654 0.2631 0.2562 0.2378 0.2354 0.2331 0.2148 0.2078 0.2032 0.1894 0.1779 0.171 0.1594 0.1502 0.1457 0.1341 0.4848 0.4732 0.45 0.4384 0.4316 0.413 0.3991 0.4014 0.3852 0.369 0.369 0.3551 0.3389 0.3367 0.3273 0.3134 0.3066 0.2972 0.2857 0.2811 0.4796 0.4611 0.4427 0.4403 0.4219 0.4058 0.4081 0.3942 0.3781 0.3781 0.3712 0.3528 0.3481 0.3389 0.3273 0.3181 0.3112 0.2997 0.2904 0.2859
0.1088 1.0 0.0307 0.76 0.77 0.78 0.79 0.8 0.81 0.82 0.83 0.84 0.85 0.86 0.87 0.88 0.89 0.9 0.91 0.92 0.93 0.94 0.95 0.3092 0.3 0.2861 0.2654 0.2631 0.2562 0.2378 0.2354 0.2331 0.2148 0.2078 0.2032 0.1894 0.1779 0.171 0.1594 0.1502 0.1457 0.1341 0.1249 0.4732 0.45 0.4384 0.4316 0.413 0.3991 0.4014 0.3852 0.369 0.369 0.3551 0.3389 0.3367 0.3273 0.3134 0.3066 0.2972 0.2857 0.2811 0.2718 0.4611 0.4427 0.4403 0.4219 0.4058 0.4081 0.3942 0.3781 0.3781 0.3712 0.3528 0.3481 0.3389 0.3273 0.3181 0.3112 0.2997 0.2904 0.2859 0.2743
0.1756 1.0 0.023 0.77 0.78 0.79 0.8 0.81 0.82 0.83 0.84 0.85 0.86 0.87 0.88 0.89 0.9 0.91 0.92 0.93 0.94 0.95 0.96 0.3 0.2861 0.2654 0.2631 0.2562 0.2378 0.2354 0.2331 0.2148 0.2078 0.2032 0.1894 0.1779 0.171 0.1594 0.1502 0.1457 0.1341 0.1249 0.118 0.45 0.4384 0.4316 0.413 0.3991 0.4014 0.3852 0.369 0.369 0.3551 0.3389 0.3367 0.3273 0.3134 0.3066 0.2972 0.2857 0.2811 0.2718 0.2626 0.4427 0.4403 0.4219 0.4058 0.4081 0.3942 0.3781 0.3781 0.3712 0.3528 0.3481 0.3389 0.3273 0.3181 0.3112 0.2997 0.2904 0.2859 0.2743 0.2673
0.1963 1.0 0.0307 0.78 0.79 0.8 0.81 0.82 0.83 0.84 0.85 0.86 0.87 0.88 0.89 0.9 0.91 0.92 0.93 0.94 0.95 0.96 0.97 0.2861 0.2654 0.2631 0.2562 0.2378 0.2354 0.2331 0.2148 0.2078 0.2032 0.1894 0.1779 0.171 0.1594 0.1502 0.1457 0.1341 0.1249 0.118 0.1088 0.4384 0.4316 0.413 0.3991 0.4014 0.3852 0.369 0.369 0.3551 0.3389 0.3367 0.3273 0.3134 0.3066 0.2972 0.2857 0.2811 0.2718 0.2626 0.2557 0.4403 0.4219 0.4058 0.4081 0.3942 0.3781 0.3781 0.3712 0.3528 0.3481 0.3389 0.3273 0.3181 0.3112 0.2997 0.2904 0.2859 0.2743 0.2673 0.2604
0.171 1.0 0.2227 0.79 0.8 0.81 0.82 0.83 0.84 0.85 0.86 0.87 0.88 0.89 0.9 0.91 0.92 0.93 0.94 0.95 0.96 0.97 0.0 0.2654 0.2631 0.2562 0.2378 0.2354 0.2331 0.2148 0.2078 0.2032 0.1894 0.1779 0.171 0.1594 0.1502 0.1457 0.1341 0.1249 0.118 0.1088 0.1756 0.4316 0.413 0.3991 0.4014 0.3852 0.369 0.369 0.3551 0.3389 0.3367 0.3273 0.3134 0.3066 0.2972 0.2857 0.2811 0.2718 0.2626 0.2557 0.2487 0.4219 0.4058 0.4081 0.3942 0.3781 0.3781 0.3712 0.3528 0.3481 0.3389 0.3273 0.3181 0.3112 0.2997 0.2904 0.2859 0.2743 0.2673 0.2604 0.2536
0.217 1.0 0.069 0.8 0.81 0.82 0.83 0.84 0.85 0.86 0.87 0.88 0.89 0.9 0.91 0.92 0.93 0.94 0.95 0.96 0.97 0.0 0.01 0.2631 0.2562 0.2378 0.2354 0.2331 0.2148 0.2078 0.2032 0.1894 0.1779 0.171 0.1594 0.1502 0.1457 0.1341 0.1249 0.118 0.1088 0.1756 0.1963 0.413 0.3991 0.4014 0.3852 0.369 0.369 0.3551 0.3389 0.3367 0.3273 0.3134 0.3066 0.2972 0.2857 0.2811 0.2718 0.2626 0.2557 0.2487 0.2557 0.4058 0.4081 0.3942 0.3781 0.3781 0.3712 0.3528 0.3481 0.3389 0.3273 0.3181 0.3112 0.2997 0.2904 0.2859 0.2743 0.2673 0.2604 0.2536 0.3458
0.2584 1.0 0.0843 0.81 0.82 0.83 0.84 0.85 0.86 0.87 0.88 0.89 0.9 0.91 0.92 0.93 0.94 0.95 0.96 0.97 0.0 0.01 0.02 0.2562 0.2378 0.2354 0.2331 0.2148 0.2078 0.2032 0.1894 0.1779 0.171 0.1594 0.1502 0.1457 0.1341 0.1249 0.118 0.1088 0.1756 0.1963 0.171 0.3991 0.4014 0.3852 0.369 0.369 0.3551 0.3389 0.3367 0.3273 0.3134 0.3066 0.2972 0.2857 0.2811 0.2718 0.2626 0.2557 0.2487 0.2557 0.3343 0.4081 0.3942 0.3781 0.3781 0.3712 0.3528 0.3481 0.3389 0.3273 0.3181 0.3112 0.2997 0.2904 0.2859 0.2743 0.2673 0.2604 0.2536 0.3458 0.3342
0.224 1.0 0.1533 0.82 0.83 0.84 0.85 0.86 0.87 0.88 0.89 0.9 0.91 0.92 0.93 0.94 0.95 0.96 0.97 0.0 0.01 0.02 0.03 0.2378 0.2354 0.2331 0.2148 0.2078 0.2032 0.1894 0.1779 0.171 0.1594 0.1502 0.1457 0.1341 0.1249 0.118 0.1088 0.1756 0.1963 0.171 0.217 0.4014 0.3852 0.369 0.369 0.3551 0.3389 0.3367 0.3273 0.3134 0.3066 0.2972 0.2857 0.2811 0.2718 0.2626 0.2557 0.2487 0.2557 0.3343 0.3158 0.3942 0.3781 0.3781 0.3712 0.3528 0.3481 0.3389 0.3273 0.3181 0.3112 0.2997 0.2904 0.2859 0.2743 0.2673 0.2604 0.2536 0.3458 0.3342 0.3112
0.2378 1.0 0.138 0.83 0.84 0.85 0.86 0.87 0.88 0.89 0.9 0.91 0.92 0.93 0.94 0.95 0.96 0.97 0.0 0.01 0.02 0.03 0.04 0.2354 0.2331 0.2148 0.2078 0.2032 0.1894 0.1779 0.171 0.1594 0.1502 0.1457 0.1341 0.1249 0.118 0.1088 0.1756 0.1963 0.171 0.217 0.2584 0.3852 0.369 0.369 0.3551 0.3389 0.3367 0.3273 0.3134 0.3066 0.2972 0.2857 0.2811 0.2718 0.2626 0.2557 0.2487 0.2557 0.3343 0.3158 0.3042 0.3781 0.3781 0.3712 0.3528 0.3481 0.3389 0.3273 0.3181 0.3112 0.2997 0.2904 0.2859 0.2743 0.2673 0.2604 0.2536 0.3458 0.3342 0.3112 0.3804
0.3022 1.0 0.1147 0.84 0.85 0.86 0.87 0.88 0.89 0.9 0.91 0.92 0.93 0.94 0.95 0.96 0.97 0.0 0.01 0.02 0.03 0.04 0.05 0.2331 0.2148 0.2078 0.2032 0.1894 0.1779 0.171 0.1594 0.1502 0.1457 0.1341 0.1249 0.118 0.1088 0.1756 0.1963 0.171 0.217 0.2584 0.224 0.369 0.369 0.3551 0.3389 0.3367 0.3273 0.3134 0.3066 0.2972 0.2857 0.2811 0.2718 0.2626 0.2557 0.2487 0.2557 0.3343 0.3158 0.3042 0.3806 0.3781 0.3712 0.3528 0.3481 0.3389 0.3273 0.3181 0.3112 0.2997 0.2904 0.2859 0.2743 0.2673 0.2604 0.2536 0.3458 0.3342 0.3112 0.3804 0.385
0.2631 1.0 0.046 0.85 0.86 0.87 0.88 0.89 0.9 0.91 0.92 0.93 0.94 0.95 0.96 0.97 0.0 0.01 0.02 0.03 0.04 0.05 0.06 0.2148 0.2078 0.2032 0.1894 0.1779 0.171 0.1594 0.1502 0.1457 0.1341 0.1249 0.118 0.1088 0.1756 0.1963 0.171 0.217 0.2584 0.224 0.2378 0.369 0.3551 0.3389 0.3367 0.3273 0.3134 0.3066 0.2972 0.2857 0.2811 0.2718 0.2626 0.2557 0.2487 0.2557 0.3343 0.3158 0.3042 0.3806 0.3667 0.3712 0.3528 0.3481 0.3389 0.3273 0.3181 0.3112 0.2997 0.2904 0.2859 0.2743 0.2673 0.2604 0.2536 0.3458 0.3342 0.3112 0.3804 0.385 0.3504
0.2516 1.0 0.2147 0.86 0.87 0.88 0.89 0.9 0.91 0.92 0.93 0.94 0.95 0.96 0.97 0.0 0.01 0.02 0.03 0.04 0.05 0.06 0.07 0.2078 0.2032 0.1894 0.1779 0.171 0.1594 0.1502 0.1457 0.1341 0.1249 0.118 0.1088 0.1756 0.1963 0.171 0.217 0.2584 0.224 0.2378 0.3022 0.3551 0.3389 0.3367 0.3273 0.3134 0.3066 0.2972 0.2857 0.2811 0.2718 0.2626 0.2557 0.2487 0.2557 0.3343 0.3158 0.3042 0.3806 0.3667 0.3412 0.3528 0.3481 0.3389 0.3273 0.3181 0.3112 0.2997 0.2904 0.2859 0.2743 0.2673 0.2604 0.2536 0.3458 0.3342 0.3112 0.3804 0.385 0.3504 0.3942
0.3368 1.0 0.1303 0.87 0.88 0.89 0.9 0.91 0.92 0.93 0.94 0.95 0.96 0.97 0.0 0.01 0.02 0.03 0.04 0.05 0.06 0.07 0.08 0.2032 0.1894 0.1779 0.171 0.1594 0.1502 0.1457 0.1341 0.1249 0.118 0.1088 0.1756 0.1963 0.171 0.217 0.2584 0.224 0.2378 0.3022 0.2631 0.3389 0.3367 0.3273 0.3134 0.3066 0.2972 0.2857 0.2811 0.2718 0.2626 0.2557 0.2487 0.2557 0.3343 0.3158 0.3042 0.3806 0.3667 0.3412 0.406 0.3481 0.3389 0.3273 0.3181 0.3112 0.2997 0.2904 0.2859 0.2743 0.2673 0.2604 0.2536 0.3458 0.3342 0.3112 0.3804 0.385 0.3504 0.3942 0.4219
0.2977 1.0 0.0383 0.88 0.89 0.9 0.91 0.92 0.93 0.94 0.95 0.96 0.97 0.0 0.01 0.02 0.03 0.04 0.05 0.06 0.07 0.08 0.09 0.1894 0.1779 0.171 0.1594 0.1502 0.1457 0.1341 0.1249 0.118 0.1088 0.1756 0.1963 0.171 0.217 0.2584 0.224 0.2378 0.3022 0.2631 0.2516 0.3367 0.3273 0.3134 0.3066 0.2972 0.2857 0.2811 0.2718 0.2626 0.2557 0.2487 0.2557 0.3343 0.3158 0.3042 0.3806 0.3667 0.3412 0.406 0.4083 0.3389 0.3273 0.3181 0.3112 0.2997 0.2904 0.2859 0.2743 0.2673 0.2604 0.2536 0.3458 0.3342 0.3112 0.3804 0.385 0.3504 0.3942 0.4219 0.3827
0.2723 1.0 0.284 0.89 0.9 0.91 0.92 0.93 0.94 0.95 0.96 0.97 0.0 0.01 0.02 0.03 0.04 0.05 0.06 0.07 0.08 0.09 0.1 0.1779 0.171 0.1594 0.1502 0.1457 0.1341 0.1249 0.118 0.1088 0.1756 0.1963 0.171 0.217 0.2584 0.224 0.2378 0.3022 0.2631 0.2516 0.3368 0.3273 0.3134 0.3066 0.2972 0.2857 0.2811 0.2718 0.2626 0.2557 0.2487 0.2557 0.3343 0.3158 0.3042 0.3806 0.3667 0.3412 0.406 0.4083 0.3783 0.3273 0.3181 0.3112 0.2997 0.2904 0.2859 0.2743 0.2673 0.2604 0.2536 0.3458 0.3342 0.3112 0.3804 0.385 0.3504 0.3942 0.4219 0.3827 0.3989
0.3529 1.0 0.1303 0.9 0.91 0.92 0.93 0.94 0.95 0.96 0.97 0.0 0.01 0.02 0.03 0.04 0.05 0.06 0.07 0.08 0.09 0.1 0.11 0.171 0.1594 0.1502 0.1457 0.1341 0.1249 0.118 0.1088 0.1756 0.1963 0.171 0.217 0.2584 0.224 0.2378 0.3022 0.2631 0.2516 0.3368 0.2977 0.3134 0.3066 0.2972 0.2857 0.2811 0.2718 0.2626 0.2557 0.2487 0.2557 0.3343 0.3158 0.3042 0.3806 0.3667 0.3412 0.406 0.4083 0.3783 0.4177 0.3181 0.3112 0.2997 0.2904 0.2859 0.2743 0.2673 0.2604 0.2536 0.3458 0.3342 0.3112 0.3804 0.385 0.3504 0.3942 0.4219 0.3827 0.3989 0.4542
0.3368 1.0 0.0847 0.91 0.92 0.93 0.94 0.95 0.96 0.97 0.0 0.01 0.02 0.03 0.04 0.05 0.06 0.07 0.08 0.09 0.1 0.11 0.12 0.1594 0.1502 0.1457 0.1341 0.1249 0.118 0.1088 0.1756 0.1963 0.171 0.217 0.2584 0.224 0.2378 0.3022 0.2631 0.2516 0.3368 0.2977 0.2723 0.3066 0.2972 0.2857 0.2811 0.2718 0.2626 0.2557 0.2487 0.2557 0.3343 0.3158 0.3042 0.3806 0.3667 0.3412 0.406 0.4083 0.3783 0.4177 0.45 0.3112 0.2997 0.2904 0.2859 0.2743 0.2673 0.2604 0.2536 0.3458 0.3342 0.3112 0.3804 0.385 0.3504 0.3942 0.4219 0.3827 0.3989 0.4542 0.4127
0.3046 1.0 0.2687 0.92 0.93 0.94 0.95 0.96 0.97 0.0 0.01 0.02 0.03 0.04 0.05 0.06 0.07 0.08 0.09 0.1 0.11 0.12 0.13 0.1502 0.1457 0.1341 0.1249 0.118 0.1088 0.1756 0.1963 0.171 0.217 0.2584 0.224 0.2378 0.3022 0.2631 0.2516 0.3368 0.2977 0.2723 0.3529 0.2972 0.2857 0.2811 0.2718 0.2626 0.2557 0.2487 0.2557 0.3343 0.3158 0.3042 0.3806 0.3667 0.3412 0.406 0.4083 0.3783 0.4177 0.45 0.413 0.2997 0.2904 0.2859 0.2743 0.2673 0.2604 0.2536 0.3458 0.3342 0.3112 0.3804 0.385 0.3504 0.3942 0.4219 0.3827 0.3989 0.4542 0.4127 0.4012
0.3576 1.0 0.0537 0.93 0.94 0.95 0.96 0.97 0.0 0.01 0.02 0.03 0.04 0.05 0.06 0.07 0.08 0.09 0.1 0.11 0.12 0.13 0.14 0.1457 0.1341 0.1249 0.118 0.1088 0.1756 0.1963 0.171 0.217 0.2584 0.224 0.2378 0.3022 0.2631 0.2516 0.3368 0.2977 0.2723 0.3529 0.3368 0.2857 0.2811 0.2718 0.2626 0.2557 0.2487 0.2557 0.3343 0.3158 0.3042 0.3806 0.3667 0.3412 0.406 0.4083 0.3783 0.4177 0.45 0.413 0.4246 0.2904 0.2859 0.2743 0.2673 0.2604 0.2536 0.3458 0.3342 0.3112 0.3804 0.385 0.3504 0.3942 0.4219 0.3827 0.3989 0.4542 0.4127 0.4012 0.4819
0.3668 1.0 0.1073 0.94 0.95 0.96 0.97 0.0 0.01 0.02 0.03 0.04 0.05 0.06 0.07 0.08 0.09 0.1 0.11 0.12 0.13 0.14 0.15 0.1341 0.1249 0.118 0.1088 0.1756 0.1963 0.171 0.217 0.2584 0.224 0.2378 0.3022 0.2631 0.2516 0.3368 0.2977 0.2723 0.3529 0.3368 0.3046 0.2811 0.2718 0.2626 0.2557 0.2487 0.2557 0.3343 0.3158 0.3042 0.3806 0.3667 0.3412 0.406 0.4083 0.3783 0.4177 0.45 0.413 0.4246 0.4893 0.2859 0.2743 0.2673 0.2604 0.2536 0.3458 0.3342 0.3112 0.3804 0.385 0.3504 0.3942 0.4219 0.3827 0.3989 0.4542 0.4127 0.4012 0.4819 0.445
0.3322 1.0 0.1767 0.95 0.96 0.97 0.0 0.01 0.02 0.03 0.04 0.05 0.06 0.07 0.08 0.09 0.1 0.11 0.12 0.13 0.14 0.15 0.16 0.1249 0.118 0.1088 0.1756 0.1963 0.171 0.217 0.2584 0.224 0.2378 0.3022 0.2631 0.2516 0.3368 0.2977 0.2723 0.3529 0.3368 0.3046 0.3576 0.2718 0.2626 0.2557 0.2487 0.2557 0.3343 0.3158 0.3042 0.3806 0.3667 0.3412 0.406 0.4083 0.3783 0.4177 0.45 0.413 0.4246 0.4893 0.4523 0.2743 0.2673 0.2604 0.2536 0.3458 0.3342 0.3112 0.3804 0.385 0.3504 0.3942 0.4219 0.3827 0.3989 0.4542 0.4127 0.4012 0.4819 0.445 0.4242
