0.4014 0.0 0.069 0.59 0.6 0.61 0.62 0.63 0.64 0.65 0.66 0.67 0.68 0.69 0.7 0.71 0.72 0.73 0.74 0.75 0.76 0.77 0.78 0.7054 0.6571 0.618 0.6732 0.6594 0.618 0.6433 0.6433 0.6133 0.5972 0.5719 0.5558 0.535 0.512 0.4982 0.4843 0.4613 0.4476 0.4383 0.4176 0.6513 0.6746 0.6953 0.6513 0.6421 0.6977 0.6537 0.6306 0.6722 0.663 0.6329 0.6004 0.5797 0.5634 0.538 0.5171 0.5079 0.4871 0.4662 0.4593 0.6503 0.6941 0.6457 0.6203 0.6757 0.6411 0.6111 0.648 0.6341 0.6111 0.588 0.5719 0.5603 0.5419 0.5188 0.5119 0.4934 0.475 0.4634 0.4542
0.383 0.0 0.046 0.6 0.61 0.62 0.63 0.64 0.65 0.66 0.67 0.68 0.69 0.7 0.71 0.72 0.73 0.74 0.75 0.76 0.77 0.78 0.79 0.6571 0.618 0.6732 0.6594 0.618 0.6433 0.6433 0.6133 0.5972 0.5719 0.5558 0.535 0.512 0.4982 0.4843 0.4613 0.4476 0.4383 0.4176 0.4038 0.6746 0.6953 0.6513 0.6421 0.6977 0.6537 0.6306 0.6722 0.663 0.6329 0.6004 0.5797 0.5634 0.538 0.5171 0.5079 0.4871 0.4662 0.4593 0.4431 0.6941 0.6457 0.6203 0.6757 0.6411 0.6111 0.648 0.6341 0.6111 0.588 0.5719 0.5603 0.5419 0.5188 0.5119 0.4934 0.475 0.4634 0.4542 0.4311
0.3692 0.0 0.008 0.61 0.62 0.63 0.64 0.65 0.66 0.67 0.68 0.69 0.7 0.71 0.72 0.73 0.74 0.75 0.76 0.77 0.78 0.79 0.8 0.618 0.6732 0.6594 0.618 0.6433 0.6433 0.6133 0.5972 0.5719 0.5558 0.535 0.512 0.4982 0.4843 0.4613 0.4476 0.4383 0.4176 0.4038 0.4014 0.6953 0.6513 0.6421 0.6977 0.6537 0.6306 0.6722 0.663 0.6329 0.6004 0.5797 0.5634 0.538 0.5171 0.5079 0.4871 0.4662 0.4593 0.4431 0.4246 0.6457 0.6203 0.6757 0.6411 0.6111 0.648 0.6341 0.6111 0.588 0.5719 0.5603 0.5419 0.5188 0.5119 0.4934 0.475 0.4634 0.4542 0.4311 0.4242
0.3738 0.0 0.0613 0.62 0.63 0.64 0.65 0.66 0.67 0.68 0.69 0.7 0.71 0.72 0.73 0.74 0.75 0.76 0.77 0.78 0.79 0.8 0.81 0.6732 0.6594 0.618 0.6433 0.6433 0.6133 0.5972 0.5719 0.5558 0.535 0.512 0.4982 0.4843 0.4613 0.4476 0.4383 0.4176 0.4038 0.4014 0.383 0.6513 0.6421 0.6977 0.6537 0.6306 0.6722 0.663 0.6329 0.6004 0.5797 0.5634 0.538 0.5171 0.5079 0.4871 0.4662 0.4593 0.4431 0.4246 0.4177 0.6203 0.6757 0.6411 0.6111 0.648 0.6341 0.6111 0.588 0.5719 0.5603 0.5419 0.5188 0.5119 0.4934 0.475 0.4634 0.4542 0.4311 0.4242 0.4173
0.36 0.0 0.046 0.63 0.64 0.65 0.66 0.67 0.68 0.69 0.7 0.71 0.72 0.73 0.74 0.75 0.76 0.77 0.78 0.79 0.8 0.81 0.82 0.6594 0.618 0.6433 0.6433 0.6133 0.5972 0.5719 0.5558 0.535 0.512 0.4982 0.4843 0.4613 0.4476 0.4383 0.4176 0.4038 0.4014 0.383 0.3692 0.6421 0.6977 0.6537 0.6306 0.6722 0.663 0.6329 0.6004 0.5797 0.5634 0.538 0.5171 0.5079 0.4871 0.4662 0.4593 0.4431 0.4246 0.4177 0.4083 0.6757 0.6411 0.6111 0.648 0.6341 0.6111 0.588 0.5719 0.5603 0.5419 0.5188 0.5119 0.4934 0.475 0.4634 0.4542 0.4311 0.4242 0.4173 0.3989
0.3439 0.0 0.0153 0.64 0.65 0.66 0.67 0.68 0.69 0.7 0.71 0.72 0.73 0.74 0.75 0.76 0.77 0.78 0.79 0.8 0.81 0.82 0.83 0.618 0.6433 0.6433 0.6133 0.5972 0.5719 0.5558 0.535 0.512 0.4982 0.4843 0.4613 0.4476 0.4383 0.4176 0.4038 0.4014 0.383 0.3692 0.3738 0.6977 0.6537 0.6306 0.6722 0.663 0.6329 0.6004 0.5797 0.5634 0.538 0.5171 0.5079 0.4871 0.4662 0.4593 0.4431 0.4246 0.4177 0.4083 0.3899 0.6411 0.6111 0.648 0.6341 0.6111 0.588 0.5719 0.5603 0.5419 0.5188 0.5119 0.4934 0.475 0.4634 0.4542 0.4311 0.4242 0.4173 0.3989 0.3897
0.3462 0.0 0.046 0.65 0.66 0.67 0.68 0.69 0.7 0.71 0.72 0.73 0.74 0.75 0.76 0.77 0.78 0.79 0.8 0.81 0.82 0.83 0.84 0.6433 0.6433 0.6133 0.5972 0.5719 0.5558 0.535 0.512 0.4982 0.4843 0.4613 0.4476 0.4383 0.4176 0.4038 0.4014 0.383 0.3692 0.3738 0.36 0.6537 0.6306 0.6722 0.663 0.6329 0.6004 0.5797 0.5634 0.538 0.5171 0.5079 0.4871 0.4662 0.4593 0.4431 0.4246 0.4177 0.4083 0.3899 0.3852 0.6111 0.648 0.6341 0.6111 0.588 0.5719 0.5603 0.5419 0.5188 0.5119 0.4934 0.475 0.4634 0.4542 0.4311 0.4242 0.4173 0.3989 0.3897 0.3942
0.337 0.0 0.0537 0.66 0.67 0.68 0.69 0.7 0.71 0.72 0.73 0.74 0.75 0.76 0.77 0.78 0.79 0.8 0.81 0.82 0.83 0.84 0.85 0.6433 0.6133 0.5972 0.5719 0.5558 0.535 0.512 0.4982 0.4843 0.4613 0.4476 0.4383 0.4176 0.4038 0.4014 0.383 0.3692 0.3738 0.36 0.3439 0.6306 0.6722 0.663 0.6329 0.6004 0.5797 0.5634 0.538 0.5171 0.5079 0.4871 0.4662 0.4593 0.4431 0.4246 0.4177 0.4083 0.3899 0.3852 0.3806 0.648 0.6341 0.6111 0.588 0.5719 0.5603 0.5419 0.5188 0.5119 0.4934 0.475 0.4634 0.4542 0.4311 0.4242 0.4173 0.3989 0.3897 0.3942 0.3781
0.3186 0.0 0.0077 0.67 0.68 0.69 0.7 0.71 0.72 0.73 0.74 0.75 0.76 0.77 0.78 0.79 0.8 0.81 0.82 0.83 0.84 0.85 0.86 0.6133 0.5972 0.5719 0.5558 0.535 0.512 0.4982 0.4843 0.4613 0.4476 0.4383 0.4176 0.4038 0.4014 0.383 0.3692 0.3738 0.36 0.3439 0.3462 0.6722 0.663 0.6329 0.6004 0.5797 0.5634 0.538 0.5171 0.5079 0.4871 0.4662 0.4593 0.4431 0.4246 0.4177 0.4083 0.3899 0.3852 0.3806 0.3644 0.6341 0.6111 0.588 0.5719 0.5603 0.5419 0.5188 0.5119 0.4934 0.475 0.4634 0.4542 0.4311 0.4242 0.4173 0.3989 0.3897 0.3942 0.3781 0.3642
0.3139 0.0 0.0307 0.68 0.69 0.7 0.71 0.72 0.73 0.74 0.75 0.76 0.77 0.78 0.79 0.8 0.81 0.82 0.83 0.84 0.85 0.86 0.87 0.5972 0.5719 0.5558 0.535 0.512 0.4982 0.4843 0.4613 0.4476 0.4383 0.4176 0.4038 0.4014 0.383 0.3692 0.3738 0.36 0.3439 0.3462 0.337 0.663 0.6329 0.6004 0.5797 0.5634 0.538 0.5171 0.5079 0.4871 0.4662 0.4593 0.4431 0.4246 0.4177 0.4083 0.3899 0.3852 0.3806 0.3644 0.3528 0.6111 0.588 0.5719 0.5603 0.5419 0.5188 0.5119 0.4934 0.475 0.4634 0.4542 0.4311 0.4242 0.4173 0.3989 0.3897 0.3942 0.3781 0.3642 0.3666
0.307 0.0 0.0613 0.69 0.7 0.71 0.72 0.73 0.74 0.75 0.76 0.77 0.78 0.79 0.8 0.81 0.82 0.83 0.84 0.85 0.86 0.87 0.88 0.5719 0.5558 0.535 0.512 0.4982 0.4843 0.4613 0.4476 0.4383 0.4176 0.4038 0.4014 0.383 0.3692 0.3738 0.36 0.3439 0.3462 0.337 0.3186 0.6329 0.6004 0.5797 0.5634 0.538 0.5171 0.5079 0.4871 0.4662 0.4593 0.4431 0.4246 0.4177 0.4083 0.3899 0.3852 0.3806 0.3644 0.3528 0.3506 0.588 0.5719 0.5603 0.5419 0.5188 0.5119 0.4934 0.475 0.4634 0.4542 0.4311 0.4242 0.4173 0.3989 0.3897 0.3942 0.3781 0.3642 0.3666 0.3504
0.2932 0.0 0.0157 0.7 0.71 0.72 0.73 0.74 0.75 0.76 0.77 0.78 0.79 0.8 0.81 0.82 0.83 0.84 0.85 0.86 0.87 0.88 0.89 0.5558 0.535 0.512 0.4982 0.4843 0.4613 0.4476 0.4383 0.4176 0.4038 0.4014 0.383 0.3692 0.3738 0.36 0.3439 0.3462 0.337 0.3186 0.3139 0.6004 0.5797 0.5634 0.538 0.5171 0.5079 0.4871 0.4662 0.4593 0.4431 0.4246 0.4177 0.4083 0.3899 0.3852 0.3806 0.3644 0.3528 0.3506 0.3367 0.5719 0.5603 0.5419 0.5188 0.5119 0.4934 0.475 0.4634 0.4542 0.4311 0.4242 0.4173 0.3989 0.3897 0.3942 0.3781 0.3642 0.3666 0.3504 0.3366
0.284 0.0 0.023 0.71 0.72 0.73 0.74 0.75 0.76 0.77 0.78 0.79 0.8 0.81 0.82 0.83 0.84 0.85 0.86 0.87 0.88 0.89 0.9 0.535 0.512 0.4982 0.4843 0.4613 0.4476 0.4383 0.4176 0.4038 0.4014 0.383 0.3692 0.3738 0.36 0.3439 0.3462 0.337 0.3186 0.3139 0.307 0.5797 0.5634 0.538 0.5171 0.5079 0.4871 0.4662 0.4593 0.4431 0.4246 0.4177 0.4083 0.3899 0.3852 0.3806 0.3644 0.3528 0.3506 0.3367 0.325 0.5603 0.5419 0.5188 0.5119 0.4934 0.475 0.4634 0.4542 0.4311 0.4242 0.4173 0.3989 0.3897 0.3942 0.3781 0.3642 0.3666 0.3504 0.3366 0.332
0.2817 0.0 0.046 0.72 0.73 0.74 0.75 0.76 0.77 0.78 0.79 0.8 0.81 0.82 0.83 0.84 0.85 0.86 0.87 0.88 0.89 0.9 0.91 0.512 0.4982 0.4843 0.4613 0.4476 0.4383 0.4176 0.4038 0.4014 0.383 0.3692 0.3738 0.36 0.3439 0.3462 0.337 0.3186 0.3139 0.307 0.2932 0.5634 0.538 0.5171 0.5079 0.4871 0.4662 0.4593 0.4431 0.4246 0.4177 0.4083 0.3899 0.3852 0.3806 0.3644 0.3528 0.3506 0.3367 0.325 0.3204 0.5419 0.5188 0.5119 0.4934 0.475 0.4634 0.4542 0.4311 0.4242 0.4173 0.3989 0.3897 0.3942 0.3781 0.3642 0.3666 0.3504 0.3366 0.332 0.325
0.2679 0.0 0.0307 0.73 0.74 0.75 0.76 0.77 0.78 0.79 0.8 0.81 0.82 0.83 0.84 0.85 0.86 0.87 0.88 0.89 0.9 0.91 0.92 0.4982 0.4843 0.4613 0.4476 0.4383 0.4176 0.4038 0.4014 0.383 0.3692 0.3738 0.36 0.3439 0.3462 0.337 0.3186 0.3139 0.307 0.2932 0.284 0.538 0.5171 0.5079 0.4871 0.4662 0.4593 0.4431 0.4246 0.4177 0.4083 0.3899 0.3852 0.3806 0.3644 0.3528 0.3506 0.3367 0.325 0.3204 0.3089 0.5188 0.5119 0.4934 0.475 0.4634 0.4542 0.4311 0.4242 0.4173 0.3989 0.3897 0.3942 0.3781 0.3642 0.3666 0.3504 0.3366 0.332 0.325 0.3089
0.2587 0.0 0.0077 0.74 0.75 0.76 0.77 0.78 0.79 0.8 0.81 0.82 0.83 0.84 0.85 0.86 0.87 0.88 0.89 0.9 0.91 0.92 0.93 0.4843 0.4613 0.4476 0.4383 0.4176 0.4038 0.4014 0.383 0.3692 0.3738 0.36 0.3439 0.3462 0.337 0.3186 0.3139 0.307 0.2932 0.284 0.2817 0.5171 0.5079 0.4871 0.4662 0.4593 0.4431 0.4246 0.4177 0.4083 0.3899 0.3852 0.3806 0.3644 0.3528 0.3506 0.3367 0.325 0.3204 0.3089 0.2996 0.5119 0.4934 0.475 0.4634 0.4542 0.4311 0.4242 0.4173 0.3989 0.3897 0.3942 0.3781 0.3642 0.3666 0.3504 0.3366 0.332 0.325 0.3089 0.3066
0.254 0.0 0.046 0.75 0.76 0.77 0.78 0.79 0.8 0.81 0.82 0.83 0.84 0.85 0.86 0.87 0.88 0.89 0.9 0.91 0.92 0.93 0.94 0.4613 0.4476 0.4383 0.4176 0.4038 0.4014 0.383 0.3692 0.3738 0.36 0.3439 0.3462 0.337 0.3186 0.3139 0.307 0.2932 0.284 0.2817 0.2679 0.5079 0.4871 0.4662 0.4593 0.4431 0.4246 0.4177 0.4083 0.3899 0.3852 0.3806 0.3644 0.3528 0.3506 0.3367 0.325 0.3204 0.3089 0.2996 0.2927 0.4934 0.475 0.4634 0.4542 0.4311 0.4242 0.4173 0.3989 0.3897 0.3942 0.3781 0.3642 0.3666 0.3504 0.3366 0.332 0.325 0.3089 0.3066 0.2973
0.2448 0.0 0.0307 0.76 0.77 0.78 0.79 0.8 0.81 0.82 0.83 0.84 0.85 0.86 0.87 0.88 0.89 0.9 0.91 0.92 0.93 0.94 0.95 0.4476 0.4383 0.4176 0.4038 0.4014 0.383 0.3692 0.3738 0.36 0.3439 0.3462 0.337 0.3186 0.3139 0.307 0.2932 0.284 0.2817 0.2679 0.2587 0.4871 0.4662 0.4593 0.4431 0.4246 0.4177 0.4083 0.3899 0.3852 0.3806 0.3644 0.3528 0.3506 0.3367 0.325 0.3204 0.3089 0.2996 0.2927 0.2833 0.475 0.4634 0.4542 0.4311 0.4242 0.4173 0.3989 0.3897 0.3942 0.3781 0.3642 0.3666 0.3504 0.3366 0.332 0.325 0.3089 0.3066 0.2973 0.2859
0.2402 0.0 0.0157 0.77 0.78 0.79 0.8 0.81 0.82 0.83 0.84 0.85 0.86 0.87 0.88 0.89 0.9 0.91 0.92 0.93 0.94 0.95 0.96 0.4383 0.4176 0.4038 0.4014 0.383 0.3692 0.3738 0.36 0.3439 0.3462 0.337 0.3186 0.3139 0.307 0.2932 0.284 0.2817 0.2679 0.2587 0.254 0.4662 0.4593 0.4431 0.4246 0.4177 0.4083 0.3899 0.3852 0.3806 0.3644 0.3528 0.3506 0.3367 0.325 0.3204 0.3089 0.2996 0.2927 0.2833 0.2741 0.4634 0.4542 0.4311 0.4242 0.4173 0.3989 0.3897 0.3942 0.3781 0.3642 0.3666 0.3504 0.3366 0.332 0.325 0.3089 0.3066 0.2973 0.2859 0.2789
0.2494 0.0 0.0307 0.78 0.79 0.8 0.81 0.82 0.83 0.84 0.85 0.86 0.87 0.88 0.89 0.9 0.91 0.92 0.93 0.94 0.95 0.96 0.97 0.4176 0.4038 0.4014 0.383 0.3692 0.3738 0.36 0.3439 0.3462 0.337 0.3186 0.3139 0.307 0.2932 0.284 0.2817 0.2679 0.2587 0.254 0.2448 0.4593 0.4431 0.4246 0.4177 0.4083 0.3899 0.3852 0.3806 0.3644 0.3528 0.3506 0.3367 0.325 0.3204 0.3089 0.2996 0.2927 0.2833 0.2741 0.2672 0.4542 0.4311 0.4242 0.4173 0.3989 0.3897 0.3942 0.3781 0.3642 0.3666 0.3504 0.3366 0.332 0.325 0.3089 0.3066 0.2973 0.2859 0.2789 0.272
0.2426 0.0 0.0153 0.79 0.8 0.81 0.82 0.83 0.84 0.85 0.86 0.87 0.88 0.89 0.9 0.91 0.92 0.93 0.94 0.95 0.96 0.97 0.0 0.4038 0.4014 0.383 0.3692 0.3738 0.36 0.3439 0.3462 0.337 0.3186 0.3139 0.307 0.2932 0.284 0.2817 0.2679 0.2587 0.254 0.2448 0.2402 0.4431 0.4246 0.4177 0.4083 0.3899 0.3852 0.3806 0.3644 0.3528 0.3506 0.3367 0.325 0.3204 0.3089 0.2996 0.2927 0.2833 0.2741 0.2672 0.2602 0.4311 0.4242 0.4173 0.3989 0.3897 0.3942 0.3781 0.3642 0.3666 0.3504 0.3366 0.332 0.325 0.3089 0.3066 0.2973 0.2859 0.2789 0.272 0.2651
0.3278 0.0 0.0307 0.8 0.81 0.82 0.83 0.84 0.85 0.86 0.87 0.88 0.89 0.9 0.91 0.92 0.93 0.94 0.95 0.96 0.97 0.0 0.01 0.4014 0.383 0.3692 0.3738 0.36 0.3439 0.3462 0.337 0.3186 0.3139 0.307 0.2932 0.284 0.2817 0.2679 0.2587 0.254 0.2448 0.2402 0.2494 0.4246 0.4177 0.4083 0.3899 0.3852 0.3806 0.3644 0.3528 0.3506 0.3367 0.325 0.3204 0.3089 0.2996 0.2927 0.2833 0.2741 0.2672 0.2602 0.2857 0.4242 0.4173 0.3989 0.3897 0.3942 0.3781 0.3642 0.3666 0.3504 0.3366 0.332 0.325 0.3089 0.3066 0.2973 0.2859 0.2789 0.272 0.2651 0.3389
0.3392 0.0 0.0227 0.81 0.82 0.83 0.84 0.85 0.86 0.87 0.88 0.89 0.9 0.91 0.92 0.93 0.94 0.95 0.96 0.97 0.0 0.01 0.02 0.383 0.3692 0.3738 0.36 0.3439 0.3462 0.337 0.3186 0.3139 0.307 0.2932 0.284 0.2817 0.2679 0.2587 0.254 0.2448 0.2402 0.2494 0.2426 0.4177 0.4083 0.3899 0.3852 0.3806 0.3644 0.3528 0.3506 0.3367 0.325 0.3204 0.3089 0.2996 0.2927 0.2833 0.2741 0.2672 0.2602 0.2857 0.3297 0.4173 0.3989 0.3897 0.3942 0.3781 0.3642 0.3666 0.3504 0.3366 0.332 0.325 0.3089 0.3066 0.2973 0.2859 0.2789 0.272 0.2651 0.3389 0.3136
0.3162 0.0 0.284 0.82 0.83 0.84 0.85 0.86 0.87 0.88 0.89 0.9 0.91 0.92 0.93 0.94 0.95 0.96 0.97 0.0 0.01 0.02 0.03 0.3692 0.3738 0.36 0.3439 0.3462 0.337 0.3186 0.3139 0.307 0.2932 0.284 0.2817 0.2679 0.2587 0.254 0.2448 0.2402 0.2494 0.2426 0.3278 0.4083 0.3899 0.3852 0.3806 0.3644 0.3528 0.3506 0.3367 0.325 0.3204 0.3089 0.2996 0.2927 0.2833 0.2741 0.2672 0.2602 0.2857 0.3297 0.3089 0.3989 0.3897 0.3942 0.3781 0.3642 0.3666 0.3504 0.3366 0.332 0.325 0.3089 0.3066 0.2973 0.2859 0.2789 0.272 0.2651 0.3389 0.3136 0.3066
0.3692 0.0 0.038 0.83 0.84 0.85 0.86 0.87 0.88 0.89 0.9 0.91 0.92 0.93 0.94 0.95 0.96 0.97 0.0 0.01 0.02 0.03 0.04 0.3738 0.36 0.3439 0.3462 0.337 0.3186 0.3139 0.307 0.2932 0.284 0.2817 0.2679 0.2587 0.254 0.2448 0.2402 0.2494 0.2426 0.3278 0.3392 0.3899 0.3852 0.3806 0.3644 0.3528 0.3506 0.3367 0.325 0.3204 0.3089 0.2996 0.2927 0.2833 0.2741 0.2672 0.2602 0.2857 0.3297 0.3089 0.3134 0.3897 0.3942 0.3781 0.3642 0.3666 0.3504 0.3366 0.332 0.325 0.3089 0.3066 0.2973 0.2859 0.2789 0.272 0.2651 0.3389 0.3136 0.3066 0.3897
0.4014 0.0 0.0767 0.84 0.85 0.86 0.87 0.88 0.89 0.9 0.91 0.92 0.93 0.94 0.95 0.96 0.97 0.0 0.01 0.02 0.03 0.04 0.05 0.36 0.3439 0.3462 0.337 0.3186 0.3139 0.307 0.2932 0.284 0.2817 0.2679 0.2587 0.254 0.2448 0.2402 0.2494 0.2426 0.3278 0.3392 0.3162 0.3852 0.3806 0.3644 0.3528 0.3506 0.3367 0.325 0.3204 0.3089 0.2996 0.2927 0.2833 0.2741 0.2672 0.2602 0.2857 0.3297 0.3089 0.3134 0.3852 0.3942 0.3781 0.3642 0.3666 0.3504 0.3366 0.332 0.325 0.3089 0.3066 0.2973 0.2859 0.2789 0.272 0.2651 0.3389 0.3136 0.3066 0.3897 0.3666
0.3646 0.0 0.1767 0.85 0.86 0.87 0.88 0.89 0.9 0.91 0.92 0.93 0.94 0.95 0.96 0.97 0.0 0.01 0.02 0.03 0.04 0.05 0.06 0.3439 0.3462 0.337 0.3186 0.3139 0.307 0.2932 0.284 0.2817 0.2679 0.2587 0.254 0.2448 0.2402 0.2494 0.2426 0.3278 0.3392 0.3162 0.3692 0.3806 0.3644 0.3528 0.3506 0.3367 0.325 0.3204 0.3089 0.2996 0.2927 0.2833 0.2741 0.2672 0.2602 0.2857 0.3297 0.3089 0.3134 0.3852 0.3528 0.3781 0.3642 0.3666 0.3504 0.3366 0.332 0.325 0.3089 0.3066 0.2973 0.2859 0.2789 0.272 0.2651 0.3389 0.3136 0.3066 0.3897 0.3666 0.3389
0.383 0.0 0.1073 0.86 0.87 0.88 0.89 0.9 0.91 0.92 0.93 0.94 0.95 0.96 0.97 0.0 0.01 0.02 0.03 0.04 0.05 0.06 0.07 0.3462 0.337 0.3186 0.3139 0.307 0.2932 0.284 0.2817 0.2679 0.2587 0.254 0.2448 0.2402 0.2494 0.2426 0.3278 0.3392 0.3162 0.3692 0.4014 0.3644 0.3528 0.3506 0.3367 0.325 0.3204 0.3089 0.2996 0.2927 0.2833 0.2741 0.2672 0.2602 0.2857 0.3297 0.3089 0.3134 0.3852 0.3528 0.3389 0.3642 0.3666 0.3504 0.3366 0.332 0.325 0.3089 0.3066 0.2973 0.2859 0.2789 0.272 0.2651 0.3389 0.3136 0.3066 0.3897 0.3666 0.3389 0.4127
0.4521 0.0 0.1227 0.87 0.88 0.89 0.9 0.91 0.92 0.93 0.94 0.95 0.96 0.97 0.0 0.01 0.02 0.03 0.04 0.05 0.06 0.07 0.08 0.337 0.3186 0.3139 0.307 0.2932 0.284 0.2817 0.2679 0.2587 0.254 0.2448 0.2402 0.2494 0.2426 0.3278 0.3392 0.3162 0.3692 0.4014 0.3646 0.3528 0.3506 0.3367 0.325 0.3204 0.3089 0.2996 0.2927 0.2833 0.2741 0.2672 0.2602 0.2857 0.3297 0.3089 0.3134 0.3852 0.3528 0.3389 0.4177 0.3666 0.3504 0.3366 0.332 0.325 0.3089 0.3066 0.2973 0.2859 0.2789 0.272 0.2651 0.3389 0.3136 0.3066 0.3897 0.3666 0.3389 0.4127 0.4058
0.4107 0.0 0.0613 0.88 0.89 0.9 0.91 0.92 0.93 0.94 0.95 0.96 0.97 0.0 0.01 0.02 0.03 0.04 0.05 0.06 0.07 0.08 0.09 0.3186 0.3139 0.307 0.2932 0.284 0.2817 0.2679 0.2587 0.254 0.2448 0.2402 0.2494 0.2426 0.3278 0.3392 0.3162 0.3692 0.4014 0.3646 0.383 0.3506 0.3367 0.325 0.3204 0.3089 0.2996 0.2927 0.2833 0.2741 0.2672 0.2602 0.2857 0.3297 0.3089 0.3134 0.3852 0.3528 0.3389 0.4177 0.3968 0.3504 0.3366 0.332 0.325 0.3089 0.3066 0.2973 0.2859 0.2789 0.272 0.2651 0.3389 0.3136 0.3066 0.3897 0.3666 0.3389 0.4127 0.4058 0.3734
0.3899 0.0 0.2303 0.89 0.9 0.91 0.92 0.93 0.94 0.95 0.96 0.97 0.0 0.01 0.02 0.03 0.04 0.05 0.06 0.07 0.08 0.09 0.1 0.3139 0.307 0.2932 0.284 0.2817 0.2679 0.2587 0.254 0.2448 0.2402 0.2494 0.2426 0.3278 0.3392 0.3162 0.3692 0.4014 0.3646 0.383 0.4521 0.3367 0.325 0.3204 0.3089 0.2996 0.2927 0.2833 0.2741 0.2672 0.2602 0.2857 0.3297 0.3089 0.3134 0.3852 0.3528 0.3389 0.4177 0.3968 0.369 0.3366 0.332 0.325 0.3089 0.3066 0.2973 0.2859 0.2789 0.272 0.2651 0.3389 0.3136 0.3066 0.3897 0.3666 0.3389 0.4127 0.4058 0.3734 0.4104
0.4774 0.0 0.138 0.9 0.91 0.92 0.93 0.94 0.95 0.96 0.97 0.0 0.01 0.02 0.03 0.04 0.05 0.06 0.07 0.08 0.09 0.1 0.11 0.307 0.2932 0.284 0.2817 0.2679 0.2587 0.254 0.2448 0.2402 0.2494 0.2426 0.3278 0.3392 0.3162 0.3692 0.4014 0.3646 0.383 0.4521 0.4107 0.325 0.3204 0.3089 0.2996 0.2927 0.2833 0.2741 0.2672 0.2602 0.2857 0.3297 0.3089 0.3134 0.3852 0.3528 0.3389 0.4177 0.3968 0.369 0.4316 0.332 0.325 0.3089 0.3066 0.2973 0.2859 0.2789 0.272 0.2651 0.3389 0.3136 0.3066 0.3897 0.3666 0.3389 0.4127 0.4058 0.3734 0.4104 0.445
0.4498 0.0 0.0693 0.91 0.92 0.93 0.94 0.95 0.96 0.97 0.0 0.01 0.02 0.03 0.04 0.05 0.06 0.07 0.08 0.09 0.1 0.11 0.12 0.2932 0.284 0.2817 0.2679 0.2587 0.254 0.2448 0.2402 0.2494 0.2426 0.3278 0.3392 0.3162 0.3692 0.4014 0.3646 0.383 0.4521 0.4107 0.3899 0.3204 0.3089 0.2996 0.2927 0.2833 0.2741 0.2672 0.2602 0.2857 0.3297 0.3089 0.3134 0.3852 0.3528 0.3389 0.4177 0.3968 0.369 0.4316 0.4384 0.325 0.3089 0.3066 0.2973 0.2859 0.2789 0.272 0.2651 0.3389 0.3136 0.3066 0.3897 0.3666 0.3389 0.4127 0.4058 0.3734 0.4104 0.445 0.4058
0.4152 0.0 0.2917 0.92 0.93 0.94 0.95 0.96 0.97 0.0 0.01 0.02 0.03 0.04 0.05 0.06 0.07 0.08 0.09 0.1 0.11 0.12 0.13 0.284 0.2817 0.2679 0.2587 0.254 0.2448 0.2402 0.2494 0.2426 0.3278 0.3392 0.3162 0.3692 0.4014 0.3646 0.383 0.4521 0.4107 0.3899 0.4774 0.3089 0.2996 0.2927 0.2833 0.2741 0.2672 0.2602 0.2857 0.3297 0.3089 0.3134 0.3852 0.3528 0.3389 0.4177 0.3968 0.369 0.4316 0.4384 0.406 0.3089 0.3066 0.2973 0.2859 0.2789 0.272 0.2651 0.3389 0.3136 0.3066 0.3897 0.3666 0.3389 0.4127 0.4058 0.3734 0.4104 0.445 0.4058 0.4104
0.4659 0.0 0.092 0.93 0.94 0.95 0.96 0.97 0.0 0.01 0.02 0.03 0.04 0.05 0.06 0.07 0.08 0.09 0.1 0.11 0.12 0.13 0.14 0.2817 0.2679 0.2587 0.254 0.2448 0.2402 0.2494 0.2426 0.3278 0.3392 0.3162 0.3692 0.4014 0.3646 0.383 0.4521 0.4107 0.3899 0.4774 0.4498 0.2996 0.2927 0.2833 0.2741 0.2672 0.2602 0.2857 0.3297 0.3089 0.3134 0.3852 0.3528 0.3389 0.4177 0.3968 0.369 0.4316 0.4384 0.406 0.4384 0.3066 0.2973 0.2859 0.2789 0.272 0.2651 0.3389 0.3136 0.3066 0.3897 0.3666 0.3389 0.4127 0.4058 0.3734 0.4104 0.445 0.4058 0.4104 0.4727
0.4774 0.0 0.1153 0.94 0.95 0.96 0.97 0.0 0.01 0.02 0.03 0.04 0.05 0.06 0.07 0.08 0.09 0.1 0.11 0.12 0.13 0.14 0.15 0.2679 0.2587 0.254 0.2448 0.2402 0.2494 0.2426 0.3278 0.3392 0.3162 0.3692 0.4014 0.3646 0.383 0.4521 0.4107 0.3899 0.4774 0.4498 0.4152 0.2927 0.2833 0.2741 0.2672 0.2602 0.2857 0.3297 0.3089 0.3134 0.3852 0.3528 0.3389 0.4177 0.3968 0.369 0.4316 0.4384 0.406 0.4384 0.4801 0.2973 0.2859 0.2789 0.272 0.2651 0.3389 0.3136 0.3066 0.3897 0.3666 0.3389 0.4127 0.4058 0.3734 0.4104 0.445 0.4058 0.4104 0.4727 0.4358
0.4452 0.0 0.169 0.95 0.96 0.97 0.0 0.01 0.02 0.03 0.04 0.05 0.06 0.07 0.08 0.09 0.1 0.11 0.12 0.13 0.14 0.15 0.16 0.2587 0.254 0.2448 0.2402 0.2494 0.2426 0.3278 0.3392 0.3162 0.3692 0.4014 0.3646 0.383 0.4521 0.4107 0.3899 0.4774 0.4498 0.4152 0.4659 0.2833 0.2741 0.2672 0.2602 0.2857 0.3297 0.3089 0.3134 0.3852 0.3528 0.3389 0.4177 0.3968 0.369 0.4316 0.4384 0.406 0.4384 0.4801 0.4408 0.2859 0.2789 0.272 0.2651 0.3389 0.3136 0.3066 0.3897 0.3666 0.3389 0.4127 0.4058 0.3734 0.4104 0.445 0.4058 0.4104 0.4727 0.4358 0.4197
0.4613 0.0 0.0383 0.96 0.97 0.0 0.01 0.02 0.03 0.04 0.05 0.06 0.07 0.08 0.09 0.1 0.11 0.12 0.13 0.14 0.15 0.16 0.17 0.254 0.2448 0.2402 0.2494 0.2426 0.3278 0.3392 0.3162 0.3692 0.4014 0.3646 0.383 0.4521 0.4107 0.3899 0.4774 0.4498 0.4152 0.4659 0.4774 0.2741 0.2672 0.2602 0.2857 0.3297 0.3089 0.3134 0.3852 0.3528 0.3389 0.4177 0.3968 0.369 0.4316 0.4384 0.406 0.4384 0.4801 0.4408 0.4361 0.2789 0.272 0.2651 0.3389 0.3136 0.3066 0.3897 0.3666 0.3389 0.4127 0.4058 0.3734 0.4104 0.445 0.4058 0.4104 0.4727 0.4358 0.4197 0.4773
0.4867 0.0 0.1073 0.97 0.0 0.01 0.02 0.03 0.04 0.05 0.06 0.07 0.08 0.09 0.1 0.11 0.12 0.13 0.14 0.15 0.16 0.17 0.18 0.2448 0.2402 0.2494 0.2426 0.3278 0.3392 0.3162 0.3692 0.4014 0.3646 0.383 0.4521 0.4107 0.3899 0.4774 0.4498 0.4152 0.4659 0.4774 0.4452 0.2672 0.2602 0.2857 0.3297 0.3089 0.3134 0.3852 0.3528 0.3389 0.4177 0.3968 0.369 0.4316 0.4384 0.406 0.4384 0.4801 0.4408 0.4361 0.5079 0.272 0.2651 0.3389 0.3136 0.3066 0.3897 0.3666 0.3389 0.4127 0.4058 0.3734 0.4104 0.445 0.4058 0.4104 0.4727 0.4358 0.4197 0.4773 0.4589
0.459 0.0 0.0537 0.0 0.01 0.02 0.03 0.04 0.05 0.06 0.07 0.08 0.09 0.1 0.11 0.12 0.13 0.14 0.15 0.16 0.17 0.18 0.19 0.2402 0.2494 0.2426 0.3278 0.3392 0.3162 0.3692 0.4014 0.3646 0.383 0.4521 0.4107 0.3899 0.4774 0.4498 0.4152 0.4659 0.4774 0.4452 0.4613 0.2602 0.2857 0.3297 0.3089 0.3134 0.3852 0.3528 0.3389 0.4177 0.3968 0.369 0.4316 0.4384 0.406 0.4384 0.4801 0.4408 0.4361 0.5079 0.4778 0.2651 0.3389 0.3136 0.3066 0.3897 0.3666 0.3389 0.4127 0.4058 0.3734 0.4104 0.445 0.4058 0.4104 0.4727 0.4358 0.4197 0.4773 0.4589 0.4427
0.459 0.0 0.0847 0.01 0.02 0.03 0.04 0.05 0.06 0.07 0.08 0.09 0.1 0.11 0.12 0.13 0.14 0.15 0.16 0.17 0.18 0.19 0.2 0.2494 0.2426 0.3278 0.3392 0.3162 0.3692 0.4014 0.3646 0.383 0.4521 0.4107 0.3899 0.4774 0.4498 0.4152 0.4659 0.4774 0.4452 0.4613 0.4867 0.2857 0.3297 0.3089 0.3134 0.3852 0.3528 0.3389 0.4177 0.3968 0.369 0.4316 0.4384 0.406 0.4384 0.4801 0.4408 0.4361 0.5079 0.4778 0.4593 0.3389 0.3136 0.3066 0.3897 0.3666 0.3389 0.4127 0.4058 0.3734 0.4104 0.445 0.4058 0.4104 0.4727 0.4358 0.4197 0.4773 0.4589 0.4427 0.4727
0.5074 0.0 0.0923 0.02 0.03 0.04 0.05 0.06 0.07 0.08 0.09 0.1 0.11 0.12 0.13 0.14 0.15 0.16 0.17 0.18 0.19 0.2 0.21 0.2426 0.3278 0.3392 0.3162 0.3692 0.4014 0.3646 0.383 0.4521 0.4107 0.3899 0.4774 0.4498 0.4152 0.4659 0.4774 0.4452 0.4613 0.4867 0.459 0.3297 0.3089 0.3134 0.3852 0.3528 0.3389 0.4177 0.3968 0.369 0.4316 0.4384 0.406 0.4384 0.4801 0.4408 0.4361 0.5079 0.4778 0.4593 0.4893 0.3136 0.3066 0.3897 0.3666 0.3389 0.4127 0.4058 0.3734 0.4104 0.445 0.4058 0.4104 0.4727 0.4358 0.4197 0.4773 0.4589 0.4427 0.4727 0.4934
0.512 0.0 0.0 0.03 0.04 0.05 0.06 0.07 0.08 0.09 0.1 0.11 0.12 0.13 0.14 0.15 0.16 0.17 0.18 0.19 0.2 0.21 0.22 0.3278 0.3392 0.3162 0.3692 0.4014 0.3646 0.383 0.4521 0.4107 0.3899 0.4774 0.4498 0.4152 0.4659 0.4774 0.4452 0.4613 0.4867 0.459 0.459 0.3089 0.3134 0.3852 0.3528 0.3389 0.4177 0.3968 0.369 0.4316 0.4384 0.406 0.4384 0.4801 0.4408 0.4361 0.5079 0.4778 0.4593 0.4893 0.531 0.3066 0.3897 0.3666 0.3389 0.4127 0.4058 0.3734 0.4104 0.445 0.4058 0.4104 0.4727 0.4358 0.4197 0.4773 0.4589 0.4427 0.4727 0.4934 0.4681
0.4982 0.0 0.1613 0.04 0.05 0.06 0.07 0.08 0.09 0.1 0.11 0.12 0.13 0.14 0.15 0.16 0.17 0.18 0.19 0.2 0.21 0.22 0.23 0.3392 0.3162 0.3692 0.4014 0.3646 0.383 0.4521 0.4107 0.3899 0.4774 0.4498 0.4152 0.4659 0.4774 0.4452 0.4613 0.4867 0.459 0.459 0.5074 0.3134 0.3852 0.3528 0.3389 0.4177 0.3968 0.369 0.4316 0.4384 0.406 0.4384 0.4801 0.4408 0.4361 0.5079 0.4778 0.4593 0.4893 0.531 0.501 0.3897 0.3666 0.3389 0.4127 0.4058 0.3734 0.4104 0.445 0.4058 0.4104 0.4727 0.4358 0.4197 0.4773 0.4589 0.4427 0.4727 0.4934 0.4681 0.4796
0.512 0.0 0.0153 0.05 0.06 0.07 0.08 0.09 0.1 0.11 0.12 0.13 0.14 0.15 0.16 0.17 0.18 0.19 0.2 0.21 0.22 0.23 0.24 0.3162 0.3692 0.4014 0.3646 0.383 0.4521 0.4107 0.3899 0.4774 0.4498 0.4152 0.4659 0.4774 0.4452 0.4613 0.4867 0.459 0.459 0.5074 0.512 0.3852 0.3528 0.3389 0.4177 0.3968 0.369 0.4316 0.4384 0.406 0.4384 0.4801 0.4408 0.4361 0.5079 0.4778 0.4593 0.4893 0.531 0.501 0.5126 0.3666 0.3389 0.4127 0.4058 0.3734 0.4104 0.445 0.4058 0.4104 0.4727 0.4358 0.4197 0.4773 0.4589 0.4427 0.4727 0.4934 0.4681 0.4796 0.5142
0.5742 0.0 0.046 0.06 0.07 0.08 0.09 0.1 0.11 0.12 0.13 0.14 0.15 0.16 0.17 0.18 0.19 0.2 0.21 0.22 0.23 0.24 0.25 0.3692 0.4014 0.3646 0.383 0.4521 0.4107 0.3899 0.4774 0.4498 0.4152 0.4659 0.4774 0.4452 0.4613 0.4867 0.459 0.459 0.5074 0.512 0.4982 0.3528 0.3389 0.4177 0.3968 0.369 0.4316 0.4384 0.406 0.4384 0.4801 0.4408 0.4361 0.5079 0.4778 0.4593 0.4893 0.531 0.501 0.5126 0.5658 0.3389 0.4127 0.4058 0.3734 0.4104 0.445 0.4058 0.4104 0.4727 0.4358 0.4197 0.4773 0.4589 0.4427 0.4727 0.4934 0.4681 0.4796 0.5142 0.528
0.5534 0.0 0.046 0.07 0.08 0.09 0.1 0.11 0.12 0.13 0.14 0.15 0.16 0.17 0.18 0.19 0.2 0.21 0.22 0.23 0.24 0.25 0.26 0.4014 0.3646 0.383 0.4521 0.4107 0.3899 0.4774 0.4498 0.4152 0.4659 0.4774 0.4452 0.4613 0.4867 0.459 0.459 0.5074 0.512 0.4982 0.512 0.3389 0.4177 0.3968 0.369 0.4316 0.4384 0.406 0.4384 0.4801 0.4408 0.4361 0.5079 0.4778 0.4593 0.4893 0.531 0.501 0.5126 0.5658 0.5519 0.4127 0.4058 0.3734 0.4104 0.445 0.4058 0.4104 0.4727 0.4358 0.4197 0.4773 0.4589 0.4427 0.4727 0.4934 0.4681 0.4796 0.5142 0.528 0.5211
0.542 0.0 0.2073 0.08 0.09 0.1 0.11 0.12 0.13 0.14 0.15 0.16 0.17 0.18 0.19 0.2 0.21 0.22 0.23 0.24 0.25 0.26 0.27 0.3646 0.383 0.4521 0.4107 0.3899 0.4774 0.4498 0.4152 0.4659 0.4774 0.4452 0.4613 0.4867 0.459 0.459 0.5074 0.512 0.4982 0.512 0.5742 0.4177 0.3968 0.369 0.4316 0.4384 0.406 0.4384 0.4801 0.4408 0.4361 0.5079 0.4778 0.4593 0.4893 0.531 0.501 0.5126 0.5658 0.5519 0.5472 0.4058 0.3734 0.4104 0.445 0.4058 0.4104 0.4727 0.4358 0.4197 0.4773 0.4589 0.4427 0.4727 0.4934 0.4681 0.4796 0.5142 0.528 0.5211 0.5464
0.6019 0.0 0.0693 0.09 0.1 0.11 0.12 0.13 0.14 0.15 0.16 0.17 0.18 0.19 0.2 0.21 0.22 0.23 0.24 0.25 0.26 0.27 0.28 0.383 0.4521 0.4107 0.3899 0.4774 0.4498 0.4152 0.4659 0.4774 0.4452 0.4613 0.4867 0.459 0.459 0.5074 0.512 0.4982 0.512 0.5742 0.5534 0.3968 0.369 0.4316 0.4384 0.406 0.4384 0.4801 0.4408 0.4361 0.5079 0.4778 0.4593 0.4893 0.531 0.501 0.5126 0.5658 0.5519 0.5472 0.575 0.3734 0.4104 0.445 0.4058 0.4104 0.4727 0.4358 0.4197 0.4773 0.4589 0.4427 0.4727 0.4934 0.4681 0.4796 0.5142 0.528 0.5211 0.5464 0.5996
0.5949 0.0 0.038 0.1 0.11 0.12 0.13 0.14 0.15 0.16 0.17 0.18 0.19 0.2 0.21 0.22 0.23 0.24 0.25 0.26 0.27 0.28 0.29 0.4521 0.4107 0.3899 0.4774 0.4498 0.4152 0.4659 0.4774 0.4452 0.4613 0.4867 0.459 0.459 0.5074 0.512 0.4982 0.512 0.5742 0.5534 0.542 0.369 0.4316 0.4384 0.406 0.4384 0.4801 0.4408 0.4361 0.5079 0.4778 0.4593 0.4893 0.531 0.501 0.5126 0.5658 0.5519 0.5472 0.575 0.6098 0.4104 0.445 0.4058 0.4104 0.4727 0.4358 0.4197 0.4773 0.4589 0.4427 0.4727 0.4934 0.4681 0.4796 0.5142 0.528 0.5211 0.5464 0.5996 0.5627
0.5673 0.0 0.1997 0.11 0.12 0.13 0.14 0.15 0.16 0.17 0.18 0.19 0.2 0.21 0.22 0.23 0.24 0.25 0.26 0.27 0.28 0.29 0.3 0.4107 0.3899 0.4774 0.4498 0.4152 0.4659 0.4774 0.4452 0.4613 0.4867 0.459 0.459 0.5074 0.512 0.4982 0.512 0.5742 0.5534 0.542 0.6019 0.4316 0.4384 0.406 0.4384 0.4801 0.4408 0.4361 0.5079 0.4778 0.4593 0.4893 0.531 0.501 0.5126 0.5658 0.5519 0.5472 0.575 0.6098 0.5773 0.445 0.4058 0.4104 0.4727 0.4358 0.4197 0.4773 0.4589 0.4427 0.4727 0.4934 0.4681 0.4796 0.5142 0.528 0.5211 0.5464 0.5996 0.5627 0.558
0.6041 0.0 0.0233 0.12 0.13 0.14 0.15 0.16 0.17 0.18 0.19 0.2 0.21 0.22 0.23 0.24 0.25 0.26 0.27 0.28 0.29 0.3 0.31 0.3899 0.4774 0.4498 0.4152 0.4659 0.4774 0.4452 0.4613 0.4867 0.459 0.459 0.5074 0.512 0.4982 0.512 0.5742 0.5534 0.542 0.6019 0.5949 0.4384 0.406 0.4384 0.4801 0.4408 0.4361 0.5079 0.4778 0.4593 0.4893 0.531 0.501 0.5126 0.5658 0.5519 0.5472 0.575 0.6098 0.5773 0.5797 0.4058 0.4104 0.4727 0.4358 0.4197 0.4773 0.4589 0.4427 0.4727 0.4934 0.4681 0.4796 0.5142 0.528 0.5211 0.5464 0.5996 0.5627 0.558 0.6272
0.6133 0.0 0.092 0.13 0.14 0.15 0.16 0.17 0.18 0.19 0.2 0.21 0.22 0.23 0.24 0.25 0.26 0.27 0.28 0.29 0.3 0.31 0.32 0.4774 0.4498 0.4152 0.4659 0.4774 0.4452 0.4613 0.4867 0.459 0.459 0.5074 0.512 0.4982 0.512 0.5742 0.5534 0.542 0.6019 0.5949 0.5673 0.406 0.4384 0.4801 0.4408 0.4361 0.5079 0.4778 0.4593 0.4893 0.531 0.501 0.5126 0.5658 0.5519 0.5472 0.575 0.6098 0.5773 0.5797 0.6259 0.4104 0.4727 0.4358 0.4197 0.4773 0.4589 0.4427 0.4727 0.4934 0.4681 0.4796 0.5142 0.528 0.5211 0.5464 0.5996 0.5627 0.558 0.6272 0.5949
0.5811 0.0 0.1227 0.14 0.15 0.16 0.17 0.18 0.19 0.2 0.21 0.22 0.23 0.24 0.25 0.26 0.27 0.28 0.29 0.3 0.31 0.32 0.33 0.4498 0.4152 0.4659 0.4774 0.4452 0.4613 0.4867 0.459 0.459 0.5074 0.512 0.4982 0.512 0.5742 0.5534 0.542 0.6019 0.5949 0.5673 0.6041 0.4384 0.4801 0.4408 0.4361 0.5079 0.4778 0.4593 0.4893 0.531 0.501 0.5126 0.5658 0.5519 0.5472 0.575 0.6098 0.5773 0.5797 0.6259 0.5912 0.4727 0.4358 0.4197 0.4773 0.4589 0.4427 0.4727 0.4934 0.4681 0.4796 0.5142 0.528 0.5211 0.5464 0.5996 0.5627 0.558 0.6272 0.5949 0.5742
0.6041 0.0 0.0307 0.15 0.16 0.17 0.18 0.19 0.2 0.21 0.22 0.23 0.24 0.25 0.26 0.27 0.28 0.29 0.3 0.31 0.32 0.33 0.34 0.4152 0.4659 0.4774 0.4452 0.4613 0.4867 0.459 0.459 0.5074 0.512 0.4982 0.512 0.5742 0.5534 0.542 0.6019 0.5949 0.5673 0.6041 0.6133 0.4801 0.4408 0.4361 0.5079 0.4778 0.4593 0.4893 0.531 0.501 0.5126 0.5658 0.5519 0.5472 0.575 0.6098 0.5773 0.5797 0.6259 0.5912 0.5797 0.4358 0.4197 0.4773 0.4589 0.4427 0.4727 0.4934 0.4681 0.4796 0.5142 0.528 0.5211 0.5464 0.5996 0.5627 0.558 0.6272 0.5949 0.5742 0.6319
0.6318 0.0 0.1073 0.16 0.17 0.18 0.19 0.2 0.21 0.22 0.23 0.24 0.25 0.26 0.27 0.28 0.29 0.3 0.31 0.32 0.33 0.34 0.35 0.4659 0.4774 0.4452 0.4613 0.4867 0.459 0.459 0.5074 0.512 0.4982 0.512 0.5742 0.5534 0.542 0.6019 0.5949 0.5673 0.6041 0.6133 0.5811 0.4408 0.4361 0.5079 0.4778 0.4593 0.4893 0.531 0.501 0.5126 0.5658 0.5519 0.5472 0.575 0.6098 0.5773 0.5797 0.6259 0.5912 0.5797 0.6306 0.4197 0.4773 0.4589 0.4427 0.4727 0.4934 0.4681 0.4796 0.5142 0.528 0.5211 0.5464 0.5996 0.5627 0.558 0.6272 0.5949 0.5742 0.6319 0.6088
0.5949 0.0 0.0767 0.17 0.18 0.19 0.2 0.21 0.22 0.23 0.24 0.25 0.26 0.27 0.28 0.29 0.3 0.31 0.32 0.33 0.34 0.35 0.36 0.4774 0.4452 0.4613 0.4867 0.459 0.459 0.5074 0.512 0.4982 0.512 0.5742 0.5534 0.542 0.6019 0.5949 0.5673 0.6041 0.6133 0.5811 0.6041 0.4361 0.5079 0.4778 0.4593 0.4893 0.531 0.501 0.5126 0.5658 0.5519 0.5472 0.575 0.6098 0.5773 0.5797 0.6259 0.5912 0.5797 0.6306 0.5981 0.4773 0.4589 0.4427 0.4727 0.4934 0.4681 0.4796 0.5142 0.528 0.5211 0.5464 0.5996 0.5627 0.558 0.6272 0.5949 0.5742 0.6319 0.6088 0.5811
0.6088 0.0 0.0923 0.18 0.19 0.2 0.21 0.22 0.23 0.24 0.25 0.26 0.27 0.28 0.29 0.3 0.31 0.32 0.33 0.34 0.35 0.36 0.37 0.4452 0.4613 0.4867 0.459 0.459 0.5074 0.512 0.4982 0.512 0.5742 0.5534 0.542 0.6019 0.5949 0.5673 0.6041 0.6133 0.5811 0.6041 0.6318 0.5079 0.4778 0.4593 0.4893 0.531 0.501 0.5126 0.5658 0.5519 0.5472 0.575 0.6098 0.5773 0.5797 0.6259 0.5912 0.5797 0.6306 0.5981 0.5866 0.4589 0.4427 0.4727 0.4934 0.4681 0.4796 0.5142 0.528 0.5211 0.5464 0.5996 0.5627 0.558 0.6272 0.5949 0.5742 0.6319 0.6088 0.5811 0.6341
0.6571 0.0 0.123 0.19 0.2 0.21 0.22 0.23 0.24 0.25 0.26 0.27 0.28 0.29 0.3 0.31 0.32 0.33 0.34 0.35 0.36 0.37 0.38 0.4613 0.4867 0.459 0.459 0.5074 0.512 0.4982 0.512 0.5742 0.5534 0.542 0.6019 0.5949 0.5673 0.6041 0.6133 0.5811 0.6041 0.6318 0.5949 0.4778 0.4593 0.4893 0.531 0.501 0.5126 0.5658 0.5519 0.5472 0.575 0.6098 0.5773 0.5797 0.6259 0.5912 0.5797 0.6306 0.5981 0.5866 0.6329 0.4427 0.4727 0.4934 0.4681 0.4796 0.5142 0.528 0.5211 0.5464 0.5996 0.5627 0.558 0.6272 0.5949 0.5742 0.6319 0.6088 0.5811 0.6341 0.6203
0.6157 0.0 0.0463 0.2 0.21 0.22 0.23 0.24 0.25 0.26 0.27 0.28 0.29 0.3 0.31 0.32 0.33 0.34 0.35 0.36 0.37 0.38 0.39 0.4867 0.459 0.459 0.5074 0.512 0.4982 0.512 0.5742 0.5534 0.542 0.6019 0.5949 0.5673 0.6041 0.6133 0.5811 0.6041 0.6318 0.5949 0.6088 0.4593 0.4893 0.531 0.501 0.5126 0.5658 0.5519 0.5472 0.575 0.6098 0.5773 0.5797 0.6259 0.5912 0.5797 0.6306 0.5981 0.5866 0.6329 0.6167 0.4727 0.4934 0.4681 0.4796 0.5142 0.528 0.5211 0.5464 0.5996 0.5627 0.558 0.6272 0.5949 0.5742 0.6319 0.6088 0.5811 0.6341 0.6203 0.5903
0.6226 0.0 0.161 0.21 0.22 0.23 0.24 0.25 0.26 0.27 0.28 0.29 0.3 0.31 0.32 0.33 0.34 0.35 0.36 0.37 0.38 0.39 0.4 0.459 0.459 0.5074 0.512 0.4982 0.512 0.5742 0.5534 0.542 0.6019 0.5949 0.5673 0.6041 0.6133 0.5811 0.6041 0.6318 0.5949 0.6088 0.6571 0.4893 0.531 0.501 0.5126 0.5658 0.5519 0.5472 0.575 0.6098 0.5773 0.5797 0.6259 0.5912 0.5797 0.6306 0.5981 0.5866 0.6329 0.6167 0.6028 0.4934 0.4681 0.4796 0.5142 0.528 0.5211 0.5464 0.5996 0.5627 0.558 0.6272 0.5949 0.5742 0.6319 0.6088 0.5811 0.6341 0.6203 0.5903 0.6319
0.6824 0.0 0.138 0.22 0.23 0.24 0.25 0.26 0.27 0.28 0.29 0.3 0.31 0.32 0.33 0.34 0.35 0.36 0.37 0.38 0.39 0.4 0.41 0.459 0.5074 0.512 0.4982 0.512 0.5742 0.5534 0.542 0.6019 0.5949 0.5673 0.6041 0.6133 0.5811 0.6041 0.6318 0.5949 0.6088 0.6571 0.6157 0.531 0.501 0.5126 0.5658 0.5519 0.5472 0.575 0.6098 0.5773 0.5797 0.6259 0.5912 0.5797 0.6306 0.5981 0.5866 0.6329 0.6167 0.6028 0.6468 0.4681 0.4796 0.5142 0.528 0.5211 0.5464 0.5996 0.5627 0.558 0.6272 0.5949 0.5742 0.6319 0.6088 0.5811 0.6341 0.6203 0.5903 0.6319 0.6364
0.6364 0.0 0.023 0.23 0.24 0.25 0.26 0.27 0.28 0.29 0.3 0.31 0.32 0.33 0.34 0.35 0.36 0.37 0.38 0.39 0.4 0.41 0.42 0.5074 0.512 0.4982 0.512 0.5742 0.5534 0.542 0.6019 0.5949 0.5673 0.6041 0.6133 0.5811 0.6041 0.6318 0.5949 0.6088 0.6571 0.6157 0.6226 0.501 0.5126 0.5658 0.5519 0.5472 0.575 0.6098 0.5773 0.5797 0.6259 0.5912 0.5797 0.6306 0.5981 0.5866 0.6329 0.6167 0.6028 0.6468 0.6374 0.4796 0.5142 0.528 0.5211 0.5464 0.5996 0.5627 0.558 0.6272 0.5949 0.5742 0.6319 0.6088 0.5811 0.6341 0.6203 0.5903 0.6319 0.6364 0.6041
0.6318 0.0 0.1993 0.24 0.25 0.26 0.27 0.28 0.29 0.3 0.31 0.32 0.33 0.34 0.35 0.36 0.37 0.38 0.39 0.4 0.41 0.42 0.43 0.512 0.4982 0.512 0.5742 0.5534 0.542 0.6019 0.5949 0.5673 0.6041 0.6133 0.5811 0.6041 0.6318 0.5949 0.6088 0.6571 0.6157 0.6226 0.6824 0.5126 0.5658 0.5519 0.5472 0.575 0.6098 0.5773 0.5797 0.6259 0.5912 0.5797 0.6306 0.5981 0.5866 0.6329 0.6167 0.6028 0.6468 0.6374 0.6236 0.5142 0.528 0.5211 0.5464 0.5996 0.5627 0.558 0.6272 0.5949 0.5742 0.6319 0.6088 0.5811 0.6341 0.6203 0.5903 0.6319 0.6364 0.6041 0.6341
0.7009 0.0 0.1533 0.25 0.26 0.27 0.28 0.29 0.3 0.31 0.32 0.33 0.34 0.35 0.36 0.37 0.38 0.39 0.4 0.41 0.42 0.43 0.44 0.4982 0.512 0.5742 0.5534 0.542 0.6019 0.5949 0.5673 0.6041 0.6133 0.5811 0.6041 0.6318 0.5949 0.6088 0.6571 0.6157 0.6226 0.6824 0.6364 0.5658 0.5519 0.5472 0.575 0.6098 0.5773 0.5797 0.6259 0.5912 0.5797 0.6306 0.5981 0.5866 0.6329 0.6167 0.6028 0.6468 0.6374 0.6236 0.663 0.528 0.5211 0.5464 0.5996 0.5627 0.558 0.6272 0.5949 0.5742 0.6319 0.6088 0.5811 0.6341 0.6203 0.5903 0.6319 0.6364 0.6041 0.6341 0.6641
0.6526 0.0 0.0153 0.26 0.27 0.28 0.29 0.3 0.31 0.32 0.33 0.34 0.35 0.36 0.37 0.38 0.39 0.4 0.41 0.42 0.43 0.44 0.45 0.512 0.5742 0.5534 0.542 0.6019 0.5949 0.5673 0.6041 0.6133 0.5811 0.6041 0.6318 0.5949 0.6088 0.6571 0.6157 0.6226 0.6824 0.6364 0.6318 0.5519 0.5472 0.575 0.6098 0.5773 0.5797 0.6259 0.5912 0.5797 0.6306 0.5981 0.5866 0.6329 0.6167 0.6028 0.6468 0.6374 0.6236 0.663 0.663 0.5211 0.5464 0.5996 0.5627 0.558 0.6272 0.5949 0.5742 0.6319 0.6088 0.5811 0.6341 0.6203 0.5903 0.6319 0.6364 0.6041 0.6341 0.6641 0.6249
0.6272 0.0 0.2303 0.27 0.28 0.29 0.3 0.31 0.32 0.33 0.34 0.35 0.36 0.37 0.38 0.39 0.4 0.41 0.42 0.43 0.44 0.45 0.46 0.5742 0.5534 0.542 0.6019 0.5949 0.5673 0.6041 0.6133 0.5811 0.6041 0.6318 0.5949 0.6088 0.6571 0.6157 0.6226 0.6824 0.6364 0.6318 0.7009 0.5472 0.575 0.6098 0.5773 0.5797 0.6259 0.5912 0.5797 0.6306 0.5981 0.5866 0.6329 0.6167 0.6028 0.6468 0.6374 0.6236 0.663 0.663 0.6352 0.5464 0.5996 0.5627 0.558 0.6272 0.5949 0.5742 0.6319 0.6088 0.5811 0.6341 0.6203 0.5903 0.6319 0.6364 0.6041 0.6341 0.6641 0.6249 0.6433
0.6986 0.0 0.161 0.28 0.29 0.3 0.31 0.32 0.33 0.34 0.35 0.36 0.37 0.38 0.39 0.4 0.41 0.42 0.43 0.44 0.45 0.46 0.47 0.5534 0.542 0.6019 0.5949 0.5673 0.6041 0.6133 0.5811 0.6041 0.6318 0.5949 0.6088 0.6571 0.6157 0.6226 0.6824 0.6364 0.6318 0.7009 0.6526 0.575 0.6098 0.5773 0.5797 0.6259 0.5912 0.5797 0.6306 0.5981 0.5866 0.6329 0.6167 0.6028 0.6468 0.6374 0.6236 0.663 0.663 0.6352 0.6652 0.5996 0.5627 0.558 0.6272 0.5949 0.5742 0.6319 0.6088 0.5811 0.6341 0.6203 0.5903 0.6319 0.6364 0.6041 0.6341 0.6641 0.6249 0.6433 0.6988
0.6687 0.0 0.0847 0.29 0.3 0.31 0.32 0.33 0.34 0.35 0.36 0.37 0.38 0.39 0.4 0.41 0.42 0.43 0.44 0.45 0.46 0.47 0.48 0.542 0.6019 0.5949 0.5673 0.6041 0.6133 0.5811 0.6041 0.6318 0.5949 0.6088 0.6571 0.6157 0.6226 0.6824 0.6364 0.6318 0.7009 0.6526 0.6272 0.6098 0.5773 0.5797 0.6259 0.5912 0.5797 0.6306 0.5981 0.5866 0.6329 0.6167 0.6028 0.6468 0.6374 0.6236 0.663 0.663 0.6352 0.6652 0.6769 0.5627 0.558 0.6272 0.5949 0.5742 0.6319 0.6088 0.5811 0.6341 0.6203 0.5903 0.6319 0.6364 0.6041 0.6341 0.6641 0.6249 0.6433 0.6988 0.6526
0.6364 0.0 0.238 0.3 0.31 0.32 0.33 0.34 0.35 0.36 0.37 0.38 0.39 0.4 0.41 0.42 0.43 0.44 0.45 0.46 0.47 0.48 0.49 0.6019 0.5949 0.5673 0.6041 0.6133 0.5811 0.6041 0.6318 0.5949 0.6088 0.6571 0.6157 0.6226 0.6824 0.6364 0.6318 0.7009 0.6526 0.6272 0.6986 0.5773 0.5797 0.6259 0.5912 0.5797 0.6306 0.5981 0.5866 0.6329 0.6167 0.6028 0.6468 0.6374 0.6236 0.663 0.663 0.6352 0.6652 0.6769 0.6444 0.558 0.6272 0.5949 0.5742 0.6319 0.6088 0.5811 0.6341 0.6203 0.5903 0.6319 0.6364 0.6041 0.6341 0.6641 0.6249 0.6433 0.6988 0.6526 0.6549
0.7032 0.0 0.0997 0.31 0.32 0.33 0.34 0.35 0.36 0.37 0.38 0.39 0.4 0.41 0.42 0.43 0.44 0.45 0.46 0.47 0.48 0.49 0.5 0.5949 0.5673 0.6041 0.6133 0.5811 0.6041 0.6318 0.5949 0.6088 0.6571 0.6157 0.6226 0.6824 0.6364 0.6318 0.7009 0.6526 0.6272 0.6986 0.6687 0.5797 0.6259 0.5912 0.5797 0.6306 0.5981 0.5866 0.6329 0.6167 0.6028 0.6468 0.6374 0.6236 0.663 0.663 0.6352 0.6652 0.6769 0.6444 0.6607 0.6272 0.5949 0.5742 0.6319 0.6088 0.5811 0.6341 0.6203 0.5903 0.6319 0.6364 0.6041 0.6341 0.6641 0.6249 0.6433 0.6988 0.6526 0.6549 0.7172
0.6893 0.0 0.1077 0.32 0.33 0.34 0.35 0.36 0.37 0.38 0.39 0.4 0.41 0.42 0.43 0.44 0.45 0.46 0.47 0.48 0.49 0.5 0.51 0.5673 0.6041 0.6133 0.5811 0.6041 0.6318 0.5949 0.6088 0.6571 0.6157 0.6226 0.6824 0.6364 0.6318 0.7009 0.6526 0.6272 0.6986 0.6687 0.6364 0.6259 0.5912 0.5797 0.6306 0.5981 0.5866 0.6329 0.6167 0.6028 0.6468 0.6374 0.6236 0.663 0.663 0.6352 0.6652 0.6769 0.6444 0.6607 0.7069 0.5949 0.5742 0.6319 0.6088 0.5811 0.6341 0.6203 0.5903 0.6319 0.6364 0.6041 0.6341 0.6641 0.6249 0.6433 0.6988 0.6526 0.6549 0.7172 0.6688
0.6433 0.0 0.2227 0.33 0.34 0.35 0.36 0.37 0.38 0.39 0.4 0.41 0.42 0.43 0.44 0.45 0.46 0.47 0.48 0.49 0.5 0.51 0.52 0.6041 0.6133 0.5811 0.6041 0.6318 0.5949 0.6088 0.6571 0.6157 0.6226 0.6824 0.6364 0.6318 0.7009 0.6526 0.6272 0.6986 0.6687 0.6364 0.7032 0.5912 0.5797 0.6306 0.5981 0.5866 0.6329 0.6167 0.6028 0.6468 0.6374 0.6236 0.663 0.663 0.6352 0.6652 0.6769 0.6444 0.6607 0.7069 0.6652 0.5742 0.6319 0.6088 0.5811 0.6341 0.6203 0.5903 0.6319 0.6364 0.6041 0.6341 0.6641 0.6249 0.6433 0.6988 0.6526 0.6549 0.7172 0.6688 0.6457
0.6848 0.0 0.0463 0.34 0.35 0.36 0.37 0.38 0.39 0.4 0.41 0.42 0.43 0.44 0.45 0.46 0.47 0.48 0.49 0.5 0.51 0.52 0.53 0.6133 0.5811 0.6041 0.6318 0.5949 0.6088 0.6571 0.6157 0.6226 0.6824 0.6364 0.6318 0.7009 0.6526 0.6272 0.6986 0.6687 0.6364 0.7032 0.6893 0.5797 0.6306 0.5981 0.5866 0.6329 0.6167 0.6028 0.6468 0.6374 0.6236 0.663 0.663 0.6352 0.6652 0.6769 0.6444 0.6607 0.7069 0.6652 0.663 0.6319 0.6088 0.5811 0.6341 0.6203 0.5903 0.6319 0.6364 0.6041 0.6341 0.6641 0.6249 0.6433 0.6988 0.6526 0.6549 0.7172 0.6688 0.6457 0.7218
0.7009 0.0 0.1533 0.35 0.36 0.37 0.38 0.39 0.4 0.41 0.42 0.43 0.44 0.45 0.46 0.47 0.48 0.49 0.5 0.51 0.52 0.53 0.54 0.5811 0.6041 0.6318 0.5949 0.6088 0.6571 0.6157 0.6226 0.6824 0.6364 0.6318 0.7009 0.6526 0.6272 0.6986 0.6687 0.6364 0.7032 0.6893 0.6433 0.6306 0.5981 0.5866 0.6329 0.6167 0.6028 0.6468 0.6374 0.6236 0.663 0.663 0.6352 0.6652 0.6769 0.6444 0.6607 0.7069 0.6652 0.663 0.7186 0.6088 0.5811 0.6341 0.6203 0.5903 0.6319 0.6364 0.6041 0.6341 0.6641 0.6249 0.6433 0.6988 0.6526 0.6549 0.7172 0.6688 0.6457 0.7218 0.6826
0.6479 0.0 0.1383 0.36 0.37 0.38 0.39 0.4 0.41 0.42 0.43 0.44 0.45 0.46 0.47 0.48 0.49 0.5 0.51 0.52 0.53 0.54 0.55 0.6041 0.6318 0.5949 0.6088 0.6571 0.6157 0.6226 0.6824 0.6364 0.6318 0.7009 0.6526 0.6272 0.6986 0.6687 0.6364 0.7032 0.6893 0.6433 0.6848 0.5981 0.5866 0.6329 0.6167 0.6028 0.6468 0.6374 0.6236 0.663 0.663 0.6352 0.6652 0.6769 0.6444 0.6607 0.7069 0.6652 0.663 0.7186 0.6769 0.5811 0.6341 0.6203 0.5903 0.6319 0.6364 0.6041 0.6341 0.6641 0.6249 0.6433 0.6988 0.6526 0.6549 0.7172 0.6688 0.6457 0.7218 0.6826 0.6457
0.6548 0.0 0.0537 0.37 0.38 0.39 0.4 0.41 0.42 0.43 0.44 0.45 0.46 0.47 0.48 0.49 0.5 0.51 0.52 0.53 0.54 0.55 0.56 0.6318 0.5949 0.6088 0.6571 0.6157 0.6226 0.6824 0.6364 0.6318 0.7009 0.6526 0.6272 0.6986 0.6687 0.6364 0.7032 0.6893 0.6433 0.6848 0.7009 0.5866 0.6329 0.6167 0.6028 0.6468 0.6374 0.6236 0.663 0.663 0.6352 0.6652 0.6769 0.6444 0.6607 0.7069 0.6652 0.663 0.7186 0.6769 0.6513 0.6341 0.6203 0.5903 0.6319 0.6364 0.6041 0.6341 0.6641 0.6249 0.6433 0.6988 0.6526 0.6549 0.7172 0.6688 0.6457 0.7218 0.6826 0.6457 0.7102
0.6986 0.0 0.1767 0.38 0.39 0.4 0.41 0.42 0.43 0.44 0.45 0.46 0.47 0.48 0.49 0.5 0.51 0.52 0.53 0.54 0.55 0.56 0.57 0.5949 0.6088 0.6571 0.6157 0.6226 0.6824 0.6364 0.6318 0.7009 0.6526 0.6272 0.6986 0.6687 0.6364 0.7032 0.6893 0.6433 0.6848 0.7009 0.6479 0.6329 0.6167 0.6028 0.6468 0.6374 0.6236 0.663 0.663 0.6352 0.6652 0.6769 0.6444 0.6607 0.7069 0.6652 0.663 0.7186 0.6769 0.6513 0.7186 0.6203 0.5903 0.6319 0.6364 0.6041 0.6341 0.6641 0.6249 0.6433 0.6988 0.6526 0.6549 0.7172 0.6688 0.6457 0.7218 0.6826 0.6457 0.7102 0.6896
0.6479 0.0 0.023 0.39 0.4 0.41 0.42 0.43 0.44 0.45 0.46 0.47 0.48 0.49 0.5 0.51 0.52 0.53 0.54 0.55 0.56 0.57 0.58 0.6088 0.6571 0.6157 0.6226 0.6824 0.6364 0.6318 0.7009 0.6526 0.6272 0.6986 0.6687 0.6364 0.7032 0.6893 0.6433 0.6848 0.7009 0.6479 0.6548 0.6167 0.6028 0.6468 0.6374 0.6236 0.663 0.663 0.6352 0.6652 0.6769 0.6444 0.6607 0.7069 0.6652 0.663 0.7186 0.6769 0.6513 0.7186 0.6814 0.5903 0.6319 0.6364 0.6041 0.6341 0.6641 0.6249 0.6433 0.6988 0.6526 0.6549 0.7172 0.6688 0.6457 0.7218 0.6826 0.6457 0.7102 0.6896 0.6433
0.6272 0.0 0.146 0.4 0.41 0.42 0.43 0.44 0.45 0.46 0.47 0.48 0.49 0.5 0.51 0.52 0.53 0.54 0.55 0.56 0.57 0.58 0.59 0.6571 0.6157 0.6226 0.6824 0.6364 0.6318 0.7009 0.6526 0.6272 0.6986 0.6687 0.6364 0.7032 0.6893 0.6433 0.6848 0.7009 0.6479 0.6548 0.6986 0.6028 0.6468 0.6374 0.6236 0.663 0.663 0.6352 0.6652 0.6769 0.6444 0.6607 0.7069 0.6652 0.663 0.7186 0.6769 0.6513 0.7186 0.6814 0.6468 0.6319 0.6364 0.6041 0.6341 0.6641 0.6249 0.6433 0.6988 0.6526 0.6549 0.7172 0.6688 0.6457 0.7218 0.6826 0.6457 0.7102 0.6896 0.6433 0.6757
0.6917 0.0 0.169 0.41 0.42 0.43 0.44 0.45 0.46 0.47 0.48 0.49 0.5 0.51 0.52 0.53 0.54 0.55 0.56 0.57 0.58 0.59 0.6 0.6157 0.6226 0.6824 0.6364 0.6318 0.7009 0.6526 0.6272 0.6986 0.6687 0.6364 0.7032 0.6893 0.6433 0.6848 0.7009 0.6479 0.6548 0.6986 0.6479 0.6468 0.6374 0.6236 0.663 0.663 0.6352 0.6652 0.6769 0.6444 0.6607 0.7069 0.6652 0.663 0.7186 0.6769 0.6513 0.7186 0.6814 0.6468 0.6953 0.6364 0.6041 0.6341 0.6641 0.6249 0.6433 0.6988 0.6526 0.6549 0.7172 0.6688 0.6457 0.7218 0.6826 0.6457 0.7102 0.6896 0.6433 0.6757 0.6872
0.6479 0.0 0.069 0.42 0.43 0.44 0.45 0.46 0.47 0.48 0.49 0.5 0.51 0.52 0.53 0.54 0.55 0.56 0.57 0.58 0.59 0.6 0.61 0.6226 0.6824 0.6364 0.6318 0.7009 0.6526 0.6272 0.6986 0.6687 0.6364 0.7032 0.6893 0.6433 0.6848 0.7009 0.6479 0.6548 0.6986 0.6479 0.6272 0.6374 0.6236 0.663 0.663 0.6352 0.6652 0.6769 0.6444 0.6607 0.7069 0.6652 0.663 0.7186 0.6769 0.6513 0.7186 0.6814 0.6468 0.6953 0.6861 0.6041 0.6341 0.6641 0.6249 0.6433 0.6988 0.6526 0.6549 0.7172 0.6688 0.6457 0.7218 0.6826 0.6457 0.7102 0.6896 0.6433 0.6757 0.6872 0.6411
0.611 0.0 0.215 0.43 0.44 0.45 0.46 0.47 0.48 0.49 0.5 0.51 0.52 0.53 0.54 0.55 0.56 0.57 0.58 0.59 0.6 0.61 0.62 0.6824 0.6364 0.6318 0.7009 0.6526 0.6272 0.6986 0.6687 0.6364 0.7032 0.6893 0.6433 0.6848 0.7009 0.6479 0.6548 0.6986 0.6479 0.6272 0.6917 0.6236 0.663 0.663 0.6352 0.6652 0.6769 0.6444 0.6607 0.7069 0.6652 0.663 0.7186 0.6769 0.6513 0.7186 0.6814 0.6468 0.6953 0.6861 0.6468 0.6341 0.6641 0.6249 0.6433 0.6988 0.6526 0.6549 0.7172 0.6688 0.6457 0.7218 0.6826 0.6457 0.7102 0.6896 0.6433 0.6757 0.6872 0.6411 0.6364
0.6663 0.0 0.146 0.44 0.45 0.46 0.47 0.48 0.49 0.5 0.51 0.52 0.53 0.54 0.55 0.56 0.57 0.58 0.59 0.6 0.61 0.62 0.63 0.6364 0.6318 0.7009 0.6526 0.6272 0.6986 0.6687 0.6364 0.7032 0.6893 0.6433 0.6848 0.7009 0.6479 0.6548 0.6986 0.6479 0.6272 0.6917 0.6479 0.663 0.663 0.6352 0.6652 0.6769 0.6444 0.6607 0.7069 0.6652 0.663 0.7186 0.6769 0.6513 0.7186 0.6814 0.6468 0.6953 0.6861 0.6468 0.6652 0.6641 0.6249 0.6433 0.6988 0.6526 0.6549 0.7172 0.6688 0.6457 0.7218 0.6826 0.6457 0.7102 0.6896 0.6433 0.6757 0.6872 0.6411 0.6364 0.6826
0.641 0.0 0.123 0.45 0.46 0.47 0.48 0.49 0.5 0.51 0.52 0.53 0.54 0.55 0.56 0.57 0.58 0.59 0.6 0.61 0.62 0.63 0.64 0.6318 0.7009 0.6526 0.6272 0.6986 0.6687 0.6364 0.7032 0.6893 0.6433 0.6848 0.7009 0.6479 0.6548 0.6986 0.6479 0.6272 0.6917 0.6479 0.611 0.663 0.6352 0.6652 0.6769 0.6444 0.6607 0.7069 0.6652 0.663 0.7186 0.6769 0.6513 0.7186 0.6814 0.6468 0.6953 0.6861 0.6468 0.6652 0.693 0.6249 0.6433 0.6988 0.6526 0.6549 0.7172 0.6688 0.6457 0.7218 0.6826 0.6457 0.7102 0.6896 0.6433 0.6757 0.6872 0.6411 0.6364 0.6826 0.6388
0.6088 0.0 0.1843 0.46 0.47 0.48 0.49 0.5 0.51 0.52 0.53 0.54 0.55 0.56 0.57 0.58 0.59 0.6 0.61 0.62 0.63 0.64 0.65 0.7009 0.6526 0.6272 0.6986 0.6687 0.6364 0.7032 0.6893 0.6433 0.6848 0.7009 0.6479 0.6548 0.6986 0.6479 0.6272 0.6917 0.6479 0.611 0.6663 0.6352 0.6652 0.6769 0.6444 0.6607 0.7069 0.6652 0.663 0.7186 0.6769 0.6513 0.7186 0.6814 0.6468 0.6953 0.6861 0.6468 0.6652 0.693 0.6491 0.6433 0.6988 0.6526 0.6549 0.7172 0.6688 0.6457 0.7218 0.6826 0.6457 0.7102 0.6896 0.6433 0.6757 0.6872 0.6411 0.6364 0.6826 0.6388 0.6111
0.5788 0.0 0.0843 0.47 0.48 0.49 0.5 0.51 0.52 0.53 0.54 0.55 0.56 0.57 0.58 0.59 0.6 0.61 0.62 0.63 0.64 0.65 0.66 0.6526 0.6272 0.6986 0.6687 0.6364 0.7032 0.6893 0.6433 0.6848 0.7009 0.6479 0.6548 0.6986 0.6479 0.6272 0.6917 0.6479 0.611 0.6663 0.641 0.6652 0.6769 0.6444 0.6607 0.7069 0.6652 0.663 0.7186 0.6769 0.6513 0.7186 0.6814 0.6468 0.6953 0.6861 0.6468 0.6652 0.693 0.6491 0.6444 0.6988 0.6526 0.6549 0.7172 0.6688 0.6457 0.7218 0.6826 0.6457 0.7102 0.6896 0.6433 0.6757 0.6872 0.6411 0.6364 0.6826 0.6388 0.6111 0.6618
0.5558 0.0 0.1073 0.48 0.49 0.5 0.51 0.52 0.53 0.54 0.55 0.56 0.57 0.58 0.59 0.6 0.61 0.62 0.63 0.64 0.65 0.66 0.67 0.6272 0.6986 0.6687 0.6364 0.7032 0.6893 0.6433 0.6848 0.7009 0.6479 0.6548 0.6986 0.6479 0.6272 0.6917 0.6479 0.611 0.6663 0.641 0.6088 0.6769 0.6444 0.6607 0.7069 0.6652 0.663 0.7186 0.6769 0.6513 0.7186 0.6814 0.6468 0.6953 0.6861 0.6468 0.6652 0.693 0.6491 0.6444 0.6861 0.6526 0.6549 0.7172 0.6688 0.6457 0.7218 0.6826 0.6457 0.7102 0.6896 0.6433 0.6757 0.6872 0.6411 0.6364 0.6826 0.6388 0.6111 0.6618 0.6341
0.5442 0.0 0.1 0.49 0.5 0.51 0.52 0.53 0.54 0.55 0.56 0.57 0.58 0.59 0.6 0.61 0.62 0.63 0.64 0.65 0.66 0.67 0.68 0.6986 0.6687 0.6364 0.7032 0.6893 0.6433 0.6848 0.7009 0.6479 0.6548 0.6986 0.6479 0.6272 0.6917 0.6479 0.611 0.6663 0.641 0.6088 0.5788 0.6444 0.6607 0.7069 0.6652 0.663 0.7186 0.6769 0.6513 0.7186 0.6814 0.6468 0.6953 0.6861 0.6468 0.6652 0.693 0.6491 0.6444 0.6861 0.656 0.6549 0.7172 0.6688 0.6457 0.7218 0.6826 0.6457 0.7102 0.6896 0.6433 0.6757 0.6872 0.6411 0.6364 0.6826 0.6388 0.6111 0.6618 0.6341 0.6088
0.5189 0.0 0.0767 0.5 0.51 0.52 0.53 0.54 0.55 0.56 0.57 0.58 0.59 0.6 0.61 0.62 0.63 0.64 0.65 0.66 0.67 0.68 0.69 0.6687 0.6364 0.7032 0.6893 0.6433 0.6848 0.7009 0.6479 0.6548 0.6986 0.6479 0.6272 0.6917 0.6479 0.611 0.6663 0.641 0.6088 0.5788 0.5558 0.6607 0.7069 0.6652 0.663 0.7186 0.6769 0.6513 0.7186 0.6814 0.6468 0.6953 0.6861 0.6468 0.6652 0.693 0.6491 0.6444 0.6861 0.656 0.6236 0.7172 0.6688 0.6457 0.7218 0.6826 0.6457 0.7102 0.6896 0.6433 0.6757 0.6872 0.6411 0.6364 0.6826 0.6388 0.6111 0.6618 0.6341 0.6088 0.5834
0.5004 0.0 0.0387 0.51 0.52 0.53 0.54 0.55 0.56 0.57 0.58 0.59 0.6 0.61 0.62 0.63 0.64 0.65 0.66 0.67 0.68 0.69 0.7 0.6364 0.7032 0.6893 0.6433 0.6848 0.7009 0.6479 0.6548 0.6986 0.6479 0.6272 0.6917 0.6479 0.611 0.6663 0.641 0.6088 0.5788 0.5558 0.5442 0.7069 0.6652 0.663 0.7186 0.6769 0.6513 0.7186 0.6814 0.6468 0.6953 0.6861 0.6468 0.6652 0.693 0.6491 0.6444 0.6861 0.656 0.6236 0.5936 0.6688 0.6457 0.7218 0.6826 0.6457 0.7102 0.6896 0.6433 0.6757 0.6872 0.6411 0.6364 0.6826 0.6388 0.6111 0.6618 0.6341 0.6088 0.5834 0.5672
0.489 0.0 0.0843 0.52 0.53 0.54 0.55 0.56 0.57 0.58 0.59 0.6 0.61 0.62 0.63 0.64 0.65 0.66 0.67 0.68 0.69 0.7 0.71 0.7032 0.6893 0.6433 0.6848 0.7009 0.6479 0.6548 0.6986 0.6479 0.6272 0.6917 0.6479 0.611 0.6663 0.641 0.6088 0.5788 0.5558 0.5442 0.5189 0.6652 0.663 0.7186 0.6769 0.6513 0.7186 0.6814 0.6468 0.6953 0.6861 0.6468 0.6652 0.693 0.6491 0.6444 0.6861 0.656 0.6236 0.5936 0.575 0.6457 0.7218 0.6826 0.6457 0.7102 0.6896 0.6433 0.6757 0.6872 0.6411 0.6364 0.6826 0.6388 0.6111 0.6618 0.6341 0.6088 0.5834 0.5672 0.5534
0.4729 0.0 0.0617 0.53 0.54 0.55 0.56 0.57 0.58 0.59 0.6 0.61 0.62 0.63 0.64 0.65 0.66 0.67 0.68 0.69 0.7 0.71 0.72 0.6893 0.6433 0.6848 0.7009 0.6479 0.6548 0.6986 0.6479 0.6272 0.6917 0.6479 0.611 0.6663 0.641 0.6088 0.5788 0.5558 0.5442 0.5189 0.5004 0.663 0.7186 0.6769 0.6513 0.7186 0.6814 0.6468 0.6953 0.6861 0.6468 0.6652 0.693 0.6491 0.6444 0.6861 0.656 0.6236 0.5936 0.575 0.5542 0.7218 0.6826 0.6457 0.7102 0.6896 0.6433 0.6757 0.6872 0.6411 0.6364 0.6826 0.6388 0.6111 0.6618 0.6341 0.6088 0.5834 0.5672 0.5534 0.5327
0.4498 0.0 0.038 0.54 0.55 0.56 0.57 0.58 0.59 0.6 0.61 0.62 0.63 0.64 0.65 0.66 0.67 0.68 0.69 0.7 0.71 0.72 0.73 0.6433 0.6848 0.7009 0.6479 0.6548 0.6986 0.6479 0.6272 0.6917 0.6479 0.611 0.6663 0.641 0.6088 0.5788 0.5558 0.5442 0.5189 0.5004 0.489 0.7186 0.6769 0.6513 0.7186 0.6814 0.6468 0.6953 0.6861 0.6468 0.6652 0.693 0.6491 0.6444 0.6861 0.656 0.6236 0.5936 0.575 0.5542 0.5287 0.6826 0.6457 0.7102 0.6896 0.6433 0.6757 0.6872 0.6411 0.6364 0.6826 0.6388 0.6111 0.6618 0.6341 0.6088 0.5834 0.5672 0.5534 0.5327 0.5142
0.4429 0.0 0.0537 0.55 0.56 0.57 0.58 0.59 0.6 0.61 0.62 0.63 0.64 0.65 0.66 0.67 0.68 0.69 0.7 0.71 0.72 0.73 0.74 0.6848 0.7009 0.6479 0.6548 0.6986 0.6479 0.6272 0.6917 0.6479 0.611 0.6663 0.641 0.6088 0.5788 0.5558 0.5442 0.5189 0.5004 0.489 0.4729 0.6769 0.6513 0.7186 0.6814 0.6468 0.6953 0.6861 0.6468 0.6652 0.693 0.6491 0.6444 0.6861 0.656 0.6236 0.5936 0.575 0.5542 0.5287 0.5126 0.6457 0.7102 0.6896 0.6433 0.6757 0.6872 0.6411 0.6364 0.6826 0.6388 0.6111 0.6618 0.6341 0.6088 0.5834 0.5672 0.5534 0.5327 0.5142 0.505
0.4291 0.0 0.077 0.56 0.57 0.58 0.59 0.6 0.61 0.62 0.63 0.64 0.65 0.66 0.67 0.68 0.69 0.7 0.71 0.72 0.73 0.74 0.75 0.7009 0.6479 0.6548 0.6986 0.6479 0.6272 0.6917 0.6479 0.611 0.6663 0.641 0.6088 0.5788 0.5558 0.5442 0.5189 0.5004 0.489 0.4729 0.4498 0.6513 0.7186 0.6814 0.6468 0.6953 0.6861 0.6468 0.6652 0.693 0.6491 0.6444 0.6861 0.656 0.6236 0.5936 0.575 0.5542 0.5287 0.5126 0.501 0.7102 0.6896 0.6433 0.6757 0.6872 0.6411 0.6364 0.6826 0.6388 0.6111 0.6618 0.6341 0.6088 0.5834 0.5672 0.5534 0.5327 0.5142 0.505 0.4842
0.4083 0.0 0.023 0.57 0.58 0.59 0.6 0.61 0.62 0.63 0.64 0.65 0.66 0.67 0.68 0.69 0.7 0.71 0.72 0.73 0.74 0.75 0.76 0.6479 0.6548 0.6986 0.6479 0.6272 0.6917 0.6479 0.611 0.6663 0.641 0.6088 0.5788 0.5558 0.5442 0.5189 0.5004 0.489 0.4729 0.4498 0.4429 0.7186 0.6814 0.6468 0.6953 0.6861 0.6468 0.6652 0.693 0.6491 0.6444 0.6861 0.656 0.6236 0.5936 0.575 0.5542 0.5287 0.5126 0.501 0.4778 0.6896 0.6433 0.6757 0.6872 0.6411 0.6364 0.6826 0.6388 0.6111 0.6618 0.6341 0.6088 0.5834 0.5672 0.5534 0.5327 0.5142 0.505 0.4842 0.4658
0.4038 0.0 0.046 0.58 0.59 0.6 0.61 0.62 0.63 0.64 0.65 0.66 0.67 0.68 0.69 0.7 0.71 0.72 0.73 0.74 0.75 0.76 0.77 0.6548 0.6986 0.6479 0.6272 0.6917 0.6479 0.611 0.6663 0.641 0.6088 0.5788 0.5558 0.5442 0.5189 0.5004 0.489 0.4729 0.4498 0.4429 0.4291 0.6814 0.6468 0.6953 0.6861 0.6468 0.6652 0.693 0.6491 0.6444 0.6861 0.656 0.6236 0.5936 0.575 0.5542 0.5287 0.5126 0.501 0.4778 0.4616 0.6433 0.6757 0.6872 0.6411 0.6364 0.6826 0.6388 0.6111 0.6618 0.6341 0.6088 0.5834 0.5672 0.5534 0.5327 0.5142 0.505 0.4842 0.4658 0.4611
0.3991 0.0 0.0693 0.59 0.6 0.61 0.62 0.63 0.64 0.65 0.66 0.67 0.68 0.69 0.7 0.71 0.72 0.73 0.74 0.75 0.76 0.77 0.78 0.6986 0.6479 0.6272 0.6917 0.6479 0.611 0.6663 0.641 0.6088 0.5788 0.5558 0.5442 0.5189 0.5004 0.489 0.4729 0.4498 0.4429 0.4291 0.4083 0.6468 0.6953 0.6861 0.6468 0.6652 0.693 0.6491 0.6444 0.6861 0.656 0.6236 0.5936 0.575 0.5542 0.5287 0.5126 0.501 0.4778 0.4616 0.4547 0.6757 0.6872 0.6411 0.6364 0.6826 0.6388 0.6111 0.6618 0.6341 0.6088 0.5834 0.5672 0.5534 0.5327 0.5142 0.505 0.4842 0.4658 0.4611 0.4427
0.3784 0.0 0.015 0.6 0.61 0.62 0.63 0.64 0.65 0.66 0.67 0.68 0.69 0.7 0.71 0.72 0.73 0.74 0.75 0.76 0.77 0.78 0.79 0.6479 0.6272 0.6917 0.6479 0.611 0.6663 0.641 0.6088 0.5788 0.5558 0.5442 0.5189 0.5004 0.489 0.4729 0.4498 0.4429 0.4291 0.4083 0.4038 0.6953 0.6861 0.6468 0.6652 0.693 0.6491 0.6444 0.6861 0.656 0.6236 0.5936 0.575 0.5542 0.5287 0.5126 0.501 0.4778 0.4616 0.4547 0.4361 0.6872 0.6411 0.6364 0.6826 0.6388 0.6111 0.6618 0.6341 0.6088 0.5834 0.5672 0.5534 0.5327 0.5142 0.505 0.4842 0.4658 0.4611 0.4427 0.4266
0.3716 0.0 0.0157 0.61 0.62 0.63 0.64 0.65 0.66 0.67 0.68 0.69 0.7 0.71 0.72 0.73 0.74 0.75 0.76 0.77 0.78 0.79 0.8 0.6272 0.6917 0.6479 0.611 0.6663 0.641 0.6088 0.5788 0.5558 0.5442 0.5189 0.5004 0.489 0.4729 0.4498 0.4429 0.4291 0.4083 0.4038 0.3991 0.6861 0.6468 0.6652 0.693 0.6491 0.6444 0.6861 0.656 0.6236 0.5936 0.575 0.5542 0.5287 0.5126 0.501 0.4778 0.4616 0.4547 0.4361 0.4199 0.6411 0.6364 0.6826 0.6388 0.6111 0.6618 0.6341 0.6088 0.5834 0.5672 0.5534 0.5327 0.5142 0.505 0.4842 0.4658 0.4611 0.4427 0.4266 0.4266
0.3738 0.0 0.069 0.62 0.63 0.64 0.65 0.66 0.67 0.68 0.69 0.7 0.71 0.72 0.73 0.74 0.75 0.76 0.77 0.78 0.79 0.8 0.81 0.6917 0.6479 0.611 0.6663 0.641 0.6088 0.5788 0.5558 0.5442 0.5189 0.5004 0.489 0.4729 0.4498 0.4429 0.4291 0.4083 0.4038 0.3991 0.3784 0.6468 0.6652 0.693 0.6491 0.6444 0.6861 0.656 0.6236 0.5936 0.575 0.5542 0.5287 0.5126 0.501 0.4778 0.4616 0.4547 0.4361 0.4199 0.4199 0.6364 0.6826 0.6388 0.6111 0.6618 0.6341 0.6088 0.5834 0.5672 0.5534 0.5327 0.5142 0.505 0.4842 0.4658 0.4611 0.4427 0.4266 0.4266 0.415
0.3553 0.0 0.0227 0.63 0.64 0.65 0.66 0.67 0.68 0.69 0.7 0.71 0.72 0.73 0.74 0.75 0.76 0.77 0.78 0.79 0.8 0.81 0.82 0.6479 0.611 0.6663 0.641 0.6088 0.5788 0.5558 0.5442 0.5189 0.5004 0.489 0.4729 0.4498 0.4429 0.4291 0.4083 0.4038 0.3991 0.3784 0.3716 0.6652 0.693 0.6491 0.6444 0.6861 0.656 0.6236 0.5936 0.575 0.5542 0.5287 0.5126 0.501 0.4778 0.4616 0.4547 0.4361 0.4199 0.4199 0.4038 0.6826 0.6388 0.6111 0.6618 0.6341 0.6088 0.5834 0.5672 0.5534 0.5327 0.5142 0.505 0.4842 0.4658 0.4611 0.4427 0.4266 0.4266 0.415 0.3942
0.3439 0.0 0.0073 0.64 0.65 0.66 0.67 0.68 0.69 0.7 0.71 0.72 0.73 0.74 0.75 0.76 0.77 0.78 0.79 0.8 0.81 0.82 0.83 0.611 0.6663 0.641 0.6088 0.5788 0.5558 0.5442 0.5189 0.5004 0.489 0.4729 0.4498 0.4429 0.4291 0.4083 0.4038 0.3991 0.3784 0.3716 0.3738 0.693 0.6491 0.6444 0.6861 0.656 0.6236 0.5936 0.575 0.5542 0.5287 0.5126 0.501 0.4778 0.4616 0.4547 0.4361 0.4199 0.4199 0.4038 0.3876 0.6388 0.6111 0.6618 0.6341 0.6088 0.5834 0.5672 0.5534 0.5327 0.5142 0.505 0.4842 0.4658 0.4611 0.4427 0.4266 0.4266 0.415 0.3942 0.3942
0.3462 0.0 0.0617 0.65 0.66 0.67 0.68 0.69 0.7 0.71 0.72 0.73 0.74 0.75 0.76 0.77 0.78 0.79 0.8 0.81 0.82 0.83 0.84 0.6663 0.641 0.6088 0.5788 0.5558 0.5442 0.5189 0.5004 0.489 0.4729 0.4498 0.4429 0.4291 0.4083 0.4038 0.3991 0.3784 0.3716 0.3738 0.3553 0.6491 0.6444 0.6861 0.656 0.6236 0.5936 0.575 0.5542 0.5287 0.5126 0.501 0.4778 0.4616 0.4547 0.4361 0.4199 0.4199 0.4038 0.3876 0.3852 0.6111 0.6618 0.6341 0.6088 0.5834 0.5672 0.5534 0.5327 0.5142 0.505 0.4842 0.4658 0.4611 0.4427 0.4266 0.4266 0.415 0.3942 0.3942 0.3919
0.6657 0.0 0.038 0.66 0.67 0.68 0.69 0.7 0.71 0.72 0.73 0.74 0.75 0.76 0.77 0.78 0.79 0.8 0.81 0.82 0.83 0.84 0.85 0.641 0.6088 0.5788 0.5558 0.5442 0.5189 0.5004 0.489 0.4729 0.4498 0.4429 0.4291 0.4083 0.4038 0.3991 0.3784 0.3716 0.3738 0.3553 0.3439 0.6444 0.6861 0.656 0.6236 0.5936 0.575 0.5542 0.5287 0.5126 0.501 0.4778 0.4616 0.4547 0.4361 0.4199 0.4199 0.4038 0.3876 0.3852 0.3783 0.6618 0.6341 0.6088 0.5834 0.5672 0.5534 0.5327 0.5142 0.505 0.4842 0.4658 0.4611 0.4427 0.4266 0.4266 0.415 0.3942 0.3942 0.3919 0.3712
0.6657 0.0 0.0077 0.67 0.68 0.69 0.7 0.71 0.72 0.73 0.74 0.75 0.76 0.77 0.78 0.79 0.8 0.81 0.82 0.83 0.84 0.85 0.86 0.6088 0.5788 0.5558 0.5442 0.5189 0.5004 0.489 0.4729 0.4498 0.4429 0.4291 0.4083 0.4038 0.3991 0.3784 0.3716 0.3738 0.3553 0.3439 0.3462 0.6861 0.656 0.6236 0.5936 0.575 0.5542 0.5287 0.5126 0.501 0.4778 0.4616 0.4547 0.4361 0.4199 0.4199 0.4038 0.3876 0.3852 0.3783 0.3621 0.6341 0.6088 0.5834 0.5672 0.5534 0.5327 0.5142 0.505 0.4842 0.4658 0.4611 0.4427 0.4266 0.4266 0.415 0.3942 0.3942 0.3919 0.3712 0.3666
0.6657 1.0 1.0 0.68 0.69 0.7 0.71 0.72 0.73 0.74 0.75 0.76 0.77 0.78 0.79 0.8 0.81 0.82 0.83 0.84 0.85 0.86 0.87 0.5788 0.5558 0.5442 0.5189 0.5004 0.489 0.4729 0.4498 0.4429 0.4291 0.4083 0.4038 0.3991 0.3784 0.3716 0.3738 0.3553 0.3439 0.3462 0.6657 0.656 0.6236 0.5936 0.575 0.5542 0.5287 0.5126 0.501 0.4778 0.4616 0.4547 0.4361 0.4199 0.4199 0.4038 0.3876 0.3852 0.3783 0.3621 0.3551 0.6088 0.5834 0.5672 0.5534 0.5327 0.5142 0.505 0.4842 0.4658 0.4611 0.4427 0.4266 0.4266 0.415 0.3942 0.3942 0.3919 0.3712 0.3666 0.362
0.6657 1.0 0.0 0.69 0.7 0.71 0.72 0.73 0.74 0.75 0.76 0.77 0.78 0.79 0.8 0.81 0.82 0.83 0.84 0.85 0.86 0.87 0.88 0.5558 0.5442 0.5189 0.5004 0.489 0.4729 0.4498 0.4429 0.4291 0.4083 0.4038 0.3991 0.3784 0.3716 0.3738 0.3553 0.3439 0.3462 0.6657 0.6657 0.6236 0.5936 0.575 0.5542 0.5287 0.5126 0.501 0.4778 0.4616 0.4547 0.4361 0.4199 0.4199 0.4038 0.3876 0.3852 0.3783 0.3621 0.3551 0.3482 0.5834 0.5672 0.5534 0.5327 0.5142 0.505 0.4842 0.4658 0.4611 0.4427 0.4266 0.4266 0.415 0.3942 0.3942 0.3919 0.3712 0.3666 0.362 0.3458
0.6657 1.0 0.0 0.7 0.71 0.72 0.73 0.74 0.75 0.76 0.77 0.78 0.79 0.8 0.81 0.82 0.83 0.84 0.85 0.86 0.87 0.88 0.89 0.5442 0.5189 0.5004 0.489 0.4729 0.4498 0.4429 0.4291 0.4083 0.4038 0.3991 0.3784 0.3716 0.3738 0.3553 0.3439 0.3462 0.6657 0.6657 0.6657 0.5936 0.575 0.5542 0.5287 0.5126 0.501 0.4778 0.4616 0.4547 0.4361 0.4199 0.4199 0.4038 0.3876 0.3852 0.3783 0.3621 0.3551 0.3482 0.3343 0.5672 0.5534 0.5327 0.5142 0.505 0.4842 0.4658 0.4611 0.4427 0.4266 0.4266 0.415 0.3942 0.3942 0.3919 0.3712 0.3666 0.362 0.3458 0.3342
0.6657 1.0 0.0 0.71 0.72 0.73 0.74 0.75 0.76 0.77 0.78 0.79 0.8 0.81 0.82 0.83 0.84 0.85 0.86 0.87 0.88 0.89 0.9 0.5189 0.5004 0.489 0.4729 0.4498 0.4429 0.4291 0.4083 0.4038 0.3991 0.3784 0.3716 0.3738 0.3553 0.3439 0.3462 0.6657 0.6657 0.6657 0.6657 0.575 0.5542 0.5287 0.5126 0.501 0.4778 0.4616 0.4547 0.4361 0.4199 0.4199 0.4038 0.3876 0.3852 0.3783 0.3621 0.3551 0.3482 0.3343 0.325 0.5534 0.5327 0.5142 0.505 0.4842 0.4658 0.4611 0.4427 0.4266 0.4266 0.415 0.3942 0.3942 0.3919 0.3712 0.3666 0.362 0.3458 0.3342 0.332
0.6657 1.0 0.0 0.72 0.73 0.74 0.75 0.76 0.77 0.78 0.79 0.8 0.81 0.82 0.83 0.84 0.85 0.86 0.87 0.88 0.89 0.9 0.91 0.5004 0.489 0.4729 0.4498 0.4429 0.4291 0.4083 0.4038 0.3991 0.3784 0.3716 0.3738 0.3553 0.3439 0.3462 0.6657 0.6657 0.6657 0.6657 0.6657 0.5542 0.5287 0.5126 0.501 0.4778 0.4616 0.4547 0.4361 0.4199 0.4199 0.4038 0.3876 0.3852 0.3783 0.3621 0.3551 0.3482 0.3343 0.325 0.3181 0.5327 0.5142 0.505 0.4842 0.4658 0.4611 0.4427 0.4266 0.4266 0.415 0.3942 0.3942 0.3919 0.3712 0.3666 0.362 0.3458 0.3342 0.332 0.3181
0.6657 1.0 0.0 0.73 0.74 0.75 0.76 0.77 0.78 0.79 0.8 0.81 0.82 0.83 0.84 0.85 0.86 0.87 0.88 0.89 0.9 0.91 0.92 0.489 0.4729 0.4498 0.4429 0.4291 0.4083 0.4038 0.3991 0.3784 0.3716 0.3738 0.3553 0.3439 0.3462 0.6657 0.6657 0.6657 0.6657 0.6657 0.6657 0.5287 0.5126 0.501 0.4778 0.4616 0.4547 0.4361 0.4199 0.4199 0.4038 0.3876 0.3852 0.3783 0.3621 0.3551 0.3482 0.3343 0.325 0.3181 0.3066 0.5142 0.505 0.4842 0.4658 0.4611 0.4427 0.4266 0.4266 0.415 0.3942 0.3942 0.3919 0.3712 0.3666 0.362 0.3458 0.3342 0.332 0.3181 0.3089
0.6657 1.0 0.0 0.74 0.75 0.76 0.77 0.78 0.79 0.8 0.81 0.82 0.83 0.84 0.85 0.86 0.87 0.88 0.89 0.9 0.91 0.92 0.93 0.4729 0.4498 0.4429 0.4291 0.4083 0.4038 0.3991 0.3784 0.3716 0.3738 0.3553 0.3439 0.3462 0.6657 0.6657 0.6657 0.6657 0.6657 0.6657 0.6657 0.5126 0.501 0.4778 0.4616 0.4547 0.4361 0.4199 0.4199 0.4038 0.3876 0.3852 0.3783 0.3621 0.3551 0.3482 0.3343 0.325 0.3181 0.3066 0.2972 0.505 0.4842 0.4658 0.4611 0.4427 0.4266 0.4266 0.415 0.3942 0.3942 0.3919 0.3712 0.3666 0.362 0.3458 0.3342 0.332 0.3181 0.3089 0.302
0.6657 1.0 0.0 0.75 0.76 0.77 0.78 0.79 0.8 0.81 0.82 0.83 0.84 0.85 0.86 0.87 0.88 0.89 0.9 0.91 0.92 0.93 0.94 0.4498 0.4429 0.4291 0.4083 0.4038 0.3991 0.3784 0.3716 0.3738 0.3553 0.3439 0.3462 0.6657 0.6657 0.6657 0.6657 0.6657 0.6657 0.6657 0.6657 0.501 0.4778 0.4616 0.4547 0.4361 0.4199 0.4199 0.4038 0.3876 0.3852 0.3783 0.3621 0.3551 0.3482 0.3343 0.325 0.3181 0.3066 0.2972 0.2903 0.4842 0.4658 0.4611 0.4427 0.4266 0.4266 0.415 0.3942 0.3942 0.3919 0.3712 0.3666 0.362 0.3458 0.3342 0.332 0.3181 0.3089 0.302 0.2951
0.6657 1.0 0.0 0.76 0.77 0.78 0.79 0.8 0.81 0.82 0.83 0.84 0.85 0.86 0.87 0.88 0.89 0.9 0.91 0.92 0.93 0.94 0.95 0.4429 0.4291 0.4083 0.4038 0.3991 0.3784 0.3716 0.3738 0.3553 0.3439 0.3462 0.6657 0.6657 0.6657 0.6657 0.6657 0.6657 0.6657 0.6657 0.6657 0.4778 0.4616 0.4547 0.4361 0.4199 0.4199 0.4038 0.3876 0.3852 0.3783 0.3621 0.3551 0.3482 0.3343 0.325 0.3181 0.3066 0.2972 0.2903 0.2811 0.4658 0.4611 0.4427 0.4266 0.4266 0.415 0.3942 0.3942 0.3919 0.3712 0.3666 0.362 0.3458 0.3342 0.332 0.3181 0.3089 0.302 0.2951 0.2836
0.6657 1.0 0.0 0.77 0.78 0.79 0.8 0.81 0.82 0.83 0.84 0.85 0.86 0.87 0.88 0.89 0.9 0.91 0.92 0.93 0.94 0.95 0.96 0.4291 0.4083 0.4038 0.3991 0.3784 0.3716 0.3738 0.3553 0.3439 0.3462 0.6657 0.6657 0.6657 0.6657 0.6657 0.6657 0.6657 0.6657 0.6657 0.6657 0.4616 0.4547 0.4361 0.4199 0.4199 0.4038 0.3876 0.3852 0.3783 0.3621 0.3551 0.3482 0.3343 0.325 0.3181 0.3066 0.2972 0.2903 0.2811 0.2694 0.4611 0.4427 0.4266 0.4266 0.415 0.3942 0.3942 0.3919 0.3712 0.3666 0.362 0.3458 0.3342 0.332 0.3181 0.3089 0.302 0.2951 0.2836 0.2743
0.6657 1.0 0.0 0.78 0.79 0.8 0.81 0.82 0.83 0.84 0.85 0.86 0.87 0.88 0.89 0.9 0.91 0.92 0.93 0.94 0.95 0.96 0.97 0.4083 0.4038 0.3991 0.3784 0.3716 0.3738 0.3553 0.3439 0.3462 0.6657 0.6657 0.6657 0.6657 0.6657 0.6657 0.6657 0.6657 0.6657 0.6657 0.6657 0.4547 0.4361 0.4199 0.4199 0.4038 0.3876 0.3852 0.3783 0.3621 0.3551 0.3482 0.3343 0.325 0.3181 0.3066 0.2972 0.2903 0.2811 0.2694 0.2626 0.4427 0.4266 0.4266 0.415 0.3942 0.3942 0.3919 0.3712 0.3666 0.362 0.3458 0.3342 0.332 0.3181 0.3089 0.302 0.2951 0.2836 0.2743 0.2673
0.6657 1.0 0.0 0.79 0.8 0.81 0.82 0.83 0.84 0.85 0.86 0.87 0.88 0.89 0.9 0.91 0.92 0.93 0.94 0.95 0.96 0.97 0.0 0.4038 0.3991 0.3784 0.3716 0.3738 0.3553 0.3439 0.3462 0.6657 0.6657 0.6657 0.6657 0.6657 0.6657 0.6657 0.6657 0.6657 0.6657 0.6657 0.6657 0.4361 0.4199 0.4199 0.4038 0.3876 0.3852 0.3783 0.3621 0.3551 0.3482 0.3343 0.325 0.3181 0.3066 0.2972 0.2903 0.2811 0.2694 0.2626 0.2557 0.4266 0.4266 0.415 0.3942 0.3942 0.3919 0.3712 0.3666 0.362 0.3458 0.3342 0.332 0.3181 0.3089 0.302 0.2951 0.2836 0.2743 0.2673 0.302
0.6657 1.0 0.0 0.8 0.81 0.82 0.83 0.84 0.85 0.86 0.87 0.88 0.89 0.9 0.91 0.92 0.93 0.94 0.95 0.96 0.97 0.0 0.01 0.3991 0.3784 0.3716 0.3738 0.3553 0.3439 0.3462 0.6657 0.6657 0.6657 0.6657 0.6657 0.6657 0.6657 0.6657 0.6657 0.6657 0.6657 0.6657 0.6657 0.4199 0.4199 0.4038 0.3876 0.3852 0.3783 0.3621 0.3551 0.3482 0.3343 0.325 0.3181 0.3066 0.2972 0.2903 0.2811 0.2694 0.2626 0.2557 0.3111 0.4266 0.415 0.3942 0.3942 0.3919 0.3712 0.3666 0.362 0.3458 0.3342 0.332 0.3181 0.3089 0.302 0.2951 0.2836 0.2743 0.2673 0.302 0.3412
0.6657 1.0 0.0 0.81 0.82 0.83 0.84 0.85 0.86 0.87 0.88 0.89 0.9 0.91 0.92 0.93 0.94 0.95 0.96 0.97 0.0 0.01 0.02 0.3784 0.3716 0.3738 0.3553 0.3439 0.3462 0.6657 0.6657 0.6657 0.6657 0.6657 0.6657 0.6657 0.6657 0.6657 0.6657 0.6657 0.6657 0.6657 0.6657 0.4199 0.4038 0.3876 0.3852 0.3783 0.3621 0.3551 0.3482 0.3343 0.325 0.3181 0.3066 0.2972 0.2903 0.2811 0.2694 0.2626 0.2557 0.3111 0.325 0.415 0.3942 0.3942 0.3919 0.3712 0.3666 0.362 0.3458 0.3342 0.332 0.3181 0.3089 0.302 0.2951 0.2836 0.2743 0.2673 0.302 0.3412 0.3112
0.6657 1.0 0.0 0.82 0.83 0.84 0.85 0.86 0.87 0.88 0.89 0.9 0.91 0.92 0.93 0.94 0.95 0.96 0.97 0.0 0.01 0.02 0.03 0.3716 0.3738 0.3553 0.3439 0.3462 0.6657 0.6657 0.6657 0.6657 0.6657 0.6657 0.6657 0.6657 0.6657 0.6657 0.6657 0.6657 0.6657 0.6657 0.6657 0.4038 0.3876 0.3852 0.3783 0.3621 0.3551 0.3482 0.3343 0.325 0.3181 0.3066 0.2972 0.2903 0.2811 0.2694 0.2626 0.2557 0.3111 0.325 0.3042 0.3942 0.3942 0.3919 0.3712 0.3666 0.362 0.3458 0.3342 0.332 0.3181 0.3089 0.302 0.2951 0.2836 0.2743 0.2673 0.302 0.3412 0.3112 0.3342
0.6657 1.0 0.0 0.83 0.84 0.85 0.86 0.87 0.88 0.89 0.9 0.91 0.92 0.93 0.94 0.95 0.96 0.97 0.0 0.01 0.02 0.03 0.04 0.3738 0.3553 0.3439 0.3462 0.6657 0.6657 0.6657 0.6657 0.6657 0.6657 0.6657 0.6657 0.6657 0.6657 0.6657 0.6657 0.6657 0.6657 0.6657 0.6657 0.3876 0.3852 0.3783 0.3621 0.3551 0.3482 0.3343 0.325 0.3181 0.3066 0.2972 0.2903 0.2811 0.2694 0.2626 0.2557 0.3111 0.325 0.3042 0.3459 0.3942 0.3919 0.3712 0.3666 0.362 0.3458 0.3342 0.332 0.3181 0.3089 0.302 0.2951 0.2836 0.2743 0.2673 0.302 0.3412 0.3112 0.3342 0.3966
0.6657 1.0 0.0 0.84 0.85 0.86 0.87 0.88 0.89 0.9 0.91 0.92 0.93 0.94 0.95 0.96 0.97 0.0 0.01 0.02 0.03 0.04 0.05 0.3553 0.3439 0.3462 0.6657 0.6657 0.6657 0.6657 0.6657 0.6657 0.6657 0.6657 0.6657 0.6657 0.6657 0.6657 0.6657 0.6657 0.6657 0.6657 0.6657 0.3852 0.3783 0.3621 0.3551 0.3482 0.3343 0.325 0.3181 0.3066 0.2972 0.2903 0.2811 0.2694 0.2626 0.2557 0.3111 0.325 0.3042 0.3459 0.3783 0.3919 0.3712 0.3666 0.362 0.3458 0.3342 0.332 0.3181 0.3089 0.302 0.2951 0.2836 0.2743 0.2673 0.302 0.3412 0.3112 0.3342 0.3966 0.3573
0.6657 1.0 0.0 0.85 0.86 0.87 0.88 0.89 0.9 0.91 0.92 0.93 0.94 0.95 0.96 0.97 0.0 0.01 0.02 0.03 0.04 0.05 0.06 0.3439 0.3462 0.6657 0.6657 0.6657 0.6657 0.6657 0.6657 0.6657 0.6657 0.6657 0.6657 0.6657 0.6657 0.6657 0.6657 0.6657 0.6657 0.6657 0.6657 0.3783 0.3621 0.3551 0.3482 0.3343 0.325 0.3181 0.3066 0.2972 0.2903 0.2811 0.2694 0.2626 0.2557 0.3111 0.325 0.3042 0.3459 0.3783 0.3482 0.3712 0.3666 0.362 0.3458 0.3342 0.332 0.3181 0.3089 0.302 0.2951 0.2836 0.2743 0.2673 0.302 0.3412 0.3112 0.3342 0.3966 0.3573 0.3528
0.6657 1.0 0.0 0.86 0.87 0.88 0.89 0.9 0.91 0.92 0.93 0.94 0.95 0.96 0.97 0.0 0.01 0.02 0.03 0.04 0.05 0.06 0.07 0.3462 0.6657 0.6657 0.6657 0.6657 0.6657 0.6657 0.6657 0.6657 0.6657 0.6657 0.6657 0.6657 0.6657 0.6657 0.6657 0.6657 0.6657 0.6657 0.6657 0.3621 0.3551 0.3482 0.3343 0.325 0.3181 0.3066 0.2972 0.2903 0.2811 0.2694 0.2626 0.2557 0.3111 0.325 0.3042 0.3459 0.3783 0.3482 0.3667 0.3666 0.362 0.3458 0.3342 0.332 0.3181 0.3089 0.302 0.2951 0.2836 0.2743 0.2673 0.302 0.3412 0.3112 0.3342 0.3966 0.3573 0.3528 0.4311
0.6657 1.0 0.0 0.87 0.88 0.89 0.9 0.91 0.92 0.93 0.94 0.95 0.96 0.97 0.0 0.01 0.02 0.03 0.04 0.05 0.06 0.07 0.08 0.6657 0.6657 0.6657 0.6657 0.6657 0.6657 0.6657 0.6657 0.6657 0.6657 0.6657 0.6657 0.6657 0.6657 0.6657 0.6657 0.6657 0.6657 0.6657 0.6657 0.3551 0.3482 0.3343 0.325 0.3181 0.3066 0.2972 0.2903 0.2811 0.2694 0.2626 0.2557 0.3111 0.325 0.3042 0.3459 0.3783 0.3482 0.3667 0.4246 0.362 0.3458 0.3342 0.332 0.3181 0.3089 0.302 0.2951 0.2836 0.2743 0.2673 0.302 0.3412 0.3112 0.3342 0.3966 0.3573 0.3528 0.4311 0.3919
0.6657 1.0 0.0 0.88 0.89 0.9 0.91 0.92 0.93 0.94 0.95 0.96 0.97 0.0 0.01 0.02 0.03 0.04 0.05 0.06 0.07 0.08 0.09 0.6657 0.6657 0.6657 0.6657 0.6657 0.6657 0.6657 0.6657 0.6657 0.6657 0.6657 0.6657 0.6657 0.6657 0.6657 0.6657 0.6657 0.6657 0.6657 0.6657 0.3482 0.3343 0.325 0.3181 0.3066 0.2972 0.2903 0.2811 0.2694 0.2626 0.2557 0.3111 0.325 0.3042 0.3459 0.3783 0.3482 0.3667 0.4246 0.3876 0.3458 0.3342 0.332 0.3181 0.3089 0.302 0.2951 0.2836 0.2743 0.2673 0.302 0.3412 0.3112 0.3342 0.3966 0.3573 0.3528 0.4311 0.3919 0.3666
0.6657 1.0 0.0 0.89 0.9 0.91 0.92 0.93 0.94 0.95 0.96 0.97 0.0 0.01 0.02 0.03 0.04 0.05 0.06 0.07 0.08 0.09 0.1 0.6657 0.6657 0.6657 0.6657 0.6657 0.6657 0.6657 0.6657 0.6657 0.6657 0.6657 0.6657 0.6657 0.6657 0.6657 0.6657 0.6657 0.6657 0.6657 0.6657 0.3343 0.325 0.3181 0.3066 0.2972 0.2903 0.2811 0.2694 0.2626 0.2557 0.3111 0.325 0.3042 0.3459 0.3783 0.3482 0.3667 0.4246 0.3876 0.376 0.3342 0.332 0.3181 0.3089 0.302 0.2951 0.2836 0.2743 0.2673 0.302 0.3412 0.3112 0.3342 0.3966 0.3573 0.3528 0.4311 0.3919 0.3666 0.4473
0.6657 1.0 0.0 0.9 0.91 0.92 0.93 0.94 0.95 0.96 0.97 0.0 0.01 0.02 0.03 0.04 0.05 0.06 0.07 0.08 0.09 0.1 0.11 0.6657 0.6657 0.6657 0.6657 0.6657 0.6657 0.6657 0.6657 0.6657 0.6657 0.6657 0.6657 0.6657 0.6657 0.6657 0.6657 0.6657 0.6657 0.6657 0.6657 0.325 0.3181 0.3066 0.2972 0.2903 0.2811 0.2694 0.2626 0.2557 0.3111 0.325 0.3042 0.3459 0.3783 0.3482 0.3667 0.4246 0.3876 0.376 0.4547 0.332 0.3181 0.3089 0.302 0.2951 0.2836 0.2743 0.2673 0.302 0.3412 0.3112 0.3342 0.3966 0.3573 0.3528 0.4311 0.3919 0.3666 0.4473 0.4266
0.6657 1.0 0.0 0.91 0.92 0.93 0.94 0.95 0.96 0.97 0.0 0.01 0.02 0.03 0.04 0.05 0.06 0.07 0.08 0.09 0.1 0.11 0.12 0.6657 0.6657 0.6657 0.6657 0.6657 0.6657 0.6657 0.6657 0.6657 0.6657 0.6657 0.6657 0.6657 0.6657 0.6657 0.6657 0.6657 0.6657 0.6657 0.6657 0.3181 0.3066 0.2972 0.2903 0.2811 0.2694 0.2626 0.2557 0.3111 0.325 0.3042 0.3459 0.3783 0.3482 0.3667 0.4246 0.3876 0.376 0.4547 0.4246 0.3181 0.3089 0.302 0.2951 0.2836 0.2743 0.2673 0.302 0.3412 0.3112 0.3342 0.3966 0.3573 0.3528 0.4311 0.3919 0.3666 0.4473 0.4266 0.3919
0.6657 1.0 0.0 0.92 0.93 0.94 0.95 0.96 0.97 0.0 0.01 0.02 0.03 0.04 0.05 0.06 0.07 0.08 0.09 0.1 0.11 0.12 0.13 0.6657 0.6657 0.6657 0.6657 0.6657 0.6657 0.6657 0.6657 0.6657 0.6657 0.6657 0.6657 0.6657 0.6657 0.6657 0.6657 0.6657 0.6657 0.6657 0.6657 0.3066 0.2972 0.2903 0.2811 0.2694 0.2626 0.2557 0.3111 0.325 0.3042 0.3459 0.3783 0.3482 0.3667 0.4246 0.3876 0.376 0.4547 0.4246 0.3991 0.3089 0.302 0.2951 0.2836 0.2743 0.2673 0.302 0.3412 0.3112 0.3342 0.3966 0.3573 0.3528 0.4311 0.3919 0.3666 0.4473 0.4266 0.3919 0.4427
0.6657 1.0 0.0 0.93 0.94 0.95 0.96 0.97 0.0 0.01 0.02 0.03 0.04 0.05 0.06 0.07 0.08 0.09 0.1 0.11 0.12 0.13 0.14 0.6657 0.6657 0.6657 0.6657 0.6657 0.6657 0.6657 0.6657 0.6657 0.6657 0.6657 0.6657 0.6657 0.6657 0.6657 0.6657 0.6657 0.6657 0.6657 0.6657 0.2972 0.2903 0.2811 0.2694 0.2626 0.2557 0.3111 0.325 0.3042 0.3459 0.3783 0.3482 0.3667 0.4246 0.3876 0.376 0.4547 0.4246 0.3991 0.4662 0.302 0.2951 0.2836 0.2743 0.2673 0.302 0.3412 0.3112 0.3342 0.3966 0.3573 0.3528 0.4311 0.3919 0.3666 0.4473 0.4266 0.3919 0.4427 0.4611
0.6657 1.0 0.0 0.94 0.95 0.96 0.97 0.0 0.01 0.02 0.03 0.04 0.05 0.06 0.07 0.08 0.09 0.1 0.11 0.12 0.13 0.14 0.15 0.6657 0.6657 0.6657 0.6657 0.6657 0.6657 0.6657 0.6657 0.6657 0.6657 0.6657 0.6657 0.6657 0.6657 0.6657 0.6657 0.6657 0.6657 0.6657 0.6657 0.2903 0.2811 0.2694 0.2626 0.2557 0.3111 0.325 0.3042 0.3459 0.3783 0.3482 0.3667 0.4246 0.3876 0.376 0.4547 0.4246 0.3991 0.4662 0.4662 0.2951 0.2836 0.2743 0.2673 0.302 0.3412 0.3112 0.3342 0.3966 0.3573 0.3528 0.4311 0.3919 0.3666 0.4473 0.4266 0.3919 0.4427 0.4611 0.4242
0.6657 1.0 0.0 0.95 0.96 0.97 0.0 0.01 0.02 0.03 0.04 0.05 0.06 0.07 0.08 0.09 0.1 0.11 0.12 0.13 0.14 0.15 0.16 0.6657 0.6657 0.6657 0.6657 0.6657 0.6657 0.6657 0.6657 0.6657 0.6657 0.6657 0.6657 0.6657 0.6657 0.6657 0.6657 0.6657 0.6657 0.6657 0.6657 0.2811 0.2694 0.2626 0.2557 0.3111 0.325 0.3042 0.3459 0.3783 0.3482 0.3667 0.4246 0.3876 0.376 0.4547 0.4246 0.3991 0.4662 0.4662 0.4361 0.2836 0.2743 0.2673 0.302 0.3412 0.3112 0.3342 0.3966 0.3573 0.3528 0.4311 0.3919 0.3666 0.4473 0.4266 0.3919 0.4427 0.4611 0.4242 0.4311
0.6657 1.0 0.0 0.96 0.97 0.0 0.01 0.02 0.03 0.04 0.05 0.06 0.07 0.08 0.09 0.1 0.11 0.12 0.13 0.14 0.15 0.16 0.17 0.6657 0.6657 0.6657 0.6657 0.6657 0.6657 0.6657 0.6657 0.6657 0.6657 0.6657 0.6657 0.6657 0.6657 0.6657 0.6657 0.6657 0.6657 0.6657 0.6657 0.2694 0.2626 0.2557 0.3111 0.325 0.3042 0.3459 0.3783 0.3482 0.3667 0.4246 0.3876 0.376 0.4547 0.4246 0.3991 0.4662 0.4662 0.4361 0.4754 0.2743 0.2673 0.302 0.3412 0.3112 0.3342 0.3966 0.3573 0.3528 0.4311 0.3919 0.3666 0.4473 0.4266 0.3919 0.4427 0.4611 0.4242 0.4311 0.4866
0.6657 1.0 0.0 0.97 0.0 0.01 0.02 0.03 0.04 0.05 0.06 0.07 0.08 0.09 0.1 0.11 0.12 0.13 0.14 0.15 0.16 0.17 0.18 0.6657 0.6657 0.6657 0.6657 0.6657 0.6657 0.6657 0.6657 0.6657 0.6657 0.6657 0.6657 0.6657 0.6657 0.6657 0.6657 0.6657 0.6657 0.6657 0.6657 0.2626 0.2557 0.3111 0.325 0.3042 0.3459 0.3783 0.3482 0.3667 0.4246 0.3876 0.376 0.4547 0.4246 0.3991 0.4662 0.4662 0.4361 0.4754 0.501 0.2673 0.302 0.3412 0.3112 0.3342 0.3966 0.3573 0.3528 0.4311 0.3919 0.3666 0.4473 0.4266 0.3919 0.4427 0.4611 0.4242 0.4311 0.4866 0.4566
0.6657 1.0 0.0 0.0 0.01 0.02 0.03 0.04 0.05 0.06 0.07 0.08 0.09 0.1 0.11 0.12 0.13 0.14 0.15 0.16 0.17 0.18 0.19 0.6657 0.6657 0.6657 0.6657 0.6657 0.6657 0.6657 0.6657 0.6657 0.6657 0.6657 0.6657 0.6657 0.6657 0.6657 0.6657 0.6657 0.6657 0.6657 0.6657 0.2557 0.3111 0.325 0.3042 0.3459 0.3783 0.3482 0.3667 0.4246 0.3876 0.376 0.4547 0.4246 0.3991 0.4662 0.4662 0.4361 0.4754 0.501 0.4709 0.302 0.3412 0.3112 0.3342 0.3966 0.3573 0.3528 0.4311 0.3919 0.3666 0.4473 0.4266 0.3919 0.4427 0.4611 0.4242 0.4311 0.4866 0.4566 0.445
0.6657 1.0 0.0 0.01 0.02 0.03 0.04 0.05 0.06 0.07 0.08 0.09 0.1 0.11 0.12 0.13 0.14 0.15 0.16 0.17 0.18 0.19 0.2 0.6657 0.6657 0.6657 0.6657 0.6657 0.6657 0.6657 0.6657 0.6657 0.6657 0.6657 0.6657 0.6657 0.6657 0.6657 0.6657 0.6657 0.6657 0.6657 0.6657 0.3111 0.325 0.3042 0.3459 0.3783 0.3482 0.3667 0.4246 0.3876 0.376 0.4547 0.4246 0.3991 0.4662 0.4662 0.4361 0.4754 0.501 0.4709 0.4639 0.3412 0.3112 0.3342 0.3966 0.3573 0.3528 0.4311 0.3919 0.3666 0.4473 0.4266 0.3919 0.4427 0.4611 0.4242 0.4311 0.4866 0.4566 0.445 0.475
0.6657 1.0 0.0 0.02 0.03 0.04 0.05 0.06 0.07 0.08 0.09 0.1 0.11 0.12 0.13 0.14 0.15 0.16 0.17 0.18 0.19 0.2 0.21 0.6657 0.6657 0.6657 0.6657 0.6657 0.6657 0.6657 0.6657 0.6657 0.6657 0.6657 0.6657 0.6657 0.6657 0.6657 0.6657 0.6657 0.6657 0.6657 0.6657 0.325 0.3042 0.3459 0.3783 0.3482 0.3667 0.4246 0.3876 0.376 0.4547 0.4246 0.3991 0.4662 0.4662 0.4361 0.4754 0.501 0.4709 0.4639 0.5218 0.3112 0.3342 0.3966 0.3573 0.3528 0.4311 0.3919 0.3666 0.4473 0.4266 0.3919 0.4427 0.4611 0.4242 0.4311 0.4866 0.4566 0.445 0.475 0.4703
0.6657 1.0 0.0 0.03 0.04 0.05 0.06 0.07 0.08 0.09 0.1 0.11 0.12 0.13 0.14 0.15 0.16 0.17 0.18 0.19 0.2 0.21 0.22 0.6657 0.6657 0.6657 0.6657 0.6657 0.6657 0.6657 0.6657 0.6657 0.6657 0.6657 0.6657 0.6657 0.6657 0.6657 0.6657 0.6657 0.6657 0.6657 0.6657 0.3042 0.3459 0.3783 0.3482 0.3667 0.4246 0.3876 0.376 0.4547 0.4246 0.3991 0.4662 0.4662 0.4361 0.4754 0.501 0.4709 0.4639 0.5218 0.4987 0.3342 0.3966 0.3573 0.3528 0.4311 0.3919 0.3666 0.4473 0.4266 0.3919 0.4427 0.4611 0.4242 0.4311 0.4866 0.4566 0.445 0.475 0.4703 0.4589
0.6657 1.0 0.0 0.04 0.05 0.06 0.07 0.08 0.09 0.1 0.11 0.12 0.13 0.14 0.15 0.16 0.17 0.18 0.19 0.2 0.21 0.22 0.23 0.6657 0.6657 0.6657 0.6657 0.6657 0.6657 0.6657 0.6657 0.6657 0.6657 0.6657 0.6657 0.6657 0.6657 0.6657 0.6657 0.6657 0.6657 0.6657 0.6657 0.3459 0.3783 0.3482 0.3667 0.4246 0.3876 0.376 0.4547 0.4246 0.3991 0.4662 0.4662 0.4361 0.4754 0.501 0.4709 0.4639 0.5218 0.4987 0.4848 0.3966 0.3573 0.3528 0.4311 0.3919 0.3666 0.4473 0.4266 0.3919 0.4427 0.4611 0.4242 0.4311 0.4866 0.4566 0.445 0.475 0.4703 0.4589 0.475
0.6657 1.0 0.0 0.05 0.06 0.07 0.08 0.09 0.1 0.11 0.12 0.13 0.14 0.15 0.16 0.17 0.18 0.19 0.2 0.21 0.22 0.23 0.24 0.6657 0.6657 0.6657 0.6657 0.6657 0.6657 0.6657 0.6657 0.6657 0.6657 0.6657 0.6657 0.6657 0.6657 0.6657 0.6657 0.6657 0.6657 0.6657 0.6657 0.3783 0.3482 0.3667 0.4246 0.3876 0.376 0.4547 0.4246 0.3991 0.4662 0.4662 0.4361 0.4754 0.501 0.4709 0.4639 0.5218 0.4987 0.4848 0.4963 0.3573 0.3528 0.4311 0.3919 0.3666 0.4473 0.4266 0.3919 0.4427 0.4611 0.4242 0.4311 0.4866 0.4566 0.445 0.475 0.4703 0.4589 0.475 0.5166
0.6657 1.0 0.0 0.06 0.07 0.08 0.09 0.1 0.11 0.12 0.13 0.14 0.15 0.16 0.17 0.18 0.19 0.2 0.21 0.22 0.23 0.24 0.25 0.6657 0.6657 0.6657 0.6657 0.6657 0.6657 0.6657 0.6657 0.6657 0.6657 0.6657 0.6657 0.6657 0.6657 0.6657 0.6657 0.6657 0.6657 0.6657 0.6657 0.3482 0.3667 0.4246 0.3876 0.376 0.4547 0.4246 0.3991 0.4662 0.4662 0.4361 0.4754 0.501 0.4709 0.4639 0.5218 0.4987 0.4848 0.4963 0.5472 0.3528 0.4311 0.3919 0.3666 0.4473 0.4266 0.3919 0.4427 0.4611 0.4242 0.4311 0.4866 0.4566 0.445 0.475 0.4703 0.4589 0.475 0.5166 0.4934
0.6657 1.0 0.0 0.07 0.08 0.09 0.1 0.11 0.12 0.13 0.14 0.15 0.16 0.17 0.18 0.19 0.2 0.21 0.22 0.23 0.24 0.25 0.26 0.6657 0.6657 0.6657 0.6657 0.6657 0.6657 0.6657 0.6657 0.6657 0.6657 0.6657 0.6657 0.6657 0.6657 0.6657 0.6657 0.6657 0.6657 0.6657 0.6657 0.3667 0.4246 0.3876 0.376 0.4547 0.4246 0.3991 0.4662 0.4662 0.4361 0.4754 0.501 0.4709 0.4639 0.5218 0.4987 0.4848 0.4963 0.5472 0.531 0.4311 0.3919 0.3666 0.4473 0.4266 0.3919 0.4427 0.4611 0.4242 0.4311 0.4866 0.4566 0.445 0.475 0.4703 0.4589 0.475 0.5166 0.4934 0.5003
0.6657 1.0 0.0 0.08 0.09 0.1 0.11 0.12 0.13 0.14 0.15 0.16 0.17 0.18 0.19 0.2 0.21 0.22 0.23 0.24 0.25 0.26 0.27 0.6657 0.6657 0.6657 0.6657 0.6657 0.6657 0.6657 0.6657 0.6657 0.6657 0.6657 0.6657 0.6657 0.6657 0.6657 0.6657 0.6657 0.6657 0.6657 0.6657 0.4246 0.3876 0.376 0.4547 0.4246 0.3991 0.4662 0.4662 0.4361 0.4754 0.501 0.4709 0.4639 0.5218 0.4987 0.4848 0.4963 0.5472 0.531 0.5287 0.3919 0.3666 0.4473 0.4266 0.3919 0.4427 0.4611 0.4242 0.4311 0.4866 0.4566 0.445 0.475 0.4703 0.4589 0.475 0.5166 0.4934 0.5003 0.5303
0.6657 1.0 0.0 0.09 0.1 0.11 0.12 0.13 0.14 0.15 0.16 0.17 0.18 0.19 0.2 0.21 0.22 0.23 0.24 0.25 0.26 0.27 0.28 0.6657 0.6657 0.6657 0.6657 0.6657 0.6657 0.6657 0.6657 0.6657 0.6657 0.6657 0.6657 0.6657 0.6657 0.6657 0.6657 0.6657 0.6657 0.6657 0.6657 0.3876 0.376 0.4547 0.4246 0.3991 0.4662 0.4662 0.4361 0.4754 0.501 0.4709 0.4639 0.5218 0.4987 0.4848 0.4963 0.5472 0.531 0.5287 0.5842 0.3666 0.4473 0.4266 0.3919 0.4427 0.4611 0.4242 0.4311 0.4866 0.4566 0.445 0.475 0.4703 0.4589 0.475 0.5166 0.4934 0.5003 0.5303 0.5488
0.6657 1.0 0.0 0.1 0.11 0.12 0.13 0.14 0.15 0.16 0.17 0.18 0.19 0.2 0.21 0.22 0.23 0.24 0.25 0.26 0.27 0.28 0.29 0.6657 0.6657 0.6657 0.6657 0.6657 0.6657 0.6657 0.6657 0.6657 0.6657 0.6657 0.6657 0.6657 0.6657 0.6657 0.6657 0.6657 0.6657 0.6657 0.6657 0.376 0.4547 0.4246 0.3991 0.4662 0.4662 0.4361 0.4754 0.501 0.4709 0.4639 0.5218 0.4987 0.4848 0.4963 0.5472 0.531 0.5287 0.5842 0.582 0.4473 0.4266 0.3919 0.4427 0.4611 0.4242 0.4311 0.4866 0.4566 0.445 0.475 0.4703 0.4589 0.475 0.5166 0.4934 0.5003 0.5303 0.5488 0.5396
0.6657 1.0 0.0 0.11 0.12 0.13 0.14 0.15 0.16 0.17 0.18 0.19 0.2 0.21 0.22 0.23 0.24 0.25 0.26 0.27 0.28 0.29 0.3 0.6657 0.6657 0.6657 0.6657 0.6657 0.6657 0.6657 0.6657 0.6657 0.6657 0.6657 0.6657 0.6657 0.6657 0.6657 0.6657 0.6657 0.6657 0.6657 0.6657 0.4547 0.4246 0.3991 0.4662 0.4662 0.4361 0.4754 0.501 0.4709 0.4639 0.5218 0.4987 0.4848 0.4963 0.5472 0.531 0.5287 0.5842 0.582 0.5658 0.4266 0.3919 0.4427 0.4611 0.4242 0.4311 0.4866 0.4566 0.445 0.475 0.4703 0.4589 0.475 0.5166 0.4934 0.5003 0.5303 0.5488 0.5396 0.5534
0.6657 1.0 0.0 0.12 0.13 0.14 0.15 0.16 0.17 0.18 0.19 0.2 0.21 0.22 0.23 0.24 0.25 0.26 0.27 0.28 0.29 0.3 0.31 0.6657 0.6657 0.6657 0.6657 0.6657 0.6657 0.6657 0.6657 0.6657 0.6657 0.6657 0.6657 0.6657 0.6657 0.6657 0.6657 0.6657 0.6657 0.6657 0.6657 0.4246 0.3991 0.4662 0.4662 0.4361 0.4754 0.501 0.4709 0.4639 0.5218 0.4987 0.4848 0.4963 0.5472 0.531 0.5287 0.5842 0.582 0.5658 0.5936 0.3919 0.4427 0.4611 0.4242 0.4311 0.4866 0.4566 0.445 0.475 0.4703 0.4589 0.475 0.5166 0.4934 0.5003 0.5303 0.5488 0.5396 0.5534 0.6064
0.6657 1.0 0.0 0.13 0.14 0.15 0.16 0.17 0.18 0.19 0.2 0.21 0.22 0.23 0.24 0.25 0.26 0.27 0.28 0.29 0.3 0.31 0.32 0.6657 0.6657 0.6657 0.6657 0.6657 0.6657 0.6657 0.6657 0.6657 0.6657 0.6657 0.6657 0.6657 0.6657 0.6657 0.6657 0.6657 0.6657 0.6657 0.6657 0.3991 0.4662 0.4662 0.4361 0.4754 0.501 0.4709 0.4639 0.5218 0.4987 0.4848 0.4963 0.5472 0.531 0.5287 0.5842 0.582 0.5658 0.5936 0.6143 0.4427 0.4611 0.4242 0.4311 0.4866 0.4566 0.445 0.475 0.4703 0.4589 0.475 0.5166 0.4934 0.5003 0.5303 0.5488 0.5396 0.5534 0.6064 0.5742
0.6657 1.0 0.0 0.14 0.15 0.16 0.17 0.18 0.19 0.2 0.21 0.22 0.23 0.24 0.25 0.26 0.27 0.28 0.29 0.3 0.31 0.32 0.33 0.6657 0.6657 0.6657 0.6657 0.6657 0.6657 0.6657 0.6657 0.6657 0.6657 0.6657 0.6657 0.6657 0.6657 0.6657 0.6657 0.6657 0.6657 0.6657 0.6657 0.4662 0.4662 0.4361 0.4754 0.501 0.4709 0.4639 0.5218 0.4987 0.4848 0.4963 0.5472 0.531 0.5287 0.5842 0.582 0.5658 0.5936 0.6143 0.5866 0.4611 0.4242 0.4311 0.4866 0.4566 0.445 0.475 0.4703 0.4589 0.475 0.5166 0.4934 0.5003 0.5303 0.5488 0.5396 0.5534 0.6064 0.5742 0.5672
0.6657 1.0 0.0 0.15 0.16 0.17 0.18 0.19 0.2 0.21 0.22 0.23 0.24 0.25 0.26 0.27 0.28 0.29 0.3 0.31 0.32 0.33 0.34 0.6657 0.6657 0.6657 0.6657 0.6657 0.6657 0.6657 0.6657 0.6657 0.6657 0.6657 0.6657 0.6657 0.6657 0.6657 0.6657 0.6657 0.6657 0.6657 0.6657 0.4662 0.4361 0.4754 0.501 0.4709 0.4639 0.5218 0.4987 0.4848 0.4963 0.5472 0.531 0.5287 0.5842 0.582 0.5658 0.5936 0.6143 0.5866 0.5936 0.4242 0.4311 0.4866 0.4566 0.445 0.475 0.4703 0.4589 0.475 0.5166 0.4934 0.5003 0.5303 0.5488 0.5396 0.5534 0.6064 0.5742 0.5672 0.6296
0.6657 1.0 0.0 0.16 0.17 0.18 0.19 0.2 0.21 0.22 0.23 0.24 0.25 0.26 0.27 0.28 0.29 0.3 0.31 0.32 0.33 0.34 0.35 0.6657 0.6657 0.6657 0.6657 0.6657 0.6657 0.6657 0.6657 0.6657 0.6657 0.6657 0.6657 0.6657 0.6657 0.6657 0.6657 0.6657 0.6657 0.6657 0.6657 0.4361 0.4754 0.501 0.4709 0.4639 0.5218 0.4987 0.4848 0.4963 0.5472 0.531 0.5287 0.5842 0.582 0.5658 0.5936 0.6143 0.5866 0.5936 0.6329 0.4311 0.4866 0.4566 0.445 0.475 0.4703 0.4589 0.475 0.5166 0.4934 0.5003 0.5303 0.5488 0.5396 0.5534 0.6064 0.5742 0.5672 0.6296 0.5903
0.6657 1.0 0.0 0.17 0.18 0.19 0.2 0.21 0.22 0.23 0.24 0.25 0.26 0.27 0.28 0.29 0.3 0.31 0.32 0.33 0.34 0.35 0.36 0.6657 0.6657 0.6657 0.6657 0.6657 0.6657 0.6657 0.6657 0.6657 0.6657 0.6657 0.6657 0.6657 0.6657 0.6657 0.6657 0.6657 0.6657 0.6657 0.6657 0.4754 0.501 0.4709 0.4639 0.5218 0.4987 0.4848 0.4963 0.5472 0.531 0.5287 0.5842 0.582 0.5658 0.5936 0.6143 0.5866 0.5936 0.6329 0.5981 0.4866 0.4566 0.445 0.475 0.4703 0.4589 0.475 0.5166 0.4934 0.5003 0.5303 0.5488 0.5396 0.5534 0.6064 0.5742 0.5672 0.6296 0.5903 0.5719
0.6657 1.0 0.0 0.18 0.19 0.2 0.21 0.22 0.23 0.24 0.25 0.26 0.27 0.28 0.29 0.3 0.31 0.32 0.33 0.34 0.35 0.36 0.37 0.6657 0.6657 0.6657 0.6657 0.6657 0.6657 0.6657 0.6657 0.6657 0.6657 0.6657 0.6657 0.6657 0.6657 0.6657 0.6657 0.6657 0.6657 0.6657 0.6657 0.501 0.4709 0.4639 0.5218 0.4987 0.4848 0.4963 0.5472 0.531 0.5287 0.5842 0.582 0.5658 0.5936 0.6143 0.5866 0.5936 0.6329 0.5981 0.5936 0.4566 0.445 0.475 0.4703 0.4589 0.475 0.5166 0.4934 0.5003 0.5303 0.5488 0.5396 0.5534 0.6064 0.5742 0.5672 0.6296 0.5903 0.5719 0.6341
0.6657 1.0 0.0 0.19 0.2 0.21 0.22 0.23 0.24 0.25 0.26 0.27 0.28 0.29 0.3 0.31 0.32 0.33 0.34 0.35 0.36 0.37 0.38 0.6657 0.6657 0.6657 0.6657 0.6657 0.6657 0.6657 0.6657 0.6657 0.6657 0.6657 0.6657 0.6657 0.6657 0.6657 0.6657 0.6657 0.6657 0.6657 0.6657 0.4709 0.4639 0.5218 0.4987 0.4848 0.4963 0.5472 0.531 0.5287 0.5842 0.582 0.5658 0.5936 0.6143 0.5866 0.5936 0.6329 0.5981 0.5936 0.6468 0.445 0.475 0.4703 0.4589 0.475 0.5166 0.4934 0.5003 0.5303 0.5488 0.5396 0.5534 0.6064 0.5742 0.5672 0.6296 0.5903 0.5719 0.6341 0.6019
0.6657 1.0 0.0 0.2 0.21 0.22 0.23 0.24 0.25 0.26 0.27 0.28 0.29 0.3 0.31 0.32 0.33 0.34 0.35 0.36 0.37 0.38 0.39 0.6657 0.6657 0.6657 0.6657 0.6657 0.6657 0.6657 0.6657 0.6657 0.6657 0.6657 0.6657 0.6657 0.6657 0.6657 0.6657 0.6657 0.6657 0.6657 0.6657 0.4639 0.5218 0.4987 0.4848 0.4963 0.5472 0.531 0.5287 0.5842 0.582 0.5658 0.5936 0.6143 0.5866 0.5936 0.6329 0.5981 0.5936 0.6468 0.6098 0.475 0.4703 0.4589 0.475 0.5166 0.4934 0.5003 0.5303 0.5488 0.5396 0.5534 0.6064 0.5742 0.5672 0.6296 0.5903 0.5719 0.6341 0.6019 0.5811
0.6657 1.0 0.0 0.21 0.22 0.23 0.24 0.25 0.26 0.27 0.28 0.29 0.3 0.31 0.32 0.33 0.34 0.35 0.36 0.37 0.38 0.39 0.4 0.6657 0.6657 0.6657 0.6657 0.6657 0.6657 0.6657 0.6657 0.6657 0.6657 0.6657 0.6657 0.6657 0.6657 0.6657 0.6657 0.6657 0.6657 0.6657 0.6657 0.5218 0.4987 0.4848 0.4963 0.5472 0.531 0.5287 0.5842 0.582 0.5658 0.5936 0.6143 0.5866 0.5936 0.6329 0.5981 0.5936 0.6468 0.6098 0.6004 0.4703 0.4589 0.475 0.5166 0.4934 0.5003 0.5303 0.5488 0.5396 0.5534 0.6064 0.5742 0.5672 0.6296 0.5903 0.5719 0.6341 0.6019 0.5811 0.6364
0.6657 1.0 0.0 0.22 0.23 0.24 0.25 0.26 0.27 0.28 0.29 0.3 0.31 0.32 0.33 0.34 0.35 0.36 0.37 0.38 0.39 0.4 0.41 0.6657 0.6657 0.6657 0.6657 0.6657 0.6657 0.6657 0.6657 0.6657 0.6657 0.6657 0.6657 0.6657 0.6657 0.6657 0.6657 0.6657 0.6657 0.6657 0.6657 0.4987 0.4848 0.4963 0.5472 0.531 0.5287 0.5842 0.582 0.5658 0.5936 0.6143 0.5866 0.5936 0.6329 0.5981 0.5936 0.6468 0.6098 0.6004 0.6537 0.4589 0.475 0.5166 0.4934 0.5003 0.5303 0.5488 0.5396 0.5534 0.6064 0.5742 0.5672 0.6296 0.5903 0.5719 0.6341 0.6019 0.5811 0.6364 0.6203
0.6657 1.0 0.0 0.23 0.24 0.25 0.26 0.27 0.28 0.29 0.3 0.31 0.32 0.33 0.34 0.35 0.36 0.37 0.38 0.39 0.4 0.41 0.42 0.6657 0.6657 0.6657 0.6657 0.6657 0.6657 0.6657 0.6657 0.6657 0.6657 0.6657 0.6657 0.6657 0.6657 0.6657 0.6657 0.6657 0.6657 0.6657 0.6657 0.4848 0.4963 0.5472 0.531 0.5287 0.5842 0.582 0.5658 0.5936 0.6143 0.5866 0.5936 0.6329 0.5981 0.5936 0.6468 0.6098 0.6004 0.6537 0.6236 0.475 0.5166 0.4934 0.5003 0.5303 0.5488 0.5396 0.5534 0.6064 0.5742 0.5672 0.6296 0.5903 0.5719 0.6341 0.6019 0.5811 0.6364 0.6203 0.5927
0.6657 1.0 0.0 0.24 0.25 0.26 0.27 0.28 0.29 0.3 0.31 0.32 0.33 0.34 0.35 0.36 0.37 0.38 0.39 0.4 0.41 0.42 0.43 0.6657 0.6657 0.6657 0.6657 0.6657 0.6657 0.6657 0.6657 0.6657 0.6657 0.6657 0.6657 0.6657 0.6657 0.6657 0.6657 0.6657 0.6657 0.6657 0.6657 0.4963 0.5472 0.531 0.5287 0.5842 0.582 0.5658 0.5936 0.6143 0.5866 0.5936 0.6329 0.5981 0.5936 0.6468 0.6098 0.6004 0.6537 0.6236 0.6098 0.5166 0.4934 0.5003 0.5303 0.5488 0.5396 0.5534 0.6064 0.5742 0.5672 0.6296 0.5903 0.5719 0.6341 0.6019 0.5811 0.6364 0.6203 0.5927 0.6388
0.6657 1.0 0.0 0.25 0.26 0.27 0.28 0.29 0.3 0.31 0.32 0.33 0.34 0.35 0.36 0.37 0.38 0.39 0.4 0.41 0.42 0.43 0.44 0.6657 0.6657 0.6657 0.6657 0.6657 0.6657 0.6657 0.6657 0.6657 0.6657 0.6657 0.6657 0.6657 0.6657 0.6657 0.6657 0.6657 0.6657 0.6657 0.6657 0.5472 0.531 0.5287 0.5842 0.582 0.5658 0.5936 0.6143 0.5866 0.5936 0.6329 0.5981 0.5936 0.6468 0.6098 0.6004 0.6537 0.6236 0.6098 0.6607 0.4934 0.5003 0.5303 0.5488 0.5396 0.5534 0.6064 0.5742 0.5672 0.6296 0.5903 0.5719 0.6341 0.6019 0.5811 0.6364 0.6203 0.5927 0.6388 0.648
0.6657 1.0 0.0 0.26 0.27 0.28 0.29 0.3 0.31 0.32 0.33 0.34 0.35 0.36 0.37 0.38 0.39 0.4 0.41 0.42 0.43 0.44 0.45 0.6657 0.6657 0.6657 0.6657 0.6657 0.6657 0.6657 0.6657 0.6657 0.6657 0.6657 0.6657 0.6657 0.6657 0.6657 0.6657 0.6657 0.6657 0.6657 0.6657 0.531 0.5287 0.5842 0.582 0.5658 0.5936 0.6143 0.5866 0.5936 0.6329 0.5981 0.5936 0.6468 0.6098 0.6004 0.6537 0.6236 0.6098 0.6607 0.6329 0.5003 0.5303 0.5488 0.5396 0.5534 0.6064 0.5742 0.5672 0.6296 0.5903 0.5719 0.6341 0.6019 0.5811 0.6364 0.6203 0.5927 0.6388 0.648 0.6157
0.6657 1.0 0.0 0.27 0.28 0.29 0.3 0.31 0.32 0.33 0.34 0.35 0.36 0.37 0.38 0.39 0.4 0.41 0.42 0.43 0.44 0.45 0.46 0.6657 0.6657 0.6657 0.6657 0.6657 0.6657 0.6657 0.6657 0.6657 0.6657 0.6657 0.6657 0.6657 0.6657 0.6657 0.6657 0.6657 0.6657 0.6657 0.6657 0.5287 0.5842 0.582 0.5658 0.5936 0.6143 0.5866 0.5936 0.6329 0.5981 0.5936 0.6468 0.6098 0.6004 0.6537 0.6236 0.6098 0.6607 0.6329 0.6143 0.5303 0.5488 0.5396 0.5534 0.6064 0.5742 0.5672 0.6296 0.5903 0.5719 0.6341 0.6019 0.5811 0.6364 0.6203 0.5927 0.6388 0.648 0.6157 0.6596
0.6657 1.0 0.0 0.28 0.29 0.3 0.31 0.32 0.33 0.34 0.35 0.36 0.37 0.38 0.39 0.4 0.41 0.42 0.43 0.44 0.45 0.46 0.47 0.6657 0.6657 0.6657 0.6657 0.6657 0.6657 0.6657 0.6657 0.6657 0.6657 0.6657 0.6657 0.6657 0.6657 0.6657 0.6657 0.6657 0.6657 0.6657 0.6657 0.5842 0.582 0.5658 0.5936 0.6143 0.5866 0.5936 0.6329 0.5981 0.5936 0.6468 0.6098 0.6004 0.6537 0.6236 0.6098 0.6607 0.6329 0.6143 0.656 0.5488 0.5396 0.5534 0.6064 0.5742 0.5672 0.6296 0.5903 0.5719 0.6341 0.6019 0.5811 0.6364 0.6203 0.5927 0.6388 0.648 0.6157 0.6596 0.6802
0.6657 1.0 0.0 0.29 0.3 0.31 0.32 0.33 0.34 0.35 0.36 0.37 0.38 0.39 0.4 0.41 0.42 0.43 0.44 0.45 0.46 0.47 0.48 0.6657 0.6657 0.6657 0.6657 0.6657 0.6657 0.6657 0.6657 0.6657 0.6657 0.6657 0.6657 0.6657 0.6657 0.6657 0.6657 0.6657 0.6657 0.6657 0.6657 0.582 0.5658 0.5936 0.6143 0.5866 0.5936 0.6329 0.5981 0.5936 0.6468 0.6098 0.6004 0.6537 0.6236 0.6098 0.6607 0.6329 0.6143 0.656 0.6513 0.5396 0.5534 0.6064 0.5742 0.5672 0.6296 0.5903 0.5719 0.6341 0.6019 0.5811 0.6364 0.6203 0.5927 0.6388 0.648 0.6157 0.6596 0.6802 0.6341
0.6657 1.0 0.0 0.3 0.31 0.32 0.33 0.34 0.35 0.36 0.37 0.38 0.39 0.4 0.41 0.42 0.43 0.44 0.45 0.46 0.47 0.48 0.49 0.6657 0.6657 0.6657 0.6657 0.6657 0.6657 0.6657 0.6657 0.6657 0.6657 0.6657 0.6657 0.6657 0.6657 0.6657 0.6657 0.6657 0.6657 0.6657 0.6657 0.5658 0.5936 0.6143 0.5866 0.5936 0.6329 0.5981 0.5936 0.6468 0.6098 0.6004 0.6537 0.6236 0.6098 0.6607 0.6329 0.6143 0.656 0.6513 0.6306 0.5534 0.6064 0.5742 0.5672 0.6296 0.5903 0.5719 0.6341 0.6019 0.5811 0.6364 0.6203 0.5927 0.6388 0.648 0.6157 0.6596 0.6802 0.6341 0.6641
0.6657 1.0 0.0 0.31 0.32 0.33 0.34 0.35 0.36 0.37 0.38 0.39 0.4 0.41 0.42 0.43 0.44 0.45 0.46 0.47 0.48 0.49 0.5 0.6657 0.6657 0.6657 0.6657 0.6657 0.6657 0.6657 0.6657 0.6657 0.6657 0.6657 0.6657 0.6657 0.6657 0.6657 0.6657 0.6657 0.6657 0.6657 0.6657 0.5936 0.6143 0.5866 0.5936 0.6329 0.5981 0.5936 0.6468 0.6098 0.6004 0.6537 0.6236 0.6098 0.6607 0.6329 0.6143 0.656 0.6513 0.6306 0.6746 0.6064 0.5742 0.5672 0.6296 0.5903 0.5719 0.6341 0.6019 0.5811 0.6364 0.6203 0.5927 0.6388 0.648 0.6157 0.6596 0.6802 0.6341 0.6641 0.6964
0.6657 1.0 0.0 0.32 0.33 0.34 0.35 0.36 0.37 0.38 0.39 0.4 0.41 0.42 0.43 0.44 0.45 0.46 0.47 0.48 0.49 0.5 0.51 0.6657 0.6657 0.6657 0.6657 0.6657 0.6657 0.6657 0.6657 0.6657 0.6657 0.6657 0.6657 0.6657 0.6657 0.6657 0.6657 0.6657 0.6657 0.6657 0.6657 0.6143 0.5866 0.5936 0.6329 0.5981 0.5936 0.6468 0.6098 0.6004 0.6537 0.6236 0.6098 0.6607 0.6329 0.6143 0.656 0.6513 0.6306 0.6746 0.6814 0.5742 0.5672 0.6296 0.5903 0.5719 0.6341 0.6019 0.5811 0.6364 0.6203 0.5927 0.6388 0.648 0.6157 0.6596 0.6802 0.6341 0.6641 0.6964 0.648
0.6657 1.0 0.0 0.33 0.34 0.35 0.36 0.37 0.38 0.39 0.4 0.41 0.42 0.43 0.44 0.45 0.46 0.47 0.48 0.49 0.5 0.51 0.52 0.6657 0.6657 0.6657 0.6657 0.6657 0.6657 0.6657 0.6657 0.6657 0.6657 0.6657 0.6657 0.6657 0.6657 0.6657 0.6657 0.6657 0.6657 0.6657 0.6657 0.5866 0.5936 0.6329 0.5981 0.5936 0.6468 0.6098 0.6004 0.6537 0.6236 0.6098 0.6607 0.6329 0.6143 0.656 0.6513 0.6306 0.6746 0.6814 0.6468 0.5672 0.6296 0.5903 0.5719 0.6341 0.6019 0.5811 0.6364 0.6203 0.5927 0.6388 0.648 0.6157 0.6596 0.6802 0.6341 0.6641 0.6964 0.648 0.6572
0.6657 1.0 0.0 0.34 0.35 0.36 0.37 0.38 0.39 0.4 0.41 0.42 0.43 0.44 0.45 0.46 0.47 0.48 0.49 0.5 0.51 0.52 0.53 0.6657 0.6657 0.6657 0.6657 0.6657 0.6657 0.6657 0.6657 0.6657 0.6657 0.6657 0.6657 0.6657 0.6657 0.6657 0.6657 0.6657 0.6657 0.6657 0.6657 0.5936 0.6329 0.5981 0.5936 0.6468 0.6098 0.6004 0.6537 0.6236 0.6098 0.6607 0.6329 0.6143 0.656 0.6513 0.6306 0.6746 0.6814 0.6468 0.6676 0.6296 0.5903 0.5719 0.6341 0.6019 0.5811 0.6364 0.6203 0.5927 0.6388 0.648 0.6157 0.6596 0.6802 0.6341 0.6641 0.6964 0.648 0.6572 0.7194
0.6657 1.0 0.0 0.35 0.36 0.37 0.38 0.39 0.4 0.41 0.42 0.43 0.44 0.45 0.46 0.47 0.48 0.49 0.5 0.51 0.52 0.53 0.54 0.6657 0.6657 0.6657 0.6657 0.6657 0.6657 0.6657 0.6657 0.6657 0.6657 0.6657 0.6657 0.6657 0.6657 0.6657 0.6657 0.6657 0.6657 0.6657 0.6657 0.6329 0.5981 0.5936 0.6468 0.6098 0.6004 0.6537 0.6236 0.6098 0.6607 0.6329 0.6143 0.656 0.6513 0.6306 0.6746 0.6814 0.6468 0.6676 0.7023 0.5903 0.5719 0.6341 0.6019 0.5811 0.6364 0.6203 0.5927 0.6388 0.648 0.6157 0.6596 0.6802 0.6341 0.6641 0.6964 0.648 0.6572 0.7194 0.6641
0.6657 1.0 0.0 0.36 0.37 0.38 0.39 0.4 0.41 0.42 0.43 0.44 0.45 0.46 0.47 0.48 0.49 0.5 0.51 0.52 0.53 0.54 0.55 0.6657 0.6657 0.6657 0.6657 0.6657 0.6657 0.6657 0.6657 0.6657 0.6657 0.6657 0.6657 0.6657 0.6657 0.6657 0.6657 0.6657 0.6657 0.6657 0.6657 0.5981 0.5936 0.6468 0.6098 0.6004 0.6537 0.6236 0.6098 0.6607 0.6329 0.6143 0.656 0.6513 0.6306 0.6746 0.6814 0.6468 0.6676 0.7023 0.6607 0.5719 0.6341 0.6019 0.5811 0.6364 0.6203 0.5927 0.6388 0.648 0.6157 0.6596 0.6802 0.6341 0.6641 0.6964 0.648 0.6572 0.7194 0.6641 0.6433
0.6657 1.0 0.0 0.37 0.38 0.39 0.4 0.41 0.42 0.43 0.44 0.45 0.46 0.47 0.48 0.49 0.5 0.51 0.52 0.53 0.54 0.55 0.56 0.6657 0.6657 0.6657 0.6657 0.6657 0.6657 0.6657 0.6657 0.6657 0.6657 0.6657 0.6657 0.6657 0.6657 0.6657 0.6657 0.6657 0.6657 0.6657 0.6657 0.5936 0.6468 0.6098 0.6004 0.6537 0.6236 0.6098 0.6607 0.6329 0.6143 0.656 0.6513 0.6306 0.6746 0.6814 0.6468 0.6676 0.7023 0.6607 0.6583 0.6341 0.6019 0.5811 0.6364 0.6203 0.5927 0.6388 0.648 0.6157 0.6596 0.6802 0.6341 0.6641 0.6964 0.648 0.6572 0.7194 0.6641 0.6433 0.7172
0.6657 1.0 0.0 0.38 0.39 0.4 0.41 0.42 0.43 0.44 0.45 0.46 0.47 0.48 0.49 0.5 0.51 0.52 0.53 0.54 0.55 0.56 0.57 0.6657 0.6657 0.6657 0.6657 0.6657 0.6657 0.6657 0.6657 0.6657 0.6657 0.6657 0.6657 0.6657 0.6657 0.6657 0.6657 0.6657 0.6657 0.6657 0.6657 0.6468 0.6098 0.6004 0.6537 0.6236 0.6098 0.6607 0.6329 0.6143 0.656 0.6513 0.6306 0.6746 0.6814 0.6468 0.6676 0.7023 0.6607 0.6583 0.7139 0.6019 0.5811 0.6364 0.6203 0.5927 0.6388 0.648 0.6157 0.6596 0.6802 0.6341 0.6641 0.6964 0.648 0.6572 0.7194 0.6641 0.6433 0.7172 0.6733
0.6657 1.0 0.0 0.39 0.4 0.41 0.42 0.43 0.44 0.45 0.46 0.47 0.48 0.49 0.5 0.51 0.52 0.53 0.54 0.55 0.56 0.57 0.58 0.6657 0.6657 0.6657 0.6657 0.6657 0.6657 0.6657 0.6657 0.6657 0.6657 0.6657 0.6657 0.6657 0.6657 0.6657 0.6657 0.6657 0.6657 0.6657 0.6657 0.6098 0.6004 0.6537 0.6236 0.6098 0.6607 0.6329 0.6143 0.656 0.6513 0.6306 0.6746 0.6814 0.6468 0.6676 0.7023 0.6607 0.6583 0.7139 0.6652 0.5811 0.6364 0.6203 0.5927 0.6388 0.648 0.6157 0.6596 0.6802 0.6341 0.6641 0.6964 0.648 0.6572 0.7194 0.6641 0.6433 0.7172 0.6733 0.6319
0.6657 1.0 0.0 0.4 0.41 0.42 0.43 0.44 0.45 0.46 0.47 0.48 0.49 0.5 0.51 0.52 0.53 0.54 0.55 0.56 0.57 0.58 0.59 0.6657 0.6657 0.6657 0.6657 0.6657 0.6657 0.6657 0.6657 0.6657 0.6657 0.6657 0.6657 0.6657 0.6657 0.6657 0.6657 0.6657 0.6657 0.6657 0.6657 0.6004 0.6537 0.6236 0.6098 0.6607 0.6329 0.6143 0.656 0.6513 0.6306 0.6746 0.6814 0.6468 0.6676 0.7023 0.6607 0.6583 0.7139 0.6652 0.6421 0.6364 0.6203 0.5927 0.6388 0.648 0.6157 0.6596 0.6802 0.6341 0.6641 0.6964 0.648 0.6572 0.7194 0.6641 0.6433 0.7172 0.6733 0.6319 0.6964
0.6657 1.0 0.0 0.41 0.42 0.43 0.44 0.45 0.46 0.47 0.48 0.49 0.5 0.51 0.52 0.53 0.54 0.55 0.56 0.57 0.58 0.59 0.6 0.6657 0.6657 0.6657 0.6657 0.6657 0.6657 0.6657 0.6657 0.6657 0.6657 0.6657 0.6657 0.6657 0.6657 0.6657 0.6657 0.6657 0.6657 0.6657 0.6657 0.6537 0.6236 0.6098 0.6607 0.6329 0.6143 0.656 0.6513 0.6306 0.6746 0.6814 0.6468 0.6676 0.7023 0.6607 0.6583 0.7139 0.6652 0.6421 0.7092 0.6203 0.5927 0.6388 0.648 0.6157 0.6596 0.6802 0.6341 0.6641 0.6964 0.648 0.6572 0.7194 0.6641 0.6433 0.7172 0.6733 0.6319 0.6964 0.671
0.6657 1.0 0.0 0.42 0.43 0.44 0.45 0.46 0.47 0.48 0.49 0.5 0.51 0.52 0.53 0.54 0.55 0.56 0.57 0.58 0.59 0.6 0.61 0.6657 0.6657 0.6657 0.6657 0.6657 0.6657 0.6657 0.6657 0.6657 0.6657 0.6657 0.6657 0.6657 0.6657 0.6657 0.6657 0.6657 0.6657 0.6657 0.6657 0.6236 0.6098 0.6607 0.6329 0.6143 0.656 0.6513 0.6306 0.6746 0.6814 0.6468 0.6676 0.7023 0.6607 0.6583 0.7139 0.6652 0.6421 0.7092 0.6699 0.5927 0.6388 0.648 0.6157 0.6596 0.6802 0.6341 0.6641 0.6964 0.648 0.6572 0.7194 0.6641 0.6433 0.7172 0.6733 0.6319 0.6964 0.671 0.6296
0.6657 1.0 0.0 0.43 0.44 0.45 0.46 0.47 0.48 0.49 0.5 0.51 0.52 0.53 0.54 0.55 0.56 0.57 0.58 0.59 0.6 0.61 0.62 0.6657 0.6657 0.6657 0.6657 0.6657 0.6657 0.6657 0.6657 0.6657 0.6657 0.6657 0.6657 0.6657 0.6657 0.6657 0.6657 0.6657 0.6657 0.6657 0.6657 0.6098 0.6607 0.6329 0.6143 0.656 0.6513 0.6306 0.6746 0.6814 0.6468 0.6676 0.7023 0.6607 0.6583 0.7139 0.6652 0.6421 0.7092 0.6699 0.6329 0.6388 0.648 0.6157 0.6596 0.6802 0.6341 0.6641 0.6964 0.648 0.6572 0.7194 0.6641 0.6433 0.7172 0.6733 0.6319 0.6964 0.671 0.6296 0.6618
0.6657 1.0 0.0 0.44 0.45 0.46 0.47 0.48 0.49 0.5 0.51 0.52 0.53 0.54 0.55 0.56 0.57 0.58 0.59 0.6 0.61 0.62 0.63 0.6657 0.6657 0.6657 0.6657 0.6657 0.6657 0.6657 0.6657 0.6657 0.6657 0.6657 0.6657 0.6657 0.6657 0.6657 0.6657 0.6657 0.6657 0.6657 0.6657 0.6607 0.6329 0.6143 0.656 0.6513 0.6306 0.6746 0.6814 0.6468 0.6676 0.7023 0.6607 0.6583 0.7139 0.6652 0.6421 0.7092 0.6699 0.6329 0.6861 0.648 0.6157 0.6596 0.6802 0.6341 0.6641 0.6964 0.648 0.6572 0.7194 0.6641 0.6433 0.7172 0.6733 0.6319 0.6964 0.671 0.6296 0.6618 0.6664
0.6657 1.0 0.0 0.45 0.46 0.47 0.48 0.49 0.5 0.51 0.52 0.53 0.54 0.55 0.56 0.57 0.58 0.59 0.6 0.61 0.62 0.63 0.64 0.6657 0.6657 0.6657 0.6657 0.6657 0.6657 0.6657 0.6657 0.6657 0.6657 0.6657 0.6657 0.6657 0.6657 0.6657 0.6657 0.6657 0.6657 0.6657 0.6657 0.6329 0.6143 0.656 0.6513 0.6306 0.6746 0.6814 0.6468 0.6676 0.7023 0.6607 0.6583 0.7139 0.6652 0.6421 0.7092 0.6699 0.6329 0.6861 0.6722 0.6157 0.6596 0.6802 0.6341 0.6641 0.6964 0.648 0.6572 0.7194 0.6641 0.6433 0.7172 0.6733 0.6319 0.6964 0.671 0.6296 0.6618 0.6664 0.6272
0.6657 1.0 0.0 0.46 0.47 0.48 0.49 0.5 0.51 0.52 0.53 0.54 0.55 0.56 0.57 0.58 0.59 0.6 0.61 0.62 0.63 0.64 0.65 0.6657 0.6657 0.6657 0.6657 0.6657 0.6657 0.6657 0.6657 0.6657 0.6657 0.6657 0.6657 0.6657 0.6657 0.6657 0.6657 0.6657 0.6657 0.6657 0.6657 0.6143 0.656 0.6513 0.6306 0.6746 0.6814 0.6468 0.6676 0.7023 0.6607 0.6583 0.7139 0.6652 0.6421 0.7092 0.6699 0.6329 0.6861 0.6722 0.6398 0.6596 0.6802 0.6341 0.6641 0.6964 0.648 0.6572 0.7194 0.6641 0.6433 0.7172 0.6733 0.6319 0.6964 0.671 0.6296 0.6618 0.6664 0.6272 0.6272
0.6657 1.0 0.0 0.47 0.48 0.49 0.5 0.51 0.52 0.53 0.54 0.55 0.56 0.57 0.58 0.59 0.6 0.61 0.62 0.63 0.64 0.65 0.66 0.6657 0.6657 0.6657 0.6657 0.6657 0.6657 0.6657 0.6657 0.6657 0.6657 0.6657 0.6657 0.6657 0.6657 0.6657 0.6657 0.6657 0.6657 0.6657 0.6657 0.656 0.6513 0.6306 0.6746 0.6814 0.6468 0.6676 0.7023 0.6607 0.6583 0.7139 0.6652 0.6421 0.7092 0.6699 0.6329 0.6861 0.6722 0.6398 0.656 0.6802 0.6341 0.6641 0.6964 0.648 0.6572 0.7194 0.6641 0.6433 0.7172 0.6733 0.6319 0.6964 0.671 0.6296 0.6618 0.6664 0.6272 0.6272 0.6572
0.6657 1.0 0.0 0.48 0.49 0.5 0.51 0.52 0.53 0.54 0.55 0.56 0.57 0.58 0.59 0.6 0.61 0.62 0.63 0.64 0.65 0.66 0.67 0.6657 0.6657 0.6657 0.6657 0.6657 0.6657 0.6657 0.6657 0.6657 0.6657 0.6657 0.6657 0.6657 0.6657 0.6657 0.6657 0.6657 0.6657 0.6657 0.6657 0.6513 0.6306 0.6746 0.6814 0.6468 0.6676 0.7023 0.6607 0.6583 0.7139 0.6652 0.6421 0.7092 0.6699 0.6329 0.6861 0.6722 0.6398 0.656 0.6791 0.6341 0.6641 0.6964 0.648 0.6572 0.7194 0.6641 0.6433 0.7172 0.6733 0.6319 0.6964 0.671 0.6296 0.6618 0.6664 0.6272 0.6272 0.6572 0.6272
