0.069 0.5126 1.0 0.8166 0.7682 0.7291 0.7843 0.7706 0.7291 0.7544 0.7544 0.7244 0.7083 0.683 0.6669 0.6461 0.6231 0.6093 0.5954 0.5724 0.5587 0.5494 0.5287 0.6513 0.6746 0.6953 0.6513 0.6421 0.6977 0.6537 0.6306 0.6722 0.663 0.6329 0.6004 0.5797 0.5634 0.538 0.5171 0.5079 0.4871 0.4662 0.4593 0.6503 0.6941 0.6457 0.6203 0.6757 0.6411 0.6111 0.648 0.6341 0.6111 0.588 0.5719 0.5603 0.5419 0.5188 0.5119 0.4934 0.475 0.4634 0.4542
0.046 0.4941 1.0 0.7682 0.7291 0.7843 0.7706 0.7291 0.7544 0.7544 0.7244 0.7083 0.683 0.6669 0.6461 0.6231 0.6093 0.5954 0.5724 0.5587 0.5494 0.5287 0.5149 0.6746 0.6953 0.6513 0.6421 0.6977 0.6537 0.6306 0.6722 0.663 0.6329 0.6004 0.5797 0.5634 0.538 0.5171 0.5079 0.4871 0.4662 0.4593 0.4431 0.6941 0.6457 0.6203 0.6757 0.6411 0.6111 0.648 0.6341 0.6111 0.588 0.5719 0.5603 0.5419 0.5188 0.5119 0.4934 0.475 0.4634 0.4542 0.4311
0.0077 0.4803 1.0 0.7291 0.7843 0.7706 0.7291 0.7544 0.7544 0.7244 0.7083 0.683 0.6669 0.6461 0.6231 0.6093 0.5954 0.5724 0.5587 0.5494 0.5287 0.5149 0.5126 0.6953 0.6513 0.6421 0.6977 0.6537 0.6306 0.6722 0.663 0.6329 0.6004 0.5797 0.5634 0.538 0.5171 0.5079 0.4871 0.4662 0.4593 0.4431 0.4246 0.6457 0.6203 0.6757 0.6411 0.6111 0.648 0.6341 0.6111 0.588 0.5719 0.5603 0.5419 0.5188 0.5119 0.4934 0.475 0.4634 0.4542 0.4311 0.4242
0.0617 0.4849 1.0 0.7843 0.7706 0.7291 0.7544 0.7544 0.7244 0.7083 0.683 0.6669 0.6461 0.6231 0.6093 0.5954 0.5724 0.5587 0.5494 0.5287 0.5149 0.5126 0.4941 0.6513 0.6421 0.6977 0.6537 0.6306 0.6722 0.663 0.6329 0.6004 0.5797 0.5634 0.538 0.5171 0.5079 0.4871 0.4662 0.4593 0.4431 0.4246 0.4177 0.6203 0.6757 0.6411 0.6111 0.648 0.6341 0.6111 0.588 0.5719 0.5603 0.5419 0.5188 0.5119 0.4934 0.475 0.4634 0.4542 0.4311 0.4242 0.4173
0.046 0.4711 1.0 0.7706 0.7291 0.7544 0.7544 0.7244 0.7083 0.683 0.6669 0.6461 0.6231 0.6093 0.5954 0.5724 0.5587 0.5494 0.5287 0.5149 0.5126 0.4941 0.4803 0.6421 0.6977 0.6537 0.6306 0.6722 0.663 0.6329 0.6004 0.5797 0.5634 0.538 0.5171 0.5079 0.4871 0.4662 0.4593 0.4431 0.4246 0.4177 0.4083 0.6757 0.6411 0.6111 0.648 0.6341 0.6111 0.588 0.5719 0.5603 0.5419 0.5188 0.5119 0.4934 0.475 0.4634 0.4542 0.4311 0.4242 0.4173 0.3989
0.0153 0.455 1.0 0.7291 0.7544 0.7544 0.7244 0.7083 0.683 0.6669 0.6461 0.6231 0.6093 0.5954 0.5724 0.5587 0.5494 0.5287 0.5149 0.5126 0.4941 0.4803 0.4849 0.6977 0.6537 0.6306 0.6722 0.663 0.6329 0.6004 0.5797 0.5634 0.538 0.5171 0.5079 0.4871 0.4662 0.4593 0.4431 0.4246 0.4177 0.4083 0.3899 0.6411 0.6111 0.648 0.6341 0.6111 0.588 0.5719 0.5603 0.5419 0.5188 0.5119 0.4934 0.475 0.4634 0.4542 0.4311 0.4242 0.4173 0.3989 0.3897
0.046 0.4573 1.0 0.7544 0.7544 0.7244 0.7083 0.683 0.6669 0.6461 0.6231 0.6093 0.5954 0.5724 0.5587 0.5494 0.5287 0.5149 0.5126 0.4941 0.4803 0.4849 0.4711 0.6537 0.6306 0.6722 0.663 0.6329 0.6004 0.5797 0.5634 0.538 0.5171 0.5079 0.4871 0.4662 0.4593 0.4431 0.4246 0.4177 0.4083 0.3899 0.3852 0.6111 0.648 0.6341 0.6111 0.588 0.5719 0.5603 0.5419 0.5188 0.5119 0.4934 0.475 0.4634 0.4542 0.4311 0.4242 0.4173 0.3989 0.3897 0.3942
0.0537 0.4481 1.0 0.7544 0.7244 0.7083 0.683 0.6669 0.6461 0.6231 0.6093 0.5954 0.5724 0.5587 0.5494 0.5287 0.5149 0.5126 0.4941 0.4803 0.4849 0.4711 0.455 0.6306 0.6722 0.663 0.6329 0.6004 0.5797 0.5634 0.538 0.5171 0.5079 0.4871 0.4662 0.4593 0.4431 0.4246 0.4177 0.4083 0.3899 0.3852 0.3806 0.648 0.6341 0.6111 0.588 0.5719 0.5603 0.5419 0.5188 0.5119 0.4934 0.475 0.4634 0.4542 0.4311 0.4242 0.4173 0.3989 0.3897 0.3942 0.3781
0.0077 0.4297 1.0 0.7244 0.7083 0.683 0.6669 0.6461 0.6231 0.6093 0.5954 0.5724 0.5587 0.5494 0.5287 0.5149 0.5126 0.4941 0.4803 0.4849 0.4711 0.455 0.4573 0.6722 0.663 0.6329 0.6004 0.5797 0.5634 0.538 0.5171 0.5079 0.4871 0.4662 0.4593 0.4431 0.4246 0.4177 0.4083 0.3899 0.3852 0.3806 0.3644 0.6341 0.6111 0.588 0.5719 0.5603 0.5419 0.5188 0.5119 0.4934 0.475 0.4634 0.4542 0.4311 0.4242 0.4173 0.3989 0.3897 0.3942 0.3781 0.3642
0.0307 0.425 1.0 0.7083 0.683 0.6669 0.6461 0.6231 0.6093 0.5954 0.5724 0.5587 0.5494 0.5287 0.5149 0.5126 0.4941 0.4803 0.4849 0.4711 0.455 0.4573 0.4481 0.663 0.6329 0.6004 0.5797 0.5634 0.538 0.5171 0.5079 0.4871 0.4662 0.4593 0.4431 0.4246 0.4177 0.4083 0.3899 0.3852 0.3806 0.3644 0.3528 0.6111 0.588 0.5719 0.5603 0.5419 0.5188 0.5119 0.4934 0.475 0.4634 0.4542 0.4311 0.4242 0.4173 0.3989 0.3897 0.3942 0.3781 0.3642 0.3666
0.0613 0.4181 1.0 0.683 0.6669 0.6461 0.6231 0.6093 0.5954 0.5724 0.5587 0.5494 0.5287 0.5149 0.5126 0.4941 0.4803 0.4849 0.4711 0.455 0.4573 0.4481 0.4297 0.6329 0.6004 0.5797 0.5634 0.538 0.5171 0.5079 0.4871 0.4662 0.4593 0.4431 0.4246 0.4177 0.4083 0.3899 0.3852 0.3806 0.3644 0.3528 0.3506 0.588 0.5719 0.5603 0.5419 0.5188 0.5119 0.4934 0.475 0.4634 0.4542 0.4311 0.4242 0.4173 0.3989 0.3897 0.3942 0.3781 0.3642 0.3666 0.3504
0.0157 0.4043 1.0 0.6669 0.6461 0.6231 0.6093 0.5954 0.5724 0.5587 0.5494 0.5287 0.5149 0.5126 0.4941 0.4803 0.4849 0.4711 0.455 0.4573 0.4481 0.4297 0.425 0.6004 0.5797 0.5634 0.538 0.5171 0.5079 0.4871 0.4662 0.4593 0.4431 0.4246 0.4177 0.4083 0.3899 0.3852 0.3806 0.3644 0.3528 0.3506 0.3367 0.5719 0.5603 0.5419 0.5188 0.5119 0.4934 0.475 0.4634 0.4542 0.4311 0.4242 0.4173 0.3989 0.3897 0.3942 0.3781 0.3642 0.3666 0.3504 0.3366
0.023 0.3951 1.0 0.6461 0.6231 0.6093 0.5954 0.5724 0.5587 0.5494 0.5287 0.5149 0.5126 0.4941 0.4803 0.4849 0.4711 0.455 0.4573 0.4481 0.4297 0.425 0.4181 0.5797 0.5634 0.538 0.5171 0.5079 0.4871 0.4662 0.4593 0.4431 0.4246 0.4177 0.4083 0.3899 0.3852 0.3806 0.3644 0.3528 0.3506 0.3367 0.325 0.5603 0.5419 0.5188 0.5119 0.4934 0.475 0.4634 0.4542 0.4311 0.4242 0.4173 0.3989 0.3897 0.3942 0.3781 0.3642 0.3666 0.3504 0.3366 0.332
0.046 0.3928 1.0 0.6231 0.6093 0.5954 0.5724 0.5587 0.5494 0.5287 0.5149 0.5126 0.4941 0.4803 0.4849 0.4711 0.455 0.4573 0.4481 0.4297 0.425 0.4181 0.4043 0.5634 0.538 0.5171 0.5079 0.4871 0.4662 0.4593 0.4431 0.4246 0.4177 0.4083 0.3899 0.3852 0.3806 0.3644 0.3528 0.3506 0.3367 0.325 0.3204 0.5419 0.5188 0.5119 0.4934 0.475 0.4634 0.4542 0.4311 0.4242 0.4173 0.3989 0.3897 0.3942 0.3781 0.3642 0.3666 0.3504 0.3366 0.332 0.325
0.0307 0.379 1.0 0.6093 0.5954 0.5724 0.5587 0.5494 0.5287 0.5149 0.5126 0.4941 0.4803 0.4849 0.4711 0.455 0.4573 0.4481 0.4297 0.425 0.4181 0.4043 0.3951 0.538 0.5171 0.5079 0.4871 0.4662 0.4593 0.4431 0.4246 0.4177 0.4083 0.3899 0.3852 0.3806 0.3644 0.3528 0.3506 0.3367 0.325 0.3204 0.3089 0.5188 0.5119 0.4934 0.475 0.4634 0.4542 0.4311 0.4242 0.4173 0.3989 0.3897 0.3942 0.3781 0.3642 0.3666 0.3504 0.3366 0.332 0.325 0.3089
0.0077 0.3698 1.0 0.5954 0.5724 0.5587 0.5494 0.5287 0.5149 0.5126 0.4941 0.4803 0.4849 0.4711 0.455 0.4573 0.4481 0.4297 0.425 0.4181 0.4043 0.3951 0.3928 0.5171 0.5079 0.4871 0.4662 0.4593 0.4431 0.4246 0.4177 0.4083 0.3899 0.3852 0.3806 0.3644 0.3528 0.3506 0.3367 0.325 0.3204 0.3089 0.2996 0.5119 0.4934 0.475 0.4634 0.4542 0.4311 0.4242 0.4173 0.3989 0.3897 0.3942 0.3781 0.3642 0.3666 0.3504 0.3366 0.332 0.325 0.3089 0.3066
0.046 0.3651 1.0 0.5724 0.5587 0.5494 0.5287 0.5149 0.5126 0.4941 0.4803 0.4849 0.4711 0.455 0.4573 0.4481 0.4297 0.425 0.4181 0.4043 0.3951 0.3928 0.379 0.5079 0.4871 0.4662 0.4593 0.4431 0.4246 0.4177 0.4083 0.3899 0.3852 0.3806 0.3644 0.3528 0.3506 0.3367 0.325 0.3204 0.3089 0.2996 0.2927 0.4934 0.475 0.4634 0.4542 0.4311 0.4242 0.4173 0.3989 0.3897 0.3942 0.3781 0.3642 0.3666 0.3504 0.3366 0.332 0.325 0.3089 0.3066 0.2973
0.0307 0.3559 1.0 0.5587 0.5494 0.5287 0.5149 0.5126 0.4941 0.4803 0.4849 0.4711 0.455 0.4573 0.4481 0.4297 0.425 0.4181 0.4043 0.3951 0.3928 0.379 0.3698 0.4871 0.4662 0.4593 0.4431 0.4246 0.4177 0.4083 0.3899 0.3852 0.3806 0.3644 0.3528 0.3506 0.3367 0.325 0.3204 0.3089 0.2996 0.2927 0.2833 0.475 0.4634 0.4542 0.4311 0.4242 0.4173 0.3989 0.3897 0.3942 0.3781 0.3642 0.3666 0.3504 0.3366 0.332 0.325 0.3089 0.3066 0.2973 0.2859
0.0157 0.3513 1.0 0.5494 0.5287 0.5149 0.5126 0.4941 0.4803 0.4849 0.4711 0.455 0.4573 0.4481 0.4297 0.425 0.4181 0.4043 0.3951 0.3928 0.379 0.3698 0.3651 0.4662 0.4593 0.4431 0.4246 0.4177 0.4083 0.3899 0.3852 0.3806 0.3644 0.3528 0.3506 0.3367 0.325 0.3204 0.3089 0.2996 0.2927 0.2833 0.2741 0.4634 0.4542 0.4311 0.4242 0.4173 0.3989 0.3897 0.3942 0.3781 0.3642 0.3666 0.3504 0.3366 0.332 0.325 0.3089 0.3066 0.2973 0.2859 0.2789
0.0307 0.3606 1.0 0.5287 0.5149 0.5126 0.4941 0.4803 0.4849 0.4711 0.455 0.4573 0.4481 0.4297 0.425 0.4181 0.4043 0.3951 0.3928 0.379 0.3698 0.3651 0.3559 0.4593 0.4431 0.4246 0.4177 0.4083 0.3899 0.3852 0.3806 0.3644 0.3528 0.3506 0.3367 0.325 0.3204 0.3089 0.2996 0.2927 0.2833 0.2741 0.2672 0.4542 0.4311 0.4242 0.4173 0.3989 0.3897 0.3942 0.3781 0.3642 0.3666 0.3504 0.3366 0.332 0.325 0.3089 0.3066 0.2973 0.2859 0.2789 0.272
0.0153 0.3537 1.0 0.5149 0.5126 0.4941 0.4803 0.4849 0.4711 0.455 0.4573 0.4481 0.4297 0.425 0.4181 0.4043 0.3951 0.3928 0.379 0.3698 0.3651 0.3559 0.3513 0.4431 0.4246 0.4177 0.4083 0.3899 0.3852 0.3806 0.3644 0.3528 0.3506 0.3367 0.325 0.3204 0.3089 0.2996 0.2927 0.2833 0.2741 0.2672 0.2602 0.4311 0.4242 0.4173 0.3989 0.3897 0.3942 0.3781 0.3642 0.3666 0.3504 0.3366 0.332 0.325 0.3089 0.3066 0.2973 0.2859 0.2789 0.272 0.2651
0.031 0.4389 1.0 0.5126 0.4941 0.4803 0.4849 0.4711 0.455 0.4573 0.4481 0.4297 0.425 0.4181 0.4043 0.3951 0.3928 0.379 0.3698 0.3651 0.3559 0.3513 0.3606 0.4246 0.4177 0.4083 0.3899 0.3852 0.3806 0.3644 0.3528 0.3506 0.3367 0.325 0.3204 0.3089 0.2996 0.2927 0.2833 0.2741 0.2672 0.2602 0.2857 0.4242 0.4173 0.3989 0.3897 0.3942 0.3781 0.3642 0.3666 0.3504 0.3366 0.332 0.325 0.3089 0.3066 0.2973 0.2859 0.2789 0.272 0.2651 0.3389
0.023 0.4503 1.0 0.4941 0.4803 0.4849 0.4711 0.455 0.4573 0.4481 0.4297 0.425 0.4181 0.4043 0.3951 0.3928 0.379 0.3698 0.3651 0.3559 0.3513 0.3606 0.3537 0.4177 0.4083 0.3899 0.3852 0.3806 0.3644 0.3528 0.3506 0.3367 0.325 0.3204 0.3089 0.2996 0.2927 0.2833 0.2741 0.2672 0.2602 0.2857 0.3297 0.4173 0.3989 0.3897 0.3942 0.3781 0.3642 0.3666 0.3504 0.3366 0.332 0.325 0.3089 0.3066 0.2973 0.2859 0.2789 0.272 0.2651 0.3389 0.3136
0.284 0.4273 1.0 0.4803 0.4849 0.4711 0.455 0.4573 0.4481 0.4297 0.425 0.4181 0.4043 0.3951 0.3928 0.379 0.3698 0.3651 0.3559 0.3513 0.3606 0.3537 0.4389 0.4083 0.3899 0.3852 0.3806 0.3644 0.3528 0.3506 0.3367 0.325 0.3204 0.3089 0.2996 0.2927 0.2833 0.2741 0.2672 0.2602 0.2857 0.3297 0.3089 0.3989 0.3897 0.3942 0.3781 0.3642 0.3666 0.3504 0.3366 0.332 0.325 0.3089 0.3066 0.2973 0.2859 0.2789 0.272 0.2651 0.3389 0.3136 0.3066
0.038 0.4803 1.0 0.4849 0.4711 0.455 0.4573 0.4481 0.4297 0.425 0.4181 0.4043 0.3951 0.3928 0.379 0.3698 0.3651 0.3559 0.3513 0.3606 0.3537 0.4389 0.4503 0.3899 0.3852 0.3806 0.3644 0.3528 0.3506 0.3367 0.325 0.3204 0.3089 0.2996 0.2927 0.2833 0.2741 0.2672 0.2602 0.2857 0.3297 0.3089 0.3134 0.3897 0.3942 0.3781 0.3642 0.3666 0.3504 0.3366 0.332 0.325 0.3089 0.3066 0.2973 0.2859 0.2789 0.272 0.2651 0.3389 0.3136 0.3066 0.3897
0.0767 0.5126 1.0 0.4711 0.455 0.4573 0.4481 0.4297 0.425 0.4181 0.4043 0.3951 0.3928 0.379 0.3698 0.3651 0.3559 0.3513 0.3606 0.3537 0.4389 0.4503 0.4273 0.3852 0.3806 0.3644 0.3528 0.3506 0.3367 0.325 0.3204 0.3089 0.2996 0.2927 0.2833 0.2741 0.2672 0.2602 0.2857 0.3297 0.3089 0.3134 0.3852 0.3942 0.3781 0.3642 0.3666 0.3504 0.3366 0.332 0.325 0.3089 0.3066 0.2973 0.2859 0.2789 0.272 0.2651 0.3389 0.3136 0.3066 0.3897 0.3666
0.1767 0.4757 1.0 0.455 0.4573 0.4481 0.4297 0.425 0.4181 0.4043 0.3951 0.3928 0.379 0.3698 0.3651 0.3559 0.3513 0.3606 0.3537 0.4389 0.4503 0.4273 0.4803 0.3806 0.3644 0.3528 0.3506 0.3367 0.325 0.3204 0.3089 0.2996 0.2927 0.2833 0.2741 0.2672 0.2602 0.2857 0.3297 0.3089 0.3134 0.3852 0.3528 0.3781 0.3642 0.3666 0.3504 0.3366 0.332 0.325 0.3089 0.3066 0.2973 0.2859 0.2789 0.272 0.2651 0.3389 0.3136 0.3066 0.3897 0.3666 0.3389
0.1077 0.4941 1.0 0.4573 0.4481 0.4297 0.425 0.4181 0.4043 0.3951 0.3928 0.379 0.3698 0.3651 0.3559 0.3513 0.3606 0.3537 0.4389 0.4503 0.4273 0.4803 0.5126 0.3644 0.3528 0.3506 0.3367 0.325 0.3204 0.3089 0.2996 0.2927 0.2833 0.2741 0.2672 0.2602 0.2857 0.3297 0.3089 0.3134 0.3852 0.3528 0.3389 0.3642 0.3666 0.3504 0.3366 0.332 0.325 0.3089 0.3066 0.2973 0.2859 0.2789 0.272 0.2651 0.3389 0.3136 0.3066 0.3897 0.3666 0.3389 0.4127
0.123 0.5632 1.0 0.4481 0.4297 0.425 0.4181 0.4043 0.3951 0.3928 0.379 0.3698 0.3651 0.3559 0.3513 0.3606 0.3537 0.4389 0.4503 0.4273 0.4803 0.5126 0.4757 0.3528 0.3506 0.3367 0.325 0.3204 0.3089 0.2996 0.2927 0.2833 0.2741 0.2672 0.2602 0.2857 0.3297 0.3089 0.3134 0.3852 0.3528 0.3389 0.4177 0.3666 0.3504 0.3366 0.332 0.325 0.3089 0.3066 0.2973 0.2859 0.2789 0.272 0.2651 0.3389 0.3136 0.3066 0.3897 0.3666 0.3389 0.4127 0.4058
0.0613 0.5218 1.0 0.4297 0.425 0.4181 0.4043 0.3951 0.3928 0.379 0.3698 0.3651 0.3559 0.3513 0.3606 0.3537 0.4389 0.4503 0.4273 0.4803 0.5126 0.4757 0.4941 0.3506 0.3367 0.325 0.3204 0.3089 0.2996 0.2927 0.2833 0.2741 0.2672 0.2602 0.2857 0.3297 0.3089 0.3134 0.3852 0.3528 0.3389 0.4177 0.3968 0.3504 0.3366 0.332 0.325 0.3089 0.3066 0.2973 0.2859 0.2789 0.272 0.2651 0.3389 0.3136 0.3066 0.3897 0.3666 0.3389 0.4127 0.4058 0.3734
0.2303 0.501 1.0 0.425 0.4181 0.4043 0.3951 0.3928 0.379 0.3698 0.3651 0.3559 0.3513 0.3606 0.3537 0.4389 0.4503 0.4273 0.4803 0.5126 0.4757 0.4941 0.5632 0.3367 0.325 0.3204 0.3089 0.2996 0.2927 0.2833 0.2741 0.2672 0.2602 0.2857 0.3297 0.3089 0.3134 0.3852 0.3528 0.3389 0.4177 0.3968 0.369 0.3366 0.332 0.325 0.3089 0.3066 0.2973 0.2859 0.2789 0.272 0.2651 0.3389 0.3136 0.3066 0.3897 0.3666 0.3389 0.4127 0.4058 0.3734 0.4104
0.138 0.5886 1.0 0.4181 0.4043 0.3951 0.3928 0.379 0.3698 0.3651 0.3559 0.3513 0.3606 0.3537 0.4389 0.4503 0.4273 0.4803 0.5126 0.4757 0.4941 0.5632 0.5218 0.325 0.3204 0.3089 0.2996 0.2927 0.2833 0.2741 0.2672 0.2602 0.2857 0.3297 0.3089 0.3134 0.3852 0.3528 0.3389 0.4177 0.3968 0.369 0.4316 0.332 0.325 0.3089 0.3066 0.2973 0.2859 0.2789 0.272 0.2651 0.3389 0.3136 0.3066 0.3897 0.3666 0.3389 0.4127 0.4058 0.3734 0.4104 0.445
0.0693 0.5609 1.0 0.4043 0.3951 0.3928 0.379 0.3698 0.3651 0.3559 0.3513 0.3606 0.3537 0.4389 0.4503 0.4273 0.4803 0.5126 0.4757 0.4941 0.5632 0.5218 0.501 0.3204 0.3089 0.2996 0.2927 0.2833 0.2741 0.2672 0.2602 0.2857 0.3297 0.3089 0.3134 0.3852 0.3528 0.3389 0.4177 0.3968 0.369 0.4316 0.4384 0.325 0.3089 0.3066 0.2973 0.2859 0.2789 0.272 0.2651 0.3389 0.3136 0.3066 0.3897 0.3666 0.3389 0.4127 0.4058 0.3734 0.4104 0.445 0.4058
0.292 0.5263 1.0 0.3951 0.3928 0.379 0.3698 0.3651 0.3559 0.3513 0.3606 0.3537 0.4389 0.4503 0.4273 0.4803 0.5126 0.4757 0.4941 0.5632 0.5218 0.501 0.5886 0.3089 0.2996 0.2927 0.2833 0.2741 0.2672 0.2602 0.2857 0.3297 0.3089 0.3134 0.3852 0.3528 0.3389 0.4177 0.3968 0.369 0.4316 0.4384 0.406 0.3089 0.3066 0.2973 0.2859 0.2789 0.272 0.2651 0.3389 0.3136 0.3066 0.3897 0.3666 0.3389 0.4127 0.4058 0.3734 0.4104 0.445 0.4058 0.4104
0.0923 0.577 1.0 0.3928 0.379 0.3698 0.3651 0.3559 0.3513 0.3606 0.3537 0.4389 0.4503 0.4273 0.4803 0.5126 0.4757 0.4941 0.5632 0.5218 0.501 0.5886 0.5609 0.2996 0.2927 0.2833 0.2741 0.2672 0.2602 0.2857 0.3297 0.3089 0.3134 0.3852 0.3528 0.3389 0.4177 0.3968 0.369 0.4316 0.4384 0.406 0.4384 0.3066 0.2973 0.2859 0.2789 0.272 0.2651 0.3389 0.3136 0.3066 0.3897 0.3666 0.3389 0.4127 0.4058 0.3734 0.4104 0.445 0.4058 0.4104 0.4727
0.1153 0.5886 1.0 0.379 0.3698 0.3651 0.3559 0.3513 0.3606 0.3537 0.4389 0.4503 0.4273 0.4803 0.5126 0.4757 0.4941 0.5632 0.5218 0.501 0.5886 0.5609 0.5263 0.2927 0.2833 0.2741 0.2672 0.2602 0.2857 0.3297 0.3089 0.3134 0.3852 0.3528 0.3389 0.4177 0.3968 0.369 0.4316 0.4384 0.406 0.4384 0.4801 0.2973 0.2859 0.2789 0.272 0.2651 0.3389 0.3136 0.3066 0.3897 0.3666 0.3389 0.4127 0.4058 0.3734 0.4104 0.445 0.4058 0.4104 0.4727 0.4358
0.169 0.5563 1.0 0.3698 0.3651 0.3559 0.3513 0.3606 0.3537 0.4389 0.4503 0.4273 0.4803 0.5126 0.4757 0.4941 0.5632 0.5218 0.501 0.5886 0.5609 0.5263 0.577 0.2833 0.2741 0.2672 0.2602 0.2857 0.3297 0.3089 0.3134 0.3852 0.3528 0.3389 0.4177 0.3968 0.369 0.4316 0.4384 0.406 0.4384 0.4801 0.4408 0.2859 0.2789 0.272 0.2651 0.3389 0.3136 0.3066 0.3897 0.3666 0.3389 0.4127 0.4058 0.3734 0.4104 0.445 0.4058 0.4104 0.4727 0.4358 0.4197
0.0387 0.5724 1.0 0.3651 0.3559 0.3513 0.3606 0.3537 0.4389 0.4503 0.4273 0.4803 0.5126 0.4757 0.4941 0.5632 0.5218 0.501 0.5886 0.5609 0.5263 0.577 0.5886 0.2741 0.2672 0.2602 0.2857 0.3297 0.3089 0.3134 0.3852 0.3528 0.3389 0.4177 0.3968 0.369 0.4316 0.4384 0.406 0.4384 0.4801 0.4408 0.4361 0.2789 0.272 0.2651 0.3389 0.3136 0.3066 0.3897 0.3666 0.3389 0.4127 0.4058 0.3734 0.4104 0.445 0.4058 0.4104 0.4727 0.4358 0.4197 0.4773
0.1077 0.5978 1.0 0.3559 0.3513 0.3606 0.3537 0.4389 0.4503 0.4273 0.4803 0.5126 0.4757 0.4941 0.5632 0.5218 0.501 0.5886 0.5609 0.5263 0.577 0.5886 0.5563 0.2672 0.2602 0.2857 0.3297 0.3089 0.3134 0.3852 0.3528 0.3389 0.4177 0.3968 0.369 0.4316 0.4384 0.406 0.4384 0.4801 0.4408 0.4361 0.5079 0.272 0.2651 0.3389 0.3136 0.3066 0.3897 0.3666 0.3389 0.4127 0.4058 0.3734 0.4104 0.445 0.4058 0.4104 0.4727 0.4358 0.4197 0.4773 0.4589
0.0537 0.5701 1.0 0.3513 0.3606 0.3537 0.4389 0.4503 0.4273 0.4803 0.5126 0.4757 0.4941 0.5632 0.5218 0.501 0.5886 0.5609 0.5263 0.577 0.5886 0.5563 0.5724 0.2602 0.2857 0.3297 0.3089 0.3134 0.3852 0.3528 0.3389 0.4177 0.3968 0.369 0.4316 0.4384 0.406 0.4384 0.4801 0.4408 0.4361 0.5079 0.4778 0.2651 0.3389 0.3136 0.3066 0.3897 0.3666 0.3389 0.4127 0.4058 0.3734 0.4104 0.445 0.4058 0.4104 0.4727 0.4358 0.4197 0.4773 0.4589 0.4427
0.0847 0.5701 1.0 0.3606 0.3537 0.4389 0.4503 0.4273 0.4803 0.5126 0.4757 0.4941 0.5632 0.5218 0.501 0.5886 0.5609 0.5263 0.577 0.5886 0.5563 0.5724 0.5978 0.2857 0.3297 0.3089 0.3134 0.3852 0.3528 0.3389 0.4177 0.3968 0.369 0.4316 0.4384 0.406 0.4384 0.4801 0.4408 0.4361 0.5079 0.4778 0.4593 0.3389 0.3136 0.3066 0.3897 0.3666 0.3389 0.4127 0.4058 0.3734 0.4104 0.445 0.4058 0.4104 0.4727 0.4358 0.4197 0.4773 0.4589 0.4427 0.4727
0.0923 0.6186 1.0 0.3537 0.4389 0.4503 0.4273 0.4803 0.5126 0.4757 0.4941 0.5632 0.5218 0.501 0.5886 0.5609 0.5263 0.577 0.5886 0.5563 0.5724 0.5978 0.5701 0.3297 0.3089 0.3134 0.3852 0.3528 0.3389 0.4177 0.3968 0.369 0.4316 0.4384 0.406 0.4384 0.4801 0.4408 0.4361 0.5079 0.4778 0.4593 0.4893 0.3136 0.3066 0.3897 0.3666 0.3389 0.4127 0.4058 0.3734 0.4104 0.445 0.4058 0.4104 0.4727 0.4358 0.4197 0.4773 0.4589 0.4427 0.4727 0.4934
0.0 0.6231 1.0 0.4389 0.4503 0.4273 0.4803 0.5126 0.4757 0.4941 0.5632 0.5218 0.501 0.5886 0.5609 0.5263 0.577 0.5886 0.5563 0.5724 0.5978 0.5701 0.5701 0.3089 0.3134 0.3852 0.3528 0.3389 0.4177 0.3968 0.369 0.4316 0.4384 0.406 0.4384 0.4801 0.4408 0.4361 0.5079 0.4778 0.4593 0.4893 0.531 0.3066 0.3897 0.3666 0.3389 0.4127 0.4058 0.3734 0.4104 0.445 0.4058 0.4104 0.4727 0.4358 0.4197 0.4773 0.4589 0.4427 0.4727 0.4934 0.4681
0.1617 0.6093 1.0 0.4503 0.4273 0.4803 0.5126 0.4757 0.4941 0.5632 0.5218 0.501 0.5886 0.5609 0.5263 0.577 0.5886 0.5563 0.5724 0.5978 0.5701 0.5701 0.6186 0.3134 0.3852 0.3528 0.3389 0.4177 0.3968 0.369 0.4316 0.4384 0.406 0.4384 0.4801 0.4408 0.4361 0.5079 0.4778 0.4593 0.4893 0.531 0.501 0.3897 0.3666 0.3389 0.4127 0.4058 0.3734 0.4104 0.445 0.4058 0.4104 0.4727 0.4358 0.4197 0.4773 0.4589 0.4427 0.4727 0.4934 0.4681 0.4796
0.015 0.6231 1.0 0.4273 0.4803 0.5126 0.4757 0.4941 0.5632 0.5218 0.501 0.5886 0.5609 0.5263 0.577 0.5886 0.5563 0.5724 0.5978 0.5701 0.5701 0.6186 0.6231 0.3852 0.3528 0.3389 0.4177 0.3968 0.369 0.4316 0.4384 0.406 0.4384 0.4801 0.4408 0.4361 0.5079 0.4778 0.4593 0.4893 0.531 0.501 0.5126 0.3666 0.3389 0.4127 0.4058 0.3734 0.4104 0.445 0.4058 0.4104 0.4727 0.4358 0.4197 0.4773 0.4589 0.4427 0.4727 0.4934 0.4681 0.4796 0.5142
0.046 0.6853 1.0 0.4803 0.5126 0.4757 0.4941 0.5632 0.5218 0.501 0.5886 0.5609 0.5263 0.577 0.5886 0.5563 0.5724 0.5978 0.5701 0.5701 0.6186 0.6231 0.6093 0.3528 0.3389 0.4177 0.3968 0.369 0.4316 0.4384 0.406 0.4384 0.4801 0.4408 0.4361 0.5079 0.4778 0.4593 0.4893 0.531 0.501 0.5126 0.5658 0.3389 0.4127 0.4058 0.3734 0.4104 0.445 0.4058 0.4104 0.4727 0.4358 0.4197 0.4773 0.4589 0.4427 0.4727 0.4934 0.4681 0.4796 0.5142 0.528
0.046 0.6646 1.0 0.5126 0.4757 0.4941 0.5632 0.5218 0.501 0.5886 0.5609 0.5263 0.577 0.5886 0.5563 0.5724 0.5978 0.5701 0.5701 0.6186 0.6231 0.6093 0.6231 0.3389 0.4177 0.3968 0.369 0.4316 0.4384 0.406 0.4384 0.4801 0.4408 0.4361 0.5079 0.4778 0.4593 0.4893 0.531 0.501 0.5126 0.5658 0.5519 0.4127 0.4058 0.3734 0.4104 0.445 0.4058 0.4104 0.4727 0.4358 0.4197 0.4773 0.4589 0.4427 0.4727 0.4934 0.4681 0.4796 0.5142 0.528 0.5211
0.2073 0.6531 1.0 0.4757 0.4941 0.5632 0.5218 0.501 0.5886 0.5609 0.5263 0.577 0.5886 0.5563 0.5724 0.5978 0.5701 0.5701 0.6186 0.6231 0.6093 0.6231 0.6853 0.4177 0.3968 0.369 0.4316 0.4384 0.406 0.4384 0.4801 0.4408 0.4361 0.5079 0.4778 0.4593 0.4893 0.531 0.501 0.5126 0.5658 0.5519 0.5472 0.4058 0.3734 0.4104 0.445 0.4058 0.4104 0.4727 0.4358 0.4197 0.4773 0.4589 0.4427 0.4727 0.4934 0.4681 0.4796 0.5142 0.528 0.5211 0.5464
0.069 0.713 1.0 0.4941 0.5632 0.5218 0.501 0.5886 0.5609 0.5263 0.577 0.5886 0.5563 0.5724 0.5978 0.5701 0.5701 0.6186 0.6231 0.6093 0.6231 0.6853 0.6646 0.3968 0.369 0.4316 0.4384 0.406 0.4384 0.4801 0.4408 0.4361 0.5079 0.4778 0.4593 0.4893 0.531 0.501 0.5126 0.5658 0.5519 0.5472 0.575 0.3734 0.4104 0.445 0.4058 0.4104 0.4727 0.4358 0.4197 0.4773 0.4589 0.4427 0.4727 0.4934 0.4681 0.4796 0.5142 0.528 0.5211 0.5464 0.5996
0.0383 0.706 1.0 0.5632 0.5218 0.501 0.5886 0.5609 0.5263 0.577 0.5886 0.5563 0.5724 0.5978 0.5701 0.5701 0.6186 0.6231 0.6093 0.6231 0.6853 0.6646 0.6531 0.369 0.4316 0.4384 0.406 0.4384 0.4801 0.4408 0.4361 0.5079 0.4778 0.4593 0.4893 0.531 0.501 0.5126 0.5658 0.5519 0.5472 0.575 0.6098 0.4104 0.445 0.4058 0.4104 0.4727 0.4358 0.4197 0.4773 0.4589 0.4427 0.4727 0.4934 0.4681 0.4796 0.5142 0.528 0.5211 0.5464 0.5996 0.5627
0.1997 0.6784 1.0 0.5218 0.501 0.5886 0.5609 0.5263 0.577 0.5886 0.5563 0.5724 0.5978 0.5701 0.5701 0.6186 0.6231 0.6093 0.6231 0.6853 0.6646 0.6531 0.713 0.4316 0.4384 0.406 0.4384 0.4801 0.4408 0.4361 0.5079 0.4778 0.4593 0.4893 0.531 0.501 0.5126 0.5658 0.5519 0.5472 0.575 0.6098 0.5773 0.445 0.4058 0.4104 0.4727 0.4358 0.4197 0.4773 0.4589 0.4427 0.4727 0.4934 0.4681 0.4796 0.5142 0.528 0.5211 0.5464 0.5996 0.5627 0.558
0.0233 0.7152 1.0 0.501 0.5886 0.5609 0.5263 0.577 0.5886 0.5563 0.5724 0.5978 0.5701 0.5701 0.6186 0.6231 0.6093 0.6231 0.6853 0.6646 0.6531 0.713 0.706 0.4384 0.406 0.4384 0.4801 0.4408 0.4361 0.5079 0.4778 0.4593 0.4893 0.531 0.501 0.5126 0.5658 0.5519 0.5472 0.575 0.6098 0.5773 0.5797 0.4058 0.4104 0.4727 0.4358 0.4197 0.4773 0.4589 0.4427 0.4727 0.4934 0.4681 0.4796 0.5142 0.528 0.5211 0.5464 0.5996 0.5627 0.558 0.6272
0.092 0.7244 1.0 0.5886 0.5609 0.5263 0.577 0.5886 0.5563 0.5724 0.5978 0.5701 0.5701 0.6186 0.6231 0.6093 0.6231 0.6853 0.6646 0.6531 0.713 0.706 0.6784 0.406 0.4384 0.4801 0.4408 0.4361 0.5079 0.4778 0.4593 0.4893 0.531 0.501 0.5126 0.5658 0.5519 0.5472 0.575 0.6098 0.5773 0.5797 0.6259 0.4104 0.4727 0.4358 0.4197 0.4773 0.4589 0.4427 0.4727 0.4934 0.4681 0.4796 0.5142 0.528 0.5211 0.5464 0.5996 0.5627 0.558 0.6272 0.5949
0.1227 0.6922 1.0 0.5609 0.5263 0.577 0.5886 0.5563 0.5724 0.5978 0.5701 0.5701 0.6186 0.6231 0.6093 0.6231 0.6853 0.6646 0.6531 0.713 0.706 0.6784 0.7152 0.4384 0.4801 0.4408 0.4361 0.5079 0.4778 0.4593 0.4893 0.531 0.501 0.5126 0.5658 0.5519 0.5472 0.575 0.6098 0.5773 0.5797 0.6259 0.5912 0.4727 0.4358 0.4197 0.4773 0.4589 0.4427 0.4727 0.4934 0.4681 0.4796 0.5142 0.528 0.5211 0.5464 0.5996 0.5627 0.558 0.6272 0.5949 0.5742
0.0307 0.7152 1.0 0.5263 0.577 0.5886 0.5563 0.5724 0.5978 0.5701 0.5701 0.6186 0.6231 0.6093 0.6231 0.6853 0.6646 0.6531 0.713 0.706 0.6784 0.7152 0.7244 0.4801 0.4408 0.4361 0.5079 0.4778 0.4593 0.4893 0.531 0.501 0.5126 0.5658 0.5519 0.5472 0.575 0.6098 0.5773 0.5797 0.6259 0.5912 0.5797 0.4358 0.4197 0.4773 0.4589 0.4427 0.4727 0.4934 0.4681 0.4796 0.5142 0.528 0.5211 0.5464 0.5996 0.5627 0.558 0.6272 0.5949 0.5742 0.6319
0.1073 0.7429 1.0 0.577 0.5886 0.5563 0.5724 0.5978 0.5701 0.5701 0.6186 0.6231 0.6093 0.6231 0.6853 0.6646 0.6531 0.713 0.706 0.6784 0.7152 0.7244 0.6922 0.4408 0.4361 0.5079 0.4778 0.4593 0.4893 0.531 0.501 0.5126 0.5658 0.5519 0.5472 0.575 0.6098 0.5773 0.5797 0.6259 0.5912 0.5797 0.6306 0.4197 0.4773 0.4589 0.4427 0.4727 0.4934 0.4681 0.4796 0.5142 0.528 0.5211 0.5464 0.5996 0.5627 0.558 0.6272 0.5949 0.5742 0.6319 0.6088
0.0767 0.706 1.0 0.5886 0.5563 0.5724 0.5978 0.5701 0.5701 0.6186 0.6231 0.6093 0.6231 0.6853 0.6646 0.6531 0.713 0.706 0.6784 0.7152 0.7244 0.6922 0.7152 0.4361 0.5079 0.4778 0.4593 0.4893 0.531 0.501 0.5126 0.5658 0.5519 0.5472 0.575 0.6098 0.5773 0.5797 0.6259 0.5912 0.5797 0.6306 0.5981 0.4773 0.4589 0.4427 0.4727 0.4934 0.4681 0.4796 0.5142 0.528 0.5211 0.5464 0.5996 0.5627 0.558 0.6272 0.5949 0.5742 0.6319 0.6088 0.5811
0.0923 0.7199 1.0 0.5563 0.5724 0.5978 0.5701 0.5701 0.6186 0.6231 0.6093 0.6231 0.6853 0.6646 0.6531 0.713 0.706 0.6784 0.7152 0.7244 0.6922 0.7152 0.7429 0.5079 0.4778 0.4593 0.4893 0.531 0.501 0.5126 0.5658 0.5519 0.5472 0.575 0.6098 0.5773 0.5797 0.6259 0.5912 0.5797 0.6306 0.5981 0.5866 0.4589 0.4427 0.4727 0.4934 0.4681 0.4796 0.5142 0.528 0.5211 0.5464 0.5996 0.5627 0.558 0.6272 0.5949 0.5742 0.6319 0.6088 0.5811 0.6341
0.123 0.7682 1.0 0.5724 0.5978 0.5701 0.5701 0.6186 0.6231 0.6093 0.6231 0.6853 0.6646 0.6531 0.713 0.706 0.6784 0.7152 0.7244 0.6922 0.7152 0.7429 0.706 0.4778 0.4593 0.4893 0.531 0.501 0.5126 0.5658 0.5519 0.5472 0.575 0.6098 0.5773 0.5797 0.6259 0.5912 0.5797 0.6306 0.5981 0.5866 0.6329 0.4427 0.4727 0.4934 0.4681 0.4796 0.5142 0.528 0.5211 0.5464 0.5996 0.5627 0.558 0.6272 0.5949 0.5742 0.6319 0.6088 0.5811 0.6341 0.6203
0.0463 0.7268 1.0 0.5978 0.5701 0.5701 0.6186 0.6231 0.6093 0.6231 0.6853 0.6646 0.6531 0.713 0.706 0.6784 0.7152 0.7244 0.6922 0.7152 0.7429 0.706 0.7199 0.4593 0.4893 0.531 0.501 0.5126 0.5658 0.5519 0.5472 0.575 0.6098 0.5773 0.5797 0.6259 0.5912 0.5797 0.6306 0.5981 0.5866 0.6329 0.6167 0.4727 0.4934 0.4681 0.4796 0.5142 0.528 0.5211 0.5464 0.5996 0.5627 0.558 0.6272 0.5949 0.5742 0.6319 0.6088 0.5811 0.6341 0.6203 0.5903
0.161 0.7337 1.0 0.5701 0.5701 0.6186 0.6231 0.6093 0.6231 0.6853 0.6646 0.6531 0.713 0.706 0.6784 0.7152 0.7244 0.6922 0.7152 0.7429 0.706 0.7199 0.7682 0.4893 0.531 0.501 0.5126 0.5658 0.5519 0.5472 0.575 0.6098 0.5773 0.5797 0.6259 0.5912 0.5797 0.6306 0.5981 0.5866 0.6329 0.6167 0.6028 0.4934 0.4681 0.4796 0.5142 0.528 0.5211 0.5464 0.5996 0.5627 0.558 0.6272 0.5949 0.5742 0.6319 0.6088 0.5811 0.6341 0.6203 0.5903 0.6319
0.138 0.7936 1.0 0.5701 0.6186 0.6231 0.6093 0.6231 0.6853 0.6646 0.6531 0.713 0.706 0.6784 0.7152 0.7244 0.6922 0.7152 0.7429 0.706 0.7199 0.7682 0.7268 0.531 0.501 0.5126 0.5658 0.5519 0.5472 0.575 0.6098 0.5773 0.5797 0.6259 0.5912 0.5797 0.6306 0.5981 0.5866 0.6329 0.6167 0.6028 0.6468 0.4681 0.4796 0.5142 0.528 0.5211 0.5464 0.5996 0.5627 0.558 0.6272 0.5949 0.5742 0.6319 0.6088 0.5811 0.6341 0.6203 0.5903 0.6319 0.6364
0.023 0.7476 1.0 0.6186 0.6231 0.6093 0.6231 0.6853 0.6646 0.6531 0.713 0.706 0.6784 0.7152 0.7244 0.6922 0.7152 0.7429 0.706 0.7199 0.7682 0.7268 0.7337 0.501 0.5126 0.5658 0.5519 0.5472 0.575 0.6098 0.5773 0.5797 0.6259 0.5912 0.5797 0.6306 0.5981 0.5866 0.6329 0.6167 0.6028 0.6468 0.6374 0.4796 0.5142 0.528 0.5211 0.5464 0.5996 0.5627 0.558 0.6272 0.5949 0.5742 0.6319 0.6088 0.5811 0.6341 0.6203 0.5903 0.6319 0.6364 0.6041
0.1997 0.7429 1.0 0.6231 0.6093 0.6231 0.6853 0.6646 0.6531 0.713 0.706 0.6784 0.7152 0.7244 0.6922 0.7152 0.7429 0.706 0.7199 0.7682 0.7268 0.7337 0.7936 0.5126 0.5658 0.5519 0.5472 0.575 0.6098 0.5773 0.5797 0.6259 0.5912 0.5797 0.6306 0.5981 0.5866 0.6329 0.6167 0.6028 0.6468 0.6374 0.6236 0.5142 0.528 0.5211 0.5464 0.5996 0.5627 0.558 0.6272 0.5949 0.5742 0.6319 0.6088 0.5811 0.6341 0.6203 0.5903 0.6319 0.6364 0.6041 0.6341
0.1533 0.812 1.0 0.6093 0.6231 0.6853 0.6646 0.6531 0.713 0.706 0.6784 0.7152 0.7244 0.6922 0.7152 0.7429 0.706 0.7199 0.7682 0.7268 0.7337 0.7936 0.7476 0.5658 0.5519 0.5472 0.575 0.6098 0.5773 0.5797 0.6259 0.5912 0.5797 0.6306 0.5981 0.5866 0.6329 0.6167 0.6028 0.6468 0.6374 0.6236 0.663 0.528 0.5211 0.5464 0.5996 0.5627 0.558 0.6272 0.5949 0.5742 0.6319 0.6088 0.5811 0.6341 0.6203 0.5903 0.6319 0.6364 0.6041 0.6341 0.6641
0.0157 0.7637 1.0 0.6231 0.6853 0.6646 0.6531 0.713 0.706 0.6784 0.7152 0.7244 0.6922 0.7152 0.7429 0.706 0.7199 0.7682 0.7268 0.7337 0.7936 0.7476 0.7429 0.5519 0.5472 0.575 0.6098 0.5773 0.5797 0.6259 0.5912 0.5797 0.6306 0.5981 0.5866 0.6329 0.6167 0.6028 0.6468 0.6374 0.6236 0.663 0.663 0.5211 0.5464 0.5996 0.5627 0.558 0.6272 0.5949 0.5742 0.6319 0.6088 0.5811 0.6341 0.6203 0.5903 0.6319 0.6364 0.6041 0.6341 0.6641 0.6249
0.2303 0.7383 1.0 0.6853 0.6646 0.6531 0.713 0.706 0.6784 0.7152 0.7244 0.6922 0.7152 0.7429 0.706 0.7199 0.7682 0.7268 0.7337 0.7936 0.7476 0.7429 0.812 0.5472 0.575 0.6098 0.5773 0.5797 0.6259 0.5912 0.5797 0.6306 0.5981 0.5866 0.6329 0.6167 0.6028 0.6468 0.6374 0.6236 0.663 0.663 0.6352 0.5464 0.5996 0.5627 0.558 0.6272 0.5949 0.5742 0.6319 0.6088 0.5811 0.6341 0.6203 0.5903 0.6319 0.6364 0.6041 0.6341 0.6641 0.6249 0.6433
0.161 0.8097 1.0 0.6646 0.6531 0.713 0.706 0.6784 0.7152 0.7244 0.6922 0.7152 0.7429 0.706 0.7199 0.7682 0.7268 0.7337 0.7936 0.7476 0.7429 0.812 0.7637 0.575 0.6098 0.5773 0.5797 0.6259 0.5912 0.5797 0.6306 0.5981 0.5866 0.6329 0.6167 0.6028 0.6468 0.6374 0.6236 0.663 0.663 0.6352 0.6652 0.5996 0.5627 0.558 0.6272 0.5949 0.5742 0.6319 0.6088 0.5811 0.6341 0.6203 0.5903 0.6319 0.6364 0.6041 0.6341 0.6641 0.6249 0.6433 0.6988
0.0847 0.7798 1.0 0.6531 0.713 0.706 0.6784 0.7152 0.7244 0.6922 0.7152 0.7429 0.706 0.7199 0.7682 0.7268 0.7337 0.7936 0.7476 0.7429 0.812 0.7637 0.7383 0.6098 0.5773 0.5797 0.6259 0.5912 0.5797 0.6306 0.5981 0.5866 0.6329 0.6167 0.6028 0.6468 0.6374 0.6236 0.663 0.663 0.6352 0.6652 0.6769 0.5627 0.558 0.6272 0.5949 0.5742 0.6319 0.6088 0.5811 0.6341 0.6203 0.5903 0.6319 0.6364 0.6041 0.6341 0.6641 0.6249 0.6433 0.6988 0.6526
0.238 0.7476 1.0 0.713 0.706 0.6784 0.7152 0.7244 0.6922 0.7152 0.7429 0.706 0.7199 0.7682 0.7268 0.7337 0.7936 0.7476 0.7429 0.812 0.7637 0.7383 0.8097 0.5773 0.5797 0.6259 0.5912 0.5797 0.6306 0.5981 0.5866 0.6329 0.6167 0.6028 0.6468 0.6374 0.6236 0.663 0.663 0.6352 0.6652 0.6769 0.6444 0.558 0.6272 0.5949 0.5742 0.6319 0.6088 0.5811 0.6341 0.6203 0.5903 0.6319 0.6364 0.6041 0.6341 0.6641 0.6249 0.6433 0.6988 0.6526 0.6549
0.0997 0.8143 1.0 0.706 0.6784 0.7152 0.7244 0.6922 0.7152 0.7429 0.706 0.7199 0.7682 0.7268 0.7337 0.7936 0.7476 0.7429 0.812 0.7637 0.7383 0.8097 0.7798 0.5797 0.6259 0.5912 0.5797 0.6306 0.5981 0.5866 0.6329 0.6167 0.6028 0.6468 0.6374 0.6236 0.663 0.663 0.6352 0.6652 0.6769 0.6444 0.6607 0.6272 0.5949 0.5742 0.6319 0.6088 0.5811 0.6341 0.6203 0.5903 0.6319 0.6364 0.6041 0.6341 0.6641 0.6249 0.6433 0.6988 0.6526 0.6549 0.7172
0.1073 0.8004 1.0 0.6784 0.7152 0.7244 0.6922 0.7152 0.7429 0.706 0.7199 0.7682 0.7268 0.7337 0.7936 0.7476 0.7429 0.812 0.7637 0.7383 0.8097 0.7798 0.7476 0.6259 0.5912 0.5797 0.6306 0.5981 0.5866 0.6329 0.6167 0.6028 0.6468 0.6374 0.6236 0.663 0.663 0.6352 0.6652 0.6769 0.6444 0.6607 0.7069 0.5949 0.5742 0.6319 0.6088 0.5811 0.6341 0.6203 0.5903 0.6319 0.6364 0.6041 0.6341 0.6641 0.6249 0.6433 0.6988 0.6526 0.6549 0.7172 0.6688
0.2223 0.7544 1.0 0.7152 0.7244 0.6922 0.7152 0.7429 0.706 0.7199 0.7682 0.7268 0.7337 0.7936 0.7476 0.7429 0.812 0.7637 0.7383 0.8097 0.7798 0.7476 0.8143 0.5912 0.5797 0.6306 0.5981 0.5866 0.6329 0.6167 0.6028 0.6468 0.6374 0.6236 0.663 0.663 0.6352 0.6652 0.6769 0.6444 0.6607 0.7069 0.6652 0.5742 0.6319 0.6088 0.5811 0.6341 0.6203 0.5903 0.6319 0.6364 0.6041 0.6341 0.6641 0.6249 0.6433 0.6988 0.6526 0.6549 0.7172 0.6688 0.6457
0.0463 0.7959 1.0 0.7244 0.6922 0.7152 0.7429 0.706 0.7199 0.7682 0.7268 0.7337 0.7936 0.7476 0.7429 0.812 0.7637 0.7383 0.8097 0.7798 0.7476 0.8143 0.8004 0.5797 0.6306 0.5981 0.5866 0.6329 0.6167 0.6028 0.6468 0.6374 0.6236 0.663 0.663 0.6352 0.6652 0.6769 0.6444 0.6607 0.7069 0.6652 0.663 0.6319 0.6088 0.5811 0.6341 0.6203 0.5903 0.6319 0.6364 0.6041 0.6341 0.6641 0.6249 0.6433 0.6988 0.6526 0.6549 0.7172 0.6688 0.6457 0.7218
0.1533 0.812 1.0 0.6922 0.7152 0.7429 0.706 0.7199 0.7682 0.7268 0.7337 0.7936 0.7476 0.7429 0.812 0.7637 0.7383 0.8097 0.7798 0.7476 0.8143 0.8004 0.7544 0.6306 0.5981 0.5866 0.6329 0.6167 0.6028 0.6468 0.6374 0.6236 0.663 0.663 0.6352 0.6652 0.6769 0.6444 0.6607 0.7069 0.6652 0.663 0.7186 0.6088 0.5811 0.6341 0.6203 0.5903 0.6319 0.6364 0.6041 0.6341 0.6641 0.6249 0.6433 0.6988 0.6526 0.6549 0.7172 0.6688 0.6457 0.7218 0.6826
0.1383 0.759 1.0 0.7152 0.7429 0.706 0.7199 0.7682 0.7268 0.7337 0.7936 0.7476 0.7429 0.812 0.7637 0.7383 0.8097 0.7798 0.7476 0.8143 0.8004 0.7544 0.7959 0.5981 0.5866 0.6329 0.6167 0.6028 0.6468 0.6374 0.6236 0.663 0.663 0.6352 0.6652 0.6769 0.6444 0.6607 0.7069 0.6652 0.663 0.7186 0.6769 0.5811 0.6341 0.6203 0.5903 0.6319 0.6364 0.6041 0.6341 0.6641 0.6249 0.6433 0.6988 0.6526 0.6549 0.7172 0.6688 0.6457 0.7218 0.6826 0.6457
0.0537 0.7659 1.0 0.7429 0.706 0.7199 0.7682 0.7268 0.7337 0.7936 0.7476 0.7429 0.812 0.7637 0.7383 0.8097 0.7798 0.7476 0.8143 0.8004 0.7544 0.7959 0.812 0.5866 0.6329 0.6167 0.6028 0.6468 0.6374 0.6236 0.663 0.663 0.6352 0.6652 0.6769 0.6444 0.6607 0.7069 0.6652 0.663 0.7186 0.6769 0.6513 0.6341 0.6203 0.5903 0.6319 0.6364 0.6041 0.6341 0.6641 0.6249 0.6433 0.6988 0.6526 0.6549 0.7172 0.6688 0.6457 0.7218 0.6826 0.6457 0.7102
0.1767 0.8097 1.0 0.706 0.7199 0.7682 0.7268 0.7337 0.7936 0.7476 0.7429 0.812 0.7637 0.7383 0.8097 0.7798 0.7476 0.8143 0.8004 0.7544 0.7959 0.812 0.759 0.6329 0.6167 0.6028 0.6468 0.6374 0.6236 0.663 0.663 0.6352 0.6652 0.6769 0.6444 0.6607 0.7069 0.6652 0.663 0.7186 0.6769 0.6513 0.7186 0.6203 0.5903 0.6319 0.6364 0.6041 0.6341 0.6641 0.6249 0.6433 0.6988 0.6526 0.6549 0.7172 0.6688 0.6457 0.7218 0.6826 0.6457 0.7102 0.6896
0.023 0.759 1.0 0.7199 0.7682 0.7268 0.7337 0.7936 0.7476 0.7429 0.812 0.7637 0.7383 0.8097 0.7798 0.7476 0.8143 0.8004 0.7544 0.7959 0.812 0.759 0.7659 0.6167 0.6028 0.6468 0.6374 0.6236 0.663 0.663 0.6352 0.6652 0.6769 0.6444 0.6607 0.7069 0.6652 0.663 0.7186 0.6769 0.6513 0.7186 0.6814 0.5903 0.6319 0.6364 0.6041 0.6341 0.6641 0.6249 0.6433 0.6988 0.6526 0.6549 0.7172 0.6688 0.6457 0.7218 0.6826 0.6457 0.7102 0.6896 0.6433
0.146 0.7383 1.0 0.7682 0.7268 0.7337 0.7936 0.7476 0.7429 0.812 0.7637 0.7383 0.8097 0.7798 0.7476 0.8143 0.8004 0.7544 0.7959 0.812 0.759 0.7659 0.8097 0.6028 0.6468 0.6374 0.6236 0.663 0.663 0.6352 0.6652 0.6769 0.6444 0.6607 0.7069 0.6652 0.663 0.7186 0.6769 0.6513 0.7186 0.6814 0.6468 0.6319 0.6364 0.6041 0.6341 0.6641 0.6249 0.6433 0.6988 0.6526 0.6549 0.7172 0.6688 0.6457 0.7218 0.6826 0.6457 0.7102 0.6896 0.6433 0.6757
0.169 0.8028 1.0 0.7268 0.7337 0.7936 0.7476 0.7429 0.812 0.7637 0.7383 0.8097 0.7798 0.7476 0.8143 0.8004 0.7544 0.7959 0.812 0.759 0.7659 0.8097 0.759 0.6468 0.6374 0.6236 0.663 0.663 0.6352 0.6652 0.6769 0.6444 0.6607 0.7069 0.6652 0.663 0.7186 0.6769 0.6513 0.7186 0.6814 0.6468 0.6953 0.6364 0.6041 0.6341 0.6641 0.6249 0.6433 0.6988 0.6526 0.6549 0.7172 0.6688 0.6457 0.7218 0.6826 0.6457 0.7102 0.6896 0.6433 0.6757 0.6872
0.069 0.759 1.0 0.7337 0.7936 0.7476 0.7429 0.812 0.7637 0.7383 0.8097 0.7798 0.7476 0.8143 0.8004 0.7544 0.7959 0.812 0.759 0.7659 0.8097 0.759 0.7383 0.6374 0.6236 0.663 0.663 0.6352 0.6652 0.6769 0.6444 0.6607 0.7069 0.6652 0.663 0.7186 0.6769 0.6513 0.7186 0.6814 0.6468 0.6953 0.6861 0.6041 0.6341 0.6641 0.6249 0.6433 0.6988 0.6526 0.6549 0.7172 0.6688 0.6457 0.7218 0.6826 0.6457 0.7102 0.6896 0.6433 0.6757 0.6872 0.6411
0.215 0.7221 1.0 0.7936 0.7476 0.7429 0.812 0.7637 0.7383 0.8097 0.7798 0.7476 0.8143 0.8004 0.7544 0.7959 0.812 0.759 0.7659 0.8097 0.759 0.7383 0.8028 0.6236 0.663 0.663 0.6352 0.6652 0.6769 0.6444 0.6607 0.7069 0.6652 0.663 0.7186 0.6769 0.6513 0.7186 0.6814 0.6468 0.6953 0.6861 0.6468 0.6341 0.6641 0.6249 0.6433 0.6988 0.6526 0.6549 0.7172 0.6688 0.6457 0.7218 0.6826 0.6457 0.7102 0.6896 0.6433 0.6757 0.6872 0.6411 0.6364
0.146 0.7774 1.0 0.7476 0.7429 0.812 0.7637 0.7383 0.8097 0.7798 0.7476 0.8143 0.8004 0.7544 0.7959 0.812 0.759 0.7659 0.8097 0.759 0.7383 0.8028 0.759 0.663 0.663 0.6352 0.6652 0.6769 0.6444 0.6607 0.7069 0.6652 0.663 0.7186 0.6769 0.6513 0.7186 0.6814 0.6468 0.6953 0.6861 0.6468 0.6652 0.6641 0.6249 0.6433 0.6988 0.6526 0.6549 0.7172 0.6688 0.6457 0.7218 0.6826 0.6457 0.7102 0.6896 0.6433 0.6757 0.6872 0.6411 0.6364 0.6826
0.123 0.7521 1.0 0.7429 0.812 0.7637 0.7383 0.8097 0.7798 0.7476 0.8143 0.8004 0.7544 0.7959 0.812 0.759 0.7659 0.8097 0.759 0.7383 0.8028 0.759 0.7221 0.663 0.6352 0.6652 0.6769 0.6444 0.6607 0.7069 0.6652 0.663 0.7186 0.6769 0.6513 0.7186 0.6814 0.6468 0.6953 0.6861 0.6468 0.6652 0.693 0.6249 0.6433 0.6988 0.6526 0.6549 0.7172 0.6688 0.6457 0.7218 0.6826 0.6457 0.7102 0.6896 0.6433 0.6757 0.6872 0.6411 0.6364 0.6826 0.6388
0.1843 0.7199 1.0 0.812 0.7637 0.7383 0.8097 0.7798 0.7476 0.8143 0.8004 0.7544 0.7959 0.812 0.759 0.7659 0.8097 0.759 0.7383 0.8028 0.759 0.7221 0.7774 0.6352 0.6652 0.6769 0.6444 0.6607 0.7069 0.6652 0.663 0.7186 0.6769 0.6513 0.7186 0.6814 0.6468 0.6953 0.6861 0.6468 0.6652 0.693 0.6491 0.6433 0.6988 0.6526 0.6549 0.7172 0.6688 0.6457 0.7218 0.6826 0.6457 0.7102 0.6896 0.6433 0.6757 0.6872 0.6411 0.6364 0.6826 0.6388 0.6111
0.0843 0.6899 1.0 0.7637 0.7383 0.8097 0.7798 0.7476 0.8143 0.8004 0.7544 0.7959 0.812 0.759 0.7659 0.8097 0.759 0.7383 0.8028 0.759 0.7221 0.7774 0.7521 0.6652 0.6769 0.6444 0.6607 0.7069 0.6652 0.663 0.7186 0.6769 0.6513 0.7186 0.6814 0.6468 0.6953 0.6861 0.6468 0.6652 0.693 0.6491 0.6444 0.6988 0.6526 0.6549 0.7172 0.6688 0.6457 0.7218 0.6826 0.6457 0.7102 0.6896 0.6433 0.6757 0.6872 0.6411 0.6364 0.6826 0.6388 0.6111 0.6618
0.1073 0.6669 1.0 0.7383 0.8097 0.7798 0.7476 0.8143 0.8004 0.7544 0.7959 0.812 0.759 0.7659 0.8097 0.759 0.7383 0.8028 0.759 0.7221 0.7774 0.7521 0.7199 0.6769 0.6444 0.6607 0.7069 0.6652 0.663 0.7186 0.6769 0.6513 0.7186 0.6814 0.6468 0.6953 0.6861 0.6468 0.6652 0.693 0.6491 0.6444 0.6861 0.6526 0.6549 0.7172 0.6688 0.6457 0.7218 0.6826 0.6457 0.7102 0.6896 0.6433 0.6757 0.6872 0.6411 0.6364 0.6826 0.6388 0.6111 0.6618 0.6341
0.1 0.6553 1.0 0.8097 0.7798 0.7476 0.8143 0.8004 0.7544 0.7959 0.812 0.759 0.7659 0.8097 0.759 0.7383 0.8028 0.759 0.7221 0.7774 0.7521 0.7199 0.6899 0.6444 0.6607 0.7069 0.6652 0.663 0.7186 0.6769 0.6513 0.7186 0.6814 0.6468 0.6953 0.6861 0.6468 0.6652 0.693 0.6491 0.6444 0.6861 0.656 0.6549 0.7172 0.6688 0.6457 0.7218 0.6826 0.6457 0.7102 0.6896 0.6433 0.6757 0.6872 0.6411 0.6364 0.6826 0.6388 0.6111 0.6618 0.6341 0.6088
0.0767 0.63 1.0 0.7798 0.7476 0.8143 0.8004 0.7544 0.7959 0.812 0.759 0.7659 0.8097 0.759 0.7383 0.8028 0.759 0.7221 0.7774 0.7521 0.7199 0.6899 0.6669 0.6607 0.7069 0.6652 0.663 0.7186 0.6769 0.6513 0.7186 0.6814 0.6468 0.6953 0.6861 0.6468 0.6652 0.693 0.6491 0.6444 0.6861 0.656 0.6236 0.7172 0.6688 0.6457 0.7218 0.6826 0.6457 0.7102 0.6896 0.6433 0.6757 0.6872 0.6411 0.6364 0.6826 0.6388 0.6111 0.6618 0.6341 0.6088 0.5834
0.0387 0.6116 1.0 0.7476 0.8143 0.8004 0.7544 0.7959 0.812 0.759 0.7659 0.8097 0.759 0.7383 0.8028 0.759 0.7221 0.7774 0.7521 0.7199 0.6899 0.6669 0.6553 0.7069 0.6652 0.663 0.7186 0.6769 0.6513 0.7186 0.6814 0.6468 0.6953 0.6861 0.6468 0.6652 0.693 0.6491 0.6444 0.6861 0.656 0.6236 0.5936 0.6688 0.6457 0.7218 0.6826 0.6457 0.7102 0.6896 0.6433 0.6757 0.6872 0.6411 0.6364 0.6826 0.6388 0.6111 0.6618 0.6341 0.6088 0.5834 0.5672
0.0843 0.6001 1.0 0.8143 0.8004 0.7544 0.7959 0.812 0.759 0.7659 0.8097 0.759 0.7383 0.8028 0.759 0.7221 0.7774 0.7521 0.7199 0.6899 0.6669 0.6553 0.63 0.6652 0.663 0.7186 0.6769 0.6513 0.7186 0.6814 0.6468 0.6953 0.6861 0.6468 0.6652 0.693 0.6491 0.6444 0.6861 0.656 0.6236 0.5936 0.575 0.6457 0.7218 0.6826 0.6457 0.7102 0.6896 0.6433 0.6757 0.6872 0.6411 0.6364 0.6826 0.6388 0.6111 0.6618 0.6341 0.6088 0.5834 0.5672 0.5534
0.0613 0.584 1.0 0.8004 0.7544 0.7959 0.812 0.759 0.7659 0.8097 0.759 0.7383 0.8028 0.759 0.7221 0.7774 0.7521 0.7199 0.6899 0.6669 0.6553 0.63 0.6116 0.663 0.7186 0.6769 0.6513 0.7186 0.6814 0.6468 0.6953 0.6861 0.6468 0.6652 0.693 0.6491 0.6444 0.6861 0.656 0.6236 0.5936 0.575 0.5542 0.7218 0.6826 0.6457 0.7102 0.6896 0.6433 0.6757 0.6872 0.6411 0.6364 0.6826 0.6388 0.6111 0.6618 0.6341 0.6088 0.5834 0.5672 0.5534 0.5327
0.0383 0.5609 1.0 0.7544 0.7959 0.812 0.759 0.7659 0.8097 0.759 0.7383 0.8028 0.759 0.7221 0.7774 0.7521 0.7199 0.6899 0.6669 0.6553 0.63 0.6116 0.6001 0.7186 0.6769 0.6513 0.7186 0.6814 0.6468 0.6953 0.6861 0.6468 0.6652 0.693 0.6491 0.6444 0.6861 0.656 0.6236 0.5936 0.575 0.5542 0.5287 0.6826 0.6457 0.7102 0.6896 0.6433 0.6757 0.6872 0.6411 0.6364 0.6826 0.6388 0.6111 0.6618 0.6341 0.6088 0.5834 0.5672 0.5534 0.5327 0.5142
0.0537 0.554 1.0 0.7959 0.812 0.759 0.7659 0.8097 0.759 0.7383 0.8028 0.759 0.7221 0.7774 0.7521 0.7199 0.6899 0.6669 0.6553 0.63 0.6116 0.6001 0.584 0.6769 0.6513 0.7186 0.6814 0.6468 0.6953 0.6861 0.6468 0.6652 0.693 0.6491 0.6444 0.6861 0.656 0.6236 0.5936 0.575 0.5542 0.5287 0.5126 0.6457 0.7102 0.6896 0.6433 0.6757 0.6872 0.6411 0.6364 0.6826 0.6388 0.6111 0.6618 0.6341 0.6088 0.5834 0.5672 0.5534 0.5327 0.5142 0.505
0.077 0.5402 1.0 0.812 0.759 0.7659 0.8097 0.759 0.7383 0.8028 0.759 0.7221 0.7774 0.7521 0.7199 0.6899 0.6669 0.6553 0.63 0.6116 0.6001 0.584 0.5609 0.6513 0.7186 0.6814 0.6468 0.6953 0.6861 0.6468 0.6652 0.693 0.6491 0.6444 0.6861 0.656 0.6236 0.5936 0.575 0.5542 0.5287 0.5126 0.501 0.7102 0.6896 0.6433 0.6757 0.6872 0.6411 0.6364 0.6826 0.6388 0.6111 0.6618 0.6341 0.6088 0.5834 0.5672 0.5534 0.5327 0.5142 0.505 0.4842
0.023 0.5194 1.0 0.759 0.7659 0.8097 0.759 0.7383 0.8028 0.759 0.7221 0.7774 0.7521 0.7199 0.6899 0.6669 0.6553 0.63 0.6116 0.6001 0.584 0.5609 0.554 0.7186 0.6814 0.6468 0.6953 0.6861 0.6468 0.6652 0.693 0.6491 0.6444 0.6861 0.656 0.6236 0.5936 0.575 0.5542 0.5287 0.5126 0.501 0.4778 0.6896 0.6433 0.6757 0.6872 0.6411 0.6364 0.6826 0.6388 0.6111 0.6618 0.6341 0.6088 0.5834 0.5672 0.5534 0.5327 0.5142 0.505 0.4842 0.4658
0.046 0.5149 1.0 0.7659 0.8097 0.759 0.7383 0.8028 0.759 0.7221 0.7774 0.7521 0.7199 0.6899 0.6669 0.6553 0.63 0.6116 0.6001 0.584 0.5609 0.554 0.5402 0.6814 0.6468 0.6953 0.6861 0.6468 0.6652 0.693 0.6491 0.6444 0.6861 0.656 0.6236 0.5936 0.575 0.5542 0.5287 0.5126 0.501 0.4778 0.4616 0.6433 0.6757 0.6872 0.6411 0.6364 0.6826 0.6388 0.6111 0.6618 0.6341 0.6088 0.5834 0.5672 0.5534 0.5327 0.5142 0.505 0.4842 0.4658 0.4611
0.0693 0.5102 1.0 0.8097 0.759 0.7383 0.8028 0.759 0.7221 0.7774 0.7521 0.7199 0.6899 0.6669 0.6553 0.63 0.6116 0.6001 0.584 0.5609 0.554 0.5402 0.5194 0.6468 0.6953 0.6861 0.6468 0.6652 0.693 0.6491 0.6444 0.6861 0.656 0.6236 0.5936 0.575 0.5542 0.5287 0.5126 0.501 0.4778 0.4616 0.4547 0.6757 0.6872 0.6411 0.6364 0.6826 0.6388 0.6111 0.6618 0.6341 0.6088 0.5834 0.5672 0.5534 0.5327 0.5142 0.505 0.4842 0.4658 0.4611 0.4427
0.015 0.4896 1.0 0.759 0.7383 0.8028 0.759 0.7221 0.7774 0.7521 0.7199 0.6899 0.6669 0.6553 0.63 0.6116 0.6001 0.584 0.5609 0.554 0.5402 0.5194 0.5149 0.6953 0.6861 0.6468 0.6652 0.693 0.6491 0.6444 0.6861 0.656 0.6236 0.5936 0.575 0.5542 0.5287 0.5126 0.501 0.4778 0.4616 0.4547 0.4361 0.6872 0.6411 0.6364 0.6826 0.6388 0.6111 0.6618 0.6341 0.6088 0.5834 0.5672 0.5534 0.5327 0.5142 0.505 0.4842 0.4658 0.4611 0.4427 0.4266
0.0157 0.4827 1.0 0.7383 0.8028 0.759 0.7221 0.7774 0.7521 0.7199 0.6899 0.6669 0.6553 0.63 0.6116 0.6001 0.584 0.5609 0.554 0.5402 0.5194 0.5149 0.5102 0.6861 0.6468 0.6652 0.693 0.6491 0.6444 0.6861 0.656 0.6236 0.5936 0.575 0.5542 0.5287 0.5126 0.501 0.4778 0.4616 0.4547 0.4361 0.4199 0.6411 0.6364 0.6826 0.6388 0.6111 0.6618 0.6341 0.6088 0.5834 0.5672 0.5534 0.5327 0.5142 0.505 0.4842 0.4658 0.4611 0.4427 0.4266 0.4266
0.0687 0.4849 1.0 0.8028 0.759 0.7221 0.7774 0.7521 0.7199 0.6899 0.6669 0.6553 0.63 0.6116 0.6001 0.584 0.5609 0.554 0.5402 0.5194 0.5149 0.5102 0.4896 0.6468 0.6652 0.693 0.6491 0.6444 0.6861 0.656 0.6236 0.5936 0.575 0.5542 0.5287 0.5126 0.501 0.4778 0.4616 0.4547 0.4361 0.4199 0.4199 0.6364 0.6826 0.6388 0.6111 0.6618 0.6341 0.6088 0.5834 0.5672 0.5534 0.5327 0.5142 0.505 0.4842 0.4658 0.4611 0.4427 0.4266 0.4266 0.415
0.023 0.4664 1.0 0.759 0.7221 0.7774 0.7521 0.7199 0.6899 0.6669 0.6553 0.63 0.6116 0.6001 0.584 0.5609 0.554 0.5402 0.5194 0.5149 0.5102 0.4896 0.4827 0.6652 0.693 0.6491 0.6444 0.6861 0.656 0.6236 0.5936 0.575 0.5542 0.5287 0.5126 0.501 0.4778 0.4616 0.4547 0.4361 0.4199 0.4199 0.4038 0.6826 0.6388 0.6111 0.6618 0.6341 0.6088 0.5834 0.5672 0.5534 0.5327 0.5142 0.505 0.4842 0.4658 0.4611 0.4427 0.4266 0.4266 0.415 0.3942
0.0073 0.455 1.0 0.7221 0.7774 0.7521 0.7199 0.6899 0.6669 0.6553 0.63 0.6116 0.6001 0.584 0.5609 0.554 0.5402 0.5194 0.5149 0.5102 0.4896 0.4827 0.4849 0.693 0.6491 0.6444 0.6861 0.656 0.6236 0.5936 0.575 0.5542 0.5287 0.5126 0.501 0.4778 0.4616 0.4547 0.4361 0.4199 0.4199 0.4038 0.3876 0.6388 0.6111 0.6618 0.6341 0.6088 0.5834 0.5672 0.5534 0.5327 0.5142 0.505 0.4842 0.4658 0.4611 0.4427 0.4266 0.4266 0.415 0.3942 0.3942
0.0617 0.4573 1.0 0.7774 0.7521 0.7199 0.6899 0.6669 0.6553 0.63 0.6116 0.6001 0.584 0.5609 0.554 0.5402 0.5194 0.5149 0.5102 0.4896 0.4827 0.4849 0.4664 0.6491 0.6444 0.6861 0.656 0.6236 0.5936 0.575 0.5542 0.5287 0.5126 0.501 0.4778 0.4616 0.4547 0.4361 0.4199 0.4199 0.4038 0.3876 0.3852 0.6111 0.6618 0.6341 0.6088 0.5834 0.5672 0.5534 0.5327 0.5142 0.505 0.4842 0.4658 0.4611 0.4427 0.4266 0.4266 0.415 0.3942 0.3942 0.3919
0.038 0.4434 1.0 0.7521 0.7199 0.6899 0.6669 0.6553 0.63 0.6116 0.6001 0.584 0.5609 0.554 0.5402 0.5194 0.5149 0.5102 0.4896 0.4827 0.4849 0.4664 0.455 0.6444 0.6861 0.656 0.6236 0.5936 0.575 0.5542 0.5287 0.5126 0.501 0.4778 0.4616 0.4547 0.4361 0.4199 0.4199 0.4038 0.3876 0.3852 0.3783 0.6618 0.6341 0.6088 0.5834 0.5672 0.5534 0.5327 0.5142 0.505 0.4842 0.4658 0.4611 0.4427 0.4266 0.4266 0.415 0.3942 0.3942 0.3919 0.3712
0.0077 0.4297 1.0 0.7199 0.6899 0.6669 0.6553 0.63 0.6116 0.6001 0.584 0.5609 0.554 0.5402 0.5194 0.5149 0.5102 0.4896 0.4827 0.4849 0.4664 0.455 0.4573 0.6861 0.656 0.6236 0.5936 0.575 0.5542 0.5287 0.5126 0.501 0.4778 0.4616 0.4547 0.4361 0.4199 0.4199 0.4038 0.3876 0.3852 0.3783 0.3621 0.6341 0.6088 0.5834 0.5672 0.5534 0.5327 0.5142 0.505 0.4842 0.4658 0.4611 0.4427 0.4266 0.4266 0.415 0.3942 0.3942 0.3919 0.3712 0.3666
0.0463 0.4273 1.0 0.6899 0.6669 0.6553 0.63 0.6116 0.6001 0.584 0.5609 0.554 0.5402 0.5194 0.5149 0.5102 0.4896 0.4827 0.4849 0.4664 0.455 0.4573 0.4434 0.656 0.6236 0.5936 0.575 0.5542 0.5287 0.5126 0.501 0.4778 0.4616 0.4547 0.4361 0.4199 0.4199 0.4038 0.3876 0.3852 0.3783 0.3621 0.3551 0.6088 0.5834 0.5672 0.5534 0.5327 0.5142 0.505 0.4842 0.4658 0.4611 0.4427 0.4266 0.4266 0.415 0.3942 0.3942 0.3919 0.3712 0.3666 0.362
0.0457 0.4158 1.0 0.6669 0.6553 0.63 0.6116 0.6001 0.584 0.5609 0.554 0.5402 0.5194 0.5149 0.5102 0.4896 0.4827 0.4849 0.4664 0.455 0.4573 0.4434 0.4297 0.6236 0.5936 0.575 0.5542 0.5287 0.5126 0.501 0.4778 0.4616 0.4547 0.4361 0.4199 0.4199 0.4038 0.3876 0.3852 0.3783 0.3621 0.3551 0.3482 0.5834 0.5672 0.5534 0.5327 0.5142 0.505 0.4842 0.4658 0.4611 0.4427 0.4266 0.4266 0.415 0.3942 0.3942 0.3919 0.3712 0.3666 0.362 0.3458
0.008 0.402 1.0 0.6553 0.63 0.6116 0.6001 0.584 0.5609 0.554 0.5402 0.5194 0.5149 0.5102 0.4896 0.4827 0.4849 0.4664 0.455 0.4573 0.4434 0.4297 0.4273 0.5936 0.575 0.5542 0.5287 0.5126 0.501 0.4778 0.4616 0.4547 0.4361 0.4199 0.4199 0.4038 0.3876 0.3852 0.3783 0.3621 0.3551 0.3482 0.3343 0.5672 0.5534 0.5327 0.5142 0.505 0.4842 0.4658 0.4611 0.4427 0.4266 0.4266 0.415 0.3942 0.3942 0.3919 0.3712 0.3666 0.362 0.3458 0.3342
0.0383 0.3974 1.0 0.63 0.6116 0.6001 0.584 0.5609 0.554 0.5402 0.5194 0.5149 0.5102 0.4896 0.4827 0.4849 0.4664 0.455 0.4573 0.4434 0.4297 0.4273 0.4158 0.575 0.5542 0.5287 0.5126 0.501 0.4778 0.4616 0.4547 0.4361 0.4199 0.4199 0.4038 0.3876 0.3852 0.3783 0.3621 0.3551 0.3482 0.3343 0.325 0.5534 0.5327 0.5142 0.505 0.4842 0.4658 0.4611 0.4427 0.4266 0.4266 0.415 0.3942 0.3942 0.3919 0.3712 0.3666 0.362 0.3458 0.3342 0.332
0.046 0.3882 1.0 0.6116 0.6001 0.584 0.5609 0.554 0.5402 0.5194 0.5149 0.5102 0.4896 0.4827 0.4849 0.4664 0.455 0.4573 0.4434 0.4297 0.4273 0.4158 0.402 0.5542 0.5287 0.5126 0.501 0.4778 0.4616 0.4547 0.4361 0.4199 0.4199 0.4038 0.3876 0.3852 0.3783 0.3621 0.3551 0.3482 0.3343 0.325 0.3181 0.5327 0.5142 0.505 0.4842 0.4658 0.4611 0.4427 0.4266 0.4266 0.415 0.3942 0.3942 0.3919 0.3712 0.3666 0.362 0.3458 0.3342 0.332 0.3181
0.0153 0.3767 1.0 0.6001 0.584 0.5609 0.554 0.5402 0.5194 0.5149 0.5102 0.4896 0.4827 0.4849 0.4664 0.455 0.4573 0.4434 0.4297 0.4273 0.4158 0.402 0.3974 0.5287 0.5126 0.501 0.4778 0.4616 0.4547 0.4361 0.4199 0.4199 0.4038 0.3876 0.3852 0.3783 0.3621 0.3551 0.3482 0.3343 0.325 0.3181 0.3066 0.5142 0.505 0.4842 0.4658 0.4611 0.4427 0.4266 0.4266 0.415 0.3942 0.3942 0.3919 0.3712 0.3666 0.362 0.3458 0.3342 0.332 0.3181 0.3089
0.0307 0.3674 1.0 0.584 0.5609 0.554 0.5402 0.5194 0.5149 0.5102 0.4896 0.4827 0.4849 0.4664 0.455 0.4573 0.4434 0.4297 0.4273 0.4158 0.402 0.3974 0.3882 0.5126 0.501 0.4778 0.4616 0.4547 0.4361 0.4199 0.4199 0.4038 0.3876 0.3852 0.3783 0.3621 0.3551 0.3482 0.3343 0.325 0.3181 0.3066 0.2972 0.505 0.4842 0.4658 0.4611 0.4427 0.4266 0.4266 0.415 0.3942 0.3942 0.3919 0.3712 0.3666 0.362 0.3458 0.3342 0.332 0.3181 0.3089 0.302
0.0383 0.3606 1.0 0.5609 0.554 0.5402 0.5194 0.5149 0.5102 0.4896 0.4827 0.4849 0.4664 0.455 0.4573 0.4434 0.4297 0.4273 0.4158 0.402 0.3974 0.3882 0.3767 0.501 0.4778 0.4616 0.4547 0.4361 0.4199 0.4199 0.4038 0.3876 0.3852 0.3783 0.3621 0.3551 0.3482 0.3343 0.325 0.3181 0.3066 0.2972 0.2903 0.4842 0.4658 0.4611 0.4427 0.4266 0.4266 0.415 0.3942 0.3942 0.3919 0.3712 0.3666 0.362 0.3458 0.3342 0.332 0.3181 0.3089 0.302 0.2951
0.031 0.349 1.0 0.554 0.5402 0.5194 0.5149 0.5102 0.4896 0.4827 0.4849 0.4664 0.455 0.4573 0.4434 0.4297 0.4273 0.4158 0.402 0.3974 0.3882 0.3767 0.3674 0.4778 0.4616 0.4547 0.4361 0.4199 0.4199 0.4038 0.3876 0.3852 0.3783 0.3621 0.3551 0.3482 0.3343 0.325 0.3181 0.3066 0.2972 0.2903 0.2811 0.4658 0.4611 0.4427 0.4266 0.4266 0.415 0.3942 0.3942 0.3919 0.3712 0.3666 0.362 0.3458 0.3342 0.332 0.3181 0.3089 0.302 0.2951 0.2836
0.0227 0.3651 1.0 0.5402 0.5194 0.5149 0.5102 0.4896 0.4827 0.4849 0.4664 0.455 0.4573 0.4434 0.4297 0.4273 0.4158 0.402 0.3974 0.3882 0.3767 0.3674 0.3606 0.4616 0.4547 0.4361 0.4199 0.4199 0.4038 0.3876 0.3852 0.3783 0.3621 0.3551 0.3482 0.3343 0.325 0.3181 0.3066 0.2972 0.2903 0.2811 0.2694 0.4611 0.4427 0.4266 0.4266 0.415 0.3942 0.3942 0.3919 0.3712 0.3666 0.362 0.3458 0.3342 0.332 0.3181 0.3089 0.302 0.2951 0.2836 0.2743
0.0387 0.3582 1.0 0.5194 0.5149 0.5102 0.4896 0.4827 0.4849 0.4664 0.455 0.4573 0.4434 0.4297 0.4273 0.4158 0.402 0.3974 0.3882 0.3767 0.3674 0.3606 0.349 0.4547 0.4361 0.4199 0.4199 0.4038 0.3876 0.3852 0.3783 0.3621 0.3551 0.3482 0.3343 0.325 0.3181 0.3066 0.2972 0.2903 0.2811 0.2694 0.2626 0.4427 0.4266 0.4266 0.415 0.3942 0.3942 0.3919 0.3712 0.3666 0.362 0.3458 0.3342 0.332 0.3181 0.3089 0.302 0.2951 0.2836 0.2743 0.2673
0.0537 0.3698 1.0 0.5149 0.5102 0.4896 0.4827 0.4849 0.4664 0.455 0.4573 0.4434 0.4297 0.4273 0.4158 0.402 0.3974 0.3882 0.3767 0.3674 0.3606 0.349 0.3651 0.4361 0.4199 0.4199 0.4038 0.3876 0.3852 0.3783 0.3621 0.3551 0.3482 0.3343 0.325 0.3181 0.3066 0.2972 0.2903 0.2811 0.2694 0.2626 0.2557 0.4266 0.4266 0.415 0.3942 0.3942 0.3919 0.3712 0.3666 0.362 0.3458 0.3342 0.332 0.3181 0.3089 0.302 0.2951 0.2836 0.2743 0.2673 0.302
0.023 0.4688 1.0 0.5102 0.4896 0.4827 0.4849 0.4664 0.455 0.4573 0.4434 0.4297 0.4273 0.4158 0.402 0.3974 0.3882 0.3767 0.3674 0.3606 0.349 0.3651 0.3582 0.4199 0.4199 0.4038 0.3876 0.3852 0.3783 0.3621 0.3551 0.3482 0.3343 0.325 0.3181 0.3066 0.2972 0.2903 0.2811 0.2694 0.2626 0.2557 0.3111 0.4266 0.415 0.3942 0.3942 0.3919 0.3712 0.3666 0.362 0.3458 0.3342 0.332 0.3181 0.3089 0.302 0.2951 0.2836 0.2743 0.2673 0.302 0.3412
0.0387 0.4434 1.0 0.4896 0.4827 0.4849 0.4664 0.455 0.4573 0.4434 0.4297 0.4273 0.4158 0.402 0.3974 0.3882 0.3767 0.3674 0.3606 0.349 0.3651 0.3582 0.3698 0.4199 0.4038 0.3876 0.3852 0.3783 0.3621 0.3551 0.3482 0.3343 0.325 0.3181 0.3066 0.2972 0.2903 0.2811 0.2694 0.2626 0.2557 0.3111 0.325 0.415 0.3942 0.3942 0.3919 0.3712 0.3666 0.362 0.3458 0.3342 0.332 0.3181 0.3089 0.302 0.2951 0.2836 0.2743 0.2673 0.302 0.3412 0.3112
0.33 0.425 1.0 0.4827 0.4849 0.4664 0.455 0.4573 0.4434 0.4297 0.4273 0.4158 0.402 0.3974 0.3882 0.3767 0.3674 0.3606 0.349 0.3651 0.3582 0.3698 0.4688 0.4038 0.3876 0.3852 0.3783 0.3621 0.3551 0.3482 0.3343 0.325 0.3181 0.3066 0.2972 0.2903 0.2811 0.2694 0.2626 0.2557 0.3111 0.325 0.3042 0.3942 0.3942 0.3919 0.3712 0.3666 0.362 0.3458 0.3342 0.332 0.3181 0.3089 0.302 0.2951 0.2836 0.2743 0.2673 0.302 0.3412 0.3112 0.3342
0.0847 0.5149 1.0 0.4849 0.4664 0.455 0.4573 0.4434 0.4297 0.4273 0.4158 0.402 0.3974 0.3882 0.3767 0.3674 0.3606 0.349 0.3651 0.3582 0.3698 0.4688 0.4434 0.3876 0.3852 0.3783 0.3621 0.3551 0.3482 0.3343 0.325 0.3181 0.3066 0.2972 0.2903 0.2811 0.2694 0.2626 0.2557 0.3111 0.325 0.3042 0.3459 0.3942 0.3919 0.3712 0.3666 0.362 0.3458 0.3342 0.332 0.3181 0.3089 0.302 0.2951 0.2836 0.2743 0.2673 0.302 0.3412 0.3112 0.3342 0.3966
0.0613 0.501 1.0 0.4664 0.455 0.4573 0.4434 0.4297 0.4273 0.4158 0.402 0.3974 0.3882 0.3767 0.3674 0.3606 0.349 0.3651 0.3582 0.3698 0.4688 0.4434 0.425 0.3852 0.3783 0.3621 0.3551 0.3482 0.3343 0.325 0.3181 0.3066 0.2972 0.2903 0.2811 0.2694 0.2626 0.2557 0.3111 0.325 0.3042 0.3459 0.3783 0.3919 0.3712 0.3666 0.362 0.3458 0.3342 0.332 0.3181 0.3089 0.302 0.2951 0.2836 0.2743 0.2673 0.302 0.3412 0.3112 0.3342 0.3966 0.3573
0.2997 0.4688 1.0 0.455 0.4573 0.4434 0.4297 0.4273 0.4158 0.402 0.3974 0.3882 0.3767 0.3674 0.3606 0.349 0.3651 0.3582 0.3698 0.4688 0.4434 0.425 0.5149 0.3783 0.3621 0.3551 0.3482 0.3343 0.325 0.3181 0.3066 0.2972 0.2903 0.2811 0.2694 0.2626 0.2557 0.3111 0.325 0.3042 0.3459 0.3783 0.3482 0.3712 0.3666 0.362 0.3458 0.3342 0.332 0.3181 0.3089 0.302 0.2951 0.2836 0.2743 0.2673 0.302 0.3412 0.3112 0.3342 0.3966 0.3573 0.3528
0.0463 0.5379 1.0 0.4573 0.4434 0.4297 0.4273 0.4158 0.402 0.3974 0.3882 0.3767 0.3674 0.3606 0.349 0.3651 0.3582 0.3698 0.4688 0.4434 0.425 0.5149 0.501 0.3621 0.3551 0.3482 0.3343 0.325 0.3181 0.3066 0.2972 0.2903 0.2811 0.2694 0.2626 0.2557 0.3111 0.325 0.3042 0.3459 0.3783 0.3482 0.3667 0.3666 0.362 0.3458 0.3342 0.332 0.3181 0.3089 0.302 0.2951 0.2836 0.2743 0.2673 0.302 0.3412 0.3112 0.3342 0.3966 0.3573 0.3528 0.4311
0.1073 0.5471 1.0 0.4434 0.4297 0.4273 0.4158 0.402 0.3974 0.3882 0.3767 0.3674 0.3606 0.349 0.3651 0.3582 0.3698 0.4688 0.4434 0.425 0.5149 0.501 0.4688 0.3551 0.3482 0.3343 0.325 0.3181 0.3066 0.2972 0.2903 0.2811 0.2694 0.2626 0.2557 0.3111 0.325 0.3042 0.3459 0.3783 0.3482 0.3667 0.4246 0.362 0.3458 0.3342 0.332 0.3181 0.3089 0.302 0.2951 0.2836 0.2743 0.2673 0.302 0.3412 0.3112 0.3342 0.3966 0.3573 0.3528 0.4311 0.3919
0.2303 0.508 1.0 0.4297 0.4273 0.4158 0.402 0.3974 0.3882 0.3767 0.3674 0.3606 0.349 0.3651 0.3582 0.3698 0.4688 0.4434 0.425 0.5149 0.501 0.4688 0.5379 0.3482 0.3343 0.325 0.3181 0.3066 0.2972 0.2903 0.2811 0.2694 0.2626 0.2557 0.3111 0.325 0.3042 0.3459 0.3783 0.3482 0.3667 0.4246 0.3876 0.3458 0.3342 0.332 0.3181 0.3089 0.302 0.2951 0.2836 0.2743 0.2673 0.302 0.3412 0.3112 0.3342 0.3966 0.3573 0.3528 0.4311 0.3919 0.3666
0.0307 0.5402 1.0 0.4273 0.4158 0.402 0.3974 0.3882 0.3767 0.3674 0.3606 0.349 0.3651 0.3582 0.3698 0.4688 0.4434 0.425 0.5149 0.501 0.4688 0.5379 0.5471 0.3343 0.325 0.3181 0.3066 0.2972 0.2903 0.2811 0.2694 0.2626 0.2557 0.3111 0.325 0.3042 0.3459 0.3783 0.3482 0.3667 0.4246 0.3876 0.376 0.3342 0.332 0.3181 0.3089 0.302 0.2951 0.2836 0.2743 0.2673 0.302 0.3412 0.3112 0.3342 0.3966 0.3573 0.3528 0.4311 0.3919 0.3666 0.4473
0.1303 0.5817 1.0 0.4158 0.402 0.3974 0.3882 0.3767 0.3674 0.3606 0.349 0.3651 0.3582 0.3698 0.4688 0.4434 0.425 0.5149 0.501 0.4688 0.5379 0.5471 0.508 0.325 0.3181 0.3066 0.2972 0.2903 0.2811 0.2694 0.2626 0.2557 0.3111 0.325 0.3042 0.3459 0.3783 0.3482 0.3667 0.4246 0.3876 0.376 0.4547 0.332 0.3181 0.3089 0.302 0.2951 0.2836 0.2743 0.2673 0.302 0.3412 0.3112 0.3342 0.3966 0.3573 0.3528 0.4311 0.3919 0.3666 0.4473 0.4266
0.1073 0.5402 1.0 0.402 0.3974 0.3882 0.3767 0.3674 0.3606 0.349 0.3651 0.3582 0.3698 0.4688 0.4434 0.425 0.5149 0.501 0.4688 0.5379 0.5471 0.508 0.5402 0.3181 0.3066 0.2972 0.2903 0.2811 0.2694 0.2626 0.2557 0.3111 0.325 0.3042 0.3459 0.3783 0.3482 0.3667 0.4246 0.3876 0.376 0.4547 0.4246 0.3181 0.3089 0.302 0.2951 0.2836 0.2743 0.2673 0.302 0.3412 0.3112 0.3342 0.3966 0.3573 0.3528 0.4311 0.3919 0.3666 0.4473 0.4266 0.3919
0.1383 0.5333 1.0 0.3974 0.3882 0.3767 0.3674 0.3606 0.349 0.3651 0.3582 0.3698 0.4688 0.4434 0.425 0.5149 0.501 0.4688 0.5379 0.5471 0.508 0.5402 0.5817 0.3066 0.2972 0.2903 0.2811 0.2694 0.2626 0.2557 0.3111 0.325 0.3042 0.3459 0.3783 0.3482 0.3667 0.4246 0.3876 0.376 0.4547 0.4246 0.3991 0.3089 0.302 0.2951 0.2836 0.2743 0.2673 0.302 0.3412 0.3112 0.3342 0.3966 0.3573 0.3528 0.4311 0.3919 0.3666 0.4473 0.4266 0.3919 0.4427
0.1383 0.607 1.0 0.3882 0.3767 0.3674 0.3606 0.349 0.3651 0.3582 0.3698 0.4688 0.4434 0.425 0.5149 0.501 0.4688 0.5379 0.5471 0.508 0.5402 0.5817 0.5402 0.2972 0.2903 0.2811 0.2694 0.2626 0.2557 0.3111 0.325 0.3042 0.3459 0.3783 0.3482 0.3667 0.4246 0.3876 0.376 0.4547 0.4246 0.3991 0.4662 0.302 0.2951 0.2836 0.2743 0.2673 0.302 0.3412 0.3112 0.3342 0.3966 0.3573 0.3528 0.4311 0.3919 0.3666 0.4473 0.4266 0.3919 0.4427 0.4611
0.023 0.5724 1.0 0.3767 0.3674 0.3606 0.349 0.3651 0.3582 0.3698 0.4688 0.4434 0.425 0.5149 0.501 0.4688 0.5379 0.5471 0.508 0.5402 0.5817 0.5402 0.5333 0.2903 0.2811 0.2694 0.2626 0.2557 0.3111 0.325 0.3042 0.3459 0.3783 0.3482 0.3667 0.4246 0.3876 0.376 0.4547 0.4246 0.3991 0.4662 0.4662 0.2951 0.2836 0.2743 0.2673 0.302 0.3412 0.3112 0.3342 0.3966 0.3573 0.3528 0.4311 0.3919 0.3666 0.4473 0.4266 0.3919 0.4427 0.4611 0.4242
0.2457 0.5471 1.0 0.3674 0.3606 0.349 0.3651 0.3582 0.3698 0.4688 0.4434 0.425 0.5149 0.501 0.4688 0.5379 0.5471 0.508 0.5402 0.5817 0.5402 0.5333 0.607 0.2811 0.2694 0.2626 0.2557 0.3111 0.325 0.3042 0.3459 0.3783 0.3482 0.3667 0.4246 0.3876 0.376 0.4547 0.4246 0.3991 0.4662 0.4662 0.4361 0.2836 0.2743 0.2673 0.302 0.3412 0.3112 0.3342 0.3966 0.3573 0.3528 0.4311 0.3919 0.3666 0.4473 0.4266 0.3919 0.4427 0.4611 0.4242 0.4311
0.1153 0.5793 1.0 0.3606 0.349 0.3651 0.3582 0.3698 0.4688 0.4434 0.425 0.5149 0.501 0.4688 0.5379 0.5471 0.508 0.5402 0.5817 0.5402 0.5333 0.607 0.5724 0.2694 0.2626 0.2557 0.3111 0.325 0.3042 0.3459 0.3783 0.3482 0.3667 0.4246 0.3876 0.376 0.4547 0.4246 0.3991 0.4662 0.4662 0.4361 0.4754 0.2743 0.2673 0.302 0.3412 0.3112 0.3342 0.3966 0.3573 0.3528 0.4311 0.3919 0.3666 0.4473 0.4266 0.3919 0.4427 0.4611 0.4242 0.4311 0.4866
0.0843 0.5909 1.0 0.349 0.3651 0.3582 0.3698 0.4688 0.4434 0.425 0.5149 0.501 0.4688 0.5379 0.5471 0.508 0.5402 0.5817 0.5402 0.5333 0.607 0.5724 0.5471 0.2626 0.2557 0.3111 0.325 0.3042 0.3459 0.3783 0.3482 0.3667 0.4246 0.3876 0.376 0.4547 0.4246 0.3991 0.4662 0.4662 0.4361 0.4754 0.501 0.2673 0.302 0.3412 0.3112 0.3342 0.3966 0.3573 0.3528 0.4311 0.3919 0.3666 0.4473 0.4266 0.3919 0.4427 0.4611 0.4242 0.4311 0.4866 0.4566
0.1073 0.5656 1.0 0.3651 0.3582 0.3698 0.4688 0.4434 0.425 0.5149 0.501 0.4688 0.5379 0.5471 0.508 0.5402 0.5817 0.5402 0.5333 0.607 0.5724 0.5471 0.5793 0.2557 0.3111 0.325 0.3042 0.3459 0.3783 0.3482 0.3667 0.4246 0.3876 0.376 0.4547 0.4246 0.3991 0.4662 0.4662 0.4361 0.4754 0.501 0.4709 0.302 0.3412 0.3112 0.3342 0.3966 0.3573 0.3528 0.4311 0.3919 0.3666 0.4473 0.4266 0.3919 0.4427 0.4611 0.4242 0.4311 0.4866 0.4566 0.445
0.0387 0.5701 1.0 0.3582 0.3698 0.4688 0.4434 0.425 0.5149 0.501 0.4688 0.5379 0.5471 0.508 0.5402 0.5817 0.5402 0.5333 0.607 0.5724 0.5471 0.5793 0.5909 0.3111 0.325 0.3042 0.3459 0.3783 0.3482 0.3667 0.4246 0.3876 0.376 0.4547 0.4246 0.3991 0.4662 0.4662 0.4361 0.4754 0.501 0.4709 0.4639 0.3412 0.3112 0.3342 0.3966 0.3573 0.3528 0.4311 0.3919 0.3666 0.4473 0.4266 0.3919 0.4427 0.4611 0.4242 0.4311 0.4866 0.4566 0.445 0.475
0.0843 0.5909 1.0 0.3698 0.4688 0.4434 0.425 0.5149 0.501 0.4688 0.5379 0.5471 0.508 0.5402 0.5817 0.5402 0.5333 0.607 0.5724 0.5471 0.5793 0.5909 0.5656 0.325 0.3042 0.3459 0.3783 0.3482 0.3667 0.4246 0.3876 0.376 0.4547 0.4246 0.3991 0.4662 0.4662 0.4361 0.4754 0.501 0.4709 0.4639 0.5218 0.3112 0.3342 0.3966 0.3573 0.3528 0.4311 0.3919 0.3666 0.4473 0.4266 0.3919 0.4427 0.4611 0.4242 0.4311 0.4866 0.4566 0.445 0.475 0.4703
0.015 0.5817 1.0 0.4688 0.4434 0.425 0.5149 0.501 0.4688 0.5379 0.5471 0.508 0.5402 0.5817 0.5402 0.5333 0.607 0.5724 0.5471 0.5793 0.5909 0.5656 0.5701 0.3042 0.3459 0.3783 0.3482 0.3667 0.4246 0.3876 0.376 0.4547 0.4246 0.3991 0.4662 0.4662 0.4361 0.4754 0.501 0.4709 0.4639 0.5218 0.4987 0.3342 0.3966 0.3573 0.3528 0.4311 0.3919 0.3666 0.4473 0.4266 0.3919 0.4427 0.4611 0.4242 0.4311 0.4866 0.4566 0.445 0.475 0.4703 0.4589
0.0693 0.5817 1.0 0.4434 0.425 0.5149 0.501 0.4688 0.5379 0.5471 0.508 0.5402 0.5817 0.5402 0.5333 0.607 0.5724 0.5471 0.5793 0.5909 0.5656 0.5701 0.5909 0.3459 0.3783 0.3482 0.3667 0.4246 0.3876 0.376 0.4547 0.4246 0.3991 0.4662 0.4662 0.4361 0.4754 0.501 0.4709 0.4639 0.5218 0.4987 0.4848 0.3966 0.3573 0.3528 0.4311 0.3919 0.3666 0.4473 0.4266 0.3919 0.4427 0.4611 0.4242 0.4311 0.4866 0.4566 0.445 0.475 0.4703 0.4589 0.475
0.0307 0.6093 1.0 0.425 0.5149 0.501 0.4688 0.5379 0.5471 0.508 0.5402 0.5817 0.5402 0.5333 0.607 0.5724 0.5471 0.5793 0.5909 0.5656 0.5701 0.5909 0.5817 0.3783 0.3482 0.3667 0.4246 0.3876 0.376 0.4547 0.4246 0.3991 0.4662 0.4662 0.4361 0.4754 0.501 0.4709 0.4639 0.5218 0.4987 0.4848 0.4963 0.3573 0.3528 0.4311 0.3919 0.3666 0.4473 0.4266 0.3919 0.4427 0.4611 0.4242 0.4311 0.4866 0.4566 0.445 0.475 0.4703 0.4589 0.475 0.5166
0.0 0.66 1.0 0.5149 0.501 0.4688 0.5379 0.5471 0.508 0.5402 0.5817 0.5402 0.5333 0.607 0.5724 0.5471 0.5793 0.5909 0.5656 0.5701 0.5909 0.5817 0.5817 0.3482 0.3667 0.4246 0.3876 0.376 0.4547 0.4246 0.3991 0.4662 0.4662 0.4361 0.4754 0.501 0.4709 0.4639 0.5218 0.4987 0.4848 0.4963 0.5472 0.3528 0.4311 0.3919 0.3666 0.4473 0.4266 0.3919 0.4427 0.4611 0.4242 0.4311 0.4866 0.4566 0.445 0.475 0.4703 0.4589 0.475 0.5166 0.4934
0.092 0.6369 1.0 0.501 0.4688 0.5379 0.5471 0.508 0.5402 0.5817 0.5402 0.5333 0.607 0.5724 0.5471 0.5793 0.5909 0.5656 0.5701 0.5909 0.5817 0.5817 0.6093 0.3667 0.4246 0.3876 0.376 0.4547 0.4246 0.3991 0.4662 0.4662 0.4361 0.4754 0.501 0.4709 0.4639 0.5218 0.4987 0.4848 0.4963 0.5472 0.531 0.4311 0.3919 0.3666 0.4473 0.4266 0.3919 0.4427 0.4611 0.4242 0.4311 0.4866 0.4566 0.445 0.475 0.4703 0.4589 0.475 0.5166 0.4934 0.5003
0.169 0.6439 1.0 0.4688 0.5379 0.5471 0.508 0.5402 0.5817 0.5402 0.5333 0.607 0.5724 0.5471 0.5793 0.5909 0.5656 0.5701 0.5909 0.5817 0.5817 0.6093 0.66 0.4246 0.3876 0.376 0.4547 0.4246 0.3991 0.4662 0.4662 0.4361 0.4754 0.501 0.4709 0.4639 0.5218 0.4987 0.4848 0.4963 0.5472 0.531 0.5287 0.3919 0.3666 0.4473 0.4266 0.3919 0.4427 0.4611 0.4242 0.4311 0.4866 0.4566 0.445 0.475 0.4703 0.4589 0.475 0.5166 0.4934 0.5003 0.5303
0.077 0.7176 1.0 0.5379 0.5471 0.508 0.5402 0.5817 0.5402 0.5333 0.607 0.5724 0.5471 0.5793 0.5909 0.5656 0.5701 0.5909 0.5817 0.5817 0.6093 0.66 0.6369 0.3876 0.376 0.4547 0.4246 0.3991 0.4662 0.4662 0.4361 0.4754 0.501 0.4709 0.4639 0.5218 0.4987 0.4848 0.4963 0.5472 0.531 0.5287 0.5842 0.3666 0.4473 0.4266 0.3919 0.4427 0.4611 0.4242 0.4311 0.4866 0.4566 0.445 0.475 0.4703 0.4589 0.475 0.5166 0.4934 0.5003 0.5303 0.5488
0.0233 0.683 1.0 0.5471 0.508 0.5402 0.5817 0.5402 0.5333 0.607 0.5724 0.5471 0.5793 0.5909 0.5656 0.5701 0.5909 0.5817 0.5817 0.6093 0.66 0.6369 0.6439 0.376 0.4547 0.4246 0.3991 0.4662 0.4662 0.4361 0.4754 0.501 0.4709 0.4639 0.5218 0.4987 0.4848 0.4963 0.5472 0.531 0.5287 0.5842 0.582 0.4473 0.4266 0.3919 0.4427 0.4611 0.4242 0.4311 0.4866 0.4566 0.445 0.475 0.4703 0.4589 0.475 0.5166 0.4934 0.5003 0.5303 0.5488 0.5396
0.2457 0.6714 1.0 0.508 0.5402 0.5817 0.5402 0.5333 0.607 0.5724 0.5471 0.5793 0.5909 0.5656 0.5701 0.5909 0.5817 0.5817 0.6093 0.66 0.6369 0.6439 0.7176 0.4547 0.4246 0.3991 0.4662 0.4662 0.4361 0.4754 0.501 0.4709 0.4639 0.5218 0.4987 0.4848 0.4963 0.5472 0.531 0.5287 0.5842 0.582 0.5658 0.4266 0.3919 0.4427 0.4611 0.4242 0.4311 0.4866 0.4566 0.445 0.475 0.4703 0.4589 0.475 0.5166 0.4934 0.5003 0.5303 0.5488 0.5396 0.5534
0.1153 0.7383 1.0 0.5402 0.5817 0.5402 0.5333 0.607 0.5724 0.5471 0.5793 0.5909 0.5656 0.5701 0.5909 0.5817 0.5817 0.6093 0.66 0.6369 0.6439 0.7176 0.683 0.4246 0.3991 0.4662 0.4662 0.4361 0.4754 0.501 0.4709 0.4639 0.5218 0.4987 0.4848 0.4963 0.5472 0.531 0.5287 0.5842 0.582 0.5658 0.5936 0.3919 0.4427 0.4611 0.4242 0.4311 0.4866 0.4566 0.445 0.475 0.4703 0.4589 0.475 0.5166 0.4934 0.5003 0.5303 0.5488 0.5396 0.5534 0.6064
0.0387 0.713 1.0 0.5817 0.5402 0.5333 0.607 0.5724 0.5471 0.5793 0.5909 0.5656 0.5701 0.5909 0.5817 0.5817 0.6093 0.66 0.6369 0.6439 0.7176 0.683 0.6714 0.3991 0.4662 0.4662 0.4361 0.4754 0.501 0.4709 0.4639 0.5218 0.4987 0.4848 0.4963 0.5472 0.531 0.5287 0.5842 0.582 0.5658 0.5936 0.6143 0.4427 0.4611 0.4242 0.4311 0.4866 0.4566 0.445 0.475 0.4703 0.4589 0.475 0.5166 0.4934 0.5003 0.5303 0.5488 0.5396 0.5534 0.6064 0.5742
0.223 0.6922 1.0 0.5402 0.5333 0.607 0.5724 0.5471 0.5793 0.5909 0.5656 0.5701 0.5909 0.5817 0.5817 0.6093 0.66 0.6369 0.6439 0.7176 0.683 0.6714 0.7383 0.4662 0.4662 0.4361 0.4754 0.501 0.4709 0.4639 0.5218 0.4987 0.4848 0.4963 0.5472 0.531 0.5287 0.5842 0.582 0.5658 0.5936 0.6143 0.5866 0.4611 0.4242 0.4311 0.4866 0.4566 0.445 0.475 0.4703 0.4589 0.475 0.5166 0.4934 0.5003 0.5303 0.5488 0.5396 0.5534 0.6064 0.5742 0.5672
0.0843 0.7429 1.0 0.5333 0.607 0.5724 0.5471 0.5793 0.5909 0.5656 0.5701 0.5909 0.5817 0.5817 0.6093 0.66 0.6369 0.6439 0.7176 0.683 0.6714 0.7383 0.713 0.4662 0.4361 0.4754 0.501 0.4709 0.4639 0.5218 0.4987 0.4848 0.4963 0.5472 0.531 0.5287 0.5842 0.582 0.5658 0.5936 0.6143 0.5866 0.5936 0.4242 0.4311 0.4866 0.4566 0.445 0.475 0.4703 0.4589 0.475 0.5166 0.4934 0.5003 0.5303 0.5488 0.5396 0.5534 0.6064 0.5742 0.5672 0.6296
0.0693 0.736 1.0 0.607 0.5724 0.5471 0.5793 0.5909 0.5656 0.5701 0.5909 0.5817 0.5817 0.6093 0.66 0.6369 0.6439 0.7176 0.683 0.6714 0.7383 0.713 0.6922 0.4361 0.4754 0.501 0.4709 0.4639 0.5218 0.4987 0.4848 0.4963 0.5472 0.531 0.5287 0.5842 0.582 0.5658 0.5936 0.6143 0.5866 0.5936 0.6329 0.4311 0.4866 0.4566 0.445 0.475 0.4703 0.4589 0.475 0.5166 0.4934 0.5003 0.5303 0.5488 0.5396 0.5534 0.6064 0.5742 0.5672 0.6296 0.5903
0.169 0.7107 1.0 0.5724 0.5471 0.5793 0.5909 0.5656 0.5701 0.5909 0.5817 0.5817 0.6093 0.66 0.6369 0.6439 0.7176 0.683 0.6714 0.7383 0.713 0.6922 0.7429 0.4754 0.501 0.4709 0.4639 0.5218 0.4987 0.4848 0.4963 0.5472 0.531 0.5287 0.5842 0.582 0.5658 0.5936 0.6143 0.5866 0.5936 0.6329 0.5981 0.4866 0.4566 0.445 0.475 0.4703 0.4589 0.475 0.5166 0.4934 0.5003 0.5303 0.5488 0.5396 0.5534 0.6064 0.5742 0.5672 0.6296 0.5903 0.5719
0.023 0.7476 1.0 0.5471 0.5793 0.5909 0.5656 0.5701 0.5909 0.5817 0.5817 0.6093 0.66 0.6369 0.6439 0.7176 0.683 0.6714 0.7383 0.713 0.6922 0.7429 0.736 0.501 0.4709 0.4639 0.5218 0.4987 0.4848 0.4963 0.5472 0.531 0.5287 0.5842 0.582 0.5658 0.5936 0.6143 0.5866 0.5936 0.6329 0.5981 0.5936 0.4566 0.445 0.475 0.4703 0.4589 0.475 0.5166 0.4934 0.5003 0.5303 0.5488 0.5396 0.5534 0.6064 0.5742 0.5672 0.6296 0.5903 0.5719 0.6341
0.0843 0.759 1.0 0.5793 0.5909 0.5656 0.5701 0.5909 0.5817 0.5817 0.6093 0.66 0.6369 0.6439 0.7176 0.683 0.6714 0.7383 0.713 0.6922 0.7429 0.736 0.7107 0.4709 0.4639 0.5218 0.4987 0.4848 0.4963 0.5472 0.531 0.5287 0.5842 0.582 0.5658 0.5936 0.6143 0.5866 0.5936 0.6329 0.5981 0.5936 0.6468 0.445 0.475 0.4703 0.4589 0.475 0.5166 0.4934 0.5003 0.5303 0.5488 0.5396 0.5534 0.6064 0.5742 0.5672 0.6296 0.5903 0.5719 0.6341 0.6019
0.123 0.7221 1.0 0.5909 0.5656 0.5701 0.5909 0.5817 0.5817 0.6093 0.66 0.6369 0.6439 0.7176 0.683 0.6714 0.7383 0.713 0.6922 0.7429 0.736 0.7107 0.7476 0.4639 0.5218 0.4987 0.4848 0.4963 0.5472 0.531 0.5287 0.5842 0.582 0.5658 0.5936 0.6143 0.5866 0.5936 0.6329 0.5981 0.5936 0.6468 0.6098 0.475 0.4703 0.4589 0.475 0.5166 0.4934 0.5003 0.5303 0.5488 0.5396 0.5534 0.6064 0.5742 0.5672 0.6296 0.5903 0.5719 0.6341 0.6019 0.5811
0.038 0.7521 1.0 0.5656 0.5701 0.5909 0.5817 0.5817 0.6093 0.66 0.6369 0.6439 0.7176 0.683 0.6714 0.7383 0.713 0.6922 0.7429 0.736 0.7107 0.7476 0.759 0.5218 0.4987 0.4848 0.4963 0.5472 0.531 0.5287 0.5842 0.582 0.5658 0.5936 0.6143 0.5866 0.5936 0.6329 0.5981 0.5936 0.6468 0.6098 0.6004 0.4703 0.4589 0.475 0.5166 0.4934 0.5003 0.5303 0.5488 0.5396 0.5534 0.6064 0.5742 0.5672 0.6296 0.5903 0.5719 0.6341 0.6019 0.5811 0.6364
0.123 0.7798 1.0 0.5701 0.5909 0.5817 0.5817 0.6093 0.66 0.6369 0.6439 0.7176 0.683 0.6714 0.7383 0.713 0.6922 0.7429 0.736 0.7107 0.7476 0.759 0.7221 0.4987 0.4848 0.4963 0.5472 0.531 0.5287 0.5842 0.582 0.5658 0.5936 0.6143 0.5866 0.5936 0.6329 0.5981 0.5936 0.6468 0.6098 0.6004 0.6537 0.4589 0.475 0.5166 0.4934 0.5003 0.5303 0.5488 0.5396 0.5534 0.6064 0.5742 0.5672 0.6296 0.5903 0.5719 0.6341 0.6019 0.5811 0.6364 0.6203
0.1 0.7337 1.0 0.5909 0.5817 0.5817 0.6093 0.66 0.6369 0.6439 0.7176 0.683 0.6714 0.7383 0.713 0.6922 0.7429 0.736 0.7107 0.7476 0.759 0.7221 0.7521 0.4848 0.4963 0.5472 0.531 0.5287 0.5842 0.582 0.5658 0.5936 0.6143 0.5866 0.5936 0.6329 0.5981 0.5936 0.6468 0.6098 0.6004 0.6537 0.6236 0.475 0.5166 0.4934 0.5003 0.5303 0.5488 0.5396 0.5534 0.6064 0.5742 0.5672 0.6296 0.5903 0.5719 0.6341 0.6019 0.5811 0.6364 0.6203 0.5927
0.0923 0.7476 1.0 0.5817 0.5817 0.6093 0.66 0.6369 0.6439 0.7176 0.683 0.6714 0.7383 0.713 0.6922 0.7429 0.736 0.7107 0.7476 0.759 0.7221 0.7521 0.7798 0.4963 0.5472 0.531 0.5287 0.5842 0.582 0.5658 0.5936 0.6143 0.5866 0.5936 0.6329 0.5981 0.5936 0.6468 0.6098 0.6004 0.6537 0.6236 0.6098 0.5166 0.4934 0.5003 0.5303 0.5488 0.5396 0.5534 0.6064 0.5742 0.5672 0.6296 0.5903 0.5719 0.6341 0.6019 0.5811 0.6364 0.6203 0.5927 0.6388
0.1537 0.7867 1.0 0.5817 0.6093 0.66 0.6369 0.6439 0.7176 0.683 0.6714 0.7383 0.713 0.6922 0.7429 0.736 0.7107 0.7476 0.759 0.7221 0.7521 0.7798 0.7337 0.5472 0.531 0.5287 0.5842 0.582 0.5658 0.5936 0.6143 0.5866 0.5936 0.6329 0.5981 0.5936 0.6468 0.6098 0.6004 0.6537 0.6236 0.6098 0.6607 0.4934 0.5003 0.5303 0.5488 0.5396 0.5534 0.6064 0.5742 0.5672 0.6296 0.5903 0.5719 0.6341 0.6019 0.5811 0.6364 0.6203 0.5927 0.6388 0.648
0.0463 0.7383 1.0 0.6093 0.66 0.6369 0.6439 0.7176 0.683 0.6714 0.7383 0.713 0.6922 0.7429 0.736 0.7107 0.7476 0.759 0.7221 0.7521 0.7798 0.7337 0.7476 0.531 0.5287 0.5842 0.582 0.5658 0.5936 0.6143 0.5866 0.5936 0.6329 0.5981 0.5936 0.6468 0.6098 0.6004 0.6537 0.6236 0.6098 0.6607 0.6329 0.5003 0.5303 0.5488 0.5396 0.5534 0.6064 0.5742 0.5672 0.6296 0.5903 0.5719 0.6341 0.6019 0.5811 0.6364 0.6203 0.5927 0.6388 0.648 0.6157
0.1303 0.736 1.0 0.66 0.6369 0.6439 0.7176 0.683 0.6714 0.7383 0.713 0.6922 0.7429 0.736 0.7107 0.7476 0.759 0.7221 0.7521 0.7798 0.7337 0.7476 0.7867 0.5287 0.5842 0.582 0.5658 0.5936 0.6143 0.5866 0.5936 0.6329 0.5981 0.5936 0.6468 0.6098 0.6004 0.6537 0.6236 0.6098 0.6607 0.6329 0.6143 0.5303 0.5488 0.5396 0.5534 0.6064 0.5742 0.5672 0.6296 0.5903 0.5719 0.6341 0.6019 0.5811 0.6364 0.6203 0.5927 0.6388 0.648 0.6157 0.6596
0.1613 0.8073 1.0 0.6369 0.6439 0.7176 0.683 0.6714 0.7383 0.713 0.6922 0.7429 0.736 0.7107 0.7476 0.759 0.7221 0.7521 0.7798 0.7337 0.7476 0.7867 0.7383 0.5842 0.582 0.5658 0.5936 0.6143 0.5866 0.5936 0.6329 0.5981 0.5936 0.6468 0.6098 0.6004 0.6537 0.6236 0.6098 0.6607 0.6329 0.6143 0.656 0.5488 0.5396 0.5534 0.6064 0.5742 0.5672 0.6296 0.5903 0.5719 0.6341 0.6019 0.5811 0.6364 0.6203 0.5927 0.6388 0.648 0.6157 0.6596 0.6802
0.0077 0.7613 1.0 0.6439 0.7176 0.683 0.6714 0.7383 0.713 0.6922 0.7429 0.736 0.7107 0.7476 0.759 0.7221 0.7521 0.7798 0.7337 0.7476 0.7867 0.7383 0.736 0.582 0.5658 0.5936 0.6143 0.5866 0.5936 0.6329 0.5981 0.5936 0.6468 0.6098 0.6004 0.6537 0.6236 0.6098 0.6607 0.6329 0.6143 0.656 0.6513 0.5396 0.5534 0.6064 0.5742 0.5672 0.6296 0.5903 0.5719 0.6341 0.6019 0.5811 0.6364 0.6203 0.5927 0.6388 0.648 0.6157 0.6596 0.6802 0.6341
0.2377 0.7406 1.0 0.7176 0.683 0.6714 0.7383 0.713 0.6922 0.7429 0.736 0.7107 0.7476 0.759 0.7221 0.7521 0.7798 0.7337 0.7476 0.7867 0.7383 0.736 0.8073 0.5658 0.5936 0.6143 0.5866 0.5936 0.6329 0.5981 0.5936 0.6468 0.6098 0.6004 0.6537 0.6236 0.6098 0.6607 0.6329 0.6143 0.656 0.6513 0.6306 0.5534 0.6064 0.5742 0.5672 0.6296 0.5903 0.5719 0.6341 0.6019 0.5811 0.6364 0.6203 0.5927 0.6388 0.648 0.6157 0.6596 0.6802 0.6341 0.6641
0.1533 0.8189 1.0 0.683 0.6714 0.7383 0.713 0.6922 0.7429 0.736 0.7107 0.7476 0.759 0.7221 0.7521 0.7798 0.7337 0.7476 0.7867 0.7383 0.736 0.8073 0.7613 0.5936 0.6143 0.5866 0.5936 0.6329 0.5981 0.5936 0.6468 0.6098 0.6004 0.6537 0.6236 0.6098 0.6607 0.6329 0.6143 0.656 0.6513 0.6306 0.6746 0.6064 0.5742 0.5672 0.6296 0.5903 0.5719 0.6341 0.6019 0.5811 0.6364 0.6203 0.5927 0.6388 0.648 0.6157 0.6596 0.6802 0.6341 0.6641 0.6964
0.069 0.7774 1.0 0.6714 0.7383 0.713 0.6922 0.7429 0.736 0.7107 0.7476 0.759 0.7221 0.7521 0.7798 0.7337 0.7476 0.7867 0.7383 0.736 0.8073 0.7613 0.7406 0.6143 0.5866 0.5936 0.6329 0.5981 0.5936 0.6468 0.6098 0.6004 0.6537 0.6236 0.6098 0.6607 0.6329 0.6143 0.656 0.6513 0.6306 0.6746 0.6814 0.5742 0.5672 0.6296 0.5903 0.5719 0.6341 0.6019 0.5811 0.6364 0.6203 0.5927 0.6388 0.648 0.6157 0.6596 0.6802 0.6341 0.6641 0.6964 0.648
0.261 0.7383 1.0 0.7383 0.713 0.6922 0.7429 0.736 0.7107 0.7476 0.759 0.7221 0.7521 0.7798 0.7337 0.7476 0.7867 0.7383 0.736 0.8073 0.7613 0.7406 0.8189 0.5866 0.5936 0.6329 0.5981 0.5936 0.6468 0.6098 0.6004 0.6537 0.6236 0.6098 0.6607 0.6329 0.6143 0.656 0.6513 0.6306 0.6746 0.6814 0.6468 0.5672 0.6296 0.5903 0.5719 0.6341 0.6019 0.5811 0.6364 0.6203 0.5927 0.6388 0.648 0.6157 0.6596 0.6802 0.6341 0.6641 0.6964 0.648 0.6572
0.1383 0.8143 1.0 0.713 0.6922 0.7429 0.736 0.7107 0.7476 0.759 0.7221 0.7521 0.7798 0.7337 0.7476 0.7867 0.7383 0.736 0.8073 0.7613 0.7406 0.8189 0.7774 0.5936 0.6329 0.5981 0.5936 0.6468 0.6098 0.6004 0.6537 0.6236 0.6098 0.6607 0.6329 0.6143 0.656 0.6513 0.6306 0.6746 0.6814 0.6468 0.6676 0.6296 0.5903 0.5719 0.6341 0.6019 0.5811 0.6364 0.6203 0.5927 0.6388 0.648 0.6157 0.6596 0.6802 0.6341 0.6641 0.6964 0.648 0.6572 0.7194
0.1303 0.7912 1.0 0.6922 0.7429 0.736 0.7107 0.7476 0.759 0.7221 0.7521 0.7798 0.7337 0.7476 0.7867 0.7383 0.736 0.8073 0.7613 0.7406 0.8189 0.7774 0.7383 0.6329 0.5981 0.5936 0.6468 0.6098 0.6004 0.6537 0.6236 0.6098 0.6607 0.6329 0.6143 0.656 0.6513 0.6306 0.6746 0.6814 0.6468 0.6676 0.7023 0.5903 0.5719 0.6341 0.6019 0.5811 0.6364 0.6203 0.5927 0.6388 0.648 0.6157 0.6596 0.6802 0.6341 0.6641 0.6964 0.648 0.6572 0.7194 0.6641
0.2533 0.7429 1.0 0.7429 0.736 0.7107 0.7476 0.759 0.7221 0.7521 0.7798 0.7337 0.7476 0.7867 0.7383 0.736 0.8073 0.7613 0.7406 0.8189 0.7774 0.7383 0.8143 0.5981 0.5936 0.6468 0.6098 0.6004 0.6537 0.6236 0.6098 0.6607 0.6329 0.6143 0.656 0.6513 0.6306 0.6746 0.6814 0.6468 0.6676 0.7023 0.6607 0.5719 0.6341 0.6019 0.5811 0.6364 0.6203 0.5927 0.6388 0.648 0.6157 0.6596 0.6802 0.6341 0.6641 0.6964 0.648 0.6572 0.7194 0.6641 0.6433
0.077 0.7912 1.0 0.736 0.7107 0.7476 0.759 0.7221 0.7521 0.7798 0.7337 0.7476 0.7867 0.7383 0.736 0.8073 0.7613 0.7406 0.8189 0.7774 0.7383 0.8143 0.7912 0.5936 0.6468 0.6098 0.6004 0.6537 0.6236 0.6098 0.6607 0.6329 0.6143 0.656 0.6513 0.6306 0.6746 0.6814 0.6468 0.6676 0.7023 0.6607 0.6583 0.6341 0.6019 0.5811 0.6364 0.6203 0.5927 0.6388 0.648 0.6157 0.6596 0.6802 0.6341 0.6641 0.6964 0.648 0.6572 0.7194 0.6641 0.6433 0.7172
0.161 0.8004 1.0 0.7107 0.7476 0.759 0.7221 0.7521 0.7798 0.7337 0.7476 0.7867 0.7383 0.736 0.8073 0.7613 0.7406 0.8189 0.7774 0.7383 0.8143 0.7912 0.7429 0.6468 0.6098 0.6004 0.6537 0.6236 0.6098 0.6607 0.6329 0.6143 0.656 0.6513 0.6306 0.6746 0.6814 0.6468 0.6676 0.7023 0.6607 0.6583 0.7139 0.6019 0.5811 0.6364 0.6203 0.5927 0.6388 0.648 0.6157 0.6596 0.6802 0.6341 0.6641 0.6964 0.648 0.6572 0.7194 0.6641 0.6433 0.7172 0.6733
0.161 0.7498 1.0 0.7476 0.759 0.7221 0.7521 0.7798 0.7337 0.7476 0.7867 0.7383 0.736 0.8073 0.7613 0.7406 0.8189 0.7774 0.7383 0.8143 0.7912 0.7429 0.7912 0.6098 0.6004 0.6537 0.6236 0.6098 0.6607 0.6329 0.6143 0.656 0.6513 0.6306 0.6746 0.6814 0.6468 0.6676 0.7023 0.6607 0.6583 0.7139 0.6652 0.5811 0.6364 0.6203 0.5927 0.6388 0.648 0.6157 0.6596 0.6802 0.6341 0.6641 0.6964 0.648 0.6572 0.7194 0.6641 0.6433 0.7172 0.6733 0.6319
0.0307 0.7567 1.0 0.759 0.7221 0.7521 0.7798 0.7337 0.7476 0.7867 0.7383 0.736 0.8073 0.7613 0.7406 0.8189 0.7774 0.7383 0.8143 0.7912 0.7429 0.7912 0.8004 0.6004 0.6537 0.6236 0.6098 0.6607 0.6329 0.6143 0.656 0.6513 0.6306 0.6746 0.6814 0.6468 0.6676 0.7023 0.6607 0.6583 0.7139 0.6652 0.6421 0.6364 0.6203 0.5927 0.6388 0.648 0.6157 0.6596 0.6802 0.6341 0.6641 0.6964 0.648 0.6572 0.7194 0.6641 0.6433 0.7172 0.6733 0.6319 0.6964
0.1687 0.8004 1.0 0.7221 0.7521 0.7798 0.7337 0.7476 0.7867 0.7383 0.736 0.8073 0.7613 0.7406 0.8189 0.7774 0.7383 0.8143 0.7912 0.7429 0.7912 0.8004 0.7498 0.6537 0.6236 0.6098 0.6607 0.6329 0.6143 0.656 0.6513 0.6306 0.6746 0.6814 0.6468 0.6676 0.7023 0.6607 0.6583 0.7139 0.6652 0.6421 0.7092 0.6203 0.5927 0.6388 0.648 0.6157 0.6596 0.6802 0.6341 0.6641 0.6964 0.648 0.6572 0.7194 0.6641 0.6433 0.7172 0.6733 0.6319 0.6964 0.671
0.023 0.7521 1.0 0.7521 0.7798 0.7337 0.7476 0.7867 0.7383 0.736 0.8073 0.7613 0.7406 0.8189 0.7774 0.7383 0.8143 0.7912 0.7429 0.7912 0.8004 0.7498 0.7567 0.6236 0.6098 0.6607 0.6329 0.6143 0.656 0.6513 0.6306 0.6746 0.6814 0.6468 0.6676 0.7023 0.6607 0.6583 0.7139 0.6652 0.6421 0.7092 0.6699 0.5927 0.6388 0.648 0.6157 0.6596 0.6802 0.6341 0.6641 0.6964 0.648 0.6572 0.7194 0.6641 0.6433 0.7172 0.6733 0.6319 0.6964 0.671 0.6296
0.1457 0.7291 1.0 0.7798 0.7337 0.7476 0.7867 0.7383 0.736 0.8073 0.7613 0.7406 0.8189 0.7774 0.7383 0.8143 0.7912 0.7429 0.7912 0.8004 0.7498 0.7567 0.8004 0.6098 0.6607 0.6329 0.6143 0.656 0.6513 0.6306 0.6746 0.6814 0.6468 0.6676 0.7023 0.6607 0.6583 0.7139 0.6652 0.6421 0.7092 0.6699 0.6329 0.6388 0.648 0.6157 0.6596 0.6802 0.6341 0.6641 0.6964 0.648 0.6572 0.7194 0.6641 0.6433 0.7172 0.6733 0.6319 0.6964 0.671 0.6296 0.6618
0.161 0.7798 1.0 0.7337 0.7476 0.7867 0.7383 0.736 0.8073 0.7613 0.7406 0.8189 0.7774 0.7383 0.8143 0.7912 0.7429 0.7912 0.8004 0.7498 0.7567 0.8004 0.7521 0.6607 0.6329 0.6143 0.656 0.6513 0.6306 0.6746 0.6814 0.6468 0.6676 0.7023 0.6607 0.6583 0.7139 0.6652 0.6421 0.7092 0.6699 0.6329 0.6861 0.648 0.6157 0.6596 0.6802 0.6341 0.6641 0.6964 0.648 0.6572 0.7194 0.6641 0.6433 0.7172 0.6733 0.6319 0.6964 0.671 0.6296 0.6618 0.6664
0.0767 0.7498 1.0 0.7476 0.7867 0.7383 0.736 0.8073 0.7613 0.7406 0.8189 0.7774 0.7383 0.8143 0.7912 0.7429 0.7912 0.8004 0.7498 0.7567 0.8004 0.7521 0.7291 0.6329 0.6143 0.656 0.6513 0.6306 0.6746 0.6814 0.6468 0.6676 0.7023 0.6607 0.6583 0.7139 0.6652 0.6421 0.7092 0.6699 0.6329 0.6861 0.6722 0.6157 0.6596 0.6802 0.6341 0.6641 0.6964 0.648 0.6572 0.7194 0.6641 0.6433 0.7172 0.6733 0.6319 0.6964 0.671 0.6296 0.6618 0.6664 0.6272
0.169 0.7152 1.0 0.7867 0.7383 0.736 0.8073 0.7613 0.7406 0.8189 0.7774 0.7383 0.8143 0.7912 0.7429 0.7912 0.8004 0.7498 0.7567 0.8004 0.7521 0.7291 0.7798 0.6143 0.656 0.6513 0.6306 0.6746 0.6814 0.6468 0.6676 0.7023 0.6607 0.6583 0.7139 0.6652 0.6421 0.7092 0.6699 0.6329 0.6861 0.6722 0.6398 0.6596 0.6802 0.6341 0.6641 0.6964 0.648 0.6572 0.7194 0.6641 0.6433 0.7172 0.6733 0.6319 0.6964 0.671 0.6296 0.6618 0.6664 0.6272 0.6272
0.1 0.683 1.0 0.7383 0.736 0.8073 0.7613 0.7406 0.8189 0.7774 0.7383 0.8143 0.7912 0.7429 0.7912 0.8004 0.7498 0.7567 0.8004 0.7521 0.7291 0.7798 0.7498 0.656 0.6513 0.6306 0.6746 0.6814 0.6468 0.6676 0.7023 0.6607 0.6583 0.7139 0.6652 0.6421 0.7092 0.6699 0.6329 0.6861 0.6722 0.6398 0.656 0.6802 0.6341 0.6641 0.6964 0.648 0.6572 0.7194 0.6641 0.6433 0.7172 0.6733 0.6319 0.6964 0.671 0.6296 0.6618 0.6664 0.6272 0.6272 0.6572
0.1153 0.6646 1.0 0.736 0.8073 0.7613 0.7406 0.8189 0.7774 0.7383 0.8143 0.7912 0.7429 0.7912 0.8004 0.7498 0.7567 0.8004 0.7521 0.7291 0.7798 0.7498 0.7152 0.6513 0.6306 0.6746 0.6814 0.6468 0.6676 0.7023 0.6607 0.6583 0.7139 0.6652 0.6421 0.7092 0.6699 0.6329 0.6861 0.6722 0.6398 0.656 0.6791 0.6341 0.6641 0.6964 0.648 0.6572 0.7194 0.6641 0.6433 0.7172 0.6733 0.6319 0.6964 0.671 0.6296 0.6618 0.6664 0.6272 0.6272 0.6572 0.6272
