0.0 1.0 0.0 0.36 0.5 0.4012 0.0077 0.0077 0.0923 0.82 0.83 0.84 0.85 0.86 0.87 0.88 0.89 0.9 0.91 0.92 0.93 0.94 0.95 0.96 0.97 0.0 0.01 0.02 0.03 0.3553 0.3439 0.3484 0.3323 0.3208 0.3186 0.307 0.2932 0.2886 0.2771 0.2656 0.2587 0.2518 0.2402 0.2356 0.2287 0.2563 0.3347 0.307 0.3093 0.5209 0.5117 0.4931 0.4908 0.4839 0.4677 0.4607 0.4538 0.4422 0.4329 0.4237 0.4144 0.4051 0.4006 0.3912 0.3982 0.4074 0.3959 0.4677 0.47 0.3919 0.3712 0.3666 0.3642 0.3481 0.3366 0.3366 0.3204 0.3112 0.3043 0.2928 0.2836 0.2789 0.2697 0.2604 0.2559 0.2489 0.3112 0.3481 0.3204
0.0 1.0 0.0 0.3416 0.5186 0.362 0.2763 0.0697 0.108 0.83 0.84 0.85 0.86 0.87 0.88 0.89 0.9 0.91 0.92 0.93 0.94 0.95 0.96 0.97 0.0 0.01 0.02 0.03 0.04 0.3439 0.3484 0.3323 0.3208 0.3186 0.307 0.2932 0.2886 0.2771 0.2656 0.2587 0.2518 0.2402 0.2356 0.2287 0.2563 0.3347 0.307 0.3093 0.3922 0.5117 0.4931 0.4908 0.4839 0.4677 0.4607 0.4538 0.4422 0.4329 0.4237 0.4144 0.4051 0.4006 0.3912 0.3982 0.4074 0.3959 0.4677 0.47 0.4491 0.3712 0.3666 0.3642 0.3481 0.3366 0.3366 0.3204 0.3112 0.3043 0.2928 0.2836 0.2789 0.2697 0.2604 0.2559 0.2489 0.3112 0.3481 0.3204 0.3528
0.0 1.0 0.0 0.4314 0.4908 0.3642 0.1073 0.1697 0.1613 0.84 0.85 0.86 0.87 0.88 0.89 0.9 0.91 0.92 0.93 0.94 0.95 0.96 0.97 0.0 0.01 0.02 0.03 0.04 0.05 0.3484 0.3323 0.3208 0.3186 0.307 0.2932 0.2886 0.2771 0.2656 0.2587 0.2518 0.2402 0.2356 0.2287 0.2563 0.3347 0.307 0.3093 0.3922 0.36 0.4931 0.4908 0.4839 0.4677 0.4607 0.4538 0.4422 0.4329 0.4237 0.4144 0.4051 0.4006 0.3912 0.3982 0.4074 0.3959 0.4677 0.47 0.4491 0.5 0.3666 0.3642 0.3481 0.3366 0.3366 0.3204 0.3112 0.3043 0.2928 0.2836 0.2789 0.2697 0.2604 0.2559 0.2489 0.3112 0.3481 0.3204 0.3528 0.4012
0.0 1.0 0.0 0.4014 0.5162 0.4403 0.0613 0.062 0.1307 0.85 0.86 0.87 0.88 0.89 0.9 0.91 0.92 0.93 0.94 0.95 0.96 0.97 0.0 0.01 0.02 0.03 0.04 0.05 0.06 0.3323 0.3208 0.3186 0.307 0.2932 0.2886 0.2771 0.2656 0.2587 0.2518 0.2402 0.2356 0.2287 0.2563 0.3347 0.307 0.3093 0.3922 0.36 0.3416 0.4908 0.4839 0.4677 0.4607 0.4538 0.4422 0.4329 0.4237 0.4144 0.4051 0.4006 0.3912 0.3982 0.4074 0.3959 0.4677 0.47 0.4491 0.5 0.5186 0.3642 0.3481 0.3366 0.3366 0.3204 0.3112 0.3043 0.2928 0.2836 0.2789 0.2697 0.2604 0.2559 0.2489 0.3112 0.3481 0.3204 0.3528 0.4012 0.362
0.0 1.0 0.0 0.3692 0.5602 0.3966 0.2993 0.0927 0.0073 0.86 0.87 0.88 0.89 0.9 0.91 0.92 0.93 0.94 0.95 0.96 0.97 0.0 0.01 0.02 0.03 0.04 0.05 0.06 0.07 0.3208 0.3186 0.307 0.2932 0.2886 0.2771 0.2656 0.2587 0.2518 0.2402 0.2356 0.2287 0.2563 0.3347 0.307 0.3093 0.3922 0.36 0.3416 0.4314 0.4839 0.4677 0.4607 0.4538 0.4422 0.4329 0.4237 0.4144 0.4051 0.4006 0.3912 0.3982 0.4074 0.3959 0.4677 0.47 0.4491 0.5 0.5186 0.4908 0.3481 0.3366 0.3366 0.3204 0.3112 0.3043 0.2928 0.2836 0.2789 0.2697 0.2604 0.2559 0.2489 0.3112 0.3481 0.3204 0.3528 0.4012 0.362 0.3642
0.0 1.0 0.0 0.4452 0.5278 0.3781 0.1 0.0847 0.2537 0.87 0.88 0.89 0.9 0.91 0.92 0.93 0.94 0.95 0.96 0.97 0.0 0.01 0.02 0.03 0.04 0.05 0.06 0.07 0.08 0.3186 0.307 0.2932 0.2886 0.2771 0.2656 0.2587 0.2518 0.2402 0.2356 0.2287 0.2563 0.3347 0.307 0.3093 0.3922 0.36 0.3416 0.4314 0.4014 0.4677 0.4607 0.4538 0.4422 0.4329 0.4237 0.4144 0.4051 0.4006 0.3912 0.3982 0.4074 0.3959 0.4677 0.47 0.4491 0.5 0.5186 0.4908 0.5162 0.3366 0.3366 0.3204 0.3112 0.3043 0.2928 0.2836 0.2789 0.2697 0.2604 0.2559 0.2489 0.3112 0.3481 0.3204 0.3528 0.4012 0.362 0.3642 0.4403
0.0 1.0 0.0 0.4406 0.5278 0.4589 0.1073 0.1467 0.1457 0.88 0.89 0.9 0.91 0.92 0.93 0.94 0.95 0.96 0.97 0.0 0.01 0.02 0.03 0.04 0.05 0.06 0.07 0.08 0.09 0.307 0.2932 0.2886 0.2771 0.2656 0.2587 0.2518 0.2402 0.2356 0.2287 0.2563 0.3347 0.307 0.3093 0.3922 0.36 0.3416 0.4314 0.4014 0.3692 0.4607 0.4538 0.4422 0.4329 0.4237 0.4144 0.4051 0.4006 0.3912 0.3982 0.4074 0.3959 0.4677 0.47 0.4491 0.5 0.5186 0.4908 0.5162 0.5602 0.3366 0.3204 0.3112 0.3043 0.2928 0.2836 0.2789 0.2697 0.2604 0.2559 0.2489 0.3112 0.3481 0.3204 0.3528 0.4012 0.362 0.3642 0.4403 0.3966
0.0 1.0 0.0 0.4014 0.5972 0.4289 0.2533 0.108 0.0617 0.89 0.9 0.91 0.92 0.93 0.94 0.95 0.96 0.97 0.0 0.01 0.02 0.03 0.04 0.05 0.06 0.07 0.08 0.09 0.1 0.2932 0.2886 0.2771 0.2656 0.2587 0.2518 0.2402 0.2356 0.2287 0.2563 0.3347 0.307 0.3093 0.3922 0.36 0.3416 0.4314 0.4014 0.3692 0.4452 0.4538 0.4422 0.4329 0.4237 0.4144 0.4051 0.4006 0.3912 0.3982 0.4074 0.3959 0.4677 0.47 0.4491 0.5 0.5186 0.4908 0.5162 0.5602 0.5278 0.3204 0.3112 0.3043 0.2928 0.2836 0.2789 0.2697 0.2604 0.2559 0.2489 0.3112 0.3481 0.3204 0.3528 0.4012 0.362 0.3642 0.4403 0.3966 0.3781
0.0 1.0 0.0 0.4476 0.5602 0.4012 0.0153 0.0 0.2693 0.9 0.91 0.92 0.93 0.94 0.95 0.96 0.97 0.0 0.01 0.02 0.03 0.04 0.05 0.06 0.07 0.08 0.09 0.1 0.11 0.2886 0.2771 0.2656 0.2587 0.2518 0.2402 0.2356 0.2287 0.2563 0.3347 0.307 0.3093 0.3922 0.36 0.3416 0.4314 0.4014 0.3692 0.4452 0.4406 0.4422 0.4329 0.4237 0.4144 0.4051 0.4006 0.3912 0.3982 0.4074 0.3959 0.4677 0.47 0.4491 0.5 0.5186 0.4908 0.5162 0.5602 0.5278 0.5278 0.3112 0.3043 0.2928 0.2836 0.2789 0.2697 0.2604 0.2559 0.2489 0.3112 0.3481 0.3204 0.3528 0.4012 0.362 0.3642 0.4403 0.3966 0.3781 0.4589
0.0 1.0 0.0 0.4798 0.5463 0.4634 0.1307 0.2313 0.1 0.91 0.92 0.93 0.94 0.95 0.96 0.97 0.0 0.01 0.02 0.03 0.04 0.05 0.06 0.07 0.08 0.09 0.1 0.11 0.12 0.2771 0.2656 0.2587 0.2518 0.2402 0.2356 0.2287 0.2563 0.3347 0.307 0.3093 0.3922 0.36 0.3416 0.4314 0.4014 0.3692 0.4452 0.4406 0.4014 0.4329 0.4237 0.4144 0.4051 0.4006 0.3912 0.3982 0.4074 0.3959 0.4677 0.47 0.4491 0.5 0.5186 0.4908 0.5162 0.5602 0.5278 0.5278 0.5972 0.3043 0.2928 0.2836 0.2789 0.2697 0.2604 0.2559 0.2489 0.3112 0.3481 0.3204 0.3528 0.4012 0.362 0.3642 0.4403 0.3966 0.3781 0.4589 0.4289
0.0 1.0 0.0 0.4406 0.6227 0.4634 0.154 0.1233 0.0923 0.92 0.93 0.94 0.95 0.96 0.97 0.0 0.01 0.02 0.03 0.04 0.05 0.06 0.07 0.08 0.09 0.1 0.11 0.12 0.13 0.2656 0.2587 0.2518 0.2402 0.2356 0.2287 0.2563 0.3347 0.307 0.3093 0.3922 0.36 0.3416 0.4314 0.4014 0.3692 0.4452 0.4406 0.4014 0.4476 0.4237 0.4144 0.4051 0.4006 0.3912 0.3982 0.4074 0.3959 0.4677 0.47 0.4491 0.5 0.5186 0.4908 0.5162 0.5602 0.5278 0.5278 0.5972 0.5602 0.2928 0.2836 0.2789 0.2697 0.2604 0.2559 0.2489 0.3112 0.3481 0.3204 0.3528 0.4012 0.362 0.3642 0.4403 0.3966 0.3781 0.4589 0.4289 0.4012
0.0 1.0 0.0 0.4429 0.5996 0.4358 0.1073 0.0463 0.2073 0.93 0.94 0.95 0.96 0.97 0.0 0.01 0.02 0.03 0.04 0.05 0.06 0.07 0.08 0.09 0.1 0.11 0.12 0.13 0.14 0.2587 0.2518 0.2402 0.2356 0.2287 0.2563 0.3347 0.307 0.3093 0.3922 0.36 0.3416 0.4314 0.4014 0.3692 0.4452 0.4406 0.4014 0.4476 0.4798 0.4144 0.4051 0.4006 0.3912 0.3982 0.4074 0.3959 0.4677 0.47 0.4491 0.5 0.5186 0.4908 0.5162 0.5602 0.5278 0.5278 0.5972 0.5602 0.5463 0.2836 0.2789 0.2697 0.2604 0.2559 0.2489 0.3112 0.3481 0.3204 0.3528 0.4012 0.362 0.3642 0.4403 0.3966 0.3781 0.4589 0.4289 0.4012 0.4634
0.0 1.0 0.0 0.5051 0.5764 0.4658 0.1307 0.2547 0.0 0.94 0.95 0.96 0.97 0.0 0.01 0.02 0.03 0.04 0.05 0.06 0.07 0.08 0.09 0.1 0.11 0.12 0.13 0.14 0.15 0.2518 0.2402 0.2356 0.2287 0.2563 0.3347 0.307 0.3093 0.3922 0.36 0.3416 0.4314 0.4014 0.3692 0.4452 0.4406 0.4014 0.4476 0.4798 0.4406 0.4051 0.4006 0.3912 0.3982 0.4074 0.3959 0.4677 0.47 0.4491 0.5 0.5186 0.4908 0.5162 0.5602 0.5278 0.5278 0.5972 0.5602 0.5463 0.6227 0.2789 0.2697 0.2604 0.2559 0.2489 0.3112 0.3481 0.3204 0.3528 0.4012 0.362 0.3642 0.4403 0.3966 0.3781 0.4589 0.4289 0.4012 0.4634 0.4634
0.0 1.0 0.0 0.4706 0.6273 0.4911 0.0077 0.077 0.092 0.95 0.96 0.97 0.0 0.01 0.02 0.03 0.04 0.05 0.06 0.07 0.08 0.09 0.1 0.11 0.12 0.13 0.14 0.15 0.16 0.2402 0.2356 0.2287 0.2563 0.3347 0.307 0.3093 0.3922 0.36 0.3416 0.4314 0.4014 0.3692 0.4452 0.4406 0.4014 0.4476 0.4798 0.4406 0.4429 0.4006 0.3912 0.3982 0.4074 0.3959 0.4677 0.47 0.4491 0.5 0.5186 0.4908 0.5162 0.5602 0.5278 0.5278 0.5972 0.5602 0.5463 0.6227 0.5996 0.2697 0.2604 0.2559 0.2489 0.3112 0.3481 0.3204 0.3528 0.4012 0.362 0.3642 0.4403 0.3966 0.3781 0.4589 0.4289 0.4012 0.4634 0.4634 0.4358
0.0 1.0 0.0 0.4544 0.6366 0.4589 0.2073 0.0773 0.1 0.96 0.97 0.0 0.01 0.02 0.03 0.04 0.05 0.06 0.07 0.08 0.09 0.1 0.11 0.12 0.13 0.14 0.15 0.16 0.17 0.2356 0.2287 0.2563 0.3347 0.307 0.3093 0.3922 0.36 0.3416 0.4314 0.4014 0.3692 0.4452 0.4406 0.4014 0.4476 0.4798 0.4406 0.4429 0.5051 0.3912 0.3982 0.4074 0.3959 0.4677 0.47 0.4491 0.5 0.5186 0.4908 0.5162 0.5602 0.5278 0.5278 0.5972 0.5602 0.5463 0.6227 0.5996 0.5764 0.2604 0.2559 0.2489 0.3112 0.3481 0.3204 0.3528 0.4012 0.362 0.3642 0.4403 0.3966 0.3781 0.4589 0.4289 0.4012 0.4634 0.4634 0.4358 0.4658
0.0 1.0 0.0 0.5051 0.6066 0.4658 0.115 0.1697 0.0843 0.97 0.0 0.01 0.02 0.03 0.04 0.05 0.06 0.07 0.08 0.09 0.1 0.11 0.12 0.13 0.14 0.15 0.16 0.17 0.18 0.2287 0.2563 0.3347 0.307 0.3093 0.3922 0.36 0.3416 0.4314 0.4014 0.3692 0.4452 0.4406 0.4014 0.4476 0.4798 0.4406 0.4429 0.5051 0.4706 0.3982 0.4074 0.3959 0.4677 0.47 0.4491 0.5 0.5186 0.4908 0.5162 0.5602 0.5278 0.5278 0.5972 0.5602 0.5463 0.6227 0.5996 0.5764 0.6273 0.2559 0.2489 0.3112 0.3481 0.3204 0.3528 0.4012 0.362 0.3642 0.4403 0.3966 0.3781 0.4589 0.4289 0.4012 0.4634 0.4634 0.4358 0.4658 0.4911
0.0 1.0 0.0 0.489 0.6227 0.5211 0.054 0.031 0.1073 0.0 0.01 0.02 0.03 0.04 0.05 0.06 0.07 0.08 0.09 0.1 0.11 0.12 0.13 0.14 0.15 0.16 0.17 0.18 0.19 0.2563 0.3347 0.307 0.3093 0.3922 0.36 0.3416 0.4314 0.4014 0.3692 0.4452 0.4406 0.4014 0.4476 0.4798 0.4406 0.4429 0.5051 0.4706 0.4544 0.4074 0.3959 0.4677 0.47 0.4491 0.5 0.5186 0.4908 0.5162 0.5602 0.5278 0.5278 0.5972 0.5602 0.5463 0.6227 0.5996 0.5764 0.6273 0.6366 0.2489 0.3112 0.3481 0.3204 0.3528 0.4012 0.362 0.3642 0.4403 0.3966 0.3781 0.4589 0.4289 0.4012 0.4634 0.4634 0.4358 0.4658 0.4911 0.4589
0.0 1.0 0.0 0.4751 0.6806 0.4911 0.169 0.1 0.023 0.01 0.02 0.03 0.04 0.05 0.06 0.07 0.08 0.09 0.1 0.11 0.12 0.13 0.14 0.15 0.16 0.17 0.18 0.19 0.2 0.3347 0.307 0.3093 0.3922 0.36 0.3416 0.4314 0.4014 0.3692 0.4452 0.4406 0.4014 0.4476 0.4798 0.4406 0.4429 0.5051 0.4706 0.4544 0.5051 0.3959 0.4677 0.47 0.4491 0.5 0.5186 0.4908 0.5162 0.5602 0.5278 0.5278 0.5972 0.5602 0.5463 0.6227 0.5996 0.5764 0.6273 0.6366 0.6066 0.3112 0.3481 0.3204 0.3528 0.4012 0.362 0.3642 0.4403 0.3966 0.3781 0.4589 0.4289 0.4012 0.4634 0.4634 0.4358 0.4658 0.4911 0.4589 0.4658
0.0 1.0 0.0 0.5143 0.6504 0.4888 0.0537 0.0537 0.1843 0.02 0.03 0.04 0.05 0.06 0.07 0.08 0.09 0.1 0.11 0.12 0.13 0.14 0.15 0.16 0.17 0.18 0.19 0.2 0.21 0.307 0.3093 0.3922 0.36 0.3416 0.4314 0.4014 0.3692 0.4452 0.4406 0.4014 0.4476 0.4798 0.4406 0.4429 0.5051 0.4706 0.4544 0.5051 0.489 0.4677 0.47 0.4491 0.5 0.5186 0.4908 0.5162 0.5602 0.5278 0.5278 0.5972 0.5602 0.5463 0.6227 0.5996 0.5764 0.6273 0.6366 0.6066 0.6227 0.3481 0.3204 0.3528 0.4012 0.362 0.3642 0.4403 0.3966 0.3781 0.4589 0.4289 0.4012 0.4634 0.4634 0.4358 0.4658 0.4911 0.4589 0.4658 0.5211
0.0 1.0 0.0 0.5397 0.6481 0.5258 0.0463 0.193 0.1 0.03 0.04 0.05 0.06 0.07 0.08 0.09 0.1 0.11 0.12 0.13 0.14 0.15 0.16 0.17 0.18 0.19 0.2 0.21 0.22 0.3093 0.3922 0.36 0.3416 0.4314 0.4014 0.3692 0.4452 0.4406 0.4014 0.4476 0.4798 0.4406 0.4429 0.5051 0.4706 0.4544 0.5051 0.489 0.4751 0.47 0.4491 0.5 0.5186 0.4908 0.5162 0.5602 0.5278 0.5278 0.5972 0.5602 0.5463 0.6227 0.5996 0.5764 0.6273 0.6366 0.6066 0.6227 0.6806 0.3204 0.3528 0.4012 0.362 0.3642 0.4403 0.3966 0.3781 0.4589 0.4289 0.4012 0.4634 0.4634 0.4358 0.4658 0.4911 0.4589 0.4658 0.5211 0.4911
0.0 1.0 0.0 0.512 0.706 0.5396 0.1307 0.1007 0.0077 0.04 0.05 0.06 0.07 0.08 0.09 0.1 0.11 0.12 0.13 0.14 0.15 0.16 0.17 0.18 0.19 0.2 0.21 0.22 0.23 0.3922 0.36 0.3416 0.4314 0.4014 0.3692 0.4452 0.4406 0.4014 0.4476 0.4798 0.4406 0.4429 0.5051 0.4706 0.4544 0.5051 0.489 0.4751 0.5143 0.4491 0.5 0.5186 0.4908 0.5162 0.5602 0.5278 0.5278 0.5972 0.5602 0.5463 0.6227 0.5996 0.5764 0.6273 0.6366 0.6066 0.6227 0.6806 0.6504 0.3528 0.4012 0.362 0.3642 0.4403 0.3966 0.3781 0.4589 0.4289 0.4012 0.4634 0.4634 0.4358 0.4658 0.4911 0.4589 0.4658 0.5211 0.4911 0.4888
0.0 1.0 0.0 0.5212 0.6921 0.5258 0.0847 0.0077 0.1233 0.05 0.06 0.07 0.08 0.09 0.1 0.11 0.12 0.13 0.14 0.15 0.16 0.17 0.18 0.19 0.2 0.21 0.22 0.23 0.24 0.36 0.3416 0.4314 0.4014 0.3692 0.4452 0.4406 0.4014 0.4476 0.4798 0.4406 0.4429 0.5051 0.4706 0.4544 0.5051 0.489 0.4751 0.5143 0.5397 0.5 0.5186 0.4908 0.5162 0.5602 0.5278 0.5278 0.5972 0.5602 0.5463 0.6227 0.5996 0.5764 0.6273 0.6366 0.6066 0.6227 0.6806 0.6504 0.6481 0.4012 0.362 0.3642 0.4403 0.3966 0.3781 0.4589 0.4289 0.4012 0.4634 0.4634 0.4358 0.4658 0.4911 0.4589 0.4658 0.5211 0.4911 0.4888 0.5258
0.0 1.0 0.0 0.5811 0.6806 0.5511 0.0923 0.193 0.046 0.06 0.07 0.08 0.09 0.1 0.11 0.12 0.13 0.14 0.15 0.16 0.17 0.18 0.19 0.2 0.21 0.22 0.23 0.24 0.25 0.3416 0.4314 0.4014 0.3692 0.4452 0.4406 0.4014 0.4476 0.4798 0.4406 0.4429 0.5051 0.4706 0.4544 0.5051 0.489 0.4751 0.5143 0.5397 0.512 0.5186 0.4908 0.5162 0.5602 0.5278 0.5278 0.5972 0.5602 0.5463 0.6227 0.5996 0.5764 0.6273 0.6366 0.6066 0.6227 0.6806 0.6504 0.6481 0.706 0.362 0.3642 0.4403 0.3966 0.3781 0.4589 0.4289 0.4012 0.4634 0.4634 0.4358 0.4658 0.4911 0.4589 0.4658 0.5211 0.4911 0.4888 0.5258 0.5396
0.0 1.0 0.0 0.5558 0.7107 0.6019 0.0307 0.0463 0.046 0.07 0.08 0.09 0.1 0.11 0.12 0.13 0.14 0.15 0.16 0.17 0.18 0.19 0.2 0.21 0.22 0.23 0.24 0.25 0.26 0.4314 0.4014 0.3692 0.4452 0.4406 0.4014 0.4476 0.4798 0.4406 0.4429 0.5051 0.4706 0.4544 0.5051 0.489 0.4751 0.5143 0.5397 0.512 0.5212 0.4908 0.5162 0.5602 0.5278 0.5278 0.5972 0.5602 0.5463 0.6227 0.5996 0.5764 0.6273 0.6366 0.6066 0.6227 0.6806 0.6504 0.6481 0.706 0.6921 0.3642 0.4403 0.3966 0.3781 0.4589 0.4289 0.4012 0.4634 0.4634 0.4358 0.4658 0.4911 0.4589 0.4658 0.5211 0.4911 0.4888 0.5258 0.5396 0.5258
0.0 1.0 0.0 0.5442 0.7384 0.5649 0.1997 0.0383 0.0843 0.08 0.09 0.1 0.11 0.12 0.13 0.14 0.15 0.16 0.17 0.18 0.19 0.2 0.21 0.22 0.23 0.24 0.25 0.26 0.27 0.4014 0.3692 0.4452 0.4406 0.4014 0.4476 0.4798 0.4406 0.4429 0.5051 0.4706 0.4544 0.5051 0.489 0.4751 0.5143 0.5397 0.512 0.5212 0.5811 0.5162 0.5602 0.5278 0.5278 0.5972 0.5602 0.5463 0.6227 0.5996 0.5764 0.6273 0.6366 0.6066 0.6227 0.6806 0.6504 0.6481 0.706 0.6921 0.6806 0.4403 0.3966 0.3781 0.4589 0.4289 0.4012 0.4634 0.4634 0.4358 0.4658 0.4911 0.4589 0.4658 0.5211 0.4911 0.4888 0.5258 0.5396 0.5258 0.5511
0.0 1.0 0.0 0.6088 0.7083 0.5649 0.0843 0.1003 0.1693 0.09 0.1 0.11 0.12 0.13 0.14 0.15 0.16 0.17 0.18 0.19 0.2 0.21 0.22 0.23 0.24 0.25 0.26 0.27 0.28 0.3692 0.4452 0.4406 0.4014 0.4476 0.4798 0.4406 0.4429 0.5051 0.4706 0.4544 0.5051 0.489 0.4751 0.5143 0.5397 0.512 0.5212 0.5811 0.5558 0.5602 0.5278 0.5278 0.5972 0.5602 0.5463 0.6227 0.5996 0.5764 0.6273 0.6366 0.6066 0.6227 0.6806 0.6504 0.6481 0.706 0.6921 0.6806 0.7107 0.3966 0.3781 0.4589 0.4289 0.4012 0.4634 0.4634 0.4358 0.4658 0.4911 0.4589 0.4658 0.5211 0.4911 0.4888 0.5258 0.5396 0.5258 0.5511 0.6019
0.0 1.0 0.0 0.5927 0.7176 0.6319 0.0387 0.0923 0.1233 0.1 0.11 0.12 0.13 0.14 0.15 0.16 0.17 0.18 0.19 0.2 0.21 0.22 0.23 0.24 0.25 0.26 0.27 0.28 0.29 0.4452 0.4406 0.4014 0.4476 0.4798 0.4406 0.4429 0.5051 0.4706 0.4544 0.5051 0.489 0.4751 0.5143 0.5397 0.512 0.5212 0.5811 0.5558 0.5442 0.5278 0.5278 0.5972 0.5602 0.5463 0.6227 0.5996 0.5764 0.6273 0.6366 0.6066 0.6227 0.6806 0.6504 0.6481 0.706 0.6921 0.6806 0.7107 0.7384 0.3781 0.4589 0.4289 0.4012 0.4634 0.4634 0.4358 0.4658 0.4911 0.4589 0.4658 0.5211 0.4911 0.4888 0.5258 0.5396 0.5258 0.5511 0.6019 0.5649
0.0 1.0 0.0 0.5719 0.7569 0.5927 0.2153 0.1003 0.0 0.11 0.12 0.13 0.14 0.15 0.16 0.17 0.18 0.19 0.2 0.21 0.22 0.23 0.24 0.25 0.26 0.27 0.28 0.29 0.3 0.4406 0.4014 0.4476 0.4798 0.4406 0.4429 0.5051 0.4706 0.4544 0.5051 0.489 0.4751 0.5143 0.5397 0.512 0.5212 0.5811 0.5558 0.5442 0.6088 0.5278 0.5972 0.5602 0.5463 0.6227 0.5996 0.5764 0.6273 0.6366 0.6066 0.6227 0.6806 0.6504 0.6481 0.706 0.6921 0.6806 0.7107 0.7384 0.7083 0.4589 0.4289 0.4012 0.4634 0.4634 0.4358 0.4658 0.4911 0.4589 0.4658 0.5211 0.4911 0.4888 0.5258 0.5396 0.5258 0.5511 0.6019 0.5649 0.5649
0.0 1.0 0.0 0.6157 0.7199 0.5788 0.0537 0.031 0.2233 0.12 0.13 0.14 0.15 0.16 0.17 0.18 0.19 0.2 0.21 0.22 0.23 0.24 0.25 0.26 0.27 0.28 0.29 0.3 0.31 0.4014 0.4476 0.4798 0.4406 0.4429 0.5051 0.4706 0.4544 0.5051 0.489 0.4751 0.5143 0.5397 0.512 0.5212 0.5811 0.5558 0.5442 0.6088 0.5927 0.5972 0.5602 0.5463 0.6227 0.5996 0.5764 0.6273 0.6366 0.6066 0.6227 0.6806 0.6504 0.6481 0.706 0.6921 0.6806 0.7107 0.7384 0.7083 0.7176 0.4289 0.4012 0.4634 0.4634 0.4358 0.4658 0.4911 0.4589 0.4658 0.5211 0.4911 0.4888 0.5258 0.5396 0.5258 0.5511 0.6019 0.5649 0.5649 0.6319
0.0 1.0 0.0 0.6088 0.7153 0.6364 0.0693 0.131 0.1307 0.13 0.14 0.15 0.16 0.17 0.18 0.19 0.2 0.21 0.22 0.23 0.24 0.25 0.26 0.27 0.28 0.29 0.3 0.31 0.32 0.4476 0.4798 0.4406 0.4429 0.5051 0.4706 0.4544 0.5051 0.489 0.4751 0.5143 0.5397 0.512 0.5212 0.5811 0.5558 0.5442 0.6088 0.5927 0.5719 0.5602 0.5463 0.6227 0.5996 0.5764 0.6273 0.6366 0.6066 0.6227 0.6806 0.6504 0.6481 0.706 0.6921 0.6806 0.7107 0.7384 0.7083 0.7176 0.7569 0.4012 0.4634 0.4634 0.4358 0.4658 0.4911 0.4589 0.4658 0.5211 0.4911 0.4888 0.5258 0.5396 0.5258 0.5511 0.6019 0.5649 0.5649 0.6319 0.5927
0.0 1.0 0.0 0.5811 0.7523 0.5996 0.146 0.1233 0.0463 0.14 0.15 0.16 0.17 0.18 0.19 0.2 0.21 0.22 0.23 0.24 0.25 0.26 0.27 0.28 0.29 0.3 0.31 0.32 0.33 0.4798 0.4406 0.4429 0.5051 0.4706 0.4544 0.5051 0.489 0.4751 0.5143 0.5397 0.512 0.5212 0.5811 0.5558 0.5442 0.6088 0.5927 0.5719 0.6157 0.5463 0.6227 0.5996 0.5764 0.6273 0.6366 0.6066 0.6227 0.6806 0.6504 0.6481 0.706 0.6921 0.6806 0.7107 0.7384 0.7083 0.7176 0.7569 0.7199 0.4634 0.4634 0.4358 0.4658 0.4911 0.4589 0.4658 0.5211 0.4911 0.4888 0.5258 0.5396 0.5258 0.5511 0.6019 0.5649 0.5649 0.6319 0.5927 0.5788
0.0 1.0 0.0 0.6157 0.7222 0.5788 0.023 0.0153 0.192 0.15 0.16 0.17 0.18 0.19 0.2 0.21 0.22 0.23 0.24 0.25 0.26 0.27 0.28 0.29 0.3 0.31 0.32 0.33 0.34 0.4406 0.4429 0.5051 0.4706 0.4544 0.5051 0.489 0.4751 0.5143 0.5397 0.512 0.5212 0.5811 0.5558 0.5442 0.6088 0.5927 0.5719 0.6157 0.6088 0.6227 0.5996 0.5764 0.6273 0.6366 0.6066 0.6227 0.6806 0.6504 0.6481 0.706 0.6921 0.6806 0.7107 0.7384 0.7083 0.7176 0.7569 0.7199 0.7153 0.4634 0.4358 0.4658 0.4911 0.4589 0.4658 0.5211 0.4911 0.4888 0.5258 0.5396 0.5258 0.5511 0.6019 0.5649 0.5649 0.6319 0.5927 0.5788 0.6364
0.0 1.0 0.0 0.6157 0.7199 0.6249 0.0923 0.1233 0.1227 0.16 0.17 0.18 0.19 0.2 0.21 0.22 0.23 0.24 0.25 0.26 0.27 0.28 0.29 0.3 0.31 0.32 0.33 0.34 0.35 0.4429 0.5051 0.4706 0.4544 0.5051 0.489 0.4751 0.5143 0.5397 0.512 0.5212 0.5811 0.5558 0.5442 0.6088 0.5927 0.5719 0.6157 0.6088 0.5811 0.5996 0.5764 0.6273 0.6366 0.6066 0.6227 0.6806 0.6504 0.6481 0.706 0.6921 0.6806 0.7107 0.7384 0.7083 0.7176 0.7569 0.7199 0.7153 0.7523 0.4358 0.4658 0.4911 0.4589 0.4658 0.5211 0.4911 0.4888 0.5258 0.5396 0.5258 0.5511 0.6019 0.5649 0.5649 0.6319 0.5927 0.5788 0.6364 0.5996
0.0 1.0 0.0 0.5834 0.75 0.5972 0.1153 0.1003 0.0693 0.17 0.18 0.19 0.2 0.21 0.22 0.23 0.24 0.25 0.26 0.27 0.28 0.29 0.3 0.31 0.32 0.33 0.34 0.35 0.36 0.5051 0.4706 0.4544 0.5051 0.489 0.4751 0.5143 0.5397 0.512 0.5212 0.5811 0.5558 0.5442 0.6088 0.5927 0.5719 0.6157 0.6088 0.5811 0.6157 0.5764 0.6273 0.6366 0.6066 0.6227 0.6806 0.6504 0.6481 0.706 0.6921 0.6806 0.7107 0.7384 0.7083 0.7176 0.7569 0.7199 0.7153 0.7523 0.7222 0.4658 0.4911 0.4589 0.4658 0.5211 0.4911 0.4888 0.5258 0.5396 0.5258 0.5511 0.6019 0.5649 0.5649 0.6319 0.5927 0.5788 0.6364 0.5996 0.5788
0.0 1.0 0.0 0.6249 0.7222 0.5834 0.0 0.0077 0.1537 0.18 0.19 0.2 0.21 0.22 0.23 0.24 0.25 0.26 0.27 0.28 0.29 0.3 0.31 0.32 0.33 0.34 0.35 0.36 0.37 0.4706 0.4544 0.5051 0.489 0.4751 0.5143 0.5397 0.512 0.5212 0.5811 0.5558 0.5442 0.6088 0.5927 0.5719 0.6157 0.6088 0.5811 0.6157 0.6157 0.6273 0.6366 0.6066 0.6227 0.6806 0.6504 0.6481 0.706 0.6921 0.6806 0.7107 0.7384 0.7083 0.7176 0.7569 0.7199 0.7153 0.7523 0.7222 0.7199 0.4911 0.4589 0.4658 0.5211 0.4911 0.4888 0.5258 0.5396 0.5258 0.5511 0.6019 0.5649 0.5649 0.6319 0.5927 0.5788 0.6364 0.5996 0.5788 0.6249
0.0 1.0 0.0 0.6019 0.7222 0.6411 0.1077 0.1003 0.0923 0.19 0.2 0.21 0.22 0.23 0.24 0.25 0.26 0.27 0.28 0.29 0.3 0.31 0.32 0.33 0.34 0.35 0.36 0.37 0.38 0.4544 0.5051 0.489 0.4751 0.5143 0.5397 0.512 0.5212 0.5811 0.5558 0.5442 0.6088 0.5927 0.5719 0.6157 0.6088 0.5811 0.6157 0.6157 0.5834 0.6366 0.6066 0.6227 0.6806 0.6504 0.6481 0.706 0.6921 0.6806 0.7107 0.7384 0.7083 0.7176 0.7569 0.7199 0.7153 0.7523 0.7222 0.7199 0.75 0.4589 0.4658 0.5211 0.4911 0.4888 0.5258 0.5396 0.5258 0.5511 0.6019 0.5649 0.5649 0.6319 0.5927 0.5788 0.6364 0.5996 0.5788 0.6249 0.5972
0.0 1.0 0.0 0.5766 0.7453 0.6111 0.1383 0.0927 0.046 0.2 0.21 0.22 0.23 0.24 0.25 0.26 0.27 0.28 0.29 0.3 0.31 0.32 0.33 0.34 0.35 0.36 0.37 0.38 0.39 0.5051 0.489 0.4751 0.5143 0.5397 0.512 0.5212 0.5811 0.5558 0.5442 0.6088 0.5927 0.5719 0.6157 0.6088 0.5811 0.6157 0.6157 0.5834 0.6249 0.6066 0.6227 0.6806 0.6504 0.6481 0.706 0.6921 0.6806 0.7107 0.7384 0.7083 0.7176 0.7569 0.7199 0.7153 0.7523 0.7222 0.7199 0.75 0.7222 0.4658 0.5211 0.4911 0.4888 0.5258 0.5396 0.5258 0.5511 0.6019 0.5649 0.5649 0.6319 0.5927 0.5788 0.6364 0.5996 0.5788 0.6249 0.5972 0.5834
0.0 1.0 0.0 0.6226 0.7246 0.5996 0.0767 0.0 0.1923 0.21 0.22 0.23 0.24 0.25 0.26 0.27 0.28 0.29 0.3 0.31 0.32 0.33 0.34 0.35 0.36 0.37 0.38 0.39 0.4 0.489 0.4751 0.5143 0.5397 0.512 0.5212 0.5811 0.5558 0.5442 0.6088 0.5927 0.5719 0.6157 0.6088 0.5811 0.6157 0.6157 0.5834 0.6249 0.6019 0.6227 0.6806 0.6504 0.6481 0.706 0.6921 0.6806 0.7107 0.7384 0.7083 0.7176 0.7569 0.7199 0.7153 0.7523 0.7222 0.7199 0.75 0.7222 0.7222 0.5211 0.4911 0.4888 0.5258 0.5396 0.5258 0.5511 0.6019 0.5649 0.5649 0.6319 0.5927 0.5788 0.6364 0.5996 0.5788 0.6249 0.5972 0.5834 0.6411
0.0 1.0 0.0 0.6157 0.7338 0.6503 0.0843 0.077 0.1 0.22 0.23 0.24 0.25 0.26 0.27 0.28 0.29 0.3 0.31 0.32 0.33 0.34 0.35 0.36 0.37 0.38 0.39 0.4 0.41 0.4751 0.5143 0.5397 0.512 0.5212 0.5811 0.5558 0.5442 0.6088 0.5927 0.5719 0.6157 0.6088 0.5811 0.6157 0.6157 0.5834 0.6249 0.6019 0.5766 0.6806 0.6504 0.6481 0.706 0.6921 0.6806 0.7107 0.7384 0.7083 0.7176 0.7569 0.7199 0.7153 0.7523 0.7222 0.7199 0.75 0.7222 0.7222 0.7453 0.4911 0.4888 0.5258 0.5396 0.5258 0.5511 0.6019 0.5649 0.5649 0.6319 0.5927 0.5788 0.6364 0.5996 0.5788 0.6249 0.5972 0.5834 0.6411 0.6111
0.0 1.0 0.0 0.588 0.7686 0.6203 0.1533 0.069 0.0383 0.23 0.24 0.25 0.26 0.27 0.28 0.29 0.3 0.31 0.32 0.33 0.34 0.35 0.36 0.37 0.38 0.39 0.4 0.41 0.42 0.5143 0.5397 0.512 0.5212 0.5811 0.5558 0.5442 0.6088 0.5927 0.5719 0.6157 0.6088 0.5811 0.6157 0.6157 0.5834 0.6249 0.6019 0.5766 0.6226 0.6504 0.6481 0.706 0.6921 0.6806 0.7107 0.7384 0.7083 0.7176 0.7569 0.7199 0.7153 0.7523 0.7222 0.7199 0.75 0.7222 0.7222 0.7453 0.7246 0.4888 0.5258 0.5396 0.5258 0.5511 0.6019 0.5649 0.5649 0.6319 0.5927 0.5788 0.6364 0.5996 0.5788 0.6249 0.5972 0.5834 0.6411 0.6111 0.5996
0.0 1.0 0.0 0.641 0.7408 0.6088 0.023 0.0307 0.169 0.24 0.25 0.26 0.27 0.28 0.29 0.3 0.31 0.32 0.33 0.34 0.35 0.36 0.37 0.38 0.39 0.4 0.41 0.42 0.43 0.5397 0.512 0.5212 0.5811 0.5558 0.5442 0.6088 0.5927 0.5719 0.6157 0.6088 0.5811 0.6157 0.6157 0.5834 0.6249 0.6019 0.5766 0.6226 0.6157 0.6481 0.706 0.6921 0.6806 0.7107 0.7384 0.7083 0.7176 0.7569 0.7199 0.7153 0.7523 0.7222 0.7199 0.75 0.7222 0.7222 0.7453 0.7246 0.7338 0.5258 0.5396 0.5258 0.5511 0.6019 0.5649 0.5649 0.6319 0.5927 0.5788 0.6364 0.5996 0.5788 0.6249 0.5972 0.5834 0.6411 0.6111 0.5996 0.6503
0.0 1.0 0.0 0.6318 0.7453 0.678 0.0923 0.116 0.1 0.25 0.26 0.27 0.28 0.29 0.3 0.31 0.32 0.33 0.34 0.35 0.36 0.37 0.38 0.39 0.4 0.41 0.42 0.43 0.44 0.512 0.5212 0.5811 0.5558 0.5442 0.6088 0.5927 0.5719 0.6157 0.6088 0.5811 0.6157 0.6157 0.5834 0.6249 0.6019 0.5766 0.6226 0.6157 0.588 0.706 0.6921 0.6806 0.7107 0.7384 0.7083 0.7176 0.7569 0.7199 0.7153 0.7523 0.7222 0.7199 0.75 0.7222 0.7222 0.7453 0.7246 0.7338 0.7686 0.5396 0.5258 0.5511 0.6019 0.5649 0.5649 0.6319 0.5927 0.5788 0.6364 0.5996 0.5788 0.6249 0.5972 0.5834 0.6411 0.6111 0.5996 0.6503 0.6203
0.0 1.0 0.0 0.5972 0.7963 0.6411 0.1767 0.0927 0.0383 0.26 0.27 0.28 0.29 0.3 0.31 0.32 0.33 0.34 0.35 0.36 0.37 0.38 0.39 0.4 0.41 0.42 0.43 0.44 0.45 0.5212 0.5811 0.5558 0.5442 0.6088 0.5927 0.5719 0.6157 0.6088 0.5811 0.6157 0.6157 0.5834 0.6249 0.6019 0.5766 0.6226 0.6157 0.588 0.641 0.6921 0.6806 0.7107 0.7384 0.7083 0.7176 0.7569 0.7199 0.7153 0.7523 0.7222 0.7199 0.75 0.7222 0.7222 0.7453 0.7246 0.7338 0.7686 0.7408 0.5258 0.5511 0.6019 0.5649 0.5649 0.6319 0.5927 0.5788 0.6364 0.5996 0.5788 0.6249 0.5972 0.5834 0.6411 0.6111 0.5996 0.6503 0.6203 0.6088
0.0 1.0 0.0 0.6594 0.7662 0.6157 0.0307 0.015 0.2307 0.27 0.28 0.29 0.3 0.31 0.32 0.33 0.34 0.35 0.36 0.37 0.38 0.39 0.4 0.41 0.42 0.43 0.44 0.45 0.46 0.5811 0.5558 0.5442 0.6088 0.5927 0.5719 0.6157 0.6088 0.5811 0.6157 0.6157 0.5834 0.6249 0.6019 0.5766 0.6226 0.6157 0.588 0.641 0.6318 0.6806 0.7107 0.7384 0.7083 0.7176 0.7569 0.7199 0.7153 0.7523 0.7222 0.7199 0.75 0.7222 0.7222 0.7453 0.7246 0.7338 0.7686 0.7408 0.7453 0.5511 0.6019 0.5649 0.5649 0.6319 0.5927 0.5788 0.6364 0.5996 0.5788 0.6249 0.5972 0.5834 0.6411 0.6111 0.5996 0.6503 0.6203 0.6088 0.678
0.0 1.0 0.0 0.6594 0.7592 0.6918 0.1153 0.17 0.123 0.28 0.29 0.3 0.31 0.32 0.33 0.34 0.35 0.36 0.37 0.38 0.39 0.4 0.41 0.42 0.43 0.44 0.45 0.46 0.47 0.5558 0.5442 0.6088 0.5927 0.5719 0.6157 0.6088 0.5811 0.6157 0.6157 0.5834 0.6249 0.6019 0.5766 0.6226 0.6157 0.588 0.641 0.6318 0.5972 0.7107 0.7384 0.7083 0.7176 0.7569 0.7199 0.7153 0.7523 0.7222 0.7199 0.75 0.7222 0.7222 0.7453 0.7246 0.7338 0.7686 0.7408 0.7453 0.7963 0.6019 0.5649 0.5649 0.6319 0.5927 0.5788 0.6364 0.5996 0.5788 0.6249 0.5972 0.5834 0.6411 0.6111 0.5996 0.6503 0.6203 0.6088 0.678 0.6411
0.0 1.0 0.0 0.618 0.8194 0.6664 0.2073 0.1003 0.0847 0.29 0.3 0.31 0.32 0.33 0.34 0.35 0.36 0.37 0.38 0.39 0.4 0.41 0.42 0.43 0.44 0.45 0.46 0.47 0.48 0.5442 0.6088 0.5927 0.5719 0.6157 0.6088 0.5811 0.6157 0.6157 0.5834 0.6249 0.6019 0.5766 0.6226 0.6157 0.588 0.641 0.6318 0.5972 0.6594 0.7384 0.7083 0.7176 0.7569 0.7199 0.7153 0.7523 0.7222 0.7199 0.75 0.7222 0.7222 0.7453 0.7246 0.7338 0.7686 0.7408 0.7453 0.7963 0.7662 0.5649 0.5649 0.6319 0.5927 0.5788 0.6364 0.5996 0.5788 0.6249 0.5972 0.5834 0.6411 0.6111 0.5996 0.6503 0.6203 0.6088 0.678 0.6411 0.6157
0.0 1.0 0.0 0.664 0.787 0.6296 0.0 0.0233 0.2537 0.3 0.31 0.32 0.33 0.34 0.35 0.36 0.37 0.38 0.39 0.4 0.41 0.42 0.43 0.44 0.45 0.46 0.47 0.48 0.49 0.6088 0.5927 0.5719 0.6157 0.6088 0.5811 0.6157 0.6157 0.5834 0.6249 0.6019 0.5766 0.6226 0.6157 0.588 0.641 0.6318 0.5972 0.6594 0.6594 0.7083 0.7176 0.7569 0.7199 0.7153 0.7523 0.7222 0.7199 0.75 0.7222 0.7222 0.7453 0.7246 0.7338 0.7686 0.7408 0.7453 0.7963 0.7662 0.7592 0.5649 0.6319 0.5927 0.5788 0.6364 0.5996 0.5788 0.6249 0.5972 0.5834 0.6411 0.6111 0.5996 0.6503 0.6203 0.6088 0.678 0.6411 0.6157 0.6918
0.0 1.0 0.0 0.6824 0.7708 0.701 0.138 0.2007 0.0847 0.31 0.32 0.33 0.34 0.35 0.36 0.37 0.38 0.39 0.4 0.41 0.42 0.43 0.44 0.45 0.46 0.47 0.48 0.49 0.5 0.5927 0.5719 0.6157 0.6088 0.5811 0.6157 0.6157 0.5834 0.6249 0.6019 0.5766 0.6226 0.6157 0.588 0.641 0.6318 0.5972 0.6594 0.6594 0.618 0.7176 0.7569 0.7199 0.7153 0.7523 0.7222 0.7199 0.75 0.7222 0.7222 0.7453 0.7246 0.7338 0.7686 0.7408 0.7453 0.7963 0.7662 0.7592 0.8194 0.6319 0.5927 0.5788 0.6364 0.5996 0.5788 0.6249 0.5972 0.5834 0.6411 0.6111 0.5996 0.6503 0.6203 0.6088 0.678 0.6411 0.6157 0.6918 0.6664
0.0 1.0 0.0 0.6341 0.838 0.6802 0.1533 0.108 0.1227 0.32 0.33 0.34 0.35 0.36 0.37 0.38 0.39 0.4 0.41 0.42 0.43 0.44 0.45 0.46 0.47 0.48 0.49 0.5 0.51 0.5719 0.6157 0.6088 0.5811 0.6157 0.6157 0.5834 0.6249 0.6019 0.5766 0.6226 0.6157 0.588 0.641 0.6318 0.5972 0.6594 0.6594 0.618 0.664 0.7569 0.7199 0.7153 0.7523 0.7222 0.7199 0.75 0.7222 0.7222 0.7453 0.7246 0.7338 0.7686 0.7408 0.7453 0.7963 0.7662 0.7592 0.8194 0.787 0.5927 0.5788 0.6364 0.5996 0.5788 0.6249 0.5972 0.5834 0.6411 0.6111 0.5996 0.6503 0.6203 0.6088 0.678 0.6411 0.6157 0.6918 0.6664 0.6296
0.0 1.0 0.0 0.6571 0.8009 0.6388 0.0613 0.054 0.238 0.33 0.34 0.35 0.36 0.37 0.38 0.39 0.4 0.41 0.42 0.43 0.44 0.45 0.46 0.47 0.48 0.49 0.5 0.51 0.52 0.6157 0.6088 0.5811 0.6157 0.6157 0.5834 0.6249 0.6019 0.5766 0.6226 0.6157 0.588 0.641 0.6318 0.5972 0.6594 0.6594 0.618 0.664 0.6824 0.7199 0.7153 0.7523 0.7222 0.7199 0.75 0.7222 0.7222 0.7453 0.7246 0.7338 0.7686 0.7408 0.7453 0.7963 0.7662 0.7592 0.8194 0.787 0.7708 0.5788 0.6364 0.5996 0.5788 0.6249 0.5972 0.5834 0.6411 0.6111 0.5996 0.6503 0.6203 0.6088 0.678 0.6411 0.6157 0.6918 0.6664 0.6296 0.701
0.0 1.0 0.0 0.6917 0.7708 0.6896 0.161 0.224 0.0693 0.34 0.35 0.36 0.37 0.38 0.39 0.4 0.41 0.42 0.43 0.44 0.45 0.46 0.47 0.48 0.49 0.5 0.51 0.52 0.53 0.6088 0.5811 0.6157 0.6157 0.5834 0.6249 0.6019 0.5766 0.6226 0.6157 0.588 0.641 0.6318 0.5972 0.6594 0.6594 0.618 0.664 0.6824 0.6341 0.7153 0.7523 0.7222 0.7199 0.75 0.7222 0.7222 0.7453 0.7246 0.7338 0.7686 0.7408 0.7453 0.7963 0.7662 0.7592 0.8194 0.787 0.7708 0.838 0.6364 0.5996 0.5788 0.6249 0.5972 0.5834 0.6411 0.6111 0.5996 0.6503 0.6203 0.6088 0.678 0.6411 0.6157 0.6918 0.6664 0.6296 0.701 0.6802
0.0 1.0 0.0 0.641 0.8357 0.6849 0.0767 0.1237 0.138 0.35 0.36 0.37 0.38 0.39 0.4 0.41 0.42 0.43 0.44 0.45 0.46 0.47 0.48 0.49 0.5 0.51 0.52 0.53 0.54 0.5811 0.6157 0.6157 0.5834 0.6249 0.6019 0.5766 0.6226 0.6157 0.588 0.641 0.6318 0.5972 0.6594 0.6594 0.618 0.664 0.6824 0.6341 0.6571 0.7523 0.7222 0.7199 0.75 0.7222 0.7222 0.7453 0.7246 0.7338 0.7686 0.7408 0.7453 0.7963 0.7662 0.7592 0.8194 0.787 0.7708 0.838 0.8009 0.5996 0.5788 0.6249 0.5972 0.5834 0.6411 0.6111 0.5996 0.6503 0.6203 0.6088 0.678 0.6411 0.6157 0.6918 0.6664 0.6296 0.701 0.6802 0.6388
0.0 1.0 0.0 0.6387 0.8079 0.6364 0.1153 0.1003 0.1693 0.36 0.37 0.38 0.39 0.4 0.41 0.42 0.43 0.44 0.45 0.46 0.47 0.48 0.49 0.5 0.51 0.52 0.53 0.54 0.55 0.6157 0.6157 0.5834 0.6249 0.6019 0.5766 0.6226 0.6157 0.588 0.641 0.6318 0.5972 0.6594 0.6594 0.618 0.664 0.6824 0.6341 0.6571 0.6917 0.7222 0.7199 0.75 0.7222 0.7222 0.7453 0.7246 0.7338 0.7686 0.7408 0.7453 0.7963 0.7662 0.7592 0.8194 0.787 0.7708 0.838 0.8009 0.7708 0.5788 0.6249 0.5972 0.5834 0.6411 0.6111 0.5996 0.6503 0.6203 0.6088 0.678 0.6411 0.6157 0.6918 0.6664 0.6296 0.701 0.6802 0.6388 0.6896
0.0 1.0 0.0 0.694 0.7686 0.6641 0.169 0.2163 0.0157 0.37 0.38 0.39 0.4 0.41 0.42 0.43 0.44 0.45 0.46 0.47 0.48 0.49 0.5 0.51 0.52 0.53 0.54 0.55 0.56 0.6157 0.5834 0.6249 0.6019 0.5766 0.6226 0.6157 0.588 0.641 0.6318 0.5972 0.6594 0.6594 0.618 0.664 0.6824 0.6341 0.6571 0.6917 0.641 0.7199 0.75 0.7222 0.7222 0.7453 0.7246 0.7338 0.7686 0.7408 0.7453 0.7963 0.7662 0.7592 0.8194 0.787 0.7708 0.838 0.8009 0.7708 0.8357 0.6249 0.5972 0.5834 0.6411 0.6111 0.5996 0.6503 0.6203 0.6088 0.678 0.6411 0.6157 0.6918 0.6664 0.6296 0.701 0.6802 0.6388 0.6896 0.6849
0.0 1.0 0.0 0.641 0.8194 0.6826 0.0077 0.0927 0.1617 0.38 0.39 0.4 0.41 0.42 0.43 0.44 0.45 0.46 0.47 0.48 0.49 0.5 0.51 0.52 0.53 0.54 0.55 0.56 0.57 0.5834 0.6249 0.6019 0.5766 0.6226 0.6157 0.588 0.641 0.6318 0.5972 0.6594 0.6594 0.618 0.664 0.6824 0.6341 0.6571 0.6917 0.641 0.6387 0.75 0.7222 0.7222 0.7453 0.7246 0.7338 0.7686 0.7408 0.7453 0.7963 0.7662 0.7592 0.8194 0.787 0.7708 0.838 0.8009 0.7708 0.8357 0.8079 0.5972 0.5834 0.6411 0.6111 0.5996 0.6503 0.6203 0.6088 0.678 0.6411 0.6157 0.6918 0.6664 0.6296 0.701 0.6802 0.6388 0.6896 0.6849 0.6364
0.0 1.0 0.0 0.6202 0.8102 0.6341 0.1843 0.131 0.0923 0.39 0.4 0.41 0.42 0.43 0.44 0.45 0.46 0.47 0.48 0.49 0.5 0.51 0.52 0.53 0.54 0.55 0.56 0.57 0.58 0.6249 0.6019 0.5766 0.6226 0.6157 0.588 0.641 0.6318 0.5972 0.6594 0.6594 0.618 0.664 0.6824 0.6341 0.6571 0.6917 0.641 0.6387 0.694 0.7222 0.7222 0.7453 0.7246 0.7338 0.7686 0.7408 0.7453 0.7963 0.7662 0.7592 0.8194 0.787 0.7708 0.838 0.8009 0.7708 0.8357 0.8079 0.7686 0.5834 0.6411 0.6111 0.5996 0.6503 0.6203 0.6088 0.678 0.6411 0.6157 0.6918 0.6664 0.6296 0.701 0.6802 0.6388 0.6896 0.6849 0.6364 0.6641
0.0 1.0 0.0 0.6893 0.7662 0.6388 0.1767 0.1693 0.0617 0.4 0.41 0.42 0.43 0.44 0.45 0.46 0.47 0.48 0.49 0.5 0.51 0.52 0.53 0.54 0.55 0.56 0.57 0.58 0.59 0.6019 0.5766 0.6226 0.6157 0.588 0.641 0.6318 0.5972 0.6594 0.6594 0.618 0.664 0.6824 0.6341 0.6571 0.6917 0.641 0.6387 0.694 0.641 0.7222 0.7453 0.7246 0.7338 0.7686 0.7408 0.7453 0.7963 0.7662 0.7592 0.8194 0.787 0.7708 0.838 0.8009 0.7708 0.8357 0.8079 0.7686 0.8194 0.6411 0.6111 0.5996 0.6503 0.6203 0.6088 0.678 0.6411 0.6157 0.6918 0.6664 0.6296 0.701 0.6802 0.6388 0.6896 0.6849 0.6364 0.6641 0.6826
0.0 1.0 0.0 0.641 0.7963 0.6757 0.0693 0.0307 0.1617 0.41 0.42 0.43 0.44 0.45 0.46 0.47 0.48 0.49 0.5 0.51 0.52 0.53 0.54 0.55 0.56 0.57 0.58 0.59 0.6 0.5766 0.6226 0.6157 0.588 0.641 0.6318 0.5972 0.6594 0.6594 0.618 0.664 0.6824 0.6341 0.6571 0.6917 0.641 0.6387 0.694 0.641 0.6202 0.7453 0.7246 0.7338 0.7686 0.7408 0.7453 0.7963 0.7662 0.7592 0.8194 0.787 0.7708 0.838 0.8009 0.7708 0.8357 0.8079 0.7686 0.8194 0.8102 0.6111 0.5996 0.6503 0.6203 0.6088 0.678 0.6411 0.6157 0.6918 0.6664 0.6296 0.701 0.6802 0.6388 0.6896 0.6849 0.6364 0.6641 0.6826 0.6341
0.0 1.0 0.0 0.6041 0.8124 0.6296 0.2303 0.1467 0.0157 0.42 0.43 0.44 0.45 0.46 0.47 0.48 0.49 0.5 0.51 0.52 0.53 0.54 0.55 0.56 0.57 0.58 0.59 0.6 0.61 0.6226 0.6157 0.588 0.641 0.6318 0.5972 0.6594 0.6594 0.618 0.664 0.6824 0.6341 0.6571 0.6917 0.641 0.6387 0.694 0.641 0.6202 0.6893 0.7246 0.7338 0.7686 0.7408 0.7453 0.7963 0.7662 0.7592 0.8194 0.787 0.7708 0.838 0.8009 0.7708 0.8357 0.8079 0.7686 0.8194 0.8102 0.7662 0.5996 0.6503 0.6203 0.6088 0.678 0.6411 0.6157 0.6918 0.6664 0.6296 0.701 0.6802 0.6388 0.6896 0.6849 0.6364 0.6641 0.6826 0.6341 0.6388
0.0 1.0 0.0 0.6709 0.7686 0.6064 0.161 0.1003 0.123 0.43 0.44 0.45 0.46 0.47 0.48 0.49 0.5 0.51 0.52 0.53 0.54 0.55 0.56 0.57 0.58 0.59 0.6 0.61 0.62 0.6157 0.588 0.641 0.6318 0.5972 0.6594 0.6594 0.618 0.664 0.6824 0.6341 0.6571 0.6917 0.641 0.6387 0.694 0.641 0.6202 0.6893 0.641 0.7338 0.7686 0.7408 0.7453 0.7963 0.7662 0.7592 0.8194 0.787 0.7708 0.838 0.8009 0.7708 0.8357 0.8079 0.7686 0.8194 0.8102 0.7662 0.7963 0.6503 0.6203 0.6088 0.678 0.6411 0.6157 0.6918 0.6664 0.6296 0.701 0.6802 0.6388 0.6896 0.6849 0.6364 0.6641 0.6826 0.6341 0.6388 0.6757
0.0 1.0 0.0 0.641 0.7731 0.6733 0.123 0.0537 0.1537 0.44 0.45 0.46 0.47 0.48 0.49 0.5 0.51 0.52 0.53 0.54 0.55 0.56 0.57 0.58 0.59 0.6 0.61 0.62 0.63 0.588 0.641 0.6318 0.5972 0.6594 0.6594 0.618 0.664 0.6824 0.6341 0.6571 0.6917 0.641 0.6387 0.694 0.641 0.6202 0.6893 0.641 0.6041 0.7686 0.7408 0.7453 0.7963 0.7662 0.7592 0.8194 0.787 0.7708 0.838 0.8009 0.7708 0.8357 0.8079 0.7686 0.8194 0.8102 0.7662 0.7963 0.8124 0.6203 0.6088 0.678 0.6411 0.6157 0.6918 0.6664 0.6296 0.701 0.6802 0.6388 0.6896 0.6849 0.6364 0.6641 0.6826 0.6341 0.6388 0.6757 0.6296
0.0 1.0 0.0 0.5972 0.8102 0.6296 0.2227 0.146 0.0773 0.45 0.46 0.47 0.48 0.49 0.5 0.51 0.52 0.53 0.54 0.55 0.56 0.57 0.58 0.59 0.6 0.61 0.62 0.63 0.64 0.641 0.6318 0.5972 0.6594 0.6594 0.618 0.664 0.6824 0.6341 0.6571 0.6917 0.641 0.6387 0.694 0.641 0.6202 0.6893 0.641 0.6041 0.6709 0.7408 0.7453 0.7963 0.7662 0.7592 0.8194 0.787 0.7708 0.838 0.8009 0.7708 0.8357 0.8079 0.7686 0.8194 0.8102 0.7662 0.7963 0.8124 0.7686 0.6088 0.678 0.6411 0.6157 0.6918 0.6664 0.6296 0.701 0.6802 0.6388 0.6896 0.6849 0.6364 0.6641 0.6826 0.6341 0.6388 0.6757 0.6296 0.6064
0.0 1.0 0.0 0.5742 0.7708 0.5949 0.0997 0.015 0.223 0.46 0.47 0.48 0.49 0.5 0.51 0.52 0.53 0.54 0.55 0.56 0.57 0.58 0.59 0.6 0.61 0.62 0.63 0.64 0.65 0.6318 0.5972 0.6594 0.6594 0.618 0.664 0.6824 0.6341 0.6571 0.6917 0.641 0.6387 0.694 0.641 0.6202 0.6893 0.641 0.6041 0.6709 0.641 0.7453 0.7963 0.7662 0.7592 0.8194 0.787 0.7708 0.838 0.8009 0.7708 0.8357 0.8079 0.7686 0.8194 0.8102 0.7662 0.7963 0.8124 0.7686 0.7731 0.678 0.6411 0.6157 0.6918 0.6664 0.6296 0.701 0.6802 0.6388 0.6896 0.6849 0.6364 0.6641 0.6826 0.6341 0.6388 0.6757 0.6296 0.6064 0.6733
0.0 1.0 0.0 0.5558 0.7338 0.5719 0.146 0.1237 0.1457 0.47 0.48 0.49 0.5 0.51 0.52 0.53 0.54 0.55 0.56 0.57 0.58 0.59 0.6 0.61 0.62 0.63 0.64 0.65 0.66 0.5972 0.6594 0.6594 0.618 0.664 0.6824 0.6341 0.6571 0.6917 0.641 0.6387 0.694 0.641 0.6202 0.6893 0.641 0.6041 0.6709 0.641 0.5972 0.7963 0.7662 0.7592 0.8194 0.787 0.7708 0.838 0.8009 0.7708 0.8357 0.8079 0.7686 0.8194 0.8102 0.7662 0.7963 0.8124 0.7686 0.7731 0.8102 0.6411 0.6157 0.6918 0.6664 0.6296 0.701 0.6802 0.6388 0.6896 0.6849 0.6364 0.6641 0.6826 0.6341 0.6388 0.6757 0.6296 0.6064 0.6733 0.6296
0.0 1.0 0.0 0.5304 0.7107 0.5557 0.0767 0.1313 0.1157 0.48 0.49 0.5 0.51 0.52 0.53 0.54 0.55 0.56 0.57 0.58 0.59 0.6 0.61 0.62 0.63 0.64 0.65 0.66 0.67 0.6594 0.6594 0.618 0.664 0.6824 0.6341 0.6571 0.6917 0.641 0.6387 0.694 0.641 0.6202 0.6893 0.641 0.6041 0.6709 0.641 0.5972 0.5742 0.7662 0.7592 0.8194 0.787 0.7708 0.838 0.8009 0.7708 0.8357 0.8079 0.7686 0.8194 0.8102 0.7662 0.7963 0.8124 0.7686 0.7731 0.8102 0.7708 0.6157 0.6918 0.6664 0.6296 0.701 0.6802 0.6388 0.6896 0.6849 0.6364 0.6641 0.6826 0.6341 0.6388 0.6757 0.6296 0.6064 0.6733 0.6296 0.5949
0.0 1.0 0.0 0.5051 0.6898 0.5327 0.0613 0.1233 0.0767 0.49 0.5 0.51 0.52 0.53 0.54 0.55 0.56 0.57 0.58 0.59 0.6 0.61 0.62 0.63 0.64 0.65 0.66 0.67 0.68 0.6594 0.618 0.664 0.6824 0.6341 0.6571 0.6917 0.641 0.6387 0.694 0.641 0.6202 0.6893 0.641 0.6041 0.6709 0.641 0.5972 0.5742 0.5558 0.7592 0.8194 0.787 0.7708 0.838 0.8009 0.7708 0.8357 0.8079 0.7686 0.8194 0.8102 0.7662 0.7963 0.8124 0.7686 0.7731 0.8102 0.7708 0.7338 0.6918 0.6664 0.6296 0.701 0.6802 0.6388 0.6896 0.6849 0.6364 0.6641 0.6826 0.6341 0.6388 0.6757 0.6296 0.6064 0.6733 0.6296 0.5949 0.5719
0.0 1.0 0.0 0.4913 0.6643 0.5119 0.0847 0.077 0.054 0.5 0.51 0.52 0.53 0.54 0.55 0.56 0.57 0.58 0.59 0.6 0.61 0.62 0.63 0.64 0.65 0.66 0.67 0.68 0.69 0.618 0.664 0.6824 0.6341 0.6571 0.6917 0.641 0.6387 0.694 0.641 0.6202 0.6893 0.641 0.6041 0.6709 0.641 0.5972 0.5742 0.5558 0.5304 0.8194 0.787 0.7708 0.838 0.8009 0.7708 0.8357 0.8079 0.7686 0.8194 0.8102 0.7662 0.7963 0.8124 0.7686 0.7731 0.8102 0.7708 0.7338 0.7107 0.6664 0.6296 0.701 0.6802 0.6388 0.6896 0.6849 0.6364 0.6641 0.6826 0.6341 0.6388 0.6757 0.6296 0.6064 0.6733 0.6296 0.5949 0.5719 0.5557
0.0 1.0 0.0 0.4729 0.6436 0.5003 0.0843 0.0697 0.0767 0.51 0.52 0.53 0.54 0.55 0.56 0.57 0.58 0.59 0.6 0.61 0.62 0.63 0.64 0.65 0.66 0.67 0.68 0.69 0.7 0.664 0.6824 0.6341 0.6571 0.6917 0.641 0.6387 0.694 0.641 0.6202 0.6893 0.641 0.6041 0.6709 0.641 0.5972 0.5742 0.5558 0.5304 0.5051 0.787 0.7708 0.838 0.8009 0.7708 0.8357 0.8079 0.7686 0.8194 0.8102 0.7662 0.7963 0.8124 0.7686 0.7731 0.8102 0.7708 0.7338 0.7107 0.6898 0.6296 0.701 0.6802 0.6388 0.6896 0.6849 0.6364 0.6641 0.6826 0.6341 0.6388 0.6757 0.6296 0.6064 0.6733 0.6296 0.5949 0.5719 0.5557 0.5327
0.0 1.0 0.0 0.4521 0.6297 0.4842 0.046 0.085 0.0693 0.52 0.53 0.54 0.55 0.56 0.57 0.58 0.59 0.6 0.61 0.62 0.63 0.64 0.65 0.66 0.67 0.68 0.69 0.7 0.71 0.6824 0.6341 0.6571 0.6917 0.641 0.6387 0.694 0.641 0.6202 0.6893 0.641 0.6041 0.6709 0.641 0.5972 0.5742 0.5558 0.5304 0.5051 0.4913 0.7708 0.838 0.8009 0.7708 0.8357 0.8079 0.7686 0.8194 0.8102 0.7662 0.7963 0.8124 0.7686 0.7731 0.8102 0.7708 0.7338 0.7107 0.6898 0.6643 0.701 0.6802 0.6388 0.6896 0.6849 0.6364 0.6641 0.6826 0.6341 0.6388 0.6757 0.6296 0.6064 0.6733 0.6296 0.5949 0.5719 0.5557 0.5327 0.5119
0.0 1.0 0.0 0.436 0.6111 0.4634 0.0613 0.069 0.0387 0.53 0.54 0.55 0.56 0.57 0.58 0.59 0.6 0.61 0.62 0.63 0.64 0.65 0.66 0.67 0.68 0.69 0.7 0.71 0.72 0.6341 0.6571 0.6917 0.641 0.6387 0.694 0.641 0.6202 0.6893 0.641 0.6041 0.6709 0.641 0.5972 0.5742 0.5558 0.5304 0.5051 0.4913 0.4729 0.838 0.8009 0.7708 0.8357 0.8079 0.7686 0.8194 0.8102 0.7662 0.7963 0.8124 0.7686 0.7731 0.8102 0.7708 0.7338 0.7107 0.6898 0.6643 0.6436 0.6802 0.6388 0.6896 0.6849 0.6364 0.6641 0.6826 0.6341 0.6388 0.6757 0.6296 0.6064 0.6733 0.6296 0.5949 0.5719 0.5557 0.5327 0.5119 0.5003
0.0 1.0 0.0 0.4291 0.5903 0.4566 0.0693 0.0463 0.0537 0.54 0.55 0.56 0.57 0.58 0.59 0.6 0.61 0.62 0.63 0.64 0.65 0.66 0.67 0.68 0.69 0.7 0.71 0.72 0.73 0.6571 0.6917 0.641 0.6387 0.694 0.641 0.6202 0.6893 0.641 0.6041 0.6709 0.641 0.5972 0.5742 0.5558 0.5304 0.5051 0.4913 0.4729 0.4521 0.8009 0.7708 0.8357 0.8079 0.7686 0.8194 0.8102 0.7662 0.7963 0.8124 0.7686 0.7731 0.8102 0.7708 0.7338 0.7107 0.6898 0.6643 0.6436 0.6297 0.6388 0.6896 0.6849 0.6364 0.6641 0.6826 0.6341 0.6388 0.6757 0.6296 0.6064 0.6733 0.6296 0.5949 0.5719 0.5557 0.5327 0.5119 0.5003 0.4842
0.0 1.0 0.0 0.4083 0.5857 0.445 0.0537 0.062 0.0693 0.55 0.56 0.57 0.58 0.59 0.6 0.61 0.62 0.63 0.64 0.65 0.66 0.67 0.68 0.69 0.7 0.71 0.72 0.73 0.74 0.6917 0.641 0.6387 0.694 0.641 0.6202 0.6893 0.641 0.6041 0.6709 0.641 0.5972 0.5742 0.5558 0.5304 0.5051 0.4913 0.4729 0.4521 0.436 0.7708 0.8357 0.8079 0.7686 0.8194 0.8102 0.7662 0.7963 0.8124 0.7686 0.7731 0.8102 0.7708 0.7338 0.7107 0.6898 0.6643 0.6436 0.6297 0.6111 0.6896 0.6849 0.6364 0.6641 0.6826 0.6341 0.6388 0.6757 0.6296 0.6064 0.6733 0.6296 0.5949 0.5719 0.5557 0.5327 0.5119 0.5003 0.4842 0.4634
0.0 1.0 0.0 0.3969 0.5718 0.4242 0.023 0.0693 0.0227 0.56 0.57 0.58 0.59 0.6 0.61 0.62 0.63 0.64 0.65 0.66 0.67 0.68 0.69 0.7 0.71 0.72 0.73 0.74 0.75 0.641 0.6387 0.694 0.641 0.6202 0.6893 0.641 0.6041 0.6709 0.641 0.5972 0.5742 0.5558 0.5304 0.5051 0.4913 0.4729 0.4521 0.436 0.4291 0.8357 0.8079 0.7686 0.8194 0.8102 0.7662 0.7963 0.8124 0.7686 0.7731 0.8102 0.7708 0.7338 0.7107 0.6898 0.6643 0.6436 0.6297 0.6111 0.5903 0.6849 0.6364 0.6641 0.6826 0.6341 0.6388 0.6757 0.6296 0.6064 0.6733 0.6296 0.5949 0.5719 0.5557 0.5327 0.5119 0.5003 0.4842 0.4634 0.4566
0.0 1.0 0.0 0.3991 0.551 0.4197 0.0693 0.0153 0.0387 0.57 0.58 0.59 0.6 0.61 0.62 0.63 0.64 0.65 0.66 0.67 0.68 0.69 0.7 0.71 0.72 0.73 0.74 0.75 0.76 0.6387 0.694 0.641 0.6202 0.6893 0.641 0.6041 0.6709 0.641 0.5972 0.5742 0.5558 0.5304 0.5051 0.4913 0.4729 0.4521 0.436 0.4291 0.4083 0.8079 0.7686 0.8194 0.8102 0.7662 0.7963 0.8124 0.7686 0.7731 0.8102 0.7708 0.7338 0.7107 0.6898 0.6643 0.6436 0.6297 0.6111 0.5903 0.5857 0.6364 0.6641 0.6826 0.6341 0.6388 0.6757 0.6296 0.6064 0.6733 0.6296 0.5949 0.5719 0.5557 0.5327 0.5119 0.5003 0.4842 0.4634 0.4566 0.445
0.0 1.0 0.0 0.3807 0.551 0.415 0.038 0.0463 0.0693 0.58 0.59 0.6 0.61 0.62 0.63 0.64 0.65 0.66 0.67 0.68 0.69 0.7 0.71 0.72 0.73 0.74 0.75 0.76 0.77 0.694 0.641 0.6202 0.6893 0.641 0.6041 0.6709 0.641 0.5972 0.5742 0.5558 0.5304 0.5051 0.4913 0.4729 0.4521 0.436 0.4291 0.4083 0.3969 0.7686 0.8194 0.8102 0.7662 0.7963 0.8124 0.7686 0.7731 0.8102 0.7708 0.7338 0.7107 0.6898 0.6643 0.6436 0.6297 0.6111 0.5903 0.5857 0.5718 0.6641 0.6826 0.6341 0.6388 0.6757 0.6296 0.6064 0.6733 0.6296 0.5949 0.5719 0.5557 0.5327 0.5119 0.5003 0.4842 0.4634 0.4566 0.445 0.4242
0.0 1.0 0.0 0.3669 0.5393 0.3966 0.0073 0.0693 0.015 0.59 0.6 0.61 0.62 0.63 0.64 0.65 0.66 0.67 0.68 0.69 0.7 0.71 0.72 0.73 0.74 0.75 0.76 0.77 0.78 0.641 0.6202 0.6893 0.641 0.6041 0.6709 0.641 0.5972 0.5742 0.5558 0.5304 0.5051 0.4913 0.4729 0.4521 0.436 0.4291 0.4083 0.3969 0.3991 0.8194 0.8102 0.7662 0.7963 0.8124 0.7686 0.7731 0.8102 0.7708 0.7338 0.7107 0.6898 0.6643 0.6436 0.6297 0.6111 0.5903 0.5857 0.5718 0.551 0.6826 0.6341 0.6388 0.6757 0.6296 0.6064 0.6733 0.6296 0.5949 0.5719 0.5557 0.5327 0.5119 0.5003 0.4842 0.4634 0.4566 0.445 0.4242 0.4197
0.0 1.0 0.0 0.3716 0.5209 0.3873 0.0613 0.0 0.0157 0.6 0.61 0.62 0.63 0.64 0.65 0.66 0.67 0.68 0.69 0.7 0.71 0.72 0.73 0.74 0.75 0.76 0.77 0.78 0.79 0.6202 0.6893 0.641 0.6041 0.6709 0.641 0.5972 0.5742 0.5558 0.5304 0.5051 0.4913 0.4729 0.4521 0.436 0.4291 0.4083 0.3969 0.3991 0.3807 0.8102 0.7662 0.7963 0.8124 0.7686 0.7731 0.8102 0.7708 0.7338 0.7107 0.6898 0.6643 0.6436 0.6297 0.6111 0.5903 0.5857 0.5718 0.551 0.551 0.6341 0.6388 0.6757 0.6296 0.6064 0.6733 0.6296 0.5949 0.5719 0.5557 0.5327 0.5119 0.5003 0.4842 0.4634 0.4566 0.445 0.4242 0.4197 0.415
0.0 1.0 0.0 0.3553 0.5162 0.3873 0.046 0.039 0.0613 0.61 0.62 0.63 0.64 0.65 0.66 0.67 0.68 0.69 0.7 0.71 0.72 0.73 0.74 0.75 0.76 0.77 0.78 0.79 0.8 0.6893 0.641 0.6041 0.6709 0.641 0.5972 0.5742 0.5558 0.5304 0.5051 0.4913 0.4729 0.4521 0.436 0.4291 0.4083 0.3969 0.3991 0.3807 0.3669 0.7662 0.7963 0.8124 0.7686 0.7731 0.8102 0.7708 0.7338 0.7107 0.6898 0.6643 0.6436 0.6297 0.6111 0.5903 0.5857 0.5718 0.551 0.551 0.5393 0.6388 0.6757 0.6296 0.6064 0.6733 0.6296 0.5949 0.5719 0.5557 0.5327 0.5119 0.5003 0.4842 0.4634 0.4566 0.445 0.4242 0.4197 0.415 0.3966
0.0 1.0 0.0 0.3416 0.5117 0.3712 0.0157 0.0613 0.031 0.62 0.63 0.64 0.65 0.66 0.67 0.68 0.69 0.7 0.71 0.72 0.73 0.74 0.75 0.76 0.77 0.78 0.79 0.8 0.81 0.641 0.6041 0.6709 0.641 0.5972 0.5742 0.5558 0.5304 0.5051 0.4913 0.4729 0.4521 0.436 0.4291 0.4083 0.3969 0.3991 0.3807 0.3669 0.3716 0.7963 0.8124 0.7686 0.7731 0.8102 0.7708 0.7338 0.7107 0.6898 0.6643 0.6436 0.6297 0.6111 0.5903 0.5857 0.5718 0.551 0.551 0.5393 0.5209 0.6757 0.6296 0.6064 0.6733 0.6296 0.5949 0.5719 0.5557 0.5327 0.5119 0.5003 0.4842 0.4634 0.4566 0.445 0.4242 0.4197 0.415 0.3966 0.3873
0.0 1.0 0.0 0.3439 0.4931 0.3597 0.0543 0.0157 0.0 0.63 0.64 0.65 0.66 0.67 0.68 0.69 0.7 0.71 0.72 0.73 0.74 0.75 0.76 0.77 0.78 0.79 0.8 0.81 0.82 0.6041 0.6709 0.641 0.5972 0.5742 0.5558 0.5304 0.5051 0.4913 0.4729 0.4521 0.436 0.4291 0.4083 0.3969 0.3991 0.3807 0.3669 0.3716 0.3553 0.8124 0.7686 0.7731 0.8102 0.7708 0.7338 0.7107 0.6898 0.6643 0.6436 0.6297 0.6111 0.5903 0.5857 0.5718 0.551 0.551 0.5393 0.5209 0.5162 0.6296 0.6064 0.6733 0.6296 0.5949 0.5719 0.5557 0.5327 0.5119 0.5003 0.4842 0.4634 0.4566 0.445 0.4242 0.4197 0.415 0.3966 0.3873 0.3873
0.0 1.0 0.0 0.33 0.4839 0.362 0.0457 0.015 0.0537 0.64 0.65 0.66 0.67 0.68 0.69 0.7 0.71 0.72 0.73 0.74 0.75 0.76 0.77 0.78 0.79 0.8 0.81 0.82 0.83 0.6709 0.641 0.5972 0.5742 0.5558 0.5304 0.5051 0.4913 0.4729 0.4521 0.436 0.4291 0.4083 0.3969 0.3991 0.3807 0.3669 0.3716 0.3553 0.3416 0.7686 0.7731 0.8102 0.7708 0.7338 0.7107 0.6898 0.6643 0.6436 0.6297 0.6111 0.5903 0.5857 0.5718 0.551 0.551 0.5393 0.5209 0.5162 0.5117 0.6064 0.6733 0.6296 0.5949 0.5719 0.5557 0.5327 0.5119 0.5003 0.4842 0.4634 0.4566 0.445 0.4242 0.4197 0.415 0.3966 0.3873 0.3873 0.3712
0.0 1.0 0.0 0.3162 0.4792 0.3436 0.0077 0.062 0.0383 0.65 0.66 0.67 0.68 0.69 0.7 0.71 0.72 0.73 0.74 0.75 0.76 0.77 0.78 0.79 0.8 0.81 0.82 0.83 0.84 0.641 0.5972 0.5742 0.5558 0.5304 0.5051 0.4913 0.4729 0.4521 0.436 0.4291 0.4083 0.3969 0.3991 0.3807 0.3669 0.3716 0.3553 0.3416 0.3439 0.7731 0.8102 0.7708 0.7338 0.7107 0.6898 0.6643 0.6436 0.6297 0.6111 0.5903 0.5857 0.5718 0.551 0.551 0.5393 0.5209 0.5162 0.5117 0.4931 0.6733 0.6296 0.5949 0.5719 0.5557 0.5327 0.5119 0.5003 0.4842 0.4634 0.4566 0.445 0.4242 0.4197 0.415 0.3966 0.3873 0.3873 0.3712 0.3597
