0.0537 0.7596 1.0 0.5822 0.6698 0.6374 0.6076 0.679 0.6767 0.6421 0.6767 0.7043 0.6674 0.6582 0.7181 0.6904 0.6698 0.6881 0.7158 0.6928 0.6997 0.7434 0.7273 0.4083 0.3737 0.406 0.45 0.4107 0.4083 0.4848 0.4547 0.4316 0.4871 0.4917 0.4639 0.4917 0.5126 0.4917 0.4893 0.5333 0.5357 0.5171 0.5357 0.3781 0.385 0.4496 0.4081 0.3897 0.4681 0.4427 0.4173 0.4611 0.4727 0.445 0.4496 0.4888 0.4681 0.4658 0.4934 0.4888 0.4796 0.498 0.5488
0.0153 0.8033 1.0 0.6698 0.6374 0.6076 0.679 0.6767 0.6421 0.6767 0.7043 0.6674 0.6582 0.7181 0.6904 0.6698 0.6881 0.7158 0.6928 0.6997 0.7434 0.7273 0.7319 0.3737 0.406 0.45 0.4107 0.4083 0.4848 0.4547 0.4316 0.4871 0.4917 0.4639 0.4917 0.5126 0.4917 0.4893 0.5333 0.5357 0.5171 0.5357 0.582 0.385 0.4496 0.4081 0.3897 0.4681 0.4427 0.4173 0.4611 0.4727 0.445 0.4496 0.4888 0.4681 0.4658 0.4934 0.4888 0.4796 0.498 0.5488 0.5372
0.0923 0.7849 1.0 0.6374 0.6076 0.679 0.6767 0.6421 0.6767 0.7043 0.6674 0.6582 0.7181 0.6904 0.6698 0.6881 0.7158 0.6928 0.6997 0.7434 0.7273 0.7319 0.7596 0.406 0.45 0.4107 0.4083 0.4848 0.4547 0.4316 0.4871 0.4917 0.4639 0.4917 0.5126 0.4917 0.4893 0.5333 0.5357 0.5171 0.5357 0.582 0.5588 0.4496 0.4081 0.3897 0.4681 0.4427 0.4173 0.4611 0.4727 0.445 0.4496 0.4888 0.4681 0.4658 0.4934 0.4888 0.4796 0.498 0.5488 0.5372 0.5464
0.1457 0.7964 1.0 0.6076 0.679 0.6767 0.6421 0.6767 0.7043 0.6674 0.6582 0.7181 0.6904 0.6698 0.6881 0.7158 0.6928 0.6997 0.7434 0.7273 0.7319 0.7596 0.8033 0.45 0.4107 0.4083 0.4848 0.4547 0.4316 0.4871 0.4917 0.4639 0.4917 0.5126 0.4917 0.4893 0.5333 0.5357 0.5171 0.5357 0.582 0.5588 0.5681 0.4081 0.3897 0.4681 0.4427 0.4173 0.4611 0.4727 0.445 0.4496 0.4888 0.4681 0.4658 0.4934 0.4888 0.4796 0.498 0.5488 0.5372 0.5464 0.5949
0.0613 0.8656 1.0 0.679 0.6767 0.6421 0.6767 0.7043 0.6674 0.6582 0.7181 0.6904 0.6698 0.6881 0.7158 0.6928 0.6997 0.7434 0.7273 0.7319 0.7596 0.8033 0.7849 0.4107 0.4083 0.4848 0.4547 0.4316 0.4871 0.4917 0.4639 0.4917 0.5126 0.4917 0.4893 0.5333 0.5357 0.5171 0.5357 0.582 0.5588 0.5681 0.6167 0.3897 0.4681 0.4427 0.4173 0.4611 0.4727 0.445 0.4496 0.4888 0.4681 0.4658 0.4934 0.4888 0.4796 0.498 0.5488 0.5372 0.5464 0.5949 0.6041
0.0383 0.8287 1.0 0.6767 0.6421 0.6767 0.7043 0.6674 0.6582 0.7181 0.6904 0.6698 0.6881 0.7158 0.6928 0.6997 0.7434 0.7273 0.7319 0.7596 0.8033 0.7849 0.7964 0.4083 0.4848 0.4547 0.4316 0.4871 0.4917 0.4639 0.4917 0.5126 0.4917 0.4893 0.5333 0.5357 0.5171 0.5357 0.582 0.5588 0.5681 0.6167 0.6143 0.4681 0.4427 0.4173 0.4611 0.4727 0.445 0.4496 0.4888 0.4681 0.4658 0.4934 0.4888 0.4796 0.498 0.5488 0.5372 0.5464 0.5949 0.6041 0.5857
0.2307 0.8194 1.0 0.6421 0.6767 0.7043 0.6674 0.6582 0.7181 0.6904 0.6698 0.6881 0.7158 0.6928 0.6997 0.7434 0.7273 0.7319 0.7596 0.8033 0.7849 0.7964 0.8656 0.4848 0.4547 0.4316 0.4871 0.4917 0.4639 0.4917 0.5126 0.4917 0.4893 0.5333 0.5357 0.5171 0.5357 0.582 0.5588 0.5681 0.6167 0.6143 0.6051 0.4427 0.4173 0.4611 0.4727 0.445 0.4496 0.4888 0.4681 0.4658 0.4934 0.4888 0.4796 0.498 0.5488 0.5372 0.5464 0.5949 0.6041 0.5857 0.6088
0.123 0.8817 1.0 0.6767 0.7043 0.6674 0.6582 0.7181 0.6904 0.6698 0.6881 0.7158 0.6928 0.6997 0.7434 0.7273 0.7319 0.7596 0.8033 0.7849 0.7964 0.8656 0.8287 0.4547 0.4316 0.4871 0.4917 0.4639 0.4917 0.5126 0.4917 0.4893 0.5333 0.5357 0.5171 0.5357 0.582 0.5588 0.5681 0.6167 0.6143 0.6051 0.6329 0.4173 0.4611 0.4727 0.445 0.4496 0.4888 0.4681 0.4658 0.4934 0.4888 0.4796 0.498 0.5488 0.5372 0.5464 0.5949 0.6041 0.5857 0.6088 0.6549
0.031 0.8517 1.0 0.7043 0.6674 0.6582 0.7181 0.6904 0.6698 0.6881 0.7158 0.6928 0.6997 0.7434 0.7273 0.7319 0.7596 0.8033 0.7849 0.7964 0.8656 0.8287 0.8194 0.4316 0.4871 0.4917 0.4639 0.4917 0.5126 0.4917 0.4893 0.5333 0.5357 0.5171 0.5357 0.582 0.5588 0.5681 0.6167 0.6143 0.6051 0.6329 0.6444 0.4611 0.4727 0.445 0.4496 0.4888 0.4681 0.4658 0.4934 0.4888 0.4796 0.498 0.5488 0.5372 0.5464 0.5949 0.6041 0.5857 0.6088 0.6549 0.6111
0.2077 0.8287 1.0 0.6674 0.6582 0.7181 0.6904 0.6698 0.6881 0.7158 0.6928 0.6997 0.7434 0.7273 0.7319 0.7596 0.8033 0.7849 0.7964 0.8656 0.8287 0.8194 0.8817 0.4871 0.4917 0.4639 0.4917 0.5126 0.4917 0.4893 0.5333 0.5357 0.5171 0.5357 0.582 0.5588 0.5681 0.6167 0.6143 0.6051 0.6329 0.6444 0.6167 0.4727 0.445 0.4496 0.4888 0.4681 0.4658 0.4934 0.4888 0.4796 0.498 0.5488 0.5372 0.5464 0.5949 0.6041 0.5857 0.6088 0.6549 0.6111 0.6111
0.1 0.877 1.0 0.6582 0.7181 0.6904 0.6698 0.6881 0.7158 0.6928 0.6997 0.7434 0.7273 0.7319 0.7596 0.8033 0.7849 0.7964 0.8656 0.8287 0.8194 0.8817 0.8517 0.4917 0.4639 0.4917 0.5126 0.4917 0.4893 0.5333 0.5357 0.5171 0.5357 0.582 0.5588 0.5681 0.6167 0.6143 0.6051 0.6329 0.6444 0.6167 0.6236 0.445 0.4496 0.4888 0.4681 0.4658 0.4934 0.4888 0.4796 0.498 0.5488 0.5372 0.5464 0.5949 0.6041 0.5857 0.6088 0.6549 0.6111 0.6111 0.671
0.0767 0.854 1.0 0.7181 0.6904 0.6698 0.6881 0.7158 0.6928 0.6997 0.7434 0.7273 0.7319 0.7596 0.8033 0.7849 0.7964 0.8656 0.8287 0.8194 0.8817 0.8517 0.8287 0.4639 0.4917 0.5126 0.4917 0.4893 0.5333 0.5357 0.5171 0.5357 0.582 0.5588 0.5681 0.6167 0.6143 0.6051 0.6329 0.6444 0.6167 0.6236 0.6468 0.4496 0.4888 0.4681 0.4658 0.4934 0.4888 0.4796 0.498 0.5488 0.5372 0.5464 0.5949 0.6041 0.5857 0.6088 0.6549 0.6111 0.6111 0.671 0.6272
0.161 0.8263 1.0 0.6904 0.6698 0.6881 0.7158 0.6928 0.6997 0.7434 0.7273 0.7319 0.7596 0.8033 0.7849 0.7964 0.8656 0.8287 0.8194 0.8817 0.8517 0.8287 0.877 0.4917 0.5126 0.4917 0.4893 0.5333 0.5357 0.5171 0.5357 0.582 0.5588 0.5681 0.6167 0.6143 0.6051 0.6329 0.6444 0.6167 0.6236 0.6468 0.6167 0.4888 0.4681 0.4658 0.4934 0.4888 0.4796 0.498 0.5488 0.5372 0.5464 0.5949 0.6041 0.5857 0.6088 0.6549 0.6111 0.6111 0.671 0.6272 0.618
0.0767 0.8678 1.0 0.6698 0.6881 0.7158 0.6928 0.6997 0.7434 0.7273 0.7319 0.7596 0.8033 0.7849 0.7964 0.8656 0.8287 0.8194 0.8817 0.8517 0.8287 0.877 0.854 0.5126 0.4917 0.4893 0.5333 0.5357 0.5171 0.5357 0.582 0.5588 0.5681 0.6167 0.6143 0.6051 0.6329 0.6444 0.6167 0.6236 0.6468 0.6167 0.619 0.4681 0.4658 0.4934 0.4888 0.4796 0.498 0.5488 0.5372 0.5464 0.5949 0.6041 0.5857 0.6088 0.6549 0.6111 0.6111 0.671 0.6272 0.618 0.6757
0.0923 0.8587 1.0 0.6881 0.7158 0.6928 0.6997 0.7434 0.7273 0.7319 0.7596 0.8033 0.7849 0.7964 0.8656 0.8287 0.8194 0.8817 0.8517 0.8287 0.877 0.854 0.8263 0.4917 0.4893 0.5333 0.5357 0.5171 0.5357 0.582 0.5588 0.5681 0.6167 0.6143 0.6051 0.6329 0.6444 0.6167 0.6236 0.6468 0.6167 0.619 0.6421 0.4658 0.4934 0.4888 0.4796 0.498 0.5488 0.5372 0.5464 0.5949 0.6041 0.5857 0.6088 0.6549 0.6111 0.6111 0.671 0.6272 0.618 0.6757 0.6411
0.1383 0.8287 1.0 0.7158 0.6928 0.6997 0.7434 0.7273 0.7319 0.7596 0.8033 0.7849 0.7964 0.8656 0.8287 0.8194 0.8817 0.8517 0.8287 0.877 0.854 0.8263 0.8678 0.4893 0.5333 0.5357 0.5171 0.5357 0.582 0.5588 0.5681 0.6167 0.6143 0.6051 0.6329 0.6444 0.6167 0.6236 0.6468 0.6167 0.619 0.6421 0.612 0.4934 0.4888 0.4796 0.498 0.5488 0.5372 0.5464 0.5949 0.6041 0.5857 0.6088 0.6549 0.6111 0.6111 0.671 0.6272 0.618 0.6757 0.6411 0.6249
0.0303 0.877 1.0 0.6928 0.6997 0.7434 0.7273 0.7319 0.7596 0.8033 0.7849 0.7964 0.8656 0.8287 0.8194 0.8817 0.8517 0.8287 0.877 0.854 0.8263 0.8678 0.8587 0.5333 0.5357 0.5171 0.5357 0.582 0.5588 0.5681 0.6167 0.6143 0.6051 0.6329 0.6444 0.6167 0.6236 0.6468 0.6167 0.619 0.6421 0.612 0.619 0.4888 0.4796 0.498 0.5488 0.5372 0.5464 0.5949 0.6041 0.5857 0.6088 0.6549 0.6111 0.6111 0.671 0.6272 0.618 0.6757 0.6411 0.6249 0.6849
0.1 0.8817 1.0 0.6997 0.7434 0.7273 0.7319 0.7596 0.8033 0.7849 0.7964 0.8656 0.8287 0.8194 0.8817 0.8517 0.8287 0.877 0.854 0.8263 0.8678 0.8587 0.8287 0.5357 0.5171 0.5357 0.582 0.5588 0.5681 0.6167 0.6143 0.6051 0.6329 0.6444 0.6167 0.6236 0.6468 0.6167 0.619 0.6421 0.612 0.619 0.6537 0.4796 0.498 0.5488 0.5372 0.5464 0.5949 0.6041 0.5857 0.6088 0.6549 0.6111 0.6111 0.671 0.6272 0.618 0.6757 0.6411 0.6249 0.6849 0.6433
0.161 0.8424 1.0 0.7434 0.7273 0.7319 0.7596 0.8033 0.7849 0.7964 0.8656 0.8287 0.8194 0.8817 0.8517 0.8287 0.877 0.854 0.8263 0.8678 0.8587 0.8287 0.877 0.5171 0.5357 0.582 0.5588 0.5681 0.6167 0.6143 0.6051 0.6329 0.6444 0.6167 0.6236 0.6468 0.6167 0.619 0.6421 0.612 0.619 0.6537 0.6259 0.498 0.5488 0.5372 0.5464 0.5949 0.6041 0.5857 0.6088 0.6549 0.6111 0.6111 0.671 0.6272 0.618 0.6757 0.6411 0.6249 0.6849 0.6433 0.6272
0.0157 0.8954 1.0 0.7273 0.7319 0.7596 0.8033 0.7849 0.7964 0.8656 0.8287 0.8194 0.8817 0.8517 0.8287 0.877 0.854 0.8263 0.8678 0.8587 0.8287 0.877 0.8817 0.5357 0.582 0.5588 0.5681 0.6167 0.6143 0.6051 0.6329 0.6444 0.6167 0.6236 0.6468 0.6167 0.619 0.6421 0.612 0.619 0.6537 0.6259 0.6306 0.5488 0.5372 0.5464 0.5949 0.6041 0.5857 0.6088 0.6549 0.6111 0.6111 0.671 0.6272 0.618 0.6757 0.6411 0.6249 0.6849 0.6433 0.6272 0.6849
0.131 0.8931 1.0 0.7319 0.7596 0.8033 0.7849 0.7964 0.8656 0.8287 0.8194 0.8817 0.8517 0.8287 0.877 0.854 0.8263 0.8678 0.8587 0.8287 0.877 0.8817 0.8424 0.582 0.5588 0.5681 0.6167 0.6143 0.6051 0.6329 0.6444 0.6167 0.6236 0.6468 0.6167 0.619 0.6421 0.612 0.619 0.6537 0.6259 0.6306 0.6791 0.5372 0.5464 0.5949 0.6041 0.5857 0.6088 0.6549 0.6111 0.6111 0.671 0.6272 0.618 0.6757 0.6411 0.6249 0.6849 0.6433 0.6272 0.6849 0.6526
0.1767 0.8517 1.0 0.7596 0.8033 0.7849 0.7964 0.8656 0.8287 0.8194 0.8817 0.8517 0.8287 0.877 0.854 0.8263 0.8678 0.8587 0.8287 0.877 0.8817 0.8424 0.8954 0.5588 0.5681 0.6167 0.6143 0.6051 0.6329 0.6444 0.6167 0.6236 0.6468 0.6167 0.619 0.6421 0.612 0.619 0.6537 0.6259 0.6306 0.6791 0.6444 0.5464 0.5949 0.6041 0.5857 0.6088 0.6549 0.6111 0.6111 0.671 0.6272 0.618 0.6757 0.6411 0.6249 0.6849 0.6433 0.6272 0.6849 0.6526 0.6272
0.0077 0.8909 1.0 0.8033 0.7849 0.7964 0.8656 0.8287 0.8194 0.8817 0.8517 0.8287 0.877 0.854 0.8263 0.8678 0.8587 0.8287 0.877 0.8817 0.8424 0.8954 0.8931 0.5681 0.6167 0.6143 0.6051 0.6329 0.6444 0.6167 0.6236 0.6468 0.6167 0.619 0.6421 0.612 0.619 0.6537 0.6259 0.6306 0.6791 0.6444 0.6352 0.5949 0.6041 0.5857 0.6088 0.6549 0.6111 0.6111 0.671 0.6272 0.618 0.6757 0.6411 0.6249 0.6849 0.6433 0.6272 0.6849 0.6526 0.6272 0.6988
0.138 0.9184 1.0 0.7849 0.7964 0.8656 0.8287 0.8194 0.8817 0.8517 0.8287 0.877 0.854 0.8263 0.8678 0.8587 0.8287 0.877 0.8817 0.8424 0.8954 0.8931 0.8517 0.6167 0.6143 0.6051 0.6329 0.6444 0.6167 0.6236 0.6468 0.6167 0.619 0.6421 0.612 0.619 0.6537 0.6259 0.6306 0.6791 0.6444 0.6352 0.6908 0.6041 0.5857 0.6088 0.6549 0.6111 0.6111 0.671 0.6272 0.618 0.6757 0.6411 0.6249 0.6849 0.6433 0.6272 0.6849 0.6526 0.6272 0.6988 0.678
0.1307 0.8678 1.0 0.7964 0.8656 0.8287 0.8194 0.8817 0.8517 0.8287 0.877 0.854 0.8263 0.8678 0.8587 0.8287 0.877 0.8817 0.8424 0.8954 0.8931 0.8517 0.8909 0.6143 0.6051 0.6329 0.6444 0.6167 0.6236 0.6468 0.6167 0.619 0.6421 0.612 0.619 0.6537 0.6259 0.6306 0.6791 0.6444 0.6352 0.6908 0.6607 0.5857 0.6088 0.6549 0.6111 0.6111 0.671 0.6272 0.618 0.6757 0.6411 0.6249 0.6849 0.6433 0.6272 0.6849 0.6526 0.6272 0.6988 0.678 0.6411
0.0917 0.8817 1.0 0.8656 0.8287 0.8194 0.8817 0.8517 0.8287 0.877 0.854 0.8263 0.8678 0.8587 0.8287 0.877 0.8817 0.8424 0.8954 0.8931 0.8517 0.8909 0.9184 0.6051 0.6329 0.6444 0.6167 0.6236 0.6468 0.6167 0.619 0.6421 0.612 0.619 0.6537 0.6259 0.6306 0.6791 0.6444 0.6352 0.6908 0.6607 0.6444 0.6088 0.6549 0.6111 0.6111 0.671 0.6272 0.618 0.6757 0.6411 0.6249 0.6849 0.6433 0.6272 0.6849 0.6526 0.6272 0.6988 0.678 0.6411 0.7057
0.1687 0.93 1.0 0.8287 0.8194 0.8817 0.8517 0.8287 0.877 0.854 0.8263 0.8678 0.8587 0.8287 0.877 0.8817 0.8424 0.8954 0.8931 0.8517 0.8909 0.9184 0.8678 0.6329 0.6444 0.6167 0.6236 0.6468 0.6167 0.619 0.6421 0.612 0.619 0.6537 0.6259 0.6306 0.6791 0.6444 0.6352 0.6908 0.6607 0.6444 0.7092 0.6549 0.6111 0.6111 0.671 0.6272 0.618 0.6757 0.6411 0.6249 0.6849 0.6433 0.6272 0.6849 0.6526 0.6272 0.6988 0.678 0.6411 0.7057 0.6941
0.0463 0.877 1.0 0.8194 0.8817 0.8517 0.8287 0.877 0.854 0.8263 0.8678 0.8587 0.8287 0.877 0.8817 0.8424 0.8954 0.8931 0.8517 0.8909 0.9184 0.8678 0.8817 0.6444 0.6167 0.6236 0.6468 0.6167 0.619 0.6421 0.612 0.619 0.6537 0.6259 0.6306 0.6791 0.6444 0.6352 0.6908 0.6607 0.6444 0.7092 0.6769 0.6111 0.6111 0.671 0.6272 0.618 0.6757 0.6411 0.6249 0.6849 0.6433 0.6272 0.6849 0.6526 0.6272 0.6988 0.678 0.6411 0.7057 0.6941 0.6503
0.161 0.8656 1.0 0.8817 0.8517 0.8287 0.877 0.854 0.8263 0.8678 0.8587 0.8287 0.877 0.8817 0.8424 0.8954 0.8931 0.8517 0.8909 0.9184 0.8678 0.8817 0.93 0.6167 0.6236 0.6468 0.6167 0.619 0.6421 0.612 0.619 0.6537 0.6259 0.6306 0.6791 0.6444 0.6352 0.6908 0.6607 0.6444 0.7092 0.6769 0.6468 0.6111 0.671 0.6272 0.618 0.6757 0.6411 0.6249 0.6849 0.6433 0.6272 0.6849 0.6526 0.6272 0.6988 0.678 0.6411 0.7057 0.6941 0.6503 0.6964
0.1767 0.93 1.0 0.8517 0.8287 0.877 0.854 0.8263 0.8678 0.8587 0.8287 0.877 0.8817 0.8424 0.8954 0.8931 0.8517 0.8909 0.9184 0.8678 0.8817 0.93 0.877 0.6236 0.6468 0.6167 0.619 0.6421 0.612 0.619 0.6537 0.6259 0.6306 0.6791 0.6444 0.6352 0.6908 0.6607 0.6444 0.7092 0.6769 0.6468 0.7069 0.671 0.6272 0.618 0.6757 0.6411 0.6249 0.6849 0.6433 0.6272 0.6849 0.6526 0.6272 0.6988 0.678 0.6411 0.7057 0.6941 0.6503 0.6964 0.701
0.038 0.8793 1.0 0.8287 0.877 0.854 0.8263 0.8678 0.8587 0.8287 0.877 0.8817 0.8424 0.8954 0.8931 0.8517 0.8909 0.9184 0.8678 0.8817 0.93 0.877 0.8656 0.6468 0.6167 0.619 0.6421 0.612 0.619 0.6537 0.6259 0.6306 0.6791 0.6444 0.6352 0.6908 0.6607 0.6444 0.7092 0.6769 0.6468 0.7069 0.6884 0.6272 0.618 0.6757 0.6411 0.6249 0.6849 0.6433 0.6272 0.6849 0.6526 0.6272 0.6988 0.678 0.6411 0.7057 0.6941 0.6503 0.6964 0.701 0.6549
0.2147 0.8471 1.0 0.877 0.854 0.8263 0.8678 0.8587 0.8287 0.877 0.8817 0.8424 0.8954 0.8931 0.8517 0.8909 0.9184 0.8678 0.8817 0.93 0.877 0.8656 0.93 0.6167 0.619 0.6421 0.612 0.619 0.6537 0.6259 0.6306 0.6791 0.6444 0.6352 0.6908 0.6607 0.6444 0.7092 0.6769 0.6468 0.7069 0.6884 0.6491 0.618 0.6757 0.6411 0.6249 0.6849 0.6433 0.6272 0.6849 0.6526 0.6272 0.6988 0.678 0.6411 0.7057 0.6941 0.6503 0.6964 0.701 0.6549 0.6688
0.169 0.9231 1.0 0.854 0.8263 0.8678 0.8587 0.8287 0.877 0.8817 0.8424 0.8954 0.8931 0.8517 0.8909 0.9184 0.8678 0.8817 0.93 0.877 0.8656 0.93 0.8793 0.619 0.6421 0.612 0.619 0.6537 0.6259 0.6306 0.6791 0.6444 0.6352 0.6908 0.6607 0.6444 0.7092 0.6769 0.6468 0.7069 0.6884 0.6491 0.6884 0.6757 0.6411 0.6249 0.6849 0.6433 0.6272 0.6849 0.6526 0.6272 0.6988 0.678 0.6411 0.7057 0.6941 0.6503 0.6964 0.701 0.6549 0.6688 0.701
0.1073 0.8817 1.0 0.8263 0.8678 0.8587 0.8287 0.877 0.8817 0.8424 0.8954 0.8931 0.8517 0.8909 0.9184 0.8678 0.8817 0.93 0.877 0.8656 0.93 0.8793 0.8471 0.6421 0.612 0.619 0.6537 0.6259 0.6306 0.6791 0.6444 0.6352 0.6908 0.6607 0.6444 0.7092 0.6769 0.6468 0.7069 0.6884 0.6491 0.6884 0.693 0.6411 0.6249 0.6849 0.6433 0.6272 0.6849 0.6526 0.6272 0.6988 0.678 0.6411 0.7057 0.6941 0.6503 0.6964 0.701 0.6549 0.6688 0.701 0.6503
0.2533 0.8402 1.0 0.8678 0.8587 0.8287 0.877 0.8817 0.8424 0.8954 0.8931 0.8517 0.8909 0.9184 0.8678 0.8817 0.93 0.877 0.8656 0.93 0.8793 0.8471 0.9231 0.612 0.619 0.6537 0.6259 0.6306 0.6791 0.6444 0.6352 0.6908 0.6607 0.6444 0.7092 0.6769 0.6468 0.7069 0.6884 0.6491 0.6884 0.693 0.6513 0.6249 0.6849 0.6433 0.6272 0.6849 0.6526 0.6272 0.6988 0.678 0.6411 0.7057 0.6941 0.6503 0.6964 0.701 0.6549 0.6688 0.701 0.6503 0.6364
0.138 0.8909 1.0 0.8587 0.8287 0.877 0.8817 0.8424 0.8954 0.8931 0.8517 0.8909 0.9184 0.8678 0.8817 0.93 0.877 0.8656 0.93 0.8793 0.8471 0.9231 0.8817 0.619 0.6537 0.6259 0.6306 0.6791 0.6444 0.6352 0.6908 0.6607 0.6444 0.7092 0.6769 0.6468 0.7069 0.6884 0.6491 0.6884 0.693 0.6513 0.663 0.6849 0.6433 0.6272 0.6849 0.6526 0.6272 0.6988 0.678 0.6411 0.7057 0.6941 0.6503 0.6964 0.701 0.6549 0.6688 0.701 0.6503 0.6364 0.6964
0.1383 0.877 1.0 0.8287 0.877 0.8817 0.8424 0.8954 0.8931 0.8517 0.8909 0.9184 0.8678 0.8817 0.93 0.877 0.8656 0.93 0.8793 0.8471 0.9231 0.8817 0.8402 0.6537 0.6259 0.6306 0.6791 0.6444 0.6352 0.6908 0.6607 0.6444 0.7092 0.6769 0.6468 0.7069 0.6884 0.6491 0.6884 0.693 0.6513 0.663 0.6953 0.6433 0.6272 0.6849 0.6526 0.6272 0.6988 0.678 0.6411 0.7057 0.6941 0.6503 0.6964 0.701 0.6549 0.6688 0.701 0.6503 0.6364 0.6964 0.6457
0.169 0.8379 1.0 0.877 0.8817 0.8424 0.8954 0.8931 0.8517 0.8909 0.9184 0.8678 0.8817 0.93 0.877 0.8656 0.93 0.8793 0.8471 0.9231 0.8817 0.8402 0.8909 0.6259 0.6306 0.6791 0.6444 0.6352 0.6908 0.6607 0.6444 0.7092 0.6769 0.6468 0.7069 0.6884 0.6491 0.6884 0.693 0.6513 0.663 0.6953 0.6513 0.6272 0.6849 0.6526 0.6272 0.6988 0.678 0.6411 0.7057 0.6941 0.6503 0.6964 0.701 0.6549 0.6688 0.701 0.6503 0.6364 0.6964 0.6457 0.6133
0.0463 0.8149 1.0 0.8817 0.8424 0.8954 0.8931 0.8517 0.8909 0.9184 0.8678 0.8817 0.93 0.877 0.8656 0.93 0.8793 0.8471 0.9231 0.8817 0.8402 0.8909 0.877 0.6306 0.6791 0.6444 0.6352 0.6908 0.6607 0.6444 0.7092 0.6769 0.6468 0.7069 0.6884 0.6491 0.6884 0.693 0.6513 0.663 0.6953 0.6513 0.6421 0.6849 0.6526 0.6272 0.6988 0.678 0.6411 0.7057 0.6941 0.6503 0.6964 0.701 0.6549 0.6688 0.701 0.6503 0.6364 0.6964 0.6457 0.6133 0.671
0.1303 0.7896 1.0 0.8424 0.8954 0.8931 0.8517 0.8909 0.9184 0.8678 0.8817 0.93 0.877 0.8656 0.93 0.8793 0.8471 0.9231 0.8817 0.8402 0.8909 0.877 0.8379 0.6791 0.6444 0.6352 0.6908 0.6607 0.6444 0.7092 0.6769 0.6468 0.7069 0.6884 0.6491 0.6884 0.693 0.6513 0.663 0.6953 0.6513 0.6421 0.6908 0.6526 0.6272 0.6988 0.678 0.6411 0.7057 0.6941 0.6503 0.6964 0.701 0.6549 0.6688 0.701 0.6503 0.6364 0.6964 0.6457 0.6133 0.671 0.6433
0.0767 0.7733 1.0 0.8954 0.8931 0.8517 0.8909 0.9184 0.8678 0.8817 0.93 0.877 0.8656 0.93 0.8793 0.8471 0.9231 0.8817 0.8402 0.8909 0.877 0.8379 0.8149 0.6444 0.6352 0.6908 0.6607 0.6444 0.7092 0.6769 0.6468 0.7069 0.6884 0.6491 0.6884 0.693 0.6513 0.663 0.6953 0.6513 0.6421 0.6908 0.6583 0.6272 0.6988 0.678 0.6411 0.7057 0.6941 0.6503 0.6964 0.701 0.6549 0.6688 0.701 0.6503 0.6364 0.6964 0.6457 0.6133 0.671 0.6433 0.6111
0.0843 0.748 1.0 0.8931 0.8517 0.8909 0.9184 0.8678 0.8817 0.93 0.877 0.8656 0.93 0.8793 0.8471 0.9231 0.8817 0.8402 0.8909 0.877 0.8379 0.8149 0.7896 0.6352 0.6908 0.6607 0.6444 0.7092 0.6769 0.6468 0.7069 0.6884 0.6491 0.6884 0.693 0.6513 0.663 0.6953 0.6513 0.6421 0.6908 0.6583 0.6236 0.6988 0.678 0.6411 0.7057 0.6941 0.6503 0.6964 0.701 0.6549 0.6688 0.701 0.6503 0.6364 0.6964 0.6457 0.6133 0.671 0.6433 0.6111 0.5857
0.0543 0.7297 1.0 0.8517 0.8909 0.9184 0.8678 0.8817 0.93 0.877 0.8656 0.93 0.8793 0.8471 0.9231 0.8817 0.8402 0.8909 0.877 0.8379 0.8149 0.7896 0.7733 0.6908 0.6607 0.6444 0.7092 0.6769 0.6468 0.7069 0.6884 0.6491 0.6884 0.693 0.6513 0.663 0.6953 0.6513 0.6421 0.6908 0.6583 0.6236 0.5936 0.678 0.6411 0.7057 0.6941 0.6503 0.6964 0.701 0.6549 0.6688 0.701 0.6503 0.6364 0.6964 0.6457 0.6133 0.671 0.6433 0.6111 0.5857 0.5719
0.0843 0.7158 1.0 0.8909 0.9184 0.8678 0.8817 0.93 0.877 0.8656 0.93 0.8793 0.8471 0.9231 0.8817 0.8402 0.8909 0.877 0.8379 0.8149 0.7896 0.7733 0.748 0.6607 0.6444 0.7092 0.6769 0.6468 0.7069 0.6884 0.6491 0.6884 0.693 0.6513 0.663 0.6953 0.6513 0.6421 0.6908 0.6583 0.6236 0.5936 0.5773 0.6411 0.7057 0.6941 0.6503 0.6964 0.701 0.6549 0.6688 0.701 0.6503 0.6364 0.6964 0.6457 0.6133 0.671 0.6433 0.6111 0.5857 0.5719 0.5534
0.061 0.6973 1.0 0.9184 0.8678 0.8817 0.93 0.877 0.8656 0.93 0.8793 0.8471 0.9231 0.8817 0.8402 0.8909 0.877 0.8379 0.8149 0.7896 0.7733 0.748 0.7297 0.6444 0.7092 0.6769 0.6468 0.7069 0.6884 0.6491 0.6884 0.693 0.6513 0.663 0.6953 0.6513 0.6421 0.6908 0.6583 0.6236 0.5936 0.5773 0.5564 0.7057 0.6941 0.6503 0.6964 0.701 0.6549 0.6688 0.701 0.6503 0.6364 0.6964 0.6457 0.6133 0.671 0.6433 0.6111 0.5857 0.5719 0.5534 0.5327
0.0463 0.6767 1.0 0.8678 0.8817 0.93 0.877 0.8656 0.93 0.8793 0.8471 0.9231 0.8817 0.8402 0.8909 0.877 0.8379 0.8149 0.7896 0.7733 0.748 0.7297 0.7158 0.7092 0.6769 0.6468 0.7069 0.6884 0.6491 0.6884 0.693 0.6513 0.663 0.6953 0.6513 0.6421 0.6908 0.6583 0.6236 0.5936 0.5773 0.5564 0.531 0.6941 0.6503 0.6964 0.701 0.6549 0.6688 0.701 0.6503 0.6364 0.6964 0.6457 0.6133 0.671 0.6433 0.6111 0.5857 0.5719 0.5534 0.5327 0.5166
0.0617 0.672 1.0 0.8817 0.93 0.877 0.8656 0.93 0.8793 0.8471 0.9231 0.8817 0.8402 0.8909 0.877 0.8379 0.8149 0.7896 0.7733 0.748 0.7297 0.7158 0.6973 0.6769 0.6468 0.7069 0.6884 0.6491 0.6884 0.693 0.6513 0.663 0.6953 0.6513 0.6421 0.6908 0.6583 0.6236 0.5936 0.5773 0.5564 0.531 0.5171 0.6503 0.6964 0.701 0.6549 0.6688 0.701 0.6503 0.6364 0.6964 0.6457 0.6133 0.671 0.6433 0.6111 0.5857 0.5719 0.5534 0.5327 0.5166 0.5072
0.0687 0.6537 1.0 0.93 0.877 0.8656 0.93 0.8793 0.8471 0.9231 0.8817 0.8402 0.8909 0.877 0.8379 0.8149 0.7896 0.7733 0.748 0.7297 0.7158 0.6973 0.6767 0.6468 0.7069 0.6884 0.6491 0.6884 0.693 0.6513 0.663 0.6953 0.6513 0.6421 0.6908 0.6583 0.6236 0.5936 0.5773 0.5564 0.531 0.5171 0.5032 0.6964 0.701 0.6549 0.6688 0.701 0.6503 0.6364 0.6964 0.6457 0.6133 0.671 0.6433 0.6111 0.5857 0.5719 0.5534 0.5327 0.5166 0.5072 0.4866
0.0157 0.6329 1.0 0.877 0.8656 0.93 0.8793 0.8471 0.9231 0.8817 0.8402 0.8909 0.877 0.8379 0.8149 0.7896 0.7733 0.748 0.7297 0.7158 0.6973 0.6767 0.672 0.7069 0.6884 0.6491 0.6884 0.693 0.6513 0.663 0.6953 0.6513 0.6421 0.6908 0.6583 0.6236 0.5936 0.5773 0.5564 0.531 0.5171 0.5032 0.4801 0.701 0.6549 0.6688 0.701 0.6503 0.6364 0.6964 0.6457 0.6133 0.671 0.6433 0.6111 0.5857 0.5719 0.5534 0.5327 0.5166 0.5072 0.4866 0.4703
0.061 0.6282 1.0 0.8656 0.93 0.8793 0.8471 0.9231 0.8817 0.8402 0.8909 0.877 0.8379 0.8149 0.7896 0.7733 0.748 0.7297 0.7158 0.6973 0.6767 0.672 0.6537 0.6884 0.6491 0.6884 0.693 0.6513 0.663 0.6953 0.6513 0.6421 0.6908 0.6583 0.6236 0.5936 0.5773 0.5564 0.531 0.5171 0.5032 0.4801 0.4662 0.6549 0.6688 0.701 0.6503 0.6364 0.6964 0.6457 0.6133 0.671 0.6433 0.6111 0.5857 0.5719 0.5534 0.5327 0.5166 0.5072 0.4866 0.4703 0.4634
0.0693 0.6191 1.0 0.93 0.8793 0.8471 0.9231 0.8817 0.8402 0.8909 0.877 0.8379 0.8149 0.7896 0.7733 0.748 0.7297 0.7158 0.6973 0.6767 0.672 0.6537 0.6329 0.6491 0.6884 0.693 0.6513 0.663 0.6953 0.6513 0.6421 0.6908 0.6583 0.6236 0.5936 0.5773 0.5564 0.531 0.5171 0.5032 0.4801 0.4662 0.457 0.6688 0.701 0.6503 0.6364 0.6964 0.6457 0.6133 0.671 0.6433 0.6111 0.5857 0.5719 0.5534 0.5327 0.5166 0.5072 0.4866 0.4703 0.4634 0.445
0.0157 0.6007 1.0 0.8793 0.8471 0.9231 0.8817 0.8402 0.8909 0.877 0.8379 0.8149 0.7896 0.7733 0.748 0.7297 0.7158 0.6973 0.6767 0.672 0.6537 0.6329 0.6282 0.6884 0.693 0.6513 0.663 0.6953 0.6513 0.6421 0.6908 0.6583 0.6236 0.5936 0.5773 0.5564 0.531 0.5171 0.5032 0.4801 0.4662 0.457 0.4361 0.701 0.6503 0.6364 0.6964 0.6457 0.6133 0.671 0.6433 0.6111 0.5857 0.5719 0.5534 0.5327 0.5166 0.5072 0.4866 0.4703 0.4634 0.445 0.4289
0.0303 0.596 1.0 0.8471 0.9231 0.8817 0.8402 0.8909 0.877 0.8379 0.8149 0.7896 0.7733 0.748 0.7297 0.7158 0.6973 0.6767 0.672 0.6537 0.6329 0.6282 0.6191 0.693 0.6513 0.663 0.6953 0.6513 0.6421 0.6908 0.6583 0.6236 0.5936 0.5773 0.5564 0.531 0.5171 0.5032 0.4801 0.4662 0.457 0.4361 0.4222 0.6503 0.6364 0.6964 0.6457 0.6133 0.671 0.6433 0.6111 0.5857 0.5719 0.5534 0.5327 0.5166 0.5072 0.4866 0.4703 0.4634 0.445 0.4289 0.4289
0.0613 0.5938 1.0 0.9231 0.8817 0.8402 0.8909 0.877 0.8379 0.8149 0.7896 0.7733 0.748 0.7297 0.7158 0.6973 0.6767 0.672 0.6537 0.6329 0.6282 0.6191 0.6007 0.6513 0.663 0.6953 0.6513 0.6421 0.6908 0.6583 0.6236 0.5936 0.5773 0.5564 0.531 0.5171 0.5032 0.4801 0.4662 0.457 0.4361 0.4222 0.4199 0.6364 0.6964 0.6457 0.6133 0.671 0.6433 0.6111 0.5857 0.5719 0.5534 0.5327 0.5166 0.5072 0.4866 0.4703 0.4634 0.445 0.4289 0.4289 0.4127
0.0157 0.573 1.0 0.8817 0.8402 0.8909 0.877 0.8379 0.8149 0.7896 0.7733 0.748 0.7297 0.7158 0.6973 0.6767 0.672 0.6537 0.6329 0.6282 0.6191 0.6007 0.596 0.663 0.6953 0.6513 0.6421 0.6908 0.6583 0.6236 0.5936 0.5773 0.5564 0.531 0.5171 0.5032 0.4801 0.4662 0.457 0.4361 0.4222 0.4199 0.4014 0.6964 0.6457 0.6133 0.671 0.6433 0.6111 0.5857 0.5719 0.5534 0.5327 0.5166 0.5072 0.4866 0.4703 0.4634 0.445 0.4289 0.4289 0.4127 0.3966
0.0073 0.5684 1.0 0.8402 0.8909 0.877 0.8379 0.8149 0.7896 0.7733 0.748 0.7297 0.7158 0.6973 0.6767 0.672 0.6537 0.6329 0.6282 0.6191 0.6007 0.596 0.5938 0.6953 0.6513 0.6421 0.6908 0.6583 0.6236 0.5936 0.5773 0.5564 0.531 0.5171 0.5032 0.4801 0.4662 0.457 0.4361 0.4222 0.4199 0.4014 0.3876 0.6457 0.6133 0.671 0.6433 0.6111 0.5857 0.5719 0.5534 0.5327 0.5166 0.5072 0.4866 0.4703 0.4634 0.445 0.4289 0.4289 0.4127 0.3966 0.3966
0.0693 0.5661 1.0 0.8909 0.877 0.8379 0.8149 0.7896 0.7733 0.748 0.7297 0.7158 0.6973 0.6767 0.672 0.6537 0.6329 0.6282 0.6191 0.6007 0.596 0.5938 0.573 0.6513 0.6421 0.6908 0.6583 0.6236 0.5936 0.5773 0.5564 0.531 0.5171 0.5032 0.4801 0.4662 0.457 0.4361 0.4222 0.4199 0.4014 0.3876 0.3899 0.6133 0.671 0.6433 0.6111 0.5857 0.5719 0.5534 0.5327 0.5166 0.5072 0.4866 0.4703 0.4634 0.445 0.4289 0.4289 0.4127 0.3966 0.3966 0.385
0.0153 0.55 1.0 0.877 0.8379 0.8149 0.7896 0.7733 0.748 0.7297 0.7158 0.6973 0.6767 0.672 0.6537 0.6329 0.6282 0.6191 0.6007 0.596 0.5938 0.573 0.5684 0.6421 0.6908 0.6583 0.6236 0.5936 0.5773 0.5564 0.531 0.5171 0.5032 0.4801 0.4662 0.457 0.4361 0.4222 0.4199 0.4014 0.3876 0.3899 0.3737 0.671 0.6433 0.6111 0.5857 0.5719 0.5534 0.5327 0.5166 0.5072 0.4866 0.4703 0.4634 0.445 0.4289 0.4289 0.4127 0.3966 0.3966 0.385 0.3689
0.0077 0.5384 1.0 0.8379 0.8149 0.7896 0.7733 0.748 0.7297 0.7158 0.6973 0.6767 0.672 0.6537 0.6329 0.6282 0.6191 0.6007 0.596 0.5938 0.573 0.5684 0.5661 0.6908 0.6583 0.6236 0.5936 0.5773 0.5564 0.531 0.5171 0.5032 0.4801 0.4662 0.457 0.4361 0.4222 0.4199 0.4014 0.3876 0.3899 0.3737 0.3598 0.6433 0.6111 0.5857 0.5719 0.5534 0.5327 0.5166 0.5072 0.4866 0.4703 0.4634 0.445 0.4289 0.4289 0.4127 0.3966 0.3966 0.385 0.3689 0.3666
0.0537 0.5361 1.0 0.8149 0.7896 0.7733 0.748 0.7297 0.7158 0.6973 0.6767 0.672 0.6537 0.6329 0.6282 0.6191 0.6007 0.596 0.5938 0.573 0.5684 0.5661 0.55 0.6583 0.6236 0.5936 0.5773 0.5564 0.531 0.5171 0.5032 0.4801 0.4662 0.457 0.4361 0.4222 0.4199 0.4014 0.3876 0.3899 0.3737 0.3598 0.3551 0.6111 0.5857 0.5719 0.5534 0.5327 0.5166 0.5072 0.4866 0.4703 0.4634 0.445 0.4289 0.4289 0.4127 0.3966 0.3966 0.385 0.3689 0.3666 0.3597
0.0387 0.52 1.0 0.7896 0.7733 0.748 0.7297 0.7158 0.6973 0.6767 0.672 0.6537 0.6329 0.6282 0.6191 0.6007 0.596 0.5938 0.573 0.5684 0.5661 0.55 0.5384 0.6236 0.5936 0.5773 0.5564 0.531 0.5171 0.5032 0.4801 0.4662 0.457 0.4361 0.4222 0.4199 0.4014 0.3876 0.3899 0.3737 0.3598 0.3551 0.3436 0.5857 0.5719 0.5534 0.5327 0.5166 0.5072 0.4866 0.4703 0.4634 0.445 0.4289 0.4289 0.4127 0.3966 0.3966 0.385 0.3689 0.3666 0.3597 0.3436
0.0077 0.5108 1.0 0.7733 0.748 0.7297 0.7158 0.6973 0.6767 0.672 0.6537 0.6329 0.6282 0.6191 0.6007 0.596 0.5938 0.573 0.5684 0.5661 0.55 0.5384 0.5361 0.5936 0.5773 0.5564 0.531 0.5171 0.5032 0.4801 0.4662 0.457 0.4361 0.4222 0.4199 0.4014 0.3876 0.3899 0.3737 0.3598 0.3551 0.3436 0.3297 0.5719 0.5534 0.5327 0.5166 0.5072 0.4866 0.4703 0.4634 0.445 0.4289 0.4289 0.4127 0.3966 0.3966 0.385 0.3689 0.3666 0.3597 0.3436 0.3342
0.0537 0.5039 1.0 0.748 0.7297 0.7158 0.6973 0.6767 0.672 0.6537 0.6329 0.6282 0.6191 0.6007 0.596 0.5938 0.573 0.5684 0.5661 0.55 0.5384 0.5361 0.52 0.5773 0.5564 0.531 0.5171 0.5032 0.4801 0.4662 0.457 0.4361 0.4222 0.4199 0.4014 0.3876 0.3899 0.3737 0.3598 0.3551 0.3436 0.3297 0.3228 0.5534 0.5327 0.5166 0.5072 0.4866 0.4703 0.4634 0.445 0.4289 0.4289 0.4127 0.3966 0.3966 0.385 0.3689 0.3666 0.3597 0.3436 0.3342 0.3273
0.0307 0.4947 1.0 0.7297 0.7158 0.6973 0.6767 0.672 0.6537 0.6329 0.6282 0.6191 0.6007 0.596 0.5938 0.573 0.5684 0.5661 0.55 0.5384 0.5361 0.52 0.5108 0.5564 0.531 0.5171 0.5032 0.4801 0.4662 0.457 0.4361 0.4222 0.4199 0.4014 0.3876 0.3899 0.3737 0.3598 0.3551 0.3436 0.3297 0.3228 0.3158 0.5327 0.5166 0.5072 0.4866 0.4703 0.4634 0.445 0.4289 0.4289 0.4127 0.3966 0.3966 0.385 0.3689 0.3666 0.3597 0.3436 0.3342 0.3273 0.3158
0.023 0.4854 1.0 0.7158 0.6973 0.6767 0.672 0.6537 0.6329 0.6282 0.6191 0.6007 0.596 0.5938 0.573 0.5684 0.5661 0.55 0.5384 0.5361 0.52 0.5108 0.5039 0.531 0.5171 0.5032 0.4801 0.4662 0.457 0.4361 0.4222 0.4199 0.4014 0.3876 0.3899 0.3737 0.3598 0.3551 0.3436 0.3297 0.3228 0.3158 0.3042 0.5166 0.5072 0.4866 0.4703 0.4634 0.445 0.4289 0.4289 0.4127 0.3966 0.3966 0.385 0.3689 0.3666 0.3597 0.3436 0.3342 0.3273 0.3158 0.3066
0.0307 0.4786 1.0 0.6973 0.6767 0.672 0.6537 0.6329 0.6282 0.6191 0.6007 0.596 0.5938 0.573 0.5684 0.5661 0.55 0.5384 0.5361 0.52 0.5108 0.5039 0.4947 0.5171 0.5032 0.4801 0.4662 0.457 0.4361 0.4222 0.4199 0.4014 0.3876 0.3899 0.3737 0.3598 0.3551 0.3436 0.3297 0.3228 0.3158 0.3042 0.295 0.5072 0.4866 0.4703 0.4634 0.445 0.4289 0.4289 0.4127 0.3966 0.3966 0.385 0.3689 0.3666 0.3597 0.3436 0.3342 0.3273 0.3158 0.3066 0.2997
0.031 0.4693 1.0 0.6767 0.672 0.6537 0.6329 0.6282 0.6191 0.6007 0.596 0.5938 0.573 0.5684 0.5661 0.55 0.5384 0.5361 0.52 0.5108 0.5039 0.4947 0.4854 0.5032 0.4801 0.4662 0.457 0.4361 0.4222 0.4199 0.4014 0.3876 0.3899 0.3737 0.3598 0.3551 0.3436 0.3297 0.3228 0.3158 0.3042 0.295 0.288 0.4866 0.4703 0.4634 0.445 0.4289 0.4289 0.4127 0.3966 0.3966 0.385 0.3689 0.3666 0.3597 0.3436 0.3342 0.3273 0.3158 0.3066 0.2997 0.2881
0.0227 0.4601 1.0 0.672 0.6537 0.6329 0.6282 0.6191 0.6007 0.596 0.5938 0.573 0.5684 0.5661 0.55 0.5384 0.5361 0.52 0.5108 0.5039 0.4947 0.4854 0.4786 0.4801 0.4662 0.457 0.4361 0.4222 0.4199 0.4014 0.3876 0.3899 0.3737 0.3598 0.3551 0.3436 0.3297 0.3228 0.3158 0.3042 0.295 0.288 0.2788 0.4703 0.4634 0.445 0.4289 0.4289 0.4127 0.3966 0.3966 0.385 0.3689 0.3666 0.3597 0.3436 0.3342 0.3273 0.3158 0.3066 0.2997 0.2881 0.2812
0.031 0.4556 1.0 0.6537 0.6329 0.6282 0.6191 0.6007 0.596 0.5938 0.573 0.5684 0.5661 0.55 0.5384 0.5361 0.52 0.5108 0.5039 0.4947 0.4854 0.4786 0.4693 0.4662 0.457 0.4361 0.4222 0.4199 0.4014 0.3876 0.3899 0.3737 0.3598 0.3551 0.3436 0.3297 0.3228 0.3158 0.3042 0.295 0.288 0.2788 0.2694 0.4634 0.445 0.4289 0.4289 0.4127 0.3966 0.3966 0.385 0.3689 0.3666 0.3597 0.3436 0.3342 0.3273 0.3158 0.3066 0.2997 0.2881 0.2812 0.2743
0.0307 0.4509 1.0 0.6329 0.6282 0.6191 0.6007 0.596 0.5938 0.573 0.5684 0.5661 0.55 0.5384 0.5361 0.52 0.5108 0.5039 0.4947 0.4854 0.4786 0.4693 0.4601 0.457 0.4361 0.4222 0.4199 0.4014 0.3876 0.3899 0.3737 0.3598 0.3551 0.3436 0.3297 0.3228 0.3158 0.3042 0.295 0.288 0.2788 0.2694 0.2626 0.445 0.4289 0.4289 0.4127 0.3966 0.3966 0.385 0.3689 0.3666 0.3597 0.3436 0.3342 0.3273 0.3158 0.3066 0.2997 0.2881 0.2812 0.2743 0.2651
0.015 0.5062 1.0 0.6282 0.6191 0.6007 0.596 0.5938 0.573 0.5684 0.5661 0.55 0.5384 0.5361 0.52 0.5108 0.5039 0.4947 0.4854 0.4786 0.4693 0.4601 0.4556 0.4361 0.4222 0.4199 0.4014 0.3876 0.3899 0.3737 0.3598 0.3551 0.3436 0.3297 0.3228 0.3158 0.3042 0.295 0.288 0.2788 0.2694 0.2626 0.2672 0.4289 0.4289 0.4127 0.3966 0.3966 0.385 0.3689 0.3666 0.3597 0.3436 0.3342 0.3273 0.3158 0.3066 0.2997 0.2881 0.2812 0.2743 0.2651 0.2928
0.0157 0.5614 1.0 0.6191 0.6007 0.596 0.5938 0.573 0.5684 0.5661 0.55 0.5384 0.5361 0.52 0.5108 0.5039 0.4947 0.4854 0.4786 0.4693 0.4601 0.4556 0.4509 0.4222 0.4199 0.4014 0.3876 0.3899 0.3737 0.3598 0.3551 0.3436 0.3297 0.3228 0.3158 0.3042 0.295 0.288 0.2788 0.2694 0.2626 0.2672 0.3367 0.4289 0.4127 0.3966 0.3966 0.385 0.3689 0.3666 0.3597 0.3436 0.3342 0.3273 0.3158 0.3066 0.2997 0.2881 0.2812 0.2743 0.2651 0.2928 0.302
0.1843 0.5361 1.0 0.6007 0.596 0.5938 0.573 0.5684 0.5661 0.55 0.5384 0.5361 0.52 0.5108 0.5039 0.4947 0.4854 0.4786 0.4693 0.4601 0.4556 0.4509 0.5062 0.4199 0.4014 0.3876 0.3899 0.3737 0.3598 0.3551 0.3436 0.3297 0.3228 0.3158 0.3042 0.295 0.288 0.2788 0.2694 0.2626 0.2672 0.3367 0.3158 0.4127 0.3966 0.3966 0.385 0.3689 0.3666 0.3597 0.3436 0.3342 0.3273 0.3158 0.3066 0.2997 0.2881 0.2812 0.2743 0.2651 0.2928 0.302 0.2836
0.184 0.5546 1.0 0.596 0.5938 0.573 0.5684 0.5661 0.55 0.5384 0.5361 0.52 0.5108 0.5039 0.4947 0.4854 0.4786 0.4693 0.4601 0.4556 0.4509 0.5062 0.5614 0.4014 0.3876 0.3899 0.3737 0.3598 0.3551 0.3436 0.3297 0.3228 0.3158 0.3042 0.295 0.288 0.2788 0.2694 0.2626 0.2672 0.3367 0.3158 0.2996 0.3966 0.3966 0.385 0.3689 0.3666 0.3597 0.3436 0.3342 0.3273 0.3158 0.3066 0.2997 0.2881 0.2812 0.2743 0.2651 0.2928 0.302 0.2836 0.3597
0.0843 0.626 1.0 0.5938 0.573 0.5684 0.5661 0.55 0.5384 0.5361 0.52 0.5108 0.5039 0.4947 0.4854 0.4786 0.4693 0.4601 0.4556 0.4509 0.5062 0.5614 0.5361 0.3876 0.3899 0.3737 0.3598 0.3551 0.3436 0.3297 0.3228 0.3158 0.3042 0.295 0.288 0.2788 0.2694 0.2626 0.2672 0.3367 0.3158 0.2996 0.376 0.3966 0.385 0.3689 0.3666 0.3597 0.3436 0.3342 0.3273 0.3158 0.3066 0.2997 0.2881 0.2812 0.2743 0.2651 0.2928 0.302 0.2836 0.3597 0.3689
0.0617 0.5891 1.0 0.573 0.5684 0.5661 0.55 0.5384 0.5361 0.52 0.5108 0.5039 0.4947 0.4854 0.4786 0.4693 0.4601 0.4556 0.4509 0.5062 0.5614 0.5361 0.5546 0.3899 0.3737 0.3598 0.3551 0.3436 0.3297 0.3228 0.3158 0.3042 0.295 0.288 0.2788 0.2694 0.2626 0.2672 0.3367 0.3158 0.2996 0.376 0.3598 0.385 0.3689 0.3666 0.3597 0.3436 0.3342 0.3273 0.3158 0.3066 0.2997 0.2881 0.2812 0.2743 0.2651 0.2928 0.302 0.2836 0.3597 0.3689 0.3366
0.238 0.5776 1.0 0.5684 0.5661 0.55 0.5384 0.5361 0.52 0.5108 0.5039 0.4947 0.4854 0.4786 0.4693 0.4601 0.4556 0.4509 0.5062 0.5614 0.5361 0.5546 0.626 0.3737 0.3598 0.3551 0.3436 0.3297 0.3228 0.3158 0.3042 0.295 0.288 0.2788 0.2694 0.2626 0.2672 0.3367 0.3158 0.2996 0.376 0.3598 0.3367 0.3689 0.3666 0.3597 0.3436 0.3342 0.3273 0.3158 0.3066 0.2997 0.2881 0.2812 0.2743 0.2651 0.2928 0.302 0.2836 0.3597 0.3689 0.3366 0.3827
0.123 0.6674 1.0 0.5661 0.55 0.5384 0.5361 0.52 0.5108 0.5039 0.4947 0.4854 0.4786 0.4693 0.4601 0.4556 0.4509 0.5062 0.5614 0.5361 0.5546 0.626 0.5891 0.3598 0.3551 0.3436 0.3297 0.3228 0.3158 0.3042 0.295 0.288 0.2788 0.2694 0.2626 0.2672 0.3367 0.3158 0.2996 0.376 0.3598 0.3367 0.3991 0.3666 0.3597 0.3436 0.3342 0.3273 0.3158 0.3066 0.2997 0.2881 0.2812 0.2743 0.2651 0.2928 0.302 0.2836 0.3597 0.3689 0.3366 0.3827 0.4127
0.0383 0.6352 1.0 0.55 0.5384 0.5361 0.52 0.5108 0.5039 0.4947 0.4854 0.4786 0.4693 0.4601 0.4556 0.4509 0.5062 0.5614 0.5361 0.5546 0.626 0.5891 0.5776 0.3551 0.3436 0.3297 0.3228 0.3158 0.3042 0.295 0.288 0.2788 0.2694 0.2626 0.2672 0.3367 0.3158 0.2996 0.376 0.3598 0.3367 0.3991 0.4014 0.3597 0.3436 0.3342 0.3273 0.3158 0.3066 0.2997 0.2881 0.2812 0.2743 0.2651 0.2928 0.302 0.2836 0.3597 0.3689 0.3366 0.3827 0.4127 0.3734
0.2993 0.6029 1.0 0.5384 0.5361 0.52 0.5108 0.5039 0.4947 0.4854 0.4786 0.4693 0.4601 0.4556 0.4509 0.5062 0.5614 0.5361 0.5546 0.626 0.5891 0.5776 0.6674 0.3436 0.3297 0.3228 0.3158 0.3042 0.295 0.288 0.2788 0.2694 0.2626 0.2672 0.3367 0.3158 0.2996 0.376 0.3598 0.3367 0.3991 0.4014 0.369 0.3436 0.3342 0.3273 0.3158 0.3066 0.2997 0.2881 0.2812 0.2743 0.2651 0.2928 0.302 0.2836 0.3597 0.3689 0.3366 0.3827 0.4127 0.3734 0.385
0.1073 0.6836 1.0 0.5361 0.52 0.5108 0.5039 0.4947 0.4854 0.4786 0.4693 0.4601 0.4556 0.4509 0.5062 0.5614 0.5361 0.5546 0.626 0.5891 0.5776 0.6674 0.6352 0.3297 0.3228 0.3158 0.3042 0.295 0.288 0.2788 0.2694 0.2626 0.2672 0.3367 0.3158 0.2996 0.376 0.3598 0.3367 0.3991 0.4014 0.369 0.406 0.3342 0.3273 0.3158 0.3066 0.2997 0.2881 0.2812 0.2743 0.2651 0.2928 0.302 0.2836 0.3597 0.3689 0.3366 0.3827 0.4127 0.3734 0.385 0.4496
0.1077 0.6743 1.0 0.52 0.5108 0.5039 0.4947 0.4854 0.4786 0.4693 0.4601 0.4556 0.4509 0.5062 0.5614 0.5361 0.5546 0.626 0.5891 0.5776 0.6674 0.6352 0.6029 0.3228 0.3158 0.3042 0.295 0.288 0.2788 0.2694 0.2626 0.2672 0.3367 0.3158 0.2996 0.376 0.3598 0.3367 0.3991 0.4014 0.369 0.406 0.4408 0.3273 0.3158 0.3066 0.2997 0.2881 0.2812 0.2743 0.2651 0.2928 0.302 0.2836 0.3597 0.3689 0.3366 0.3827 0.4127 0.3734 0.385 0.4496 0.4058
0.269 0.6374 1.0 0.5108 0.5039 0.4947 0.4854 0.4786 0.4693 0.4601 0.4556 0.4509 0.5062 0.5614 0.5361 0.5546 0.626 0.5891 0.5776 0.6674 0.6352 0.6029 0.6836 0.3158 0.3042 0.295 0.288 0.2788 0.2694 0.2626 0.2672 0.3367 0.3158 0.2996 0.376 0.3598 0.3367 0.3991 0.4014 0.369 0.406 0.4408 0.4038 0.3158 0.3066 0.2997 0.2881 0.2812 0.2743 0.2651 0.2928 0.302 0.2836 0.3597 0.3689 0.3366 0.3827 0.4127 0.3734 0.385 0.4496 0.4058 0.3897
0.031 0.679 1.0 0.5039 0.4947 0.4854 0.4786 0.4693 0.4601 0.4556 0.4509 0.5062 0.5614 0.5361 0.5546 0.626 0.5891 0.5776 0.6674 0.6352 0.6029 0.6836 0.6743 0.3042 0.295 0.288 0.2788 0.2694 0.2626 0.2672 0.3367 0.3158 0.2996 0.376 0.3598 0.3367 0.3991 0.4014 0.369 0.406 0.4408 0.4038 0.413 0.3066 0.2997 0.2881 0.2812 0.2743 0.2651 0.2928 0.302 0.2836 0.3597 0.3689 0.3366 0.3827 0.4127 0.3734 0.385 0.4496 0.4058 0.3897 0.4703
0.123 0.7112 1.0 0.4947 0.4854 0.4786 0.4693 0.4601 0.4556 0.4509 0.5062 0.5614 0.5361 0.5546 0.626 0.5891 0.5776 0.6674 0.6352 0.6029 0.6836 0.6743 0.6374 0.295 0.288 0.2788 0.2694 0.2626 0.2672 0.3367 0.3158 0.2996 0.376 0.3598 0.3367 0.3991 0.4014 0.369 0.406 0.4408 0.4038 0.413 0.4801 0.2997 0.2881 0.2812 0.2743 0.2651 0.2928 0.302 0.2836 0.3597 0.3689 0.3366 0.3827 0.4127 0.3734 0.385 0.4496 0.4058 0.3897 0.4703 0.4403
0.1387 0.6743 1.0 0.4854 0.4786 0.4693 0.4601 0.4556 0.4509 0.5062 0.5614 0.5361 0.5546 0.626 0.5891 0.5776 0.6674 0.6352 0.6029 0.6836 0.6743 0.6374 0.679 0.288 0.2788 0.2694 0.2626 0.2672 0.3367 0.3158 0.2996 0.376 0.3598 0.3367 0.3991 0.4014 0.369 0.406 0.4408 0.4038 0.413 0.4801 0.4431 0.2881 0.2812 0.2743 0.2651 0.2928 0.302 0.2836 0.3597 0.3689 0.3366 0.3827 0.4127 0.3734 0.385 0.4496 0.4058 0.3897 0.4703 0.4403 0.415
0.1073 0.672 1.0 0.4786 0.4693 0.4601 0.4556 0.4509 0.5062 0.5614 0.5361 0.5546 0.626 0.5891 0.5776 0.6674 0.6352 0.6029 0.6836 0.6743 0.6374 0.679 0.7112 0.2788 0.2694 0.2626 0.2672 0.3367 0.3158 0.2996 0.376 0.3598 0.3367 0.3991 0.4014 0.369 0.406 0.4408 0.4038 0.413 0.4801 0.4431 0.4292 0.2812 0.2743 0.2651 0.2928 0.302 0.2836 0.3597 0.3689 0.3366 0.3827 0.4127 0.3734 0.385 0.4496 0.4058 0.3897 0.4703 0.4403 0.415 0.4727
0.123 0.7297 1.0 0.4693 0.4601 0.4556 0.4509 0.5062 0.5614 0.5361 0.5546 0.626 0.5891 0.5776 0.6674 0.6352 0.6029 0.6836 0.6743 0.6374 0.679 0.7112 0.6743 0.2694 0.2626 0.2672 0.3367 0.3158 0.2996 0.376 0.3598 0.3367 0.3991 0.4014 0.369 0.406 0.4408 0.4038 0.413 0.4801 0.4431 0.4292 0.5032 0.2743 0.2651 0.2928 0.302 0.2836 0.3597 0.3689 0.3366 0.3827 0.4127 0.3734 0.385 0.4496 0.4058 0.3897 0.4703 0.4403 0.415 0.4727 0.475
0.0077 0.702 1.0 0.4601 0.4556 0.4509 0.5062 0.5614 0.5361 0.5546 0.626 0.5891 0.5776 0.6674 0.6352 0.6029 0.6836 0.6743 0.6374 0.679 0.7112 0.6743 0.672 0.2626 0.2672 0.3367 0.3158 0.2996 0.376 0.3598 0.3367 0.3991 0.4014 0.369 0.406 0.4408 0.4038 0.413 0.4801 0.4431 0.4292 0.5032 0.4848 0.2651 0.2928 0.302 0.2836 0.3597 0.3689 0.3366 0.3827 0.4127 0.3734 0.385 0.4496 0.4058 0.3897 0.4703 0.4403 0.415 0.4727 0.475 0.4496
0.1923 0.6836 1.0 0.4556 0.4509 0.5062 0.5614 0.5361 0.5546 0.626 0.5891 0.5776 0.6674 0.6352 0.6029 0.6836 0.6743 0.6374 0.679 0.7112 0.6743 0.672 0.7297 0.2672 0.3367 0.3158 0.2996 0.376 0.3598 0.3367 0.3991 0.4014 0.369 0.406 0.4408 0.4038 0.413 0.4801 0.4431 0.4292 0.5032 0.4848 0.4593 0.2928 0.302 0.2836 0.3597 0.3689 0.3366 0.3827 0.4127 0.3734 0.385 0.4496 0.4058 0.3897 0.4703 0.4403 0.415 0.4727 0.475 0.4496 0.475
0.0923 0.7181 1.0 0.4509 0.5062 0.5614 0.5361 0.5546 0.626 0.5891 0.5776 0.6674 0.6352 0.6029 0.6836 0.6743 0.6374 0.679 0.7112 0.6743 0.672 0.7297 0.702 0.3367 0.3158 0.2996 0.376 0.3598 0.3367 0.3991 0.4014 0.369 0.406 0.4408 0.4038 0.413 0.4801 0.4431 0.4292 0.5032 0.4848 0.4593 0.5056 0.302 0.2836 0.3597 0.3689 0.3366 0.3827 0.4127 0.3734 0.385 0.4496 0.4058 0.3897 0.4703 0.4403 0.415 0.4727 0.475 0.4496 0.475 0.498
0.0613 0.7112 1.0 0.5062 0.5614 0.5361 0.5546 0.626 0.5891 0.5776 0.6674 0.6352 0.6029 0.6836 0.6743 0.6374 0.679 0.7112 0.6743 0.672 0.7297 0.702 0.6836 0.3158 0.2996 0.376 0.3598 0.3367 0.3991 0.4014 0.369 0.406 0.4408 0.4038 0.413 0.4801 0.4431 0.4292 0.5032 0.4848 0.4593 0.5056 0.5194 0.2836 0.3597 0.3689 0.3366 0.3827 0.4127 0.3734 0.385 0.4496 0.4058 0.3897 0.4703 0.4403 0.415 0.4727 0.475 0.4496 0.475 0.498 0.4703
0.115 0.6951 1.0 0.5614 0.5361 0.5546 0.626 0.5891 0.5776 0.6674 0.6352 0.6029 0.6836 0.6743 0.6374 0.679 0.7112 0.6743 0.672 0.7297 0.702 0.6836 0.7181 0.2996 0.376 0.3598 0.3367 0.3991 0.4014 0.369 0.406 0.4408 0.4038 0.413 0.4801 0.4431 0.4292 0.5032 0.4848 0.4593 0.5056 0.5194 0.4893 0.3597 0.3689 0.3366 0.3827 0.4127 0.3734 0.385 0.4496 0.4058 0.3897 0.4703 0.4403 0.415 0.4727 0.475 0.4496 0.475 0.498 0.4703 0.4727
0.023 0.7158 1.0 0.5361 0.5546 0.626 0.5891 0.5776 0.6674 0.6352 0.6029 0.6836 0.6743 0.6374 0.679 0.7112 0.6743 0.672 0.7297 0.702 0.6836 0.7181 0.7112 0.376 0.3598 0.3367 0.3991 0.4014 0.369 0.406 0.4408 0.4038 0.413 0.4801 0.4431 0.4292 0.5032 0.4848 0.4593 0.5056 0.5194 0.4893 0.4893 0.3689 0.3366 0.3827 0.4127 0.3734 0.385 0.4496 0.4058 0.3897 0.4703 0.4403 0.415 0.4727 0.475 0.4496 0.475 0.498 0.4703 0.4727 0.5188
0.0537 0.7572 1.0 0.5546 0.626 0.5891 0.5776 0.6674 0.6352 0.6029 0.6836 0.6743 0.6374 0.679 0.7112 0.6743 0.672 0.7297 0.702 0.6836 0.7181 0.7112 0.6951 0.3598 0.3367 0.3991 0.4014 0.369 0.406 0.4408 0.4038 0.413 0.4801 0.4431 0.4292 0.5032 0.4848 0.4593 0.5056 0.5194 0.4893 0.4893 0.5449 0.3366 0.3827 0.4127 0.3734 0.385 0.4496 0.4058 0.3897 0.4703 0.4403 0.415 0.4727 0.475 0.4496 0.475 0.498 0.4703 0.4727 0.5188 0.4958
0.069 0.7297 1.0 0.626 0.5891 0.5776 0.6674 0.6352 0.6029 0.6836 0.6743 0.6374 0.679 0.7112 0.6743 0.672 0.7297 0.702 0.6836 0.7181 0.7112 0.6951 0.7158 0.3367 0.3991 0.4014 0.369 0.406 0.4408 0.4038 0.413 0.4801 0.4431 0.4292 0.5032 0.4848 0.4593 0.5056 0.5194 0.4893 0.4893 0.5449 0.5287 0.3827 0.4127 0.3734 0.385 0.4496 0.4058 0.3897 0.4703 0.4403 0.415 0.4727 0.475 0.4496 0.475 0.498 0.4703 0.4727 0.5188 0.4958 0.4888
0.138 0.7319 1.0 0.5891 0.5776 0.6674 0.6352 0.6029 0.6836 0.6743 0.6374 0.679 0.7112 0.6743 0.672 0.7297 0.702 0.6836 0.7181 0.7112 0.6951 0.7158 0.7572 0.3991 0.4014 0.369 0.406 0.4408 0.4038 0.413 0.4801 0.4431 0.4292 0.5032 0.4848 0.4593 0.5056 0.5194 0.4893 0.4893 0.5449 0.5287 0.5171 0.4127 0.3734 0.385 0.4496 0.4058 0.3897 0.4703 0.4403 0.415 0.4727 0.475 0.4496 0.475 0.498 0.4703 0.4727 0.5188 0.4958 0.4888 0.5096
0.0917 0.7826 1.0 0.5776 0.6674 0.6352 0.6029 0.6836 0.6743 0.6374 0.679 0.7112 0.6743 0.672 0.7297 0.702 0.6836 0.7181 0.7112 0.6951 0.7158 0.7572 0.7297 0.4014 0.369 0.406 0.4408 0.4038 0.413 0.4801 0.4431 0.4292 0.5032 0.4848 0.4593 0.5056 0.5194 0.4893 0.4893 0.5449 0.5287 0.5171 0.5611 0.3734 0.385 0.4496 0.4058 0.3897 0.4703 0.4403 0.415 0.4727 0.475 0.4496 0.475 0.498 0.4703 0.4727 0.5188 0.4958 0.4888 0.5096 0.5488
0.0073 0.7826 1.0 0.6674 0.6352 0.6029 0.6836 0.6743 0.6374 0.679 0.7112 0.6743 0.672 0.7297 0.702 0.6836 0.7181 0.7112 0.6951 0.7158 0.7572 0.7297 0.7319 0.369 0.406 0.4408 0.4038 0.413 0.4801 0.4431 0.4292 0.5032 0.4848 0.4593 0.5056 0.5194 0.4893 0.4893 0.5449 0.5287 0.5171 0.5611 0.5727 0.385 0.4496 0.4058 0.3897 0.4703 0.4403 0.415 0.4727 0.475 0.4496 0.475 0.498 0.4703 0.4727 0.5188 0.4958 0.4888 0.5096 0.5488 0.528
0.169 0.7733 1.0 0.6352 0.6029 0.6836 0.6743 0.6374 0.679 0.7112 0.6743 0.672 0.7297 0.702 0.6836 0.7181 0.7112 0.6951 0.7158 0.7572 0.7297 0.7319 0.7826 0.406 0.4408 0.4038 0.413 0.4801 0.4431 0.4292 0.5032 0.4848 0.4593 0.5056 0.5194 0.4893 0.4893 0.5449 0.5287 0.5171 0.5611 0.5727 0.5496 0.4496 0.4058 0.3897 0.4703 0.4403 0.415 0.4727 0.475 0.4496 0.475 0.498 0.4703 0.4727 0.5188 0.4958 0.4888 0.5096 0.5488 0.528 0.5419
0.0 0.8126 1.0 0.6029 0.6836 0.6743 0.6374 0.679 0.7112 0.6743 0.672 0.7297 0.702 0.6836 0.7181 0.7112 0.6951 0.7158 0.7572 0.7297 0.7319 0.7826 0.7826 0.4408 0.4038 0.413 0.4801 0.4431 0.4292 0.5032 0.4848 0.4593 0.5056 0.5194 0.4893 0.4893 0.5449 0.5287 0.5171 0.5611 0.5727 0.5496 0.5658 0.4058 0.3897 0.4703 0.4403 0.415 0.4727 0.475 0.4496 0.475 0.498 0.4703 0.4727 0.5188 0.4958 0.4888 0.5096 0.5488 0.528 0.5419 0.6088
0.031 0.8448 1.0 0.6836 0.6743 0.6374 0.679 0.7112 0.6743 0.672 0.7297 0.702 0.6836 0.7181 0.7112 0.6951 0.7158 0.7572 0.7297 0.7319 0.7826 0.7826 0.7733 0.4038 0.413 0.4801 0.4431 0.4292 0.5032 0.4848 0.4593 0.5056 0.5194 0.4893 0.4893 0.5449 0.5287 0.5171 0.5611 0.5727 0.5496 0.5658 0.6236 0.3897 0.4703 0.4403 0.415 0.4727 0.475 0.4496 0.475 0.498 0.4703 0.4727 0.5188 0.4958 0.4888 0.5096 0.5488 0.528 0.5419 0.6088 0.5788
0.131 0.8102 1.0 0.6743 0.6374 0.679 0.7112 0.6743 0.672 0.7297 0.702 0.6836 0.7181 0.7112 0.6951 0.7158 0.7572 0.7297 0.7319 0.7826 0.7826 0.7733 0.8126 0.413 0.4801 0.4431 0.4292 0.5032 0.4848 0.4593 0.5056 0.5194 0.4893 0.4893 0.5449 0.5287 0.5171 0.5611 0.5727 0.5496 0.5658 0.6236 0.5912 0.4703 0.4403 0.415 0.4727 0.475 0.4496 0.475 0.498 0.4703 0.4727 0.5188 0.4958 0.4888 0.5096 0.5488 0.528 0.5419 0.6088 0.5788 0.5742
0.1073 0.8241 1.0 0.6374 0.679 0.7112 0.6743 0.672 0.7297 0.702 0.6836 0.7181 0.7112 0.6951 0.7158 0.7572 0.7297 0.7319 0.7826 0.7826 0.7733 0.8126 0.8448 0.4801 0.4431 0.4292 0.5032 0.4848 0.4593 0.5056 0.5194 0.4893 0.4893 0.5449 0.5287 0.5171 0.5611 0.5727 0.5496 0.5658 0.6236 0.5912 0.5866 0.4403 0.415 0.4727 0.475 0.4496 0.475 0.498 0.4703 0.4727 0.5188 0.4958 0.4888 0.5096 0.5488 0.528 0.5419 0.6088 0.5788 0.5742 0.6249
0.1153 0.8656 1.0 0.679 0.7112 0.6743 0.672 0.7297 0.702 0.6836 0.7181 0.7112 0.6951 0.7158 0.7572 0.7297 0.7319 0.7826 0.7826 0.7733 0.8126 0.8448 0.8102 0.4431 0.4292 0.5032 0.4848 0.4593 0.5056 0.5194 0.4893 0.4893 0.5449 0.5287 0.5171 0.5611 0.5727 0.5496 0.5658 0.6236 0.5912 0.5866 0.6374 0.415 0.4727 0.475 0.4496 0.475 0.498 0.4703 0.4727 0.5188 0.4958 0.4888 0.5096 0.5488 0.528 0.5419 0.6088 0.5788 0.5742 0.6249 0.6203
0.0463 0.8241 1.0 0.7112 0.6743 0.672 0.7297 0.702 0.6836 0.7181 0.7112 0.6951 0.7158 0.7572 0.7297 0.7319 0.7826 0.7826 0.7733 0.8126 0.8448 0.8102 0.8241 0.4292 0.5032 0.4848 0.4593 0.5056 0.5194 0.4893 0.4893 0.5449 0.5287 0.5171 0.5611 0.5727 0.5496 0.5658 0.6236 0.5912 0.5866 0.6374 0.612 0.4727 0.475 0.4496 0.475 0.498 0.4703 0.4727 0.5188 0.4958 0.4888 0.5096 0.5488 0.528 0.5419 0.6088 0.5788 0.5742 0.6249 0.6203 0.5972
0.1383 0.8287 1.0 0.6743 0.672 0.7297 0.702 0.6836 0.7181 0.7112 0.6951 0.7158 0.7572 0.7297 0.7319 0.7826 0.7826 0.7733 0.8126 0.8448 0.8102 0.8241 0.8656 0.5032 0.4848 0.4593 0.5056 0.5194 0.4893 0.4893 0.5449 0.5287 0.5171 0.5611 0.5727 0.5496 0.5658 0.6236 0.5912 0.5866 0.6374 0.612 0.5981 0.475 0.4496 0.475 0.498 0.4703 0.4727 0.5188 0.4958 0.4888 0.5096 0.5488 0.528 0.5419 0.6088 0.5788 0.5742 0.6249 0.6203 0.5972 0.6341
0.1383 0.8632 1.0 0.672 0.7297 0.702 0.6836 0.7181 0.7112 0.6951 0.7158 0.7572 0.7297 0.7319 0.7826 0.7826 0.7733 0.8126 0.8448 0.8102 0.8241 0.8656 0.8241 0.4848 0.4593 0.5056 0.5194 0.4893 0.4893 0.5449 0.5287 0.5171 0.5611 0.5727 0.5496 0.5658 0.6236 0.5912 0.5866 0.6374 0.612 0.5981 0.6306 0.4496 0.475 0.498 0.4703 0.4727 0.5188 0.4958 0.4888 0.5096 0.5488 0.528 0.5419 0.6088 0.5788 0.5742 0.6249 0.6203 0.5972 0.6341 0.6457
0.0153 0.8241 1.0 0.7297 0.702 0.6836 0.7181 0.7112 0.6951 0.7158 0.7572 0.7297 0.7319 0.7826 0.7826 0.7733 0.8126 0.8448 0.8102 0.8241 0.8656 0.8241 0.8287 0.4593 0.5056 0.5194 0.4893 0.4893 0.5449 0.5287 0.5171 0.5611 0.5727 0.5496 0.5658 0.6236 0.5912 0.5866 0.6374 0.612 0.5981 0.6306 0.612 0.475 0.498 0.4703 0.4727 0.5188 0.4958 0.4888 0.5096 0.5488 0.528 0.5419 0.6088 0.5788 0.5742 0.6249 0.6203 0.5972 0.6341 0.6457 0.6111
0.115 0.831 1.0 0.702 0.6836 0.7181 0.7112 0.6951 0.7158 0.7572 0.7297 0.7319 0.7826 0.7826 0.7733 0.8126 0.8448 0.8102 0.8241 0.8656 0.8241 0.8287 0.8632 0.5056 0.5194 0.4893 0.4893 0.5449 0.5287 0.5171 0.5611 0.5727 0.5496 0.5658 0.6236 0.5912 0.5866 0.6374 0.612 0.5981 0.6306 0.612 0.6004 0.498 0.4703 0.4727 0.5188 0.4958 0.4888 0.5096 0.5488 0.528 0.5419 0.6088 0.5788 0.5742 0.6249 0.6203 0.5972 0.6341 0.6457 0.6111 0.6503
0.1303 0.8701 1.0 0.6836 0.7181 0.7112 0.6951 0.7158 0.7572 0.7297 0.7319 0.7826 0.7826 0.7733 0.8126 0.8448 0.8102 0.8241 0.8656 0.8241 0.8287 0.8632 0.8241 0.5194 0.4893 0.4893 0.5449 0.5287 0.5171 0.5611 0.5727 0.5496 0.5658 0.6236 0.5912 0.5866 0.6374 0.612 0.5981 0.6306 0.612 0.6004 0.6236 0.4703 0.4727 0.5188 0.4958 0.4888 0.5096 0.5488 0.528 0.5419 0.6088 0.5788 0.5742 0.6249 0.6203 0.5972 0.6341 0.6457 0.6111 0.6503 0.6526
0.023 0.8287 1.0 0.7181 0.7112 0.6951 0.7158 0.7572 0.7297 0.7319 0.7826 0.7826 0.7733 0.8126 0.8448 0.8102 0.8241 0.8656 0.8241 0.8287 0.8632 0.8241 0.831 0.4893 0.4893 0.5449 0.5287 0.5171 0.5611 0.5727 0.5496 0.5658 0.6236 0.5912 0.5866 0.6374 0.612 0.5981 0.6306 0.612 0.6004 0.6236 0.6167 0.4727 0.5188 0.4958 0.4888 0.5096 0.5488 0.528 0.5419 0.6088 0.5788 0.5742 0.6249 0.6203 0.5972 0.6341 0.6457 0.6111 0.6503 0.6526 0.6133
0.1303 0.8448 1.0 0.7112 0.6951 0.7158 0.7572 0.7297 0.7319 0.7826 0.7826 0.7733 0.8126 0.8448 0.8102 0.8241 0.8656 0.8241 0.8287 0.8632 0.8241 0.831 0.8701 0.4893 0.5449 0.5287 0.5171 0.5611 0.5727 0.5496 0.5658 0.6236 0.5912 0.5866 0.6374 0.612 0.5981 0.6306 0.612 0.6004 0.6236 0.6167 0.6051 0.5188 0.4958 0.4888 0.5096 0.5488 0.528 0.5419 0.6088 0.5788 0.5742 0.6249 0.6203 0.5972 0.6341 0.6457 0.6111 0.6503 0.6526 0.6133 0.648
0.138 0.8793 1.0 0.6951 0.7158 0.7572 0.7297 0.7319 0.7826 0.7826 0.7733 0.8126 0.8448 0.8102 0.8241 0.8656 0.8241 0.8287 0.8632 0.8241 0.831 0.8701 0.8287 0.5449 0.5287 0.5171 0.5611 0.5727 0.5496 0.5658 0.6236 0.5912 0.5866 0.6374 0.612 0.5981 0.6306 0.612 0.6004 0.6236 0.6167 0.6051 0.6398 0.4958 0.4888 0.5096 0.5488 0.528 0.5419 0.6088 0.5788 0.5742 0.6249 0.6203 0.5972 0.6341 0.6457 0.6111 0.6503 0.6526 0.6133 0.648 0.6411
0.0537 0.8332 1.0 0.7158 0.7572 0.7297 0.7319 0.7826 0.7826 0.7733 0.8126 0.8448 0.8102 0.8241 0.8656 0.8241 0.8287 0.8632 0.8241 0.831 0.8701 0.8287 0.8448 0.5287 0.5171 0.5611 0.5727 0.5496 0.5658 0.6236 0.5912 0.5866 0.6374 0.612 0.5981 0.6306 0.612 0.6004 0.6236 0.6167 0.6051 0.6398 0.6259 0.4888 0.5096 0.5488 0.528 0.5419 0.6088 0.5788 0.5742 0.6249 0.6203 0.5972 0.6341 0.6457 0.6111 0.6503 0.6526 0.6133 0.648 0.6411 0.6088
0.115 0.8402 1.0 0.7572 0.7297 0.7319 0.7826 0.7826 0.7733 0.8126 0.8448 0.8102 0.8241 0.8656 0.8241 0.8287 0.8632 0.8241 0.831 0.8701 0.8287 0.8448 0.8793 0.5171 0.5611 0.5727 0.5496 0.5658 0.6236 0.5912 0.5866 0.6374 0.612 0.5981 0.6306 0.612 0.6004 0.6236 0.6167 0.6051 0.6398 0.6259 0.6098 0.5096 0.5488 0.528 0.5419 0.6088 0.5788 0.5742 0.6249 0.6203 0.5972 0.6341 0.6457 0.6111 0.6503 0.6526 0.6133 0.648 0.6411 0.6088 0.6457
0.1537 0.8862 1.0 0.7297 0.7319 0.7826 0.7826 0.7733 0.8126 0.8448 0.8102 0.8241 0.8656 0.8241 0.8287 0.8632 0.8241 0.831 0.8701 0.8287 0.8448 0.8793 0.8332 0.5611 0.5727 0.5496 0.5658 0.6236 0.5912 0.5866 0.6374 0.612 0.5981 0.6306 0.612 0.6004 0.6236 0.6167 0.6051 0.6398 0.6259 0.6098 0.6513 0.5488 0.528 0.5419 0.6088 0.5788 0.5742 0.6249 0.6203 0.5972 0.6341 0.6457 0.6111 0.6503 0.6526 0.6133 0.648 0.6411 0.6088 0.6457 0.6596
0.0233 0.8448 1.0 0.7319 0.7826 0.7826 0.7733 0.8126 0.8448 0.8102 0.8241 0.8656 0.8241 0.8287 0.8632 0.8241 0.831 0.8701 0.8287 0.8448 0.8793 0.8332 0.8402 0.5727 0.5496 0.5658 0.6236 0.5912 0.5866 0.6374 0.612 0.5981 0.6306 0.612 0.6004 0.6236 0.6167 0.6051 0.6398 0.6259 0.6098 0.6513 0.6329 0.528 0.5419 0.6088 0.5788 0.5742 0.6249 0.6203 0.5972 0.6341 0.6457 0.6111 0.6503 0.6526 0.6133 0.648 0.6411 0.6088 0.6457 0.6596 0.6203
0.1533 0.8517 1.0 0.7826 0.7826 0.7733 0.8126 0.8448 0.8102 0.8241 0.8656 0.8241 0.8287 0.8632 0.8241 0.831 0.8701 0.8287 0.8448 0.8793 0.8332 0.8402 0.8862 0.5496 0.5658 0.6236 0.5912 0.5866 0.6374 0.612 0.5981 0.6306 0.612 0.6004 0.6236 0.6167 0.6051 0.6398 0.6259 0.6098 0.6513 0.6329 0.612 0.5419 0.6088 0.5788 0.5742 0.6249 0.6203 0.5972 0.6341 0.6457 0.6111 0.6503 0.6526 0.6133 0.648 0.6411 0.6088 0.6457 0.6596 0.6203 0.6688
0.138 0.9116 1.0 0.7826 0.7733 0.8126 0.8448 0.8102 0.8241 0.8656 0.8241 0.8287 0.8632 0.8241 0.831 0.8701 0.8287 0.8448 0.8793 0.8332 0.8402 0.8862 0.8448 0.5658 0.6236 0.5912 0.5866 0.6374 0.612 0.5981 0.6306 0.612 0.6004 0.6236 0.6167 0.6051 0.6398 0.6259 0.6098 0.6513 0.6329 0.612 0.663 0.6088 0.5788 0.5742 0.6249 0.6203 0.5972 0.6341 0.6457 0.6111 0.6503 0.6526 0.6133 0.648 0.6411 0.6088 0.6457 0.6596 0.6203 0.6688 0.6757
0.023 0.8632 1.0 0.7733 0.8126 0.8448 0.8102 0.8241 0.8656 0.8241 0.8287 0.8632 0.8241 0.831 0.8701 0.8287 0.8448 0.8793 0.8332 0.8402 0.8862 0.8448 0.8517 0.6236 0.5912 0.5866 0.6374 0.612 0.5981 0.6306 0.612 0.6004 0.6236 0.6167 0.6051 0.6398 0.6259 0.6098 0.6513 0.6329 0.612 0.663 0.656 0.5788 0.5742 0.6249 0.6203 0.5972 0.6341 0.6457 0.6111 0.6503 0.6526 0.6133 0.648 0.6411 0.6088 0.6457 0.6596 0.6203 0.6688 0.6757 0.6319
0.1997 0.8517 1.0 0.8126 0.8448 0.8102 0.8241 0.8656 0.8241 0.8287 0.8632 0.8241 0.831 0.8701 0.8287 0.8448 0.8793 0.8332 0.8402 0.8862 0.8448 0.8517 0.9116 0.5912 0.5866 0.6374 0.612 0.5981 0.6306 0.612 0.6004 0.6236 0.6167 0.6051 0.6398 0.6259 0.6098 0.6513 0.6329 0.612 0.663 0.656 0.6282 0.5742 0.6249 0.6203 0.5972 0.6341 0.6457 0.6111 0.6503 0.6526 0.6133 0.648 0.6411 0.6088 0.6457 0.6596 0.6203 0.6688 0.6757 0.6319 0.6688
0.1613 0.9277 1.0 0.8448 0.8102 0.8241 0.8656 0.8241 0.8287 0.8632 0.8241 0.831 0.8701 0.8287 0.8448 0.8793 0.8332 0.8402 0.8862 0.8448 0.8517 0.9116 0.8632 0.5866 0.6374 0.612 0.5981 0.6306 0.612 0.6004 0.6236 0.6167 0.6051 0.6398 0.6259 0.6098 0.6513 0.6329 0.612 0.663 0.656 0.6282 0.6791 0.6249 0.6203 0.5972 0.6341 0.6457 0.6111 0.6503 0.6526 0.6133 0.648 0.6411 0.6088 0.6457 0.6596 0.6203 0.6688 0.6757 0.6319 0.6688 0.6988
0.0383 0.8817 1.0 0.8102 0.8241 0.8656 0.8241 0.8287 0.8632 0.8241 0.831 0.8701 0.8287 0.8448 0.8793 0.8332 0.8402 0.8862 0.8448 0.8517 0.9116 0.8632 0.8517 0.6374 0.612 0.5981 0.6306 0.612 0.6004 0.6236 0.6167 0.6051 0.6398 0.6259 0.6098 0.6513 0.6329 0.612 0.663 0.656 0.6282 0.6791 0.6769 0.6203 0.5972 0.6341 0.6457 0.6111 0.6503 0.6526 0.6133 0.648 0.6411 0.6088 0.6457 0.6596 0.6203 0.6688 0.6757 0.6319 0.6688 0.6988 0.6503
0.2533 0.8494 1.0 0.8241 0.8656 0.8241 0.8287 0.8632 0.8241 0.831 0.8701 0.8287 0.8448 0.8793 0.8332 0.8402 0.8862 0.8448 0.8517 0.9116 0.8632 0.8517 0.9277 0.612 0.5981 0.6306 0.612 0.6004 0.6236 0.6167 0.6051 0.6398 0.6259 0.6098 0.6513 0.6329 0.612 0.663 0.656 0.6282 0.6791 0.6769 0.6444 0.5972 0.6341 0.6457 0.6111 0.6503 0.6526 0.6133 0.648 0.6411 0.6088 0.6457 0.6596 0.6203 0.6688 0.6757 0.6319 0.6688 0.6988 0.6503 0.6664
0.1533 0.9254 1.0 0.8656 0.8241 0.8287 0.8632 0.8241 0.831 0.8701 0.8287 0.8448 0.8793 0.8332 0.8402 0.8862 0.8448 0.8517 0.9116 0.8632 0.8517 0.9277 0.8817 0.5981 0.6306 0.612 0.6004 0.6236 0.6167 0.6051 0.6398 0.6259 0.6098 0.6513 0.6329 0.612 0.663 0.656 0.6282 0.6791 0.6769 0.6444 0.6838 0.6341 0.6457 0.6111 0.6503 0.6526 0.6133 0.648 0.6411 0.6088 0.6457 0.6596 0.6203 0.6688 0.6757 0.6319 0.6688 0.6988 0.6503 0.6664 0.7126
0.1077 0.8886 1.0 0.8241 0.8287 0.8632 0.8241 0.831 0.8701 0.8287 0.8448 0.8793 0.8332 0.8402 0.8862 0.8448 0.8517 0.9116 0.8632 0.8517 0.9277 0.8817 0.8494 0.6306 0.612 0.6004 0.6236 0.6167 0.6051 0.6398 0.6259 0.6098 0.6513 0.6329 0.612 0.663 0.656 0.6282 0.6791 0.6769 0.6444 0.6838 0.693 0.6457 0.6111 0.6503 0.6526 0.6133 0.648 0.6411 0.6088 0.6457 0.6596 0.6203 0.6688 0.6757 0.6319 0.6688 0.6988 0.6503 0.6664 0.7126 0.6596
0.2533 0.8424 1.0 0.8287 0.8632 0.8241 0.831 0.8701 0.8287 0.8448 0.8793 0.8332 0.8402 0.8862 0.8448 0.8517 0.9116 0.8632 0.8517 0.9277 0.8817 0.8494 0.9254 0.612 0.6004 0.6236 0.6167 0.6051 0.6398 0.6259 0.6098 0.6513 0.6329 0.612 0.663 0.656 0.6282 0.6791 0.6769 0.6444 0.6838 0.693 0.6513 0.6111 0.6503 0.6526 0.6133 0.648 0.6411 0.6088 0.6457 0.6596 0.6203 0.6688 0.6757 0.6319 0.6688 0.6988 0.6503 0.6664 0.7126 0.6596 0.6549
0.1227 0.9162 1.0 0.8632 0.8241 0.831 0.8701 0.8287 0.8448 0.8793 0.8332 0.8402 0.8862 0.8448 0.8517 0.9116 0.8632 0.8517 0.9277 0.8817 0.8494 0.9254 0.8886 0.6004 0.6236 0.6167 0.6051 0.6398 0.6259 0.6098 0.6513 0.6329 0.612 0.663 0.656 0.6282 0.6791 0.6769 0.6444 0.6838 0.693 0.6513 0.6722 0.6503 0.6526 0.6133 0.648 0.6411 0.6088 0.6457 0.6596 0.6203 0.6688 0.6757 0.6319 0.6688 0.6988 0.6503 0.6664 0.7126 0.6596 0.6549 0.7126
0.154 0.8886 1.0 0.8241 0.831 0.8701 0.8287 0.8448 0.8793 0.8332 0.8402 0.8862 0.8448 0.8517 0.9116 0.8632 0.8517 0.9277 0.8817 0.8494 0.9254 0.8886 0.8424 0.6236 0.6167 0.6051 0.6398 0.6259 0.6098 0.6513 0.6329 0.612 0.663 0.656 0.6282 0.6791 0.6769 0.6444 0.6838 0.693 0.6513 0.6722 0.7 0.6526 0.6133 0.648 0.6411 0.6088 0.6457 0.6596 0.6203 0.6688 0.6757 0.6319 0.6688 0.6988 0.6503 0.6664 0.7126 0.6596 0.6549 0.7126 0.6572
0.246 0.8402 1.0 0.831 0.8701 0.8287 0.8448 0.8793 0.8332 0.8402 0.8862 0.8448 0.8517 0.9116 0.8632 0.8517 0.9277 0.8817 0.8494 0.9254 0.8886 0.8424 0.9162 0.6167 0.6051 0.6398 0.6259 0.6098 0.6513 0.6329 0.612 0.663 0.656 0.6282 0.6791 0.6769 0.6444 0.6838 0.693 0.6513 0.6722 0.7 0.6537 0.6133 0.648 0.6411 0.6088 0.6457 0.6596 0.6203 0.6688 0.6757 0.6319 0.6688 0.6988 0.6503 0.6664 0.7126 0.6596 0.6549 0.7126 0.6572 0.6319
0.092 0.8886 1.0 0.8701 0.8287 0.8448 0.8793 0.8332 0.8402 0.8862 0.8448 0.8517 0.9116 0.8632 0.8517 0.9277 0.8817 0.8494 0.9254 0.8886 0.8424 0.9162 0.8886 0.6051 0.6398 0.6259 0.6098 0.6513 0.6329 0.612 0.663 0.656 0.6282 0.6791 0.6769 0.6444 0.6838 0.693 0.6513 0.6722 0.7 0.6537 0.6513 0.648 0.6411 0.6088 0.6457 0.6596 0.6203 0.6688 0.6757 0.6319 0.6688 0.6988 0.6503 0.6664 0.7126 0.6596 0.6549 0.7126 0.6572 0.6319 0.701
0.1613 0.8886 1.0 0.8287 0.8448 0.8793 0.8332 0.8402 0.8862 0.8448 0.8517 0.9116 0.8632 0.8517 0.9277 0.8817 0.8494 0.9254 0.8886 0.8424 0.9162 0.8886 0.8402 0.6398 0.6259 0.6098 0.6513 0.6329 0.612 0.663 0.656 0.6282 0.6791 0.6769 0.6444 0.6838 0.693 0.6513 0.6722 0.7 0.6537 0.6513 0.7 0.6411 0.6088 0.6457 0.6596 0.6203 0.6688 0.6757 0.6319 0.6688 0.6988 0.6503 0.6664 0.7126 0.6596 0.6549 0.7126 0.6572 0.6319 0.701 0.6526
0.1613 0.8379 1.0 0.8448 0.8793 0.8332 0.8402 0.8862 0.8448 0.8517 0.9116 0.8632 0.8517 0.9277 0.8817 0.8494 0.9254 0.8886 0.8424 0.9162 0.8886 0.8402 0.8886 0.6259 0.6098 0.6513 0.6329 0.612 0.663 0.656 0.6282 0.6791 0.6769 0.6444 0.6838 0.693 0.6513 0.6722 0.7 0.6537 0.6513 0.7 0.6513 0.6088 0.6457 0.6596 0.6203 0.6688 0.6757 0.6319 0.6688 0.6988 0.6503 0.6664 0.7126 0.6596 0.6549 0.7126 0.6572 0.6319 0.701 0.6526 0.6157
0.0 0.8517 1.0 0.8793 0.8332 0.8402 0.8862 0.8448 0.8517 0.9116 0.8632 0.8517 0.9277 0.8817 0.8494 0.9254 0.8886 0.8424 0.9162 0.8886 0.8402 0.8886 0.8886 0.6098 0.6513 0.6329 0.612 0.663 0.656 0.6282 0.6791 0.6769 0.6444 0.6838 0.693 0.6513 0.6722 0.7 0.6537 0.6513 0.7 0.6513 0.6329 0.6457 0.6596 0.6203 0.6688 0.6757 0.6319 0.6688 0.6988 0.6503 0.6664 0.7126 0.6596 0.6549 0.7126 0.6572 0.6319 0.701 0.6526 0.6157 0.6757
0.169 0.884 1.0 0.8332 0.8402 0.8862 0.8448 0.8517 0.9116 0.8632 0.8517 0.9277 0.8817 0.8494 0.9254 0.8886 0.8424 0.9162 0.8886 0.8402 0.8886 0.8886 0.8379 0.6513 0.6329 0.612 0.663 0.656 0.6282 0.6791 0.6769 0.6444 0.6838 0.693 0.6513 0.6722 0.7 0.6537 0.6513 0.7 0.6513 0.6329 0.6908 0.6596 0.6203 0.6688 0.6757 0.6319 0.6688 0.6988 0.6503 0.6664 0.7126 0.6596 0.6549 0.7126 0.6572 0.6319 0.701 0.6526 0.6157 0.6757 0.6503
0.046 0.8402 1.0 0.8402 0.8862 0.8448 0.8517 0.9116 0.8632 0.8517 0.9277 0.8817 0.8494 0.9254 0.8886 0.8424 0.9162 0.8886 0.8402 0.8886 0.8886 0.8379 0.8517 0.6329 0.612 0.663 0.656 0.6282 0.6791 0.6769 0.6444 0.6838 0.693 0.6513 0.6722 0.7 0.6537 0.6513 0.7 0.6513 0.6329 0.6908 0.6583 0.6203 0.6688 0.6757 0.6319 0.6688 0.6988 0.6503 0.6664 0.7126 0.6596 0.6549 0.7126 0.6572 0.6319 0.701 0.6526 0.6157 0.6757 0.6503 0.6133
0.1077 0.801 1.0 0.8862 0.8448 0.8517 0.9116 0.8632 0.8517 0.9277 0.8817 0.8494 0.9254 0.8886 0.8424 0.9162 0.8886 0.8402 0.8886 0.8886 0.8379 0.8517 0.884 0.612 0.663 0.656 0.6282 0.6791 0.6769 0.6444 0.6838 0.693 0.6513 0.6722 0.7 0.6537 0.6513 0.7 0.6513 0.6329 0.6908 0.6583 0.6259 0.6688 0.6757 0.6319 0.6688 0.6988 0.6503 0.6664 0.7126 0.6596 0.6549 0.7126 0.6572 0.6319 0.701 0.6526 0.6157 0.6757 0.6503 0.6133 0.6388
0.146 0.7711 1.0 0.8448 0.8517 0.9116 0.8632 0.8517 0.9277 0.8817 0.8494 0.9254 0.8886 0.8424 0.9162 0.8886 0.8402 0.8886 0.8886 0.8379 0.8517 0.884 0.8402 0.663 0.656 0.6282 0.6791 0.6769 0.6444 0.6838 0.693 0.6513 0.6722 0.7 0.6537 0.6513 0.7 0.6513 0.6329 0.6908 0.6583 0.6259 0.6098 0.6757 0.6319 0.6688 0.6988 0.6503 0.6664 0.7126 0.6596 0.6549 0.7126 0.6572 0.6319 0.701 0.6526 0.6157 0.6757 0.6503 0.6133 0.6388 0.6249
0.1307 0.7503 1.0 0.8517 0.9116 0.8632 0.8517 0.9277 0.8817 0.8494 0.9254 0.8886 0.8424 0.9162 0.8886 0.8402 0.8886 0.8886 0.8379 0.8517 0.884 0.8402 0.801 0.656 0.6282 0.6791 0.6769 0.6444 0.6838 0.693 0.6513 0.6722 0.7 0.6537 0.6513 0.7 0.6513 0.6329 0.6908 0.6583 0.6259 0.6098 0.5936 0.6319 0.6688 0.6988 0.6503 0.6664 0.7126 0.6596 0.6549 0.7126 0.6572 0.6319 0.701 0.6526 0.6157 0.6757 0.6503 0.6133 0.6388 0.6249 0.5927
0.0997 0.7273 1.0 0.9116 0.8632 0.8517 0.9277 0.8817 0.8494 0.9254 0.8886 0.8424 0.9162 0.8886 0.8402 0.8886 0.8886 0.8379 0.8517 0.884 0.8402 0.801 0.7711 0.6282 0.6791 0.6769 0.6444 0.6838 0.693 0.6513 0.6722 0.7 0.6537 0.6513 0.7 0.6513 0.6329 0.6908 0.6583 0.6259 0.6098 0.5936 0.5703 0.6688 0.6988 0.6503 0.6664 0.7126 0.6596 0.6549 0.7126 0.6572 0.6319 0.701 0.6526 0.6157 0.6757 0.6503 0.6133 0.6388 0.6249 0.5927 0.5649
0.0693 0.702 1.0 0.8632 0.8517 0.9277 0.8817 0.8494 0.9254 0.8886 0.8424 0.9162 0.8886 0.8402 0.8886 0.8886 0.8379 0.8517 0.884 0.8402 0.801 0.7711 0.7503 0.6791 0.6769 0.6444 0.6838 0.693 0.6513 0.6722 0.7 0.6537 0.6513 0.7 0.6513 0.6329 0.6908 0.6583 0.6259 0.6098 0.5936 0.5703 0.5472 0.6988 0.6503 0.6664 0.7126 0.6596 0.6549 0.7126 0.6572 0.6319 0.701 0.6526 0.6157 0.6757 0.6503 0.6133 0.6388 0.6249 0.5927 0.5649 0.5442
0.0767 0.6951 1.0 0.8517 0.9277 0.8817 0.8494 0.9254 0.8886 0.8424 0.9162 0.8886 0.8402 0.8886 0.8886 0.8379 0.8517 0.884 0.8402 0.801 0.7711 0.7503 0.7273 0.6769 0.6444 0.6838 0.693 0.6513 0.6722 0.7 0.6537 0.6513 0.7 0.6513 0.6329 0.6908 0.6583 0.6259 0.6098 0.5936 0.5703 0.5472 0.5333 0.6503 0.6664 0.7126 0.6596 0.6549 0.7126 0.6572 0.6319 0.701 0.6526 0.6157 0.6757 0.6503 0.6133 0.6388 0.6249 0.5927 0.5649 0.5442 0.5303
0.0843 0.6743 1.0 0.9277 0.8817 0.8494 0.9254 0.8886 0.8424 0.9162 0.8886 0.8402 0.8886 0.8886 0.8379 0.8517 0.884 0.8402 0.801 0.7711 0.7503 0.7273 0.702 0.6444 0.6838 0.693 0.6513 0.6722 0.7 0.6537 0.6513 0.7 0.6513 0.6329 0.6908 0.6583 0.6259 0.6098 0.5936 0.5703 0.5472 0.5333 0.5194 0.6664 0.7126 0.6596 0.6549 0.7126 0.6572 0.6319 0.701 0.6526 0.6157 0.6757 0.6503 0.6133 0.6388 0.6249 0.5927 0.5649 0.5442 0.5303 0.505
0.023 0.6537 1.0 0.8817 0.8494 0.9254 0.8886 0.8424 0.9162 0.8886 0.8402 0.8886 0.8886 0.8379 0.8517 0.884 0.8402 0.801 0.7711 0.7503 0.7273 0.702 0.6951 0.6838 0.693 0.6513 0.6722 0.7 0.6537 0.6513 0.7 0.6513 0.6329 0.6908 0.6583 0.6259 0.6098 0.5936 0.5703 0.5472 0.5333 0.5194 0.4963 0.7126 0.6596 0.6549 0.7126 0.6572 0.6319 0.701 0.6526 0.6157 0.6757 0.6503 0.6133 0.6388 0.6249 0.5927 0.5649 0.5442 0.5303 0.505 0.4911
0.0693 0.6444 1.0 0.8494 0.9254 0.8886 0.8424 0.9162 0.8886 0.8402 0.8886 0.8886 0.8379 0.8517 0.884 0.8402 0.801 0.7711 0.7503 0.7273 0.702 0.6951 0.6743 0.693 0.6513 0.6722 0.7 0.6537 0.6513 0.7 0.6513 0.6329 0.6908 0.6583 0.6259 0.6098 0.5936 0.5703 0.5472 0.5333 0.5194 0.4963 0.4848 0.6596 0.6549 0.7126 0.6572 0.6319 0.701 0.6526 0.6157 0.6757 0.6503 0.6133 0.6388 0.6249 0.5927 0.5649 0.5442 0.5303 0.505 0.4911 0.4796
0.0687 0.6306 1.0 0.9254 0.8886 0.8424 0.9162 0.8886 0.8402 0.8886 0.8886 0.8379 0.8517 0.884 0.8402 0.801 0.7711 0.7503 0.7273 0.702 0.6951 0.6743 0.6537 0.6513 0.6722 0.7 0.6537 0.6513 0.7 0.6513 0.6329 0.6908 0.6583 0.6259 0.6098 0.5936 0.5703 0.5472 0.5333 0.5194 0.4963 0.4848 0.4732 0.6549 0.7126 0.6572 0.6319 0.701 0.6526 0.6157 0.6757 0.6503 0.6133 0.6388 0.6249 0.5927 0.5649 0.5442 0.5303 0.505 0.4911 0.4796 0.4611
0.031 0.6099 1.0 0.8886 0.8424 0.9162 0.8886 0.8402 0.8886 0.8886 0.8379 0.8517 0.884 0.8402 0.801 0.7711 0.7503 0.7273 0.702 0.6951 0.6743 0.6537 0.6444 0.6722 0.7 0.6537 0.6513 0.7 0.6513 0.6329 0.6908 0.6583 0.6259 0.6098 0.5936 0.5703 0.5472 0.5333 0.5194 0.4963 0.4848 0.4732 0.45 0.7126 0.6572 0.6319 0.701 0.6526 0.6157 0.6757 0.6503 0.6133 0.6388 0.6249 0.5927 0.5649 0.5442 0.5303 0.505 0.4911 0.4796 0.4611 0.4427
0.046 0.6076 1.0 0.8424 0.9162 0.8886 0.8402 0.8886 0.8886 0.8379 0.8517 0.884 0.8402 0.801 0.7711 0.7503 0.7273 0.702 0.6951 0.6743 0.6537 0.6444 0.6306 0.7 0.6537 0.6513 0.7 0.6513 0.6329 0.6908 0.6583 0.6259 0.6098 0.5936 0.5703 0.5472 0.5333 0.5194 0.4963 0.4848 0.4732 0.45 0.4384 0.6572 0.6319 0.701 0.6526 0.6157 0.6757 0.6503 0.6133 0.6388 0.6249 0.5927 0.5649 0.5442 0.5303 0.505 0.4911 0.4796 0.4611 0.4427 0.4403
0.069 0.6007 1.0 0.9162 0.8886 0.8402 0.8886 0.8886 0.8379 0.8517 0.884 0.8402 0.801 0.7711 0.7503 0.7273 0.702 0.6951 0.6743 0.6537 0.6444 0.6306 0.6099 0.6537 0.6513 0.7 0.6513 0.6329 0.6908 0.6583 0.6259 0.6098 0.5936 0.5703 0.5472 0.5333 0.5194 0.4963 0.4848 0.4732 0.45 0.4384 0.4316 0.6319 0.701 0.6526 0.6157 0.6757 0.6503 0.6133 0.6388 0.6249 0.5927 0.5649 0.5442 0.5303 0.505 0.4911 0.4796 0.4611 0.4427 0.4403 0.4219
0.0077 0.5822 1.0 0.8886 0.8402 0.8886 0.8886 0.8379 0.8517 0.884 0.8402 0.801 0.7711 0.7503 0.7273 0.702 0.6951 0.6743 0.6537 0.6444 0.6306 0.6099 0.6076 0.6513 0.7 0.6513 0.6329 0.6908 0.6583 0.6259 0.6098 0.5936 0.5703 0.5472 0.5333 0.5194 0.4963 0.4848 0.4732 0.45 0.4384 0.4316 0.413 0.701 0.6526 0.6157 0.6757 0.6503 0.6133 0.6388 0.6249 0.5927 0.5649 0.5442 0.5303 0.505 0.4911 0.4796 0.4611 0.4427 0.4403 0.4219 0.4058
0.023 0.5799 1.0 0.8402 0.8886 0.8886 0.8379 0.8517 0.884 0.8402 0.801 0.7711 0.7503 0.7273 0.702 0.6951 0.6743 0.6537 0.6444 0.6306 0.6099 0.6076 0.6007 0.7 0.6513 0.6329 0.6908 0.6583 0.6259 0.6098 0.5936 0.5703 0.5472 0.5333 0.5194 0.4963 0.4848 0.4732 0.45 0.4384 0.4316 0.413 0.3991 0.6526 0.6157 0.6757 0.6503 0.6133 0.6388 0.6249 0.5927 0.5649 0.5442 0.5303 0.505 0.4911 0.4796 0.4611 0.4427 0.4403 0.4219 0.4058 0.4081
0.0617 0.5776 1.0 0.8886 0.8886 0.8379 0.8517 0.884 0.8402 0.801 0.7711 0.7503 0.7273 0.702 0.6951 0.6743 0.6537 0.6444 0.6306 0.6099 0.6076 0.6007 0.5822 0.6513 0.6329 0.6908 0.6583 0.6259 0.6098 0.5936 0.5703 0.5472 0.5333 0.5194 0.4963 0.4848 0.4732 0.45 0.4384 0.4316 0.413 0.3991 0.4014 0.6157 0.6757 0.6503 0.6133 0.6388 0.6249 0.5927 0.5649 0.5442 0.5303 0.505 0.4911 0.4796 0.4611 0.4427 0.4403 0.4219 0.4058 0.4081 0.3942
0.0077 0.5592 1.0 0.8886 0.8379 0.8517 0.884 0.8402 0.801 0.7711 0.7503 0.7273 0.702 0.6951 0.6743 0.6537 0.6444 0.6306 0.6099 0.6076 0.6007 0.5822 0.5799 0.6329 0.6908 0.6583 0.6259 0.6098 0.5936 0.5703 0.5472 0.5333 0.5194 0.4963 0.4848 0.4732 0.45 0.4384 0.4316 0.413 0.3991 0.4014 0.3852 0.6757 0.6503 0.6133 0.6388 0.6249 0.5927 0.5649 0.5442 0.5303 0.505 0.4911 0.4796 0.4611 0.4427 0.4403 0.4219 0.4058 0.4081 0.3942 0.3781
0.0077 0.5522 1.0 0.8379 0.8517 0.884 0.8402 0.801 0.7711 0.7503 0.7273 0.702 0.6951 0.6743 0.6537 0.6444 0.6306 0.6099 0.6076 0.6007 0.5822 0.5799 0.5776 0.6908 0.6583 0.6259 0.6098 0.5936 0.5703 0.5472 0.5333 0.5194 0.4963 0.4848 0.4732 0.45 0.4384 0.4316 0.413 0.3991 0.4014 0.3852 0.369 0.6503 0.6133 0.6388 0.6249 0.5927 0.5649 0.5442 0.5303 0.505 0.4911 0.4796 0.4611 0.4427 0.4403 0.4219 0.4058 0.4081 0.3942 0.3781 0.3781
0.0613 0.5477 1.0 0.8517 0.884 0.8402 0.801 0.7711 0.7503 0.7273 0.702 0.6951 0.6743 0.6537 0.6444 0.6306 0.6099 0.6076 0.6007 0.5822 0.5799 0.5776 0.5592 0.6583 0.6259 0.6098 0.5936 0.5703 0.5472 0.5333 0.5194 0.4963 0.4848 0.4732 0.45 0.4384 0.4316 0.413 0.3991 0.4014 0.3852 0.369 0.369 0.6133 0.6388 0.6249 0.5927 0.5649 0.5442 0.5303 0.505 0.4911 0.4796 0.4611 0.4427 0.4403 0.4219 0.4058 0.4081 0.3942 0.3781 0.3781 0.3712
0.0233 0.5339 1.0 0.884 0.8402 0.801 0.7711 0.7503 0.7273 0.702 0.6951 0.6743 0.6537 0.6444 0.6306 0.6099 0.6076 0.6007 0.5822 0.5799 0.5776 0.5592 0.5522 0.6259 0.6098 0.5936 0.5703 0.5472 0.5333 0.5194 0.4963 0.4848 0.4732 0.45 0.4384 0.4316 0.413 0.3991 0.4014 0.3852 0.369 0.369 0.3551 0.6388 0.6249 0.5927 0.5649 0.5442 0.5303 0.505 0.4911 0.4796 0.4611 0.4427 0.4403 0.4219 0.4058 0.4081 0.3942 0.3781 0.3781 0.3712 0.3528
0.015 0.5223 1.0 0.8402 0.801 0.7711 0.7503 0.7273 0.702 0.6951 0.6743 0.6537 0.6444 0.6306 0.6099 0.6076 0.6007 0.5822 0.5799 0.5776 0.5592 0.5522 0.5477 0.6098 0.5936 0.5703 0.5472 0.5333 0.5194 0.4963 0.4848 0.4732 0.45 0.4384 0.4316 0.413 0.3991 0.4014 0.3852 0.369 0.369 0.3551 0.3389 0.6249 0.5927 0.5649 0.5442 0.5303 0.505 0.4911 0.4796 0.4611 0.4427 0.4403 0.4219 0.4058 0.4081 0.3942 0.3781 0.3781 0.3712 0.3528 0.3481
0.046 0.5154 1.0 0.801 0.7711 0.7503 0.7273 0.702 0.6951 0.6743 0.6537 0.6444 0.6306 0.6099 0.6076 0.6007 0.5822 0.5799 0.5776 0.5592 0.5522 0.5477 0.5339 0.5936 0.5703 0.5472 0.5333 0.5194 0.4963 0.4848 0.4732 0.45 0.4384 0.4316 0.413 0.3991 0.4014 0.3852 0.369 0.369 0.3551 0.3389 0.3367 0.5927 0.5649 0.5442 0.5303 0.505 0.4911 0.4796 0.4611 0.4427 0.4403 0.4219 0.4058 0.4081 0.3942 0.3781 0.3781 0.3712 0.3528 0.3481 0.3389
0.0387 0.5039 1.0 0.7711 0.7503 0.7273 0.702 0.6951 0.6743 0.6537 0.6444 0.6306 0.6099 0.6076 0.6007 0.5822 0.5799 0.5776 0.5592 0.5522 0.5477 0.5339 0.5223 0.5703 0.5472 0.5333 0.5194 0.4963 0.4848 0.4732 0.45 0.4384 0.4316 0.413 0.3991 0.4014 0.3852 0.369 0.369 0.3551 0.3389 0.3367 0.3273 0.5649 0.5442 0.5303 0.505 0.4911 0.4796 0.4611 0.4427 0.4403 0.4219 0.4058 0.4081 0.3942 0.3781 0.3781 0.3712 0.3528 0.3481 0.3389 0.3273
0.023 0.4947 1.0 0.7503 0.7273 0.702 0.6951 0.6743 0.6537 0.6444 0.6306 0.6099 0.6076 0.6007 0.5822 0.5799 0.5776 0.5592 0.5522 0.5477 0.5339 0.5223 0.5154 0.5472 0.5333 0.5194 0.4963 0.4848 0.4732 0.45 0.4384 0.4316 0.413 0.3991 0.4014 0.3852 0.369 0.369 0.3551 0.3389 0.3367 0.3273 0.3134 0.5442 0.5303 0.505 0.4911 0.4796 0.4611 0.4427 0.4403 0.4219 0.4058 0.4081 0.3942 0.3781 0.3781 0.3712 0.3528 0.3481 0.3389 0.3273 0.3181
0.0383 0.4901 1.0 0.7273 0.702 0.6951 0.6743 0.6537 0.6444 0.6306 0.6099 0.6076 0.6007 0.5822 0.5799 0.5776 0.5592 0.5522 0.5477 0.5339 0.5223 0.5154 0.5039 0.5333 0.5194 0.4963 0.4848 0.4732 0.45 0.4384 0.4316 0.413 0.3991 0.4014 0.3852 0.369 0.369 0.3551 0.3389 0.3367 0.3273 0.3134 0.3066 0.5303 0.505 0.4911 0.4796 0.4611 0.4427 0.4403 0.4219 0.4058 0.4081 0.3942 0.3781 0.3781 0.3712 0.3528 0.3481 0.3389 0.3273 0.3181 0.3112
0.0307 0.4786 1.0 0.702 0.6951 0.6743 0.6537 0.6444 0.6306 0.6099 0.6076 0.6007 0.5822 0.5799 0.5776 0.5592 0.5522 0.5477 0.5339 0.5223 0.5154 0.5039 0.4947 0.5194 0.4963 0.4848 0.4732 0.45 0.4384 0.4316 0.413 0.3991 0.4014 0.3852 0.369 0.369 0.3551 0.3389 0.3367 0.3273 0.3134 0.3066 0.2972 0.505 0.4911 0.4796 0.4611 0.4427 0.4403 0.4219 0.4058 0.4081 0.3942 0.3781 0.3781 0.3712 0.3528 0.3481 0.3389 0.3273 0.3181 0.3112 0.2997
0.0153 0.4693 1.0 0.6951 0.6743 0.6537 0.6444 0.6306 0.6099 0.6076 0.6007 0.5822 0.5799 0.5776 0.5592 0.5522 0.5477 0.5339 0.5223 0.5154 0.5039 0.4947 0.4901 0.4963 0.4848 0.4732 0.45 0.4384 0.4316 0.413 0.3991 0.4014 0.3852 0.369 0.369 0.3551 0.3389 0.3367 0.3273 0.3134 0.3066 0.2972 0.2857 0.4911 0.4796 0.4611 0.4427 0.4403 0.4219 0.4058 0.4081 0.3942 0.3781 0.3781 0.3712 0.3528 0.3481 0.3389 0.3273 0.3181 0.3112 0.2997 0.2904
0.0383 0.4624 1.0 0.6743 0.6537 0.6444 0.6306 0.6099 0.6076 0.6007 0.5822 0.5799 0.5776 0.5592 0.5522 0.5477 0.5339 0.5223 0.5154 0.5039 0.4947 0.4901 0.4786 0.4848 0.4732 0.45 0.4384 0.4316 0.413 0.3991 0.4014 0.3852 0.369 0.369 0.3551 0.3389 0.3367 0.3273 0.3134 0.3066 0.2972 0.2857 0.2811 0.4796 0.4611 0.4427 0.4403 0.4219 0.4058 0.4081 0.3942 0.3781 0.3781 0.3712 0.3528 0.3481 0.3389 0.3273 0.3181 0.3112 0.2997 0.2904 0.2859
0.031 0.4532 1.0 0.6537 0.6444 0.6306 0.6099 0.6076 0.6007 0.5822 0.5799 0.5776 0.5592 0.5522 0.5477 0.5339 0.5223 0.5154 0.5039 0.4947 0.4901 0.4786 0.4693 0.4732 0.45 0.4384 0.4316 0.413 0.3991 0.4014 0.3852 0.369 0.369 0.3551 0.3389 0.3367 0.3273 0.3134 0.3066 0.2972 0.2857 0.2811 0.2718 0.4611 0.4427 0.4403 0.4219 0.4058 0.4081 0.3942 0.3781 0.3781 0.3712 0.3528 0.3481 0.3389 0.3273 0.3181 0.3112 0.2997 0.2904 0.2859 0.2743
0.023 0.52 1.0 0.6444 0.6306 0.6099 0.6076 0.6007 0.5822 0.5799 0.5776 0.5592 0.5522 0.5477 0.5339 0.5223 0.5154 0.5039 0.4947 0.4901 0.4786 0.4693 0.4624 0.45 0.4384 0.4316 0.413 0.3991 0.4014 0.3852 0.369 0.369 0.3551 0.3389 0.3367 0.3273 0.3134 0.3066 0.2972 0.2857 0.2811 0.2718 0.2626 0.4427 0.4403 0.4219 0.4058 0.4081 0.3942 0.3781 0.3781 0.3712 0.3528 0.3481 0.3389 0.3273 0.3181 0.3112 0.2997 0.2904 0.2859 0.2743 0.2673
0.0307 0.5408 1.0 0.6306 0.6099 0.6076 0.6007 0.5822 0.5799 0.5776 0.5592 0.5522 0.5477 0.5339 0.5223 0.5154 0.5039 0.4947 0.4901 0.4786 0.4693 0.4624 0.4532 0.4384 0.4316 0.413 0.3991 0.4014 0.3852 0.369 0.369 0.3551 0.3389 0.3367 0.3273 0.3134 0.3066 0.2972 0.2857 0.2811 0.2718 0.2626 0.2557 0.4403 0.4219 0.4058 0.4081 0.3942 0.3781 0.3781 0.3712 0.3528 0.3481 0.3389 0.3273 0.3181 0.3112 0.2997 0.2904 0.2859 0.2743 0.2673 0.2604
0.2227 0.5154 1.0 0.6099 0.6076 0.6007 0.5822 0.5799 0.5776 0.5592 0.5522 0.5477 0.5339 0.5223 0.5154 0.5039 0.4947 0.4901 0.4786 0.4693 0.4624 0.4532 0.52 0.4316 0.413 0.3991 0.4014 0.3852 0.369 0.369 0.3551 0.3389 0.3367 0.3273 0.3134 0.3066 0.2972 0.2857 0.2811 0.2718 0.2626 0.2557 0.2487 0.4219 0.4058 0.4081 0.3942 0.3781 0.3781 0.3712 0.3528 0.3481 0.3389 0.3273 0.3181 0.3112 0.2997 0.2904 0.2859 0.2743 0.2673 0.2604 0.2536
0.0693 0.5614 1.0 0.6076 0.6007 0.5822 0.5799 0.5776 0.5592 0.5522 0.5477 0.5339 0.5223 0.5154 0.5039 0.4947 0.4901 0.4786 0.4693 0.4624 0.4532 0.52 0.5408 0.413 0.3991 0.4014 0.3852 0.369 0.369 0.3551 0.3389 0.3367 0.3273 0.3134 0.3066 0.2972 0.2857 0.2811 0.2718 0.2626 0.2557 0.2487 0.2557 0.4058 0.4081 0.3942 0.3781 0.3781 0.3712 0.3528 0.3481 0.3389 0.3273 0.3181 0.3112 0.2997 0.2904 0.2859 0.2743 0.2673 0.2604 0.2536 0.3458
0.0847 0.6029 1.0 0.6007 0.5822 0.5799 0.5776 0.5592 0.5522 0.5477 0.5339 0.5223 0.5154 0.5039 0.4947 0.4901 0.4786 0.4693 0.4624 0.4532 0.52 0.5408 0.5154 0.3991 0.4014 0.3852 0.369 0.369 0.3551 0.3389 0.3367 0.3273 0.3134 0.3066 0.2972 0.2857 0.2811 0.2718 0.2626 0.2557 0.2487 0.2557 0.3343 0.4081 0.3942 0.3781 0.3781 0.3712 0.3528 0.3481 0.3389 0.3273 0.3181 0.3112 0.2997 0.2904 0.2859 0.2743 0.2673 0.2604 0.2536 0.3458 0.3342
0.1533 0.5684 1.0 0.5822 0.5799 0.5776 0.5592 0.5522 0.5477 0.5339 0.5223 0.5154 0.5039 0.4947 0.4901 0.4786 0.4693 0.4624 0.4532 0.52 0.5408 0.5154 0.5614 0.4014 0.3852 0.369 0.369 0.3551 0.3389 0.3367 0.3273 0.3134 0.3066 0.2972 0.2857 0.2811 0.2718 0.2626 0.2557 0.2487 0.2557 0.3343 0.3158 0.3942 0.3781 0.3781 0.3712 0.3528 0.3481 0.3389 0.3273 0.3181 0.3112 0.2997 0.2904 0.2859 0.2743 0.2673 0.2604 0.2536 0.3458 0.3342 0.3112
0.1383 0.5822 1.0 0.5799 0.5776 0.5592 0.5522 0.5477 0.5339 0.5223 0.5154 0.5039 0.4947 0.4901 0.4786 0.4693 0.4624 0.4532 0.52 0.5408 0.5154 0.5614 0.6029 0.3852 0.369 0.369 0.3551 0.3389 0.3367 0.3273 0.3134 0.3066 0.2972 0.2857 0.2811 0.2718 0.2626 0.2557 0.2487 0.2557 0.3343 0.3158 0.3042 0.3781 0.3781 0.3712 0.3528 0.3481 0.3389 0.3273 0.3181 0.3112 0.2997 0.2904 0.2859 0.2743 0.2673 0.2604 0.2536 0.3458 0.3342 0.3112 0.3804
0.115 0.6467 1.0 0.5776 0.5592 0.5522 0.5477 0.5339 0.5223 0.5154 0.5039 0.4947 0.4901 0.4786 0.4693 0.4624 0.4532 0.52 0.5408 0.5154 0.5614 0.6029 0.5684 0.369 0.369 0.3551 0.3389 0.3367 0.3273 0.3134 0.3066 0.2972 0.2857 0.2811 0.2718 0.2626 0.2557 0.2487 0.2557 0.3343 0.3158 0.3042 0.3806 0.3781 0.3712 0.3528 0.3481 0.3389 0.3273 0.3181 0.3112 0.2997 0.2904 0.2859 0.2743 0.2673 0.2604 0.2536 0.3458 0.3342 0.3112 0.3804 0.385
0.046 0.6076 1.0 0.5592 0.5522 0.5477 0.5339 0.5223 0.5154 0.5039 0.4947 0.4901 0.4786 0.4693 0.4624 0.4532 0.52 0.5408 0.5154 0.5614 0.6029 0.5684 0.5822 0.369 0.3551 0.3389 0.3367 0.3273 0.3134 0.3066 0.2972 0.2857 0.2811 0.2718 0.2626 0.2557 0.2487 0.2557 0.3343 0.3158 0.3042 0.3806 0.3667 0.3712 0.3528 0.3481 0.3389 0.3273 0.3181 0.3112 0.2997 0.2904 0.2859 0.2743 0.2673 0.2604 0.2536 0.3458 0.3342 0.3112 0.3804 0.385 0.3504
0.215 0.596 1.0 0.5522 0.5477 0.5339 0.5223 0.5154 0.5039 0.4947 0.4901 0.4786 0.4693 0.4624 0.4532 0.52 0.5408 0.5154 0.5614 0.6029 0.5684 0.5822 0.6467 0.3551 0.3389 0.3367 0.3273 0.3134 0.3066 0.2972 0.2857 0.2811 0.2718 0.2626 0.2557 0.2487 0.2557 0.3343 0.3158 0.3042 0.3806 0.3667 0.3412 0.3528 0.3481 0.3389 0.3273 0.3181 0.3112 0.2997 0.2904 0.2859 0.2743 0.2673 0.2604 0.2536 0.3458 0.3342 0.3112 0.3804 0.385 0.3504 0.3942
0.1303 0.6812 1.0 0.5477 0.5339 0.5223 0.5154 0.5039 0.4947 0.4901 0.4786 0.4693 0.4624 0.4532 0.52 0.5408 0.5154 0.5614 0.6029 0.5684 0.5822 0.6467 0.6076 0.3389 0.3367 0.3273 0.3134 0.3066 0.2972 0.2857 0.2811 0.2718 0.2626 0.2557 0.2487 0.2557 0.3343 0.3158 0.3042 0.3806 0.3667 0.3412 0.406 0.3481 0.3389 0.3273 0.3181 0.3112 0.2997 0.2904 0.2859 0.2743 0.2673 0.2604 0.2536 0.3458 0.3342 0.3112 0.3804 0.385 0.3504 0.3942 0.4219
0.0387 0.6421 1.0 0.5339 0.5223 0.5154 0.5039 0.4947 0.4901 0.4786 0.4693 0.4624 0.4532 0.52 0.5408 0.5154 0.5614 0.6029 0.5684 0.5822 0.6467 0.6076 0.596 0.3367 0.3273 0.3134 0.3066 0.2972 0.2857 0.2811 0.2718 0.2626 0.2557 0.2487 0.2557 0.3343 0.3158 0.3042 0.3806 0.3667 0.3412 0.406 0.4083 0.3389 0.3273 0.3181 0.3112 0.2997 0.2904 0.2859 0.2743 0.2673 0.2604 0.2536 0.3458 0.3342 0.3112 0.3804 0.385 0.3504 0.3942 0.4219 0.3827
0.284 0.6168 1.0 0.5223 0.5154 0.5039 0.4947 0.4901 0.4786 0.4693 0.4624 0.4532 0.52 0.5408 0.5154 0.5614 0.6029 0.5684 0.5822 0.6467 0.6076 0.596 0.6812 0.3273 0.3134 0.3066 0.2972 0.2857 0.2811 0.2718 0.2626 0.2557 0.2487 0.2557 0.3343 0.3158 0.3042 0.3806 0.3667 0.3412 0.406 0.4083 0.3783 0.3273 0.3181 0.3112 0.2997 0.2904 0.2859 0.2743 0.2673 0.2604 0.2536 0.3458 0.3342 0.3112 0.3804 0.385 0.3504 0.3942 0.4219 0.3827 0.3989
0.1303 0.6973 1.0 0.5154 0.5039 0.4947 0.4901 0.4786 0.4693 0.4624 0.4532 0.52 0.5408 0.5154 0.5614 0.6029 0.5684 0.5822 0.6467 0.6076 0.596 0.6812 0.6421 0.3134 0.3066 0.2972 0.2857 0.2811 0.2718 0.2626 0.2557 0.2487 0.2557 0.3343 0.3158 0.3042 0.3806 0.3667 0.3412 0.406 0.4083 0.3783 0.4177 0.3181 0.3112 0.2997 0.2904 0.2859 0.2743 0.2673 0.2604 0.2536 0.3458 0.3342 0.3112 0.3804 0.385 0.3504 0.3942 0.4219 0.3827 0.3989 0.4542
0.0843 0.6812 1.0 0.5039 0.4947 0.4901 0.4786 0.4693 0.4624 0.4532 0.52 0.5408 0.5154 0.5614 0.6029 0.5684 0.5822 0.6467 0.6076 0.596 0.6812 0.6421 0.6168 0.3066 0.2972 0.2857 0.2811 0.2718 0.2626 0.2557 0.2487 0.2557 0.3343 0.3158 0.3042 0.3806 0.3667 0.3412 0.406 0.4083 0.3783 0.4177 0.45 0.3112 0.2997 0.2904 0.2859 0.2743 0.2673 0.2604 0.2536 0.3458 0.3342 0.3112 0.3804 0.385 0.3504 0.3942 0.4219 0.3827 0.3989 0.4542 0.4127
0.2683 0.649 1.0 0.4947 0.4901 0.4786 0.4693 0.4624 0.4532 0.52 0.5408 0.5154 0.5614 0.6029 0.5684 0.5822 0.6467 0.6076 0.596 0.6812 0.6421 0.6168 0.6973 0.2972 0.2857 0.2811 0.2718 0.2626 0.2557 0.2487 0.2557 0.3343 0.3158 0.3042 0.3806 0.3667 0.3412 0.406 0.4083 0.3783 0.4177 0.45 0.413 0.2997 0.2904 0.2859 0.2743 0.2673 0.2604 0.2536 0.3458 0.3342 0.3112 0.3804 0.385 0.3504 0.3942 0.4219 0.3827 0.3989 0.4542 0.4127 0.4012
0.0537 0.702 1.0 0.4901 0.4786 0.4693 0.4624 0.4532 0.52 0.5408 0.5154 0.5614 0.6029 0.5684 0.5822 0.6467 0.6076 0.596 0.6812 0.6421 0.6168 0.6973 0.6812 0.2857 0.2811 0.2718 0.2626 0.2557 0.2487 0.2557 0.3343 0.3158 0.3042 0.3806 0.3667 0.3412 0.406 0.4083 0.3783 0.4177 0.45 0.413 0.4246 0.2904 0.2859 0.2743 0.2673 0.2604 0.2536 0.3458 0.3342 0.3112 0.3804 0.385 0.3504 0.3942 0.4219 0.3827 0.3989 0.4542 0.4127 0.4012 0.4819
0.1073 0.7112 1.0 0.4786 0.4693 0.4624 0.4532 0.52 0.5408 0.5154 0.5614 0.6029 0.5684 0.5822 0.6467 0.6076 0.596 0.6812 0.6421 0.6168 0.6973 0.6812 0.649 0.2811 0.2718 0.2626 0.2557 0.2487 0.2557 0.3343 0.3158 0.3042 0.3806 0.3667 0.3412 0.406 0.4083 0.3783 0.4177 0.45 0.413 0.4246 0.4893 0.2859 0.2743 0.2673 0.2604 0.2536 0.3458 0.3342 0.3112 0.3804 0.385 0.3504 0.3942 0.4219 0.3827 0.3989 0.4542 0.4127 0.4012 0.4819 0.445
0.1767 0.6767 1.0 0.4693 0.4624 0.4532 0.52 0.5408 0.5154 0.5614 0.6029 0.5684 0.5822 0.6467 0.6076 0.596 0.6812 0.6421 0.6168 0.6973 0.6812 0.649 0.702 0.2718 0.2626 0.2557 0.2487 0.2557 0.3343 0.3158 0.3042 0.3806 0.3667 0.3412 0.406 0.4083 0.3783 0.4177 0.45 0.413 0.4246 0.4893 0.4523 0.2743 0.2673 0.2604 0.2536 0.3458 0.3342 0.3112 0.3804 0.385 0.3504 0.3942 0.4219 0.3827 0.3989 0.4542 0.4127 0.4012 0.4819 0.445 0.4242
