11.14
14.43
13.97
12.24
14.76
14.81
12.92
15.36
15.03
13.4
16.2
16.06
14.31
17.76
17.69
15.84
19.68
19.8
17.72
21.15
22.06
19.4
21.58
23.26
20.12
20.72
23.16
20.04
18.96
22.25
19.49
17.69
20.98
19.32
16.9
19.52
19.2
16.95
14.52
12.87
10.8
8.76
7.4
5.91
4.3
3.08
2.24
0.75
-0.33
-0.48
-1.77
-2.8
-2.78
-3.72
-4.77
-5.06
-5.66
-6.76
-7.03
-7.6
-8.42
-8.73
-9.31
-9.91
-10.46
-10.84
-11.32
-11.06
-11.11
-10.65
-7.1
-7.39
-7.84
-4.17
-4.32
-5.54
-2.52
-1.82
-3.38
-1.58
0.8
-1.05
-0.43
2.86
1.42
1.13
4.4
4.16
3.65
5.62
7.28
6.24
7.28
10.52
9.8
9.82
13.52
13.59
12.68
15.34
15.92
13.83
15.72
16.3
14.19
16.23
17.09
15.0
17.36
18.32
16.13
18.92
19.97
17.88
20.43
22.4
19.88
21.39
24.1
21.27
21.12
24.36
21.6
19.97
23.5
21.08
18.82
21.65
20.81
18.1
20.19
20.45
18.0
18.94
20.55
18.22
15.6
13.35
11.55
9.34
7.59
6.63
4.92
3.44
2.86
1.61
0.27
-0.09
-0.93
-2.32
-2.52
-3.36
-4.51
-4.92
-5.59
-6.45
-7.15
-7.41
-8.35
-8.71
-9.28
-9.91
-10.27
-10.84
-11.23
-9.0
-9.33
-9.38
-5.78
-6.16
-7.0
-3.5
-3.24
-4.7
-2.25
-0.67
-2.35
-1.24
1.42
-0.02
-0.16
3.22
2.12
1.54
4.01
4.61
3.63
5.28
7.52
6.82
7.16
11.02
10.97
10.3
13.01
14.21
12.32
14.21
15.72
13.61
15.12
16.95
14.79
16.61
17.98
15.8
17.91
19.49
