1.35
0.03
-1.24
-1.48
-2.37
-3.48
-3.96
-4.56
-5.54
-6.07
-6.84
-7.48
-7.99
-8.44
-9.12
-9.72
-10.1
-10.63
-11.01
-11.49
-11.64
-8.35
-7.48
-8.13
-5.95
-3.88
-5.28
-4.53
-1.36
-3.0
-3.55
0.29
-0.62
-1.72
1.23
2.14
0.8
1.95
4.13
3.08
3.05
5.74
5.79
5.31
6.34
10.16
9.05
9.17
12.72
13.04
11.98
14.31
15.77
13.42
14.79
16.61
14.33
14.96
18.1
16.01
16.32
19.9
18.08
17.57
21.82
20.14
18.58
22.66
21.84
19.66
22.3
23.02
20.33
20.64
23.24
20.24
19.23
21.82
20.02
17.76
20.4
19.2
17.62
17.55
18.65
17.36
15.77
14.88
13.95
12.32
10.18
9.0
7.8
5.98
4.78
4.13
2.55
1.2
0.96
-0.36
-1.6
-2.01
-2.85
-3.96
-3.96
-3.96
-3.96
-3.96
