-3.96
-4.77
-4.68
-1.1
-2.35
-3.48
0.17
-0.04
-1.27
1.28
3.03
1.59
2.38
4.68
3.89
3.7
6.08
6.7
6.03
6.72
10.68
9.96
9.75
13.01
13.66
12.44
14.24
16.13
13.78
14.52
17.28
14.86
15.12
18.39
16.44
16.13
20.14
18.63
17.57
21.7
20.43
18.48
22.11
22.28
19.66
21.41
23.21
20.07
20.14
22.8
20.14
18.44
21.63
19.78
17.52
19.95
19.25
17.38
17.67
18.53
17.14
15.6
13.97
12.75
11.04
8.98
7.88
6.75
4.9
3.84
3.34
1.68
0.6
0.22
-1.17
-2.18
-2.61
-3.36
-4.41
-4.77
-5.47
-6.43
-7.03
-7.46
-8.23
-8.78
-9.33
-9.88
-10.27
-10.58
-11.2
-11.13
-10.08
-10.56
-7.89
-6.33
-7.39
-5.68
-3.21
-4.7
-4.44
-0.74
-2.3
-3.12
0.82
0.41
-0.81
1.97
3.15
1.68
2.64
4.95
3.84
3.99
6.8
7.52
6.89
8.43
11.69
10.83
10.66
14.64
13.83
12.7
15.82
15.82
14.19
16.49
17.4
15.46
17.36
19.25
17.26
18.6
21.41
19.13
19.37
23.16
20.74
19.92
24.08
22.06
20.12
23.96
22.9
20.16
22.66
23.09
20.0
20.19
22.59
19.68
18.6
21.1
19.32
17.24
19.42
18.6
17.04
15.44
13.85
12.48
10.56
8.64
7.71
6.15
4.56
3.75
2.67
1.04
0.29
-0.5
-1.82
-2.59
-2.66
-3.96
-4.7
-4.82
-5.76
-6.62
-6.96
-7.6
-8.35
-8.73
-9.24
-9.84
-10.27
-10.56
-11.18
-9.76
-9.98
-9.93
-6.14
-6.52
-7.22
-3.93
-3.43
-4.8
-2.59
-0.72
-2.42
-1.65
1.54
0.22
-0.28
3.24
2.69
1.88
4.01
4.01
4.01
4.01
4.01
