22.32
21.27
18.72
19.8
20.98
18.6
18.05
20.24
18.36
16.83
15.08
13.71
12.05
9.99
8.28
6.99
5.31
3.89
2.88
1.47
0.08
-0.43
-1.46
-2.73
-3.07
-3.5
-4.6
-4.96
-5.42
-6.33
-6.98
-7.46
-8.13
-8.76
-9.21
-9.69
-10.27
-10.72
-11.08
-11.35
-10.2
-10.63
-8.47
-6.21
-7.32
-6.43
-3.07
-4.65
-4.94
-1.24
-2.01
-3.36
0.05
0.53
-0.76
0.65
3.17
1.68
1.64
4.4
3.99
3.58
5.67
7.4
7.04
7.78
11.38
11.93
11.04
13.08
15.1
12.89
13.54
16.35
14.02
14.0
17.5
15.17
14.81
18.6
16.73
15.89
19.92
18.6
17.28
21.2
20.93
18.8
22.08
22.78
20.14
22.11
24.2
21.1
21.2
24.56
21.34
19.8
23.19
20.93
18.44
21.24
20.5
18.03
19.4
20.12
18.03
16.23
14.07
12.77
10.73
8.81
7.49
6.17
4.42
3.27
2.21
0.8
-0.14
-0.6
-1.89
-2.78
-2.88
-3.64
-4.82
-4.89
-5.76
-6.5
-7.03
-7.46
-8.28
-9.0
-9.36
-9.79
-10.34
-10.82
-11.3
-10.17
-10.2
-10.29
-6.91
-6.52
-7.48
-4.7
-3.55
-5.04
-3.6
-0.86
-2.59
-2.4
0.99
-0.12
-1.08
2.36
2.6
1.56
2.69
4.42
3.17
3.15
4.76
6.03
5.38
6.56
9.94
9.24
9.39
13.11
12.94
12.1
14.36
15.12
13.3
14.64
16.61
14.38
15.34
17.98
15.7
15.89
19.28
17.24
16.97
20.86
19.18
17.76
22.32
20.88
18.8
22.78
22.56
19.66
22.04
23.4
20.09
20.16
23.14
19.95
18.39
21.96
19.66
17.31
20.09
19.52
17.57
15.34
13.49
