17.38
19.76
22.04
19.92
18.05
21.29
19.59
17.52
20.04
19.35
17.69
16.01
14.5
12.8
10.52
9.0
7.56
5.64
4.37
3.48
1.71
0.7
0.17
-1.15
-2.11
-2.47
-3.36
-4.29
-4.6
-5.37
-6.16
-6.64
-7.2
-7.84
-8.47
-8.92
-9.69
-10.05
-10.48
-10.94
-11.37
-11.68
-10.94
-7.39
-7.72
-8.11
-4.32
-4.53
-5.88
-2.73
-1.84
-3.62
-2.11
0.46
-1.12
-1.03
2.16
1.2
0.41
3.2
3.63
2.64
4.37
6.51
6.12
6.87
9.6
11.43
10.68
12.2
15.51
13.71
13.59
17.19
15.27
14.24
17.43
15.77
14.4
18.1
16.8
15.46
19.37
19.08
17.0
20.38
20.88
18.84
21.0
22.92
20.48
20.86
24.1
21.22
20.26
23.33
21.34
18.89
22.2
20.72
18.58
19.4
20.5
18.44
17.64
17.64
17.64
17.64
17.64
