1.23
1.47
0.0
1.68
3.65
2.26
2.79
4.95
4.56
4.76
7.08
8.74
8.07
9.44
13.04
11.48
11.5
15.36
13.71
12.94
16.59
14.84
13.78
17.38
17.38
17.38
17.38
17.38
17.38
17.38
17.38
17.38
17.38
17.38
17.38
17.38
17.38
17.38
17.38
17.38
19.76
22.04
19.92
18.05
21.29
19.59
17.52
20.04
19.35
17.69
16.01
14.5
12.8
10.52
9.0
7.56
5.64
4.37
3.48
1.71
0.7
0.17
-1.15
-2.11
-2.47
-3.36
-4.29
-4.6
-5.37
-6.16
-6.64
-7.2
-7.84
-8.47
-8.92
-9.69
-10.05
-10.48
-10.94
-11.37
-11.68
-10.94
-7.39
-7.72
-8.11
-4.32
-4.53
-5.88
-2.73
-1.84
-3.62
-2.11
0.46
-1.12
-1.03
2.16
1.2
0.41
3.2
3.63
2.64
4.37
6.51
6.12
6.87
9.6
11.43
10.68
12.2
15.51
13.71
13.59
17.19
15.27
14.24
17.43
15.77
14.4
18.1
16.8
15.46
19.37
19.08
17.0
20.38
20.88
18.84
21.0
22.92
20.48
20.86
24.1
21.22
20.26
23.33
21.34
18.89
22.2
20.72
18.58
19.4
20.5
18.44
17.64
17.64
17.64
17.64
17.64
17.64
17.64
17.64
17.64
17.64
17.64
17.64
1.35
0.03
-1.24
-1.48
-2.37
-3.48
-3.96
-4.56
-5.54
-6.07
-6.84
-7.48
-7.99
-8.44
-9.12
-9.72
-10.1
-10.63
-11.01
-11.49
-11.64
-8.35
-7.48
-8.13
-5.95
-3.88
-5.28
-4.53
-1.36
-3.0
-3.55
0.29
-0.62
-1.72
1.23
2.14
0.8
1.95
4.13
3.08
3.05
5.74
5.79
5.31
6.34
10.16
9.05
9.17
12.72
13.04
11.98
14.31
15.77
13.42
14.79
16.61
14.33
14.96
18.1
16.01
16.32
19.9
18.08
17.57
21.82
20.14
18.58
22.66
21.84
19.66
22.3
23.02
20.33
20.64
23.24
20.24
19.23
21.82
20.02
17.76
20.4
19.2
17.62
17.55
18.65
17.36
15.77
14.88
13.95
12.32
10.18
9.0
7.8
5.98
4.78
4.13
2.55
1.2
0.96
-0.36
-1.6
-2.01
-2.85
-3.96
-3.96
-3.96
-3.96
-3.96
-3.96
-3.96
-3.96
-3.96
-3.96
-3.96
-3.96
-3.96
-3.96
-3.96
-3.96
-3.96
-4.77
-4.68
-1.1
-2.35
-3.48
0.17
-0.04
-1.27
1.28
3.03
1.59
2.38
4.68
3.89
3.7
6.08
6.7
6.03
6.72
10.68
9.96
9.75
13.01
13.66
12.44
14.24
16.13
13.78
14.52
17.28
14.86
15.12
18.39
16.44
16.13
20.14
18.63
17.57
21.7
20.43
18.48
22.11
22.28
19.66
21.41
23.21
20.07
20.14
22.8
20.14
18.44
21.63
19.78
17.52
19.95
19.25
17.38
17.67
18.53
17.14
15.6
13.97
12.75
11.04
8.98
7.88
6.75
4.9
3.84
3.34
1.68
0.6
0.22
-1.17
-2.18
-2.61
-3.36
-4.41
-4.77
-5.47
-6.43
-7.03
-7.46
-8.23
-8.78
-9.33
-9.88
-10.27
-10.58
-11.2
-11.13
-10.08
-10.56
-7.89
-6.33
-7.39
-5.68
-3.21
-4.7
-4.44
-0.74
-2.3
-3.12
0.82
0.41
-0.81
1.97
3.15
1.68
2.64
4.95
3.84
3.99
6.8
7.52
6.89
8.43
11.69
10.83
10.66
14.64
13.83
12.7
15.82
15.82
14.19
16.49
17.4
15.46
17.36
19.25
17.26
18.6
21.41
19.13
19.37
23.16
20.74
19.92
24.08
22.06
20.12
23.96
22.9
20.16
22.66
23.09
20.0
20.19
22.59
19.68
18.6
21.1
19.32
17.24
19.42
18.6
17.04
15.44
13.85
12.48
10.56
8.64
7.71
6.15
4.56
3.75
2.67
1.04
0.29
-0.5
-1.82
-2.59
-2.66
-3.96
-4.7
-4.82
-5.76
-6.62
-6.96
-7.6
-8.35
-8.73
-9.24
-9.84
-10.27
-10.56
-11.18
-9.76
-9.98
-9.93
-6.14
-6.52
-7.22
-3.93
-3.43
-4.8
-2.59
-0.72
-2.42
-1.65
1.54
0.22
-0.28
3.24
2.69
1.88
4.01
4.01
4.01
4.01
4.01
4.01
4.01
4.01
4.01
4.01
4.01
4.01
4.01
4.01
4.01
4.01
4.01
4.01
4.01
4.01
4.01
4.01
4.01
4.01
4.01
4.01
4.01
4.01
4.01
4.01
4.01
4.01
22.32
21.27
18.72
19.8
20.98
18.6
18.05
20.24
18.36
16.83
15.08
13.71
12.05
9.99
8.28
6.99
5.31
3.89
2.88
1.47
0.08
-0.43
-1.46
-2.73
-3.07
-3.5
-4.6
-4.96
-5.42
-6.33
-6.98
-7.46
-8.13
-8.76
-9.21
-9.69
-10.27
-10.72
-11.08
-11.35
-10.2
-10.63
-8.47
-6.21
-7.32
-6.43
-3.07
-4.65
-4.94
-1.24
-2.01
-3.36
0.05
0.53
-0.76
0.65
3.17
1.68
1.64
4.4
3.99
3.58
5.67
7.4
7.04
7.78
11.38
11.93
11.04
13.08
15.1
12.89
13.54
16.35
14.02
14.0
17.5
15.17
14.81
18.6
16.73
15.89
19.92
18.6
17.28
21.2
20.93
18.8
22.08
22.78
20.14
22.11
24.2
21.1
21.2
24.56
21.34
19.8
23.19
20.93
18.44
21.24
20.5
18.03
19.4
20.12
18.03
16.23
14.07
12.77
10.73
8.81
7.49
6.17
4.42
3.27
2.21
0.8
-0.14
-0.6
-1.89
-2.78
-2.88
-3.64
-4.82
-4.89
-5.76
-6.5
-7.03
-7.46
-8.28
-9.0
-9.36
-9.79
-10.34
-10.82
-11.3
-10.17
-10.2
-10.29
-6.91
-6.52
-7.48
-4.7
-3.55
-5.04
-3.6
-0.86
-2.59
-2.4
0.99
-0.12
-1.08
2.36
2.6
1.56
2.69
4.42
3.17
3.15
4.76
6.03
5.38
6.56
9.94
9.24
9.39
13.11
12.94
12.1
14.36
15.12
13.3
14.64
16.61
14.38
15.34
17.98
15.7
15.89
19.28
17.24
16.97
20.86
19.18
17.76
22.32
20.88
18.8
22.78
22.56
19.66
22.04
23.4
20.09
20.16
23.14
19.95
18.39
21.96
19.66
17.31
20.09
19.52
17.57
15.34
13.49
11.86
11.86
11.86
11.86
11.86
11.86
11.86
11.86
11.86
11.86
11.86
11.86
11.86
11.86
11.86
11.86
11.86
11.86
11.86
11.86
11.86
11.86
11.86
11.86
11.86
11.86
11.86
11.86
-4.17
-5.49
-2.08
-1.7
-3.26
-1.48
1.04
-0.62
-0.24
2.84
2.0
1.25
3.8
3.94
3.1
3.84
6.15
4.95
5.26
7.2
8.79
8.64
9.96
14.02
13.11
13.23
17.12
16.54
15.2
17.74
18.32
16.32
17.86
19.16
16.71
18.08
20.04
17.5
19.04
21.22
18.53
19.8
22.68
20.09
20.38
24.0
21.32
20.48
24.53
21.99
19.76
23.5
21.68
18.75
21.44
21.15
18.34
19.42
20.72
18.41
16.4
14.57
13.06
11.04
9.1
7.95
6.41
4.71
3.63
2.5
0.96
0.03
-0.57
-1.92
-2.66
-2.88
-4.03
-4.8
-5.08
-5.88
-6.74
-7.22
-7.8
-8.54
-9.0
-9.43
-10.0
-10.46
-10.92
-11.3
-11.16
-11.35
-10.34
-6.98
-7.53
-7.7
-3.91
-4.7
-5.73
-2.3
-2.13
-3.55
-1.34
0.56
-0.96
-0.28
3.12
1.83
1.42
5.09
4.4
3.46
4.88
6.77
5.52
6.03
8.45
8.24
8.52
10.85
13.42
12.08
13.28
16.73
14.69
14.45
17.98
16.04
15.32
18.58
16.88
16.01
19.4
17.07
16.73
19.73
17.84
16.88
21.24
19.2
18.08
22.32
20.84
18.89
23.4
22.01
19.3
22.61
22.23
19.11
20.96
21.96
18.58
18.94
21.12
18.46
17.28
19.97
17.84
15.15
12.7
10.78
8.74
6.72
5.52
4.16
2.43
1.44
0.58
-0.84
-1.72
-2.01
-3.31
-4.12
-4.22
-5.2
-5.88
-6.24
-7.15
-7.77
-8.23
-8.88
-9.4
-9.93
-10.48
-10.96
-11.23
-11.85
-10.53
-7.96
-8.9
-8.35
-5.01
-6.04
-6.43
-2.73
-3.64
-4.8
-1.46
-1.32
-2.88
-0.4
1.32
-0.24
1.04
3.72
2.48
2.38
2.38
2.38
2.38
2.38
2.38
2.38
2.38
2.38
2.38
2.38
2.38
2.38
2.38
2.38
2.38
2.38
2.38
2.38
2.38
2.38
2.38
2.38
2.38
2.38
2.38
2.38
2.38
2.38
2.38
2.38
2.38
2.38
2.38
2.38
2.38
2.38
2.38
2.38
2.38
2.38
2.38
2.38
2.38
2.38
2.38
2.38
2.38
2.38
2.38
-3.64
-4.7
-4.92
-5.8
-6.52
-6.88
-7.39
-8.2
-8.8
-9.24
-9.86
-10.34
-10.75
-11.2
-11.64
-11.88
-11.76
-8.35
-8.44
-8.92
-5.16
-5.47
-6.55
-3.45
-2.78
-4.44
-2.52
-0.33
-2.13
-1.36
1.92
0.46
0.08
4.04
3.2
2.21
4.68
5.91
4.71
6.27
8.76
7.95
8.33
11.84
12.03
11.16
13.61
14.88
12.92
14.14
16.08
13.59
14.55
15.99
13.73
15.17
16.59
14.28
16.25
17.6
15.44
17.38
19.68
17.21
18.84
21.6
19.06
19.61
23.02
20.26
19.56
23.31
20.52
18.7
22.3
20.21
17.33
20.81
19.71
16.88
19.01
19.61
16.97
14.79
13.04
11.16
8.98
7.35
6.08
4.37
2.81
2.12
0.75
-0.38
-0.84
-1.8
-2.95
-3.19
-3.74
-4.8
-5.16
-5.83
-6.81
-7.22
-7.22
-7.22
-7.22
-7.22
-7.22
-7.22
-7.22
-7.22
-7.22
-7.22
-7.22
-7.22
-7.22
-7.22
-7.22
-7.22
-7.22
-7.22
-7.22
-7.22
-7.22
-7.22
-7.22
-7.22
-7.22
-7.22
-7.22
-7.22
-7.22
-7.22
-7.22
11.14
14.43
13.97
12.24
14.76
14.81
12.92
15.36
15.03
13.4
16.2
16.06
14.31
17.76
17.69
15.84
19.68
19.8
17.72
21.15
22.06
19.4
21.58
23.26
20.12
20.72
23.16
20.04
18.96
22.25
19.49
17.69
20.98
19.32
16.9
19.52
19.2
16.95
14.52
12.87
10.8
8.76
7.4
5.91
4.3
3.08
2.24
0.75
-0.33
-0.48
-1.77
-2.8
-2.78
-3.72
-4.77
-5.06
-5.66
-6.76
-7.03
-7.6
-8.42
-8.73
-9.31
-9.91
-10.46
-10.84
-11.32
-11.06
-11.11
-10.65
-7.1
-7.39
-7.84
-4.17
-4.32
-5.54
-2.52
-1.82
-3.38
-1.58
0.8
-1.05
-0.43
2.86
1.42
1.13
4.4
4.16
3.65
5.62
7.28
6.24
7.28
10.52
9.8
9.82
13.52
13.59
12.68
15.34
15.92
13.83
15.72
16.3
14.19
16.23
17.09
15.0
17.36
18.32
16.13
18.92
19.97
17.88
20.43
22.4
19.88
21.39
24.1
21.27
21.12
24.36
21.6
19.97
23.5
21.08
18.82
21.65
20.81
18.1
20.19
20.45
18.0
18.94
20.55
18.22
15.6
13.35
11.55
9.34
7.59
6.63
4.92
3.44
2.86
1.61
0.27
-0.09
-0.93
-2.32
-2.52
-3.36
-4.51
-4.92
-5.59
-6.45
-7.15
-7.41
-8.35
-8.71
-9.28
-9.91
-10.27
-10.84
-11.23
-9.0
-9.33
-9.38
-5.78
-6.16
-7.0
-3.5
-3.24
-4.7
-2.25
-0.67
-2.35
-1.24
1.42
-0.02
-0.16
3.22
2.12
1.54
4.01
4.61
3.63
5.28
7.52
6.82
7.16
11.02
10.97
10.3
13.01
14.21
12.32
14.21
15.72
13.61
15.12
16.95
14.79
16.61
17.98
15.8
17.91
19.49
