-4.77 -4.68 -1.1 -2.35 -3.48 0.17 -0.04 -1.27 1.28 3.03 1.59 2.38 4.68 3.89 3.7 6.08 6.7 6.03 6.72 10.68 9.96 9.75 13.01 13.66 12.44 14.24 16.13 13.78 14.52 17.28 14.86
-4.68 -1.1 -2.35 -3.48 0.17 -0.04 -1.27 1.28 3.03 1.59 2.38 4.68 3.89 3.7 6.08 6.7 6.03 6.72 10.68 9.96 9.75 13.01 13.66 12.44 14.24 16.13 13.78 14.52 17.28 14.86 15.12
-1.1 -2.35 -3.48 0.17 -0.04 -1.27 1.28 3.03 1.59 2.38 4.68 3.89 3.7 6.08 6.7 6.03 6.72 10.68 9.96 9.75 13.01 13.66 12.44 14.24 16.13 13.78 14.52 17.28 14.86 15.12 18.39
-2.35 -3.48 0.17 -0.04 -1.27 1.28 3.03 1.59 2.38 4.68 3.89 3.7 6.08 6.7 6.03 6.72 10.68 9.96 9.75 13.01 13.66 12.44 14.24 16.13 13.78 14.52 17.28 14.86 15.12 18.39 16.44
-3.48 0.17 -0.04 -1.27 1.28 3.03 1.59 2.38 4.68 3.89 3.7 6.08 6.7 6.03 6.72 10.68 9.96 9.75 13.01 13.66 12.44 14.24 16.13 13.78 14.52 17.28 14.86 15.12 18.39 16.44 16.13
0.17 -0.04 -1.27 1.28 3.03 1.59 2.38 4.68 3.89 3.7 6.08 6.7 6.03 6.72 10.68 9.96 9.75 13.01 13.66 12.44 14.24 16.13 13.78 14.52 17.28 14.86 15.12 18.39 16.44 16.13 20.14
-0.04 -1.27 1.28 3.03 1.59 2.38 4.68 3.89 3.7 6.08 6.7 6.03 6.72 10.68 9.96 9.75 13.01 13.66 12.44 14.24 16.13 13.78 14.52 17.28 14.86 15.12 18.39 16.44 16.13 20.14 18.63
-1.27 1.28 3.03 1.59 2.38 4.68 3.89 3.7 6.08 6.7 6.03 6.72 10.68 9.96 9.75 13.01 13.66 12.44 14.24 16.13 13.78 14.52 17.28 14.86 15.12 18.39 16.44 16.13 20.14 18.63 17.57
1.28 3.03 1.59 2.38 4.68 3.89 3.7 6.08 6.7 6.03 6.72 10.68 9.96 9.75 13.01 13.66 12.44 14.24 16.13 13.78 14.52 17.28 14.86 15.12 18.39 16.44 16.13 20.14 18.63 17.57 21.7
3.03 1.59 2.38 4.68 3.89 3.7 6.08 6.7 6.03 6.72 10.68 9.96 9.75 13.01 13.66 12.44 14.24 16.13 13.78 14.52 17.28 14.86 15.12 18.39 16.44 16.13 20.14 18.63 17.57 21.7 20.43
1.59 2.38 4.68 3.89 3.7 6.08 6.7 6.03 6.72 10.68 9.96 9.75 13.01 13.66 12.44 14.24 16.13 13.78 14.52 17.28 14.86 15.12 18.39 16.44 16.13 20.14 18.63 17.57 21.7 20.43 18.48
2.38 4.68 3.89 3.7 6.08 6.7 6.03 6.72 10.68 9.96 9.75 13.01 13.66 12.44 14.24 16.13 13.78 14.52 17.28 14.86 15.12 18.39 16.44 16.13 20.14 18.63 17.57 21.7 20.43 18.48 22.11
4.68 3.89 3.7 6.08 6.7 6.03 6.72 10.68 9.96 9.75 13.01 13.66 12.44 14.24 16.13 13.78 14.52 17.28 14.86 15.12 18.39 16.44 16.13 20.14 18.63 17.57 21.7 20.43 18.48 22.11 22.28
3.89 3.7 6.08 6.7 6.03 6.72 10.68 9.96 9.75 13.01 13.66 12.44 14.24 16.13 13.78 14.52 17.28 14.86 15.12 18.39 16.44 16.13 20.14 18.63 17.57 21.7 20.43 18.48 22.11 22.28 19.66
3.7 6.08 6.7 6.03 6.72 10.68 9.96 9.75 13.01 13.66 12.44 14.24 16.13 13.78 14.52 17.28 14.86 15.12 18.39 16.44 16.13 20.14 18.63 17.57 21.7 20.43 18.48 22.11 22.28 19.66 21.41
6.08 6.7 6.03 6.72 10.68 9.96 9.75 13.01 13.66 12.44 14.24 16.13 13.78 14.52 17.28 14.86 15.12 18.39 16.44 16.13 20.14 18.63 17.57 21.7 20.43 18.48 22.11 22.28 19.66 21.41 23.21
6.7 6.03 6.72 10.68 9.96 9.75 13.01 13.66 12.44 14.24 16.13 13.78 14.52 17.28 14.86 15.12 18.39 16.44 16.13 20.14 18.63 17.57 21.7 20.43 18.48 22.11 22.28 19.66 21.41 23.21 20.07
6.03 6.72 10.68 9.96 9.75 13.01 13.66 12.44 14.24 16.13 13.78 14.52 17.28 14.86 15.12 18.39 16.44 16.13 20.14 18.63 17.57 21.7 20.43 18.48 22.11 22.28 19.66 21.41 23.21 20.07 20.14
6.72 10.68 9.96 9.75 13.01 13.66 12.44 14.24 16.13 13.78 14.52 17.28 14.86 15.12 18.39 16.44 16.13 20.14 18.63 17.57 21.7 20.43 18.48 22.11 22.28 19.66 21.41 23.21 20.07 20.14 22.8
10.68 9.96 9.75 13.01 13.66 12.44 14.24 16.13 13.78 14.52 17.28 14.86 15.12 18.39 16.44 16.13 20.14 18.63 17.57 21.7 20.43 18.48 22.11 22.28 19.66 21.41 23.21 20.07 20.14 22.8 20.14
9.96 9.75 13.01 13.66 12.44 14.24 16.13 13.78 14.52 17.28 14.86 15.12 18.39 16.44 16.13 20.14 18.63 17.57 21.7 20.43 18.48 22.11 22.28 19.66 21.41 23.21 20.07 20.14 22.8 20.14 18.44
9.75 13.01 13.66 12.44 14.24 16.13 13.78 14.52 17.28 14.86 15.12 18.39 16.44 16.13 20.14 18.63 17.57 21.7 20.43 18.48 22.11 22.28 19.66 21.41 23.21 20.07 20.14 22.8 20.14 18.44 21.63
13.01 13.66 12.44 14.24 16.13 13.78 14.52 17.28 14.86 15.12 18.39 16.44 16.13 20.14 18.63 17.57 21.7 20.43 18.48 22.11 22.28 19.66 21.41 23.21 20.07 20.14 22.8 20.14 18.44 21.63 19.78
13.66 12.44 14.24 16.13 13.78 14.52 17.28 14.86 15.12 18.39 16.44 16.13 20.14 18.63 17.57 21.7 20.43 18.48 22.11 22.28 19.66 21.41 23.21 20.07 20.14 22.8 20.14 18.44 21.63 19.78 17.52
12.44 14.24 16.13 13.78 14.52 17.28 14.86 15.12 18.39 16.44 16.13 20.14 18.63 17.57 21.7 20.43 18.48 22.11 22.28 19.66 21.41 23.21 20.07 20.14 22.8 20.14 18.44 21.63 19.78 17.52 19.95
14.24 16.13 13.78 14.52 17.28 14.86 15.12 18.39 16.44 16.13 20.14 18.63 17.57 21.7 20.43 18.48 22.11 22.28 19.66 21.41 23.21 20.07 20.14 22.8 20.14 18.44 21.63 19.78 17.52 19.95 19.25
16.13 13.78 14.52 17.28 14.86 15.12 18.39 16.44 16.13 20.14 18.63 17.57 21.7 20.43 18.48 22.11 22.28 19.66 21.41 23.21 20.07 20.14 22.8 20.14 18.44 21.63 19.78 17.52 19.95 19.25 17.38
13.78 14.52 17.28 14.86 15.12 18.39 16.44 16.13 20.14 18.63 17.57 21.7 20.43 18.48 22.11 22.28 19.66 21.41 23.21 20.07 20.14 22.8 20.14 18.44 21.63 19.78 17.52 19.95 19.25 17.38 17.67
14.52 17.28 14.86 15.12 18.39 16.44 16.13 20.14 18.63 17.57 21.7 20.43 18.48 22.11 22.28 19.66 21.41 23.21 20.07 20.14 22.8 20.14 18.44 21.63 19.78 17.52 19.95 19.25 17.38 17.67 18.53
17.28 14.86 15.12 18.39 16.44 16.13 20.14 18.63 17.57 21.7 20.43 18.48 22.11 22.28 19.66 21.41 23.21 20.07 20.14 22.8 20.14 18.44 21.63 19.78 17.52 19.95 19.25 17.38 17.67 18.53 17.14
14.86 15.12 18.39 16.44 16.13 20.14 18.63 17.57 21.7 20.43 18.48 22.11 22.28 19.66 21.41 23.21 20.07 20.14 22.8 20.14 18.44 21.63 19.78 17.52 19.95 19.25 17.38 17.67 18.53 17.14 15.6
15.12 18.39 16.44 16.13 20.14 18.63 17.57 21.7 20.43 18.48 22.11 22.28 19.66 21.41 23.21 20.07 20.14 22.8 20.14 18.44 21.63 19.78 17.52 19.95 19.25 17.38 17.67 18.53 17.14 15.6 13.97
18.39 16.44 16.13 20.14 18.63 17.57 21.7 20.43 18.48 22.11 22.28 19.66 21.41 23.21 20.07 20.14 22.8 20.14 18.44 21.63 19.78 17.52 19.95 19.25 17.38 17.67 18.53 17.14 15.6 13.97 12.75
16.44 16.13 20.14 18.63 17.57 21.7 20.43 18.48 22.11 22.28 19.66 21.41 23.21 20.07 20.14 22.8 20.14 18.44 21.63 19.78 17.52 19.95 19.25 17.38 17.67 18.53 17.14 15.6 13.97 12.75 11.04
16.13 20.14 18.63 17.57 21.7 20.43 18.48 22.11 22.28 19.66 21.41 23.21 20.07 20.14 22.8 20.14 18.44 21.63 19.78 17.52 19.95 19.25 17.38 17.67 18.53 17.14 15.6 13.97 12.75 11.04 8.98
20.14 18.63 17.57 21.7 20.43 18.48 22.11 22.28 19.66 21.41 23.21 20.07 20.14 22.8 20.14 18.44 21.63 19.78 17.52 19.95 19.25 17.38 17.67 18.53 17.14 15.6 13.97 12.75 11.04 8.98 7.88
18.63 17.57 21.7 20.43 18.48 22.11 22.28 19.66 21.41 23.21 20.07 20.14 22.8 20.14 18.44 21.63 19.78 17.52 19.95 19.25 17.38 17.67 18.53 17.14 15.6 13.97 12.75 11.04 8.98 7.88 6.75
17.57 21.7 20.43 18.48 22.11 22.28 19.66 21.41 23.21 20.07 20.14 22.8 20.14 18.44 21.63 19.78 17.52 19.95 19.25 17.38 17.67 18.53 17.14 15.6 13.97 12.75 11.04 8.98 7.88 6.75 4.9
21.7 20.43 18.48 22.11 22.28 19.66 21.41 23.21 20.07 20.14 22.8 20.14 18.44 21.63 19.78 17.52 19.95 19.25 17.38 17.67 18.53 17.14 15.6 13.97 12.75 11.04 8.98 7.88 6.75 4.9 3.84
20.43 18.48 22.11 22.28 19.66 21.41 23.21 20.07 20.14 22.8 20.14 18.44 21.63 19.78 17.52 19.95 19.25 17.38 17.67 18.53 17.14 15.6 13.97 12.75 11.04 8.98 7.88 6.75 4.9 3.84 3.34
18.48 22.11 22.28 19.66 21.41 23.21 20.07 20.14 22.8 20.14 18.44 21.63 19.78 17.52 19.95 19.25 17.38 17.67 18.53 17.14 15.6 13.97 12.75 11.04 8.98 7.88 6.75 4.9 3.84 3.34 1.68
22.11 22.28 19.66 21.41 23.21 20.07 20.14 22.8 20.14 18.44 21.63 19.78 17.52 19.95 19.25 17.38 17.67 18.53 17.14 15.6 13.97 12.75 11.04 8.98 7.88 6.75 4.9 3.84 3.34 1.68 0.6
22.28 19.66 21.41 23.21 20.07 20.14 22.8 20.14 18.44 21.63 19.78 17.52 19.95 19.25 17.38 17.67 18.53 17.14 15.6 13.97 12.75 11.04 8.98 7.88 6.75 4.9 3.84 3.34 1.68 0.6 0.22
19.66 21.41 23.21 20.07 20.14 22.8 20.14 18.44 21.63 19.78 17.52 19.95 19.25 17.38 17.67 18.53 17.14 15.6 13.97 12.75 11.04 8.98 7.88 6.75 4.9 3.84 3.34 1.68 0.6 0.22 -1.17
21.41 23.21 20.07 20.14 22.8 20.14 18.44 21.63 19.78 17.52 19.95 19.25 17.38 17.67 18.53 17.14 15.6 13.97 12.75 11.04 8.98 7.88 6.75 4.9 3.84 3.34 1.68 0.6 0.22 -1.17 -2.18
23.21 20.07 20.14 22.8 20.14 18.44 21.63 19.78 17.52 19.95 19.25 17.38 17.67 18.53 17.14 15.6 13.97 12.75 11.04 8.98 7.88 6.75 4.9 3.84 3.34 1.68 0.6 0.22 -1.17 -2.18 -2.61
20.07 20.14 22.8 20.14 18.44 21.63 19.78 17.52 19.95 19.25 17.38 17.67 18.53 17.14 15.6 13.97 12.75 11.04 8.98 7.88 6.75 4.9 3.84 3.34 1.68 0.6 0.22 -1.17 -2.18 -2.61 -3.36
20.14 22.8 20.14 18.44 21.63 19.78 17.52 19.95 19.25 17.38 17.67 18.53 17.14 15.6 13.97 12.75 11.04 8.98 7.88 6.75 4.9 3.84 3.34 1.68 0.6 0.22 -1.17 -2.18 -2.61 -3.36 -4.41
22.8 20.14 18.44 21.63 19.78 17.52 19.95 19.25 17.38 17.67 18.53 17.14 15.6 13.97 12.75 11.04 8.98 7.88 6.75 4.9 3.84 3.34 1.68 0.6 0.22 -1.17 -2.18 -2.61 -3.36 -4.41 -4.77
20.14 18.44 21.63 19.78 17.52 19.95 19.25 17.38 17.67 18.53 17.14 15.6 13.97 12.75 11.04 8.98 7.88 6.75 4.9 3.84 3.34 1.68 0.6 0.22 -1.17 -2.18 -2.61 -3.36 -4.41 -4.77 -5.47
18.44 21.63 19.78 17.52 19.95 19.25 17.38 17.67 18.53 17.14 15.6 13.97 12.75 11.04 8.98 7.88 6.75 4.9 3.84 3.34 1.68 0.6 0.22 -1.17 -2.18 -2.61 -3.36 -4.41 -4.77 -5.47 -6.43
21.63 19.78 17.52 19.95 19.25 17.38 17.67 18.53 17.14 15.6 13.97 12.75 11.04 8.98 7.88 6.75 4.9 3.84 3.34 1.68 0.6 0.22 -1.17 -2.18 -2.61 -3.36 -4.41 -4.77 -5.47 -6.43 -7.03
19.78 17.52 19.95 19.25 17.38 17.67 18.53 17.14 15.6 13.97 12.75 11.04 8.98 7.88 6.75 4.9 3.84 3.34 1.68 0.6 0.22 -1.17 -2.18 -2.61 -3.36 -4.41 -4.77 -5.47 -6.43 -7.03 -7.46
17.52 19.95 19.25 17.38 17.67 18.53 17.14 15.6 13.97 12.75 11.04 8.98 7.88 6.75 4.9 3.84 3.34 1.68 0.6 0.22 -1.17 -2.18 -2.61 -3.36 -4.41 -4.77 -5.47 -6.43 -7.03 -7.46 -8.23
19.95 19.25 17.38 17.67 18.53 17.14 15.6 13.97 12.75 11.04 8.98 7.88 6.75 4.9 3.84 3.34 1.68 0.6 0.22 -1.17 -2.18 -2.61 -3.36 -4.41 -4.77 -5.47 -6.43 -7.03 -7.46 -8.23 -8.78
19.25 17.38 17.67 18.53 17.14 15.6 13.97 12.75 11.04 8.98 7.88 6.75 4.9 3.84 3.34 1.68 0.6 0.22 -1.17 -2.18 -2.61 -3.36 -4.41 -4.77 -5.47 -6.43 -7.03 -7.46 -8.23 -8.78 -9.33
17.38 17.67 18.53 17.14 15.6 13.97 12.75 11.04 8.98 7.88 6.75 4.9 3.84 3.34 1.68 0.6 0.22 -1.17 -2.18 -2.61 -3.36 -4.41 -4.77 -5.47 -6.43 -7.03 -7.46 -8.23 -8.78 -9.33 -9.88
17.67 18.53 17.14 15.6 13.97 12.75 11.04 8.98 7.88 6.75 4.9 3.84 3.34 1.68 0.6 0.22 -1.17 -2.18 -2.61 -3.36 -4.41 -4.77 -5.47 -6.43 -7.03 -7.46 -8.23 -8.78 -9.33 -9.88 -10.27
18.53 17.14 15.6 13.97 12.75 11.04 8.98 7.88 6.75 4.9 3.84 3.34 1.68 0.6 0.22 -1.17 -2.18 -2.61 -3.36 -4.41 -4.77 -5.47 -6.43 -7.03 -7.46 -8.23 -8.78 -9.33 -9.88 -10.27 -10.58
17.14 15.6 13.97 12.75 11.04 8.98 7.88 6.75 4.9 3.84 3.34 1.68 0.6 0.22 -1.17 -2.18 -2.61 -3.36 -4.41 -4.77 -5.47 -6.43 -7.03 -7.46 -8.23 -8.78 -9.33 -9.88 -10.27 -10.58 -11.2
15.6 13.97 12.75 11.04 8.98 7.88 6.75 4.9 3.84 3.34 1.68 0.6 0.22 -1.17 -2.18 -2.61 -3.36 -4.41 -4.77 -5.47 -6.43 -7.03 -7.46 -8.23 -8.78 -9.33 -9.88 -10.27 -10.58 -11.2 -11.13
13.97 12.75 11.04 8.98 7.88 6.75 4.9 3.84 3.34 1.68 0.6 0.22 -1.17 -2.18 -2.61 -3.36 -4.41 -4.77 -5.47 -6.43 -7.03 -7.46 -8.23 -8.78 -9.33 -9.88 -10.27 -10.58 -11.2 -11.13 -10.08
12.75 11.04 8.98 7.88 6.75 4.9 3.84 3.34 1.68 0.6 0.22 -1.17 -2.18 -2.61 -3.36 -4.41 -4.77 -5.47 -6.43 -7.03 -7.46 -8.23 -8.78 -9.33 -9.88 -10.27 -10.58 -11.2 -11.13 -10.08 -10.56
11.04 8.98 7.88 6.75 4.9 3.84 3.34 1.68 0.6 0.22 -1.17 -2.18 -2.61 -3.36 -4.41 -4.77 -5.47 -6.43 -7.03 -7.46 -8.23 -8.78 -9.33 -9.88 -10.27 -10.58 -11.2 -11.13 -10.08 -10.56 -7.89
8.98 7.88 6.75 4.9 3.84 3.34 1.68 0.6 0.22 -1.17 -2.18 -2.61 -3.36 -4.41 -4.77 -5.47 -6.43 -7.03 -7.46 -8.23 -8.78 -9.33 -9.88 -10.27 -10.58 -11.2 -11.13 -10.08 -10.56 -7.89 -6.33
7.88 6.75 4.9 3.84 3.34 1.68 0.6 0.22 -1.17 -2.18 -2.61 -3.36 -4.41 -4.77 -5.47 -6.43 -7.03 -7.46 -8.23 -8.78 -9.33 -9.88 -10.27 -10.58 -11.2 -11.13 -10.08 -10.56 -7.89 -6.33 -7.39
6.75 4.9 3.84 3.34 1.68 0.6 0.22 -1.17 -2.18 -2.61 -3.36 -4.41 -4.77 -5.47 -6.43 -7.03 -7.46 -8.23 -8.78 -9.33 -9.88 -10.27 -10.58 -11.2 -11.13 -10.08 -10.56 -7.89 -6.33 -7.39 -5.68
4.9 3.84 3.34 1.68 0.6 0.22 -1.17 -2.18 -2.61 -3.36 -4.41 -4.77 -5.47 -6.43 -7.03 -7.46 -8.23 -8.78 -9.33 -9.88 -10.27 -10.58 -11.2 -11.13 -10.08 -10.56 -7.89 -6.33 -7.39 -5.68 -3.21
3.84 3.34 1.68 0.6 0.22 -1.17 -2.18 -2.61 -3.36 -4.41 -4.77 -5.47 -6.43 -7.03 -7.46 -8.23 -8.78 -9.33 -9.88 -10.27 -10.58 -11.2 -11.13 -10.08 -10.56 -7.89 -6.33 -7.39 -5.68 -3.21 -4.7
3.34 1.68 0.6 0.22 -1.17 -2.18 -2.61 -3.36 -4.41 -4.77 -5.47 -6.43 -7.03 -7.46 -8.23 -8.78 -9.33 -9.88 -10.27 -10.58 -11.2 -11.13 -10.08 -10.56 -7.89 -6.33 -7.39 -5.68 -3.21 -4.7 -4.44
1.68 0.6 0.22 -1.17 -2.18 -2.61 -3.36 -4.41 -4.77 -5.47 -6.43 -7.03 -7.46 -8.23 -8.78 -9.33 -9.88 -10.27 -10.58 -11.2 -11.13 -10.08 -10.56 -7.89 -6.33 -7.39 -5.68 -3.21 -4.7 -4.44 -0.74
0.6 0.22 -1.17 -2.18 -2.61 -3.36 -4.41 -4.77 -5.47 -6.43 -7.03 -7.46 -8.23 -8.78 -9.33 -9.88 -10.27 -10.58 -11.2 -11.13 -10.08 -10.56 -7.89 -6.33 -7.39 -5.68 -3.21 -4.7 -4.44 -0.74 -2.3
0.22 -1.17 -2.18 -2.61 -3.36 -4.41 -4.77 -5.47 -6.43 -7.03 -7.46 -8.23 -8.78 -9.33 -9.88 -10.27 -10.58 -11.2 -11.13 -10.08 -10.56 -7.89 -6.33 -7.39 -5.68 -3.21 -4.7 -4.44 -0.74 -2.3 -3.12
-1.17 -2.18 -2.61 -3.36 -4.41 -4.77 -5.47 -6.43 -7.03 -7.46 -8.23 -8.78 -9.33 -9.88 -10.27 -10.58 -11.2 -11.13 -10.08 -10.56 -7.89 -6.33 -7.39 -5.68 -3.21 -4.7 -4.44 -0.74 -2.3 -3.12 0.82
-2.18 -2.61 -3.36 -4.41 -4.77 -5.47 -6.43 -7.03 -7.46 -8.23 -8.78 -9.33 -9.88 -10.27 -10.58 -11.2 -11.13 -10.08 -10.56 -7.89 -6.33 -7.39 -5.68 -3.21 -4.7 -4.44 -0.74 -2.3 -3.12 0.82 0.41
-2.61 -3.36 -4.41 -4.77 -5.47 -6.43 -7.03 -7.46 -8.23 -8.78 -9.33 -9.88 -10.27 -10.58 -11.2 -11.13 -10.08 -10.56 -7.89 -6.33 -7.39 -5.68 -3.21 -4.7 -4.44 -0.74 -2.3 -3.12 0.82 0.41 -0.81
-3.36 -4.41 -4.77 -5.47 -6.43 -7.03 -7.46 -8.23 -8.78 -9.33 -9.88 -10.27 -10.58 -11.2 -11.13 -10.08 -10.56 -7.89 -6.33 -7.39 -5.68 -3.21 -4.7 -4.44 -0.74 -2.3 -3.12 0.82 0.41 -0.81 1.97
-4.41 -4.77 -5.47 -6.43 -7.03 -7.46 -8.23 -8.78 -9.33 -9.88 -10.27 -10.58 -11.2 -11.13 -10.08 -10.56 -7.89 -6.33 -7.39 -5.68 -3.21 -4.7 -4.44 -0.74 -2.3 -3.12 0.82 0.41 -0.81 1.97 3.15
-4.77 -5.47 -6.43 -7.03 -7.46 -8.23 -8.78 -9.33 -9.88 -10.27 -10.58 -11.2 -11.13 -10.08 -10.56 -7.89 -6.33 -7.39 -5.68 -3.21 -4.7 -4.44 -0.74 -2.3 -3.12 0.82 0.41 -0.81 1.97 3.15 1.68
-5.47 -6.43 -7.03 -7.46 -8.23 -8.78 -9.33 -9.88 -10.27 -10.58 -11.2 -11.13 -10.08 -10.56 -7.89 -6.33 -7.39 -5.68 -3.21 -4.7 -4.44 -0.74 -2.3 -3.12 0.82 0.41 -0.81 1.97 3.15 1.68 2.64
-6.43 -7.03 -7.46 -8.23 -8.78 -9.33 -9.88 -10.27 -10.58 -11.2 -11.13 -10.08 -10.56 -7.89 -6.33 -7.39 -5.68 -3.21 -4.7 -4.44 -0.74 -2.3 -3.12 0.82 0.41 -0.81 1.97 3.15 1.68 2.64 4.95
-7.03 -7.46 -8.23 -8.78 -9.33 -9.88 -10.27 -10.58 -11.2 -11.13 -10.08 -10.56 -7.89 -6.33 -7.39 -5.68 -3.21 -4.7 -4.44 -0.74 -2.3 -3.12 0.82 0.41 -0.81 1.97 3.15 1.68 2.64 4.95 3.84
-7.46 -8.23 -8.78 -9.33 -9.88 -10.27 -10.58 -11.2 -11.13 -10.08 -10.56 -7.89 -6.33 -7.39 -5.68 -3.21 -4.7 -4.44 -0.74 -2.3 -3.12 0.82 0.41 -0.81 1.97 3.15 1.68 2.64 4.95 3.84 3.99
-8.23 -8.78 -9.33 -9.88 -10.27 -10.58 -11.2 -11.13 -10.08 -10.56 -7.89 -6.33 -7.39 -5.68 -3.21 -4.7 -4.44 -0.74 -2.3 -3.12 0.82 0.41 -0.81 1.97 3.15 1.68 2.64 4.95 3.84 3.99 6.8
-8.78 -9.33 -9.88 -10.27 -10.58 -11.2 -11.13 -10.08 -10.56 -7.89 -6.33 -7.39 -5.68 -3.21 -4.7 -4.44 -0.74 -2.3 -3.12 0.82 0.41 -0.81 1.97 3.15 1.68 2.64 4.95 3.84 3.99 6.8 7.52
-9.33 -9.88 -10.27 -10.58 -11.2 -11.13 -10.08 -10.56 -7.89 -6.33 -7.39 -5.68 -3.21 -4.7 -4.44 -0.74 -2.3 -3.12 0.82 0.41 -0.81 1.97 3.15 1.68 2.64 4.95 3.84 3.99 6.8 7.52 6.89
-9.88 -10.27 -10.58 -11.2 -11.13 -10.08 -10.56 -7.89 -6.33 -7.39 -5.68 -3.21 -4.7 -4.44 -0.74 -2.3 -3.12 0.82 0.41 -0.81 1.97 3.15 1.68 2.64 4.95 3.84 3.99 6.8 7.52 6.89 8.43
-10.27 -10.58 -11.2 -11.13 -10.08 -10.56 -7.89 -6.33 -7.39 -5.68 -3.21 -4.7 -4.44 -0.74 -2.3 -3.12 0.82 0.41 -0.81 1.97 3.15 1.68 2.64 4.95 3.84 3.99 6.8 7.52 6.89 8.43 11.69
-10.58 -11.2 -11.13 -10.08 -10.56 -7.89 -6.33 -7.39 -5.68 -3.21 -4.7 -4.44 -0.74 -2.3 -3.12 0.82 0.41 -0.81 1.97 3.15 1.68 2.64 4.95 3.84 3.99 6.8 7.52 6.89 8.43 11.69 10.83
-11.2 -11.13 -10.08 -10.56 -7.89 -6.33 -7.39 -5.68 -3.21 -4.7 -4.44 -0.74 -2.3 -3.12 0.82 0.41 -0.81 1.97 3.15 1.68 2.64 4.95 3.84 3.99 6.8 7.52 6.89 8.43 11.69 10.83 10.66
-11.13 -10.08 -10.56 -7.89 -6.33 -7.39 -5.68 -3.21 -4.7 -4.44 -0.74 -2.3 -3.12 0.82 0.41 -0.81 1.97 3.15 1.68 2.64 4.95 3.84 3.99 6.8 7.52 6.89 8.43 11.69 10.83 10.66 14.64
-10.08 -10.56 -7.89 -6.33 -7.39 -5.68 -3.21 -4.7 -4.44 -0.74 -2.3 -3.12 0.82 0.41 -0.81 1.97 3.15 1.68 2.64 4.95 3.84 3.99 6.8 7.52 6.89 8.43 11.69 10.83 10.66 14.64 13.83
-10.56 -7.89 -6.33 -7.39 -5.68 -3.21 -4.7 -4.44 -0.74 -2.3 -3.12 0.82 0.41 -0.81 1.97 3.15 1.68 2.64 4.95 3.84 3.99 6.8 7.52 6.89 8.43 11.69 10.83 10.66 14.64 13.83 12.7
-7.89 -6.33 -7.39 -5.68 -3.21 -4.7 -4.44 -0.74 -2.3 -3.12 0.82 0.41 -0.81 1.97 3.15 1.68 2.64 4.95 3.84 3.99 6.8 7.52 6.89 8.43 11.69 10.83 10.66 14.64 13.83 12.7 15.82
-6.33 -7.39 -5.68 -3.21 -4.7 -4.44 -0.74 -2.3 -3.12 0.82 0.41 -0.81 1.97 3.15 1.68 2.64 4.95 3.84 3.99 6.8 7.52 6.89 8.43 11.69 10.83 10.66 14.64 13.83 12.7 15.82 15.82
-7.39 -5.68 -3.21 -4.7 -4.44 -0.74 -2.3 -3.12 0.82 0.41 -0.81 1.97 3.15 1.68 2.64 4.95 3.84 3.99 6.8 7.52 6.89 8.43 11.69 10.83 10.66 14.64 13.83 12.7 15.82 15.82 14.19
-5.68 -3.21 -4.7 -4.44 -0.74 -2.3 -3.12 0.82 0.41 -0.81 1.97 3.15 1.68 2.64 4.95 3.84 3.99 6.8 7.52 6.89 8.43 11.69 10.83 10.66 14.64 13.83 12.7 15.82 15.82 14.19 16.49
-3.21 -4.7 -4.44 -0.74 -2.3 -3.12 0.82 0.41 -0.81 1.97 3.15 1.68 2.64 4.95 3.84 3.99 6.8 7.52 6.89 8.43 11.69 10.83 10.66 14.64 13.83 12.7 15.82 15.82 14.19 16.49 17.4
-4.7 -4.44 -0.74 -2.3 -3.12 0.82 0.41 -0.81 1.97 3.15 1.68 2.64 4.95 3.84 3.99 6.8 7.52 6.89 8.43 11.69 10.83 10.66 14.64 13.83 12.7 15.82 15.82 14.19 16.49 17.4 15.46
-4.44 -0.74 -2.3 -3.12 0.82 0.41 -0.81 1.97 3.15 1.68 2.64 4.95 3.84 3.99 6.8 7.52 6.89 8.43 11.69 10.83 10.66 14.64 13.83 12.7 15.82 15.82 14.19 16.49 17.4 15.46 17.36
-0.74 -2.3 -3.12 0.82 0.41 -0.81 1.97 3.15 1.68 2.64 4.95 3.84 3.99 6.8 7.52 6.89 8.43 11.69 10.83 10.66 14.64 13.83 12.7 15.82 15.82 14.19 16.49 17.4 15.46 17.36 19.25
-2.3 -3.12 0.82 0.41 -0.81 1.97 3.15 1.68 2.64 4.95 3.84 3.99 6.8 7.52 6.89 8.43 11.69 10.83 10.66 14.64 13.83 12.7 15.82 15.82 14.19 16.49 17.4 15.46 17.36 19.25 17.26
-3.12 0.82 0.41 -0.81 1.97 3.15 1.68 2.64 4.95 3.84 3.99 6.8 7.52 6.89 8.43 11.69 10.83 10.66 14.64 13.83 12.7 15.82 15.82 14.19 16.49 17.4 15.46 17.36 19.25 17.26 18.6
0.82 0.41 -0.81 1.97 3.15 1.68 2.64 4.95 3.84 3.99 6.8 7.52 6.89 8.43 11.69 10.83 10.66 14.64 13.83 12.7 15.82 15.82 14.19 16.49 17.4 15.46 17.36 19.25 17.26 18.6 21.41
0.41 -0.81 1.97 3.15 1.68 2.64 4.95 3.84 3.99 6.8 7.52 6.89 8.43 11.69 10.83 10.66 14.64 13.83 12.7 15.82 15.82 14.19 16.49 17.4 15.46 17.36 19.25 17.26 18.6 21.41 19.13
-0.81 1.97 3.15 1.68 2.64 4.95 3.84 3.99 6.8 7.52 6.89 8.43 11.69 10.83 10.66 14.64 13.83 12.7 15.82 15.82 14.19 16.49 17.4 15.46 17.36 19.25 17.26 18.6 21.41 19.13 19.37
1.97 3.15 1.68 2.64 4.95 3.84 3.99 6.8 7.52 6.89 8.43 11.69 10.83 10.66 14.64 13.83 12.7 15.82 15.82 14.19 16.49 17.4 15.46 17.36 19.25 17.26 18.6 21.41 19.13 19.37 23.16
3.15 1.68 2.64 4.95 3.84 3.99 6.8 7.52 6.89 8.43 11.69 10.83 10.66 14.64 13.83 12.7 15.82 15.82 14.19 16.49 17.4 15.46 17.36 19.25 17.26 18.6 21.41 19.13 19.37 23.16 20.74
1.68 2.64 4.95 3.84 3.99 6.8 7.52 6.89 8.43 11.69 10.83 10.66 14.64 13.83 12.7 15.82 15.82 14.19 16.49 17.4 15.46 17.36 19.25 17.26 18.6 21.41 19.13 19.37 23.16 20.74 19.92
2.64 4.95 3.84 3.99 6.8 7.52 6.89 8.43 11.69 10.83 10.66 14.64 13.83 12.7 15.82 15.82 14.19 16.49 17.4 15.46 17.36 19.25 17.26 18.6 21.41 19.13 19.37 23.16 20.74 19.92 24.08
4.95 3.84 3.99 6.8 7.52 6.89 8.43 11.69 10.83 10.66 14.64 13.83 12.7 15.82 15.82 14.19 16.49 17.4 15.46 17.36 19.25 17.26 18.6 21.41 19.13 19.37 23.16 20.74 19.92 24.08 22.06
3.84 3.99 6.8 7.52 6.89 8.43 11.69 10.83 10.66 14.64 13.83 12.7 15.82 15.82 14.19 16.49 17.4 15.46 17.36 19.25 17.26 18.6 21.41 19.13 19.37 23.16 20.74 19.92 24.08 22.06 20.12
3.99 6.8 7.52 6.89 8.43 11.69 10.83 10.66 14.64 13.83 12.7 15.82 15.82 14.19 16.49 17.4 15.46 17.36 19.25 17.26 18.6 21.41 19.13 19.37 23.16 20.74 19.92 24.08 22.06 20.12 23.96
6.8 7.52 6.89 8.43 11.69 10.83 10.66 14.64 13.83 12.7 15.82 15.82 14.19 16.49 17.4 15.46 17.36 19.25 17.26 18.6 21.41 19.13 19.37 23.16 20.74 19.92 24.08 22.06 20.12 23.96 22.9
7.52 6.89 8.43 11.69 10.83 10.66 14.64 13.83 12.7 15.82 15.82 14.19 16.49 17.4 15.46 17.36 19.25 17.26 18.6 21.41 19.13 19.37 23.16 20.74 19.92 24.08 22.06 20.12 23.96 22.9 20.16
6.89 8.43 11.69 10.83 10.66 14.64 13.83 12.7 15.82 15.82 14.19 16.49 17.4 15.46 17.36 19.25 17.26 18.6 21.41 19.13 19.37 23.16 20.74 19.92 24.08 22.06 20.12 23.96 22.9 20.16 22.66
8.43 11.69 10.83 10.66 14.64 13.83 12.7 15.82 15.82 14.19 16.49 17.4 15.46 17.36 19.25 17.26 18.6 21.41 19.13 19.37 23.16 20.74 19.92 24.08 22.06 20.12 23.96 22.9 20.16 22.66 23.09
11.69 10.83 10.66 14.64 13.83 12.7 15.82 15.82 14.19 16.49 17.4 15.46 17.36 19.25 17.26 18.6 21.41 19.13 19.37 23.16 20.74 19.92 24.08 22.06 20.12 23.96 22.9 20.16 22.66 23.09 20.0
10.83 10.66 14.64 13.83 12.7 15.82 15.82 14.19 16.49 17.4 15.46 17.36 19.25 17.26 18.6 21.41 19.13 19.37 23.16 20.74 19.92 24.08 22.06 20.12 23.96 22.9 20.16 22.66 23.09 20.0 20.19
10.66 14.64 13.83 12.7 15.82 15.82 14.19 16.49 17.4 15.46 17.36 19.25 17.26 18.6 21.41 19.13 19.37 23.16 20.74 19.92 24.08 22.06 20.12 23.96 22.9 20.16 22.66 23.09 20.0 20.19 22.59
14.64 13.83 12.7 15.82 15.82 14.19 16.49 17.4 15.46 17.36 19.25 17.26 18.6 21.41 19.13 19.37 23.16 20.74 19.92 24.08 22.06 20.12 23.96 22.9 20.16 22.66 23.09 20.0 20.19 22.59 19.68
13.83 12.7 15.82 15.82 14.19 16.49 17.4 15.46 17.36 19.25 17.26 18.6 21.41 19.13 19.37 23.16 20.74 19.92 24.08 22.06 20.12 23.96 22.9 20.16 22.66 23.09 20.0 20.19 22.59 19.68 18.6
12.7 15.82 15.82 14.19 16.49 17.4 15.46 17.36 19.25 17.26 18.6 21.41 19.13 19.37 23.16 20.74 19.92 24.08 22.06 20.12 23.96 22.9 20.16 22.66 23.09 20.0 20.19 22.59 19.68 18.6 21.1
15.82 15.82 14.19 16.49 17.4 15.46 17.36 19.25 17.26 18.6 21.41 19.13 19.37 23.16 20.74 19.92 24.08 22.06 20.12 23.96 22.9 20.16 22.66 23.09 20.0 20.19 22.59 19.68 18.6 21.1 19.32
15.82 14.19 16.49 17.4 15.46 17.36 19.25 17.26 18.6 21.41 19.13 19.37 23.16 20.74 19.92 24.08 22.06 20.12 23.96 22.9 20.16 22.66 23.09 20.0 20.19 22.59 19.68 18.6 21.1 19.32 17.24
14.19 16.49 17.4 15.46 17.36 19.25 17.26 18.6 21.41 19.13 19.37 23.16 20.74 19.92 24.08 22.06 20.12 23.96 22.9 20.16 22.66 23.09 20.0 20.19 22.59 19.68 18.6 21.1 19.32 17.24 19.42
16.49 17.4 15.46 17.36 19.25 17.26 18.6 21.41 19.13 19.37 23.16 20.74 19.92 24.08 22.06 20.12 23.96 22.9 20.16 22.66 23.09 20.0 20.19 22.59 19.68 18.6 21.1 19.32 17.24 19.42 18.6
17.4 15.46 17.36 19.25 17.26 18.6 21.41 19.13 19.37 23.16 20.74 19.92 24.08 22.06 20.12 23.96 22.9 20.16 22.66 23.09 20.0 20.19 22.59 19.68 18.6 21.1 19.32 17.24 19.42 18.6 17.04
15.46 17.36 19.25 17.26 18.6 21.41 19.13 19.37 23.16 20.74 19.92 24.08 22.06 20.12 23.96 22.9 20.16 22.66 23.09 20.0 20.19 22.59 19.68 18.6 21.1 19.32 17.24 19.42 18.6 17.04 15.44
17.36 19.25 17.26 18.6 21.41 19.13 19.37 23.16 20.74 19.92 24.08 22.06 20.12 23.96 22.9 20.16 22.66 23.09 20.0 20.19 22.59 19.68 18.6 21.1 19.32 17.24 19.42 18.6 17.04 15.44 13.85
19.25 17.26 18.6 21.41 19.13 19.37 23.16 20.74 19.92 24.08 22.06 20.12 23.96 22.9 20.16 22.66 23.09 20.0 20.19 22.59 19.68 18.6 21.1 19.32 17.24 19.42 18.6 17.04 15.44 13.85 12.48
17.26 18.6 21.41 19.13 19.37 23.16 20.74 19.92 24.08 22.06 20.12 23.96 22.9 20.16 22.66 23.09 20.0 20.19 22.59 19.68 18.6 21.1 19.32 17.24 19.42 18.6 17.04 15.44 13.85 12.48 10.56
18.6 21.41 19.13 19.37 23.16 20.74 19.92 24.08 22.06 20.12 23.96 22.9 20.16 22.66 23.09 20.0 20.19 22.59 19.68 18.6 21.1 19.32 17.24 19.42 18.6 17.04 15.44 13.85 12.48 10.56 8.64
21.41 19.13 19.37 23.16 20.74 19.92 24.08 22.06 20.12 23.96 22.9 20.16 22.66 23.09 20.0 20.19 22.59 19.68 18.6 21.1 19.32 17.24 19.42 18.6 17.04 15.44 13.85 12.48 10.56 8.64 7.71
19.13 19.37 23.16 20.74 19.92 24.08 22.06 20.12 23.96 22.9 20.16 22.66 23.09 20.0 20.19 22.59 19.68 18.6 21.1 19.32 17.24 19.42 18.6 17.04 15.44 13.85 12.48 10.56 8.64 7.71 6.15
19.37 23.16 20.74 19.92 24.08 22.06 20.12 23.96 22.9 20.16 22.66 23.09 20.0 20.19 22.59 19.68 18.6 21.1 19.32 17.24 19.42 18.6 17.04 15.44 13.85 12.48 10.56 8.64 7.71 6.15 4.56
23.16 20.74 19.92 24.08 22.06 20.12 23.96 22.9 20.16 22.66 23.09 20.0 20.19 22.59 19.68 18.6 21.1 19.32 17.24 19.42 18.6 17.04 15.44 13.85 12.48 10.56 8.64 7.71 6.15 4.56 3.75
20.74 19.92 24.08 22.06 20.12 23.96 22.9 20.16 22.66 23.09 20.0 20.19 22.59 19.68 18.6 21.1 19.32 17.24 19.42 18.6 17.04 15.44 13.85 12.48 10.56 8.64 7.71 6.15 4.56 3.75 2.67
19.92 24.08 22.06 20.12 23.96 22.9 20.16 22.66 23.09 20.0 20.19 22.59 19.68 18.6 21.1 19.32 17.24 19.42 18.6 17.04 15.44 13.85 12.48 10.56 8.64 7.71 6.15 4.56 3.75 2.67 1.04
24.08 22.06 20.12 23.96 22.9 20.16 22.66 23.09 20.0 20.19 22.59 19.68 18.6 21.1 19.32 17.24 19.42 18.6 17.04 15.44 13.85 12.48 10.56 8.64 7.71 6.15 4.56 3.75 2.67 1.04 0.29
22.06 20.12 23.96 22.9 20.16 22.66 23.09 20.0 20.19 22.59 19.68 18.6 21.1 19.32 17.24 19.42 18.6 17.04 15.44 13.85 12.48 10.56 8.64 7.71 6.15 4.56 3.75 2.67 1.04 0.29 -0.5
20.12 23.96 22.9 20.16 22.66 23.09 20.0 20.19 22.59 19.68 18.6 21.1 19.32 17.24 19.42 18.6 17.04 15.44 13.85 12.48 10.56 8.64 7.71 6.15 4.56 3.75 2.67 1.04 0.29 -0.5 -1.82
23.96 22.9 20.16 22.66 23.09 20.0 20.19 22.59 19.68 18.6 21.1 19.32 17.24 19.42 18.6 17.04 15.44 13.85 12.48 10.56 8.64 7.71 6.15 4.56 3.75 2.67 1.04 0.29 -0.5 -1.82 -2.59
22.9 20.16 22.66 23.09 20.0 20.19 22.59 19.68 18.6 21.1 19.32 17.24 19.42 18.6 17.04 15.44 13.85 12.48 10.56 8.64 7.71 6.15 4.56 3.75 2.67 1.04 0.29 -0.5 -1.82 -2.59 -2.66
20.16 22.66 23.09 20.0 20.19 22.59 19.68 18.6 21.1 19.32 17.24 19.42 18.6 17.04 15.44 13.85 12.48 10.56 8.64 7.71 6.15 4.56 3.75 2.67 1.04 0.29 -0.5 -1.82 -2.59 -2.66 -3.96
22.66 23.09 20.0 20.19 22.59 19.68 18.6 21.1 19.32 17.24 19.42 18.6 17.04 15.44 13.85 12.48 10.56 8.64 7.71 6.15 4.56 3.75 2.67 1.04 0.29 -0.5 -1.82 -2.59 -2.66 -3.96 -4.7
23.09 20.0 20.19 22.59 19.68 18.6 21.1 19.32 17.24 19.42 18.6 17.04 15.44 13.85 12.48 10.56 8.64 7.71 6.15 4.56 3.75 2.67 1.04 0.29 -0.5 -1.82 -2.59 -2.66 -3.96 -4.7 -4.82
20.0 20.19 22.59 19.68 18.6 21.1 19.32 17.24 19.42 18.6 17.04 15.44 13.85 12.48 10.56 8.64 7.71 6.15 4.56 3.75 2.67 1.04 0.29 -0.5 -1.82 -2.59 -2.66 -3.96 -4.7 -4.82 -5.76
20.19 22.59 19.68 18.6 21.1 19.32 17.24 19.42 18.6 17.04 15.44 13.85 12.48 10.56 8.64 7.71 6.15 4.56 3.75 2.67 1.04 0.29 -0.5 -1.82 -2.59 -2.66 -3.96 -4.7 -4.82 -5.76 -6.62
22.59 19.68 18.6 21.1 19.32 17.24 19.42 18.6 17.04 15.44 13.85 12.48 10.56 8.64 7.71 6.15 4.56 3.75 2.67 1.04 0.29 -0.5 -1.82 -2.59 -2.66 -3.96 -4.7 -4.82 -5.76 -6.62 -6.96
19.68 18.6 21.1 19.32 17.24 19.42 18.6 17.04 15.44 13.85 12.48 10.56 8.64 7.71 6.15 4.56 3.75 2.67 1.04 0.29 -0.5 -1.82 -2.59 -2.66 -3.96 -4.7 -4.82 -5.76 -6.62 -6.96 -7.6
18.6 21.1 19.32 17.24 19.42 18.6 17.04 15.44 13.85 12.48 10.56 8.64 7.71 6.15 4.56 3.75 2.67 1.04 0.29 -0.5 -1.82 -2.59 -2.66 -3.96 -4.7 -4.82 -5.76 -6.62 -6.96 -7.6 -8.35
21.1 19.32 17.24 19.42 18.6 17.04 15.44 13.85 12.48 10.56 8.64 7.71 6.15 4.56 3.75 2.67 1.04 0.29 -0.5 -1.82 -2.59 -2.66 -3.96 -4.7 -4.82 -5.76 -6.62 -6.96 -7.6 -8.35 -8.73
19.32 17.24 19.42 18.6 17.04 15.44 13.85 12.48 10.56 8.64 7.71 6.15 4.56 3.75 2.67 1.04 0.29 -0.5 -1.82 -2.59 -2.66 -3.96 -4.7 -4.82 -5.76 -6.62 -6.96 -7.6 -8.35 -8.73 -9.24
17.24 19.42 18.6 17.04 15.44 13.85 12.48 10.56 8.64 7.71 6.15 4.56 3.75 2.67 1.04 0.29 -0.5 -1.82 -2.59 -2.66 -3.96 -4.7 -4.82 -5.76 -6.62 -6.96 -7.6 -8.35 -8.73 -9.24 -9.84
19.42 18.6 17.04 15.44 13.85 12.48 10.56 8.64 7.71 6.15 4.56 3.75 2.67 1.04 0.29 -0.5 -1.82 -2.59 -2.66 -3.96 -4.7 -4.82 -5.76 -6.62 -6.96 -7.6 -8.35 -8.73 -9.24 -9.84 -10.27
18.6 17.04 15.44 13.85 12.48 10.56 8.64 7.71 6.15 4.56 3.75 2.67 1.04 0.29 -0.5 -1.82 -2.59 -2.66 -3.96 -4.7 -4.82 -5.76 -6.62 -6.96 -7.6 -8.35 -8.73 -9.24 -9.84 -10.27 -10.56
17.04 15.44 13.85 12.48 10.56 8.64 7.71 6.15 4.56 3.75 2.67 1.04 0.29 -0.5 -1.82 -2.59 -2.66 -3.96 -4.7 -4.82 -5.76 -6.62 -6.96 -7.6 -8.35 -8.73 -9.24 -9.84 -10.27 -10.56 -11.18
15.44 13.85 12.48 10.56 8.64 7.71 6.15 4.56 3.75 2.67 1.04 0.29 -0.5 -1.82 -2.59 -2.66 -3.96 -4.7 -4.82 -5.76 -6.62 -6.96 -7.6 -8.35 -8.73 -9.24 -9.84 -10.27 -10.56 -11.18 -9.76
13.85 12.48 10.56 8.64 7.71 6.15 4.56 3.75 2.67 1.04 0.29 -0.5 -1.82 -2.59 -2.66 -3.96 -4.7 -4.82 -5.76 -6.62 -6.96 -7.6 -8.35 -8.73 -9.24 -9.84 -10.27 -10.56 -11.18 -9.76 -9.98
12.48 10.56 8.64 7.71 6.15 4.56 3.75 2.67 1.04 0.29 -0.5 -1.82 -2.59 -2.66 -3.96 -4.7 -4.82 -5.76 -6.62 -6.96 -7.6 -8.35 -8.73 -9.24 -9.84 -10.27 -10.56 -11.18 -9.76 -9.98 -9.93
10.56 8.64 7.71 6.15 4.56 3.75 2.67 1.04 0.29 -0.5 -1.82 -2.59 -2.66 -3.96 -4.7 -4.82 -5.76 -6.62 -6.96 -7.6 -8.35 -8.73 -9.24 -9.84 -10.27 -10.56 -11.18 -9.76 -9.98 -9.93 -6.14
8.64 7.71 6.15 4.56 3.75 2.67 1.04 0.29 -0.5 -1.82 -2.59 -2.66 -3.96 -4.7 -4.82 -5.76 -6.62 -6.96 -7.6 -8.35 -8.73 -9.24 -9.84 -10.27 -10.56 -11.18 -9.76 -9.98 -9.93 -6.14 -6.52
7.71 6.15 4.56 3.75 2.67 1.04 0.29 -0.5 -1.82 -2.59 -2.66 -3.96 -4.7 -4.82 -5.76 -6.62 -6.96 -7.6 -8.35 -8.73 -9.24 -9.84 -10.27 -10.56 -11.18 -9.76 -9.98 -9.93 -6.14 -6.52 -7.22
6.15 4.56 3.75 2.67 1.04 0.29 -0.5 -1.82 -2.59 -2.66 -3.96 -4.7 -4.82 -5.76 -6.62 -6.96 -7.6 -8.35 -8.73 -9.24 -9.84 -10.27 -10.56 -11.18 -9.76 -9.98 -9.93 -6.14 -6.52 -7.22 -3.93
4.56 3.75 2.67 1.04 0.29 -0.5 -1.82 -2.59 -2.66 -3.96 -4.7 -4.82 -5.76 -6.62 -6.96 -7.6 -8.35 -8.73 -9.24 -9.84 -10.27 -10.56 -11.18 -9.76 -9.98 -9.93 -6.14 -6.52 -7.22 -3.93 -3.43
3.75 2.67 1.04 0.29 -0.5 -1.82 -2.59 -2.66 -3.96 -4.7 -4.82 -5.76 -6.62 -6.96 -7.6 -8.35 -8.73 -9.24 -9.84 -10.27 -10.56 -11.18 -9.76 -9.98 -9.93 -6.14 -6.52 -7.22 -3.93 -3.43 -4.8
2.67 1.04 0.29 -0.5 -1.82 -2.59 -2.66 -3.96 -4.7 -4.82 -5.76 -6.62 -6.96 -7.6 -8.35 -8.73 -9.24 -9.84 -10.27 -10.56 -11.18 -9.76 -9.98 -9.93 -6.14 -6.52 -7.22 -3.93 -3.43 -4.8 -2.59
1.04 0.29 -0.5 -1.82 -2.59 -2.66 -3.96 -4.7 -4.82 -5.76 -6.62 -6.96 -7.6 -8.35 -8.73 -9.24 -9.84 -10.27 -10.56 -11.18 -9.76 -9.98 -9.93 -6.14 -6.52 -7.22 -3.93 -3.43 -4.8 -2.59 -0.72
0.29 -0.5 -1.82 -2.59 -2.66 -3.96 -4.7 -4.82 -5.76 -6.62 -6.96 -7.6 -8.35 -8.73 -9.24 -9.84 -10.27 -10.56 -11.18 -9.76 -9.98 -9.93 -6.14 -6.52 -7.22 -3.93 -3.43 -4.8 -2.59 -0.72 -2.42
-0.5 -1.82 -2.59 -2.66 -3.96 -4.7 -4.82 -5.76 -6.62 -6.96 -7.6 -8.35 -8.73 -9.24 -9.84 -10.27 -10.56 -11.18 -9.76 -9.98 -9.93 -6.14 -6.52 -7.22 -3.93 -3.43 -4.8 -2.59 -0.72 -2.42 -1.65
-1.82 -2.59 -2.66 -3.96 -4.7 -4.82 -5.76 -6.62 -6.96 -7.6 -8.35 -8.73 -9.24 -9.84 -10.27 -10.56 -11.18 -9.76 -9.98 -9.93 -6.14 -6.52 -7.22 -3.93 -3.43 -4.8 -2.59 -0.72 -2.42 -1.65 1.54
-2.59 -2.66 -3.96 -4.7 -4.82 -5.76 -6.62 -6.96 -7.6 -8.35 -8.73 -9.24 -9.84 -10.27 -10.56 -11.18 -9.76 -9.98 -9.93 -6.14 -6.52 -7.22 -3.93 -3.43 -4.8 -2.59 -0.72 -2.42 -1.65 1.54 0.22
-2.66 -3.96 -4.7 -4.82 -5.76 -6.62 -6.96 -7.6 -8.35 -8.73 -9.24 -9.84 -10.27 -10.56 -11.18 -9.76 -9.98 -9.93 -6.14 -6.52 -7.22 -3.93 -3.43 -4.8 -2.59 -0.72 -2.42 -1.65 1.54 0.22 -0.28
-3.96 -4.7 -4.82 -5.76 -6.62 -6.96 -7.6 -8.35 -8.73 -9.24 -9.84 -10.27 -10.56 -11.18 -9.76 -9.98 -9.93 -6.14 -6.52 -7.22 -3.93 -3.43 -4.8 -2.59 -0.72 -2.42 -1.65 1.54 0.22 -0.28 3.24
-4.7 -4.82 -5.76 -6.62 -6.96 -7.6 -8.35 -8.73 -9.24 -9.84 -10.27 -10.56 -11.18 -9.76 -9.98 -9.93 -6.14 -6.52 -7.22 -3.93 -3.43 -4.8 -2.59 -0.72 -2.42 -1.65 1.54 0.22 -0.28 3.24 2.69
-4.82 -5.76 -6.62 -6.96 -7.6 -8.35 -8.73 -9.24 -9.84 -10.27 -10.56 -11.18 -9.76 -9.98 -9.93 -6.14 -6.52 -7.22 -3.93 -3.43 -4.8 -2.59 -0.72 -2.42 -1.65 1.54 0.22 -0.28 3.24 2.69 1.88
