-2.10
2.75
7.00
4.38
6.23
10.94
9.35
9.52
12.62
12.64
9.86
12.35
15.81
11.56
10.09
13.70
13.22
11.51
15.35
15.57
13.02
17.54
17.61
13.94
13.94
13.94
13.94
13.94
13.94
13.94
13.94
13.94
13.94
13.94
13.94
13.94
13.94
13.94
13.94
13.94
13.94
13.94
13.94
13.94
20.68
19.98
24.76
23.15
19.65
23.97
25.53
20.70
23.87
27.16
20.66
15.49
12.30
9.64
6.81
4.86
3.64
1.41
0.02
-0.49
-2.17
-3.51
-3.61
-4.93
-6.06
-6.27
-6.83
-8.19
-8.17
-8.58
-9.49
-10.04
-10.45
-11.14
-11.55
-11.89
-12.39
-12.80
-13.16
-13.47
-10.64
-10.88
-11.89
-8.36
-7.91
-9.49
-6.99
-5.24
-7.06
-5.29
-1.74
-4.19
-3.22
2.25
0.78
0.52
6.28
7.86
5.20
8.58
11.85
10.29
11.49
15.23
14.17
11.25
13.62
16.34
13.14
12.09
15.90
15.45
13.14
17.39
17.20
13.72
18.13
18.06
14.20
18.64
19.77
15.47
18.90
21.47
17.10
18.52
23.17
19.89
18.69
23.68
21.04
19.02
23.78
21.54
19.00
23.25
22.46
18.57
22.55
24.59
21.23
22.24
25.29
24.54
24.54
24.54
24.54
24.54
24.54
24.54
24.54
24.54
24.54
24.54
24.54
24.54
24.54
24.54
-2.75
-2.82
-3.85
-5.24
-5.46
-6.01
-7.28
-7.83
-8.24
-9.13
-9.73
-9.97
-10.55
-11.27
-11.63
-12.01
-12.51
-12.78
-13.19
-12.97
-10.69
-11.96
-10.28
-7.02
-8.84
-9.08
-4.86
-6.37
-6.94
-2.50
-3.63
-4.52
0.18
1.94
-1.47
2.85
7.60
4.79
5.89
11.13
10.38
8.39
12.06
14.77
11.46
9.64
13.53
12.95
11.03
12.54
16.00
13.14
12.78
17.94
14.37
14.73
20.34
15.76
14.87
20.17
18.33
15.93
21.35
19.96
17.58
21.16
22.12
18.90
21.13
23.85
20.25
20.39
23.63
20.27
19.00
23.44
21.13
19.67
23.97
23.63
19.38
23.20
26.01
23.34
23.54
24.95
25.74
19.36
13.94
11.27
9.21
6.50
4.98
4.17
2.15
0.47
0.28
-1.38
-2.89
-3.30
-4.06
-5.67
-5.75
-6.32
-6.32
-6.32
-6.32
-6.32
-6.32
-6.32
-6.32
-6.32
-6.32
-6.32
-6.32
-6.32
-6.32
-6.32
-6.32
-6.32
-6.32
-6.32
-6.32
-6.32
-4.62
-5.60
-7.21
-2.75
-2.43
-4.16
0.23
3.21
-0.37
2.82
8.32
6.14
6.54
11.06
11.39
8.61
11.77
15.35
11.61
9.16
13.50
13.43
11.27
12.71
16.31
13.55
13.41
19.02
14.87
13.38
18.81
16.41
15.02
19.84
18.52
15.93
20.56
20.44
17.73
20.49
22.81
19.19
20.15
23.54
20.15
19.48
23.66
20.08
17.94
22.55
20.58
18.30
22.79
22.24
18.71
21.95
25.48
21.59
22.48
24.66
23.87
17.17
12.83
10.33
8.25
5.82
4.14
3.52
1.33
-0.22
-0.32
-2.05
-3.54
-3.56
-4.74
-5.96
-6.25
-7.04
-8.07
-8.55
-8.89
-9.80
-10.31
-10.88
-11.39
-11.84
-12.15
-12.49
-13.02
-13.23
-13.67
-11.50
-8.82
-10.59
-9.90
-6.51
-8.00
-8.43
-4.14
-5.53
-6.83
-1.98
-1.98
-3.58
1.65
4.22
0.35
3.95
8.63
6.64
7.24
12.13
11.22
9.61
12.88
15.71
11.30
11.03
14.85
13.34
11.49
13.34
16.31
13.50
15.13
18.66
15.09
16.94
21.38
17.46
18.13
23.17
19.17
17.46
23.13
20.01
17.73
23.01
22.07
19.24
22.62
23.49
19.48
21.09
23.30
19.36
19.98
23.44
19.36
18.30
23.17
20.78
19.89
23.99
24.62
20.99
24.16
25.26
20.54
15.09
11.49
9.66
7.50
05.08
4.12
2.92
0.76
-0.49
-1.09
-2.70
-3.90
-4.04
-5.50
-6.39
-6.42
-7.21
-8.36
-8.58
-9.08
-9.99
-10.31
-10.74
-11.43
-11.86
-12.32
-12.56
-13.04
-13.28
-13.23
-9.42
-9.34
-10.83
-8.14
-6.83
-8.41
-6.73
-3.94
-5.91
-5.12
-0.56
-2.48
-2.03
4.24
3.64
1.55
7.00
8.92
07.07
07.07
07.07
07.07
07.07
07.07
07.07
07.07
07.07
07.07
07.07
07.07
07.07
07.07
07.07
07.07
07.07
07.07
07.07
07.07
07.07
07.07
07.07
07.07
07.07
07.07
07.07
07.07
07.07
07.07
07.07
07.07
07.07
07.07
07.07
07.07
07.07
07.07
07.07
17.17
19.98
22.26
18.02
19.36
24.33
20.51
21.18
25.07
25.00
18.57
13.91
11.10
9.21
6.54
4.45
3.35
1.48
-0.25
-1.04
-2.39
-3.94
-4.40
-4.86
-6.34
-6.58
-6.83
-8.00
-8.65
-8.84
-9.70
-10.42
-10.57
-11.17
-11.94
-11.99
-12.49
-13.11
-13.38
-13.69
-12.03
-8.41
-10.31
-10.47
-6.18
-7.78
-8.94
-4.71
-5.22
-6.25
-2.03
-1.26
-3.99
0.16
4.69
1.94
3.25
9.14
7.67
7.60
10.60
12.76
9.54
12.13
15.90
12.69
9.86
13.12
14.82
12.06
11.92
16.65
13.62
12.26
17.46
14.92
13.17
18.18
16.98
14.17
19.41
19.48
16.60
20.70
22.10
17.61
20.25
23.34
18.23
20.25
25.02
20.13
18.49
23.80
19.96
17.22
22.14
19.96
16.67
20.78
20.92
17.94
21.30
23.99
19.38
21.59
25.26
21.81
16.26
12.45
10.38
8.13
5.56
3.97
2.78
0.71
-0.68
-1.35
-3.13
-4.28
-4.16
-5.17
-6.39
-6.49
-6.85
-8.34
-8.48
-8.89
-9.70
-10.47
-10.50
-11.31
-11.89
-12.20
-12.66
-13.06
-13.62
-13.81
-10.57
-9.22
-10.95
-9.13
-6.83
-8.50
-7.35
-3.73
-5.79
-5.70
-0.73
-2.03
-2.41
3.57
4.96
1.91
6.52
9.66
8.22
8.99
12.95
11.73
11.22
12.30
14.15
12.35
10.98
14.34
14.06
11.42
13.12
14.44
12.40
13.34
17.06
14.20
14.68
18.76
15.95
15.18
19.86
17.75
16.14
21.23
19.17
15.49
21.28
20.56
16.50
21.06
22.81
17.70
19.48
23.20
18.54
17.37
21.76
18.42
16.65
21.49
18.95
16.14
21.18
21.23
17.56
21.35
24.69
19.14
14.63
11.54
11.54
11.54
11.54
11.54
11.54
11.54
11.54
11.54
11.54
11.54
11.54
11.54
11.54
11.54
11.54
11.54
11.54
11.54
11.54
11.54
11.54
11.54
11.54
11.54
11.54
11.54
11.54
11.54
11.54
11.54
11.54
11.54
11.54
11.54
-5.79
-4.59
-6.58
-3.75
-0.01
-3.20
-1.47
4.36
2.10
2.63
7.89
9.35
7.14
10.26
12.47
11.13
11.51
14.90
15.13
12.62
14.56
17.08
13.34
12.38
17.06
15.62
14.30
16.19
19.19
15.69
16.00
21.09
16.12
16.58
22.02
16.12
17.08
22.36
17.56
18.26
24.47
18.62
17.56
23.78
19.74
17.73
23.51
20.54
16.84
20.94
20.61
16.48
19.12
20.20
16.72
18.85
21.81
17.94
19.22
23.92
21.40
16.19
12.62
10.65
8.34
06.04
4.58
3.35
1.22
-0.01
-1.21
-2.77
-3.90
-4.04
-5.39
-6.47
-6.39
-7.28
-8.39
-8.58
-9.25
-10.02
-10.35
-10.95
-11.46
-11.96
-12.32
-12.85
-13.16
-13.45
-13.21
-9.06
-9.97
-11.07
-7.35
-7.50
-9.13
-6.27
-5.17
-6.99
-4.40
-1.76
-4.11
-2.14
3.54
0.83
1.33
7.98
7.67
6.14
10.43
12.59
10.65
11.56
14.87
13.65
12.54
15.83
15.81
11.92
13.31
16.31
13.26
12.38
16.48
15.26
13.34
17.97
17.01
13.91
19.50
18.02
14.20
20.30
18.30
15.23
21.18
17.94
14.01
20.66
19.86
15.78
20.92
21.18
16.60
19.36
21.26
16.70
17.42
20.51
16.70
16.19
20.44
17.30
16.81
21.76
19.53
18.13
14.97
12.18
9.69
7.50
6.21
4.79
2.66
1.53
0.40
-1.47
-2.67
-3.20
-4.71
-5.60
-5.36
-6.68
-7.62
-7.59
-8.48
-9.39
-9.73
-10.28
-10.93
-11.43
-11.77
-12.42
-12.80
-13.06
-13.64
-13.83
-14.07
-13.81
-9.92
-10.19
-11.14
-7.40
-7.45
-8.86
-5.60
-4.40
-6.56
-3.11
-0.44
-3.20
-0.34
4.43
1.43
2.85
8.66
08.06
08.06
08.06
08.06
08.06
08.06
08.06
08.06
08.06
08.06
08.06
08.06
08.06
08.06
08.06
08.06
08.06
08.06
08.06
08.06
08.06
08.06
08.06
08.06
08.06
08.06
08.06
08.06
08.06
08.06
08.06
08.06
08.06
08.06
08.06
08.06
08.06
08.06
08.06
08.06
08.06
08.06
08.06
08.06
08.06
08.06
08.06
08.06
08.06
08.06
08.06
08.06
08.06
08.06
08.06
08.06
08.06
08.06
08.06
08.06
08.06
08.06
-6.44
-6.92
-8.24
-8.36
-8.86
-9.78
-10.23
-10.47
-11.31
-11.82
-12.08
-12.90
-13.06
-13.35
-13.76
-13.26
-12.54
-13.26
-10.11
-8.82
-10.35
-8.27
-6.11
-7.86
-6.75
-3.58
-5.41
-4.45
0.66
-2.05
-1.42
4.89
04.02
1.53
7.12
9.14
6.88
9.33
12.95
9.88
10.62
15.30
12.69
9.38
12.98
13.65
11.17
11.42
15.78
12.49
12.74
17.68
13.72
14.49
19.74
13.62
15.26
20.27
14.30
15.93
20.80
15.04
16.36
22.55
17.08
16.14
22.53
18.83
16.07
21.98
19.10
15.45
20.03
19.02
15.42
18.93
18.76
15.09
18.45
20.61
16.14
18.38
21.81
17.58
13.12
10.43
8.39
5.87
04.05
2.56
0.66
-1.04
-1.52
-2.75
-4.09
-4.26
-4.91
-6.34
-6.54
-6.97
-8.19
-8.72
-8.99
-9.99
-9.99
-9.99
-9.99
-9.99
-9.99
-9.99
-9.99
-9.99
-9.99
-9.99
-9.99
-9.99
-9.99
-9.99
-9.99
-9.99
-9.99
-9.99
-9.99
-9.99
-9.99
-9.99
-9.99
-9.99
-9.99
-9.99
-9.99
-9.99
-9.99
-9.99
-9.99
-9.99
-9.99
-9.99
-9.99
-9.99
-9.99
-9.99
-9.99
13.22
10.94
12.06
15.42
11.80
14.20
17.70
12.93
16.34
17.94
12.83
16.91
18.88
14.03
18.52
20.70
15.64
18.76
22.31
17.20
18.59
23.49
18.64
17.63
22.65
18.88
16.98
21.33
18.38
15.66
20.82
19.43
16.84
20.82
21.11
17.80
20.90
21.74
17.10
12.85
10.41
8.34
5.89
04.09
2.99
0.93
-0.49
-0.99
-2.43
-3.94
-3.87
-4.86
-6.25
-6.37
-6.99
-8.29
-8.60
-8.89
-9.92
-10.31
-10.59
-11.41
-12.01
-12.22
-12.70
-13.16
-13.55
-13.35
-9.42
-9.63
-11.24
-8.24
-7.09
-9.03
-6.92
-4.78
-6.85
-4.78
-1.35
-4.06
-2.19
3.73
0.28
0.76
6.57
6.78
5.39
9.64
11.61
8.70
10.84
14.94
10.94
10.62
14.49
12.66
10.81
12.66
15.28
12.69
14.34
18.59
13.96
15.83
19.98
14.39
16.79
20.39
14.99
17.80
22.22
16.58
18.49
23.61
18.21
18.78
24.86
20.13
18.59
24.13
20.90
17.82
22.22
20.56
17.58
21.71
21.30
18.18
21.47
22.36
18.04
20.49
24.13
20.10
20.82
17.82
14.63
11.32
9.14
7.84
5.66
3.86
2.99
1.55
-0.30
-0.70
-1.67
-3.37
-3.73
-4.16
-5.75
-6.32
-6.68
-8.00
-8.58
-8.86
-9.63
-10.31
-10.52
-11.24
-11.82
-12.08
-12.54
-13.04
-13.26
-13.47
-9.80
-9.20
-10.78
-8.24
-6.54
-8.31
-6.51
-4.14
-6.01
-4.47
0.09
-2.48
-1.16
05.08
3.88
2.58
8.22
8.85
7.50
10.00
13.12
9.66
11.06
14.94
12.23
8.82
12.66
13.24
10.98
11.56
15.88
12.95
13.74
19.70
14.97
16.36
21.49
15.78
17.20
22.48
16.86
18.16