-2.82
-3.85
-5.24
-5.46
-6.01
-7.28
-7.83
-8.24
-9.13
-9.73
-9.97
-10.55
-11.27
-11.63
-12.01
-12.51
-12.78
-13.19
-12.97
-10.69
-11.96
-10.28
-7.02
-8.84
-9.08
-4.86
-6.37
-6.94
-2.5
-3.63
-4.52
0.18
1.94
-1.47
2.85
7.6
4.79
5.89
11.13
10.38
8.39
12.06
14.77
11.46
9.64
13.53
12.95
11.03
12.54
16.0
13.14
12.78
17.94
14.37
14.73
20.34
15.76
14.87
20.17
18.33
15.93
21.35
19.96
17.58
21.16
22.12
18.9
21.13
23.85
20.25
20.39
23.63
20.27
19.0
23.44
21.13
19.67
23.97
23.63
19.38
23.2
26.01
23.34
23.54
24.95
25.74
19.36
13.94
11.27
9.21
6.5
4.98
4.17
2.15
0.47
0.28
-1.38
-2.89
-3.3
-4.06
-5.67
-5.75
