20.68
19.98
24.76
23.15
19.65
23.97
25.53
20.7
23.87
27.16
20.66
15.49
12.3
9.64
6.81
4.86
3.64
1.41
0.02
-0.49
-2.17
-3.51
-3.61
-4.93
-6.06
-6.27
-6.83
-8.19
-8.17
-8.58
-9.49
-10.04
-10.45
-11.14
-11.55
-11.89
-12.39
-12.8
-13.16
-13.47
-10.64
-10.88
-11.89
-8.36
-7.91
-9.49
-6.99
-5.24
-7.06
-5.29
-1.74
-4.19
-3.22
2.25
0.78
0.52
6.28
7.86
5.2
8.58
11.85
10.29
11.49
15.23
14.17
11.25
13.62
16.34
13.14
12.09
15.9
15.45
13.14
17.39
17.2
13.72
18.13
18.06
14.2
18.64
19.77
15.47
18.9
21.47
17.1
18.52
23.17
19.89
18.69
23.68
21.04
19.02
23.78
21.54
19.0
23.25
22.46
18.57
22.55
24.59
21.23
22.24
25.29
