-3.49
-4.31
-2.58
-1.31
-2.05
-1.09
1.09
0.83
1.05
3.23
3.83
3.3
4.89
5.97
5.65
5.99
7.62
8.34
8.2
9.93
11.8
11.89
12.85
15.64
15.83
15.57
17.63
17.94
16.67
18.01
18.59
17.1
18.09
18.95
17.56
18.35
19.48
18.28
19.33
20.97
19.79
20.39
22.36
21.25
21.3
23.63
22.67
21.49
23.75
23.01
21.13
22.86
22.55
20.46
21.66
22.17
20.32
20.46
21.76
20.75
18.66
16.31
14.39
12.64
10.72
9.18
7.86
6.35
4.91
3.69
2.29
1.19
0.49
-0.56
-1.69
-2.27
-2.89
-3.99
-4.55
-5.22
-5.94
-6.66
-7.31
-7.86
-8.48
-9.15
-9.61
-10.19
-10.57
-10.47
-9.06
-9.01
-8.55
-6.3
-6.25
-6.35
-4.23
-3.83
-4.67
-2.72
-1.74
-2.6
-1.31
0.69
0.33
0.64
3.42
3.66
3.25
5.32
6.47
5.89
6.61
8.29
8.37
8.25
10.79
11.58
11.17
13.12
15.13
14.58
14.77
17.03
16.05
15.61
17.37
16.57
16.19
17.82
17.13
16.69
18.28
17.73
17.25
19.48
18.69
18.25
20.34
20.22
19.53
21.88
21.97
20.56
22.81
22.84
20.92
22.33
22.65
20.56
21.13
22.07
20.37
19.96
21.59
20.44
19.14
18.78
16.93
14.97
12.76
10.98
9.49
7.74
6.33
5.2
3.71
2.41
1.45
0.23
-0.78
-1.38
-2.22
-3.3
-3.78
-4.55
-5.34
-5.82
-6.63
-7.23
-7.88
-8.41
-9.06
-9.49
-10.04
-10.47
-10.95
-11.34
-10.28
-8.53
-8.27
-7.95
-5.77
-5.58
-5.91
-3.54
-3.25
-4.16
-2.1
-0.97
-1.93
-0.35
1.48
1.17
1.6
4.0
