-3.64
-4.7
-4.92
-5.8
-6.52
-6.88
-7.39
-8.2
-8.8
-9.24
-9.86
-10.34
-10.75
-11.2
-11.64
-11.88
-11.76
-8.35
-8.44
-8.92
-5.16
-5.47
-6.55
-3.45
-2.78
-4.44
-2.52
-0.33
-2.13
-1.36
1.92
0.46
0.08
4.04
3.2
2.21
4.68
5.91
4.71
6.27
8.76
7.95
8.33
11.84
12.03
11.16
13.61
14.88
12.92
14.14
16.08
13.59
14.55
15.99
13.73
15.17
16.59
14.28
16.25
17.6
15.44
17.38
19.68
17.21
18.84
21.6
19.06
19.61
23.02
20.26
19.56
23.31
20.52
18.7
22.3
20.21
17.33
20.81
19.71
16.88
19.01
19.61
16.97
14.79
13.04
11.16
8.98
7.35
6.08
4.37
2.81
2.12
0.75
-0.38
-0.84
-1.8
-2.95
-3.19
-3.74
-4.8
-5.16
-5.83
-6.81
