-6.44
-6.92
-8.24
-8.36
-8.86
-9.78
-10.23
-10.47
-11.31
-11.82
-12.08
-12.9
-13.06
-13.35
-13.76
-13.26
-12.54
-13.26
-10.11
-8.82
-10.35
-8.27
-6.11
-7.86
-6.75
-3.58
-5.41
-4.45
0.66
-2.05
-1.42
4.89
4.02
1.53
7.12
9.14
6.88
9.33
12.95
9.88
10.62
15.3
12.69
9.38
12.98
13.65
11.17
11.42
15.78
12.49
12.74
17.68
13.72
14.49
19.74
13.62
15.26
20.27
14.3
15.93
20.8
15.04
16.36
22.55
17.08
16.14
22.53
18.83
16.07
21.98
19.1
15.45
20.03
19.02
15.42
18.93
18.76
15.09
18.45
20.61
16.14
18.38
21.81
17.58
13.12
10.43
8.39
5.87
4.05
2.56
0.66
-1.04
-1.52
-2.75
-4.09
-4.26
-4.91
-6.34
-6.54
-6.97
-8.19
-8.72
-8.99
