-2.18
-2.71
-3.57
-4.15
-4.73
-5.49
-6.26
-6.79
-7.32
-7.85
-8.47
-8.97
-9.45
-10.05
-10.44
-10.2
-9.48
-9.96
-7.49
-6.14
-6.67
-5.13
-2.97
-3.84
-2.76
-0.14
-0.91
-0.45
3.34
2.33
2.19
6.75
6.7
4.78
8.59
10.59
8.02
9.55
13.59
12.19
11.52
15.79
15.7
13.87
15.91
17.52
16.01
16.08
19.08
17.57
17.14
20.45
19.68
19.85
22.71
21.17
21.65
23.71
22.25
22.42
25.35
23.33
23.07
26.38
24.39
23.38
27.07
25.63
23.91
27.34
26.11
23.74
26.45
25.75
23.28
25.15
25.15
22.51
24.05
25.25
22.63
23.19
25.44
22.9
19.85
17.14
14.79
12.29
10.27
8.38
6.58
4.99
3.63
2.55
1.18
0.36
-0.45
-1.58
-2.25
-2.93
-3.69
-4.41
-4.97
