26.47
24.77
27.87
26.38
23.4
26.64
27.19
24.1
25.97
28.11
24.67
21.36
18.51
15.99
13.49
11.38
9.58
7.73
6.07
4.92
3.53
2.16
1.25
0.24
-1.01
-1.73
-2.37
-3.19
-3.79
-4.37
-5.18
-5.93
-6.48
-7.13
-7.68
-8.18
-8.66
-9.33
-9.57
-10.13
-8.11
-7.68
-8.18
-5.59
-4.7
-5.47
-3.48
-1.7
-2.76
-1.27
1.44
0.27
0.43
4.66
4.13
3.15
7.47
8.69
6.22
9.07
12.72
11.4
10.3
14.83
16.06
13.63
14.86
17.95
16.68
16.11
19.18
19.18
17.83
20.16
21.24
19.51
21.63
22.73
20.55
22.75
24.39
21.6
23.28
25.8
23.5
23.74
27.12
25.49
24.72
28.13
26.93
25.47
28.54
27.29
25.11
27.79
27.19
24.51
26.64
28.03
24.87
25.06
27.51
