-4.59
-6.58
-3.75
-0.01
-3.2
-1.47
4.36
2.1
2.63
7.89
9.35
7.14
10.26
12.47
11.13
11.51
14.9
15.13
12.62
14.56
17.08
13.34
12.38
17.06
15.62
14.3
16.19
19.19
15.69
16.0
21.09
16.12
16.58
22.02
16.12
17.08
22.36
17.56
18.26
24.47
18.62
17.56
23.78
19.74
17.73
23.51
20.54
16.84
20.94
20.61
16.48
19.12
20.2
16.72
18.85
21.81
17.94
19.22
23.92
21.4
16.19
12.62
10.65
8.34
6.04
4.58
3.35
1.22
-0.01
-1.21
-2.77
-3.9
-4.04
-5.39
-6.47
-6.39
-7.28
-8.39
-8.58
-9.25
-10.02
-10.35
-10.95
-11.46
-11.96
-12.32
-12.85
-13.16
-13.45
-13.21
-9.06
-9.97
-11.07
-7.35
-7.5
-9.13
-6.27
-5.17
-6.99
-4.4
-1.76
-4.11
-2.14
3.54
0.83
1.33
7.98
7.67
6.14
10.43
12.59
10.65
11.56
14.87
13.65
12.54
15.83
15.81
11.92
13.31
16.31
13.26
12.38
16.48
15.26
13.34
17.97
17.01
13.91
19.5
18.02
14.2
20.3
18.3
15.23
21.18
17.94
14.01
20.66
19.86
15.78
20.92
21.18
16.6
19.36
21.26
16.7
17.42
20.51
16.7
16.19
20.44
17.3
16.81
21.76
19.53
18.13
14.97
12.18
9.69
7.5
6.21
4.79
2.66
1.53
0.4
-1.47
-2.67
-3.2
-4.71
-5.6
-5.36
-6.68
-7.62
-7.59
-8.48
-9.39
-9.73
-10.28
-10.93
-11.43
-11.77
-12.42
-12.8
-13.06
-13.64
-13.83
-14.07
-13.81
-9.92
-10.19
-11.14
-7.4
-7.45
-8.86
-5.6
-4.4
-6.56
-3.11
-0.44
-3.2
-0.34
4.43
1.43
2.85
8.66
