17.23
15.7
16.42
19.08
17.04
17.93
20.81
18.89
20.67
22.73
21.39
22.54
24.53
22.27
23.81
25.8
23.23
24.55
27.07
24.39
25.01
28.03
25.59
24.7
27.84
25.83
24.41
26.98
25.23
23.09
26.07
25.08
22.56
25.3
25.47
22.54
24.31
25.13
22.25
19.27
16.49
14.28
11.88
9.94
8.26
6.34
4.88
3.75
2.43
1.23
0.43
-0.36
-1.51
-2.21
-2.78
-3.72
-4.39
-4.97
-5.66
-6.29
-6.84
-7.41
-8.13
-8.59
-9.07
-9.53
-10.2
-10.25
-7.44
-6.86
-7.56
-5.09
-3.98
-4.92
-3.31
-1.34
-2.33
-0.96
1.8
0.58
1.54
5.64
4.27
3.24
7.97
8.31
6.31
10.25
13.11
10.56
10.99
15.03
13.78
12.07
15.84
15.91
14.91
16.47
18.75
17.38
18.07
21.19
19.56
20.19
23.09
21.41
22.27
24.7
22.51
23.47
25.85
23.71
24.39
27.31
25.3
25.08
28.68
26.55
25.42
28.92
27.43
25.39
27.94
27.03
24.75
27.36
27.03
24.15
26.16
26.57
23.88
24.84
27.17
24.53
24.24
22.61
19.9
17.38
14.91
13.11
11.16
9.39
8.04
6.63
5.02
4.03
3.0
1.71
0.89
0.19
-0.79
-1.75
-2.49
-3.41
-4.05
-4.68
-5.49
-6.17
-6.65
-7.34
-7.89
-8.45
-8.97
-9.53
-9.91
-9.98
-7.61
-6.36
-7.1
-5.18
-3.43
-4.25
-2.69
-0.5
-1.39
-0.5
2.81
1.78
2.19
6.55
5.74
4.15
8.67
9.79
7.18
9.12
13.03
10.99
10.49
14.55
14.5
12.51
14.98
16.3
15.07
15.43
18.67
17.59
17.95
21.41
19.85
20.23
23.43
21.63
22.23
24.96
23.26
23.52
