20.73
22.21
22.5
20.53
20.82
22.0
20.82
20.17
21.33
21.28
19.57
17.41
15.3
13.57
11.63
9.71
8.32
6.81
5.13
3.93
2.65
1.19
0.45
-0.39
-1.55
-2.27
-2.87
-3.66
-4.43
-4.98
-5.67
-6.42
-6.92
-7.52
-8.22
-8.79
-9.37
-9.87
-10.31
-10.79
-9.63
-8.36
-8.72
-7.59
-5.79
-6.15
-5.67
-3.59
-3.78
-4.23
-1.81
-1.16
-2.05
-0.06
1.38
0.73
1.33
3.76
3.64
3.45
5.22
6.4
6.33
7.19
10.14
10.36
10.14
12.85
13.96
13.07
14.01
15.33
14.1
14.39
15.9
14.85
14.8
16.55
16.02
15.66
17.87
17.61
17.17
19.69
19.89
18.93
21.11
21.66
20.27
22.09
23.2
21.59
22.5
24.04
22.43
22.05
23.97
22.62
20.97
22.84
22.31
20.25
21.69
22.05
20.44
20.7
21.71
20.94
18.88
16.45
14.49
12.61
10.6
8.99
7.55
5.94
4.48
3.4
2.05
0.93
0.3
-0.73
-1.74
-2.31
-2.87
-3.85
-4.55
-5.03
-5.89
-6.56
-6.99
-7.57
-8.51
-8.89
-9.44
-9.99
-10.45
-10.57
-8.87
-8.29
-8.55
-6.49
-5.67
-6.3
-4.81
-3.27
-3.95
-3.27
-1.16
-1.5
-1.71
0.88
1.5
0.71
2.94
4.14
3.69
4.0
5.94
5.92
5.65
7.12
8.44
8.73
9.06
11.82
12.33
11.85
13.89
14.68
13.33
14.63
15.42
14.25
14.97
16.43
15.33
15.64
17.56
16.65
16.53
19.0
18.21
17.87
20.32
19.84
19.05
21.57
21.85
20.46
22.31
23.05
21.18
22.07
23.32
21.45
20.92
22.74
21.37
20.03
21.69
21.47
19.74
20.75
21.49
19.98
17.61
