22.17
21.35
22.81
21.93
20.85
22.09
22.14
20.73
21.49
22.29
21.01
18.61
16.43
14.39
12.23
10.33
8.89
6.97
5.53
4.57
3.16
1.89
1.0
-0.01
-1.07
-1.83
-2.58
-3.56
-4.14
-4.74
-5.48
-6.06
-6.66
-7.47
-8.0
-8.46
-9.03
-9.63
-9.99
-10.52
-9.9
-9.9
-9.49
-7.23
-6.75
-6.83
-4.71
-3.92
-4.83
-3.11
-1.76
-2.55
-1.86
0.25
0.11
-0.08
2.17
3.04
2.46
4.21
5.44
5.51
6.28
8.75
9.47
9.49
11.41
13.65
13.29
13.81
16.05
15.21
14.97
16.53
15.85
14.97
16.79
16.43
15.52
17.65
17.75
16.96
19.12
19.69
18.66
20.53
21.49
20.46
21.66
23.34
22.07
22.17
23.99
22.86
21.64
23.53
22.81
21.13
22.57
22.69
20.85
21.37
22.07
