-0.85
1.17
2.44
1.81
2.77
4.65
4.69
4.69
6.76
7.43
7.45
8.92
11.34
10.91
11.49
14.08
13.55
13.12
15.13
14.85
14.13
16.19
15.64
14.97
14.97
14.97
14.97
14.97
14.97
14.97
14.97
14.97
14.97
14.97
14.97
14.97
14.97
14.97
14.97
14.97
14.97
14.97
14.97
14.97
22.17
21.35
22.81
21.93
20.85
22.09
22.14
20.73
21.49
22.29
21.01
18.61
16.43
14.39
12.23
10.33
8.89
6.97
5.53
4.57
3.16
1.89
1.00
-0.01
-1.07
-1.83
-2.58
-3.56
-4.14
-4.74
-5.48
-6.06
-6.66
-7.47
-8.00
-8.46
-9.03
-9.63
-9.99
-10.52
-9.90
-9.90
-9.49
-7.23
-6.75
-6.83
-4.71
-3.92
-4.83
-3.11
-1.76
-2.55
-1.86
0.25
0.11
-0.08
2.17
03.04
2.46
4.21
5.44
5.51
6.28
8.75
9.47
9.49
11.41
13.65
13.29
13.81
16.05
15.21
14.97
16.53
15.85
14.97
16.79
16.43
15.52
17.65
17.75
16.96
19.12
19.69
18.66
20.53
21.49
20.46
21.66
23.34
22.07
22.17
23.99
22.86
21.64
23.53
22.81
21.13
22.57
22.69
20.85
21.37
22.07
21.18
21.18
21.18
21.18
21.18
21.18
21.18
21.18
21.18
21.18
21.18
21.18
21.18
21.18
21.18
2.77
02.01
0.95
-0.32
-1.04
-1.67
-2.72
-3.44
-4.02
-4.95
-5.60
-6.30
-6.95
-7.50
-8.17
-8.72
-9.25
-9.68
-10.16
-10.26
-10.21
-9.99
-8.05
-6.68
-7.11
-5.77
-3.99
-4.52
-4.19
-1.95
-2.03
-2.70
-0.39
0.37
-0.51
1.36
03.04
2.61
2.92
5.37
5.58
5.27
6.88
8.56
8.25
8.75
11.44
11.97
11.56
13.79
14.61
13.62
14.77
15.33
14.41
15.01
16.50
15.45
15.88
17.77
17.17
17.44
19.77
19.43
19.09
21.71
21.54
20.39
22.62
23.01
21.59
22.72
23.65
21.88
21.78
23.39
22.19
20.75
22.53
21.88
20.34
21.28
21.73
20.41
20.44
20.77
20.46
19.29
17.37
15.57
13.96
11.82
10.26
09.04
7.29
5.80
4.93
3.76
2.32
1.43
0.49
-0.68
-1.45
-2.19
-2.19
-2.19
-2.19
-2.19
-2.19
-2.19
-2.19
-2.19
-2.19
-2.19
-2.19
-2.19
-2.19
-2.19
-2.19
-2.19
-2.19
-2.19
-2.19
-2.19
-3.63
-3.95
-4.16
-1.86
-1.64
-2.51
-0.35
0.83
0.11
1.55
3.52
3.49
3.42
5.70
6.28
5.94
7.26
9.25
09.01
9.33
11.85
12.47
11.89
14.03
14.85
13.98
14.87
16.14
14.87
15.25
16.72
15.81
15.78
18.16
17.61
17.58
19.98
19.77
19.02
21.52
21.66
20.34
22.12
22.89
21.33
22.05
23.37
21.81
21.21
23.01
21.69
20.13
22.12
21.69
20.01
20.77
21.45
20.03
20.05
20.61
20.20
18.76
16.57
14.77
12.90
10.96
9.13
08.08
6.52
05.01
4.19
2.89
1.69
0.93
-0.03
-1.23
-1.93
-2.67
-3.56
-4.28
-4.95
-5.63
-6.37
-7.09
-7.69
-8.34
-8.84
-9.42
-9.83
-10.26
-10.67
-9.13
-8.34
-8.51
-6.99
-5.58
-6.08
-5.19
-3.44
-3.87
-3.73
-1.50
-1.50
-2.03
0.30
1.21
0.64
2.27
4.00
3.64
3.83
6.23
6.47
6.25
7.98
9.93
9.71
10.41
13.17
13.14
12.64
14.80
15.09
14.22
15.76
16.26
15.23
16.57
17.51
16.65
17.85
19.53
18.69
19.33
21.40
20.51
20.46
22.81
22.07
21.28
23.70
23.34
21.83
23.65
23.85
21.81
22.67
23.58
21.76
21.42
22.84
21.64
20.44
21.97
21.64
20.22
21.13
21.25
20.13
18.16
16.05
14.10
12.33
10.29
8.92
7.62
5.99
4.57
3.61
2.25
01.09
0.33
-0.71
-1.64
-2.10
-3.03
-3.95
-4.40
-5.15
-5.96
-6.56
-7.11
-7.83
-8.29
-8.84
-9.32
-9.87
-10.38
-10.09
-8.39
-7.93
-8.17
-5.94
-5.41
-5.91
-4.11
-2.99
-3.95
-2.72
-1.02
-1.47
-1.07
1.43
1.53
01.02
3.45
4.41
3.78
3.78
3.78
3.78
3.78
3.78
3.78
3.78
3.78
3.78
3.78
3.78
3.78
3.78
3.78
3.78
3.78
3.78
3.78
3.78
3.78
3.78
3.78
3.78
3.78
3.78
3.78
3.78
3.78
3.78
3.78
3.78
3.78
3.78
3.78
3.78
3.78
3.78
3.78
20.73
22.21
22.50
20.53
20.82
22.00
20.82
20.17
21.33
21.28
19.57
17.41
15.30
13.57
11.63
9.71
8.32
6.81
5.13
3.93
2.65
1.19
0.45
-0.39
-1.55
-2.27
-2.87
-3.66
-4.43
-4.98
-5.67
-6.42
-6.92
-7.52
-8.22
-8.79
-9.37
-9.87
-10.31
-10.79
-9.63
-8.36
-8.72
-7.59
-5.79
-6.15
-5.67
-3.59
-3.78
-4.23
-1.81
-1.16
-2.05
-0.06
1.38
0.73
1.33
3.76
3.64
3.45
5.22
6.40
6.33
7.19
10.14
10.36
10.14
12.85
13.96
13.07
14.01
15.33
14.10
14.39
15.90
14.85
14.80
16.55
16.02
15.66
17.87
17.61
17.17
19.69
19.89
18.93
21.11
21.66
20.27
22.09
23.20
21.59
22.50
24.04
22.43
22.05
23.97
22.62
20.97
22.84
22.31
20.25
21.69
22.05
20.44
20.70
21.71
20.94
18.88
16.45
14.49
12.61
10.60
8.99
7.55
5.94
4.48
3.40
02.05
0.93
0.30
-0.73
-1.74
-2.31
-2.87
-3.85
-4.55
-5.03
-5.89
-6.56
-6.99
-7.57
-8.51
-8.89
-9.44
-9.99
-10.45
-10.57
-8.87
-8.29
-8.55
-6.49
-5.67
-6.30
-4.81
-3.27
-3.95
-3.27
-1.16
-1.50
-1.71
0.88
1.50
0.71
2.94
4.14
3.69
4.00
5.94
5.92
5.65
7.12
8.44
8.73
09.06
11.82
12.33
11.85
13.89
14.68
13.33
14.63
15.42
14.25
14.97
16.43
15.33
15.64
17.56
16.65
16.53
19.00
18.21
17.87
20.32
19.84
19.05
21.57
21.85
20.46
22.31
23.05
21.18
22.07
23.32
21.45
20.92
22.74
21.37
20.03
21.69
21.47
19.74
20.75
21.49
19.98
17.61
15.45
15.45
15.45
15.45
15.45
15.45
15.45
15.45
15.45
15.45
15.45
15.45
15.45
15.45
15.45
15.45
15.45
15.45
15.45
15.45
15.45
15.45
15.45
15.45
15.45
15.45
15.45
15.45
15.45
15.45
15.45
15.45
15.45
15.45
15.45
-4.07
-3.49
-4.31
-2.58
-1.31
-2.05
-1.09
01.09
0.83
01.05
3.23
3.83
3.30
4.89
5.97
5.65
5.99
7.62
8.34
8.20
9.93
11.80
11.89
12.85
15.64
15.83
15.57
17.63
17.94
16.67
18.01
18.59
17.10
18.09
18.95
17.56
18.35
19.48
18.28
19.33
20.97
19.79
20.39
22.36
21.25
21.30
23.63
22.67
21.49
23.75
23.01
21.13
22.86
22.55
20.46
21.66
22.17
20.32
20.46
21.76
20.75
18.66
16.31
14.39
12.64
10.72
9.18
7.86
6.35
4.91
3.69
2.29
1.19
0.49
-0.56
-1.69
-2.27
-2.89
-3.99
-4.55
-5.22
-5.94
-6.66
-7.31
-7.86
-8.48
-9.15
-9.61
-10.19
-10.57
-10.47
-9.06
-9.01
-8.55
-6.30
-6.25
-6.35
-4.23
-3.83
-4.67
-2.72
-1.74
-2.60
-1.31
0.69
0.33
0.64
3.42
3.66
3.25
5.32
6.47
5.89
6.61
8.29
8.37
8.25
10.79
11.58
11.17
13.12
15.13
14.58
14.77
17.03
16.05
15.61
17.37
16.57
16.19
17.82
17.13
16.69
18.28
17.73
17.25
19.48
18.69
18.25
20.34
20.22
19.53
21.88
21.97
20.56
22.81
22.84
20.92
22.33
22.65
20.56
21.13
22.07
20.37
19.96
21.59
20.44
19.14
18.78
16.93
14.97
12.76
10.98
9.49
7.74
6.33
5.20
3.71
2.41
1.45
0.23
-0.78
-1.38
-2.22
-3.30
-3.78
-4.55
-5.34
-5.82
-6.63
-7.23
-7.88
-8.41
-9.06
-9.49
-10.04
-10.47
-10.95
-11.34
-10.28
-8.53
-8.27
-7.95
-5.77
-5.58
-5.91
-3.54
-3.25
-4.16
-2.10
-0.97
-1.93
-0.35
1.48
1.17
1.60
4.00
4.26
4.26
4.26
4.26
4.26
4.26
4.26
4.26
4.26
4.26
4.26
4.26
4.26
4.26
4.26
4.26
4.26
4.26
4.26
4.26
4.26
4.26
4.26
4.26
4.26
4.26
4.26
4.26
4.26
4.26
4.26
4.26
4.26
4.26
4.26
4.26
4.26
4.26
4.26
4.26
4.26
4.26
4.26
4.26
4.26
4.26
4.26
4.26
4.26
4.26
4.26
4.26
4.26
4.26
4.26
4.26
4.26
4.26
4.26
4.26
4.26
4.26
-2.22
-2.84
-3.78
-4.55
-5.05
-5.94
-6.44
-6.97
-7.59
-8.29
-8.82
-9.44
-9.99
-10.33
-10.86
-11.12
-11.07
-10.76
-8.39
-7.69
-7.95
-5.77
-5.10
-5.70
-4.04
-2.79
-3.59
-2.41
-0.61
-1.09
-0.87
1.79
1.84
1.45
3.85
4.79
04.07
5.61
7.48
7.31
7.84
10.53
10.72
10.48
12.95
13.74
12.83
14.05
15.01
13.79
14.46
15.33
14.05
14.44
15.30
14.44
15.28
16.07
15.09
16.33
17.68
16.60
18.01
19.55
18.61
19.53
21.45
20.37
20.58
22.65
21.49
20.68
22.67
21.66
20.03
21.78
21.11
19.36
20.73
20.92
19.00
19.84
20.70
19.19
16.67
14.37
12.47
10.43
8.73
7.19
5.85
4.12
3.18
02.03
0.76
0.01
-0.78
-1.88
-2.51
-3.06
-4.02
-4.62
-5.15
-5.99
-5.99
-5.99
-5.99
-5.99
-5.99
-5.99
-5.99
-5.99
-5.99
-5.99
-5.99
-5.99
-5.99
-5.99
-5.99
-5.99
-5.99
-5.99
-5.99
-5.99
-5.99
-5.99
-5.99
-5.99
-5.99
-5.99
-5.99
-5.99
-5.99
-5.99
-5.99
-5.99
-5.99
-5.99
-5.99
-5.99
-5.99
-5.99
-5.99
13.55
12.54
14.27
14.39
13.02
14.32
14.49
13.57
15.06
15.33
14.41
15.97
16.43
15.66
17.75
18.45
17.46
19.74
20.63
19.50
21.28
22.45
20.94
21.88
23.13
21.47
21.33
22.84
21.33
20.27
22.02
21.11
19.43
21.28
21.01
19.31
20.73
20.99
19.17
16.57
14.25
12.40
10.41
8.70
7.31
5.70
4.31
3.37
2.15
0.95
0.33
-0.54
-1.67
-2.22
-2.96
-3.92
-4.62
-5.34
-5.99
-6.51
-7.19
-7.83
-8.41
-8.87
-9.42
-9.90
-10.55
-10.59
-9.01
-8.96
-8.65
-6.63
-6.03
-6.59
-4.43
-3.73
-4.57
-2.75
-1.57
-2.46
-1.33
0.76
0.28
0.45
2.92
3.21
2.97
5.17
6.33
5.94
6.95
9.21
9.11
9.28
12.04
12.37
12.06
14.25
14.89
13.89
15.30
15.83
14.44
15.52
16.09
14.92
16.12
16.91
16.02
17.58
18.18
17.37
19.31
20.53
19.36
20.99
22.65
21.52
22.17
24.04
22.69
22.43
24.18
22.91
21.42
23.22
22.60
20.63
22.24
22.14
20.53
21.35
22.07
20.75
20.73
20.51
18.71
16.36
14.20
12.40
10.57
8.82
7.57
6.28
4.77
3.85
2.80
1.60
0.76
0.09
-1.19
-1.83
-2.65
-3.59
-4.31
-4.88
-5.70
-6.37
-6.92
-7.64
-8.17
-8.87
-9.23
-9.80
-10.28
-10.19
-8.15
-7.86
-8.00
-5.79
-5.19
-5.77
-3.92
-3.01
-3.78
-2.43
-0.73
-1.35
-0.85
1.50
1.45
1.14
3.64
04.07
3.59
05.01
6.81
6.52
7.00
9.59
9.78
9.76
12.30
13.19
12.13
13.77
14.70
13.57
14.51
15.49
14.37
15.64
16.65
15.69
16.98
17.73
16.93
18.30