-1.40
2.75
-0.57
-1.40
3.79
1.71
0.46
2.96
5.24
3.37
4.41
8.56
7.32
7.52
12.30
12.30
10.64
13.96
15.62
12.30
14.58
16.45
13.13
15.83
15.83
15.83
15.83
15.83
15.83
15.83
15.83
15.83
15.83
15.83
15.83
15.83
15.83
15.83
15.83
15.83
15.83
15.83
15.83
15.83
16.45
20.39
19.56
16.45
18.94
18.73
16.24
15.41
17.70
16.03
13.75
12.30
11.26
9.39
7.52
6.90
05.03
3.16
2.75
1.30
-0.57
-0.78
-1.82
-3.69
-3.89
-4.31
-5.97
-6.39
-7.01
-8.46
-9.08
-9.50
-10.75
-11.58
-12.20
-13.24
-14.07
-14.48
-15.31
-16.14
-15.52
-15.94
-9.92
-7.42
-10.12
-6.80
-2.44
-6.18
-6.18
0.46
-3.27
-5.56
1.50
-0.57
-3.27
0.46
2.13
-0.57
-0.37
4.41
1.92
1.92
4.62
6.90
5.65
7.32
12.09
10.01
10.01
15.00
14.37
12.51
16.03
16.87
13.34
15.20
17.49
13.96
16.24
18.32
15.00
16.87
20.60
16.87
17.07
22.68
18.94
17.07
23.92
20.81
17.70
23.51
21.43
18.11
21.02
21.85
17.90
18.32
21.02
17.70
15.20
20.19
17.28
15.00
15.00
15.00
15.00
15.00
15.00
15.00
15.00
15.00
15.00
15.00
15.00
15.00
15.00
15.00
0.26
-0.57
-2.44
-2.86
-3.27
-4.93
-5.76
-5.97
-7.42
-8.46
-9.08
-9.92
-11.16
-11.58
-12.41
-13.24
-13.86
-14.69
-15.52
-15.73
-16.14
-13.24
-6.59
-9.29
-9.92
-2.23
-5.14
-7.63
-1.20
-1.61
-4.93
-1.82
1.50
-2.03
-2.23
3.79
0.88
-0.78
2.96
3.37
1.71
2.96
5.86
4.41
4.82
8.98
9.81
8.56
9.81
15.20
11.47
11.47
17.28
13.96
11.88
17.07
14.58
12.92
18.53
16.45
14.17
19.15
19.15
16.45
19.77
21.43
18.11
19.36
23.72
19.15
18.32
24.34
20.19
17.07
22.89
19.98
16.87
19.15
20.19
16.66
16.45
18.32
16.03
13.96
17.28
15.83
14.17
12.51
11.26
10.84
8.77
7.32
7.11
5.24
3.37
3.37
1.92
0.05
-0.37
-1.20
-2.86
-3.48
-3.89
-5.35
-5.35
-5.35
-5.35
-5.35
-5.35
-5.35
-5.35
-5.35
-5.35
-5.35
-5.35
-5.35
-5.35
-5.35
-5.35
-5.35
-5.35
-5.35
-5.35
-5.35
-4.10
-6.80
-2.03
-0.78
-4.31
-2.86
2.33
-1.40
-2.23
4.20
1.92
0.05
2.75
4.62
2.54
3.16
6.28
5.45
5.45
9.18
11.05
9.18
10.01
15.62
12.30
11.26
17.07
14.17
12.51
17.90
15.62
12.92
17.49
17.07
15.00
18.94
19.98
16.66
18.73
22.06
18.11
18.53
23.92
19.36
17.49
23.92
20.19
16.87
21.85
20.39
16.66
18.53
20.19
16.66
16.24
18.73
15.83
13.75
17.07
15.62
13.96
12.09
10.84
10.01
7.94
6.49
06.07
4.20
2.54
2.54
01.09
-0.57
-0.99
-1.82
-3.69
-4.31
-4.31
-6.18
-6.80
-7.22
-8.46
-9.71
-10.12
-11.16
-12.20
-12.61
-13.44
-14.48
-14.90
-15.73
-15.52
-8.88
-11.58
-11.58
-4.31
-7.42
-9.29
-1.82
-3.89
-6.59
-1.20
-0.78
-4.10
-1.61
2.54
-0.99
-1.61
4.62
1.92
0.46
3.37
4.20
2.75
4.41
7.73
5.86
6.49
10.64
11.88
10.01
12.30
16.03
12.71
13.54
18.32
14.37
13.96
18.73
15.20
13.75
19.77
16.87
15.41
21.43
19.77
17.49
22.47
21.85
18.32
21.43
23.30
19.36
20.39
24.75
19.77
18.32
24.13
19.77
16.45
22.26
19.36
16.24
18.53
19.15
16.03
15.00
17.90
15.62
13.54
11.68
10.64
9.60
7.52
6.49
5.65
3.58
2.33
2.13
0.05
-1.20
-1.40
-2.86
-4.31
-4.10
-4.93
-6.59
-6.80
-7.63
-9.08
-9.71
-10.12
-11.16
-11.99
-12.61
-13.44
-14.48
-14.90
-15.52
-11.58
-9.50
-11.99
-8.05
-4.73
-8.05
-6.59
-0.78
-4.73
-6.18
1.30
-1.82
-4.31
1.50
1.50
-1.40
0.67
3.99
01.09
1.30
1.30
1.30
1.30
1.30
1.30
1.30
1.30
1.30
1.30
1.30
1.30
1.30
1.30
1.30
1.30
1.30
1.30
1.30
1.30
1.30
1.30
1.30
1.30
1.30
1.30
1.30
1.30
1.30
1.30
1.30
1.30
1.30
1.30
1.30
1.30
1.30
1.30
1.30
18.53
22.47
18.11
15.83
20.81
17.70
15.00
18.32
17.07
15.00
12.92
11.47
10.43
8.77
6.69
06.07
4.41
2.75
1.71
0.88
-1.20
-1.82
-2.44
-4.10
-4.93
-4.52
-5.97
-7.22
-7.01
-8.46
-9.71
-10.12
-10.75
-12.20
-12.41
-13.24
-14.27
-14.90
-15.52
-16.14
-9.50
-11.78
-12.41
-4.93
-7.01
-9.50
-2.86
-3.48
-6.39
-3.06
0.05
-3.48
-3.06
2.54
-0.78
-2.23
2.96
1.30
-0.16
2.54
4.41
2.13
3.16
6.28
7.52
6.90
9.18
13.96
10.64
10.22
16.45
13.54
11.68
16.87
14.79
12.30
17.07
15.83
13.13
16.87
17.28
14.37
17.07
19.77
16.24
17.90
22.89
18.73
18.94
24.55
20.19
18.11
24.96
21.43
18.11
23.92
22.06
17.90
20.81
21.85
17.70
17.28
21.43
17.49
15.00
19.56
17.07
14.79
12.51
11.05
9.81
7.94
6.28
5.45
3.58
1.92
1.50
-0.16
-1.61
-1.61
-2.65
-4.52
-4.52
-4.73
-6.59
-7.01
-7.42
-8.88
-9.92
-10.12
-11.37
-12.20
-12.82
-13.44
-14.48
-15.31
-15.94
-12.82
-9.29
-11.99
-9.92
-4.31
-7.84
-8.25
-1.20
-4.73
-7.01
0.26
-1.61
-4.73
-0.16
1.50
-1.82
-1.20
3.79
01.09
0.05
2.75
2.33
1.30
2.75
6.49
4.41
05.03
7.73
9.39
8.56
9.81
14.58
11.68
11.05
16.66
13.13
11.47
17.07
14.17
12.30
17.28
15.83
13.34
17.49
18.32
15.41
19.36
21.22
17.07
19.77
22.68
18.32
19.15
24.75
19.77
17.90
24.55
20.60
16.87
22.68
20.39
16.66
19.56
19.98
16.45
16.45
19.15
16.45
13.96
11.88
10.43
10.43
10.43
10.43
10.43
10.43
10.43
10.43
10.43
10.43
10.43
10.43
10.43
10.43
10.43
10.43
10.43
10.43
10.43
10.43
10.43
10.43
10.43
10.43
10.43
10.43
10.43
10.43
10.43
10.43
10.43
10.43
10.43
10.43
10.43
-2.03
-5.97
-5.35
0.46
-3.27
-4.93
2.13
-0.16
-2.44
1.50
2.54
0.05
0.46
3.99
2.13
1.92
4.41
3.99
3.16
4.82
9.39
8.35
9.18
13.54
14.37
12.71
14.79
18.94
15.00
15.00
20.39
16.45
15.62
20.81
17.70
16.24
21.64
17.90
16.45
21.64
18.73
16.45
22.89
21.02
17.70
23.51
22.47
18.53
22.68
23.09
18.94
20.19
23.09
18.53
17.28
22.68
18.11
15.20
20.39
17.90
15.00
12.71
11.47
9.81
7.94
6.49
5.65
3.79
2.33
1.71
0.05
-1.40
-1.40
-2.86
-4.31
-4.31
-5.35
-6.80
-7.01
-7.63
-9.08
-9.92
-10.54
-11.58
-12.41
-13.03
-14.07
-14.69
-15.31
-16.14
-13.65
-12.82
-14.48
-7.63
-6.80
-9.71
-5.56
-2.86
-6.39
-5.35
0.46
-3.48
-4.93
2.33
-0.37
-2.65
2.54
2.75
0.46
2.75
4.82
2.33
2.54
6.69
4.62
3.99
5.86
9.39
7.52
8.77
14.79
12.09
11.68
16.24
15.83
13.75
17.07
18.11
15.00
18.53
18.73
15.20
18.32
17.70
14.79
18.11
19.36
15.83
20.19
20.81
16.87
20.19
22.89
18.53
19.98
24.13
19.36
18.94
24.13
19.15
16.87
23.09
18.73
15.41
20.81
18.53
15.20
17.49
16.24
13.34
10.84
8.98
7.73
5.45
4.20
3.16
1.50
-0.16
-0.37
-2.03
-3.48
-3.27
-4.52
-5.97
-5.97
-6.59
-8.25
-8.67
-9.50
-10.54
-11.37
-11.99
-13.03
-13.86
-14.27
-15.31
-15.94
-16.56
-17.18
-8.88
-9.92
-11.99
-5.76
-5.35
-8.46
-4.52
-2.03
-5.56
-4.10
0.88
-2.86
-3.89
3.37
0.05
-1.82
3.79
3.16
0.88
0.88
0.88
0.88
0.88
0.88
0.88
0.88
0.88
0.88
0.88
0.88
0.88
0.88
0.88
0.88
0.88
0.88
0.88
0.88
0.88
0.88
0.88
0.88
0.88
0.88
0.88
0.88
0.88
0.88
0.88
0.88
0.88
0.88
0.88
0.88
0.88
0.88
0.88
0.88
0.88
0.88
0.88
0.88
0.88
0.88
0.88
0.88
0.88
0.88
0.88
0.88
0.88
0.88
0.88
0.88
0.88
0.88
0.88
0.88
0.88
0.88
-4.73
-6.59
-7.01
-7.22
-8.67
-9.71
-9.71
-11.16
-11.99
-12.61
-13.65
-14.48
-14.90
-15.73
-16.56
-16.97
-17.60
-11.99
-8.67
-11.16
-8.25
-3.89
-7.42
-7.22
-0.37
-4.31
-5.97
1.30
-1.40
-3.89
1.71
1.71
-0.78
1.92
4.20
1.30
1.92
6.90
4.20
3.99
7.32
8.56
7.32
9.60
14.17
10.84
10.84
16.87
13.34
12.09
17.28
13.96
12.09
16.24
13.75
12.51
17.70
15.00
13.96
18.53
15.83
14.79
21.02
17.70
15.41
22.26
19.98
16.66
23.09
21.22
17.49
22.06
21.64
17.28
19.77
21.43
17.07
17.49
20.81
16.66
14.58
20.60
16.66
13.54
11.47
10.01
7.94
06.07
05.03
3.58
1.71
01.09
0.05
-1.82
-2.23
-2.65
-4.31
-5.14
-5.14
-6.59
-7.63
-7.42
-9.08
-10.12
-10.12
-10.12
-10.12
-10.12
-10.12
-10.12
-10.12
-10.12
-10.12
-10.12
-10.12
-10.12
-10.12
-10.12
-10.12
-10.12
-10.12
-10.12
-10.12
-10.12
-10.12
-10.12
-10.12
-10.12
-10.12
-10.12
-10.12
-10.12
-10.12
-10.12
-10.12
-10.12
-10.12
-10.12
-10.12
-10.12
-10.12
-10.12
-10.12
10.84
11.68
16.45
12.51
12.71
16.66
12.71
12.92
16.66
13.34
14.58
17.90
14.17
15.00
19.77
16.03
16.87
21.85
18.11
17.90
23.92
19.77
17.70
24.55
20.39
17.07
23.09
20.39
16.45
21.02
19.98
16.24
17.70
19.77
16.03
15.41
19.98
16.45
13.54
11.47
9.81
7.94
06.07
05.03
3.58
1.71
1.30
0.05
-1.61
-1.82
-2.44
-4.31
-4.52
-4.93
-6.59
-7.22
-7.63
-8.88
-9.92
-10.12
-11.37
-12.20
-12.82
-13.65
-14.69
-15.31
-15.94
-14.27
-11.99
-13.86
-8.46
-6.39
-9.29
-6.39
-2.23
-5.76
-5.76
0.88
-3.06
-4.93
2.13
-0.57
-2.65
2.33
1.92
-0.37
1.71
5.45
2.96
2.96
6.90
5.45
5.45
8.77
11.26
9.18
11.26
16.03
12.51
12.92
17.90
13.75
12.71
17.28
14.17
13.96
18.53
14.79
14.37
19.56
16.24
15.83
21.43
18.32
17.07
23.51
20.39
17.90
24.55
21.85
18.32
23.51
22.26
18.11
21.22
21.64
17.70
18.11
21.64
17.49
16.24
20.60
17.07
14.79
18.94
16.66
13.96
11.47
10.22
8.35
6.49
5.65
4.20
2.13
1.71
0.88
-0.78
-1.61
-1.61
-3.48
-4.31
-4.52
-6.18
-7.22
-7.42
-8.46
-9.71
-9.92
-11.16
-11.99
-12.61
-13.44
-14.27
-14.90
-15.73
-11.37
-8.46
-11.37
-8.05
-4.10
-7.63
-6.39
-0.57
-4.52
-5.76
1.50
-1.82
-4.31
1.92
0.67
-1.82
1.30
2.54
0.26
1.30
05.03
2.54
2.75
06.07
7.32
6.28
8.77
12.92
9.81
10.22
16.03
12.51
11.47
16.66
13.75
12.92
18.11
14.79
13.54
18.94
16.03
15.00
20.39