-2.41
0.92
3.84
0.50
0.50
6.33
3.84
2.59
6.13
8.00
6.13
7.58
13.00
10.08
9.67
14.88
13.00
11.75
15.29
14.46
12.79
16.12
14.88
13.00
13.00
13.00
13.00
13.00
13.00
13.00
13.00
13.00
13.00
13.00
13.00
13.00
13.00
13.00
13.00
13.00
13.00
13.00
13.00
13.00
20.50
18.00
22.58
20.50
17.37
20.92
21.33
18.00
19.67
21.96
18.42
15.29
13.21
11.33
09.04
7.38
6.33
04.04
2.59
1.96
0.09
-1.37
-1.58
-3.04
-4.50
-4.91
-5.75
-7.00
-7.62
-8.25
-9.50
-10.33
-10.75
-12.00
-12.62
-13.45
-14.29
-14.91
-15.75
-16.37
-12.20
-12.83
-14.08
-7.83
-8.25
-10.33
-5.33
-3.87
-6.58
-4.71
0.09
-3.46
-4.08
2.59
-0.12
-2.21
3.00
3.63
0.92
3.21
6.75
4.67
4.67
9.25
9.67
8.21
9.88
15.29
12.38
12.17
17.37
14.67
13.21
16.12
15.29
13.42
16.33
15.08
13.63
16.96
16.96
14.88
17.58
19.46
16.96
18.21
21.96
19.25
19.25
24.46
20.92
19.25
25.08
21.75
18.83
23.21
22.17
18.62
21.33
22.17
18.83
18.00
21.33
19.04
19.04
19.04
19.04
19.04
19.04
19.04
19.04
19.04
19.04
19.04
19.04
19.04
19.04
19.04
-0.33
-0.75
-1.79
-3.46
-3.87
-4.71
-6.16
-6.79
-7.62
-8.87
-9.70
-10.12
-11.37
-12.20
-12.83
-13.66
-14.50
-15.12
-15.95
-14.91
-13.04
-14.29
-11.16
-7.20
-9.50
-9.08
-2.62
-5.95
-7.20
-0.33
-2.41
-4.91
0.71
1.34
-1.79
0.71
4.88
1.75
1.13
6.13
5.29
3.63
6.13
9.46
6.75
6.96
11.75
11.96
10.92
13.42
15.71
12.79
13.00
16.33
13.42
13.21
16.96
14.25
13.63
18.42
16.54
15.08
20.08
18.42
17.17
21.54
21.12
18.62
21.54
23.21
19.87
20.50
24.67
20.50
18.62
24.46
20.71
17.79
21.96
20.92
17.79
19.87
20.92
18.00
16.96
18.83
18.42
15.92
13.63
12.17
10.71
8.42
7.17
6.54
4.46
2.79
2.59
0.92
-0.75
-1.16
-2.21
-4.08
-4.29
-5.12
-5.12
-5.12
-5.12
-5.12
-5.12
-5.12
-5.12
-5.12
-5.12
-5.12
-5.12
-5.12
-5.12
-5.12
-5.12
-5.12
-5.12
-5.12
-5.12
-5.12
-2.21
-4.91
-7.20
-0.75
-1.37
-4.08
-0.33
2.59
-0.54
0.09
5.71
3.21
1.75
6.13
6.75
4.67
6.13
10.29
7.79
7.58
11.54
13.00
11.13
13.00
16.33
13.42
13.42
16.96
13.83
12.79
17.37
15.08
13.83
18.83
16.96
15.29
19.87
19.25
17.58
20.92
21.75
18.62
20.50
23.42
19.87
19.67
24.67
20.50
18.21
23.42
20.71
17.58
21.75
20.71
17.58
18.62
21.12
17.79
16.75
19.04
18.21
15.71
13.00
11.54
10.29
7.79
6.33
5.71
3.63
2.17
1.96
0.29
-1.37
-1.79
-2.83
-4.50
-4.91
-5.75
-7.20
-8.04
-8.45
-9.91
-10.75
-11.37
-12.41
-13.25
-13.66
-14.50
-15.33
-15.95
-16.79
-13.04
-10.12
-12.20
-10.12
-5.54
-8.25
-8.45
-1.79
-4.71
-6.79
-0.12
-1.16
-3.87
0.71
3.00
-0.12
1.13
5.71
3.00
2.17
7.38
6.13
4.46
6.75
11.75
8.83
8.83
13.63
12.79
11.75
14.25
15.08
13.00
14.25
16.33
14.04
14.88
18.42
15.92
16.12
20.71
17.79
16.96
21.96
19.04
17.79
23.00
21.12
19.04
23.62
22.79
19.67
22.37
24.04
19.87
20.50
24.46
19.87
18.00
23.62
20.29
17.37
20.92
20.50
17.58
19.25
19.87
17.37
14.88
12.58
11.33
9.46
7.17
6.54
5.29
3.00
1.96
1.13
-0.75
-1.79
-2.21
-3.87
-4.91
-5.12
-6.37
-7.62
-7.83
-8.87
-10.12
-10.75
-11.37
-12.41
-13.04
-13.87
-14.70
-15.54
-15.95
-16.58
-10.54
-10.75
-12.41
-7.00
-6.37
-8.66
-5.33
-2.21
-5.33
-4.71
1.34
-2.00
-3.46
3.21
1.75
-0.54
4.25
05.09
2.38
2.38
2.38
2.38
2.38
2.38
2.38
2.38
2.38
2.38
2.38
2.38
2.38
2.38
2.38
2.38
2.38
2.38
2.38
2.38
2.38
2.38
2.38
2.38
2.38
2.38
2.38
2.38
2.38
2.38
2.38
2.38
2.38
2.38
2.38
2.38
2.38
2.38
2.38
18.62
20.71
22.58
18.62
17.79
22.79
18.83
16.75
20.50
19.67
16.96
14.04
12.17
10.71
8.42
6.54
5.71
3.84
1.96
1.34
-0.12
-1.79
-2.41
-3.25
-4.91
-5.33
-5.75
-7.20
-8.25
-8.45
-9.70
-10.75
-11.16
-12.20
-13.04
-13.66
-14.50
-15.33
-15.95
-16.58
-14.29
-10.33
-12.20
-11.79
-5.33
-8.25
-9.50
-2.41
-4.29
-6.79
-1.16
-0.54
-3.46
-0.54
3.21
-0.33
-0.75
5.71
3.00
1.34
04.04
7.79
05.09
6.13
10.92
9.67
9.25
11.75
14.88
11.96
12.17
16.33
13.21
12.17
16.75
13.83
12.79
16.96
15.50
14.25
18.21
17.37
16.12
19.67
19.67
17.17
19.87
20.92
18.00
19.46
23.62
19.87
19.67
24.67
20.92
18.62
24.67
21.33
18.21
22.58
21.75
18.21
19.87
22.37
18.42
18.00
21.75
19.04
16.12
13.42
11.75
9.88
7.58
6.13
05.09
3.00
1.54
0.92
-0.75
-2.21
-2.21
-3.66
-5.12
-5.33
-5.95
-7.41
-8.04
-8.66
-9.91
-10.75
-11.37
-12.41
-13.25
-13.87
-14.70
-15.75
-16.37
-16.99
-12.00
-10.75
-12.62
-8.87
-5.95
-8.66
-7.00
-1.79
-5.12
-6.16
0.92
-1.79
-4.08
1.96
1.96
-0.75
2.79
05.09
2.38
1.75
6.96
4.88
3.63
4.67
9.25
7.79
7.58
12.58
12.38
10.92
13.42
15.29
12.79
13.42
16.96
13.83
13.42
18.21
14.88
14.04
18.83
16.12
14.88
19.46
16.96
15.29
19.04
18.62
16.75
20.71
21.33
18.21
20.08
23.21
19.46
19.25
24.25
19.87
17.79
23.83
20.29
16.96
21.75
20.50
17.58
19.04
21.12
17.79
14.88
12.38
12.38
12.38
12.38
12.38
12.38
12.38
12.38
12.38
12.38
12.38
12.38
12.38
12.38
12.38
12.38
12.38
12.38
12.38
12.38
12.38
12.38
12.38
12.38
12.38
12.38
12.38
12.38
12.38
12.38
12.38
12.38
12.38
12.38
12.38
-4.29
-3.25
-6.37
-3.46
0.50
-3.04
-3.25
3.63
0.92
-1.16
3.84
4.25
1.75
4.25
6.13
4.25
04.04
8.00
8.21
6.54
8.21
12.38
10.29
11.13
15.50
15.29
14.46
16.96
18.00
15.50
16.12
18.21
15.50
15.71
17.79
15.08
15.71
18.83
16.33
16.75
21.12
18.00
17.17
22.17
19.46
18.00
23.83
20.92
18.21
23.62
21.96
18.42
21.96
22.37
18.62
19.67
22.58
18.62
17.79
22.17
19.25
16.12
13.42
11.96
10.08
7.79
6.54
5.29
3.21
1.96
1.13
-0.75
-2.00
-2.21
-3.87
-5.12
-4.91
-6.37
-7.62
-8.04
-9.08
-10.33
-10.95
-11.58
-12.62
-13.45
-14.08
-14.91
-15.75
-16.37
-15.95
-9.70
-11.58
-13.04
-6.16
-7.62
-9.70
-4.08
-3.87
-6.79
-3.46
-0.33
-3.66
-2.83
3.21
-0.12
-1.37
5.29
3.63
1.34
5.50
6.75
04.04
04.04
09.04
7.58
6.54
10.50
11.54
9.46
10.92
16.12
13.21
12.79
17.37
15.08
13.83
16.75
15.08
14.04
16.12
15.50
14.46
17.58
16.33
14.88
18.62
16.96
15.08
19.67
19.04
16.54
21.12
20.92
18.00
21.54
22.37
18.62
20.50
23.00
18.83
18.62
23.00
18.62
16.96
22.17
19.25
16.33
14.88
13.42
11.33
9.25
8.00
6.75
4.67
3.63
2.59
0.50
-0.54
-1.16
-2.83
-4.08
-3.87
-5.33
-6.79
-6.79
-8.04
-9.50
-9.70
-10.54
-11.79
-12.41
-13.25
-14.29
-14.70
-15.54
-16.37
-16.99
-17.62
-16.99
-9.91
-11.58
-12.62
-5.75
-7.00
-9.29
-3.46
-3.25
-5.95
-2.41
0.50
-2.83
-1.79
04.04
0.71
-0.33
5.50
4.25
4.25
4.25
4.25
4.25
4.25
4.25
4.25
4.25
4.25
4.25
4.25
4.25
4.25
4.25
4.25
4.25
4.25
4.25
4.25
4.25
4.25
4.25
4.25
4.25
4.25
4.25
4.25
4.25
4.25
4.25
4.25
4.25
4.25
4.25
4.25
4.25
4.25
4.25
4.25
4.25
4.25
4.25
4.25
4.25
4.25
4.25
4.25
4.25
4.25
4.25
4.25
4.25
4.25
4.25
4.25
4.25
4.25
4.25
4.25
4.25
4.25
-5.12
-5.95
-7.62
-7.83
-8.45
-9.91
-10.54
-11.16
-12.20
-13.04
-13.87
-14.70
-15.54
-15.95
-16.79
-16.16
-15.33
-16.37
-9.91
-9.70
-11.58
-7.00
-5.33
-7.83
-5.54
-1.58
-4.50
-4.50
1.75
-1.58
-2.83
04.04
1.96
-0.12
4.46
5.29
2.59
04.04
9.25
6.54
6.33
11.54
10.29
9.25
11.96
14.46
11.75
12.58
16.12
12.79
12.38
15.71
13.00
12.79
15.50
13.00
13.00
15.08
13.21
14.04
17.17
14.67
15.08
19.67
16.96
16.33
21.75
18.83
17.37
23.42
20.08
17.37
23.21
20.71
17.17
21.75
20.92
16.96
19.67
21.12
17.17
17.58
20.92
17.37
14.04
11.96
10.08
7.79
5.92
4.67
3.00
1.13
0.71
-0.54
-2.41
-2.41
-3.46
-5.12
-5.54
-5.95
-7.62
-8.45
-8.87
-10.12
-10.12
-10.12
-10.12
-10.12
-10.12
-10.12
-10.12
-10.12
-10.12
-10.12
-10.12
-10.12
-10.12
-10.12
-10.12
-10.12
-10.12
-10.12
-10.12
-10.12
-10.12
-10.12
-10.12
-10.12
-10.12
-10.12
-10.12
-10.12
-10.12
-10.12
-10.12
-10.12
-10.12
-10.12
-10.12
-10.12
-10.12
-10.12
-10.12
13.83
11.54
13.42
14.46
11.96
12.58
14.46
12.17
13.83
14.25
12.38
14.25
15.71
13.63
15.92
17.37
15.50
18.00
20.08
17.37
19.04
22.58
19.04
18.83
24.04
20.08
18.21
23.83
20.08
16.96
22.37
20.29
16.54
21.12
20.29
16.75
18.83
19.87
16.75
13.42
11.54
9.88
7.38
5.92
4.88
2.79
1.34
0.92
-0.54
-2.21
-2.00
-3.25
-4.91
-5.33
-5.95
-7.62
-8.04
-8.66
-10.12
-10.75
-11.37
-12.41
-13.25
-13.87
-14.70
-15.75
-16.16
-16.99
-10.75
-11.79
-13.25
-7.41
-7.41
-9.70
-5.33
-3.46
-6.37
-3.87
0.09
-3.46
-3.04
3.21
-0.12
-1.79
4.46
3.21
1.34
4.67
7.38
4.67
5.50
10.92
8.21
7.79
12.17
12.38
11.13
13.63
15.50
13.00
13.63
16.54
13.63
14.04
15.50
13.00
14.04
16.54
14.25
15.08
17.58
15.50
16.96
20.08
17.58
18.42
23.00
20.08
19.04
24.87
21.33
18.83
24.87
21.75
18.42
23.42
21.75
18.42
20.92
21.75
18.21
18.42
22.37
18.83
17.58
16.96
14.88
12.38
10.50
9.25
7.58
5.71
05.09
3.42
1.75
1.34
0.29
-1.58
-1.79
-2.62
-4.29
-5.12
-5.54
-7.20
-8.04
-8.45
-9.70
-10.75
-11.16
-12.20
-13.04
-13.66
-14.50
-15.33
-15.95
-16.79
-11.16
-10.95
-12.20
-7.20
-6.16
-8.45
-5.12
-2.00
-5.12
-4.08
1.34
-2.00
-2.83
3.63
1.13
-0.96
4.88
4.25
1.75
3.42
8.21
5.50
5.29
10.29
9.25
8.42
11.33
13.63
11.13
12.38
15.92
12.79
13.00
15.92
13.21
13.63
16.75
14.46
14.67
17.17
15.29
16.12