-4.73
-6.59
-7.01
-7.22
-8.67
-9.71
-9.71
-11.16
-11.99
-12.61
-13.65
-14.48
-14.9
-15.73
-16.56
-16.97
-17.6
-11.99
-8.67
-11.16
-8.25
-3.89
-7.42
-7.22
-0.37
-4.31
-5.97
1.3
-1.4
-3.89
1.71
1.71
-0.78
1.92
4.2
1.3
1.92
6.9
4.2
3.99
7.32
8.56
7.32
9.6
14.17
10.84
10.84
16.87
13.34
12.09
17.28
13.96
12.09
16.24
13.75
12.51
17.7
15.0
13.96
18.53
15.83
14.79
21.02
17.7
15.41
22.26
19.98
16.66
23.09
21.22
17.49
22.06
25.36a
21.93a
25.36a
27.91a
24.31a
25.29a
28.9a
24.75a
22.38a
27.84a
23.14a
19.13a
16.12a
10.01
7.94
6.07
5.03
3.58
1.71
1.09
0.05
-1.82
-2.23
-2.65
-4.31
-5.14
-5.14
-6.59
-7.63
-7.42
-9.08
