-1.03
-2.49
-2.28
-3.95
-5.41
-5.62
-6.45
-7.92
-8.54
-9.38
-10.42
-11.25
-11.88
-12.92
-13.76
-14.38
-15.22
-15.85
-16.68
-17.31
-10.42
-11.05
-13.13
-7.92
-6.45
-9.38
-6.66
-2.28
-6.04
-6.25
1.06
-2.91
-5.2
2.31
0.85
-2.28
2.31
4.61
1.06
0.85
7.32
4.61
3.15
5.86
10.87
7.53
7.11
13.37
11.49
10.45
14.42
14.42
11.91
14.42
14.83
11.91
13.16
16.29
13.79
14.62
18.38
15.67
15.88
21.51
17.96
16.5
22.97
20.47
17.76
23.18
22.14
18.59
21.3
23.39
18.8
18.38
23.39
18.8
16.29
22.35
18.8
15.88
17.76
19.63
16.29
16.29b
16.29b
16.29b
16.29b
16.29b
16.29b
16.29b
16.29b
16.29b
16.29b
16.29b
16.29b
16.29b
16.29b
16.29b
16.29b
16.29b
16.29b
