-0.33
-0.75
-1.79
-3.46
-3.87
-4.71
-6.16
-6.79
-7.62
-8.87
-9.7
-10.12
-11.37
-12.2
-12.83
-13.66
-14.5
-15.12
-15.95
-14.91
-13.04
-14.29
-11.16
-7.2
-9.5
-9.08
-2.62
-5.95
-7.2
-0.33
-2.41
-4.91
0.71
1.34
-1.79
0.71
4.88
1.75
1.13
6.13
5.29
3.63
6.13
9.46
6.75
6.96
8.13a
7.51a
5.61a
7.29a
8.86a
5.37a
5.22a
8.42a
5.64a
5.79a
10.11a
8.12a
8.32a
13.97a
16.54
15.08
20.08
18.42
17.17
21.54
21.12
18.62
21.54
23.21
19.87
20.5
24.67
20.5
18.62
24.46
20.71
17.79
21.96
20.92
17.79
19.87
20.92
18.0
16.96
18.83
18.42
15.92
13.63
12.17
10.71
8.42
7.17
6.54
4.46
2.79
2.59
0.92
-0.75
-1.16
-2.21
-4.08
-4.29
