-7.6
0.28
-2.63
-5.32
1.11
0.9
-2.21
0.9
3.39
0.07
-0.76
4.63
2.14
0.28
1.93
4.42
2.35
2.97
6.91
5.46
5.87
8.36
12.3
10.64
11.68
17.9
14.58
13.75
19.35
16.65
14.58
18.93
16.86
14.37
18.1
17.28
14.58
18.93
19.35
15.82
20.59
20.38
13.76a
16.67a
18.51a
13.33a
14.02a
17.91a
12.81a
11.61a
17.41a
13.02a
10.45a
17.75a
14.58a
11.47a
16.67a
18.93
15.41
13.34
11.06
9.6
7.32
5.67
4.42
2.76
0.9
0.48
-1.17
-3.04
-3.46
-4.28
-5.94
-6.36
-6.56
-8.43
-8.84
-9.05
-10.5
-11.54
-11.75
-13.2
-14.03
-14.65
-15.48
-16.31
-16.93
-17.76
-18.59
-19.0
-19.42
-14.44
-9.47
-11.75
-10.09
-3.66
-6.98
-8.02
0.07
-2.83
-5.74
1.52
0.69
-2.63
1.11
4.01
0.69
0.48
5.67
3.18
1.52
4.63
4.01
2.56
4.42
8.15
5.67
5.87
10.43
10.43
9.6
13.13
16.03
12.92
14.17
17.9
14.17
14.58
17.69
14.17
14.79
18.31
14.58
16.03
19.14
14.99
15.62
19.76
16.03
16.65
22.04
17.69
16.65
23.49
19.35
16.45
23.29
19.97
15.82
22.46
19.97
15.62
19.97
19.97
15.41
16.65
19.56
15.62
12.09
9.4
7.53
5.46
3.18
2.56
0.69
-1.17
-2.0
-3.25
-5.11
-5.32
-5.94
-7.6
-7.81
-8.02
-9.67
-10.3
-10.71
-11.95
-12.99
-13.61
-14.65
-15.48
-15.89
-16.93
-17.76
-18.38
-19.21
-13.2
-11.33
-13.61
-9.47
-5.74
-8.84
-7.6
-1.8
-5.32
-6.36
1.31
-2.21
-4.49
2.76
1.31
-1.59
3.18
4.01
0.9
