16.45
20.39
19.56
16.45
18.94
18.73
16.24
15.41
17.7
16.03
13.75
12.3
11.26
9.39
7.52
6.9
5.03
3.16
2.75
1.3
-0.57
-0.78
-1.82
-3.69
-3.89
-4.31
-5.97
-6.39
-7.01
-8.46
-9.08
-9.5
-10.75
-11.58
-12.2
-13.24
-14.07
-14.48
-15.31
-16.14
-15.52
-15.94
-9.92
-7.42
-10.12
-6.8
-2.44
-6.18
-6.18
0.46
-3.27
-5.56
1.5
-0.57
-3.27
0.46
2.13
-0.57
-0.37
4.41
1.92
1.92
4.62
6.9
5.65
7.32
12.09
10.01
10.01
15.0
14.37
12.51
16.03
16.87
13.34
15.2
17.49
13.96
16.24
18.32
15.0
16.87
20.6
13.62a
13.16a
18.1a
13.7a
11.22a
17.55a
14.04a
10.68a
16.4a
14.41a
11.34a
14.65a
16.0a
12.66a
13.74a
17.11a
17.7
15.2
20.19
17.28
