16.45
20.39
19.56
16.45
18.94
18.73
16.24
15.41
17.7
16.03
13.75
12.3
11.26
9.39
7.52
6.9
5.03
3.16
2.75
1.3
-0.57
-0.78
-1.82
-3.69
-3.89
-4.31
-5.97
-6.39
-7.01
-8.46
-9.08
-9.5
-10.75
-11.58
-12.2
-13.24
-14.07
-14.48
-15.31
-16.14
-15.52
-15.94
-13.2e
-11.36e
-14.74e
-12.08e
-8.34e
-12.6e
-13.01e
-6.62e
-10.44e
-12.64e
-5.33e
-6.99e
-9.17e
-4.82e
-2.49e
-4.51e
-0.37
4.41
1.92
1.92
4.62
6.9
5.65
7.32
12.09
10.01
10.01
15.0
14.37
12.51
16.03
16.87
13.34
15.2
17.49
13.96
16.24
18.32
15.0
16.87
20.6
16.87
17.07
22.68
18.94
17.07
23.92
20.81
17.7
23.51
21.43
18.11
21.02
21.85
17.9
18.32
21.02
17.7
15.2
20.19
17.28
