-8.02
-9.05
-8.64
-10.09
-11.13
-11.33
-12.37
-13.61
-14.03
-15.06
-16.1
-16.72
-17.34
-18.38
-18.8
-19.42
-16.93
-9.88
-12.37
-12.16
-4.7
-7.6
-9.26
-1.17
-3.87
-6.77
0.07
-0.35
-3.87
0.28
3.18
-0.35
-0.14
5.46
2.35
0.9
5.46
4.01
2.76
6.29
8.57
6.08
6.91
12.3
10.02
8.98
14.79
13.34
11.47
15.41
14.79
12.3
19.03e
19.86e
17.82e
22.37e
21.02e
19.31e
23.81e
23.32e
20.7e
25.11e
23.71e
19.88e
24.66e
23.8e
15.62
19.76
21.42
17.07
19.14
22.25
17.69
17.48
22.46
17.69
15.82
22.04
17.69
14.37
20.38
17.69
13.75
11.68
10.02
7.74
5.46
4.22
2.56
0.69
-0.76
-1.38
-3.25
-4.28
-4.08
-5.74
-6.98
-6.56
-8.02
-9.26
-9.05
-10.3
-11.54
