20.5
18.0
22.58
20.5
17.37
20.92
21.33
18.0
19.67
21.96
18.42
15.29
13.21
11.33
9.04
7.38
6.33
4.04
2.59
1.96
0.09
-1.37
-1.58
-3.04
-4.5
-4.91
-5.75
-7.0
-7.62
-8.25
-9.5
-10.33
-10.75
-12.0
-12.62
-13.45
-14.29
-14.91
-15.75
-16.37
-12.2
-12.83
-14.08
-7.83
-8.25
-10.33
-5.33
-3.87
-6.58
-4.71
0.09
-3.46
-4.08
2.59
-0.12
-2.21
3.0
3.63
0.92
3.21
6.75
4.67
4.67
9.25
9.67
8.21
9.88
15.29
12.38
12.17
17.37
14.67
13.21
31.54a
31.54a
31.54a
31.54a
31.54a
31.54a
31.54a
31.54a
31.54a
31.54a
31.54a
31.54a
31.54a
31.54a
31.54a
31.54a
31.54a
31.54a
31.54a
31.54a
31.54a
31.54a
31.54a
31.54a
31.54a
31.54a
31.54a
31.54a
18.0
21.33
