9.81
16.03
12.71
11.06
16.03
13.34
11.68
16.45
13.54
12.09
16.03
13.54
12.3
18.31
14.99
13.13
19.97
17.48
14.79
21.63
19.76
16.24
22.46
21.01
16.86
21.42
21.42
17.07
19.35
21.84
17.07
16.86
21.42
17.48
15.2
20.18
16.86
13.13
10.43
8.98
7.12
5.04
4.01
2.35
0.48
-0.35
-1.38
-3.25
-3.87
-4.08
-5.74
-6.56
-6.36
-8.02
-9.26
-9.05
-10.3
-11.54
-11.75
-12.58
-13.82
-14.23
-15.06
-16.1
-16.72
-17.55
-18.59
-18.38
-19.0
-15.89
-9.26
-11.75
-10.92
-3.46
-6.56
-8.22
0.07
-2.63
-5.74
0.9
0.9
-2.42
-21.65a
-21.65a
0.07
0.69
5.25
2.14
1.52
5.67
5.87
4.42
6.91
10.23
7.74
8.57
14.79
12.09
11.47
17.07
14.58
12.71
17.48
15.2
12.92
16.86
14.99
13.13
18.1
15.62
13.34
19.35
17.69
14.79
20.8
20.18
16.65
22.04
22.25
18.31
21.21
23.08
18.73
19.35
23.7
18.73
17.28
22.25
18.52
15.2
19.97
18.31
14.58
18.52
18.73
14.58
11.68
9.81
7.74
5.46
4.22
3.18
1.11
-0.14
-0.35
-2.21
-3.46
-3.25
-4.7
-6.15
-5.94
-7.19
-8.84
-8.84
-9.88
-11.33
-11.75
-12.37
-13.82
-14.23
-15.06
-15.89
-16.72
-17.34
-18.17
-14.23
-15.69
-14.44
-6.56
-9.26
-10.09
-2.21
-4.91
-7.39
0.48
-0.97
-4.28
0.9
1.93
-1.59
-0.35
4.01
0.69
-0.14
4.01
2.35
1.31
4.84
6.29
4.42
5.46
11.26
8.78
8.15
14.37
12.51
11.26
16.24
15.2
12.71
16.65
15.41
13.13
17.69
16.03
13.34
18.1
17.48
