16.45
20.39
19.56
16.45
18.94
18.73
16.24
15.41
17.7
16.03
13.75
12.3
11.26
9.39
7.52
6.9
5.03
-0.07e
-1.36e
-3.69e
-6.38e
-7.26e
-8.73e
-10.75e
-10.8e
-10.79e
-11.78e
-11.38e
-11.12e
-8.46
-9.08
-9.5
-10.75
-11.58
-12.2
-13.24
-14.07
-14.48
-15.31
-16.14
-15.52
-15.94
-9.92
-7.42
-10.12
-6.8
-2.44
-6.18
-6.18
0.46
-3.27
-5.56
1.5
-0.57
-3.27
0.46
2.13
-0.57
-0.37
4.41
1.92
1.92
4.62
6.9
5.65
7.32
12.09
10.01
10.01
15.0
14.37
12.51
16.03
16.87
13.34
15.2
17.49
13.96
16.24
18.32
15.0
16.87
20.6
16.87
17.07
22.68
18.94
17.07
23.92
20.81
17.7
23.51
21.43
18.11
21.02
21.85
17.9
18.32
21.02
17.7
15.2
20.19
17.28
