14.83
12.54
10.87
14.62
13.16
11.08
14.21
12.33
11.08
14.0
13.37
12.12
15.67
14.62
13.16
18.59
17.55
15.25
20.26
20.26
17.13
21.3
22.35
18.38
20.68
23.18
18.59
18.59
23.39
18.38
16.5
22.35
18.17
14.83
20.89
19.01
15.04
16.71
14.21
11.49
9.2
7.74
6.28
4.19
2.94
2.1
0.22
-0.82
-1.03
-2.91
-4.16
-3.74
-5.41
-7.08
-6.87
-8.12
-9.38
-9.79
-10.63
-11.88
-12.3
-13.13
-14.18
-14.8
-15.43
-16.47
-17.1
-17.93
-17.31
-10.0
-12.09
-13.13
-5.62
-7.71
-10.0
-2.91
-3.95
-7.08
-1.86
-0.19
-3.95
-1.86
3.77
-0.4
-1.24
5.23
3.15
1.27
6.69
6.9
4.19
5.44
11.08
8.15
7.95
14.42
12.12
11.08
15.25
14.21
12.12
15.04
14.0
11.7
14.21
14.42
12.75
15.25
15.04
13.58
17.34
17.34
15.25
19.22
20.47
17.34
20.47
23.18
19.42
20.68
24.64
20.26
19.22
24.85
20.26
16.92
23.39
20.26
16.29
21.93
20.47
16.29
19.42
20.26
16.71
13.58
12.12
10.87
8.57
7.32
6.69
4.61
3.15
2.73
1.06
-0.61
-0.4
-2.07
-3.74
-3.74
1.11e
1.56e
3.23e
4.08e
3.56e
2.94e
1.58e
-1.57e
-4.29e
-12.92
-13.97
-14.8
-15.22
-16.26
-16.89
-17.31
-17.1
-9.38
-11.05
-12.51
-4.99
-6.45
-8.96
-2.91
-2.49
-5.83
-2.07
1.27
-2.91
-1.65
4.61
0.43
-1.03
5.23
4.19
1.69
4.82
7.74
5.02
5.44
12.12
9.62
8.78
13.37
12.75
10.66
14.0
14.0
11.49
13.37
14.62
12.54
14.83
15.25
13.37
16.09
16.71
14.62
