-2.21
-4.91
-7.2
-0.75
-1.37
-4.08
-0.33
2.59
-0.54
0.09
5.71
3.21
1.75
6.13
6.75
4.67
6.13
10.29
7.79
7.58
11.54
13.0
11.13
13.0
16.33
13.42
13.42
16.96
13.83
12.79
17.37
15.08
13.83
18.83
16.96
15.29
19.87
19.25
17.58
20.92
21.75
18.62
20.5
23.42
19.87
19.67
24.67
20.5
18.21
23.42
20.71
17.58
21.75
20.71
17.58
18.62
21.12
17.79
16.75
19.04
18.21
15.71
13.0
11.54
10.29
7.79
6.33
5.71
3.63
2.17
1.96
0.29
-1.37
-1.79
-2.83
-4.5
-4.91
-5.75
-7.2
-8.04
-8.45
-9.91
-10.75
-11.37
-12.41
-13.25
-13.66
-14.5
-15.33
-15.95
-16.79
-13.04
-10.12
-12.2
-10.12
-5.54
-8.25
-8.45
-1.79
-4.71
-6.79
-0.12
-1.16
-3.87
0.71
3.0
-0.12
1.13
5.71
3.0
2.17
7.38
6.13
4.46
6.75
11.75
8.83
8.83
13.63
12.79
11.75
14.25
15.08
13.0
14.25
16.33
14.04
14.88
18.42
15.92
16.12
20.71
17.79
16.96
21.96
19.04
17.79
23.0
21.12
19.04
23.62
22.79
19.67
22.37
24.04
19.87
20.5
24.46
19.87
18.0
23.62
20.29
17.37
20.92
20.5
17.58
19.25
19.87
17.37
14.88
12.58
11.33
9.46
7.17
6.54
5.29
3.0
1.96
1.13
-0.75
-1.79
-2.21
-3.87
-4.91
-5.12
-25.37b
-25.37b
-7.83
-8.87
-10.12
-10.75
-11.37
-12.41
-13.04
-13.87
-14.7
-15.54
-15.95
-16.58
-10.54
-10.75
-12.41
-7.0
-6.37
-8.66
-5.33
-2.21
-5.33
-4.71
1.34
-2.0
-3.46
3.21
1.75
-0.54
4.25
5.09
