20.18
20.59
17.07
15.82
19.76
16.65
14.17
19.56
17.07
13.96
12.3
10.64
8.57
6.5
5.46
3.8
1.73
5.32a
5.59a
5.23a
5.8a
5.86a
4.0a
2.69a
1.29a
-1.87a
-8.64
-8.43
-9.88
-10.92
-10.92
-12.16
-13.41
-13.82
-14.86
-15.69
-16.31
-17.14
-17.76
-18.59
-19.0
-15.06
-9.26
-11.75
-11.13
-3.66
-6.56
-8.43
-0.35
-2.42
-5.53
0.48
0.69
-2.83
-0.14
3.18
-0.35
-1.17
4.42
1.73
0.28
3.8
5.87
3.8
4.84
9.4
9.4
8.98
13.13
14.79
12.51
13.75
17.48
13.54
13.75
18.52
14.37
13.13
18.31
15.2
14.37
19.97
16.65
14.99
21.42
18.73
16.24
22.25
21.42
17.9
22.04
23.08
18.73
19.97
23.29
18.93
16.86
22.87
18.93
15.82
19.35
17.48
14.79
