-5.97
-5.35
0.46
-3.27
-4.93
2.13
-0.16
-2.44
1.5
2.54
0.05
0.46
3.99
2.13
1.92
4.41
3.99
3.16
4.82
9.39
8.35
9.18
13.54
14.37
12.71
14.79
18.94
15.0
15.0
20.39
16.45
15.62
20.81
17.7
16.24
21.64
17.9
16.45
21.64
18.73
16.45
22.89
21.02
17.7
23.51
22.47
18.53
22.68
23.09
18.94
20.19
23.09
18.53
17.28
22.68
18.11
15.2
20.39
17.9
15.0
12.71
11.47
9.81
7.94
6.49
5.65
3.79
2.33
1.71
0.05
-1.4
-1.4
-2.86
-4.31
-4.31
-5.35
-6.8
-7.01
-7.63
-9.08
-9.92
-10.54
-11.58
-12.41
-13.03
-14.07
-14.69
-15.31
-16.14
-13.65
-12.82
-14.48
-7.63
-6.8
-9.71
-5.56
-2.86
-6.39
-5.35
0.46
-3.48
-4.93
2.33
-0.37
-2.65
2.54
2.75
0.46
2.75
4.82
2.33
2.54
6.69
4.62
3.99
5.86
9.39
7.52
8.77
14.79
12.09
11.68
16.24
15.83
13.75
17.07
18.11
15.0
18.53
18.73
15.2
18.32
17.7
14.79
18.11
19.36
15.83
20.19
20.81
16.87
20.19
22.89
22.94e
25.58e
30.94e
27.29e
27.78e
33.56e
28.79e
26.3e
31.93e
26.66e
22.22e
26.41e
18.53
15.2
17.49
16.24
13.34
10.84
8.98
7.73
5.45
4.2
3.16
1.5
-0.16
-0.37
-2.03
-3.48
-3.27
-4.52
-5.97
-5.97
-6.59
-8.25
-8.67
-9.5
-10.54
-11.37
-11.99
-13.03
-13.86
-14.27
-15.31
-15.94
-16.56
-17.18
-8.88
-9.92
-11.99
-5.76
-5.35
-8.46
-4.52
-2.03
-5.56
-4.1
0.88
-2.86
-3.89
3.37
0.05
-1.82
3.79
3.16
