13.83
11.54
13.42
14.46
11.96
12.58
14.46
12.17
13.83
14.25
12.38
14.25
15.71
13.63
15.92
17.37
15.5
18.0
20.08
17.37
19.04
22.58
19.04
18.83
24.04
20.08
18.21
23.83
20.08
16.96
22.37
20.29
16.54
21.12
20.29
16.75
18.83
19.87
16.75
13.42
11.54
9.88
7.38
5.92
4.88
2.79
1.34
0.92
-0.54
-2.21
-2.0
-3.25
-4.91
-5.33
-5.95
-7.62
-8.04
-8.66
-10.12
-10.75
-11.37
-12.41
-13.25
-13.87
-14.7
-15.75
-16.16
-16.99
-10.75
-11.79
-13.25
-7.41
-7.41
-9.7
-5.33
-3.46
-6.37
-3.87
0.09
-3.46
-3.04
3.21
-0.12
-1.79
4.46
3.21
1.34
4.67
7.38
4.67
5.5
10.92
8.21
7.79
12.17
12.38
11.13
13.63
15.5
13.0
13.63
16.54
13.63
14.04
15.5
13.0
14.04
16.54
14.25
15.08
17.58
15.5
16.96
20.08
17.58
18.42
23.0
20.08
19.04
24.87
21.33
18.83
24.87
21.75
18.42
23.42
21.75
18.42
20.92
21.75
18.21
18.42
22.37
36.52b
36.52b
36.52b
36.52b
36.52b
36.52b
36.52b
36.52b
36.52b
36.52b
36.52b
36.52b
36.52b
36.52b
36.52b
36.52b
36.52b
36.52b
36.52b
36.52b
36.52b
36.52b
36.52b
36.52b
36.52b
36.52b
36.52b
36.52b
36.52b
36.52b
-15.33
-15.95
-16.79
-11.16
-10.95
-12.2
-7.2
-6.16
-8.45
-5.12
-2.0
-5.12
-4.08
1.34
-2.0
-2.83
3.63
1.13
-0.96
4.88
4.25
1.75
3.42
8.21
5.5
5.29
10.29
9.25
8.42
11.33
13.63
11.13
12.38
15.92
12.79
13.0
15.92
13.21
13.63
16.75
14.46
14.67
17.17
15.29
16.12
