-2.28
-3.53
-6.87
-1.86
0.43
-3.53
-1.45
4.19
0.43
-0.61
5.23
3.15
0.85
4.4
6.9
3.56
3.56
6.69
8.36
7.32
9.82
15.04
11.7
12.12
17.96
15.04
14.0
17.76
16.92
14.83
16.92
17.76
15.25
17.34
18.17
15.46
17.96
18.59
15.46
17.34
20.26
17.13
19.22
22.97
18.8
18.59
24.64
20.26
17.76
24.64
20.47
16.71
22.76
20.68
16.5
20.26
20.89
16.71
17.76
19.42
16.09
12.75
10.24
8.99
6.9
5.02
3.98
2.52
0.64
-0.19
-1.03
-3.11
-3.74
-4.16
-5.83
-6.87
-6.87
-8.33
-9.38
-9.79
-10.84
-12.09
-12.51
-13.34
-14.38
-15.01
-15.64
-16.47
-17.31
-17.93
-15.43
-9.79
-12.3
-12.51
-4.78
-8.12
-10.0
-2.28
-4.58
-7.5
-1.45
-0.61
-4.37
-1.03
3.56
-0.61
-1.03
6.69
3.35
1.06
5.23
7.11
3.98
5.23
8.99
6.9
6.49
11.7
12.75
10.45
12.75
16.92
12.95
12.75
17.96
14.21
13.58
18.17
14.83
14.21
17.76
14.21
14.0
16.92
14.42
14.21
19.42
16.5
15.46
21.3
18.38
16.5
23.39
20.26
17.13
23.39
21.3
17.34
21.51
21.3
16.92
19.22
21.51
16.92
16.92
21.51
17.55
14.0
11.7
10.24
8.36
6.49
5.44
3.98
1.89
1.27
0.02
1.58e
1.48e
1.83e
0.68e
0.51e
1.06e
-0.01e
-1.05e
-1.05e
-2.72e
-4.16e
-5.12e
-6.84e
-8.61e
-10.0e
-15.01
-15.85
-16.26
-17.1
-17.93
-15.01
-16.47
-13.97
-8.33
-11.05
-11.05
-3.95
-7.08
-9.17
-1.24
-3.53
-6.66
-0.4
0.22
-3.32
0.22
4.19
0.22
0.85
