-8.02
-9.05
-8.64
-10.09
-11.13
-11.33
-12.37
-13.61
-14.03
-15.06
-16.1
-16.72
-17.34
-18.38
-18.8
-19.42
-16.93
-9.88
-12.37
-12.16
-4.7
-7.6
-9.26
-1.17
-3.87
-6.77
0.07
-0.35
-3.87
0.28
3.18
-0.35
-0.14
5.46
2.35
0.9
5.46
4.01
2.76
6.29
8.57
6.08
6.91
12.3
10.02
8.98
14.79
13.34
11.47
15.41
14.79
12.3
15.41
15.41
12.51
16.24
14.17
11.89
16.03
15.41
12.92
17.69
16.86
17.4a
23.84a
24.71a
21.8a
26.67a
28.91a
24.92a
27.12a
30.1a
25.18a
24.39a
28.64a
23.05a
20.31a
22.04
17.69
14.37
20.38
17.69
13.75
11.68
10.02
7.74
5.46
4.22
2.56
0.69
-0.76
-1.38
-3.25
-4.28
-4.08
-5.74
-6.98
-6.56
-8.02
-9.26
-9.05
-10.3
-11.54
