18.53
22.47
18.11
15.83
20.81
17.7
15.0
18.32
17.07
15.0
12.92
11.47
10.43
8.77
6.69
6.07
4.41
2.75
1.71
0.88
-1.2
-1.82
-2.44
-4.1
-4.93
-4.52
-5.97
-7.22
-7.01
-8.46
-9.71
-10.12
-10.75
-12.2
-12.41
-13.24
-14.27
-14.9
-15.52
-16.14
-9.5
-11.78
-12.41
-4.93
-7.01
-9.5
-2.86
-3.48
-6.39
-3.06
0.05
-3.48
-3.06
2.54
-0.78
-2.23
2.96
1.3
-0.16
2.54
4.41
2.13
3.16
6.28
7.52
-16.92a
-16.92a
-16.92a
-16.92a
-16.92a
-16.92a
-16.92a
-16.92a
-16.92a
-16.92a
-16.92a
-16.92a
-16.92a
-16.92a
-16.92a
-16.92a
-16.92a
-16.92a
-16.92a
-16.92a
-16.92a
-16.92a
-16.92a
-16.92a
-16.92a
20.19
18.11
24.96
21.43
18.11
23.92
22.06
17.9
20.81
21.85
17.7
17.28
21.43
17.49
15.0
19.56
17.07
14.79
12.51
11.05
9.81
7.94
6.28
5.45
3.58
1.92
1.5
-0.16
-1.61
-1.61
-2.65
-4.52
-4.52
-4.73
-6.59
-7.01
-7.42
-8.88
-9.92
-10.12
-11.37
-12.2
-12.82
-13.44
-14.48
-15.31
-15.94
-12.82
-9.29
-11.99
-9.92
-4.31
-7.84
-8.25
-1.2
-4.73
-7.01
0.26
-1.61
-4.73
-0.16
1.5
-1.82
-1.2
3.79
1.09
0.05
2.75
2.33
1.3
2.75
6.49
4.41
5.03
7.73
9.39
8.56
9.81
14.58
11.68
11.05
16.66
13.13
11.47
17.07
14.17
12.3
17.28
15.83
13.34
17.49
18.32
15.41
19.36
21.22
17.07
19.77
22.68
18.32
19.15
24.75
19.77
17.9
24.55
20.6
16.87
22.68
20.39
16.66
19.56
19.98
16.45
16.45
19.15
16.45
13.96
11.88
