18.62
20.71
22.58
18.62
17.79
22.79
18.83
16.75
20.5
19.67
16.96
14.04
12.17
10.71
8.42
6.54
5.71
3.84
1.96
1.34
-0.12
-1.79
-2.41
-3.25
-4.91
-5.33
-5.75
-7.2
-8.25
-8.45
-9.7
-10.75
-11.16
-12.2
-13.04
-13.66
-14.5
-15.33
-15.95
-16.58
-14.29
-10.33
-12.2
-11.79
-5.33
-8.25
-9.5
-2.41
-4.29
-6.79
-1.16
-0.54
-3.46
-0.54
3.21
-0.33
-0.75
5.71
3.0
1.34
4.04
7.79
5.09
6.13
10.92
9.67
9.25
11.75
14.88
11.96
12.17
16.33
13.21
12.17
16.75
13.83
12.79
16.96
15.5
14.25
18.21
17.37
16.12
19.67
19.67
17.17
19.87
20.92
18.0
19.46
23.62
19.87
19.67
24.67
20.92
18.62
24.67
21.33
18.21
22.58
21.75
18.21
19.87
22.37
18.42
18.0
21.75
19.04
16.12
13.42
11.75
9.88
7.58
6.13
5.09
3.0
1.54
0.92
-0.75
-2.21
-2.21
-3.66
-5.12
-5.33
-5.95
-7.41
-8.04
-8.66
-9.91
-10.75
-11.37
-12.41
-13.25
-13.87
-14.7
-15.75
-16.37
-16.99
-12.0
-10.75
-12.62
-8.87
-5.95
-8.66
-7.0
-1.79
-5.12
-6.16
0.92
-1.79
-4.08
1.96
1.96
-0.75
2.79
5.09
2.38
1.75
6.96
4.88
3.63
4.67
9.25
7.79
7.58
12.58
12.38
10.92
13.42
15.29
12.79
13.42
16.96
13.83
41.07a
41.07a
41.07a
41.07a
41.07a
41.07a
41.07a
41.07a
41.07a
41.07a
41.07a
41.07a
41.07a
41.07a
41.07a
41.07a
41.07a
41.07a
41.07a
41.07a
41.07a
41.07a
41.07a
41.07a
41.07a
41.07a
41.07a
41.07a
41.07a
19.04
21.12
17.79
14.88
