-8.02
-9.05
-8.64
-10.09
-11.13
-11.33
-12.37
-13.61
-14.03
-15.06
-16.1
-16.72
-17.34
-18.38
-18.8
-19.42
-16.93
-9.88
-12.37
-12.16
-4.7
-7.6
-9.26
-1.17
-3.87
-6.77
0.07
-0.35
-3.87
0.28
3.18
-0.35
-0.14
5.46
2.35
0.9
5.46
4.01
2.76
6.29
8.57
6.08
6.91
12.3
10.02
8.98
14.79
17.49a
16.74a
21.81a
22.24a
20.61a
24.27a
24.47a
21.37a
24.55a
21.62a
18.29a
21.3a
15.41
12.92
17.69
16.86
13.75
19.35
19.35
15.62
19.76
21.42
17.07
19.14
22.25
17.69
17.48
22.46
17.69
15.82
22.04
17.69
14.37
20.38
17.69
13.75
11.68
10.02
7.74
5.46
4.22
2.56
0.69
-0.76
-1.38
-3.25
-4.28
-4.08
-5.74
-6.98
-6.56
-8.02
-9.26
-9.05
-10.3
-11.54
