20.47
16.71
20.89
21.09
16.92
17.76
21.51
17.55
16.29
19.22
16.5
13.58
10.87
8.99
7.74
5.44
3.77
2.94
1.06
-0.61
-1.03
-2.49
-4.16
-4.16
-5.2
-6.87
-6.87
-7.5
-8.96
-9.79
-10.21
-11.67
-12.51
-12.72
-13.76
-14.8
-15.22
-16.05
-16.89
-17.52
-18.14
-13.13
-10.42
-12.72
-10.0
-4.99
-8.33
-8.54
-1.03
-4.78
-7.08
18.09b
18.09b
18.09b
18.09b
18.09b
18.09b
18.09b
18.09b
18.09b
18.09b
18.09b
18.09b
18.09b
6.28
12.95
10.66
9.62
13.79
14.0
11.49
13.58
16.09
12.54
13.16
16.5
13.16
12.75
17.13
14.0
13.16
17.96
15.46
14.62
19.84
18.17
16.5
21.72
20.89
17.76
21.72
22.76
18.8
20.89
24.43
19.42
18.59
24.43
19.63
16.71
22.76
19.84
16.09
20.47
20.26
16.5
17.96
18.17
15.25
12.33
9.82
8.36
6.69
4.4
3.35
2.1
0.22
-0.82
-1.24
-3.11
-4.16
-3.95
-5.41
-6.87
-6.66
-7.92
-9.38
-9.79
-10.42
-11.88
-12.3
-13.13
-13.97
-14.8
-15.43
-16.47
-17.31
-17.93
-17.93
-10.21
-11.46
-13.34
-6.25
-6.25
-9.17
-4.99
-1.86
-5.83
-4.78
1.69
-2.28
-3.74
3.77
1.27
-1.24
3.56
5.02
1.48
1.48
6.07
5.65
3.98
6.49
10.03
7.32
7.32
13.16
11.29
10.24
14.42
13.58
11.29
14.21
14.62
11.91
13.79
15.88
12.54
13.16
16.71
13.58
14.21
19.42
16.5
15.67
21.72
18.38
16.09
21.93
20.68
17.34
22.14
22.35
18.17
20.47
23.39
18.59
17.55
23.39
18.59
15.46
21.51
19.22
15.88
18.17
16.09
13.58
