-2.0
-3.87
-4.7
-4.91
-6.15
-7.6
-7.6
-8.84
-10.09
-10.71
-11.54
-12.58
-13.41
-13.82
-15.06
-11.44a
-10.68a
-10.14a
-9.78a
-9.6a
-8.69a
-0.48a
-2.52a
-5.58a
0.72a
-5.32
-8.22
-3.66
-1.17
-4.91
-3.46
2.35
-1.38
-3.46
4.01
1.73
-1.17
2.56
4.01
1.11
1.11
5.67
3.8
3.18
5.04
8.98
6.7
7.32
14.37
11.47
11.06
16.45
14.37
11.89
16.03
15.82
12.92
16.24
16.86
14.17
17.07
19.35
16.03
17.28
22.25
18.31
17.28
23.91
20.18
17.69
23.91
21.21
17.69
21.84
22.04
17.9
19.14
21.42
17.48
14.99
19.97
17.07
14.37
16.86
14.99
13.34
11.47
11.06
10.02
7.95
5.87
5.46
4.01
1.93
1.73
0.9
-1.17
-2.0
-2.42
-4.28
-5.32
-5.32
-6.77
