20.18
20.59
17.07
15.82
19.76
16.65
14.17
19.56
17.07
13.96
12.3
10.64
8.57
6.5
5.46
3.8
1.73
1.11
-0.14
-2.0
-2.63
-3.25
-5.11
-5.74
-5.94
-7.6
-8.64
-8.43
-9.88
-10.92
-10.92
-12.16
-13.41
-13.82
-14.86
-15.69
-16.31
-17.14
-17.76
-18.59
-19.0
-15.06
-9.26
-11.75
-11.13
-3.66
-6.56
-8.43
-0.35
-2.42
-5.53
0.48
-20.31a
-20.31a
-20.31a
-20.31a
-20.31a
-20.31a
-20.31a
-20.31a
-20.31a
-20.31a
-20.31a
-20.31a
-20.31a
-20.31a
-20.31a
-20.31a
-20.31a
-20.31a
-20.31a
-20.31a
-20.31a
-20.31a
-20.31a
-20.31a
-20.31a
-20.31a
-20.31a
-20.31a
-20.31a
19.97
16.65
14.99
21.42
18.73
16.24
22.25
21.42
17.9
22.04
23.08
18.73
19.97
23.29
18.93
16.86
22.87
18.93
15.82
19.35
17.48
14.79
