-7.39
-4.7
-0.35
-4.08
-4.28
2.97
-0.55
-3.04
4.01
2.56
-0.14
2.76
5.04
1.93
1.52
6.08
5.04
3.8
5.46
10.02
7.53
27.74a
14.79
12.3
11.47
16.24
15.41
12.51
15.82
16.24
12.92
15.82
18.31
15.2
16.45
20.18
16.45
16.86
22.87
18.93
16.86
23.91
20.18
17.48
23.08
21.84
17.69
21.21
21.84
17.48
17.48
22.04
17.69
15.2
19.56
17.07
14.17
17.28
15.2
13.34
11.26
9.6
8.36
6.7
4.84
4.42
3.18
1.11
0.9
0.07
-2.0
-2.63
-3.04
-4.91
-5.74
-5.94
-7.39
-8.64
-8.84
-9.88
-11.13
-11.54
-12.58
-13.82
-14.44
-15.06
-16.1
-16.72
-17.14
-18.17
-17.76
-17.76
-18.17
-9.26
-9.67
-11.75
-5.11
-4.08
-7.39
-3.66
-0.14
-3.87
-3.25
3.39
-0.35
-2.42
4.84
2.56
-0.14
2.76
4.84
1.93
2.14
6.08
5.46
5.25
8.78
11.06
8.98
9.6
15.62
12.51
11.68
17.28
14.17
12.51
17.69
16.03
14.17
19.35
18.52
16.03
19.97
20.38
17.07
19.56
22.25
18.31
19.56
24.53
19.97
18.52
25.36
20.59
17.69
23.7
21.01
17.07
21.21
21.21
17.07
18.52
20.18
16.65
14.17
18.93
15.82
13.34
11.06
9.6
8.36
6.29
4.84
4.42
2.56
0.9
0.69
-0.97
-2.83
-3.04
-4.08
-5.94
-5.94
-6.56
-8.22
-8.84
-8.84
-10.5
-11.33
-11.54
-12.78
-13.82
-14.23
-15.06
-15.89
-16.72
-17.14
-18.17
-16.51
-17.34
-15.06
-7.6
-10.09
-10.71
-2.63
-5.32
-7.6
0.07
-0.97
-4.49
0.28
2.56
-1.17
-0.76
5.25
1.73
0.07
