23.18
18.59
17.55
22.97
18.8
16.09
20.47
18.59
15.67
17.96
17.13
14.42
11.29
9.82
8.15
5.65
4.61
3.56
1.48
0.22
-0.4
-2.28
-3.53
-3.53
-5.2
-6.25
-6.25
-7.71
-8.96
-9.17
-10.0
-11.25
-11.88
-12.51
-13.55
-14.38
-15.01
-15.64
-16.47
-17.1
-15.64
-9.58
-12.3
-13.13
-5.41
-7.92
-10.21
-3.11
-4.16
-7.08
-2.7
-0.19
-4.16
-2.7
3.15
-3.53e
-5.5e
0.02e
-2.35e
-5.24e
-1.5e
0.77e
-2.36e
-1.29e
5.2e
4.95e
4.19e
7.23e
15.25
11.7
12.12
17.34
13.58
12.54
16.5
13.16
12.12
16.71
14.42
13.16
17.96
16.5
14.42
19.22
19.01
16.71
20.68
21.51
18.8
20.89
24.22
19.63
19.42
24.85
20.26
17.55
23.81
20.05
16.5
20.47
20.89
16.92
18.8
