-4.1
-6.8
-2.03
-0.78
-4.31
-2.86
2.33
-1.4
-2.23
4.2
1.92
0.05
2.75
4.62
2.54
3.16
6.28
5.45
5.45
9.18
11.05
9.18
10.01
15.62
12.3
11.26
17.07
14.17
12.51
17.9
15.62
12.92
17.49
17.07
15.0
18.94
19.98
16.66
18.73
32.93a
18.11
18.53
23.92
19.36
17.49
23.92
20.19
16.87
21.85
20.39
16.66
18.53
20.19
16.66
16.24
18.73
15.83
13.75
17.07
15.62
13.96
12.09
10.84
10.01
7.94
6.49
6.07
4.2
2.54
2.54
1.09
-0.57
-0.99
-1.82
-3.69
-4.31
-4.31
-6.18
-6.8
-7.22
-8.46
-9.71
-10.12
-11.16
-12.2
-12.61
-13.44
-14.48
-14.9
-15.73
-15.52
-8.88
-11.58
-11.58
-4.31
-7.42
-9.29
-1.82
-3.89
-6.59
-1.2
-0.78
-4.1
-1.61
2.54
-0.99
-1.61
4.62
1.92
0.46
3.37
4.2
2.75
4.41
7.73
5.86
6.49
10.64
11.88
10.01
12.3
16.03
12.71
13.54
18.32
14.37
13.96
18.73
15.2
13.75
19.77
16.87
15.41
21.43
19.77
17.49
22.47
21.85
18.32
21.43
23.3
19.36
20.39
24.75
19.77
18.32
24.13
19.77
16.45
22.26
19.36
16.24
18.53
19.15
16.03
15.0
17.9
15.62
13.54
11.68
10.64
9.6
7.52
6.49
5.65
3.58
2.33
2.13
0.05
-1.2
-1.4
-2.86
-4.31
-4.1
-4.93
-6.59
-6.8
-7.63
-9.08
-9.71
-10.12
-11.16
-11.99
-12.61
-13.44
-14.48
-14.9
-15.52
-11.58
-9.5
-11.99
-8.05
-4.73
-8.05
-6.59
-0.78
-4.73
-6.18
1.3
-1.82
-4.31
1.5
1.5
-1.4
0.67
3.99
1.09
