-3.25
-6.37
-3.46
0.5
-3.04
-3.25
3.63
0.92
-1.16
3.84
4.25
1.75
4.25
6.13
4.25
4.04
8.0
8.21
6.54
8.21
12.38
10.29
11.13
15.5
15.29
14.46
16.96
18.0
15.5
16.12
18.21
15.5
15.71
17.79
15.08
15.71
18.83
40.93b
40.93b
40.93b
40.93b
40.93b
40.93b
40.93b
40.93b
40.93b
40.93b
40.93b
40.93b
40.93b
40.93b
21.96
22.37
18.62
19.67
22.58
18.62
17.79
22.17
19.25
16.12
13.42
11.96
10.08
7.79
6.54
5.29
3.21
1.96
1.13
-0.75
-2.0
-2.21
-3.87
-5.12
-4.91
-6.37
-7.62
-8.04
-9.08
-10.33
-10.95
-11.58
-12.62
-13.45
-14.08
-14.91
-15.75
-16.37
-15.95
-9.7
-11.58
-13.04
-6.16
-7.62
-9.7
-4.08
-3.87
-6.79
-3.46
-0.33
-3.66
-2.83
3.21
-0.12
-1.37
5.29
3.63
1.34
5.5
6.75
4.04
4.04
9.04
7.58
6.54
10.5
11.54
9.46
10.92
16.12
13.21
12.79
17.37
15.08
13.83
16.75
15.08
14.04
16.12
15.5
14.46
17.58
16.33
14.88
18.62
16.96
15.08
19.67
19.04
16.54
21.12
20.92
18.0
21.54
22.37
18.62
20.5
23.0
18.83
18.62
23.0
18.62
16.96
22.17
19.25
16.33
14.88
13.42
11.33
9.25
8.0
6.75
4.67
3.63
2.59
0.5
-0.54
-1.16
-2.83
-4.08
-3.87
-5.33
-6.79
-6.79
-8.04
-9.5
-9.7
-10.54
-11.79
-12.41
-13.25
-14.29
-14.7
-15.54
-16.37
-16.99
-17.62
-16.99
-9.91
-11.58
-12.62
-5.75
-7.0
-9.29
-3.46
-3.25
-5.95
-2.41
0.5
-2.83
-1.79
4.04
0.71
-0.33
5.5
