23.18
18.59
17.55
22.97
18.8
16.09
20.47
18.59
15.67
17.96
17.13
14.42
11.29
9.82
8.15
5.65
4.61
3.56
1.48
0.22
-0.4
-2.28
-3.53
-3.53
-5.2
-6.25
-6.25
-7.71
-8.96
-9.17
-10.0
-11.25
-11.88
-12.51
-13.55
-14.38
-15.01
-15.64
-16.47
-17.1
-15.64
-9.58
-15.58e
-17.07e
-10.03e
-13.2e
-16.11e
-9.53e
-10.99e
-14.16e
-9.87e
-7.27e
-10.99e
-9.12e
-2.75e
-5.89e
-6.48e
0.46e
2.73
0.43
4.61
7.11
3.98
4.82
10.87
10.03
8.57
10.87
15.25
11.7
12.12
17.34
13.58
12.54
16.5
13.16
12.12
16.71
14.42
13.16
17.96
16.5
14.42
19.22
19.01
16.71
20.68
21.51
18.8
20.89
24.22
19.63
19.42
24.85
20.26
17.55
23.81
20.05
16.5
20.47
20.89
16.92
18.8
