-7.92
-1.45
-5.41
-6.87
0.85
-2.07
-4.78
1.69
2.31
-1.24
1.69
5.86
2.1
1.27
7.53
6.07
3.98
5.65
11.7
8.36
7.95
13.37
12.12
10.87
14.21
14.62
11.7
13.37
16.09
12.95
14.0
16.92
13.79
13.58
19.22
16.29
15.88
21.72
18.38
16.5
22.35
20.68
17.76
21.93
22.56
18.38
20.05
23.39
18.38
17.55
23.18
18.59
15.46
21.72
19.01
15.88
17.76
19.42
16.09
16.29
17.96
15.25
12.54
9.82
8.78
7.11
4.82
3.77
3.15
1.06
-0.19
-0.19
-2.07
-3.53
-3.74
-5.2
-6.45
-6.66
-7.71
-9.17
-9.58
-10.42
-11.67
-12.3
-13.13
-13.97
-14.8
-15.22
-16.05
-16.89
-17.31
-18.14
-10.84
-10.63
-12.72
-8.12
-5.62
-8.75
-7.29
-1.24
-5.41
-6.45
1.48
-1.86
-4.16
2.73
2.31
-0.82
2.73
5.65
-10.9b
-10.9b
-10.9b
-10.9b
-10.9b
-10.9b
-10.9b
-10.9b
-10.9b
-10.9b
-10.9b
-10.9b
-10.9b
-10.9b
-10.9b
-10.9b
-10.9b
-10.9b
-10.9b
-10.9b
-10.9b
16.71
19.84
16.92
18.17
22.76
19.01
18.17
24.22
20.05
18.17
24.64
21.51
18.17
23.39
22.35
18.17
20.47
22.76
18.17
17.76
22.56
18.38
16.09
21.09
18.38
15.46
18.17
17.34
14.62
11.7
9.41
8.57
6.49
4.4
3.77
2.52
0.43
-0.4
-1.24
-3.11
-3.95
-4.16
-5.83
-6.66
-6.66
-8.12
-9.38
-9.58
-10.63
-11.88
-12.09
-13.13
-14.18
-14.59
-15.43
-16.26
-17.1
-17.52
-16.89
-9.17
-11.25
-12.92
-4.99
-6.66
-9.17
-3.53
-2.49
-6.04
-2.91
1.69
-2.49
-2.49
4.82
1.06
-1.03
5.23
