-5.12
-5.95
-7.62
-7.83
-8.45
-9.91
-10.54
-11.16
-12.2
-13.04
-13.87
-14.7
-15.54
-15.95
-16.79
-16.16
-15.33
-16.37
-9.91
-9.7
-11.58
-7.0
-5.33
-7.83
-5.54
-1.58
-4.5
-4.5
1.75
-1.58
-2.83
4.04
1.96
-0.12
4.46
5.29
2.59
4.04
9.25
6.54
6.33
11.54
10.29
9.25
11.96
14.46
11.75
12.58
16.12
12.79
12.38
15.71
15.28e
15.53e
18.71e
16.68e
17.1e
19.55e
17.96e
18.97e
22.16e
19.6e
19.83e
24.14e
21.06e
20.01e
24.96e
21.57e
17.37
23.42
20.08
17.37
23.21
20.71
17.17
21.75
20.92
16.96
19.67
21.12
17.17
17.58
20.92
17.37
14.04
11.96
10.08
7.79
5.92
4.67
3.0
1.13
0.71
-0.54
-2.41
-2.41
-3.46
-5.12
-5.54
-5.95
-7.62
-8.45
-8.87
