-1.03
-2.49
-2.28
-3.95
-5.41
-5.62
-6.45
-7.92
-8.54
-9.38
-10.42
-8.89e
-9.07e
-9.65e
-10.04e
-10.23e
-10.7e
-11.02e
-11.64e
-12.16e
-5.27e
-6.01e
-8.3e
-3.4e
-2.3e
-5.66e
-3.39e
0.53e
-6.04
-6.25
1.06
-2.91
-5.2
2.31
0.85
-2.28
2.31
4.61
1.06
0.85
7.32
4.61
3.15
5.86
10.87
7.53
7.11
13.37
11.49
10.45
14.42
14.42
11.91
14.42
14.83
11.91
13.16
16.29
13.79
14.62
18.38
15.67
15.88
21.51
17.96
16.5
22.97
20.47
17.76
23.18
22.14
18.59
21.3
23.39
18.8
18.38
23.39
18.8
16.29
22.35
18.8
15.88
17.76
19.63
16.29
16.29
18.8
16.09
13.37
10.66
9.62
7.95
5.65
4.82
4.19
1.89
0.64
0.43
-1.45
-2.91
-3.11
-4.58
-6.04
