20.5
18.0
22.58
20.5
17.37
20.92
21.33
18.0
19.67
21.96
18.42
15.29
13.21
11.33
9.04
7.38
6.33
4.04
2.59
1.96
0.09
-1.37
-1.58
-3.04
-4.5
-4.91
-5.75
-7.0
-7.62
-8.25
-9.5
-10.33
-10.75
-12.0
-12.62
-13.45
-14.29
-14.91
-15.75
-16.37
-12.2
-12.83
-17.36e
-11.77e
-12.87e
-15.61e
-11.23e
-10.29e
-13.41e
-11.79e
-7.08e
-10.54e
-10.91e
-3.83e
-6.02e
-7.49e
-1.62e
-0.31e
0.92
3.21
6.75
4.67
4.67
9.25
9.67
8.21
9.88
15.29
12.38
12.17
17.37
14.67
13.21
16.12
15.29
13.42
16.33
15.08
13.63
16.96
16.96
14.88
17.58
19.46
16.96
18.21
21.96
19.25
19.25
24.46
20.92
19.25
25.08
21.75
18.83
23.21
22.17
18.62
21.33
22.17
18.83
18.0
21.33
