-6.87
-6.66
-7.92
-9.17
-9.58
-10.42
-11.67
-12.09
-12.92
-13.97
-14.8
-15.43
-16.26
-17.1
-17.52
-17.52
-10.63
-13.13
-14.38
-6.87
-8.96
-11.25
-4.37
-5.2
-8.33
-3.32
-1.65
-5.41
-2.7
2.1
-2.07
-2.28
5.23
1.69
-0.61
5.23
5.44
2.73
5.86
9.2
6.07
6.28
12.75
10.66
9.41
13.79
13.79
11.49
13.79
15.04
11.91
13.58
13.79
11.08
12.33
13.79
11.91
14.62
15.04
12.54
15.25
17.13
14.83
17.55
19.63
16.71
18.8
22.35
18.38
18.59
23.81
19.01
17.13
23.6
19.22
15.67
22.35
19.01
15.04
20.05
19.42
18.43e
22.55e
22.52e
19.53e
17.08e
15.52e
14.4e
12.02e
10.44e
9.05e
6.64e
4.5e
3.73e
1.26e
-4.37
-4.16
-5.62
-7.08
-7.08
-7.92
-9.58
-9.79
