0.26
-0.57
-2.44
-2.86
-3.27
-4.93
-5.76
-5.97
-7.42
-8.46
-9.08
-14.37e
-16.81e
-18.45e
-20.41e
-22.16e
-23.38e
-24.41e
-25.04e
-24.65e
-24.14e
-20.11e
-12.24e
-9.29
-9.92
-2.23
-5.14
-7.63
-1.2
-1.61
-4.93
-1.82
1.5
-2.03
-2.23
3.79
0.88
-0.78
2.96
3.37
1.71
2.96
5.86
4.41
4.82
8.98
9.81
8.56
9.81
15.2
11.47
11.47
17.28
13.96
11.88
17.07
14.58
12.92
18.53
16.45
14.17
19.15
19.15
16.45
19.77
21.43
18.11
19.36
23.72
19.15
18.32
24.34
20.19
17.07
22.89
19.98
16.87
19.15
20.19
16.66
16.45
18.32
16.03
13.96
17.28
15.83
14.17
12.51
11.26
10.84
8.77
7.32
7.11
5.24
3.37
3.37
1.92
0.05
-0.37
-1.2
-2.86
-3.48
-3.89
