-1.03
-2.49
-2.28
-3.95
-5.41
-5.62
-6.45
-7.92
-8.54
-9.38
-10.42
-11.25
-11.88
-12.92
-13.76
-14.38
-15.22
-15.85
-16.68
-17.31
-10.42
-11.05
-13.13
-7.92
-6.45
-9.38
-6.66
-2.28
-6.04
-6.25
1.06
-2.91
-5.2
2.31
0.85
-2.28
2.31
4.61
1.06
0.85
7.32
4.61
3.15
5.86
10.87
7.53
7.11
13.37
11.49
10.45
14.42
14.42
11.91
14.42
14.83
11.91
13.16
16.29
13.79
14.62
18.38
15.67
15.88
21.51
17.96
16.5
22.97
20.47
17.76
23.18
22.14
18.59
18.36e
19.86e
14.66e
13.65e
18.11e
13.05e
10.18e
16.01e
12.38e
9.54e
11.65e
13.88e
11.01e
11.56e
14.66e
12.56e
13.37
10.66
9.62
7.95
5.65
4.82
4.19
1.89
0.64
0.43
-1.45
-2.91
-3.11
-4.58
-6.04
