10.84
11.68
16.45
12.51
12.71
16.66
12.71
12.92
16.66
13.34
14.58
17.9
14.17
15.0
19.77
16.03
16.87
21.85
18.11
17.9
23.92
19.77
17.7
24.55
20.39
17.07
23.09
20.39
16.45
21.02
19.98
40.35b
40.35b
40.35b
40.35b
40.35b
40.35b
40.35b
40.35b
40.35b
40.35b
40.35b
40.35b
40.35b
3.58
1.71
1.3
0.05
-1.61
-1.82
-2.44
-4.31
-4.52
-4.93
-6.59
-7.22
-7.63
-8.88
-9.92
-10.12
-11.37
-12.2
-12.82
-13.65
-14.69
-15.31
-15.94
-14.27
-11.99
-13.86
-8.46
-6.39
-9.29
-6.39
-2.23
-5.76
-5.76
0.88
-3.06
-4.93
2.13
-0.57
-2.65
2.33
1.92
-0.37
1.71
5.45
2.96
2.96
6.9
5.45
5.45
8.77
11.26
9.18
11.26
16.03
12.51
12.92
17.9
13.75
12.71
17.28
14.17
13.96
18.53
14.79
14.37
19.56
16.24
15.83
21.43
18.32
17.07
23.51
20.39
17.9
24.55
21.85
18.32
23.51
22.26
18.11
21.22
21.64
17.7
18.11
21.64
17.49
16.24
20.6
17.07
14.79
18.94
16.66
13.96
11.47
10.22
8.35
6.49
5.65
4.2
2.13
1.71
0.88
-0.78
-1.61
-1.61
-3.48
-4.31
-4.52
-6.18
-7.22
-7.42
-8.46
-9.71
-9.92
-11.16
-11.99
-12.61
-13.44
-14.27
-14.9
-15.73
-11.37
-8.46
-11.37
-8.05
-4.1
-7.63
-6.39
-0.57
-4.52
-5.76
1.5
-1.82
-4.31
1.92
0.67
-1.82
1.3
2.54
0.26
1.3
5.03
2.54
2.75
6.07
7.32
6.28
8.77
12.92
9.81
10.22
16.03
12.51
11.47
16.66
13.75
12.92
18.11
14.79
13.54
18.94
16.03
15.0
20.39
