13.55
12.54
14.27
14.39
13.02
14.32
14.49
13.57
15.06
15.33
14.41
15.97
16.43
15.66
17.75
18.45
17.46
19.74
20.63
19.5
21.28
22.45
20.94
21.88
23.13
21.47
21.33
22.84
21.33
20.27
22.02
21.11
19.43
21.28
21.01
19.31
20.73
20.99
19.17
16.57
14.25
12.4
10.41
8.7
7.31
5.7
4.31
3.37
2.15
0.95
0.33
-0.54
-1.67
-2.22
-2.96
-3.92
-4.62
-5.34
-5.99
-6.51
-7.19
-7.83
-8.41
-8.87
-9.42
-9.9
-10.55
-10.59
-9.01
-8.96
-8.65
-6.63
-6.03
-6.59
-4.43
-3.73
-4.57
-2.75
-1.57
-2.46
-1.33
0.76
0.28
0.45
2.92
3.21
2.97
5.17
6.33
5.94
6.95
9.21
9.11
9.28
12.04
12.37
12.06
14.25
14.89
13.89
15.3
15.83
14.44
15.52
16.09
14.92
16.12
16.91
16.02
17.58
18.18
17.37
19.31
20.53
19.36
20.99
22.65
21.52
22.17
24.04
22.69
22.43
24.18
22.91
21.42
23.22
22.6
20.63
22.24
22.14
20.53
21.35
22.07
20.75
20.73
20.51
18.71
16.36
14.2
12.4
10.57
8.82
7.57
6.28
4.77
3.85
2.8
1.6
0.76
0.09
-1.19
-1.83
-2.65
-3.59
-4.31
-4.88
-5.7
-6.37
-6.92
-7.64
-8.17
-8.87
-9.23
-9.8
-10.28
-10.19
-8.15
-7.86
-8.0
-5.79
-5.19
-5.77
-3.92
-3.01
-3.78
-2.43
-0.73
-1.35
-0.85
1.5
1.45
1.14
3.64
4.07
3.59
5.01
6.81
6.52
7.0
9.59
9.78
9.76
12.3
13.19
12.13
13.77
14.7
13.57
14.51
15.49
14.37
15.64
16.65
15.69
16.98
17.73
16.93
18.3
