-3.63
-3.95
-4.16
-1.86
-1.64
-2.51
-0.35
0.83
0.11
1.55
3.52
3.49
3.42
5.7
6.28
5.94
7.26
9.25
9.01
9.33
11.85
12.47
11.89
14.03
14.85
13.98
14.87
16.14
14.87
15.25
16.72
15.81
15.78
18.16
17.61
17.58
19.98
19.77
19.02
21.52
21.66
20.34
22.12
22.89
21.33
22.05
23.37
21.81
21.21
23.01
21.69
20.13
22.12
21.69
20.01
20.77
21.45
20.03
20.05
20.61
20.2
18.76
16.57
14.77
12.9
10.96
9.13
8.08
6.52
5.01
4.19
2.89
1.69
0.93
-0.03
-1.23
-1.93
-2.67
-3.56
-4.28
-4.95
-5.63
-6.37
-7.09
-7.69
-8.34
-8.84
-9.42
-9.83
-10.26
-10.67
-9.13
-8.34
-8.51
-6.99
-5.58
-6.08
-5.19
-3.44
-3.87
-3.73
-1.5
-1.5
-2.03
0.3
1.21
0.64
2.27
4.0
3.64
3.83
6.23
6.47
6.25
7.98
9.93
9.71
10.41
13.17
13.14
12.64
14.8
15.09
14.22
15.76
16.26
15.23
16.57
17.51
16.65
17.85
19.53
18.69
19.33
21.4
20.51
20.46
22.81
22.07
21.28
23.7
23.34
21.83
23.65
23.85
21.81
22.67
23.58
21.76
21.42
22.84
21.64
20.44
21.97
21.64
20.22
21.13
21.25
20.13
18.16
16.05
14.1
12.33
10.29
8.92
7.62
5.99
4.57
3.61
2.25
1.09
0.33
-0.71
-1.64
-2.1
-3.03
-3.95
-4.4
-5.15
-5.96
-6.56
-7.11
-7.83
-8.29
-8.84
-9.32
-9.87
-10.38
-10.09
-8.39
-7.93
-8.17
-5.94
-5.41
-5.91
-4.11
-2.99
-3.95
-2.72
-1.02
-1.47
-1.07
1.43
1.53
1.02
3.45
4.41
