-5.49
-2.08
-1.7
-3.26
-1.48
1.04
-0.62
-0.24
2.84
2.0
1.25
3.8
3.94
3.1
3.84
6.15
4.95
5.26
7.2
8.79
8.64
9.96
14.02
13.11
13.23
17.12
16.54
15.2
17.74
18.32
16.32
17.86
19.16
16.71
18.08
20.04
17.5
19.04
21.22
18.53
19.8
22.68
20.09
20.38
24.0
21.32
20.48
24.53
21.99
19.76
23.5
21.68
18.75
21.44
21.15
18.34
19.42
20.72
18.41
16.4
14.57
13.06
11.04
9.1
7.95
6.41
4.71
3.63
2.5
0.96
0.03
-0.57
-1.92
-2.66
-2.88
-4.03
-4.8
-5.08
-5.88
-6.74
-7.22
-7.8
-8.54
-9.0
-9.43
-10.0
-10.46
-10.92
-11.3
-11.16
-11.35
-10.34
-6.98
-7.53
-7.7
-3.91
-4.7
-5.73
-2.3
-2.13
-3.55
-1.34
0.56
-0.96
-0.28
3.12
1.83
1.42
5.09
4.4
3.46
4.88
6.77
5.52
6.03
8.45
8.24
8.52
10.85
13.42
12.08
13.28
16.73
14.69
14.45
17.98
16.04
15.32
18.58
16.88
16.01
19.4
17.07
16.73
19.73
17.84
16.88
21.24
19.2
18.08
22.32
20.84
18.89
23.4
22.01
19.3
22.61
22.23
19.11
20.96
21.96
18.58
18.94
21.12
18.46
17.28
19.97
17.84
15.15
12.7
10.78
8.74
6.72
5.52
4.16
2.43
1.44
0.58
-0.84
-1.72
-2.01
-3.31
-4.12
-4.22
-5.2
-5.88
-6.24
-7.15
-7.77
-8.23
-8.88
-9.4
-9.93
-10.48
-10.96
-11.23
-11.85
-10.53
-7.96
-8.9
-8.35
-5.01
-6.04
-6.43
-2.73
-3.64
-4.8
-1.46
-1.32
-2.88
-0.4
1.32
-0.24
1.04
3.72
2.48
