24.29
25.51
26.98
24.31
24.34
27.34
24.96
23.09
26.5
26.07
23.02
19.71
17.19
14.98
12.67
10.51
8.98
7.27
5.5
4.27
3.05
1.8
0.75
-0.24
-1.27
-2.04
-2.64
-3.45
-4.17
-4.73
-5.47
-6.17
-6.67
-7.25
-7.92
-8.4
-8.88
-9.45
-9.89
-10.34
-9.05
-6.55
-7.15
-7.03
-3.86
-4.22
-4.75
-1.61
-1.17
-2.33
0.91
1.99
0.65
3.03
6.46
4.56
4.75
9.41
8.59
6.24
9.99
13.18
11.04
11.21
15.43
15.15
13.39
15.51
17.52
15.99
15.84
19.15
17.74
16.49
20.11
19.51
18.07
21.31
21.67
20.26
23.09
24.17
22.68
25.3
26.83
24.34
25.66
27.82
25.11
25.61
28.95
26.79
25.66
28.92
27.0
24.89
27.94
26.57
24.1
26.33
26.52
23.76
25.54
27.29
24.39
24.67
27.39
25.59
22.23
19.08
16.49
14.26
11.98
9.91
8.31
6.46
4.92
3.79
2.55
1.11
0.43
-0.48
-1.49
-2.18
-2.78
-3.55
-4.27
-4.85
-5.49
-6.21
-6.72
-7.32
-8.06
-8.47
-8.95
-9.67
-10.01
-10.37
-8.18
-6.53
-7.29
-5.88
-3.69
-4.49
-3.45
-0.69
-1.56
-1.44
2.28
1.88
0.82
5.07
6.39
4.3
7.63
10.85
8.59
7.71
12.22
12.1
9.07
9.99
13.75
13.06
11.57
15.22
16.2
14.83
15.94
17.55
16.42
16.8
19.9
18.7
18.67
21.87
21.0
20.35
23.43
23.09
22.13
24.96
24.67
22.68
25.35
26.4
23.86
26.33
28.01
25.06
25.49
28.39
25.68
24.67
27.53
25.61
23.88
26.69
25.3
22.85
25.9
25.92
23.14
24.91
27.0
23.93
20.74
