-4.62
-5.6
-7.21
-2.75
-2.43
-4.16
0.23
3.21
-0.37
2.82
8.32
6.14
6.54
11.06
11.39
8.61
11.77
15.35
11.61
9.16
13.5
13.43
11.27
12.71
16.31
13.55
13.41
19.02
14.87
13.38
18.81
16.41
15.02
19.84
18.52
15.93
20.56
20.44
17.73
20.49
22.81
19.19
20.15
23.54
20.15
19.48
23.66
20.08
17.94
22.55
20.58
18.3
22.79
22.24
18.71
21.95
25.48
21.59
22.48
24.66
23.87
17.17
12.83
10.33
8.25
5.82
4.14
3.52
1.33
-0.22
-0.32
-2.05
-3.54
-3.56
-4.74
-5.96
-6.25
-7.04
-8.07
-8.55
-8.89
-9.8
-10.31
-10.88
-11.39
-11.84
-12.15
-12.49
-13.02
-13.23
-13.67
-11.5
-8.82
-10.59
-9.9
-6.51
-8.0
-8.43
-4.14
-5.53
-6.83
-1.98
-1.98
-3.58
1.65
4.22
0.35
3.95
8.63
6.64
7.24
12.13
11.22
9.61
12.88
15.71
11.3
11.03
14.85
13.34
11.49
13.34
16.31
13.5
15.13
18.66
15.09
16.94
21.38
17.46
18.13
23.17
19.17
17.46
23.13
20.01
17.73
23.01
22.07
19.24
22.62
23.49
19.48
21.09
23.3
19.36
19.98
23.44
19.36
18.3
23.17
20.78
19.89
23.99
24.62
20.99
24.16
25.26
20.54
15.09
11.49
9.66
7.5
5.08
4.12
2.92
0.76
-0.49
-1.09
-2.7
-3.9
-4.04
-5.5
-6.39
-6.42
-7.21
-8.36
-8.58
-9.08
-9.99
-10.31
-10.74
-11.43
-11.86
-12.32
-12.56
-13.04
-13.28
-13.23
-9.42
-9.34
-10.83
-8.14
-6.83
-8.41
-6.73
-3.94
-5.91
-5.12
-0.56
-2.48
-2.03
4.24
3.64
1.55
7.0
8.92
