-1.15
-2.18
-0.26
2.67
1.25
1.9
6.07
5.35
4.44
8.64
10.15
7.35
10.32
13.61
12.17
9.65
13.78
15.34
12.31
13.92
17.26
15.65
15.03
18.87
19.01
18.39
19.92
22.18
20.4
20.43
23.67
21.39
21.6
24.53
23.33
23.21
25.97
24.72
24.53
28.15
25.87
25.01
28.25
27.0
25.3
28.54
27.34
24.94
27.17
27.15
24.43
25.8
26.62
23.93
24.7
26.62
24.17
23.88
26.86
25.23
22.18
19.2
16.68
14.47
12.07
10.39
8.5
6.99
5.5
4.15
2.74
1.54
0.53
-0.48
-1.44
-2.04
-2.78
-3.65
-4.25
-4.99
-5.78
-6.36
-7.03
-7.61
-8.18
-8.71
-9.31
-9.77
-10.1
-10.01
-6.98
-7.03
-7.58
-4.7
-4.17
-4.99
-2.83
-1.34
-2.52
-0.72
1.49
0.46
1.51
5.43
4.27
4.27
8.91
9.07
6.82
10.42
13.03
9.96
9.72
14.16
13.83
11.52
15.48
17.31
14.86
15.6
18.79
17.4
16.68
19.87
19.75
18.51
21.03
21.77
20.43
22.9
23.91
22.32
24.87
25.18
23.57
26.19
25.99
23.52
26.16
26.74
24.22
26.5
27.63
24.82
26.14
27.55
24.72
24.96
26.79
24.46
23.76
26.09
23.98
22.99
25.97
24.36
22.54
20.64
18.17
15.82
13.71
11.74
10.18
8.28
6.89
5.52
3.89
2.67
1.75
0.58
-0.48
-1.22
-2.18
-3.02
-3.53
-4.25
-4.89
-5.57
-6.21
-7.05
-7.61
-7.94
-8.64
-9.09
-9.72
-10.15
-10.49
-10.87
-10.8
-7.65
-7.2
-7.56
-4.63
-3.96
-4.65
-2.04
-0.86
-1.92
0.36
2.57
1.35
2.81
6.6
5.31
5.43
9.6
