-1.37
-1.49
-2.49
0.7
1.49
0.05
2.93
5.52
3.87
5.26
9.51
8.52
7.66
11.81
13.78
10.68
11.69
15.43
13.87
11.98
15.15
16.15
15.07
15.87
18.96
17.74
17.62
21.05
19.47
18.1
21.53
21.07
20.02
23.09
23.09
21.41
24.36
25.32
23.5
25.3
27.15
24.89
25.39
28.06
26.09
25.37
28.15
26.07
24.27
27.1
25.95
23.4
26.47
26.28
23.35
24.94
27.24
23.91
24.17
26.47
25.73
22.06
18.75
16.3
14.07
11.91
10.03
8.69
7.06
5.62
4.56
3.39
1.99
1.08
0.15
-0.91
-1.8
-2.4
-3.53
-4.15
-4.87
-5.45
-6.07
-6.67
-7.34
-8.01
-8.4
-8.95
-9.41
-9.84
-10.32
-8.85
-6.45
-7.17
-6.33
-3.6
-4.22
-4.25
-0.89
-1.39
-2.25
1.3
1.95
0.43
3.94
6.22
4.47
6.24
10.03
8.62
7.85
12.17
13.11
10.37
12.05
15.79
14.16
13.23
16.54
16.54
15.43
16.97
19.01
17.62
18.46
21.19
19.83
20.64
23.86
22.42
22.75
26.07
24.53
23.31
26.69
25.44
23.91
27.19
27.51
25.59
27.7
28.51
26.04
26.71
28.56
25.99
25.97
28.13
25.68
24.43
27.43
25.85
23.81
26.59
26.74
23.55
25.99
27.63
24.22
20.93
17.88
15.58
13.51
11.26
9.77
8.28
6.58
5.21
4.03
2.62
1.44
0.72
-0.41
-1.46
-2.06
-2.85
-3.6
-4.25
-4.92
-5.81
-6.26
-6.72
-7.56
-8.13
-8.47
-8.93
-9.55
-9.81
-10.01
-7.41
-6.55
-7.2
-4.97
-3.53
-4.34
-2.9
-0.48
-1.56
-0.96
2.47
1.68
1.51
5.98
5.81
4.13
8.4
10.83
