2.01
0.95
-0.32
-1.04
-1.67
-2.72
-3.44
-4.02
-4.95
-5.6
-6.3
-6.95
-7.5
-8.17
-8.72
-9.25
-9.68
-10.16
-10.26
-10.21
-9.99
-8.05
-6.68
-7.11
-5.77
-3.99
-4.52
-4.19
-1.95
-2.03
-2.7
-0.39
0.37
-0.51
1.36
3.04
2.61
2.92
5.37
5.58
5.27
6.88
8.56
8.25
8.75
11.44
11.97
11.56
13.79
14.61
13.62
14.77
15.33
14.41
15.01
16.5
15.45
15.88
17.77
17.17
17.44
19.77
19.43
19.09
21.71
21.54
20.39
22.62
23.01
21.59
22.72
23.65
21.88
21.78
23.39
22.19
20.75
22.53
21.88
20.34
21.28
21.73
20.41
20.44
20.77
20.46
19.29
17.37
15.57
13.96
11.82
10.26
9.04
7.29
5.8
4.93
3.76
2.32
1.43
0.49
-0.68
-1.45
