2.11
1.13
0.03
-0.77
-1.56
-2.42
-3.31
-3.89
-4.63
-5.21
-5.95
-6.62
-7.1
-7.73
-8.28
-8.78
-9.29
-9.84
-9.53
-7.99
-8.71
-7.37
-4.68
-5.23
-5.3
-1.77
-2.28
-2.69
0.6
0.53
-0.5
3.1
4.51
2.76
5.23
8.91
7.32
7.08
11.43
12.31
9.48
11.59
15.17
12.91
11.26
14.86
15.63
14.71
15.89
18.63
17.09
16.87
20.23
19.15
18.99
22.25
20.74
19.73
23.28
23.07
21.67
24.87
25.03
23.52
25.8
26.69
24.75
25.97
28.01
25.9
25.85
28.3
26.19
25.11
27.91
26.35
24.27
27.24
26.79
23.69
25.8
27.7
24.31
24.55
26.81
26.14
22.42
19.18
16.63
14.64
12.63
10.75
9.39
7.73
6.31
5.14
3.96
2.57
1.59
0.87
-0.45
-1.25
