17.17
19.98
22.26
18.02
19.36
24.33
20.51
21.18
25.07
25.0
18.57
13.91
11.1
9.21
6.54
4.45
3.35
1.48
-0.25
-1.04
-2.39
-3.94
-4.4
-4.86
-6.34
-6.58
-6.83
-8.0
-8.65
-8.84
-9.7
-10.42
-10.57
-11.17
-11.94
-11.99
-12.49
-13.11
-13.38
-13.69
-12.03
-8.41
-10.31
-10.47
-6.18
-7.78
-8.94
-4.71
-5.22
-6.25
-2.03
-1.26
-3.99
0.16
4.69
1.94
3.25
9.14
7.67
7.6
10.6
12.76
9.54
12.13
15.9
12.69
9.86
13.12
14.82
12.06
11.92
16.65
13.62
12.26
17.46
14.92
13.17
18.18
16.98
14.17
19.41
19.48
16.6
20.7
22.1
17.61
20.25
23.34
18.23
20.25
25.02
20.13
18.49
23.8
19.96
17.22
22.14
19.96
16.67
20.78
20.92
17.94
21.3
23.99
19.38
21.59
25.26
21.81
16.26
12.45
10.38
8.13
5.56
3.97
2.78
0.71
-0.68
-1.35
-3.13
-4.28
-4.16
-5.17
-6.39
-6.49
-6.85
-8.34
-8.48
-8.89
-9.7
-10.47
-10.5
-11.31
-11.89
-12.2
-12.66
-13.06
-13.62
-13.81
-10.57
-9.22
-10.95
-9.13
-6.83
-8.5
-7.35
-3.73
-5.79
-5.7
-0.73
-2.03
-2.41
3.57
4.96
1.91
6.52
9.66
8.22
8.99
12.95
11.73
11.22
12.3
14.15
12.35
10.98
14.34
14.06
11.42
13.12
14.44
12.4
13.34
17.06
14.2
14.68
18.76
15.95
15.18
19.86
17.75
16.14
21.23
19.17
15.49
21.28
20.56
16.5
21.06
22.81
17.7
19.48
23.2
18.54
17.37
21.76
18.42
16.65
21.49
18.95
16.14
21.18
21.23
17.56
21.35
24.69
19.14
14.63
