13.22
10.94
12.06
15.42
11.8
14.2
17.7
12.93
16.34
17.94
12.83
16.91
18.88
14.03
18.52
20.7
15.64
18.76
22.31
17.2
18.59
23.49
18.64
17.63
22.65
18.88
16.98
21.33
18.38
15.66
20.82
19.43
16.84
20.82
21.11
17.8
20.9
21.74
17.1
12.85
10.41
8.34
5.89
4.09
2.99
0.93
-0.49
-0.99
-2.43
-3.94
-3.87
-4.86
-6.25
-6.37
-6.99
-8.29
-8.6
-8.89
-9.92
-10.31
-10.59
-11.41
-12.01
-12.22
-12.7
-13.16
-13.55
-13.35
-9.42
-9.63
-11.24
-8.24
-7.09
-9.03
-6.92
-4.78
-6.85
-4.78
-1.35
-4.06
-2.19
3.73
0.28
0.76
6.57
6.78
5.39
9.64
11.61
8.7
10.84
14.94
10.94
10.62
14.49
12.66
10.81
12.66
15.28
12.69
14.34
18.59
13.96
15.83
19.98
14.39
16.79
20.39
14.99
17.8
22.22
16.58
18.49
23.61
18.21
18.78
24.86
20.13
18.59
24.13
20.9
17.82
22.22
20.56
17.58
21.71
21.3
18.18
21.47
22.36
18.04
20.49
24.13
20.1
20.82
17.82
14.63
11.32
9.14
7.84
5.66
3.86
2.99
1.55
-0.3
-0.7
-1.67
-3.37
-3.73
-4.16
-5.75
-6.32
-6.68
-8.0
-8.58
-8.86
-9.63
-10.31
-10.52
-11.24
-11.82
-12.08
-12.54
-13.04
-13.26
-13.47
-9.8
-9.2
-10.78
-8.24
-6.54
-8.31
-6.51
-4.14
-6.01
-4.47
0.09
-2.48
-1.16
5.08
3.88
2.58
8.22
8.85
7.5
10.0
13.12
9.66
11.06
14.94
12.23
8.82
12.66
13.24
10.98
11.56
15.88
12.95
13.74
19.7
14.97
16.36
21.49
15.78
17.2
22.48
16.86
18.16
