-2.22
-2.84
-3.78
-4.55
-5.05
-5.94
-6.44
-6.97
-7.59
-8.29
-8.82
-9.44
-9.99
-10.33
-10.86
-11.12
-11.07
-10.76
-8.39
-7.69
-7.95
-5.77
-5.1
-5.7
-4.04
-2.79
-3.59
-2.41
-0.61
-1.09
-0.87
1.79
1.84
1.45
3.85
4.79
4.07
5.61
7.48
7.31
7.84
10.53
10.72
10.48
12.95
13.74
12.83
14.05
15.01
13.79
14.46
15.33
14.05
14.44
15.3
14.44
15.28
16.07
15.09
16.33
17.68
16.6
18.01
19.55
18.61
19.53
21.45
20.37
20.58
22.65
21.49
20.68
22.67
21.66
20.03
21.78
21.11
19.36
20.73
20.92
19.0
19.84
20.7
19.19
16.67
14.37
12.47
10.43
8.73
7.19
5.85
4.12
3.18
2.03
0.76
0.01
-0.78
-1.88
-2.51
-3.06
-4.02
-4.62
-5.15
