2.23
05.04
08.09
5.67
6.31
10.75
9.94
8.26
12.34
14.33
11.69
12.63
16.49
14.83
13.75
16.71
16.83
15.84
18.24
19.59
18.03
20.69
21.67
19.78
19.78
19.78
19.78
19.78
19.78
19.78
19.78
19.78
19.78
19.78
19.78
19.78
19.78
19.78
19.78
19.78
19.78
19.78
19.78
19.78
26.47
24.77
27.87
26.38
23.40
26.64
27.19
24.10
25.97
28.11
24.67
21.36
18.51
15.99
13.49
11.38
9.58
7.73
06.07
4.92
3.53
2.16
1.25
0.24
-1.01
-1.73
-2.37
-3.19
-3.79
-4.37
-5.18
-5.93
-6.48
-7.13
-7.68
-8.18
-8.66
-9.33
-9.57
-10.13
-8.11
-7.68
-8.18
-5.59
-4.70
-5.47
-3.48
-1.70
-2.76
-1.27
1.44
0.27
0.43
4.66
4.13
3.15
7.47
8.69
6.22
09.07
12.72
11.40
10.30
14.83
16.06
13.63
14.86
17.95
16.68
16.11
19.18
19.18
17.83
20.16
21.24
19.51
21.63
22.73
20.55
22.75
24.39
21.60
23.28
25.80
23.50
23.74
27.12
25.49
24.72
28.13
26.93
25.47
28.54
27.29
25.11
27.79
27.19
24.51
26.64
28.03
24.87
25.06
27.51
25.49
25.49
25.49
25.49
25.49
25.49
25.49
25.49
25.49
25.49
25.49
25.49
25.49
25.49
25.49
3.19
2.11
1.13
0.03
-0.77
-1.56
-2.42
-3.31
-3.89
-4.63
-5.21
-5.95
-6.62
-7.10
-7.73
-8.28
-8.78
-9.29
-9.84
-9.53
-7.99
-8.71
-7.37
-4.68
-5.23
-5.30
-1.77
-2.28
-2.69
0.60
0.53
-0.50
3.10
4.51
2.76
5.23
8.91
7.32
07.08
11.43
12.31
9.48
11.59
15.17
12.91
11.26
14.86
15.63
14.71
15.89
18.63
17.09
16.87
20.23
19.15
18.99
22.25
20.74
19.73
23.28
23.07
21.67
24.87
25.03
23.52
25.80
26.69
24.75
25.97
28.01
25.90
25.85
28.30
26.19
25.11
27.91
26.35
24.27
27.24
26.79
23.69
25.80
27.70
24.31
24.55
26.81
26.14
22.42
19.18
16.63
14.64
12.63
10.75
9.39
7.73
6.31
5.14
3.96
2.57
1.59
0.87
-0.45
-1.25
-1.97
-1.97
-1.97
-1.97
-1.97
-1.97
-1.97
-1.97
-1.97
-1.97
-1.97
-1.97
-1.97
-1.97
-1.97
-1.97
-1.97
-1.97
-1.97
-1.97
-1.97
-1.37
-1.49
-2.49
0.70
1.49
0.05
2.93
5.52
3.87
5.26
9.51
8.52
7.66
11.81
13.78
10.68
11.69
15.43
13.87
11.98
15.15
16.15
15.07
15.87
18.96
17.74
17.62
21.05
19.47
18.10
21.53
21.07
20.02
23.09
23.09
21.41
24.36
25.32
23.50
25.30
27.15
24.89
25.39
28.06
26.09
25.37
28.15
26.07
24.27
27.10
25.95
23.40
26.47
26.28
23.35
24.94
27.24
23.91
24.17
26.47
25.73
22.06
18.75
16.30
14.07
11.91
10.03
8.69
07.06
5.62
4.56
3.39
1.99
01.08
0.15
-0.91
-1.80
-2.40
-3.53
-4.15
-4.87
-5.45
-6.07
-6.67
-7.34
-8.01
-8.40
-8.95
-9.41
-9.84
-10.32
-8.85
-6.45
-7.17
-6.33
-3.60
-4.22
-4.25
-0.89
-1.39
-2.25
1.30
1.95
0.43
3.94
6.22
4.47
6.24
10.03
8.62
7.85
12.17
13.11
10.37
12.05
15.79
14.16
13.23
16.54
16.54
15.43
16.97
19.01
17.62
18.46
21.19
19.83
20.64
23.86
22.42
22.75
26.07
24.53
23.31
26.69
25.44
23.91
27.19
27.51
25.59
27.70
28.51
26.04
26.71
28.56
25.99
25.97
28.13
25.68
24.43
27.43
25.85
23.81
26.59
26.74
23.55
25.99
27.63
24.22
20.93
17.88
15.58
13.51
11.26
9.77
8.28
6.58
5.21
04.03
2.62
1.44
0.72
-0.41
-1.46
-2.06
-2.85
-3.60
-4.25
-4.92
-5.81
-6.26
-6.72
-7.56
-8.13
-8.47
-8.93
-9.55
-9.81
-10.01
-7.41
-6.55
-7.20
-4.97
-3.53
-4.34
-2.90
-0.48
-1.56
-0.96
2.47
1.68
1.51
5.98
5.81
4.13
8.40
10.83
08.04
08.04
08.04
08.04
08.04
08.04
08.04
08.04
08.04
08.04
08.04
08.04
08.04
08.04
08.04
08.04
08.04
08.04
08.04
08.04
08.04
08.04
08.04
08.04
08.04
08.04
08.04
08.04
08.04
08.04
08.04
08.04
08.04
08.04
08.04
08.04
08.04
08.04
08.04
24.29
25.51
26.98
24.31
24.34
27.34
24.96
23.09
26.50
26.07
23.02
19.71
17.19
14.98
12.67
10.51
8.98
7.27
5.50
4.27
03.05
1.80
0.75
-0.24
-1.27
-2.04
-2.64
-3.45
-4.17
-4.73
-5.47
-6.17
-6.67
-7.25
-7.92
-8.40
-8.88
-9.45
-9.89
-10.34
-9.05
-6.55
-7.15
-7.03
-3.86
-4.22
-4.75
-1.61
-1.17
-2.33
0.91
1.99
0.65
03.03
6.46
4.56
4.75
9.41
8.59
6.24
9.99
13.18
11.04
11.21
15.43
15.15
13.39
15.51
17.52
15.99
15.84
19.15
17.74
16.49
20.11
19.51
18.07
21.31
21.67
20.26
23.09
24.17
22.68
25.30
26.83
24.34
25.66
27.82
25.11
25.61
28.95
26.79
25.66
28.92
27.00
24.89
27.94
26.57
24.10
26.33
26.52
23.76
25.54
27.29
24.39
24.67
27.39
25.59
22.23
19.08
16.49
14.26
11.98
9.91
8.31
6.46
4.92
3.79
2.55
1.11
0.43
-0.48
-1.49
-2.18
-2.78
-3.55
-4.27
-4.85
-5.49
-6.21
-6.72
-7.32
-8.06
-8.47
-8.95
-9.67
-10.01
-10.37
-8.18
-6.53
-7.29
-5.88
-3.69
-4.49
-3.45
-0.69
-1.56
-1.44
2.28
1.88
0.82
05.07
6.39
4.30
7.63
10.85
8.59
7.71
12.22
12.10
09.07
9.99
13.75
13.06
11.57
15.22
16.20
14.83
15.94
17.55
16.42
16.80
19.90
18.70
18.67
21.87
21.00
20.35
23.43
23.09
22.13
24.96
24.67
22.68
25.35
26.40
23.86
26.33
28.01
25.06
25.49
28.39
25.68
24.67
27.53
25.61
23.88
26.69
25.30
22.85
25.90
25.92
23.14
24.91
27.00
23.93
20.74
17.71
17.71
17.71
17.71
17.71
17.71
17.71
17.71
17.71
17.71
17.71
17.71
17.71
17.71
17.71
17.71
17.71
17.71
17.71
17.71
17.71
17.71
17.71
17.71
17.71
17.71
17.71
17.71
17.71
17.71
17.71
17.71
17.71
17.71
17.71
-2.45
-1.15
-2.18
-0.26
2.67
1.25
1.90
06.07
5.35
4.44
8.64
10.15
7.35
10.32
13.61
12.17
9.65
13.78
15.34
12.31
13.92
17.26
15.65
15.03
18.87
19.01
18.39
19.92
22.18
20.40
20.43
23.67
21.39
21.60
24.53
23.33
23.21
25.97
24.72
24.53
28.15
25.87
25.01
28.25
27.00
25.30
28.54
27.34
24.94
27.17
27.15
24.43
25.80
26.62
23.93
24.70
26.62
24.17
23.88
26.86
25.23
22.18
19.20
16.68
14.47
12.07
10.39
8.50
6.99
5.50
4.15
2.74
1.54
0.53
-0.48
-1.44
-2.04
-2.78
-3.65
-4.25
-4.99
-5.78
-6.36
-7.03
-7.61
-8.18
-8.71
-9.31
-9.77
-10.10
-10.01
-6.98
-7.03
-7.58
-4.70
-4.17
-4.99
-2.83
-1.34
-2.52
-0.72
1.49
0.46
1.51
5.43
4.27
4.27
8.91
09.07
6.82
10.42
13.03
9.96
9.72
14.16
13.83
11.52
15.48
17.31
14.86
15.60
18.79
17.40
16.68
19.87
19.75
18.51
21.03
21.77
20.43
22.90
23.91
22.32
24.87
25.18
23.57
26.19
25.99
23.52
26.16
26.74
24.22
26.50
27.63
24.82
26.14
27.55
24.72
24.96
26.79
24.46
23.76
26.09
23.98
22.99
25.97
24.36
22.54
20.64
18.17
15.82
13.71
11.74
10.18
8.28
6.89
5.52
3.89
2.67
1.75
0.58
-0.48
-1.22
-2.18
-3.02
-3.53
-4.25
-4.89
-5.57
-6.21
-7.05
-7.61
-7.94
-8.64
-9.09
-9.72
-10.15
-10.49
-10.87
-10.80
-7.65
-7.20
-7.56
-4.63
-3.96
-4.65
-2.04
-0.86
-1.92
0.36
2.57
1.35
2.81
6.60
5.31
5.43
9.60
9.53
9.53
9.53
9.53
9.53
9.53
9.53
9.53
9.53
9.53
9.53
9.53
9.53
9.53
9.53
9.53
9.53
9.53
9.53
9.53
9.53
9.53
9.53
9.53
9.53
9.53
9.53
9.53
9.53
9.53
9.53
9.53
9.53
9.53
9.53
9.53
9.53
9.53
9.53
9.53
9.53
9.53
9.53
9.53
9.53
9.53
9.53
9.53
9.53
9.53
9.53
9.53
9.53
9.53
9.53
9.53
9.53
9.53
9.53
9.53
9.53
9.53
-2.18
-2.71
-3.57
-4.15
-4.73
-5.49
-6.26
-6.79
-7.32
-7.85
-8.47
-8.97
-9.45
-10.05
-10.44
-10.20
-9.48
-9.96
-7.49
-6.14
-6.67
-5.13
-2.97
-3.84
-2.76
-0.14
-0.91
-0.45
3.34
2.33
2.19
6.75
6.70
4.78
8.59
10.59
08.02
9.55
13.59
12.19
11.52
15.79
15.70
13.87
15.91
17.52
16.01
16.08
19.08
17.57
17.14
20.45
19.68
19.85
22.71
21.17
21.65
23.71
22.25
22.42
25.35
23.33
23.07
26.38
24.39
23.38
27.07
25.63
23.91
27.34
26.11
23.74
26.45
25.75
23.28
25.15
25.15
22.51
24.05
25.25
22.63
23.19
25.44
22.90
19.85
17.14
14.79
12.29
10.27
8.38
6.58
4.99
3.63
2.55
1.18
0.36
-0.45
-1.58
-2.25
-2.93
-3.69
-4.41
-4.97
-5.69
-5.69
-5.69
-5.69
-5.69
-5.69
-5.69
-5.69
-5.69
-5.69
-5.69
-5.69
-5.69
-5.69
-5.69
-5.69
-5.69
-5.69
-5.69
-5.69
-5.69
-5.69
-5.69
-5.69
-5.69
-5.69
-5.69
-5.69
-5.69
-5.69
-5.69
-5.69
-5.69
-5.69
-5.69
-5.69
-5.69
-5.69
-5.69
-5.69
17.23
15.70
16.42
19.08
17.04
17.93
20.81
18.89
20.67
22.73
21.39
22.54
24.53
22.27
23.81
25.80
23.23
24.55
27.07
24.39
25.01
28.03
25.59
24.70
27.84
25.83
24.41
26.98
25.23
23.09
26.07
25.08
22.56
25.30
25.47
22.54
24.31
25.13
22.25
19.27
16.49
14.28
11.88
9.94
8.26
6.34
4.88
3.75
2.43
1.23
0.43
-0.36
-1.51
-2.21
-2.78
-3.72
-4.39
-4.97
-5.66
-6.29
-6.84
-7.41
-8.13
-8.59
-9.07
-9.53
-10.20
-10.25
-7.44
-6.86
-7.56
-5.09
-3.98
-4.92
-3.31
-1.34
-2.33
-0.96
1.80
0.58
1.54
5.64
4.27
3.24
7.97
8.31
6.31
10.25
13.11
10.56
10.99
15.03
13.78
12.07
15.84
15.91
14.91
16.47
18.75
17.38
18.07
21.19
19.56
20.19
23.09
21.41
22.27
24.70
22.51
23.47
25.85
23.71
24.39
27.31
25.30
25.08
28.68
26.55
25.42
28.92
27.43
25.39
27.94
27.03
24.75
27.36
27.03
24.15
26.16
26.57
23.88
24.84
27.17
24.53
24.24
22.61
19.90
17.38
14.91
13.11
11.16
9.39
08.04
6.63
05.02
04.03
3.00
1.71
0.89
0.19
-0.79
-1.75
-2.49
-3.41
-4.05
-4.68
-5.49
-6.17
-6.65
-7.34
-7.89
-8.45
-8.97
-9.53
-9.91
-9.98
-7.61
-6.36
-7.10
-5.18
-3.43
-4.25
-2.69
-0.50
-1.39
-0.50
2.81
1.78
2.19
6.55
5.74
4.15
8.67
9.79
7.18
9.12
13.03
10.99
10.49
14.55
14.50
12.51
14.98
16.30
15.07
15.43
18.67
17.59
17.95
21.41
19.85
20.23
23.43
21.63
22.23
24.96
23.26
23.52