3.39
0.69
-1.80
2.97
2.14
-0.35
2.14
4.22
1.73
2.14
6.50
6.70
6.29
9.60
12.09
9.60
11.26
16.03
12.30
12.51
17.69
13.96
13.54
17.69
17.69
17.69
17.69
17.69
17.69
17.69
17.69
17.69
17.69
17.69
17.69
17.69
17.69
17.69
17.69
17.69
17.69
17.69
17.69
17.69
20.18
20.59
17.07
15.82
19.76
16.65
14.17
19.56
17.07
13.96
12.30
10.64
8.57
6.50
5.46
3.80
1.73
1.11
-0.14
-2.00
-2.63
-3.25
-5.11
-5.74
-5.94
-7.60
-8.64
-8.43
-9.88
-10.92
-10.92
-12.16
-13.41
-13.82
-14.86
-15.69
-16.31
-17.14
-17.76
-18.59
-19.00
-15.06
-9.26
-11.75
-11.13
-3.66
-6.56
-8.43
-0.35
-2.42
-5.53
0.48
0.69
-2.83
-0.14
3.18
-0.35
-1.17
4.42
1.73
0.28
3.80
5.87
3.80
4.84
9.40
9.40
8.98
13.13
14.79
12.51
13.75
17.48
13.54
13.75
18.52
14.37
13.13
18.31
15.20
14.37
19.97
16.65
14.99
21.42
18.73
16.24
22.25
21.42
17.90
22.04
23.08
18.73
19.97
23.29
18.93
16.86
22.87
18.93
15.82
19.35
17.48
14.79
14.79
14.79
14.79
14.79
14.79
14.79
14.79
14.79
14.79
14.79
14.79
14.79
14.79
14.79
14.79
-2.00
-3.87
-4.70
-4.91
-6.15
-7.60
-7.60
-8.84
-10.09
-10.71
-11.54
-12.58
-13.41
-13.82
-15.06
-15.69
-16.31
-17.14
-17.97
-18.59
-17.97
-9.47
-10.71
-12.58
-4.91
-5.32
-8.22
-3.66
-1.17
-4.91
-3.46
2.35
-1.38
-3.46
04.01
1.73
-1.17
2.56
04.01
1.11
1.11
5.67
3.80
3.18
05.04
8.98
6.70
7.32
14.37
11.47
11.06
16.45
14.37
11.89
16.03
15.82
12.92
16.24
16.86
14.17
17.07
19.35
16.03
17.28
22.25
18.31
17.28
23.91
20.18
17.69
23.91
21.21
17.69
21.84
22.04
17.90
19.14
21.42
17.48
14.99
19.97
17.07
14.37
16.86
14.99
13.34
11.47
11.06
10.02
7.95
5.87
5.46
04.01
1.93
1.73
0.90
-1.17
-2.00
-2.42
-4.28
-5.32
-5.32
-6.77
-8.02
-8.02
-8.02
-8.02
-8.02
-8.02
-8.02
-8.02
-8.02
-8.02
-8.02
-8.02
-8.02
-8.02
-8.02
-8.02
-8.02
-8.02
-8.02
-8.02
-8.02
-7.39
-4.70
-0.35
-4.08
-4.28
2.97
-0.55
-3.04
04.01
2.56
-0.14
2.76
05.04
1.93
1.52
06.08
05.04
3.80
5.46
10.02
7.53
7.74
14.79
12.30
11.47
16.24
15.41
12.51
15.82
16.24
12.92
15.82
18.31
15.20
16.45
20.18
16.45
16.86
22.87
18.93
16.86
23.91
20.18
17.48
23.08
21.84
17.69
21.21
21.84
17.48
17.48
22.04
17.69
15.20
19.56
17.07
14.17
17.28
15.20
13.34
11.26
9.60
8.36
6.70
4.84
4.42
3.18
1.11
0.90
0.07
-2.00
-2.63
-3.04
-4.91
-5.74
-5.94
-7.39
-8.64
-8.84
-9.88
-11.13
-11.54
-12.58
-13.82
-14.44
-15.06
-16.10
-16.72
-17.14
-18.17
-17.76
-17.76
-18.17
-9.26
-9.67
-11.75
-5.11
-4.08
-7.39
-3.66
-0.14
-3.87
-3.25
3.39
-0.35
-2.42
4.84
2.56
-0.14
2.76
4.84
1.93
2.14
06.08
5.46
5.25
8.78
11.06
8.98
9.60
15.62
12.51
11.68
17.28
14.17
12.51
17.69
16.03
14.17
19.35
18.52
16.03
19.97
20.38
17.07
19.56
22.25
18.31
19.56
24.53
19.97
18.52
25.36
20.59
17.69
23.70
21.01
17.07
21.21
21.21
17.07
18.52
20.18
16.65
14.17
18.93
15.82
13.34
11.06
9.60
8.36
6.29
4.84
4.42
2.56
0.90
0.69
-0.97
-2.83
-3.04
-4.08
-5.94
-5.94
-6.56
-8.22
-8.84
-8.84
-10.50
-11.33
-11.54
-12.78
-13.82
-14.23
-15.06
-15.89
-16.72
-17.14
-18.17
-16.51
-17.34
-15.06
-7.60
-10.09
-10.71
-2.63
-5.32
-7.60
0.07
-0.97
-4.49
0.28
2.56
-1.17
-0.76
5.25
1.73
0.07
4.22
4.22
4.22
4.22
4.22
4.22
4.22
4.22
4.22
4.22
4.22
4.22
4.22
4.22
4.22
4.22
4.22
4.22
4.22
4.22
4.22
4.22
4.22
4.22
4.22
4.22
4.22
4.22
4.22
4.22
4.22
4.22
4.22
4.22
4.22
4.22
4.22
4.22
4.22
23.49
19.14
15.62
20.59
19.35
15.62
17.90
17.90
15.20
13.75
11.47
10.02
8.15
06.08
4.84
3.59
1.52
0.28
-0.55
-2.42
-3.66
-3.87
-5.53
-6.77
-6.36
-7.60
-9.05
-8.84
-9.67
-11.33
-11.75
-12.37
-13.61
-14.44
-14.65
-15.89
-16.72
-17.14
-17.97
-18.38
-17.55
-18.17
-10.50
-9.47
-11.54
-6.77
-3.87
-7.19
-5.53
0.69
-3.04
-4.91
2.97
0.48
-2.63
1.93
2.97
0.07
1.52
3.80
1.31
1.31
5.67
06.08
4.84
06.08
11.68
9.81
8.78
14.17
13.54
11.06
14.37
15.20
12.30
14.37
16.86
13.54
14.79
19.14
15.41
16.03
21.42
17.28
16.86
23.08
18.73
16.45
22.87
20.18
17.28
23.29
22.04
17.90
21.63
23.08
18.31
18.93
22.87
18.31
16.45
22.25
18.31
14.99
19.97
17.69
14.79
12.09
10.02
8.98
6.70
05.04
04.01
2.56
0.48
-0.14
-1.38
-3.25
-3.66
-4.08
-5.94
-6.56
-6.36
-8.02
-9.05
-8.84
-10.09
-11.33
-11.54
-12.58
-13.82
-14.23
-15.06
-16.10
-16.93
-17.55
-18.59
-17.14
-17.76
-16.72
-7.81
-10.09
-11.75
-3.66
-4.91
-7.81
-1.59
-0.76
-4.28
-1.38
2.35
-1.38
-2.00
4.63
1.52
-0.76
2.14
3.18
0.90
1.31
3.18
2.35
2.35
4.84
9.40
7.32
7.95
14.58
11.47
10.43
16.45
14.17
12.30
16.86
16.24
13.96
17.28
18.31
14.99
17.69
20.18
16.03
17.28
20.80
16.45
16.24
22.66
18.52
16.65
23.70
19.97
16.45
23.29
21.21
16.86
21.21
22.04
17.48
18.10
22.04
17.69
15.62
20.18
17.48
14.37
11.47
9.81
8.15
8.15
8.15
8.15
8.15
8.15
8.15
8.15
8.15
8.15
8.15
8.15
8.15
8.15
8.15
8.15
8.15
8.15
8.15
8.15
8.15
8.15
8.15
8.15
8.15
8.15
8.15
8.15
8.15
8.15
8.15
8.15
8.15
8.15
8.15
-6.15
-7.60
0.28
-2.63
-5.32
1.11
0.90
-2.21
0.90
3.39
0.07
-0.76
4.63
2.14
0.28
1.93
4.42
2.35
2.97
6.91
5.46
5.87
8.36
12.30
10.64
11.68
17.90
14.58
13.75
19.35
16.65
14.58
18.93
16.86
14.37
18.10
17.28
14.58
18.93
19.35
15.82
20.59
20.38
16.65
20.18
22.66
18.10
19.35
23.70
18.93
17.90
23.70
19.14
16.24
23.08
19.35
15.62
20.18
18.93
15.41
13.34
11.06
9.60
7.32
5.67
4.42
2.76
0.90
0.48
-1.17
-3.04
-3.46
-4.28
-5.94
-6.36
-6.56
-8.43
-8.84
-9.05
-10.50
-11.54
-11.75
-13.20
-14.03
-14.65
-15.48
-16.31
-16.93
-17.76
-18.59
-19.00
-19.42
-14.44
-9.47
-11.75
-10.09
-3.66
-6.98
-8.02
0.07
-2.83
-5.74
1.52
0.69
-2.63
1.11
04.01
0.69
0.48
5.67
3.18
1.52
4.63
04.01
2.56
4.42
8.15
5.67
5.87
10.43
10.43
9.60
13.13
16.03
12.92
14.17
17.90
14.17
14.58
17.69
14.17
14.79
18.31
14.58
16.03
19.14
14.99
15.62
19.76
16.03
16.65
22.04
17.69
16.65
23.49
19.35
16.45
23.29
19.97
15.82
22.46
19.97
15.62
19.97
19.97
15.41
16.65
19.56
15.62
12.09
9.40
7.53
5.46
3.18
2.56
0.69
-1.17
-2.00
-3.25
-5.11
-5.32
-5.94
-7.60
-7.81
-8.02
-9.67
-10.30
-10.71
-11.95
-12.99
-13.61
-14.65
-15.48
-15.89
-16.93
-17.76
-18.38
-19.21
-13.20
-11.33
-13.61
-9.47
-5.74
-8.84
-7.60
-1.80
-5.32
-6.36
1.31
-2.21
-4.49
2.76
1.31
-1.59
3.18
04.01
0.90
1.73
1.73
1.73
1.73
1.73
1.73
1.73
1.73
1.73
1.73
1.73
1.73
1.73
1.73
1.73
1.73
1.73
1.73
1.73
1.73
1.73
1.73
1.73
1.73
1.73
1.73
1.73
1.73
1.73
1.73
1.73
1.73
1.73
1.73
1.73
1.73
1.73
1.73
1.73
1.73
1.73
1.73
1.73
1.73
1.73
1.73
1.73
1.73
1.73
1.73
1.73
1.73
1.73
1.73
1.73
1.73
1.73
1.73
1.73
1.73
1.73
1.73
-8.02
-9.05
-8.64
-10.09
-11.13
-11.33
-12.37
-13.61
-14.03
-15.06
-16.10
-16.72
-17.34
-18.38
-18.80
-19.42
-16.93
-9.88
-12.37
-12.16
-4.70
-7.60
-9.26
-1.17
-3.87
-6.77
0.07
-0.35
-3.87
0.28
3.18
-0.35
-0.14
5.46
2.35
0.90
5.46
04.01
2.76
6.29
8.57
06.08
6.91
12.30
10.02
8.98
14.79
13.34
11.47
15.41
14.79
12.30
15.41
15.41
12.51
16.24
14.17
11.89
16.03
15.41
12.92
17.69
16.86
13.75
19.35
19.35
15.62
19.76
21.42
17.07
19.14
22.25
17.69
17.48
22.46
17.69
15.82
22.04
17.69
14.37
20.38
17.69
13.75
11.68
10.02
7.74
5.46
4.22
2.56
0.69
-0.76
-1.38
-3.25
-4.28
-4.08
-5.74
-6.98
-6.56
-8.02
-9.26
-9.05
-10.30
-11.54
-11.95
-11.95
-11.95
-11.95
-11.95
-11.95
-11.95
-11.95
-11.95
-11.95
-11.95
-11.95
-11.95
-11.95
-11.95
-11.95
-11.95
-11.95
-11.95
-11.95
-11.95
-11.95
-11.95
-11.95
-11.95
-11.95
-11.95
-11.95
-11.95
-11.95
-11.95
-11.95
-11.95
-11.95
-11.95
-11.95
-11.95
-11.95
-11.95
-11.95
9.81
16.03
12.71
11.06
16.03
13.34
11.68
16.45
13.54
12.09
16.03
13.54
12.30
18.31
14.99
13.13
19.97
17.48
14.79
21.63
19.76
16.24
22.46
21.01
16.86
21.42
21.42
17.07
19.35
21.84
17.07
16.86
21.42
17.48
15.20
20.18
16.86
13.13
10.43
8.98
7.12
05.04
04.01
2.35
0.48
-0.35
-1.38
-3.25
-3.87
-4.08
-5.74
-6.56
-6.36
-8.02
-9.26
-9.05
-10.30
-11.54
-11.75
-12.58
-13.82
-14.23
-15.06
-16.10
-16.72
-17.55
-18.59
-18.38
-19.00
-15.89
-9.26
-11.75
-10.92
-3.46
-6.56
-8.22
0.07
-2.63
-5.74
0.90
0.90
-2.42
0.69
3.39
0.07
0.69
5.25
2.14
1.52
5.67
5.87
4.42
6.91
10.23
7.74
8.57
14.79
12.09
11.47
17.07
14.58
12.71
17.48
15.20
12.92
16.86
14.99
13.13
18.10
15.62
13.34
19.35
17.69
14.79
20.80
20.18
16.65
22.04
22.25
18.31
21.21
23.08
18.73
19.35
23.70
18.73
17.28
22.25
18.52
15.20
19.97
18.31
14.58
18.52
18.73
14.58
11.68
9.81
7.74
5.46
4.22
3.18
1.11
-0.14
-0.35
-2.21
-3.46
-3.25
-4.70
-6.15
-5.94
-7.19
-8.84
-8.84
-9.88
-11.33
-11.75
-12.37
-13.82
-14.23
-15.06
-15.89
-16.72
-17.34
-18.17
-14.23
-15.69
-14.44
-6.56
-9.26
-10.09
-2.21
-4.91
-7.39
0.48
-0.97
-4.28
0.90
1.93
-1.59
-0.35
04.01
0.69
-0.14
04.01
2.35
1.31
4.84
6.29
4.42
5.46
11.26
8.78
8.15
14.37
12.51
11.26
16.24
15.20
12.71
16.65
15.41
13.13
17.69
16.03
13.34
18.10
17.48