0.43
-2.91
1.89
3.77
0.22
2.10
06.07
3.56
2.94
8.15
7.74
06.07
7.95
13.16
9.82
9.82
15.67
12.12
11.29
16.09
12.75
11.70
15.88
13.58
13.58
13.58
13.58
13.58
13.58
13.58
13.58
13.58
13.58
13.58
13.58
13.58
13.58
13.58
13.58
13.58
13.58
13.58
13.58
13.58
23.18
18.59
17.55
22.97
18.80
16.09
20.47
18.59
15.67
17.96
17.13
14.42
11.29
9.82
8.15
5.65
4.61
3.56
1.48
0.22
-0.40
-2.28
-3.53
-3.53
-5.20
-6.25
-6.25
-7.71
-8.96
-9.17
-10.00
-11.25
-11.88
-12.51
-13.55
-14.38
-15.01
-15.64
-16.47
-17.10
-15.64
-9.58
-12.30
-13.13
-5.41
-7.92
-10.21
-3.11
-4.16
-7.08
-2.70
-0.19
-4.16
-2.70
3.15
-0.61
-1.86
4.40
2.73
0.43
4.61
7.11
3.98
4.82
10.87
10.03
8.57
10.87
15.25
11.70
12.12
17.34
13.58
12.54
16.50
13.16
12.12
16.71
14.42
13.16
17.96
16.50
14.42
19.22
19.01
16.71
20.68
21.51
18.80
20.89
24.22
19.63
19.42
24.85
20.26
17.55
23.81
20.05
16.50
20.47
20.89
16.92
18.80
20.26
20.26
20.26
20.26
20.26
20.26
20.26
20.26
20.26
20.26
20.26
20.26
20.26
20.26
20.26
-1.03
-2.49
-2.28
-3.95
-5.41
-5.62
-6.45
-7.92
-8.54
-9.38
-10.42
-11.25
-11.88
-12.92
-13.76
-14.38
-15.22
-15.85
-16.68
-17.31
-10.42
-11.05
-13.13
-7.92
-6.45
-9.38
-6.66
-2.28
-6.04
-6.25
01.06
-2.91
-5.20
2.31
0.85
-2.28
2.31
4.61
01.06
0.85
7.32
4.61
3.15
5.86
10.87
7.53
7.11
13.37
11.49
10.45
14.42
14.42
11.91
14.42
14.83
11.91
13.16
16.29
13.79
14.62
18.38
15.67
15.88
21.51
17.96
16.50
22.97
20.47
17.76
23.18
22.14
18.59
21.30
23.39
18.80
18.38
23.39
18.80
16.29
22.35
18.80
15.88
17.76
19.63
16.29
16.29
18.80
16.09
13.37
10.66
9.62
7.95
5.65
4.82
4.19
1.89
0.64
0.43
-1.45
-2.91
-3.11
-4.58
-6.04
-6.25
-6.25
-6.25
-6.25
-6.25
-6.25
-6.25
-6.25
-6.25
-6.25
-6.25
-6.25
-6.25
-6.25
-6.25
-6.25
-6.25
-6.25
-6.25
-6.25
-6.25
-7.92
-1.45
-5.41
-6.87
0.85
-2.07
-4.78
1.69
2.31
-1.24
1.69
5.86
2.10
1.27
7.53
06.07
3.98
5.65
11.70
8.36
7.95
13.37
12.12
10.87
14.21
14.62
11.70
13.37
16.09
12.95
14.00
16.92
13.79
13.58
19.22
16.29
15.88
21.72
18.38
16.50
22.35
20.68
17.76
21.93
22.56
18.38
20.05
23.39
18.38
17.55
23.18
18.59
15.46
21.72
19.01
15.88
17.76
19.42
16.09
16.29
17.96
15.25
12.54
9.82
8.78
7.11
4.82
3.77
3.15
01.06
-0.19
-0.19
-2.07
-3.53
-3.74
-5.20
-6.45
-6.66
-7.71
-9.17
-9.58
-10.42
-11.67
-12.30
-13.13
-13.97
-14.80
-15.22
-16.05
-16.89
-17.31
-18.14
-10.84
-10.63
-12.72
-8.12
-5.62
-8.75
-7.29
-1.24
-5.41
-6.45
1.48
-1.86
-4.16
2.73
2.31
-0.82
2.73
5.65
2.10
1.89
8.15
6.49
4.61
7.11
11.91
8.99
8.99
15.46
12.54
11.29
15.88
14.42
12.54
16.29
15.46
13.16
16.29
16.71
14.42
16.71
19.84
16.92
18.17
22.76
19.01
18.17
24.22
20.05
18.17
24.64
21.51
18.17
23.39
22.35
18.17
20.47
22.76
18.17
17.76
22.56
18.38
16.09
21.09
18.38
15.46
18.17
17.34
14.62
11.70
9.41
8.57
6.49
4.40
3.77
2.52
0.43
-0.40
-1.24
-3.11
-3.95
-4.16
-5.83
-6.66
-6.66
-8.12
-9.38
-9.58
-10.63
-11.88
-12.09
-13.13
-14.18
-14.59
-15.43
-16.26
-17.10
-17.52
-16.89
-9.17
-11.25
-12.92
-4.99
-6.66
-9.17
-3.53
-2.49
-6.04
-2.91
1.69
-2.49
-2.49
4.82
01.06
-1.03
5.23
5.23
5.23
5.23
5.23
5.23
5.23
5.23
5.23
5.23
5.23
5.23
5.23
5.23
5.23
5.23
5.23
5.23
5.23
5.23
5.23
5.23
5.23
5.23
5.23
5.23
5.23
5.23
5.23
5.23
5.23
5.23
5.23
5.23
5.23
5.23
5.23
5.23
5.23
5.23
20.47
16.71
20.89
21.09
16.92
17.76
21.51
17.55
16.29
19.22
16.50
13.58
10.87
8.99
7.74
5.44
3.77
2.94
01.06
-0.61
-1.03
-2.49
-4.16
-4.16
-5.20
-6.87
-6.87
-7.50
-8.96
-9.79
-10.21
-11.67
-12.51
-12.72
-13.76
-14.80
-15.22
-16.05
-16.89
-17.52
-18.14
-13.13
-10.42
-12.72
-10.00
-4.99
-8.33
-8.54
-1.03
-4.78
-7.08
0.85
-1.03
-4.16
0.85
3.56
-0.40
-0.19
06.07
3.35
1.48
06.07
7.32
05.02
6.28
12.95
10.66
9.62
13.79
14.00
11.49
13.58
16.09
12.54
13.16
16.50
13.16
12.75
17.13
14.00
13.16
17.96
15.46
14.62
19.84
18.17
16.50
21.72
20.89
17.76
21.72
22.76
18.80
20.89
24.43
19.42
18.59
24.43
19.63
16.71
22.76
19.84
16.09
20.47
20.26
16.50
17.96
18.17
15.25
12.33
9.82
8.36
6.69
4.40
3.35
2.10
0.22
-0.82
-1.24
-3.11
-4.16
-3.95
-5.41
-6.87
-6.66
-7.92
-9.38
-9.79
-10.42
-11.88
-12.30
-13.13
-13.97
-14.80
-15.43
-16.47
-17.31
-17.93
-17.93
-10.21
-11.46
-13.34
-6.25
-6.25
-9.17
-4.99
-1.86
-5.83
-4.78
1.69
-2.28
-3.74
3.77
1.27
-1.24
3.56
05.02
1.48
1.48
06.07
5.65
3.98
6.49
10.03
7.32
7.32
13.16
11.29
10.24
14.42
13.58
11.29
14.21
14.62
11.91
13.79
15.88
12.54
13.16
16.71
13.58
14.21
19.42
16.50
15.67
21.72
18.38
16.09
21.93
20.68
17.34
22.14
22.35
18.17
20.47
23.39
18.59
17.55
23.39
18.59
15.46
21.51
19.22
15.88
18.17
16.09
13.58
10.66
10.66
10.66
10.66
10.66
10.66
10.66
10.66
10.66
10.66
10.66
10.66
10.66
10.66
10.66
10.66
10.66
10.66
10.66
10.66
10.66
10.66
10.66
10.66
10.66
10.66
10.66
10.66
10.66
10.66
10.66
10.66
10.66
10.66
10.66
-9.79
-2.28
-3.53
-6.87
-1.86
0.43
-3.53
-1.45
4.19
0.43
-0.61
5.23
3.15
0.85
4.40
6.90
3.56
3.56
6.69
8.36
7.32
9.82
15.04
11.70
12.12
17.96
15.04
14.00
17.76
16.92
14.83
16.92
17.76
15.25
17.34
18.17
15.46
17.96
18.59
15.46
17.34
20.26
17.13
19.22
22.97
18.80
18.59
24.64
20.26
17.76
24.64
20.47
16.71
22.76
20.68
16.50
20.26
20.89
16.71
17.76
19.42
16.09
12.75
10.24
8.99
6.90
05.02
3.98
2.52
0.64
-0.19
-1.03
-3.11
-3.74
-4.16
-5.83
-6.87
-6.87
-8.33
-9.38
-9.79
-10.84
-12.09
-12.51
-13.34
-14.38
-15.01
-15.64
-16.47
-17.31
-17.93
-15.43
-9.79
-12.30
-12.51
-4.78
-8.12
-10.00
-2.28
-4.58
-7.50
-1.45
-0.61
-4.37
-1.03
3.56
-0.61
-1.03
6.69
3.35
01.06
5.23
7.11
3.98
5.23
8.99
6.90
6.49
11.70
12.75
10.45
12.75
16.92
12.95
12.75
17.96
14.21
13.58
18.17
14.83
14.21
17.76
14.21
14.00
16.92
14.42
14.21
19.42
16.50
15.46
21.30
18.38
16.50
23.39
20.26
17.13
23.39
21.30
17.34
21.51
21.30
16.92
19.22
21.51
16.92
16.92
21.51
17.55
14.00
11.70
10.24
8.36
6.49
5.44
3.98
1.89
1.27
0.02
-1.86
-2.70
-3.11
-4.99
-5.83
-5.83
-7.29
-8.54
-8.54
-10.00
-11.05
-11.46
-12.51
-13.55
-14.18
-15.01
-15.85
-16.26
-17.10
-17.93
-15.01
-16.47
-13.97
-8.33
-11.05
-11.05
-3.95
-7.08
-9.17
-1.24
-3.53
-6.66
-0.40
0.22
-3.32
0.22
4.19
0.22
0.85
6.69
6.69
6.69
6.69
6.69
6.69
6.69
6.69
6.69
6.69
6.69
6.69
6.69
6.69
6.69
6.69
6.69
6.69
6.69
6.69
6.69
6.69
6.69
6.69
6.69
6.69
6.69
6.69
6.69
6.69
6.69
6.69
6.69
6.69
6.69
6.69
6.69
6.69
6.69
6.69
6.69
6.69
6.69
6.69
6.69
6.69
6.69
6.69
6.69
6.69
6.69
6.69
6.69
6.69
6.69
6.69
6.69
6.69
6.69
6.69
6.69
6.69
-6.87
-6.66
-7.92
-9.17
-9.58
-10.42
-11.67
-12.09
-12.92
-13.97
-14.80
-15.43
-16.26
-17.10
-17.52
-17.52
-10.63
-13.13
-14.38
-6.87
-8.96
-11.25
-4.37
-5.20
-8.33
-3.32
-1.65
-5.41
-2.70
2.10
-2.07
-2.28
5.23
1.69
-0.61
5.23
5.44
2.73
5.86
9.20
06.07
6.28
12.75
10.66
9.41
13.79
13.79
11.49
13.79
15.04
11.91
13.58
13.79
11.08
12.33
13.79
11.91
14.62
15.04
12.54
15.25
17.13
14.83
17.55
19.63
16.71
18.80
22.35
18.38
18.59
23.81
19.01
17.13
23.60
19.22
15.67
22.35
19.01
15.04
20.05
19.42
15.04
18.38
17.55
13.79
10.66
8.57
7.11
4.61
3.15
2.10
0.22
-1.24
-1.24
-2.91
-4.37
-4.16
-5.62
-7.08
-7.08
-7.92
-9.58
-9.79
-10.63
-10.63
-10.63
-10.63
-10.63
-10.63
-10.63
-10.63
-10.63
-10.63
-10.63
-10.63
-10.63
-10.63
-10.63
-10.63
-10.63
-10.63
-10.63
-10.63
-10.63
-10.63
-10.63
-10.63
-10.63
-10.63
-10.63
-10.63
-10.63
-10.63
-10.63
-10.63
-10.63
-10.63
-10.63
-10.63
-10.63
-10.63
-10.63
-10.63
14.83
12.54
10.87
14.62
13.16
11.08
14.21
12.33
11.08
14.00
13.37
12.12
15.67
14.62
13.16
18.59
17.55
15.25
20.26
20.26
17.13
21.30
22.35
18.38
20.68
23.18
18.59
18.59
23.39
18.38
16.50
22.35
18.17
14.83
20.89
19.01
15.04
16.71
14.21
11.49
9.20
7.74
6.28
4.19
2.94
2.10
0.22
-0.82
-1.03
-2.91
-4.16
-3.74
-5.41
-7.08
-6.87
-8.12
-9.38
-9.79
-10.63
-11.88
-12.30
-13.13
-14.18
-14.80
-15.43
-16.47
-17.10
-17.93
-17.31
-10.00
-12.09
-13.13
-5.62
-7.71
-10.00
-2.91
-3.95
-7.08
-1.86
-0.19
-3.95
-1.86
3.77
-0.40
-1.24
5.23
3.15
1.27
6.69
6.90
4.19
5.44
11.08
8.15
7.95
14.42
12.12
11.08
15.25
14.21
12.12
15.04
14.00
11.70
14.21
14.42
12.75
15.25
15.04
13.58
17.34
17.34
15.25
19.22
20.47
17.34
20.47
23.18
19.42
20.68
24.64
20.26
19.22
24.85
20.26
16.92
23.39
20.26
16.29
21.93
20.47
16.29
19.42
20.26
16.71
13.58
12.12
10.87
8.57
7.32
6.69
4.61
3.15
2.73
01.06
-0.61
-0.40
-2.07
-3.74
-3.74
-4.78
-6.45
-6.87
-7.71
-9.17
-9.79
-10.21
-11.67
-12.30
-12.92
-13.97
-14.80
-15.22
-16.26
-16.89
-17.31
-17.10
-9.38
-11.05
-12.51
-4.99
-6.45
-8.96
-2.91
-2.49
-5.83
-2.07
1.27
-2.91
-1.65
4.61
0.43
-1.03
5.23
4.19
1.69
4.82
7.74
05.02
5.44
12.12
9.62
8.78
13.37
12.75
10.66
14.00
14.00
11.49
13.37
14.62
12.54
14.83
15.25
13.37
16.09
16.71
14.62